74,63,97,10,97,-81,-41,-8,-32,-56,-81,78,-27,-87,-36,-70,-96,-16,-8,-34,53,62,-40,29,99,-30,-40,-98,73,23,-95,11,-49,79,40,50,-49,57,-66,-25,-82,50,82,-59,73,4,42,-11,-83,-91,-96,-58,-48,47,-29,-18,29,62,-61,-33,1,-41,-45,2,-16,98,63,85,-67,16,25,56,59,62,-55,-50,-26,20,-70,-98,20,-87,-84,-70,-92,-35,-87,92,76,99,57,82,50,35,-12,4,-40,-89,50,-65,-100
64,-72,-91,36,74,61,-26,42,67,84,-80,-45,-12,48,-44,53,47,-65,79,-49,-73,57,-1,54,-99,-74,17,87,66,25,70,38,-36,76,95,39,-73,-98,56,100,-75,6,17,42,26,-32,-10,43,-21,74,98,9,-5,78,-35,-19,11,-85,-15,-23,-85,-15,74,-12,25,77,-31,-33,-60,32,-47,-70,-33,-74,-96,-77,81,-46,58,-79,-63,30,-21,-62,-81,67,-90,-83,-50,-72,-37,23,-78,-52,67,88,-64,30,31,76,-80
-8,13,-32,22,-75,-95,63,-49,-2,-6,-70,-60,-1,10,-59,-10,-63,-7,88,1,10,-74,14,-11,-10,69,16,26,26,-8,-25,46,-42,-52,-56,-23,23,-96,95,-38,56,93,-22,-29,-5,95,-50,67,47,-100,-68,-25,12,-44,-95,-9,53,41,-80,36,-21,96,70,-92,-46,37,46,49,27,-91,54,-64,16,32,-95,3,93,23,-44,-11,12,-48,-24,58,32,13,52,33,-50,-53,-37,-35,-83,70,-30,-37,73,-41,40,-80,77
-34,-57,-92,64,-43,-26,-7,-1,79,7,74,-24,-13,78,-95,-92,-55,29,-99,42,83,33,97,51,-5,18,-69,32,11,-83,63,-99,4,-86,44,-52,50,-31,90,-28,-37,36,-38,40,-89,63,-29,-16,89,-66,68,-48,-17,51,-10,-60,3,78,-11,39,-30,3,57,-80,35,30,-50,-52,58,13,20,-52,40,19,98,34,-24,-97,30,2,-99,-42,-21,-62,-21,77,94,27,-87,18,85,-8,-20,-2,99,78,-86,-38,56,22,56
-77,-51,4,-86,-98,2,86,85,16,2,-14,38,51,-59,-98,76,-84,34,92,37,-85,-83,4,-56,45,-20,-45,85,68,74,44,-8,-30,41,-42,-64,25,-76,52,1,34,35,-83,-12,66,-51,1,-64,-78,-55,-85,24,-22,20,-54,44,4,-77,-78,28,-100,61,5,-89,83,-21,22,-91,-4,-48,-86,29,27,72,-52,71,81,-25,81,-7,-86,-64,70,43,-24,43,-66,-63,4,66,52,-36,-63,-54,90,-15,-47,29,18,-85,-44
97,55,74,-66,-73,-81,-68,-65,26,84,-29,1,9,19,-30,69,-98,25,37,71,-86,-98,33,11,-43,35,19,60,-28,90,-65,-60,-11,27,47,-77,-73,64,-54,-95,-53,6,22,1,-62,-47,7,-64,77,-29,-65,-100,-61,-69,-19,79,-82,-62,74,7,62,82,-38,71,-69,-42,-67,-31,-4,-46,-28,-74,-73,-48,29,-97,10,70,-11,49,-13,47,58,-52,-48,97,-3,-71,-47,21,-10,-49,80,-81,-58,-50,-88,-71,47,-23,5
44,98,11,-79,-51,-73,-14,-6,95,-32,-74,-76,49,-9,3,-97,95,25,72,-57,-18,-31,80,-33,-21,-51,-28,49,-89,19,94,12,17,-13,86,78,-80,57,-13,-18,-86,-31,45,-83,-91,-66,76,65,-16,100,-25,0,66,-36,21,-3,6,74,-25,42,83,-88,-68,-53,-4,72,-67,82,34,-8,-34,-41,95,28,-2,-35,-6,-54,34,40,-30,-50,95,-99,-61,-84,-33,-35,1,90,-21,-20,-62,-95,44,39,-46,-93,88,72,-97
-36,96,-55,-50,-77,7,-15,28,93,-12,10,-86,52,-100,33,-36,-92,-28,100,-70,-99,3,14,-10,-100,44,-35,-95,-37,-92,31,-7,6,98,-65,-46,5,-31,74,-19,75,-95,-15,-67,-100,81,67,20,-94,-81,35,-59,-31,-33,-70,56,85,57,-44,83,49,-47,-49,16,-18,-93,86,-17,-46,-26,95,-93,98,14,-68,-45,5,67,14,65,-67,43,39,-98,99,-62,51,-59,25,-60,-73,15,-34,-18,-90,-43,60,-63,-81,78,-36
-6,96,-25,-5,87,80,-1,-40,28,6,48,-78,94,54,-6,-39,29,0,-91,18,81,-12,-5,69,11,-16,-78,43,-15,-21,-34,84,4,77,97,0,80,-39,87,-22,-55,-25,-25,62,32,-72,-6,66,100,-23,-85,-21,-65,-85,-29,-47,45,-67,53,86,-71,64,3,97,46,63,2,-57,-91,-36,33,81,82,-49,-24,-72,-31,-8,-95,90,-58,-73,97,-67,94,94,31,-100,-42,-26,78,-100,99,64,-39,-85,44,79,-59,30,9
27,8,33,75,-27,-99,-91,-29,-62,55,34,-61,81,-91,-74,90,2,-79,-51,-79,-63,-69,-22,96,-17,16,5,19,-87,-69,-36,6,56,56,99,-88,-78,-54,22,-17,31,29,-18,-38,-88,91,-50,37,61,46,-80,36,58,18,26,-66,-30,56,96,-60,63,-91,9,-6,79,-6,-24,32,-2,12,87,-45,57,5,-73,-22,89,68,-19,67,-35,17,-42,48,-93,36,-76,-37,21,-45,57,-88,-34,30,3,-12,87,86,-11,-32,-62
30,24,-93,-46,-42,8,83,-31,-92,-64,-42,-40,-61,51,-26,-92,93,-30,9,-52,-81,-35,-49,20,-19,-71,20,78,24,-68,-67,64,-87,64,54,-47,-5,72,-71,32,33,65,57,55,-95,-26,-68,-20,97,20,-98,-43,-26,-93,49,-72,-12,77,-99,-24,-16,-31,73,35,-74,75,-25,3,93,-78,-53,-69,26,-12,-16,27,-85,-12,-31,80,-16,83,-21,48,70,-90,-100,83,-69,-27,-37,-1,-6,41,52,-32,22,-96,-84,41,-71
98,51,75,-89,100,23,87,-39,-86,37,-18,-34,-86,0,58,4,33,-3,-90,-26,-30,72,31,-18,-17,-39,-69,50,-99,21,-18,86,43,-15,-46,-88,-91,10,23,79,-66,68,-68,-24,-40,90,15,-47,59,64,67,-61,51,87,57,29,-34,48,-63,15,59,73,62,94,68,-69,-57,-45,-14,-3,-71,38,29,-99,-24,84,25,-46,-80,-3,-77,-16,-51,57,43,89,-20,91,33,-62,81,19,-46,61,17,32,50,-69,-8,-73,71
-2,-85,-69,-9,66,-36,93,-39,-79,24,-1,-6,9,13,9,-67,-76,61,-54,-87,17,-46,32,-17,-9,81,44,-57,-94,34,77,-25,34,47,-42,5,-89,-74,71,34,-56,-96,-41,-52,-43,37,83,97,75,8,94,94,-57,41,76,53,-23,52,10,45,78,-30,-25,-10,-62,17,50,19,79,82,5,-77,-59,-29,-86,39,-39,-12,88,-54,-54,-17,-49,74,50,-34,-76,18,65,-98,53,8,72,44,28,43,-29,61,6,65,-42
72,34,37,-13,-57,49,5,45,-21,-92,57,-16,45,-93,61,0,95,-6,87,-90,93,-14,-36,46,10,13,23,-40,-2,-46,-69,-72,-41,-19,-83,9,-86,-34,98,-31,82,76,-47,28,-100,48,64,-90,-41,35,-41,-76,-100,9,52,19,48,-3,98,17,60,-8,88,86,-89,-55,-84,53,52,-7,-65,99,26,-51,51,33,53,-13,78,-9,23,7,15,-36,95,5,52,-40,-29,57,-48,81,71,-55,24,68,45,6,-13,-14,-60
100,75,-22,-89,-83,9,59,-52,-58,73,69,65,94,55,14,56,34,-19,100,79,-73,-67,44,54,-72,-40,-53,-84,22,-73,-72,53,-4,-69,-100,-11,93,-34,-50,-4,84,-40,-73,93,46,17,-71,70,-99,64,62,36,-99,22,23,-95,-53,-93,-47,-55,75,91,-2,-23,91,-58,3,-83,-74,-64,-19,68,-6,72,57,85,-89,-88,-47,-75,-62,-48,-23,-92,82,43,60,66,61,-52,-63,60,50,87,65,-10,-41,89,0,20,-54
21,-38,-87,42,-75,-73,30,26,-36,-27,63,20,-55,31,26,87,89,-77,-16,8,9,-6,38,-68,34,-17,81,43,-64,37,5,77,-85,-5,55,-75,-93,-80,-4,-2,79,39,-81,-83,29,44,-96,-86,36,43,-38,-73,75,-32,-68,-48,-43,11,-66,-4,89,64,-24,-26,82,-24,-89,88,-49,-93,-89,6,8,-72,13,2,12,59,31,-11,-57,41,89,61,8,-43,79,-69,33,-33,94,29,51,-6,55,-91,-74,-61,-88,32,-79
7,-49,19,-85,-18,83,-99,43,-21,98,65,-85,-94,21,84,37,63,-89,41,71,100,-34,-40,92,10,29,-89,-21,-19,-7,27,-67,-71,28,23,-75,5,-78,98,-96,46,-19,95,2,-54,3,-20,-34,-1,59,-27,-25,29,61,-82,-21,-94,53,-39,95,-68,-17,35,27,7,-84,33,96,57,47,79,-18,-50,-99,98,-70,31,23,-23,-91,-32,16,88,12,-4,61,-29,63,80,54,88,-83,74,77,-69,50,64,-87,23,84,-59
100,-66,-81,-47,54,71,17,-15,-60,26,83,98,-17,-20,53,-31,84,60,90,-17,37,94,51,94,84,16,-71,-47,-48,-6,-11,26,33,2,12,43,77,-31,49,2,-49,-29,-64,-34,-59,-66,26,18,75,53,-72,-17,24,66,-95,92,95,38,-97,44,-20,-69,12,93,-96,29,-49,80,51,-72,-5,42,-95,-10,78,55,70,29,-73,8,-76,-3,34,-48,19,-36,-50,-78,8,-17,27,-10,63,89,47,33,0,95,-2,64,17
-27,77,4,-16,-59,69,-75,-48,34,-46,83,-56,20,37,62,-9,-95,-61,-65,-29,27,54,70,-52,31,-35,82,-2,99,-91,13,45,87,-55,54,74,-89,-45,88,54,-70,-34,-1,23,-92,-39,-86,72,85,80,13,-69,-55,-97,-39,100,26,-25,52,-14,-45,13,76,-90,0,98,61,68,-98,-16,-42,57,-55,38,-54,-6,-9,69,63,-83,-56,-51,53,52,55,42,1,-79,63,-11,44,-25,-10,-95,-100,-8,-69,99,93,54,-76
22,-36,99,41,-94,-56,-62,11,-40,32,-14,-61,48,28,-89,54,-63,47,-79,7,5,-45,17,-66,-53,-16,71,-45,16,-75,13,2,65,84,14,96,44,-70,9,27,37,13,-31,14,50,-35,-83,-66,52,7,-30,51,-93,-65,-71,68,31,-52,-96,83,34,7,61,-95,59,12,-48,-95,-77,50,11,-79,-64,14,27,50,66,-98,86,14,-84,-12,47,-82,12,95,-88,-89,-23,14,-6,-64,56,11,1,-76,-17,-85,-80,58,33
-53,-66,-42,62,-44,-23,3,-92,-28,18,35,-100,-16,-37,-95,28,66,95,29,-99,9,8,81,-98,-99,-2,-30,94,-59,63,92,-82,96,-13,45,19,-24,-73,-75,-53,86,-18,-38,-39,86,-86,31,-37,-27,43,73,-12,74,-89,62,-57,-29,-87,-6,-30,41,35,23,-45,-5,-71,-50,-80,12,-91,-100,-37,-14,78,9,-94,33,41,33,-28,-11,-53,-51,17,65,-8,-16,22,-68,46,-81,0,21,36,59,77,10,71,40,-44,32
-35,23,-31,-49,-100,-12,91,4,-5,45,99,96,36,20,32,-89,-67,-14,78,-21,30,52,69,77,97,-53,82,-5,-32,19,-74,7,-27,10,27,39,-25,-14,-9,-18,86,36,90,-46,6,-39,94,-81,-89,-70,14,-9,73,57,-94,52,-86,26,65,78,77,-83,-84,-5,87,-61,-61,26,-45,69,83,-98,-7,69,80,-38,0,81,43,-42,-17,-52,-31,37,-71,-97,-81,30,-39,-66,34,-81,-64,48,-62,-4,48,81,21,20,-45
39,-4,-16,-14,75,16,99,-13,-53,50,-40,88,57,88,-19,42,60,-65,24,32,-79,-79,-59,16,-90,91,25,20,-9,-89,-65,-94,52,37,31,94,81,-72,-99,-51,-52,19,-20,-54,87,0,-44,61,3,96,25,84,-35,-6,-100,10,97,26,-30,-5,-18,-98,-5,9,-69,61,34,12,90,-60,-62,97,15,56,-71,26,-83,3,-15,-100,-78,-73,59,31,-56,-60,67,46,-98,-53,-3,82,-51,-35,100,-61,-95,11,-61,85,92
-47,16,36,39,-32,-26,73,29,6,23,-59,32,96,-79,98,-31,15,14,-5,-97,-32,-3,-41,19,-33,94,5,85,-46,78,8,99,-9,-52,-16,69,-45,46,48,6,40,53,8,18,-90,-73,-65,54,-22,20,34,72,43,2,-39,-5,-51,72,99,-27,-56,7,46,-9,7,99,-44,-12,-11,22,11,-71,71,69,99,-22,10,-91,1,85,39,9,80,97,-82,68,-82,22,-22,-72,-53,-85,-88,-6,10,-13,-40,-65,24,-57,22
-11,-90,-24,-80,-47,93,-34,-23,99,-74,88,2,-11,-63,10,-62,70,100,54,-97,-31,34,71,63,1,32,-86,85,-26,10,0,-71,48,-94,67,6,28,69,-15,-21,-45,78,34,-9,19,-47,77,-53,-40,-45,-78,-96,-61,66,-53,-51,15,-58,-74,23,-73,-12,-22,14,45,44,-61,-97,63,80,-51,-85,48,1,-24,-85,19,-71,-86,63,65,-96,24,-82,-18,-30,7,-71,48,88,92,93,73,-74,21,95,23,-51,10,27,-35
-82,86,-76,-57,-38,-49,-33,98,33,-31,-85,-55,100,-17,98,-35,37,22,-20,-68,-67,-12,-82,57,-73,22,65,-62,82,-42,21,62,52,73,-13,99,20,64,-93,-72,-100,-38,-4,-18,-99,51,-52,87,76,-92,-6,-26,12,58,77,62,-30,32,-49,-99,-91,-46,-96,-9,-3,82,100,30,-68,-44,-31,-100,10,-38,20,-46,22,63,-45,-89,-24,-13,47,98,46,96,94,67,-67,5,59,-1,71,29,69,-54,31,31,73,9,-74
-31,-31,8,-82,12,-25,-16,-62,-14,-42,-63,61,-50,45,-87,-6,-83,90,23,6,52,12,66,-7,79,10,56,61,23,-3,-59,68,20,16,87,70,43,-10,70,-72,-64,-6,63,49,89,48,-51,89,-10,58,85,76,-21,-92,36,-47,-41,58,45,97,18,57,-61,94,-74,-78,14,-28,-28,37,2,-60,37,-39,37,-52,-28,-3,-95,-87,33,-60,-21,-61,64,-33,-51,-71,3,-65,56,-52,-57,83,69,-100,-70,87,64,-21,-61
96,-26,98,9,8,12,21,37,-11,34,89,29,42,93,-14,86,-63,63,71,86,77,-70,-91,68,51,-34,-59,87,-65,86,31,91,-76,91,73,-11,91,-5,-56,44,-66,22,53,78,71,66,91,25,96,35,-29,61,29,92,-26,70,-4,64,52,89,78,-48,83,11,-23,44,-53,-21,-31,-61,-3,-16,83,9,100,-51,-100,-3,-21,-86,68,5,55,-83,6,45,61,1,-99,90,22,-2,-99,80,-45,96,4,-89,-28,-29,63
-54,-33,-40,84,80,-4,0,-21,-33,94,19,-4,34,8,56,43,56,68,-69,-100,-73,50,-1,72,77,-11,-8,19,92,-93,58,12,75,-49,-85,69,36,68,-47,-80,60,-53,-72,24,0,83,73,35,86,52,-52,24,-81,-2,32,-16,16,-45,-85,-47,24,58,93,29,-8,-74,-57,-46,74,14,-5,-97,4,-55,65,-98,-12,-66,-22,-77,-43,-38,-88,49,8,45,79,-79,50,25,-75,-29,-37,-79,-52,-95,-7,27,-92,43,18
60,-56,-68,33,-23,-41,46,-77,-44,-99,-62,58,60,-57,89,95,52,59,53,-11,-95,26,-41,16,-28,-49,-7,89,28,78,93,87,-56,11,7,20,-76,-32,-13,-74,-57,-97,79,-49,-11,-92,-47,63,-12,58,96,12,-95,-74,-59,86,55,98,43,-94,71,76,-96,-21,-83,-34,-67,2,-82,3,19,37,-80,-98,-53,-14,11,-34,-51,6,-35,-23,28,3,20,-42,-45,73,87,14,60,89,-69,66,-58,57,80,-38,60,-29,96
86,-56,64,38,40,77,-2,-90,54,-48,-15,74,69,35,-8,-13,-65,-78,-52,-51,-68,-36,-61,-43,82,-43,94,-30,16,-5,-14,16,-33,3,-4,-83,29,-90,95,-97,66,-84,27,-47,8,97,-55,16,59,44,-2,-90,7,33,34,69,59,50,81,20,8,-12,4,-8,-10,-77,4,99,87,-36,75,88,-50,66,-19,-97,71,-42,91,97,34,59,48,-40,-98,85,25,39,-60,-8,-100,75,-78,3,60,81,-56,-82,32,-88,-14
5,4,73,-54,-47,-91,67,-87,83,81,24,23,7,-45,-13,24,-5,-75,10,-34,87,30,68,-10,-15,79,-39,6,-54,-89,25,-27,49,-80,71,-49,-1,49,-82,42,-56,-68,-65,69,39,14,-60,-72,92,13,-73,28,16,79,-27,-46,-31,38,-49,-63,-90,28,14,84,-66,54,45,9,-21,89,0,57,-51,44,52,-67,-64,99,78,81,-70,76,83,88,-90,-38,-11,52,-8,-2,20,-49,-60,50,80,27,-43,-92,19,89,-4
-96,-77,-21,70,62,-92,-70,43,49,-81,99,34,-65,-66,-84,-78,-28,34,5,66,30,4,19,-14,-14,-67,-84,-40,81,98,73,-95,10,65,7,-40,-7,-94,-54,-53,95,-96,43,22,51,-84,-44,5,-66,78,12,-74,55,40,30,-73,-65,-92,-84,-37,-77,8,68,98,2,88,79,-59,10,-63,87,-34,-19,20,30,66,-75,-93,3,98,-9,-41,98,-81,-26,5,-66,58,82,-61,-25,95,-55,95,87,-34,80,42,48,-17,-4
9,-64,-61,-61,92,-62,15,-62,33,-23,-56,100,-49,94,57,-28,49,43,25,-30,-58,70,-39,32,71,-87,-34,58,-66,35,38,58,65,-79,-30,-60,71,64,35,-57,-61,40,0,33,-100,61,-60,24,-14,97,93,8,43,-15,99,29,61,2,-8,77,4,-100,51,-44,-50,63,-97,-68,29,-55,-43,-21,-38,30,69,83,56,53,34,-41,-22,81,82,66,48,-16,16,-55,3,73,78,-58,66,-24,2,-64,0,4,-100,-8,-43
0,74,-79,79,-2,-76,-65,79,-21,-13,-81,42,60,-87,30,-4,-28,97,33,83,-92,-39,27,82,30,100,-53,40,-76,52,-48,-51,-4,-87,-14,27,95,-13,81,-50,32,96,10,35,-40,38,-81,-51,-49,-17,48,-66,60,21,-81,-48,77,60,48,-20,56,46,-73,28,-63,-86,69,93,48,-51,-47,-41,98,-68,-42,-3,19,-9,-24,-84,65,75,52,-99,-78,45,-86,-6,9,78,-73,-33,9,-69,-99,-77,-71,47,54,-83,83
-69,53,51,-33,15,82,24,-50,-32,-48,-80,31,-46,28,-57,47,-94,30,-7,31,25,-97,-14,-10,91,-73,11,60,28,-52,100,49,88,75,66,-15,5,33,17,42,-66,-87,-77,1,-33,2,-84,36,95,-34,81,-17,15,76,1,68,11,-39,-97,22,-69,-6,6,24,-76,-28,35,51,23,-15,79,29,-71,-60,-95,87,-2,-82,-71,90,-17,-93,69,72,-74,-98,-53,80,-31,36,47,-71,-67,17,76,-84,-80,-47,65,-13,-28
-80,3,42,69,-65,-52,74,-4,-67,-44,-19,99,31,-13,44,51,-67,-16,80,12,-63,-50,35,25,-7,-23,27,93,7,-32,-98,-41,83,74,69,42,-19,-87,64,10,99,-97,-46,-95,-61,-74,58,91,-20,-76,-50,62,-17,-62,54,10,36,-100,61,88,51,2,10,-94,22,-65,29,42,-16,33,43,9,-94,-39,20,-97,-76,-63,-16,-9,-40,-45,-58,12,-52,-5,21,-59,-34,-73,-86,-12,64,1,27,42,-68,-36,-99,60,40
-97,-36,53,-69,-57,8,-93,2,-31,20,96,4,29,-2,-62,-78,9,-31,-48,-45,-5,48,-30,68,69,-43,32,71,-43,16,-84,62,31,-66,37,-5,33,23,35,-65,90,29,-42,-15,-86,-75,19,-32,23,-97,-60,1,-64,-21,-75,-48,56,-91,-55,-18,-32,68,53,-29,54,-13,-64,-64,33,-79,-84,-98,32,88,69,30,28,-66,12,-45,91,76,-32,-9,30,31,48,-62,5,19,23,62,48,-48,0,-36,-29,61,-9,-36,-18
-46,-58,68,-80,94,45,38,78,-51,32,-82,90,28,-56,-73,62,89,-38,-16,-52,53,-65,-47,51,1,8,13,-34,100,-75,-15,37,-84,62,98,88,-65,-52,5,-55,-72,-57,-83,-43,7,-87,64,31,-21,-51,-67,78,7,-66,52,-85,24,45,72,45,54,-86,2,-35,18,-35,-45,-8,26,-61,18,38,-41,70,-59,-36,-36,15,46,81,98,-50,21,-47,-64,29,-14,-43,18,34,65,-22,60,-35,-66,-24,-31,34,-74,-35,-6
-77,83,40,10,87,2,-26,92,-39,34,-15,76,-29,28,64,-55,88,15,-42,93,96,-56,60,-79,-8,-58,-22,-63,-67,-19,-24,30,63,-93,71,91,-92,-60,48,46,-25,38,4,-48,42,93,-6,74,-78,-34,-24,-67,94,75,27,-5,-55,-74,78,-9,51,-7,84,9,-51,-58,39,-14,-32,-14,-82,-29,-88,56,-84,-83,-89,16,-29,-82,-68,65,-46,17,34,-17,-60,31,-28,-47,-98,69,35,-51,14,91,55,34,-53,-41,-67
26,-90,67,-94,-82,92,-16,-90,78,83,76,97,4,-32,97,-84,3,-9,47,99,23,28,31,54,-4,15,-76,-90,70,22,72,27,-49,-62,-56,7,87,94,32,-89,86,-70,-54,27,-25,-97,73,54,3,-98,90,-1,-35,-53,-18,53,26,-31,-42,-62,38,-7,-55,27,-88,78,26,47,76,-21,-19,22,54,78,55,98,-20,15,-96,-23,-29,97,-13,91,-10,58,-9,-26,49,-10,5,-28,48,38,80,51,3,-54,-86,37,47
81,-91,16,-6,-35,-1,89,42,-40,97,-41,-49,-37,37,3,-46,54,-86,-72,-8,-31,68,65,-8,16,-35,17,9,-98,13,14,-68,-80,10,-25,18,11,1,-11,85,54,-38,-10,83,-26,-12,-73,90,-71,-62,42,66,43,61,-94,56,-99,28,-13,-94,-96,-69,-81,39,94,-43,40,95,-15,43,20,-5,-30,-33,66,29,-25,-26,-51,-51,49,-82,61,-53,-98,46,-57,91,-13,-92,81,-88,-83,61,82,-72,17,-66,-41,-79,6
70,-28,87,30,79,75,-47,-17,1,100,80,-40,-35,-12,-26,48,-47,48,39,-83,49,76,68,-57,-83,53,-23,40,-97,66,-73,43,-7,96,7,-68,12,-41,40,85,80,-19,1,11,-10,-60,38,27,87,-83,-25,-22,71,-91,-82,30,31,98,-90,-14,-51,72,75,71,6,-70,-24,-15,71,-6,-78,95,85,-65,-62,37,77,10,68,-69,24,-2,9,-95,-47,-81,-52,53,71,-96,8,-74,18,-97,39,-82,-7,55,19,19,76
-49,85,-59,78,83,97,99,-2,-1,28,65,-58,-61,56,-96,-66,94,85,57,50,56,79,6,84,62,11,-73,-34,29,3,-13,14,43,-29,38,-98,-41,-87,-47,58,-75,77,-68,99,28,-38,-20,72,-90,-100,-57,2,-46,35,-57,-34,94,-30,-95,42,-5,83,100,89,32,66,-35,38,-83,21,75,0,-84,-40,57,100,20,-7,-83,-67,16,37,-90,-63,45,-56,-100,-52,-85,42,83,9,-8,-92,-26,80,78,24,-17,61,19
-82,-2,-64,-57,-60,-5,-20,-53,-55,18,-24,-93,66,22,-28,-95,-20,76,82,57,37,-80,61,-28,-63,50,-45,55,-79,26,-40,62,38,65,56,49,-20,-64,-5,36,-6,36,56,-78,-38,87,-38,5,-12,-23,-69,78,-11,9,43,20,-59,-10,95,8,50,98,52,22,84,47,-29,-52,-54,-87,41,66,95,-65,85,48,-90,43,-44,-52,88,-41,45,0,-36,-36,-91,-38,-1,-79,-38,30,-8,87,20,73,57,45,-96,88,67
-8,-2,41,-47,46,27,64,-66,-67,-30,-13,-25,-54,6,-55,50,-98,47,42,-84,-94,43,38,-85,83,4,5,-33,-56,36,-61,-62,18,-76,-13,-9,-76,-36,44,-82,-43,-99,-34,90,1,17,41,5,-27,-57,-47,-68,41,-38,57,79,28,-33,79,97,44,-50,47,11,-75,43,12,-59,31,19,100,-66,-63,-82,80,-42,98,-19,30,-34,5,-26,-16,-55,-65,-83,-46,88,35,66,46,-78,-49,-74,-28,12,-7,65,-85,-75,94
10,28,-88,-34,-53,-30,-62,-4,-61,80,-25,93,-25,-8,68,10,67,-97,-71,-50,8,-72,88,93,-74,44,92,26,-22,-79,80,40,99,44,-10,83,45,98,-65,-9,-51,-8,79,2,87,-87,79,8,-65,57,-24,43,-26,84,9,8,93,61,86,0,-86,-83,6,59,98,-76,47,-64,15,40,16,-99,-95,-13,-74,36,30,37,-81,1,-94,-10,0,95,55,82,56,-28,-85,63,91,-56,-24,-21,-46,-26,-95,-15,7,-65,-65
88,-55,0,99,83,47,-92,46,61,67,-27,81,-81,88,82,-26,99,78,49,-24,40,-3,93,11,91,-56,-35,20,-27,45,81,87,-73,-3,41,-62,17,-47,-67,31,-52,87,62,-99,-6,-55,-84,44,-62,-38,-5,-61,3,-78,10,-32,-29,-15,-63,-43,-9,22,-40,59,-87,-6,-1,-80,26,-97,-78,9,-77,-62,54,94,46,-99,4,86,-68,-98,-9,-11,-50,-86,82,35,14,48,-43,56,44,-34,-57,-51,-39,-52,-29,8,9
-4,-63,-53,12,55,-26,36,-73,79,88,-64,4,2,-52,-91,-58,-79,-97,46,86,-85,-18,-6,-31,54,74,24,-42,75,-47,-92,49,-81,94,-81,-27,36,36,29,58,-9,-57,69,89,-9,-24,-26,30,47,1,12,-53,18,85,-95,9,-86,96,-35,19,27,47,-40,36,-61,-12,-9,9,63,-95,-52,-23,49,65,-15,-57,-84,-9,7,29,18,18,31,-21,-84,-56,86,50,44,33,89,35,-49,-28,-36,-9,46,-1,-61,-31,-5
-87,88,58,41,20,58,-3,81,64,-75,-28,9,4,-30,29,91,-98,-16,25,41,87,62,-53,-43,-42,93,-68,-77,-34,-43,-43,-67,12,0,43,-59,-79,-74,25,81,-76,69,9,-86,-81,-76,-85,24,76,-3,-2,-41,61,22,-39,33,-80,53,-99,6,34,-10,-97,-68,-24,-13,47,-11,91,77,35,-59,-81,14,-4,-73,-15,-6,67,18,59,50,85,1,89,79,-3,45,-98,-83,-3,-85,-29,61,-46,50,20,-43,5,74,-17
34,87,-95,58,-75,-76,-16,35,67,-4,37,-7,-61,-51,45,-29,-65,-95,-15,-67,-86,35,-46,-76,6,39,84,-69,20,33,-34,-98,47,-77,-82,-50,-7,20,-35,4,29,22,91,-4,98,-30,-93,-58,-11,64,51,20,32,96,36,76,100,-76,-72,26,58,-56,-94,50,-80,-49,42,0,46,81,-75,-44,87,-65,15,50,-4,48,0,-33,77,39,65,95,-13,75,47,-81,95,-96,79,-32,64,43,-7,-2,75,16,-92,93,9
-55,83,38,-82,65,89,-6,71,50,-97,54,-16,81,41,-60,97,-29,-17,50,-81,37,66,98,39,66,74,-71,-22,-97,88,-20,80,85,96,-8,56,43,99,54,-41,-45,-16,-30,-55,-95,100,-3,-74,-92,-43,-13,-88,-81,84,-60,83,17,-49,45,-67,98,-67,90,60,47,-77,-98,92,-82,2,-80,62,88,36,15,-26,72,-98,14,20,49,-19,-82,-81,93,6,-85,-35,-90,-23,96,-83,-78,14,53,21,-92,74,86,-34,-59
-24,92,-44,-90,-35,89,83,73,16,28,-15,-51,-64,41,-26,-10,-48,-73,38,73,-27,-20,-65,-26,-2,27,51,-95,33,-57,-54,-26,-90,-93,87,85,8,-19,-83,100,-89,67,-71,-29,-22,-67,45,-34,-8,66,65,21,45,20,100,40,-41,64,-66,36,24,48,-1,73,-88,67,-65,95,50,27,-34,-97,95,98,-54,-5,-32,90,51,96,77,-82,92,-35,9,8,-7,86,-95,-38,-42,5,-51,75,10,98,48,25,-44,99,-31
-76,76,-80,32,47,-53,-74,-59,-74,33,-2,-91,-67,88,0,61,82,-39,-70,-99,50,20,-45,95,47,76,72,30,-29,-86,-68,-80,8,-56,-46,22,77,67,3,-42,6,-56,-73,-39,83,-2,-80,33,-24,92,-10,-61,25,0,78,25,-51,87,-53,81,92,-40,7,85,-42,62,-27,46,-7,15,-5,12,90,-53,67,72,47,-7,20,48,-10,59,-51,-91,33,80,50,-86,-21,-94,36,48,14,-100,-25,11,84,20,24,-74,-15
53,22,54,-28,41,-2,-19,-58,14,57,-39,-65,-89,2,31,78,-21,-100,-5,-56,-4,-74,-65,-89,-58,71,-71,-85,41,19,-83,-37,52,12,73,45,37,-44,-91,94,-37,-77,-72,-83,32,-7,2,9,77,87,-66,91,-76,100,25,-96,54,67,82,-67,28,92,67,-73,-35,15,36,54,11,-6,-1,-86,-73,70,40,69,83,-63,41,-48,-22,-78,58,63,-68,30,75,95,-64,-70,11,27,-40,92,-65,77,-34,-73,-2,59,93
54,100,-62,37,-97,57,-48,95,40,64,-10,-3,-41,10,72,-86,34,4,-14,19,-80,61,-5,63,-2,-4,49,88,-62,-64,-15,86,-36,2,-97,80,20,8,-77,-70,-50,-64,-74,-77,-85,-88,60,39,99,89,92,-53,67,-84,-97,-73,-46,29,-1,18,-45,-19,88,-35,27,55,100,-90,-85,-38,67,53,-3,-20,27,-27,-77,93,54,24,-67,-46,25,85,-19,-82,59,-21,15,45,-36,-95,-2,93,-80,-50,55,6,-88,11,-63
-32,-10,68,89,76,-92,86,31,-62,22,-9,69,-48,82,54,-38,-54,-68,50,99,-3,-21,80,15,-51,-68,71,-24,54,-88,0,5,-26,-89,10,-49,36,-15,-2,34,-1,17,88,-25,-19,85,100,-98,-20,34,19,34,-34,5,37,-95,-81,97,63,-40,6,0,-12,-36,-33,38,-24,-79,-100,74,-16,33,73,-10,40,-18,-10,90,-90,-75,-49,29,-98,87,-12,16,-53,-16,42,-25,75,-17,-91,46,-31,89,34,-2,11,-66,-26
-50,-49,55,66,-79,24,14,-93,33,-13,-67,-17,15,-56,-90,-71,-89,-87,-19,37,-97,-65,-27,6,86,-30,2,97,51,-82,-8,-84,-50,66,-100,69,-47,-27,-64,-69,8,-52,-33,76,-13,-50,50,49,-65,-57,93,24,87,41,80,24,69,-85,83,-83,-85,-81,-42,-8,-28,28,-100,72,-60,2,-69,-64,-70,20,-12,73,-17,-26,-38,63,7,30,-95,-10,-77,-8,36,50,29,3,60,-87,45,-15,6,-30,-15,-52,64,-70,-24
-42,-29,-29,-76,-66,-19,95,-90,24,-33,-9,-75,-15,87,73,16,27,-75,-33,8,5,-45,-54,-11,-79,68,-74,-6,-46,14,89,-35,-39,19,43,-96,-17,-6,-74,-35,-34,87,29,-2,-26,3,26,-96,57,-41,-50,-70,19,-68,-73,70,8,66,-64,79,2,78,-57,-4,25,-58,32,6,-37,-19,46,56,-40,74,31,10,9,-4,62,-17,-53,30,-21,55,-54,77,89,-47,54,-13,25,-28,-64,-67,-82,36,83,-1,89,-58,32
54,74,-56,-28,48,-26,45,-88,-50,70,4,-89,-57,-50,82,26,35,-67,58,-54,-62,17,-68,55,-64,-68,45,-22,-84,-49,12,76,-96,-62,21,-82,-59,-72,53,-7,1,7,-24,80,-79,-45,-70,-28,37,-25,73,75,17,-54,65,-39,4,-38,27,-75,30,29,-6,-7,-27,-89,-46,20,72,-19,-62,-40,-78,10,-48,43,5,17,55,24,56,11,-52,-15,-47,-43,5,59,-46,-88,45,71,-23,33,-46,77,-18,8,51,-48,-5
-92,-49,67,-27,23,10,-85,35,65,-68,24,-42,91,-85,66,-68,73,19,61,85,-97,-95,-29,-66,-47,74,78,23,-88,-99,-63,-15,0,40,-31,6,-86,-6,-26,45,-27,-9,-14,-78,-58,-70,-14,67,-24,-61,98,-36,-15,54,14,96,89,13,-79,16,-94,97,62,-39,37,66,-90,10,-23,46,-65,30,-16,-4,-9,-96,-61,-32,-81,32,89,17,17,-78,54,33,63,-11,-35,-29,6,25,28,-47,41,-69,-24,44,-44,-60,100
39,-56,-27,95,-4,53,-42,-4,8,-27,-2,19,62,-76,-11,-60,-91,6,-20,-72,63,10,36,-90,23,-8,-91,26,77,-65,-59,15,-50,31,39,-17,-99,-3,58,-70,-67,41,-84,-38,-99,-4,54,55,28,-88,58,-31,50,1,-54,20,85,-15,12,-40,-86,-56,-60,-40,12,-27,45,-55,-61,-62,-54,-1,35,35,-32,36,-61,-80,-39,33,61,30,17,-94,52,100,-24,-96,39,-75,-97,-3,-18,8,3,-2,88,-42,84,32,-20
49,-62,-15,50,19,-85,-94,42,-54,97,-14,100,16,95,80,-6,-100,-12,66,70,10,-85,-96,0,-43,29,-21,-37,-31,16,-80,-32,83,-89,74,52,-43,54,-18,100,95,96,-63,-35,-53,75,62,-61,-61,13,41,46,-55,54,18,14,-25,27,-20,20,-78,-44,-30,80,46,79,81,-69,-67,67,-89,-72,-3,54,35,-90,-90,74,0,-94,90,68,45,-13,79,-72,-100,88,42,-13,-43,41,-41,59,-3,8,22,-98,100,5,50
93,-55,-69,99,-80,-34,56,-62,0,52,-46,37,-10,44,51,44,-16,84,97,-60,56,-18,-53,-33,35,88,-57,-65,5,15,16,-26,24,-93,-16,-57,71,-4,-18,-88,3,-49,-40,21,-10,-81,59,36,-3,15,93,-78,14,-46,-77,20,77,-48,-32,-82,-46,12,84,79,-98,29,3,92,33,-35,-48,-28,-47,-49,-9,0,-8,-86,-17,-85,-50,82,68,67,54,65,6,90,-41,56,76,-67,-64,1,-22,23,55,1,-10,-87,61
6,-27,-93,-65,-82,1,-21,90,96,-33,-95,-38,-8,-21,-97,12,89,-49,37,74,77,-55,94,-33,84,-63,-62,-38,62,88,71,-24,-93,31,-29,-47,-35,-96,-72,-91,67,11,94,-6,-11,61,62,-20,70,-10,82,59,-99,-90,39,-45,-64,-25,-16,71,4,19,74,-76,-70,47,-30,63,-33,14,21,-90,72,-73,-4,42,-78,0,-16,19,40,-12,-87,61,-80,2,-47,-77,-94,71,66,-72,-88,-12,-30,73,-99,-65,5,77,15
7,-38,-42,-52,42,-22,39,-37,19,31,86,21,-9,-88,31,-20,-67,-80,2,-92,10,65,97,-74,-87,-85,56,54,53,84,48,96,-63,-9,14,-7,75,36,40,-5,-14,93,86,-43,-19,-9,58,47,22,56,-58,81,93,-92,-88,-78,-99,-97,-61,-78,39,-23,-25,89,50,53,19,65,-82,-70,-31,-19,59,-56,97,-34,30,-97,99,-55,23,-24,-58,-65,46,-23,-43,-75,-28,79,-65,-27,74,53,-88,49,-17,-74,-68,83,89
55,-83,71,33,85,84,32,-23,39,72,95,88,-39,-6,-15,-44,-22,44,-89,-4,-98,-61,64,-77,36,-41,74,84,-68,38,20,1,6,-41,93,-70,0,-77,63,17,-32,11,54,81,65,65,-40,21,45,-23,-26,96,6,-72,14,-34,8,38,-1,74,-9,96,-78,-16,-47,58,33,-99,53,20,-99,-69,74,42,35,-55,-67,76,-63,92,57,-36,98,-5,44,-44,73,-48,-77,-24,-37,-91,-50,-29,62,-23,32,87,40,-18,-16
10,100,1,-76,70,92,87,65,-74,74,-69,-25,88,11,16,10,90,1,-11,51,92,6,-44,16,50,1,-61,95,39,65,14,53,-18,-15,-5,3,3,39,29,49,-15,27,-65,-8,-90,33,-40,49,65,-37,13,-54,-84,-68,27,98,91,-39,66,92,83,39,-77,-19,92,-87,17,-47,94,73,86,71,23,78,-64,89,-51,-3,48,67,-71,37,-45,26,89,-95,19,-12,-53,39,66,24,-8,-81,-77,-32,22,46,-52,51,-45
-20,-4,56,33,78,-41,5,-70,-99,-26,94,-16,-3,29,56,-69,-12,66,79,-33,-96,-76,19,89,-84,-13,-22,-34,11,78,-75,55,60,21,-95,52,-45,-8,-10,92,10,-86,-8,9,74,7,54,75,3,69,53,69,80,-41,62,-84,32,-34,-36,47,-68,-83,-40,62,32,56,-22,-31,-6,-77,73,1,55,2,-63,59,60,-93,19,56,55,-91,70,31,68,-26,-94,10,-96,70,10,-20,6,11,-55,34,-66,-6,78,2,-37
-8,58,-19,-75,95,-88,45,-94,-80,-48,-37,54,75,-16,-6,94,-12,-75,-72,-25,-54,51,19,28,-25,-56,46,-34,35,52,57,51,81,-33,86,-79,62,56,78,5,-27,-33,-31,-83,-66,41,-33,32,100,73,-92,99,89,53,-14,-63,-10,-80,-15,13,-39,37,32,15,46,-17,-76,-95,-76,32,-96,-98,42,100,86,70,-84,-80,14,-61,46,93,31,4,54,-23,-35,81,63,51,-97,-93,-37,-77,-86,30,39,98,31,80,-26
-39,51,-93,-11,89,99,-10,-28,41,-24,93,69,-9,-65,96,2,3,22,-84,49,34,38,58,-70,-23,89,70,59,-21,-19,19,-23,94,-62,62,-98,-84,33,-7,-34,73,-51,50,-21,29,84,-35,63,-37,49,-33,28,67,76,41,-97,-5,-63,100,-72,-98,-98,33,-4,-51,-9,13,67,-93,-33,43,-50,-74,-28,-16,48,-49,-65,-57,5,68,-11,-4,62,-10,-65,-37,60,-19,38,-97,-31,-78,2,63,28,-14,-63,-36,13,48
27,71,-53,80,47,-55,31,-64,82,65,18,28,60,94,-60,-25,33,23,88,-25,-58,39,-79,-62,23,42,36,-64,-98,1,-51,-87,-91,12,-23,62,-5,37,-59,-67,62,81,82,70,-87,-1,22,5,49,-75,-89,-94,-37,-62,-99,-81,58,-8,86,14,-20,-18,49,-80,-65,-70,62,52,-68,38,11,28,50,-97,46,78,57,4,-76,-92,-69,29,49,23,-95,99,43,-36,-81,64,34,53,13,70,-53,-64,43,-64,-45,-3,50
0,-94,4,73,73,-9,-39,75,19,-96,8,32,-86,19,25,36,-90,-89,-81,-25,-80,-52,-23,17,41,7,23,-53,-59,-72,0,-81,62,-76,78,-5,-3,92,36,58,-36,48,-61,-67,16,-24,-84,-72,45,-17,-28,58,-20,-86,22,34,-87,31,-23,-24,-59,13,-90,20,-61,67,44,85,19,40,-39,43,2,92,13,73,88,12,-30,24,-11,-82,33,-90,-1,46,-56,66,-31,15,-37,-41,38,-89,33,96,-62,-100,-59,34,-83
76,26,61,68,32,68,-3,-35,-12,100,38,-89,55,-56,50,16,-8,-88,-70,43,7,72,-18,87,3,-60,58,-43,75,29,-47,-91,-66,-36,66,-89,-54,100,25,-38,41,-3,-26,39,68,-76,34,-23,-86,-16,2,95,-51,-42,-53,91,48,-84,11,3,52,74,-92,13,96,72,-57,-95,-54,52,-33,77,9,20,67,20,51,-50,21,96,-67,71,-24,13,24,21,30,10,-5,49,-31,-29,75,75,67,-66,35,23,-59,81,53
0,-94,-67,-3,83,-58,-77,62,48,-51,53,-57,35,-4,-82,-80,86,-71,11,-100,-94,-52,85,37,-29,92,10,53,32,0,-91,13,-43,-25,-28,25,43,-16,-52,70,77,91,66,-84,24,35,68,79,-55,84,-77,-72,58,-73,30,51,-30,88,33,41,67,-90,15,68,-40,28,-11,77,-64,-62,49,4,76,-93,82,16,2,8,52,89,72,47,-64,-27,-60,-6,-60,34,74,47,-3,46,24,63,-86,-67,69,-14,-67,45,87
-50,-19,88,-87,-13,63,-76,-5,16,70,-11,55,88,33,-33,-3,-87,-54,93,-7,-94,-69,7,11,47,-6,78,67,24,-100,-99,52,100,17,62,88,-46,15,-32,26,39,61,-25,-55,-71,-87,67,75,-51,100,89,23,14,58,-49,4,-85,-56,-71,29,-42,-55,15,-24,-94,-45,97,-30,5,47,-34,75,46,-59,-39,57,-2,-45,-46,41,-23,20,-34,-87,-16,1,91,-55,79,62,7,-12,75,75,40,-65,-14,-19,-23,76,-2
37,-46,68,-3,55,16,-35,79,-9,71,76,9,-31,72,81,22,-43,18,52,70,-11,7,-14,-93,42,-21,53,92,-92,-67,-18,10,-99,30,-83,-73,-55,12,40,46,100,-4,-100,-77,18,67,26,18,28,66,-36,17,-9,-91,-80,0,-82,89,82,-25,-90,-41,49,-58,-94,-66,37,-86,-89,69,-86,-93,18,-95,17,42,-44,32,59,37,63,50,-38,-5,-6,-79,31,46,-22,64,-53,97,-66,-7,-30,5,-59,32,29,-37,60
-76,7,-51,-78,-17,96,-91,63,-93,32,-57,45,-53,4,39,-77,-57,20,79,44,21,28,-38,89,-19,-10,-58,8,13,69,-100,38,25,40,14,69,33,-43,9,-43,5,35,-81,6,-69,55,60,-55,76,-88,-91,-86,-29,18,45,17,59,16,55,-31,-67,97,-8,19,-50,82,-20,95,28,19,-70,-67,32,-21,11,-85,65,-13,-61,39,-76,-82,68,-99,31,-80,-47,69,97,-87,-49,40,36,38,-22,36,10,43,61,-79,-36
-56,-30,-96,83,-54,94,31,82,-68,33,4,-65,72,-43,-26,-28,15,-8,12,13,-39,-17,2,49,-37,-38,5,82,17,4,-38,-88,-81,-14,-16,4,83,34,29,12,-47,49,32,86,68,-24,75,38,-58,-94,55,81,-86,100,-71,-75,80,30,32,-30,-42,-13,-30,-25,54,-53,-28,-70,35,-93,-11,37,-45,49,47,-13,91,-66,58,-60,60,83,-23,26,-70,-91,98,-16,4,-65,73,15,83,-71,90,40,-51,-95,85,-81,-17
-57,-68,57,-67,45,60,-11,-35,-23,-15,65,-51,21,-41,-15,-5,-23,20,-14,35,-3,-4,-76,-97,-68,-97,47,95,-6,-12,-1,-9,-16,42,-22,97,-49,-94,-35,24,80,50,-67,-91,-41,97,-32,-86,-93,-35,86,-63,36,84,59,13,31,-20,51,-60,28,-93,83,-86,46,-27,-51,-75,-99,-93,8,-61,-69,95,-31,38,32,4,-7,82,-50,-78,-10,-15,75,-78,-66,35,62,-62,31,83,-61,53,93,87,-60,-76,-4,-8,-17
15,-4,51,-40,-91,-59,-36,26,-48,86,3,31,-4,38,35,8,-93,-2,57,40,84,-21,100,25,46,-95,39,80,71,-74,42,-91,-9,72,19,-32,13,76,34,-67,-3,2,25,49,-21,-16,28,-81,-99,85,-12,21,-82,38,-90,48,6,-100,19,100,-19,80,19,45,96,-14,-20,95,-49,-80,-75,9,-42,-65,-27,-90,-8,22,-52,-51,-28,-73,75,93,76,-28,35,-5,43,-33,30,72,-62,-11,-49,10,-31,-46,44,62,23
-22,62,90,-64,-96,5,-27,14,61,-78,-83,50,-84,-94,60,69,100,-47,80,-19,-13,95,-80,-25,7,-67,-74,-97,-11,-53,66,-71,-59,30,-86,-26,17,-85,-51,15,-12,-20,-42,-5,-98,80,-17,60,89,-39,-7,36,86,51,74,76,16,-24,77,40,-2,-62,84,-50,-16,22,98,-28,83,-79,81,61,74,-11,10,-50,-72,-95,78,-47,84,92,54,-27,-81,71,-63,94,67,-71,19,38,58,33,-56,-61,-35,77,-34,-81,-53
-46,-91,-45,29,49,11,26,81,-19,58,75,20,40,-68,80,3,11,9,-30,58,84,50,-55,77,76,18,52,39,-10,-39,46,16,-22,-15,46,67,82,-52,43,10,52,-96,-2,-40,-76,-22,-85,-97,21,-56,-13,29,-98,-15,57,-1,90,57,-32,84,-4,20,-69,-69,-40,49,20,-60,-91,52,-44,72,-46,50,-24,50,-88,-59,41,-77,-34,12,96,45,12,30,42,-44,54,-49,23,-98,-40,93,-36,84,40,13,-32,73,82
68,43,-48,61,48,-45,-90,-25,42,-3,29,53,-83,67,43,93,28,-15,87,86,-63,-37,94,-80,-43,27,-54,-45,-96,30,-14,26,17,-7,97,72,-15,9,-2,-75,-72,5,-69,28,-79,-60,18,14,88,-61,-9,86,-48,1,94,-83,49,98,-32,53,-92,-78,-2,16,-11,80,-64,2,-45,-98,-24,-30,-94,83,-81,73,59,-83,10,-64,82,-21,-42,98,-25,16,-41,91,-100,13,-83,0,-48,-67,40,9,-83,64,-5,96,23
23,-7,-99,35,83,-45,-99,34,-33,20,49,55,32,-33,-29,32,55,35,-18,-82,-88,-28,22,-33,-4,-91,-46,-11,-40,-27,64,14,47,-81,-40,-40,-21,-72,55,49,23,-50,37,-96,97,40,86,2,-41,63,97,55,-49,49,-28,-78,-28,-28,-86,-59,-28,74,-72,-4,-21,86,-72,20,12,-32,8,-13,37,-52,71,-19,-11,-39,-62,77,-77,-87,26,-76,85,2,82,49,-13,-92,-43,30,-68,64,-65,18,11,-10,-10,-99,91
38,54,-8,64,36,-34,67,-9,-28,62,-42,-10,-78,-42,-85,0,-18,54,-88,-97,-60,-3,-50,11,47,10,44,25,80,-91,-13,-75,-36,-35,23,-82,-52,-46,69,-44,-75,65,46,18,47,28,-67,24,11,-12,-48,-29,-37,-89,56,-4,-98,9,-65,61,-100,45,59,15,-62,75,92,-71,40,88,19,-27,2,35,43,63,-74,32,-65,-18,27,67,-79,-80,81,-78,-17,-11,79,39,6,70,22,82,2,20,-62,-1,49,-87,92
-26,-15,26,-44,-4,75,-13,-1,80,-71,-14,50,79,14,0,-23,96,-59,55,0,46,12,-8,-73,47,-69,14,90,4,-3,17,-13,-3,31,77,-58,89,-75,0,56,-99,45,43,34,-34,-55,-3,-14,6,83,85,-51,4,-30,-48,1,5,-75,64,52,-35,96,-89,-11,-58,100,5,32,-58,-61,-29,74,-85,-58,-37,-15,-97,50,9,-40,-93,23,72,-20,25,96,47,43,40,52,-54,40,89,-25,-19,-61,0,-47,27,-85,61
-72,-2,-8,-95,14,100,77,42,-76,-9,-90,90,92,43,-8,-83,1,54,79,25,-26,17,-52,-41,-58,-36,65,-77,-20,-44,74,-93,-3,50,94,-42,68,96,85,63,-80,-43,20,-41,70,-77,24,-72,-77,-37,-49,-4,42,65,-2,36,-21,-94,-31,57,45,27,-19,6,-28,-6,42,-9,75,81,26,-59,5,-14,5,-85,-13,34,-7,-90,1,-63,65,7,-13,61,5,39,98,-54,-47,-94,45,27,72,-19,25,-64,-65,33,-72
-83,-34,-97,50,27,-13,-2,-89,-63,-80,-30,-58,39,67,61,-82,47,-63,-15,-84,-90,39,79,73,89,22,-9,-46,34,-28,29,-95,-4,68,20,90,26,60,-28,-13,-46,61,27,-93,-51,-12,-70,-14,-90,74,98,-50,-48,82,64,52,-44,-95,-58,-43,59,47,35,76,-27,6,48,15,-34,92,92,9,-4,-38,-23,-10,-78,66,11,-23,32,-60,-58,-61,3,18,-54,-73,53,-32,73,-28,64,-34,69,-70,-90,-62,30,-83,-31
80,-11,-87,-70,48,-49,-74,-36,19,98,34,93,41,1,-43,59,-2,3,-24,-42,-50,56,-92,-32,-92,44,-1,81,98,92,58,6,80,-10,-51,7,64,4,22,-46,3,61,78,63,19,28,-35,-7,-76,95,83,-43,-95,70,-70,32,-56,21,3,-9,84,-15,8,-87,-77,68,87,49,-13,-80,97,-75,-91,-86,-54,77,49,86,70,-44,-16,-90,14,55,8,-3,11,-15,34,96,-92,57,-37,56,64,-33,24,84,-31,-5,-63
-43,8,70,73,58,93,-63,-16,62,0,62,-78,-59,-2,45,15,-55,93,6,-66,88,-91,-48,-10,-1,-45,23,-72,95,99,60,24,-8,64,92,-62,-100,64,22,78,78,-79,-81,96,-44,97,-31,78,60,15,-76,82,-99,30,14,34,-8,-78,31,19,54,71,46,-95,90,-94,-31,34,-79,-31,-36,12,-75,-28,-38,-58,7,-23,-20,-45,25,12,17,47,-69,-46,-67,91,18,-82,-46,-42,93,-91,28,6,66,-81,-55,-48,44
-65,-30,56,2,-22,-33,-99,91,-86,77,-99,60,5,85,9,27,-22,40,89,-38,-17,-97,-80,7,3,-71,15,-1,-85,2,10,88,-29,-53,75,52,93,3,16,-46,58,32,-5,-100,-70,70,41,56,-99,13,51,-54,-56,57,88,-32,-83,10,33,-24,-99,22,76,32,-51,-51,-82,-96,-82,-91,-2,-15,23,89,26,9,-47,57,27,-78,-93,90,98,88,0,53,-58,57,16,-70,-3,-66,100,70,27,-65,-62,-70,-59,62,-97
32,0,89,-76,-79,-26,-23,-51,-57,70,18,81,85,84,96,14,93,9,29,43,-44,57,-76,-38,-53,-4,8,-85,-60,20,-55,16,-70,90,-43,-15,-63,88,64,51,87,-42,-7,71,-92,-14,19,54,-85,-20,-39,86,-44,80,-88,60,-85,83,-69,100,97,5,82,-22,-51,-61,-37,48,-26,3,39,77,-64,-2,-31,56,-26,-15,-97,88,74,-2,-64,62,42,50,84,-36,50,-97,49,40,-82,35,24,-18,35,-7,-75,95,99
-92,35,26,-72,0,63,-61,-79,31,74,29,-49,34,-65,-100,-78,70,-96,86,36,78,25,-35,-44,-75,-83,-21,9,-84,-54,-57,-58,43,-42,-14,11,-55,88,50,-22,-52,30,50,-76,-19,91,-60,-74,66,-20,88,-34,15,35,31,-71,12,62,20,-5,-12,83,-92,-35,-25,97,22,40,48,68,68,-60,-25,71,-96,83,70,-88,-80,84,-28,-96,56,9,53,67,-34,-84,41,-66,-62,90,-2,25,10,44,-84,81,-78,-10,-9
-63,-54,88,68,-16,78,52,49,7,-42,94,-39,7,50,-37,3,-43,87,40,39,-25,-35,-11,57,25,32,-77,-11,16,55,-18,36,73,15,-66,-20,72,-78,-24,37,-98,75,-28,-80,19,56,99,-55,-35,-22,67,8,66,-91,17,82,-96,-31,-37,-52,79,13,78,81,-74,22,51,-69,22,-71,-55,68,-44,-38,65,-76,-15,1,80,79,58,29,0,54,29,-90,51,71,-31,38,-92,86,-65,-21,30,-21,87,-57,94,-7,96
68,78,-22,-63,-50,-76,96,-66,46,-29,-10,92,72,-30,74,48,-6,59,35,-97,-87,-75,34,-71,7,22,95,6,97,59,66,89,-64,48,-1,37,-80,-63,23,-48,21,-74,86,89,33,90,9,95,-28,3,61,97,19,27,-73,7,33,47,-45,-35,61,-25,64,-60,-57,55,-39,56,-68,22,28,14,36,-95,44,96,58,-54,83,72,43,59,-41,9,20,30,-29,10,-54,82,-42,79,60,-13,-38,-97,-20,-16,44,26,64
-77,3,-33,-58,-79,58,-18,-62,59,93,60,-60,-63,-44,-67,89,69,-69,18,-21,-8,4,-13,29,20,-85,-43,-30,61,-89,11,64,38,33,4,-92,-64,27,63,38,-16,-55,72,18,39,67,3,-36,5,-96,-89,6,37,-11,49,91,42,29,-62,-22,16,-19,87,63,67,67,27,-19,-36,46,43,16,-53,29,-12,57,1,96,14,83,-77,-45,88,-8,12,-39,55,85,33,-28,70,-23,-36,51,8,-98,-2,-1,-22,-94,-51
-95,51,-18,7,64,-40,71,-18,93,-70,32,70,30,48,-89,15,31,-74,-82,10,-18,35,19,92,17,52,32,-7,13,71,98,12,77,-71,96,89,-42,39,-87,38,44,92,-35,-19,-31,-37,1,91,-4,48,27,-88,-53,-53,37,19,-76,-19,7,-14,-81,98,10,-29,-76,-9,-15,-44,2,18,85,24,70,6,-41,52,-59,-23,44,-30,-89,90,-5,24,71,61,-48,35,-56,-83,-65,23,19,14,93,9,26,53,-8,15,2
73,-47,66,-20,36,-9,-5,-93,80,62,43,21,94,53,56,-5,-76,-98,-22,89,94,-46,-91,32,-67,-100,-11,-95,-94,26,44,-16,-85,-40,84,-33,15,72,-28,-28,80,-6,-100,-88,70,14,-88,-17,-83,97,20,-41,48,-25,57,76,25,63,-4,-98,32,36,68,68,56,61,-23,-94,83,6,-1,89,-54,-37,-62,-64,-87,-68,-73,6,-28,-65,-95,78,-40,24,18,1,78,-57,99,-49,86,-60,-32,71,-22,95,-19,24,17
-13,-6,59,77,18,85,51,74,90,79,-9,-11,-15,15,39,10,-6,-51,-2,-55,79,-18,29,91,55,58,89,-50,-23,-33,-35,90,76,-7,10,-45,53,-41,2,47,-54,-26,65,3,-2,37,-92,48,-45,6,37,41,-16,44,68,91,47,-29,21,47,71,-63,95,-39,60,-12,92,90,32,62,9,-42,-90,-37,8,-17,-97,-31,-76,-41,-40,59,40,-12,19,-99,40,-96,-100,-20,61,7,-83,-64,-37,98,77,-71,-77,88,53
