-30,-90,-61,99,8,77,-54,-25,97,27,-35,-65,45,10,43,6,-91,-47,-73,63,-20,-46,-72,-81,-28,23,-52,59,33,96,-39,-90,-35,-15,-30,8,-54,78,-60,86,-37,44,16,50,-78,66,90,-58,5,35,-78,-33,79,-36,-30,-49,68,25,-34,-83,32,59,-52,70,10,-93,98,-78,-76,-54,-90,-47,93,-18,-88,67,-42,-10,-43,-89,54,13,6,-7,54,42,-20,60,70,42,12,77,-90,10,-46,78,5,-79,52,5,-91
-92,39,44,72,-82,19,26,-56,-33,79,65,-84,69,64,-61,85,47,-26,-18,-12,-30,-82,-91,-74,-21,-18,-63,53,19,65,-80,58,95,87,56,31,-15,61,92,18,71,-100,-81,-35,9,62,50,-34,49,88,82,29,96,-77,-86,64,-5,-25,-88,-68,27,-23,-13,83,20,-46,-47,-43,31,19,-38,-6,56,19,19,-22,-85,74,55,-50,75,-22,61,77,-75,-62,-64,-27,-58,-91,-79,92,51,-54,-84,42,50,30,-55,62,-67
-30,25,-84,12,7,37,93,-52,-92,41,26,-79,-60,54,78,-7,18,-76,-11,2,-71,58,-14,-83,31,9,72,87,94,-14,80,-97,70,-81,68,28,-83,-27,-8,-50,75,-85,76,78,-86,-95,-3,47,-42,64,56,76,-89,-58,28,-16,95,-69,-36,59,67,23,18,61,-16,34,-53,31,-65,-67,-66,-15,64,11,66,-70,-60,-20,22,-28,-72,67,44,58,-48,79,81,-81,77,58,-97,-64,5,22,-51,74,-20,38,85,-57,21
98,14,-74,-73,-1,6,47,-53,51,-73,8,30,-85,45,-14,-71,-70,17,83,85,-11,51,17,36,-6,-35,87,75,-45,-95,-22,-49,57,-43,86,-95,-6,-65,74,50,-36,-81,-25,-33,-74,72,22,14,-56,13,-47,37,94,0,-50,42,46,-19,43,-58,-45,-23,-22,45,1,77,-15,-58,-31,77,-76,-11,46,57,51,-59,-68,57,-38,-19,13,50,-83,-68,-98,91,16,-44,-80,-31,19,17,-75,36,48,-41,-69,-96,50,-37,62
-11,0,-18,-5,-77,-39,-33,67,-94,-54,46,-10,-47,44,26,12,-46,-38,-31,10,-30,45,-42,6,29,0,-84,9,34,-44,-31,36,-15,-12,-74,28,99,61,-98,9,-36,-39,-65,-75,76,-68,39,-49,-48,45,-13,62,91,-91,58,96,61,60,5,8,-80,17,83,43,-59,-74,69,-77,-48,-65,-31,78,27,36,64,-19,23,-46,-25,-75,46,-53,62,69,-63,92,59,-94,21,11,61,-78,-74,12,-80,-15,-94,-30,13,66,-1
86,76,-40,-50,0,37,87,93,-60,8,-81,41,-4,-98,71,-60,-54,-34,-4,-76,-87,75,64,61,47,31,-81,58,-71,-39,8,-28,-97,-98,68,66,86,45,-9,-62,-36,10,71,80,-68,49,64,-24,73,-68,18,-95,-37,3,38,-27,82,-88,94,27,49,59,-96,53,-47,-94,22,-49,-87,25,-87,72,59,-100,-17,91,86,-80,-12,88,-87,82,9,98,0,-100,-37,25,64,-71,22,-95,-94,84,48,75,56,44,53,84,65
72,4,68,85,77,-100,84,22,-70,74,32,90,-69,77,-92,-100,20,-5,-53,-100,76,-68,-63,77,-23,65,70,26,38,-42,-19,95,-99,-3,27,24,59,-41,-90,54,-51,89,86,72,86,-99,67,80,-94,84,46,-26,2,-53,35,-81,-15,-19,-28,94,-26,66,15,-12,1,40,-10,0,74,-71,21,43,13,-22,10,51,-52,-60,-18,-10,-68,-44,-19,65,51,58,4,-29,-53,-64,-84,11,57,6,90,-65,43,-53,22,-72,60
30,41,2,14,-40,-85,75,72,-64,25,28,-82,-96,50,71,57,-92,-66,-21,9,-94,57,75,40,64,-6,-13,-17,53,-80,-35,-77,-64,64,88,-60,74,24,61,-59,-84,-70,83,-86,96,-82,25,-60,-37,-47,-30,62,-32,69,-85,-39,-2,-38,46,-81,80,14,58,56,38,70,49,95,-68,-28,-14,77,-37,-56,85,88,40,64,-50,-77,59,30,-14,12,-2,58,-2,-31,-43,64,-42,36,-17,45,68,-81,-61,84,91,75,92
-9,-38,34,62,-13,29,-11,34,-14,-80,8,-27,-61,81,-10,-17,-57,-91,-12,38,-81,1,5,-67,96,54,98,-15,-16,-34,-16,74,82,26,48,-49,17,-82,-97,-21,-41,75,-94,65,74,-31,15,-98,-77,95,-96,98,-10,-83,-60,69,18,-4,-52,-83,63,-82,-61,-52,-10,59,-78,-39,84,87,98,35,47,55,85,-61,-31,11,11,51,6,-16,-13,-19,-100,-25,-36,63,34,-83,-60,3,16,-95,12,-17,-6,37,36,-65,80
-89,-31,88,77,11,-32,76,-63,25,-3,-66,-33,-77,-17,-19,88,-65,47,90,85,-12,-26,-12,21,-7,-19,-43,-69,85,-60,-2,-86,86,-65,-87,-18,66,16,69,99,-83,100,95,-66,3,23,54,-1,56,-61,37,-37,6,100,11,87,-15,-22,-83,62,-13,-32,82,-97,-36,-15,-100,-88,-11,-62,17,-5,-22,76,98,-24,-99,-20,19,-99,-65,-54,-98,1,74,14,-97,37,-24,-63,1,-84,36,54,-26,58,79,100,-56,35,92
30,32,45,-76,87,-37,3,-69,28,28,66,30,-52,-74,-92,1,74,73,16,67,-94,-92,-16,-84,-11,-1,-71,-59,-13,25,70,-49,71,2,-93,-66,-2,63,-60,19,-20,52,-81,-61,33,-18,36,56,58,-99,46,-20,4,-89,-33,68,52,-35,71,-45,-15,-28,-83,-2,86,-81,10,44,3,-13,21,20,-68,-42,10,27,-98,27,92,-43,43,-24,92,-15,-41,-50,13,78,-47,-35,-91,69,15,86,82,21,-77,-97,77,-96,-81
8,-28,83,-4,-94,28,-67,-71,29,1,-75,90,-30,-96,57,59,23,0,30,84,-71,43,46,-2,80,93,-81,-80,-41,98,46,-41,97,-17,-23,72,0,23,-10,-20,-56,-70,55,-81,78,-30,4,89,-6,10,-41,0,-29,69,93,79,-39,14,-9,29,37,43,-13,64,-15,15,38,22,-19,-82,-3,26,-65,-97,77,76,93,23,88,-19,-58,0,-82,-8,57,-73,42,41,67,71,-48,-69,-9,11,71,25,-49,-69,-100,-24,-6
97,55,34,-37,76,7,74,30,75,86,53,77,66,-81,95,22,56,-31,-37,-32,4,-30,61,11,14,-4,-40,-66,71,21,-9,-11,-19,42,-60,-21,-55,-3,-51,87,-66,27,6,-28,54,-22,-56,-59,85,-68,8,74,-70,-48,85,-94,-28,-76,-23,-59,-8,38,82,-36,20,14,70,16,-41,58,15,-98,79,-91,-1,-17,-76,-83,24,-57,-39,-24,-25,-86,-64,68,89,68,-13,-57,35,84,-74,-56,-80,73,-1,-81,4,70,36
-70,-19,-41,-23,-71,15,-65,-7,-83,9,-37,67,-29,87,71,-70,-21,-94,-76,-4,-78,-93,91,90,76,-4,67,-3,-33,62,-49,-68,21,-42,-40,-38,53,18,43,13,87,13,-38,-73,-5,77,-22,25,-88,42,-70,-68,58,-31,-33,-11,-58,-11,-1,94,-1,-61,-4,-12,59,-16,1,-30,-95,-91,79,3,-28,51,88,54,72,-25,24,98,92,-32,38,-63,-92,0,-28,92,98,-29,90,-68,42,73,-71,52,-82,-74,-28,89,-94
77,54,27,5,1,-1,63,-73,-28,74,90,17,-46,65,-6,-11,-41,50,53,-13,-15,29,-89,-69,-96,-8,95,-18,-31,26,-21,-66,-43,-57,1,6,-63,-77,6,15,-25,14,82,-19,-52,91,-42,-74,80,42,75,-16,-63,22,18,45,-60,-59,-9,88,13,73,87,77,60,-9,12,-41,-17,-50,-78,34,-40,28,64,8,-9,-16,12,-97,-5,44,-17,-69,19,-15,-51,26,79,79,-77,61,-44,-97,13,41,-50,94,-66,28,32
77,18,-52,-67,-17,95,-51,75,55,94,41,-41,11,5,66,92,69,-87,85,79,61,-34,46,6,-37,-94,38,-47,-61,31,-65,-9,-77,90,81,59,3,-12,-25,-32,-56,23,45,68,-37,98,-72,-33,-7,-61,-58,95,40,-19,63,-91,-20,79,-40,4,93,-4,-87,-98,52,-68,30,58,-28,-98,35,-65,2,89,-12,15,14,91,10,30,0,-26,-65,69,68,-98,1,87,-51,-79,-12,-30,-44,-51,-49,28,-15,69,-18,90,9
-98,35,-72,-61,-87,42,23,-6,90,37,-95,-48,-56,89,-47,9,28,-21,-72,84,-35,95,47,-61,26,-84,-5,-83,-42,11,87,53,81,-84,66,58,76,-24,32,-57,34,-49,18,-68,98,69,-48,-16,79,-41,69,89,42,-92,-84,-88,7,77,91,-33,5,-59,-53,-89,-50,97,74,100,65,89,49,-32,42,34,-62,96,3,-96,40,-6,-1,-85,-36,-52,-80,-79,-62,9,-29,-15,98,-7,12,83,38,-75,-100,-88,33,-14,-46
-89,16,32,-53,8,6,-46,2,3,-69,-25,75,16,70,100,-96,-18,-94,-31,73,66,50,-47,-59,-42,59,51,63,59,-53,-85,-84,64,9,-23,-3,-10,-72,51,-74,-63,12,-5,75,17,-28,51,49,92,59,51,-30,64,-61,26,-84,58,50,-91,-85,61,84,-14,23,2,-25,59,-94,67,98,6,75,-87,-20,-53,61,-68,49,-97,-99,-81,-25,61,57,-98,-57,41,-20,-6,1,21,30,63,-76,12,79,-71,49,-55,-16,25
35,76,39,39,24,95,47,-45,-24,69,58,0,-48,-14,7,53,93,-24,73,10,94,16,-37,-92,10,34,54,20,40,-14,-69,-51,19,28,74,-56,87,60,96,-9,-78,-69,22,71,31,-78,67,1,15,64,6,14,54,60,-90,26,37,-94,95,-50,44,-33,40,-99,-58,84,-66,21,-93,-22,-60,43,-78,43,13,42,99,-52,77,-71,-54,40,54,61,61,-71,40,57,0,34,12,89,-53,73,-20,-60,-60,-74,-9,28,-13
-82,-38,-1,-74,92,-75,-63,28,29,-56,44,-26,2,-96,-52,-25,-58,-73,-6,60,69,-38,95,97,-15,92,93,12,51,-74,-84,9,38,53,65,-51,-1,-40,-70,44,58,-85,-31,-72,85,-12,7,-71,-61,18,-51,-28,77,47,60,-21,35,48,100,-85,95,97,2,3,66,45,-74,67,-18,-69,16,-68,33,-19,92,-61,-69,-96,63,-48,-82,100,-93,-20,-95,92,83,-24,-90,-62,65,-84,-76,-98,-55,71,-66,-62,17,-3,3
-54,-61,-35,-98,97,26,25,56,-74,63,-91,-37,92,57,67,71,16,-63,38,-32,7,24,32,90,-59,68,-87,25,61,6,79,-10,54,69,-5,9,39,-89,79,-72,-59,16,-69,87,72,16,-1,-5,31,-51,-82,19,-88,92,-25,90,-86,39,49,-19,53,27,50,-51,-49,81,95,18,72,-4,-14,-29,-60,23,-83,85,21,-38,-4,-93,-47,-56,-47,88,-2,59,-77,13,60,12,-52,-23,48,88,72,52,-93,94,-34,40,67
98,-11,-13,-52,-45,20,-83,31,47,-17,36,38,12,-81,30,1,-5,75,63,-56,1,59,-86,-73,-84,94,-85,81,-51,-47,-65,70,55,55,-45,65,85,-61,-13,0,-77,75,-24,-58,2,46,-8,99,-7,69,52,-19,95,53,-58,-53,36,61,29,-99,93,-94,78,44,2,-53,-8,-96,76,40,-95,35,33,-68,-9,41,63,0,-42,6,-27,-61,58,84,70,-76,-13,55,-13,-82,58,41,-52,82,40,25,-77,-51,76,69,32
79,-54,-25,33,95,0,-51,78,-47,59,-62,-82,42,-3,83,-87,80,59,-72,-90,-89,14,-82,-48,-37,-4,5,-38,59,80,55,-49,-26,12,81,58,13,54,0,-10,30,-5,36,-37,50,-62,-16,-94,-66,-31,-39,49,-20,30,18,-93,8,-15,4,49,13,-97,-22,-79,28,0,74,-39,20,-49,-32,-3,17,-68,36,-96,52,72,92,8,-97,98,63,90,99,-83,-95,50,-46,39,-41,97,40,-93,78,-21,93,-46,93,-96,10
-57,-95,68,27,34,-98,-11,89,58,-46,-65,100,-64,-39,-24,100,57,36,-27,31,23,-11,-47,-55,-75,45,-54,-34,-83,-35,25,-55,9,-27,41,-62,-6,-58,-88,23,30,16,39,41,77,97,22,-85,-67,23,-62,-79,58,-88,-52,-39,-84,8,-22,89,-15,81,20,62,46,48,58,45,-14,-87,-56,37,-61,9,96,68,63,-14,67,-45,-90,-5,3,90,83,-53,52,-81,-7,4,-91,-99,54,42,-42,63,-32,74,-76,-70,90
-54,-53,-41,25,-26,32,-81,-94,38,-36,1,11,63,49,24,47,41,44,27,-45,-67,-11,-36,91,-40,100,54,-50,-96,28,70,9,45,-26,-73,-67,-87,-85,4,-88,-38,95,-93,-9,-69,-97,9,-19,12,-57,65,67,-38,60,70,80,90,-80,72,-73,-97,87,26,13,-73,-78,5,63,2,-99,31,-53,-70,-6,3,-40,-21,43,-98,-32,-25,9,87,-90,86,-33,-13,-30,-97,-76,-22,-35,-3,-72,-9,54,62,-85,-31,48,48
8,17,94,-89,97,29,-26,-59,-94,73,-34,-3,-8,19,-18,-2,43,81,10,14,-55,82,4,-90,-94,41,80,-63,-72,7,40,-71,-54,95,-56,-80,-83,27,2,43,-91,18,45,3,54,9,-86,-25,85,-84,49,-69,-49,-89,32,1,-79,-87,-38,52,-73,-77,-50,-41,-91,3,-89,-90,-30,-5,67,-1,-76,58,-93,-27,-89,34,82,77,-57,-57,62,37,18,-85,27,-38,-77,-71,-26,-1,-64,-45,33,92,13,13,-58,-61,-62
42,40,-27,42,-84,-19,18,87,34,29,-14,-17,27,31,-46,22,29,-81,-69,-31,86,59,-43,-81,-51,-78,17,43,-39,-46,63,32,-4,48,-63,-52,-18,-49,-88,83,87,8,-66,99,5,-17,-31,-72,17,51,-36,-95,-11,-20,-69,40,-17,-35,-75,63,69,-78,-12,-51,91,-85,-30,-3,20,85,29,88,17,-66,-42,90,11,95,-94,11,62,91,-56,-43,86,0,34,-48,11,-98,-39,99,-82,32,80,99,-43,72,75,-68,-10
29,-38,36,15,-18,-92,-74,-60,-80,-11,-31,62,91,79,81,-67,99,93,-50,92,-29,-67,-49,30,53,-21,-29,10,13,-88,-5,12,-16,-8,-32,73,-74,71,17,99,-3,100,-50,49,-24,79,34,-45,-35,15,-31,-85,91,65,86,66,17,39,93,-9,11,71,64,-85,95,32,-38,90,97,6,13,15,84,33,29,-76,82,47,63,95,-36,-75,-63,-79,-78,67,-57,-75,69,-98,50,23,-58,86,-1,16,-33,-6,-65,-71,77
55,-77,-99,-15,-17,91,96,-45,-30,-98,97,58,-66,-96,39,-6,69,83,35,46,-42,76,-49,23,-37,-39,86,-30,61,-67,-50,-64,-56,39,-11,-96,-83,-31,54,87,-57,-5,35,27,-87,47,54,-87,-75,-75,78,-66,-72,81,-77,-98,47,74,85,-16,-69,-72,76,-14,-1,97,-71,-79,-94,92,-21,92,-86,68,35,54,73,-24,-3,-50,74,35,7,98,-72,-77,-50,-89,66,84,-36,77,97,-86,-72,18,-29,-95,-55,84,-23
-50,-98,25,-52,6,52,19,-68,-2,8,-44,78,37,-3,71,13,9,36,77,-43,-39,-20,-55,80,85,39,-31,-33,62,84,-31,60,64,98,44,23,26,-31,4,99,-7,-57,-44,-31,-42,65,41,39,50,-24,30,-94,64,-20,77,1,-1,55,83,27,15,-20,-65,-46,-53,82,76,-76,83,83,89,2,91,-70,-11,1,-75,68,-34,-86,-31,88,25,82,-58,-79,-1,3,-29,-100,75,45,-88,33,75,-13,4,62,-15,-69,63
50,-56,11,87,-46,-47,15,-64,14,58,94,-46,44,98,51,49,61,-14,34,16,4,-46,-39,-78,-93,-5,32,77,59,4,14,-75,76,50,-9,-60,58,65,-72,52,19,75,-92,32,59,-52,-33,-32,-6,9,-64,57,-5,69,-95,-62,-89,51,-45,74,-25,80,41,20,100,83,-77,-47,8,-84,30,45,15,80,-80,95,-61,-31,2,23,-71,-70,-8,-73,53,-40,-54,12,-6,6,53,27,-70,84,-4,-14,-2,-58,66,48,84
-24,95,40,52,-18,81,-72,-62,44,29,-21,-98,-19,84,4,93,-8,45,-26,-22,81,-29,-99,-56,-76,-83,-35,63,7,24,87,95,-29,-51,76,32,-22,-41,24,34,-47,-2,-3,-67,-79,14,-12,89,-89,6,43,17,71,-65,-83,27,35,100,49,62,47,16,-57,83,-76,76,90,69,52,64,50,82,54,69,-32,51,-91,-54,-38,-95,51,-4,8,76,18,87,-68,96,98,-56,-20,-81,19,-12,87,27,23,-4,-53,-28,31
-85,14,-99,-52,-22,-10,10,17,-36,47,-18,-13,54,86,41,-69,37,-6,34,42,-11,86,58,19,34,-84,20,30,2,-89,-22,54,-97,-9,47,57,91,-45,-5,37,-96,-70,76,-47,-70,-71,44,4,-4,-59,-85,99,-39,28,-41,76,34,64,46,-28,95,7,76,-7,7,-93,-10,2,-98,-18,28,45,43,52,66,40,-49,91,54,54,31,-27,-87,-57,80,-11,99,30,72,-5,-67,13,43,2,91,-7,-73,23,58,-64,-83
-18,-85,84,96,53,82,-17,-68,-95,-89,-91,62,62,50,50,-36,-24,-16,18,-26,81,-24,21,73,52,10,30,-39,19,-91,27,-8,22,-15,65,-5,-45,58,-85,-13,-75,-73,-33,62,-36,29,-3,-75,20,-65,-79,-80,-62,48,91,-31,-14,-52,-8,-77,16,95,-48,62,90,-6,10,35,-5,55,57,72,89,-80,64,-4,83,65,-50,-35,-81,73,-29,-88,-87,91,31,-90,-86,-23,52,-85,-8,99,-33,57,-80,85,83,-16,-2
45,-44,-86,-38,-93,16,-70,58,-82,-90,83,-18,-24,-52,82,55,5,-15,96,83,-93,-36,25,38,36,-16,0,97,-79,-52,68,37,96,-25,-46,68,88,-12,-19,85,89,44,16,50,0,-23,32,-24,83,-57,-96,-43,-95,71,-51,24,-59,-81,-99,-15,-89,-66,-75,-92,48,-70,47,-64,48,32,78,65,81,-84,83,40,-28,0,55,-67,-94,54,13,-54,-35,22,54,86,-46,64,-65,28,47,91,-51,-86,-45,-65,-42,-66,88
40,-9,35,87,48,39,-23,-78,76,-5,-100,33,10,96,3,92,-52,32,-46,-98,49,31,-64,57,54,55,17,-17,-68,1,-11,45,52,31,78,5,27,71,58,-1,37,-21,88,66,87,-28,-6,-50,-79,-90,-46,-50,-59,-36,-58,-99,32,-37,99,-59,-65,46,23,32,-38,36,10,-15,39,-58,-21,-97,39,-25,-73,45,55,97,17,-73,-56,-76,-37,30,-54,63,-40,-59,-46,-84,-36,-100,-36,31,-14,-56,18,28,-99,-26,82
-97,-75,-59,54,-50,38,74,-93,-63,-18,13,-80,-93,21,-71,25,99,78,-67,10,58,1,-89,-97,79,66,84,99,-59,-49,-8,61,-17,9,3,5,41,-61,-25,-61,-96,51,-34,59,55,-19,-98,-83,69,-98,-83,2,-18,50,18,39,-94,-23,81,3,-29,3,24,4,-74,-92,79,-32,-17,-79,75,95,25,-29,-3,-24,24,60,43,30,69,13,75,-19,81,-16,-77,-62,11,-66,54,74,-91,72,34,-82,-51,-67,-97,-94,3
-85,-83,89,-5,60,71,-33,95,16,-35,-99,-84,-8,8,25,-18,-81,-10,34,-15,77,30,19,-44,74,-80,83,-73,-29,-55,28,29,-38,-95,66,-82,-33,54,64,68,57,40,-14,18,-7,26,-84,-16,-71,-18,33,-99,-59,-91,-50,-10,-30,95,10,89,-49,100,-40,-21,-20,19,-65,-77,-40,-49,96,-10,-48,93,-8,-73,40,-64,50,8,78,-28,-83,69,11,-44,37,25,7,-13,-97,28,-63,-56,-48,72,66,4,-78,-17,31
-15,-41,45,75,15,-61,-82,46,85,35,-52,95,58,-61,64,35,80,-41,-24,-41,66,41,-7,-14,81,-22,-28,17,34,-13,-44,90,84,-23,-48,-14,90,-84,46,-48,6,-63,-72,-87,-67,-79,-9,-14,19,-83,4,-34,90,-37,-23,86,-60,60,-85,-15,-67,81,78,43,-27,-53,-96,79,-50,-73,-18,89,-62,-2,28,-15,-89,-77,82,8,-89,-57,-86,53,91,48,-4,80,65,-36,-22,80,95,1,32,-43,38,21,3,65,51
59,-80,-57,70,33,76,30,66,47,-93,-63,65,-7,48,76,-99,-27,-14,66,28,-51,-11,-92,82,-48,22,73,-78,-90,-31,-100,80,66,93,-58,61,5,-94,24,68,-1,-82,-14,-38,84,41,35,-3,84,3,-3,72,-2,93,4,-39,92,-79,-66,-98,-81,71,92,-23,30,71,79,88,86,18,-36,-11,37,100,14,-40,71,-30,72,70,38,-46,-13,-48,51,-83,-40,-36,-8,97,-40,46,-55,-43,-13,59,32,-39,11,50,80
94,96,37,88,82,-89,-48,57,84,91,2,99,-56,89,87,95,63,19,19,24,-33,80,-39,67,25,-86,26,16,37,-53,99,-9,-6,54,41,88,40,-15,-55,3,-12,12,-95,53,-39,-72,-36,-30,17,26,69,28,-44,-76,1,56,-71,29,-82,-63,-28,-62,46,-39,-99,-30,65,-36,-21,77,32,-8,-9,86,-49,-23,-16,86,13,-76,63,93,98,-92,99,32,-88,-19,57,-38,89,44,56,-52,8,1,27,66,41,1,-46
-91,70,27,-7,-7,43,27,58,-71,24,37,13,-66,48,52,-96,-93,66,-36,90,-40,66,-51,82,69,-35,66,-82,-58,-15,-100,-75,-46,86,-31,16,-11,-9,-40,57,-35,-60,7,-7,20,98,17,29,-72,22,-87,79,5,-71,67,81,27,-30,-62,89,-8,-59,-71,-73,-33,16,-71,12,-76,61,37,13,-56,-53,80,66,95,-25,-55,73,68,-4,82,63,55,-53,25,-28,25,62,-28,-98,89,87,73,-55,15,-64,-11,65,-29
93,-94,22,69,34,-90,92,-64,66,-41,-37,43,91,41,57,-57,-73,-65,-10,95,26,-52,85,99,-81,-49,51,0,63,-73,9,60,-64,-41,56,-27,91,-23,69,35,-64,-39,25,36,-64,4,40,-59,-26,15,-47,87,-57,78,7,77,29,77,27,-40,-2,55,36,34,-26,79,19,-90,31,-6,56,-29,-11,-86,68,82,-90,82,-29,36,34,-58,80,-23,-1,17,-32,79,88,-98,66,91,25,-98,90,96,67,-58,14,-74,-15
-52,32,-7,47,0,89,-5,-87,-74,-72,-12,-37,-52,72,-38,-57,30,-63,-95,96,-85,35,-77,90,37,8,100,23,-1,60,56,67,92,40,3,-1,-72,-29,-58,82,-7,1,-80,-93,-55,-20,-22,-77,-31,-81,2,-12,11,21,17,97,-84,49,-24,-17,14,-77,41,-37,-34,-39,-50,48,40,27,43,70,-1,89,46,30,52,27,-58,-81,58,35,82,-63,-67,-55,-33,29,0,-68,-1,81,37,3,7,66,-65,-53,-95,-68,-44
77,80,-83,50,36,-29,22,73,-19,-96,-33,16,-41,81,87,-61,65,-4,24,2,62,-22,75,79,12,-36,30,34,62,18,0,-48,60,-95,4,-77,6,-48,-69,-97,28,37,-50,98,49,-44,99,-17,62,-50,-23,42,-4,-41,27,12,-79,49,-76,-66,-34,-21,-57,30,52,-93,-6,81,-57,15,95,-42,81,-86,51,-14,77,17,-17,91,-75,-3,-38,-4,30,-85,-53,-100,-86,1,94,14,38,-14,-96,-35,-23,-5,35,-11,-1
-11,13,40,-45,82,-75,54,17,-12,77,52,73,-39,6,-39,40,73,71,-46,-77,92,-42,3,-55,-35,-28,-47,39,-98,-37,64,40,-26,-37,8,97,-33,-22,66,-48,-84,-31,16,75,-54,-35,-72,28,61,59,63,-83,-97,80,33,-83,-90,2,-82,36,-34,-35,14,-48,-74,37,27,59,-57,-85,-69,-45,-55,-70,-2,16,73,7,-33,16,21,44,76,-2,83,-42,90,98,-16,-47,21,32,-84,-66,-15,4,-23,59,-33,-76,-24
5,-75,24,79,40,60,44,-80,-35,-93,-98,-91,-42,84,-99,95,-49,31,-26,-96,-22,52,18,4,-11,-57,-42,-11,-16,52,-95,-53,20,56,-100,49,-1,74,86,-31,-76,-76,-86,87,72,-62,-58,79,-19,87,-84,98,-78,-91,58,24,-5,-20,63,61,-85,58,87,50,49,-29,2,-69,34,-4,-71,-35,-15,47,94,53,-29,-58,-30,-24,62,23,-86,-58,73,-90,-70,52,-21,-69,40,22,93,56,88,-38,8,-92,-64,-21,-46
-36,-50,-69,-62,10,-48,-42,-78,79,-9,98,-30,-1,34,38,-71,81,100,59,-84,81,-56,-10,10,-53,54,-77,53,-41,-51,87,14,-2,91,94,85,-15,-25,-14,88,79,0,-83,-29,-86,-50,-76,44,4,87,62,-34,-90,48,95,86,-98,66,20,98,-78,-39,67,-92,-70,17,-97,23,9,-18,-7,-43,57,5,20,63,-50,53,-2,-58,-89,-98,-98,74,-79,-36,29,21,-40,-17,-49,-14,-16,-17,-23,90,3,94,-78,-67,9
-53,-25,67,-48,3,29,-82,21,19,-68,50,-62,-97,59,20,-40,-4,85,99,0,74,38,-49,48,-9,-83,-21,-7,-15,16,90,-61,-35,15,-87,-41,14,35,94,42,86,-20,-96,2,-27,-15,-92,-57,-51,-9,-18,-52,68,-75,-66,-4,10,-89,-17,-69,-29,-8,-89,41,-76,-50,-31,-17,-84,-21,65,-74,-94,95,82,66,68,77,-7,-36,59,93,80,-13,-71,14,84,87,-83,-66,68,-26,87,80,55,8,89,-29,18,-37,-93
-25,5,-51,46,-94,90,3,72,-23,-71,91,-51,4,92,-57,29,-24,-28,58,-31,-83,-75,-95,95,-97,49,3,-21,8,-52,2,-49,-96,22,99,65,52,27,-32,-43,75,-33,-66,62,73,-96,-48,-90,-78,-91,37,6,-31,99,-20,-20,81,-13,-32,34,28,-49,-14,55,-74,-84,81,71,-10,-51,-50,18,-6,38,-63,-44,-47,45,-49,78,-89,36,55,19,-5,70,-5,17,-78,16,-49,77,-58,40,-10,-78,84,46,-97,34,-16
92,-59,70,28,53,50,8,21,-19,96,0,-1,63,-7,-51,99,41,-76,-67,46,-3,-96,-18,99,-1,100,-66,-32,92,70,-28,-62,-48,-69,-5,29,52,-78,26,-56,-66,-41,-29,97,-57,-73,-76,27,-40,-20,-35,-35,49,-84,-53,-8,-77,-56,92,-15,68,-19,88,-76,58,-35,-18,21,42,-80,78,51,35,-95,-23,33,50,-47,15,34,9,-74,-99,-15,47,70,-89,-46,16,54,-96,-5,-2,-51,-66,57,61,70,-96,80,-44
-12,-80,-42,-54,92,-98,54,9,49,51,-94,-79,78,51,13,61,-74,17,74,82,-68,-8,82,-35,-72,20,-21,56,93,-40,85,28,-69,78,87,4,-13,78,35,-44,100,-72,60,98,-38,-26,94,35,-98,75,51,-76,-22,-98,87,-91,73,-88,-95,25,44,-94,2,-83,-76,-69,1,51,90,19,86,-15,3,-93,41,-68,-58,39,-65,95,96,-27,-95,-96,-19,6,86,23,-35,63,91,37,40,-41,63,16,67,16,25,16,-23
-28,-34,-88,28,87,61,-1,-45,20,-83,-26,35,44,-84,-87,21,16,-38,-70,-39,29,-98,-18,19,-11,-22,-97,41,81,-83,-92,97,-4,31,62,-48,5,42,84,-77,-40,5,10,-54,-56,-58,-80,-3,-71,-56,58,-43,-38,52,42,-45,99,25,-4,-58,-83,-9,-6,10,-62,-73,-77,57,-7,-26,50,42,90,98,37,100,64,-43,-28,17,-58,-12,-81,96,51,-34,-60,-68,9,-37,44,11,-30,57,-30,-26,92,30,95,-49,90
83,-25,34,29,-69,83,-57,-59,-46,-75,59,15,41,86,-61,-14,42,73,-44,-57,-78,-2,-4,-57,48,18,-50,-46,-1,84,-17,-72,71,56,94,-84,21,-32,30,69,97,28,-100,-86,32,-57,-45,63,83,-5,84,76,5,-52,-32,-100,17,-64,-18,-85,19,-32,4,80,54,-85,22,78,-67,-50,5,-48,12,4,73,1,44,44,-27,-56,-53,-74,12,-53,86,-97,49,48,27,92,98,9,-48,80,-74,-40,62,90,-48,-97,-73
82,32,50,-27,-17,-47,-81,-33,-71,-17,2,39,-57,-25,-15,88,-97,-90,-95,-57,-26,41,28,39,84,-79,-14,68,-3,52,64,-13,57,-34,80,76,-75,-40,75,-21,26,-12,63,59,-41,21,53,12,-23,5,48,73,-10,22,89,50,-52,55,-75,21,-6,-95,55,-31,43,80,-15,-20,96,-23,-94,-80,-29,26,-41,61,-18,7,66,21,24,37,-66,48,-98,-12,62,75,-23,-76,1,-64,91,81,-51,28,-89,55,-30,-80,-8
9,-3,34,-68,-58,31,-58,35,-11,-69,6,95,34,-22,94,99,-87,-51,-31,78,-52,16,-93,61,-66,-83,-57,-44,-63,20,-74,-83,-13,47,-76,60,-60,28,-37,-9,27,-95,-74,-60,-25,69,4,41,-14,48,-74,-61,-26,31,-17,48,70,35,-2,64,-63,-3,51,71,13,-49,98,39,-18,-54,85,-8,78,-69,-49,-33,47,-79,15,69,45,-86,49,1,94,-66,3,50,1,75,-40,94,95,-21,29,58,-65,-86,-10,70,80
-27,8,-24,5,-9,-3,-54,-94,-30,63,-70,40,59,54,-29,39,100,32,-77,-34,81,67,-59,63,-68,19,90,-54,92,-72,-10,2,-97,-22,-66,-63,-7,-61,98,-44,-36,1,48,66,6,-100,46,-75,95,16,-28,-3,55,0,80,38,63,15,97,-16,-26,-45,32,-29,77,79,-14,96,25,-60,-83,-10,57,12,-40,3,-29,24,-3,20,-15,-59,8,-57,-23,-55,59,12,-62,91,-57,-52,79,-83,0,62,71,-21,-67,-56,-24
11,47,-14,-28,98,-53,84,-23,-30,-15,-2,20,45,-14,-27,29,-3,52,-3,53,25,56,-48,17,-5,12,-72,92,26,-16,-36,-51,80,-40,-8,-17,-12,-76,-73,-37,-73,-97,82,-75,-20,-16,36,-78,-53,-30,77,16,-62,8,60,-87,9,-69,34,-53,99,-91,-80,-50,-16,18,19,0,-26,-46,66,-54,65,5,73,-93,-40,56,78,-11,87,-27,0,91,3,75,-53,80,62,-31,53,-47,-51,22,61,-58,-80,78,-13,68,-7
68,11,21,-36,-45,8,81,51,56,69,83,55,63,95,83,-86,85,-70,-32,-68,18,14,48,46,45,95,14,-95,-73,16,-16,11,-78,29,-13,-78,-61,-96,10,71,-76,-68,-98,-98,30,22,-17,97,-60,-50,-85,-73,33,51,20,-15,-75,-13,-89,-87,27,24,-96,1,-20,8,-53,36,19,75,82,-12,54,-83,63,71,-61,-83,-65,91,-63,-10,-4,56,33,-38,91,-51,46,-23,3,42,-39,-46,-76,15,-32,-54,-66,43,83
-44,-41,-69,-76,-18,-27,35,-62,-1,-100,-25,-98,-9,-83,27,19,99,-94,87,-77,-86,-15,-42,12,-15,61,74,28,68,31,-73,90,31,26,100,-21,25,69,8,-95,-37,-56,77,-1,-7,-10,54,78,19,-50,75,26,46,95,-86,-30,44,-19,-26,67,17,9,-43,78,60,-90,-54,-8,-36,-8,2,-38,74,-94,-67,-58,-48,-82,-3,-4,95,91,76,-88,79,-46,2,43,72,5,-89,-84,-60,-47,-66,24,-60,16,-49,82,37
-41,42,-19,-49,-5,-24,80,-76,-48,-56,2,49,-61,-20,-97,83,-27,-52,-93,-82,84,-26,-69,-67,-73,-75,-33,22,-9,61,13,16,-29,-41,36,87,-5,-96,9,32,-43,80,-95,57,57,-2,24,56,-37,-6,27,-54,94,-64,-52,86,-14,20,-65,-51,-58,80,-92,66,-99,-14,-41,-84,-6,25,-50,1,89,66,25,46,-7,-67,-16,72,-22,-29,47,27,-52,87,-72,71,-59,12,36,35,-8,-6,-6,78,-41,-63,-38,94,37
36,99,75,-31,-5,96,-99,13,-56,-83,-64,11,26,20,-89,52,-70,9,61,-47,-15,22,-55,-54,-3,-14,31,2,31,-55,14,30,-58,-86,-13,-56,72,34,-89,-34,-73,4,-91,-90,14,87,-44,-33,77,-34,30,54,-51,-5,-14,-36,-77,55,50,60,-45,48,89,70,90,98,-22,-24,37,-44,-88,43,-89,43,-24,-15,-12,-48,-93,82,-8,86,73,75,73,-31,76,19,80,52,-86,16,-13,-73,-9,-58,-11,-31,51,-91,-36
-98,41,-20,48,-39,-39,-39,18,95,-88,0,-91,26,-88,-63,-22,84,60,20,-85,4,-29,-82,5,46,11,-87,-69,3,19,-16,52,-52,95,-4,-93,50,-38,-100,42,88,-14,78,-3,98,34,23,3,73,-8,-2,55,-63,53,54,-42,-36,2,12,-73,55,67,-37,-24,5,31,32,10,-93,-33,-50,-100,-6,78,91,-28,-7,-62,14,9,57,32,-97,-49,45,19,-9,59,76,4,-35,-75,-29,-64,56,-52,-21,24,88,-66,14
79,-37,7,36,-72,-5,18,-38,-48,-69,-27,11,-21,14,10,-5,-47,-27,-11,67,82,-93,-52,94,70,-77,-1,-72,-77,-70,93,-51,-92,-58,32,-97,44,41,-66,62,-13,-76,23,89,27,21,-3,-40,-97,-53,59,-6,21,57,0,92,67,52,-23,-41,58,-63,-19,28,-27,-37,-8,-14,20,-43,-48,-87,-29,-10,-57,92,91,-98,-86,86,98,-81,56,81,79,50,46,-84,10,24,2,-93,-39,-66,46,25,-24,80,61,-57,0
49,40,-54,97,-91,-97,-27,-44,-64,-33,-84,-82,-21,38,-8,95,40,-99,-77,15,5,-78,86,-45,99,-91,98,5,-24,-57,-10,16,70,87,-1,-25,84,79,41,61,-72,-51,23,93,-54,91,94,-42,60,51,91,3,-9,-71,-37,-18,21,-55,-6,-21,78,85,-16,-100,27,73,88,18,31,-45,-29,29,4,94,-78,-48,16,7,-80,95,62,98,79,-85,84,-69,36,-48,-79,-61,-37,-75,76,-18,-40,-79,24,49,-77,-35,87
-52,16,-60,-11,66,-88,7,-88,15,-33,-74,-74,-78,-46,39,-45,-61,-81,-84,-7,29,71,-40,34,-18,79,-70,-71,-28,-83,-22,14,-41,-50,60,-53,27,66,-88,-80,8,45,-91,-60,17,26,44,-93,43,10,-26,-62,38,26,-9,51,80,78,19,-59,-8,12,-85,90,22,20,89,34,-53,-88,-97,-11,76,-86,-95,2,67,-9,-32,-83,-7,92,-57,83,-45,-39,74,-88,-73,48,-43,-84,25,-88,-19,-49,-68,-50,48,4,-74
-95,14,34,-75,-39,33,-13,49,-98,50,-69,64,-84,-19,95,-30,-27,20,-39,-78,86,64,80,77,-11,37,10,77,-1,54,38,-89,-92,-47,-36,62,4,1,67,-40,-53,-56,32,82,-31,-94,-5,-33,94,64,90,8,-55,-98,15,23,-21,-81,35,-2,-85,66,-39,-22,80,7,-27,71,-41,-13,-15,-76,-77,-92,52,-45,-60,-31,74,-50,-31,-19,-100,38,-42,-85,-72,-85,-92,88,-19,18,75,-33,62,48,70,-46,-26,-96,74
-58,-5,-20,-13,-48,75,43,-76,35,81,59,4,-87,-49,-74,92,-34,2,-93,99,55,-24,-35,-15,-78,43,15,-2,32,-75,75,7,69,-50,-66,87,13,64,-79,90,18,83,-51,-54,88,-50,-98,23,1,-25,15,-32,77,71,99,33,-15,4,-51,-46,-12,4,83,-74,-20,87,38,87,-9,15,99,-60,-83,17,29,8,46,-13,-52,-26,-84,-49,-60,86,-60,-39,97,81,-27,61,-3,-7,53,-44,-21,41,69,-35,-30,-57,85
-80,55,87,-21,41,-78,-35,-99,95,26,-93,-87,20,40,-37,69,-39,59,-26,-58,-73,29,-19,33,-53,-67,-75,1,97,-14,66,-33,82,11,35,-57,84,79,77,-23,18,-51,94,-84,-17,84,-63,-59,-56,-97,-41,-26,94,-43,83,-84,-21,-20,-23,-43,-96,-13,-68,64,76,-60,-58,22,-19,-81,10,-23,39,-78,-23,-73,25,-80,-52,-30,-16,-28,-35,59,24,-55,12,97,10,3,61,46,-7,83,0,-81,50,-4,14,-73,6
91,-47,18,73,-49,28,-64,36,34,-42,12,-23,9,-81,79,-91,-55,29,49,38,-77,-41,59,-94,39,96,56,-11,59,55,-55,78,-62,98,-2,66,-6,93,-18,-26,32,-1,53,-65,34,-81,-51,-36,-94,33,-36,-8,71,-83,-38,-59,-38,-43,-100,-89,-91,-18,-94,57,49,-27,-100,-7,5,-37,11,-35,-99,49,52,94,3,-69,-59,-59,31,-26,-80,-45,40,-58,-100,30,-15,-33,1,93,-92,-85,-20,-2,-19,72,-33,-75,79
-33,30,57,-56,53,-27,96,-26,-59,-57,-27,63,92,-68,-81,-79,-17,3,-82,43,-85,-97,74,45,51,-35,24,-5,-9,97,-22,-74,94,-85,-16,-96,41,29,-2,-17,-68,63,7,89,45,56,-65,31,58,-50,70,30,-60,53,41,65,74,-43,-86,-99,56,85,7,31,80,89,-94,-25,97,74,-8,65,60,-93,20,-90,-11,-43,60,38,-1,81,84,-46,-58,-13,-48,-53,-42,-5,14,-84,-37,-4,-88,82,44,14,52,14,59
-86,69,76,8,19,-99,-26,39,36,-20,-71,-1,79,95,35,72,-46,18,1,-18,71,-80,-85,-54,-34,5,65,21,-92,-66,-67,4,-91,53,-66,56,-100,9,-2,75,48,-6,-72,-24,-79,41,-25,58,80,-17,47,-64,30,-8,-32,37,-100,24,-5,78,-61,72,53,-64,97,-45,40,-99,-78,19,94,20,-87,-33,76,56,-25,-71,89,-37,-10,87,-47,-56,-47,-99,-75,-33,70,-71,-46,29,82,69,12,17,61,93,66,89,-57
60,5,82,-80,-3,-11,42,-14,55,39,-26,46,25,-69,-23,37,-40,-78,30,-22,-54,19,-61,45,-42,-33,-8,36,15,-95,35,-51,-93,83,63,38,89,22,22,-95,-56,-21,95,15,40,71,49,-7,-66,-10,98,-87,-45,-76,22,73,25,-14,91,-52,93,-27,-73,-7,-100,-3,-83,90,8,-70,40,-8,-67,-54,63,-56,-73,4,-87,85,7,4,-55,-9,77,-69,22,-35,16,-98,0,-42,-46,-39,80,-81,-90,-35,72,57,-100
-90,42,34,-91,-55,4,74,-38,-38,59,-5,-56,-12,-41,-54,-68,-25,-32,78,-99,-92,-28,43,36,7,97,79,-7,-20,-70,7,-55,68,-28,-61,21,26,70,-2,-82,-16,81,-59,99,-1,-51,-36,-31,-34,63,96,-59,-74,-32,55,55,-28,3,-17,51,-72,-80,73,25,87,-41,71,-99,78,57,40,99,57,98,58,85,57,13,25,-89,-26,-95,-82,49,74,8,-37,92,-14,-27,-47,50,-43,0,73,-57,77,-28,-19,-59,42
-97,63,-18,-1,87,76,42,67,-34,43,87,97,-7,2,-65,-99,-39,-2,-57,30,-9,79,-15,-82,-65,90,4,-65,-82,-42,59,-13,-94,-57,-76,-65,99,55,-26,3,27,-81,55,-33,-70,53,-43,-21,77,46,-84,-28,-92,99,81,-87,14,-32,-30,-87,-27,56,60,47,-24,-54,-85,19,97,77,-68,-97,-34,-58,-52,27,0,-74,-60,10,7,-61,12,1,22,-1,-24,-93,27,-55,-8,-72,79,70,-12,3,99,28,18,91,99
-11,-36,87,92,9,-11,-10,37,80,-59,59,-96,96,-9,-39,5,-96,-6,14,-79,27,35,-50,-68,70,-69,4,-100,-69,16,18,-54,21,62,5,55,-75,-64,34,37,-86,-29,-79,67,-85,-28,78,-81,-37,34,-48,33,49,-36,61,-40,-34,-40,-14,24,9,-64,91,75,-23,-9,99,-34,69,-24,-48,62,9,58,-83,55,-35,31,2,14,-57,-15,-54,-94,-4,73,8,-88,77,-70,44,-28,51,94,18,14,28,-54,89,40,-50
-57,5,67,-10,-61,30,44,-78,-63,11,57,19,-20,70,15,24,-1,28,-22,69,53,5,-33,99,7,-34,30,-2,-13,-40,-89,38,26,-92,34,56,34,-90,59,-50,-50,58,-85,39,-4,82,31,-35,20,-64,-93,57,-27,9,-29,8,35,-95,-29,17,-94,30,-44,92,-2,-95,74,52,-77,81,55,-95,13,46,6,-45,-80,17,-97,83,5,7,90,-65,-90,57,-28,-45,-27,22,37,-86,-72,-84,-22,47,73,-28,12,-61,-100
-85,-73,-61,99,99,57,14,-61,72,34,76,49,-34,43,-59,92,50,12,11,-73,3,89,26,70,-25,-83,49,-21,-99,-69,44,58,11,50,-24,-53,50,-9,59,12,59,61,-92,35,53,20,10,72,-84,60,-57,-79,-60,33,-34,49,89,-12,-42,53,12,50,-49,73,-40,40,52,-59,-30,-27,67,-85,35,-54,-12,-43,92,15,49,27,-21,-86,-25,-69,-19,82,-10,-98,60,-8,37,-80,34,-19,98,34,81,40,23,-20,14
-74,24,-31,25,4,26,4,-25,49,79,-85,57,-13,13,-20,-88,-37,36,-38,-40,47,72,33,-99,63,-29,19,18,-13,-7,-67,-78,48,-50,-65,62,-50,-74,-40,-98,-63,-100,0,68,-31,36,-42,79,-70,7,70,26,-24,-90,-56,61,100,-80,59,74,54,-37,84,61,35,-38,-32,-30,3,61,-87,-4,-81,-100,-21,81,-13,-15,-48,99,28,46,-87,-73,-81,41,-36,-54,-77,-67,1,-60,1,22,5,74,91,41,16,-99,-86
-65,-72,-97,12,44,2,25,96,-21,74,28,27,-1,-88,24,-21,9,59,97,-27,92,-94,33,78,30,38,-67,77,31,-86,35,99,-63,-91,77,-62,62,-93,-88,-62,-98,-36,74,-24,-10,-72,18,11,51,-23,-20,32,28,-37,-97,-55,-32,37,84,88,49,-17,32,19,-31,44,51,96,36,98,2,-46,-56,-11,-99,-6,62,66,-45,3,-72,81,99,49,0,-67,-95,-56,-91,72,-80,-33,25,85,4,85,-11,50,-47,-19,-57
57,82,29,-27,-53,-11,10,78,-89,71,-63,24,-47,20,-20,-68,84,59,-39,79,-72,-1,-7,0,-10,74,79,62,43,35,29,-51,-95,2,78,13,29,-61,-18,1,-61,-33,-81,-43,0,44,-35,73,-79,-82,6,-5,60,-89,-87,-55,88,85,90,14,-60,23,86,-19,-3,100,81,81,4,-75,-39,-57,-7,-99,-93,66,-32,60,100,-31,-12,-18,68,27,84,-42,65,79,-64,-87,-32,87,-23,-29,-70,94,80,-68,-21,-57,14
-21,-98,-93,98,41,-44,34,-91,-67,69,94,43,-73,-100,11,55,-79,58,-37,-56,-61,-57,-96,-75,1,51,-63,-7,53,71,7,-71,-36,14,60,14,26,88,-41,100,17,16,52,84,77,49,54,-22,63,13,69,-20,-14,-43,-50,21,-93,-19,-5,16,-29,-23,55,-15,-13,-77,85,91,-71,-16,-34,-50,2,-19,12,-86,56,18,63,2,-75,-59,37,14,73,-76,-84,91,29,-39,43,-6,38,-96,2,16,88,77,-21,53,16
-45,60,40,-66,-16,-4,60,-27,-75,-67,-96,-7,31,3,-89,97,-49,69,53,3,51,-90,54,-45,63,72,-93,67,-36,-15,-97,81,46,-3,7,-78,52,-46,-9,-98,-1,-95,-21,86,-25,-57,18,83,4,19,-35,37,-88,12,73,65,-77,88,8,-92,-70,98,38,73,69,-89,-94,-94,44,3,-33,71,71,-51,-68,24,73,62,-32,73,54,38,-12,77,-21,80,-23,88,30,63,-5,-68,-52,-72,-52,-85,-35,0,-64,14,-90
27,-19,-87,-86,93,-48,68,41,78,68,31,-93,80,-15,-66,43,33,-35,41,-30,77,-68,-28,-90,-35,86,51,-91,1,-84,-96,46,-29,28,-79,21,-95,-51,26,-81,-41,-99,-51,-23,-46,-42,-16,-32,-83,-95,14,66,90,72,-16,77,-66,-15,-42,70,87,-83,69,26,-80,15,66,38,59,67,92,-49,49,-28,85,-96,-65,32,52,38,-20,-20,62,21,14,24,-20,37,60,55,89,19,43,5,-49,-69,88,-38,26,-75,96
-6,18,24,-57,37,-70,-46,-92,72,-32,56,60,-9,84,-31,91,-63,69,-35,55,92,1,9,-42,8,-39,41,57,-17,60,53,-17,14,20,38,-2,29,44,0,-89,95,-57,-31,-97,22,19,68,-35,33,-97,77,13,-72,-66,85,15,23,84,9,33,-45,58,35,-67,-20,-58,-27,-8,-65,-62,26,59,-62,-11,26,15,-58,4,-63,58,96,30,15,-4,8,-20,-15,-89,-63,97,-29,-85,-37,-34,64,-5,4,-82,72,8,-26
-40,81,3,-12,-66,-97,25,-79,91,81,56,81,-15,-56,-43,-69,83,-45,-71,-88,6,-77,-97,-97,-73,31,-67,10,-96,94,8,6,-45,50,95,26,54,54,-62,54,78,-97,35,-58,32,98,87,-50,9,36,9,24,-45,-84,-79,87,55,-4,66,89,-43,-85,-91,-36,-76,-94,28,46,100,100,-45,-59,3,91,26,47,-30,-35,7,1,-5,92,1,-67,53,21,-48,-3,0,-21,93,11,-98,-90,-28,1,-87,18,-87,72,-42
39,30,83,43,-99,-40,16,-35,33,-91,-47,-19,45,36,74,-51,-18,27,-84,93,56,73,-89,58,-73,86,54,55,-49,93,-1,2,73,-81,-72,-31,-14,-79,-20,-43,60,-70,-43,-50,-25,46,27,62,-62,49,-96,-54,-8,37,-12,71,-25,22,-3,67,-91,-9,-70,-38,-35,76,-41,-9,61,-78,-79,85,-100,56,-13,-28,15,67,86,-54,70,-35,4,53,66,62,-58,-72,-28,62,62,-97,27,-55,44,91,-61,-38,-95,-62,-18
18,-44,-33,98,-94,-24,-46,38,71,62,12,-88,49,90,-63,34,43,-68,64,7,-38,21,94,-32,87,-62,81,-96,75,48,-99,-38,55,-46,79,-5,-48,93,53,72,24,-66,-89,-18,33,-83,44,-64,-77,75,-44,64,55,-74,-81,98,-24,-64,44,-29,97,-42,-84,57,-72,77,-28,-20,38,-31,-81,-60,-98,1,34,-74,28,-89,-4,-51,34,0,-100,-56,89,20,79,-74,-38,-94,-16,6,58,-19,-52,57,-79,-98,-43,-96,-62
60,-45,68,88,0,-85,89,-16,57,27,-57,84,92,0,-21,23,78,-73,80,-7,78,-4,60,-49,-88,77,76,-95,39,-12,13,6,38,47,-99,-17,-26,-84,-26,-75,-85,58,45,59,43,-37,-6,17,53,-87,-3,46,-49,-24,51,-81,-99,70,-92,16,80,-13,77,-63,-86,-74,-3,-33,95,-49,-80,-36,46,26,15,-20,-57,10,80,95,83,-40,95,-90,77,48,18,-1,40,-72,-71,63,-72,-37,75,98,-81,31,-71,1,-49
-17,81,-92,-46,-26,-95,-34,97,88,72,-8,17,-9,-31,-76,-8,47,-75,-53,56,22,5,-72,-35,-52,5,95,6,-100,-20,-11,-27,23,91,25,-58,-87,-76,73,-86,75,19,12,-45,-30,-63,-49,-20,61,-31,-87,-21,-2,83,38,-41,39,-60,-85,13,10,-75,-59,-94,100,-10,0,8,33,73,43,-94,41,79,-83,-96,31,27,40,84,-81,61,23,10,-46,-59,-97,-34,66,4,63,82,-78,20,-21,13,11,-16,-78,70,35
-54,-87,-54,-97,14,-26,-32,-75,17,-99,37,50,86,-3,-95,-78,61,44,34,-57,-95,-29,91,62,92,-57,32,45,16,-36,-11,82,-72,-26,-73,-77,77,10,94,2,-63,-81,5,26,-41,-92,-52,-55,64,36,97,85,36,16,83,-86,6,-1,-22,74,90,57,-94,-26,-46,-3,-71,94,-18,2,-28,90,-61,51,-64,57,-40,-61,-15,90,12,35,-70,74,-24,-34,-84,-96,-50,-28,-21,-29,35,94,-43,74,-61,89,-61,37,96
-41,28,-36,-99,-48,-41,63,83,-18,-89,77,-26,-51,-33,-80,-95,24,-21,52,-83,11,-89,58,-98,1,31,-23,97,44,60,-100,-89,-50,36,-12,15,79,91,-4,-14,-9,-25,-21,-26,-81,16,56,88,57,65,73,-63,-2,-98,-12,-41,-4,75,-20,27,99,86,91,66,-67,35,82,22,14,32,-5,-66,6,72,-76,-88,-19,10,73,-98,-1,-95,60,-40,37,-84,-66,80,-16,-68,65,-72,23,-22,98,-45,51,-47,-98,-17,-13
63,55,-9,24,-11,-76,-87,-21,-26,-69,64,28,-3,-59,-52,-76,-61,54,96,42,-62,76,-92,-83,-22,52,-70,-5,-43,69,-84,69,27,58,-17,-44,62,86,-52,70,-19,15,-71,-23,-94,-15,28,16,-51,4,-78,-70,-62,-67,28,-99,-27,-88,100,-28,-97,-20,54,41,82,-65,-22,98,-43,87,0,46,-84,78,2,-42,70,-38,-4,39,-16,35,-57,-16,91,97,-85,65,-87,-23,-9,-32,70,-36,21,8,87,-27,53,-53,-45
-4,-53,16,76,-12,-41,10,87,3,29,70,-79,59,-30,-58,81,79,14,30,6,-16,-56,11,48,71,-29,29,-71,90,-31,73,-71,49,-65,-24,83,19,-56,92,84,60,-31,-4,39,-16,36,-95,-25,-60,-1,48,69,67,34,-73,11,-47,50,39,39,46,-16,-53,99,-36,5,81,-63,-61,87,66,54,99,-49,-25,-74,99,-78,-98,-58,59,27,7,40,95,-90,18,-1,-39,-25,24,-29,-71,-9,50,57,45,-80,7,-33,-36
51,-35,18,63,64,-71,70,60,76,-69,-12,-56,-92,67,-12,24,16,80,-67,50,29,-59,63,1,-35,79,-68,6,-78,-42,94,-46,16,-4,76,-2,-9,3,-29,59,11,43,-94,88,24,50,100,58,-96,-34,41,18,-18,-50,-91,-39,-16,-59,25,19,-28,-25,23,-97,32,-1,-89,-26,13,65,-60,92,-21,92,43,-46,81,62,61,27,93,71,17,-57,100,-65,99,45,-68,4,-99,-43,-15,11,-60,100,-13,1,-91,-61,-34
-21,-45,88,-1,31,-66,37,94,35,-25,96,-17,-13,-80,80,83,67,75,-46,51,28,-68,21,-32,23,-88,-31,-70,82,81,52,-16,37,69,-90,73,-92,-8,-81,36,73,-63,29,-54,-74,-38,61,-97,61,66,36,-34,-23,81,60,-72,-86,2,-89,4,-70,52,42,83,-16,-14,56,98,-88,-68,66,-79,88,-98,-46,-17,-66,51,-30,54,96,-30,-94,15,-85,31,-66,98,95,-7,-83,-93,80,-78,-55,61,-58,-83,10,-11,27
-17,-55,28,50,-52,30,-42,-56,-10,-53,32,-46,-12,-99,94,-70,41,-36,-33,-82,36,-43,63,23,9,67,51,88,8,-35,60,-53,-86,-48,62,20,-85,-90,29,78,-93,-13,-94,-89,16,71,-77,-20,35,-93,94,20,-70,-4,43,-62,-23,-50,14,-77,-44,65,7,24,22,32,98,10,73,-100,-21,-56,-2,55,-68,-71,-44,44,88,29,-24,31,40,-10,71,-76,-46,-62,-73,68,-3,65,28,65,68,42,-61,32,23,-37,11
78,25,-46,-39,65,-94,92,43,42,75,28,32,10,-49,82,-95,-48,-88,-37,64,-12,10,-10,6,25,-67,18,53,70,-55,44,-32,81,-8,33,-74,33,-86,51,-29,17,16,55,40,62,29,-21,-56,-23,-32,-59,-87,-79,45,66,26,-50,99,75,14,-28,-40,28,8,-28,43,-28,47,-25,-44,-18,11,94,8,39,-94,83,-42,-68,65,-29,78,-3,70,-59,-84,-71,-97,-33,77,-90,-34,-93,62,0,-84,41,42,67,-19,27
-12,-36,-3,32,-5,-74,-77,22,-19,41,-93,-7,71,29,-73,4,-62,-35,-62,-62,23,-18,23,7,-16,-22,3,47,-43,99,-19,-67,39,16,100,-63,3,-7,71,-61,55,-96,34,-39,8,-62,-55,44,98,-67,75,-62,-27,61,-98,22,-32,47,74,15,-21,-93,66,21,97,27,13,-53,9,94,45,-83,90,-83,-67,16,17,-65,99,21,-49,90,15,-16,-68,33,-63,-89,-63,82,1,95,-65,85,-99,-61,47,-88,29,-78,-90
73,92,-45,-65,92,-71,10,-92,29,-38,80,-12,-37,-25,-54,93,-99,-14,35,-98,-84,35,47,-25,-68,-57,12,32,-13,-78,24,0,-56,73,66,40,-38,-55,43,43,-89,-49,-74,-34,27,-78,58,-59,-32,-60,-66,68,32,-95,55,22,90,-45,-67,2,-31,42,78,13,-57,-43,-46,18,99,88,42,31,85,-7,-7,-4,-94,-5,52,-1,-12,-85,-96,-52,-67,-1,-52,-36,95,-100,71,-14,8,5,58,-32,100,-63,83,29,92
