-35,11,-7,16,-61,61,46,70,-97,15,24,-36,-76,-72,35,-22,-51,79,-41,65,84,-24,-79,-84,24,41,44,7,-26,-61,99,-78,-50,72,45,18,24,-70,66,52,15,-80,-51,33,78,61,92,-1,-67,16,63,-44,-7,-7,70,-44,-4,-8,-80,65,-68,-57,-16,-68,-95,51,33,88,-79,-24,22,-89,30,-58,31,-85,5,71,22,93,70,30,-52,-85,90,-87,39,25,16,53,48,73,65,-4,70,4,6,0,-33,61,7
64,8,-28,-69,-75,19,18,-52,-78,71,63,-41,71,43,47,20,-96,-58,92,18,11,-96,-35,-1,28,8,15,85,-39,-33,56,86,-19,35,-3,22,3,47,36,77,-67,-59,60,83,-22,-53,29,48,68,20,94,-94,11,-100,-64,88,-97,-44,73,33,22,79,-91,-33,57,-17,-71,-78,35,-15,-8,20,22,17,8,88,-24,50,59,62,75,-10,-8,-55,27,-37,-59,-42,-84,-1,-79,-95,-59,26,94,41,-75,12,99,-87,3
-66,45,95,-3,75,42,54,28,12,38,25,14,33,99,61,-44,-45,-63,-30,-55,-50,78,78,-63,-24,-74,23,3,76,41,100,97,53,0,40,45,55,-87,58,62,94,5,-71,76,92,-49,4,-26,-45,69,39,-55,-83,84,-8,26,-48,-85,-84,-60,32,60,-21,-69,-57,-31,93,12,39,89,-47,60,18,61,54,-42,30,47,9,36,-71,36,-94,-91,59,61,-73,-30,6,-46,-23,-58,-68,-38,-16,56,-82,23,-34,91,-93
4,58,-32,53,100,-10,-19,59,42,99,-21,98,-67,93,46,98,-29,68,-1,81,-27,-90,86,-67,18,-26,-8,47,-70,-59,-69,-37,39,43,-8,27,0,-92,-28,11,12,20,51,-5,4,69,14,-12,-29,-54,-69,-48,14,-10,-66,-16,-26,-96,-89,41,-33,36,78,4,59,-47,-37,-98,20,86,-71,52,-40,77,-51,65,-68,-94,-1,-60,-24,-18,-44,-5,-98,-80,-25,36,-82,19,49,-8,-50,-15,-79,-26,80,41,78,-45,56
27,47,-10,39,-77,-14,62,97,-39,99,17,7,-90,-12,-58,65,54,-44,-6,69,-37,-57,-96,54,-30,5,-45,19,-79,-99,78,94,89,-43,-82,-47,-57,-74,33,45,7,-85,-2,89,11,28,75,-67,71,-47,20,-45,-82,41,-69,83,-51,-84,-58,76,-5,-10,-56,33,-82,-50,-13,-53,-5,-96,-8,-30,42,-78,-89,-68,43,32,83,83,-79,-37,-87,81,88,-29,54,-36,-100,34,-61,-86,-82,-76,92,-21,5,-29,-63,67,-60
96,70,22,75,-9,-11,66,53,55,87,-14,36,20,-6,7,-50,64,-14,-56,-27,55,5,-12,-69,-71,69,-1,-95,91,-87,-95,97,-35,-63,30,20,3,-74,-54,-24,55,61,-56,28,-89,-90,46,5,61,-94,-12,12,-61,96,-28,-35,32,-48,-95,-57,33,31,48,90,-75,-18,-24,77,57,-14,98,-35,56,-60,49,93,-95,-78,95,82,-9,-56,-23,-10,-19,20,-36,0,-58,-38,39,-40,12,-9,63,-4,59,-65,-59,87,8
68,77,55,-24,-88,74,26,6,4,33,2,50,-67,73,88,-80,-65,-20,96,29,17,80,-73,-60,10,62,56,100,17,33,12,23,-2,-63,39,38,19,68,-26,92,-12,35,55,7,89,-66,43,-81,-95,33,15,-22,-33,-44,29,94,-7,83,19,-50,70,-86,-64,19,-66,27,70,51,43,1,14,-99,-26,-67,62,-88,-43,-29,-52,99,28,74,81,-97,69,62,47,53,76,83,76,-58,-2,27,64,38,-53,-94,-14,26,-70
-69,-68,-99,16,-18,35,5,-33,95,-62,-63,36,-23,-39,-90,-72,-54,62,-71,43,69,-89,-17,41,80,54,-89,21,35,55,46,-32,16,-19,-85,51,-64,-3,-1,-32,-1,-6,-91,-43,-7,88,86,63,95,16,71,-61,63,76,35,-98,-57,79,21,-30,-87,64,-84,64,78,46,62,-54,70,22,-38,45,-79,80,64,-43,31,89,77,68,-7,-2,-81,4,92,-28,-53,81,65,-71,10,96,48,51,79,-36,85,-47,25,37,64
20,-40,67,7,57,-44,66,-47,-24,-98,56,9,11,-48,24,-47,60,-22,94,47,36,-84,-28,97,19,-24,29,-69,22,-36,55,16,-39,36,-16,41,-70,-89,99,11,83,-68,-45,18,-9,73,-30,75,67,-30,-67,-32,-11,3,-43,0,-31,-50,95,-79,41,34,52,80,69,-60,-48,-42,-80,16,72,-20,29,-22,-26,100,9,22,-34,42,64,66,7,72,-8,-39,93,-33,-35,-78,-25,-14,-79,83,42,92,3,-4,68,-82,-59
36,33,-5,-20,-23,45,-5,2,-37,-71,-15,100,88,-23,-2,16,26,-85,56,-21,-60,34,46,-2,-79,98,17,-98,-99,72,-73,-60,-67,-79,-18,-30,49,-37,-87,25,-74,-66,56,5,-42,-69,-29,-19,-10,-5,36,12,71,-95,-57,89,-7,-42,62,36,-20,-79,-79,9,99,20,-24,-27,75,78,-86,-57,-79,41,22,-47,-69,32,89,-35,-33,18,-89,-48,-85,-30,73,-72,-68,-84,37,62,75,89,-61,-90,67,-70,-80,-10,58
62,12,93,-31,10,25,54,67,58,-24,5,-46,41,48,-11,50,-56,57,-17,78,-65,-78,-92,-99,97,-10,-57,75,-23,-62,40,-82,-49,-2,57,34,22,-5,-21,-52,99,76,-58,59,60,-14,49,60,73,49,23,-22,-34,98,-39,-91,-77,-19,7,21,-62,67,-61,-20,-23,-4,-60,-28,36,93,38,75,-49,85,-54,96,40,-49,-93,69,88,3,3,11,86,-21,19,58,89,80,12,97,6,-21,80,-89,-27,-58,51,-70,-52
88,98,-7,73,23,43,85,68,-69,-44,74,-29,-10,72,-95,-22,13,-78,32,28,-57,67,74,-8,98,86,-100,-32,-78,-71,-81,-32,65,-80,91,-2,96,48,-19,-91,51,99,11,25,-51,-3,-37,-74,-64,10,-90,72,34,-80,-90,-7,-100,-97,37,-29,-53,-19,-36,-36,7,-91,37,43,-20,17,-10,98,60,-87,97,-92,-70,-24,-15,-99,47,58,-98,61,-93,-72,-7,46,-64,64,24,-73,78,-40,-56,89,-58,2,54,45,30
-60,86,-43,9,74,2,84,75,66,49,41,-86,65,-64,22,10,56,-60,24,-26,-95,22,-12,2,45,-4,-29,19,18,-55,15,-5,25,-81,-5,62,28,-44,47,21,-68,-21,-84,20,19,-66,95,-42,-39,77,-65,-76,47,-5,51,90,-43,-46,-37,-74,98,-12,9,-13,27,-97,39,-45,65,20,18,-54,17,-61,16,-5,-41,-14,84,100,-7,7,-45,-20,17,-18,-25,22,29,63,-99,-9,-69,45,-73,65,-39,97,66,60,-69
48,17,53,62,-99,-87,-74,95,13,12,98,-36,-43,51,50,66,46,41,1,-100,98,66,-54,98,-26,-26,-47,-84,83,86,-22,-14,-57,-3,16,-15,-23,18,-80,31,71,21,-74,50,-6,-97,39,68,-7,-62,-67,-84,59,62,-65,49,-19,5,97,7,-50,-28,6,-61,-81,-25,67,61,-10,71,19,83,-51,24,11,-96,71,80,14,47,-85,8,-57,-74,81,-92,92,49,41,-93,-13,85,17,-7,28,81,11,76,79,-52,37
56,-20,66,-47,-1,-67,-17,-15,-89,-86,-78,9,25,37,26,-46,2,10,28,-13,25,24,-61,-39,-63,-71,76,-2,-99,58,-61,-4,-5,42,-77,60,-43,-66,-28,-29,-52,-28,-23,-65,37,-82,-30,36,33,-81,84,-16,-31,93,41,19,20,85,-14,-56,-99,81,-44,47,78,68,-41,-10,-1,-21,-67,84,-57,-40,-44,-92,17,-35,-77,20,7,-6,-97,-47,15,3,-26,53,42,-60,52,-8,9,90,28,-35,-31,-36,60,59,-96
-27,-43,-30,-55,-68,55,97,1,-11,-39,-6,94,64,79,-18,-68,-37,3,98,-81,84,13,1,88,21,61,-80,16,16,-8,55,-38,-26,17,-63,1,95,23,-50,91,89,-3,78,6,-88,96,95,77,-30,27,-88,7,41,22,30,92,90,-4,83,-6,-84,-53,-22,66,7,-83,-100,-19,33,100,46,87,26,-6,-2,15,-15,-65,93,8,23,76,-69,-83,29,17,-15,65,41,-29,9,-82,-98,11,-77,89,61,78,-63,-46,10
-93,99,43,28,-61,80,-58,-69,1,68,-48,-62,-55,-35,28,94,-94,-49,-72,-76,-27,85,84,68,-71,-46,-21,97,-44,-78,-11,4,85,4,68,-31,-67,75,-9,72,0,44,-47,-76,-70,-59,-79,-24,-35,65,33,4,-19,-12,-57,-44,-10,88,-79,-34,56,-63,20,11,-59,-63,74,24,-53,-46,-93,22,-62,52,19,58,41,-36,65,-39,23,-7,-100,-78,-87,38,32,-23,100,-46,70,-72,-51,-84,19,-74,-76,-74,15,-19,68
12,-31,14,-76,-72,29,-14,-30,81,-41,63,-15,-78,28,76,-57,-70,-93,-90,-27,-100,-15,-99,22,22,-24,-65,24,-42,7,-40,99,31,68,1,-39,-15,-20,-55,-56,2,88,-65,-6,100,-47,-20,29,-68,85,-41,-33,-19,70,71,39,23,53,59,-15,69,63,-25,-4,70,-17,86,-51,25,23,-22,-35,57,-95,46,62,-56,44,-18,-100,-19,66,-45,-17,72,81,-96,84,89,-82,-20,17,50,95,-8,24,-68,92,90,-99,48
75,58,-97,66,81,-73,27,-99,36,-49,2,19,66,84,89,-7,-25,-47,1,82,-66,-73,12,-18,-75,-36,-38,36,-31,-14,-10,-56,-53,-48,-98,78,-17,36,80,-43,-47,10,-2,-99,93,-99,-72,67,-74,31,96,-53,75,-40,95,-49,-56,-16,-48,-40,9,-88,-91,6,-67,-42,-37,-2,-13,-88,-34,89,28,-9,-68,-99,-73,-52,0,90,2,-36,95,-72,75,27,-34,-53,37,-66,61,-64,15,-7,40,15,-72,-88,-17,59,77
68,-83,-66,73,2,-5,-91,-51,-60,-71,-77,-37,93,-29,78,68,-5,46,61,71,22,-44,-81,44,-89,-61,-82,59,5,4,-64,-20,-6,-22,34,98,18,69,62,15,-67,-14,-70,76,30,-97,-57,-4,75,-44,62,33,-1,18,11,-36,57,80,-53,-25,-43,-89,-63,-7,-5,12,-66,-17,-25,57,-44,97,-94,60,65,-47,68,-46,-29,-5,75,-23,70,30,43,42,36,72,42,-91,93,14,-65,62,-59,47,13,-36,64,0,-94
-4,-43,-43,94,-70,78,-92,100,-84,-67,-27,-4,-36,20,43,-75,-51,-99,-32,-39,-2,28,36,4,-81,-7,56,-22,-57,57,89,42,73,15,56,-13,-10,-23,-37,8,38,96,-72,62,-67,-37,-66,-2,77,-56,-37,-62,-74,-36,5,-50,74,-86,-98,51,22,25,29,6,100,-37,94,-62,17,-10,-73,36,3,-8,-43,-18,64,92,-47,17,87,-2,19,-15,51,-84,-34,96,-99,-34,99,-11,47,-13,-100,-95,99,98,37,-5,42
-20,-64,24,60,16,-32,-62,35,-84,14,-34,37,-79,80,1,-76,-76,56,42,-21,-55,-72,77,10,-70,47,-87,82,-77,-42,74,-78,42,39,78,24,-32,38,39,-82,70,63,-30,-77,83,77,-13,-72,-62,-33,-10,89,-84,24,-22,-13,-85,-8,11,91,-2,25,-35,-65,55,-61,-18,100,-95,-51,89,-97,57,23,55,-28,-85,83,93,-10,-59,34,29,-88,-91,-25,-81,70,-41,-71,58,-66,-33,62,-71,-97,98,1,-77,-67,-21
-92,16,51,31,-92,-29,-92,-83,31,-98,76,14,12,-24,90,84,76,16,87,-37,-8,13,59,-96,60,68,26,3,6,59,0,-79,-25,76,-41,-87,-96,-94,-89,-45,92,28,-50,-62,66,96,96,-56,31,-37,-52,87,20,61,-85,-10,23,-14,-29,-84,8,-35,74,-12,-74,74,12,6,11,-71,-35,-6,96,-65,-49,-27,28,-98,-90,71,27,-83,41,-96,29,76,-17,-58,17,88,62,20,-59,-84,66,3,-67,37,18,-65,-30
-47,-23,-62,-75,-19,46,65,94,-9,99,-86,55,30,76,99,-85,-19,-24,-50,1,-74,0,-10,-89,-61,-21,97,91,-82,3,-17,-53,9,-26,-72,71,38,89,-100,-24,-74,-35,-45,-39,70,-11,49,-99,-50,92,69,-78,-82,55,80,81,-50,-55,-95,18,-89,-45,-97,58,-79,-63,2,-9,13,89,97,-43,99,-50,42,-91,-13,14,95,-11,-76,-67,33,70,12,-82,-49,73,-68,-18,81,36,81,32,65,67,-44,-5,71,-48,32
-74,90,22,-23,79,-55,19,-50,66,98,-56,-37,67,55,8,-8,-47,7,-30,-5,-58,-5,-97,59,-32,-5,47,-19,-63,39,-71,72,-90,41,-25,79,37,30,-48,68,0,-76,92,21,-96,86,27,-45,52,-85,-35,20,-34,-4,7,61,-41,-11,46,-67,97,68,93,-86,59,-83,38,-15,17,28,-80,-55,-91,3,-37,29,42,89,22,97,88,82,23,23,-89,-61,-76,89,73,71,-2,20,-75,-99,34,-77,44,-11,-8,26,-41
89,80,32,27,-73,52,-9,97,-23,38,-19,-74,-43,-59,64,-31,93,31,19,-2,71,-95,-70,-7,-61,-23,47,-12,47,59,32,-57,1,60,56,-49,-13,66,-28,-46,29,28,-41,66,31,-84,39,8,-4,-33,-36,-60,-50,-64,-56,98,96,-1,-5,-94,-99,-85,22,-55,-62,-17,68,-43,-88,60,47,-20,-54,92,27,-35,38,96,36,-48,-33,93,-96,31,-2,-61,19,-48,89,41,-89,16,63,22,18,-69,62,-59,63,-61,-75
-97,77,98,36,63,71,-64,92,-96,42,-46,-100,60,68,32,-30,-18,3,-54,-44,64,-34,-15,19,-67,-53,-82,-97,-30,80,-55,54,97,69,2,45,49,53,-58,53,-16,71,35,86,-34,64,60,-70,97,-42,-21,-24,23,-34,-61,-65,4,55,58,-86,-6,-71,-54,-78,-91,22,86,42,41,-37,-30,-26,-36,53,53,21,66,39,60,43,-3,-34,82,-42,45,-16,98,55,33,100,80,-64,57,45,33,-75,-24,-15,44,45,64
36,46,32,-34,12,-94,49,49,-50,-33,-73,33,23,-85,-64,47,59,-26,15,-82,-5,2,92,-20,-33,-8,39,-41,25,1,-38,13,-53,5,11,-7,9,20,-55,-15,55,-40,55,81,2,-76,39,-84,-26,-44,-28,29,12,-58,40,94,-63,-7,58,22,87,-50,-38,47,-37,97,69,34,-63,-100,76,82,-80,-80,23,12,-17,55,46,-78,-84,71,-94,2,75,8,-61,-93,-39,-94,-68,88,-3,-75,10,-80,-19,91,8,-12,-57
-53,37,89,-74,-56,85,-90,-100,-53,-68,36,71,5,65,-4,68,-49,-75,1,-15,-19,30,2,17,42,-81,34,-50,61,-58,-90,-33,96,-91,-99,76,-68,-30,-84,-54,82,-41,-86,-44,-2,77,62,70,-13,24,37,34,90,79,-9,-23,-48,0,-72,-65,-88,-56,23,-10,53,-45,4,62,-95,87,-89,4,-70,-12,74,41,50,-63,17,16,34,29,-85,-55,21,-44,23,-77,-7,66,18,61,-11,80,-17,63,39,10,-24,-3,-47
31,17,3,-5,91,100,-38,-40,48,36,-83,71,-46,25,25,-75,-11,76,13,-17,0,2,-90,-47,-19,-29,41,-98,96,-49,-72,97,34,30,-78,-23,-98,57,19,-24,-27,97,65,-88,-57,-68,95,-19,-6,19,28,33,74,-17,43,77,84,-28,13,-12,35,51,-92,-45,-33,-2,-23,41,-37,40,78,-76,-93,-28,32,7,-89,-60,0,-42,49,56,40,-75,19,-30,-25,-98,-63,-88,-87,-61,-34,-80,5,-47,16,30,-59,82,-76
64,-14,-76,-73,-57,-72,-88,-12,9,61,16,44,96,-46,-10,76,58,88,-33,-15,15,-23,-95,8,-79,55,13,93,76,83,-99,41,-76,40,88,38,-34,88,56,-93,-92,-42,-74,55,-7,96,27,95,-39,-95,-62,4,65,0,-36,46,46,3,82,17,-94,93,-83,75,-60,61,-87,-19,-7,67,-54,15,-84,-6,-77,11,-94,87,71,-67,-33,-14,16,76,79,-36,-6,23,87,38,-63,-27,42,-67,-19,-95,-70,-83,-24,35,-2
44,74,-60,76,64,-57,16,59,-28,-45,87,-92,91,54,36,92,0,7,77,59,88,-72,-45,64,57,-55,76,-76,-45,87,-42,73,90,34,-38,83,8,-72,-38,29,95,46,-38,-72,-96,-80,87,51,-8,97,-19,-1,-21,40,42,11,0,90,4,-51,93,-45,89,21,-88,67,-38,-93,-22,74,76,-37,-76,-18,-58,86,-22,-35,-88,-26,-86,-83,14,-31,-88,4,24,57,-2,93,-57,70,-13,61,-36,41,63,60,-67,87,52
-47,-53,-84,49,46,90,21,-34,-61,-57,53,-88,-75,-61,55,-97,7,29,49,95,16,-82,46,30,35,22,24,7,96,66,52,96,-9,-23,-49,83,-6,1,-98,-10,-41,75,-88,-43,-11,-89,-96,24,-6,-26,23,-62,-86,55,-62,-87,-35,72,65,37,94,21,-28,-37,17,-94,77,-94,31,20,-21,-26,98,29,-15,67,-9,77,-84,89,-72,90,-70,-19,-37,38,-1,9,-80,40,13,-81,22,20,-100,-93,31,-54,-42,10,-69
-15,79,39,-9,-8,-23,-17,-80,59,-62,-63,-24,39,-1,-77,-77,1,-74,-91,-7,-78,13,-63,15,-78,78,-57,-3,66,-51,-81,-39,-16,-35,5,25,87,6,-25,-60,80,77,-23,-41,-32,84,96,-87,13,54,97,-56,-31,84,35,79,61,-90,33,-60,2,-23,94,3,97,-18,-69,2,-79,-17,9,-43,39,71,-7,57,-64,50,77,-82,-13,-59,26,38,-35,16,86,-4,50,35,30,-1,51,-89,41,76,-78,18,91,87,25
39,-71,8,59,-85,-72,-35,72,-37,30,-26,7,98,65,74,79,-59,95,93,-95,6,-28,17,1,18,60,62,-79,-37,-92,77,38,-59,-58,-94,84,-45,95,17,-80,53,58,58,3,87,74,-41,-88,10,-15,-7,-46,77,63,-81,48,38,80,9,-22,-35,-99,-39,-88,86,-45,-72,-70,-94,40,-11,94,13,27,-17,82,90,-12,84,97,81,21,99,59,-41,7,36,-49,-97,-89,96,51,9,24,-7,75,40,7,-10,30,-23
23,-11,-40,80,65,-39,63,-32,13,-92,-82,26,-61,0,-76,-38,-83,-47,-82,-63,-53,-18,-89,66,89,-63,-85,-65,41,92,89,-1,66,93,-74,-3,92,-5,50,97,50,-89,39,20,-13,-89,-67,34,98,99,-3,-16,-18,-17,95,44,24,-95,94,-56,27,-18,9,-89,79,86,-43,-34,-11,-89,16,-40,-54,6,-13,-15,-49,34,-13,-6,14,-49,18,15,94,-55,87,83,50,88,32,73,-29,98,-61,37,-70,-27,22,-23,100
24,13,15,-87,-64,62,14,42,-86,4,-13,-59,10,-92,4,100,-21,-87,63,-53,99,6,22,-91,24,78,69,34,35,53,-71,61,70,35,9,81,76,26,-36,42,69,80,61,-9,95,-83,40,-3,60,73,64,-56,97,-96,-81,-11,-21,74,-61,36,21,-12,-37,-97,79,48,-66,55,49,-61,-42,34,-18,71,83,96,81,-66,75,86,35,77,85,-13,51,-78,-77,-37,-86,-96,71,83,26,-91,-43,39,36,-80,31,-25,21
17,-27,21,-13,-73,-56,-66,12,8,80,-46,-64,-27,7,-28,-78,92,92,35,35,-91,91,24,12,-23,10,91,95,-84,85,100,1,-93,-94,73,-5,77,-84,-63,26,-6,95,60,65,70,82,16,29,55,75,-7,-64,-64,97,-50,-27,43,-5,-71,42,1,-20,-3,54,22,-43,-12,-28,34,0,7,-96,-49,40,95,-58,82,21,19,-93,80,89,98,-3,12,-21,82,76,-4,-25,55,-29,-69,-19,35,-64,-96,64,-87,82,-20
42,-39,-27,-27,-87,89,26,29,98,-13,70,34,91,-10,-20,-71,49,81,-44,79,8,-100,16,94,72,38,-96,-30,94,90,-43,-20,-100,43,6,33,-6,76,-96,84,76,56,56,-30,-43,4,39,-71,50,-79,-4,-29,-38,-7,-22,7,90,-54,95,74,6,-15,-85,32,-88,99,29,-24,-56,18,2,45,-48,6,-79,-29,-61,-65,59,62,-74,65,61,82,-41,80,93,20,89,49,88,24,-23,-14,-78,-100,4,67,55,94,-71
51,-57,-89,-23,6,-57,46,-14,-21,19,-77,-61,-3,-47,-14,52,-88,84,80,23,45,6,-50,-90,74,-40,-82,82,50,73,29,-26,-64,-27,-99,8,10,67,5,-26,51,-6,48,96,39,-41,85,73,-50,52,34,-28,-19,-26,97,-42,-20,-72,48,-75,80,-8,-85,-54,-53,-80,29,76,-76,92,-62,-89,-38,61,-2,-15,-10,8,79,-53,-47,89,-34,-4,-96,-12,-54,76,-45,-37,-31,66,-53,95,48,17,6,-92,-49,-72,60
-31,47,96,-70,46,-49,-78,-36,89,92,-34,12,-25,-86,6,40,67,48,-94,36,-20,2,-37,-29,57,-87,-64,89,68,23,-28,-57,98,22,42,86,85,-20,34,-76,64,32,-72,-9,-11,89,54,-73,-32,-49,99,89,73,56,-14,25,-58,-48,34,78,-62,87,91,15,72,95,47,8,91,44,-73,-43,15,64,74,43,75,94,-15,-40,76,-61,67,-9,-69,-72,59,21,16,44,-89,-100,-65,-86,92,-32,71,-48,8,-80,6
-67,83,-8,55,-23,14,32,-2,-85,80,21,91,1,-19,8,7,72,-93,18,-89,85,-58,52,28,-79,15,12,52,-80,-87,-36,4,-9,-33,-2,-52,11,-1,73,-80,-21,21,-45,-4,8,46,-73,-98,-86,61,-49,-16,50,-24,-78,-68,26,-3,76,-90,-59,-4,-27,54,-64,-52,-82,-65,22,-62,58,-65,40,37,65,-56,-12,-58,72,-17,82,-44,-42,-87,-93,-22,-67,-64,-37,-52,33,-31,79,-4,-85,-49,9,25,-57,-73,-15
53,-57,-33,-64,98,11,68,10,-97,-15,-53,-4,-4,80,32,53,-83,-72,95,-63,36,10,45,70,33,-99,-41,-82,16,-29,10,-69,-40,70,79,90,-38,5,-12,-69,-93,41,96,-92,-27,29,-40,-33,83,75,72,35,-79,90,-92,-34,-86,10,70,-17,-84,35,-52,26,15,-80,57,29,-75,65,-93,100,-76,-16,-17,-56,-90,-53,90,-94,84,-37,-11,79,98,79,-76,66,48,-59,1,-59,-1,-59,17,60,71,-68,40,74,-1
-66,-30,57,36,-22,62,-90,-29,8,55,-50,-63,-31,81,74,-28,65,96,-67,20,-80,-4,15,-75,85,-45,-74,-90,94,30,-37,-46,77,30,63,63,-69,-93,-33,4,4,100,80,-29,-51,86,-4,-86,-81,69,-23,50,-59,63,26,-50,-90,7,35,81,4,-98,-78,45,56,6,18,-66,49,-42,67,16,-7,-92,20,41,-86,-13,75,43,56,94,33,16,-6,5,-38,86,-90,-78,-20,-74,1,56,-44,-81,-20,-49,-80,93,-2
99,-15,-6,-6,63,54,98,83,-64,-87,4,32,-38,40,-91,65,11,-80,28,-90,-19,-36,-42,78,-35,25,-50,-43,-33,12,-36,92,69,92,16,-65,-43,7,-20,11,39,-83,44,48,31,-22,-69,-39,79,-91,-44,53,-86,80,-40,-27,6,-88,69,-41,38,-58,4,84,70,97,12,-31,-35,-62,20,9,36,-86,71,-20,57,-94,-21,50,97,-69,-75,10,57,79,3,29,96,82,29,-32,18,-69,14,83,42,-12,-20,-54,-67
94,-100,33,70,-84,-11,-70,-1,-32,26,61,-49,-67,-48,65,92,58,49,-10,0,99,12,-44,56,70,40,-17,-9,24,27,-28,84,-70,89,22,1,62,-67,33,-81,91,71,-90,83,-53,67,-56,32,-25,-3,-60,21,-26,45,-99,86,83,86,-8,35,52,36,89,80,-70,-6,-60,23,8,66,36,76,12,12,-37,26,-92,53,46,13,-53,36,29,8,82,42,6,44,-16,26,-48,57,1,33,-36,-58,28,15,-93,80,94
32,99,-20,46,66,78,46,-15,-62,9,-59,-57,-61,-61,-46,1,-35,-3,-61,4,16,-10,-71,-51,-84,45,83,3,29,-79,-34,-95,-14,-53,-68,97,-27,20,-33,-9,-49,-70,-68,-30,-92,80,36,-72,12,23,69,17,-72,14,-48,-75,74,90,-47,39,-28,-89,-60,-37,-11,86,75,-74,-22,59,-40,-13,-68,-47,-7,79,13,54,-52,-32,-53,-75,78,33,-5,91,-64,83,-61,-91,-81,-70,-55,-31,15,38,24,-26,-11,-36,4
94,-48,-80,38,89,-38,-94,-43,98,-17,-75,61,-8,-78,93,-61,15,-87,-8,-74,-71,85,43,56,78,45,-92,-5,85,-7,-47,6,56,-92,75,64,73,35,-78,73,15,87,-53,50,51,17,50,-53,-17,-95,93,-42,-65,-47,71,60,-68,-99,94,23,-91,-29,15,8,48,95,-73,-49,-36,-41,-9,9,-85,-58,-85,-68,33,-33,-74,-14,-20,73,-8,-9,-17,95,-17,-82,-5,-39,91,31,-100,55,-14,72,-12,78,-22,-6,-31
-32,-93,27,0,-65,-46,-69,53,12,51,46,58,-65,93,15,-99,22,75,84,65,-83,-74,-51,1,-54,-62,84,-90,-70,43,-89,-83,5,-6,-33,87,81,-97,46,-94,-84,14,-79,55,-78,81,-97,-57,49,-16,-37,-40,46,92,-48,-6,-60,-48,-77,76,-78,28,14,11,24,-37,32,12,-68,93,93,5,99,63,35,-27,0,-71,46,-36,-90,-7,-95,-59,-16,-51,-2,-56,-65,9,82,-52,63,63,20,-38,-6,-70,68,-6,-7
59,-23,80,49,-15,-85,-30,92,-5,64,-51,-95,-64,-60,21,60,30,-98,53,-89,11,-53,-90,89,-56,-59,-82,-53,-86,-46,37,52,-43,94,44,70,22,-8,46,-77,74,39,-76,46,-23,82,71,88,-87,-80,76,-38,-60,-5,9,1,88,87,-22,-4,-34,-91,-42,58,20,27,52,87,-98,-14,-82,33,87,-2,-69,-55,26,36,36,-23,44,70,50,11,-97,36,12,42,-11,-50,-21,16,39,95,5,91,-88,61,-13,-22,38
-58,94,63,-92,-33,16,39,57,-70,9,58,80,79,-15,-30,-43,5,-45,-99,89,24,26,23,-79,-30,41,-51,-74,100,30,-8,23,-98,6,86,-80,97,67,-26,-93,-27,-26,10,100,99,81,90,34,-42,47,84,22,-46,14,7,54,-90,62,77,31,-20,66,-96,-93,-64,-4,-40,92,-71,-26,36,-67,-90,85,30,29,90,-63,-58,-26,-97,-65,70,-91,88,76,-66,38,-4,-46,-76,-5,34,37,-13,-16,10,75,95,96,55
-9,66,-18,25,54,93,-21,-46,-19,-44,-19,51,48,-89,-19,-98,31,-30,-72,80,-80,-67,-76,-18,-81,-62,-20,-81,71,-95,-47,-80,29,80,82,78,-71,-53,-25,-58,26,31,58,-48,-3,-89,11,-54,-84,31,71,-85,-76,-41,-77,-27,94,-49,6,-91,-37,-55,68,95,-52,0,-24,41,-45,-50,87,-52,65,40,-24,91,49,23,-34,-7,-39,76,26,-64,-19,-37,52,-5,-47,26,100,94,2,-60,90,10,51,-89,30,60,25
-95,-33,20,-11,-43,92,-9,24,62,-41,90,36,-97,8,-30,88,64,-46,-47,69,-98,26,-4,-86,-39,-68,-45,-46,-69,-60,-5,2,95,13,19,-23,-51,62,-52,56,-8,16,-96,11,15,-42,-7,-84,-100,41,-10,-70,30,66,-40,-17,-9,-53,-81,66,-99,11,-16,56,43,40,32,-89,-65,-68,-36,42,73,-60,-17,-32,-81,-28,-63,-82,-52,33,-100,-2,-42,-28,86,-37,-58,66,51,-74,-98,-46,-98,4,48,91,44,24,75
43,6,-24,-63,50,-34,60,-58,13,-77,17,-31,61,-57,-79,-7,-28,-72,-58,57,12,-80,-79,29,13,-70,-15,-18,79,-24,-95,-87,-74,-23,26,16,-7,-86,-84,-6,48,53,24,38,-85,-91,99,-82,-63,97,65,-53,93,-44,-64,97,-89,26,-27,52,-22,10,64,-94,-20,48,-7,-94,-88,-91,68,98,-74,-28,89,58,-73,-4,11,-3,-12,80,42,-21,22,-99,27,-51,28,-63,-46,64,1,30,26,-83,99,11,4,-51,-3
-31,29,-28,56,-66,42,96,-15,9,14,-31,73,-39,27,-66,92,-17,-97,-87,-12,-47,86,27,76,-12,82,-36,-90,75,-91,5,-93,2,-78,-8,-81,-17,-41,-97,-46,40,-4,-74,76,-62,79,-14,72,-94,85,0,63,-56,-15,-43,-66,59,-11,-82,-57,32,41,1,-56,-17,70,54,75,-25,75,-16,53,-92,5,77,93,84,-49,1,81,-5,77,-81,61,56,-20,-63,71,96,-78,-100,-70,-64,-43,-33,-59,-55,37,-86,28,81
70,44,-6,33,-62,-7,-79,-89,-23,77,-41,-88,46,39,-61,-59,-26,54,-9,-69,13,42,-89,1,13,-97,32,-20,23,-28,-55,41,63,35,25,-43,51,-7,-29,-62,98,-45,-60,48,-93,-51,77,34,63,-75,97,-8,77,13,3,-69,2,74,-17,-72,40,57,-33,-62,3,-78,91,79,-37,-42,57,9,5,12,67,95,-63,-64,-32,3,-71,41,-42,-32,52,66,86,-70,-6,-23,91,-84,-99,-83,66,-19,0,-12,-90,50,-65
-62,-90,45,-74,-72,-61,33,-34,53,-62,87,72,-80,35,27,68,40,85,55,-99,30,28,-18,-63,-31,45,-51,-4,30,93,-77,0,-52,97,-60,-35,52,96,-41,-87,-85,33,9,-91,45,36,-8,-50,-88,51,23,-5,-4,-31,30,-71,-72,7,16,42,-27,-70,91,-26,49,35,-97,73,-10,-64,72,0,39,-24,-67,48,-86,-9,-45,14,-12,82,62,-70,-42,-90,23,3,43,69,96,-26,-67,-80,-98,-58,-72,45,43,84,-1
58,18,-69,-70,32,-59,18,90,32,91,-59,67,79,34,74,-79,-37,-97,65,83,25,52,-50,-72,54,-17,-50,14,2,-25,0,-41,-6,57,-13,-49,80,-22,-73,70,-60,-25,-66,-46,-88,-54,11,0,-100,73,95,19,-100,-20,29,31,-51,-86,-72,-51,62,47,25,57,-24,81,51,66,-38,-69,22,-40,-42,-63,-34,35,43,20,47,-99,63,10,75,-60,-72,-94,35,14,-90,13,55,-75,-20,60,5,24,-94,-43,47,58,-30
34,67,20,-67,72,-32,-73,-93,46,-77,-40,-35,86,-71,-46,-25,-9,-41,-82,89,99,63,-34,53,37,-60,31,3,64,-54,-44,47,-9,17,-18,58,46,77,73,73,59,-52,-51,-69,-79,-29,99,26,88,-22,-15,-92,-30,98,12,-57,-19,59,-52,45,-95,-52,-27,-87,40,10,-40,80,67,3,-10,-34,100,-32,-84,19,-19,-66,-89,-10,67,33,74,91,-2,-73,-35,-51,-73,-39,-60,-96,-20,90,-45,52,12,-54,56,18,-95
51,81,13,-18,-7,73,80,-45,-38,70,-21,-53,78,-72,58,58,17,-7,8,80,-48,83,-13,52,-25,-30,-89,52,-80,6,-66,70,81,-27,-89,92,94,-62,74,-78,-2,42,51,-91,9,78,67,37,-10,24,38,87,-81,21,74,69,18,-38,43,94,86,-74,2,-56,94,39,86,19,-72,85,87,-98,-76,-18,-67,52,-35,-6,-20,73,10,-35,63,-95,33,-29,-44,69,85,-42,66,83,-27,-25,-7,-56,83,76,-97,-54,89
62,-81,-73,-42,97,70,-16,17,61,14,83,-61,58,-1,74,-74,2,-23,-63,-91,71,-51,-82,67,34,-44,-32,-42,94,33,59,-86,91,-7,-79,51,-70,-31,7,97,-96,-91,55,51,-34,-68,38,-81,-40,93,85,43,-48,37,34,32,60,33,-78,1,-42,-4,-71,-1,-14,-29,94,-65,-74,55,41,-83,-21,-4,-85,54,18,-87,-38,-24,31,-46,35,6,83,-44,-28,47,29,2,-10,42,1,67,54,73,-54,61,93,-8,78
24,63,42,-59,29,28,52,27,-93,23,-45,-16,81,-50,60,30,-34,-28,69,97,89,-2,-24,9,-81,32,74,-41,36,51,92,-52,66,45,41,73,43,51,-84,-94,88,36,75,-69,70,-62,3,-18,65,49,-58,-11,-24,-60,-20,-16,-17,-85,49,27,59,89,87,43,90,91,87,30,38,36,39,16,52,-8,97,83,-76,54,36,48,-65,36,-28,30,93,-21,-40,58,57,6,-71,-30,-13,-3,-24,68,-13,-73,-52,-74,98
-85,61,91,80,83,-96,-3,-79,-67,-81,60,-44,-44,-39,93,30,-91,-58,-88,-40,-44,-17,-25,-13,73,-86,-78,-28,75,17,60,-76,-59,-60,-84,-26,56,-65,58,20,-94,33,62,63,31,4,-61,15,27,-25,35,-31,-9,27,-47,-45,-91,-56,24,-45,-52,15,89,-47,46,-52,74,50,-68,-10,-97,18,60,92,54,49,-97,-53,-19,-91,-66,90,39,-4,-52,-14,59,-75,81,-86,35,83,12,29,56,-47,46,-23,64,-72,40
-9,-51,70,53,-5,-20,60,79,-64,48,-95,68,-98,-48,31,94,-48,-9,-35,-47,3,-95,-53,53,23,38,67,-64,42,60,77,-53,24,-26,37,-73,26,36,-62,69,27,-99,72,73,-38,-73,-87,-63,-84,-66,3,-54,13,78,-38,72,-90,-13,-59,60,-41,-64,-27,40,12,-87,-91,-66,62,-31,-91,27,63,21,15,87,92,-72,87,-59,-85,-100,0,94,-93,-85,-100,69,-26,95,-53,-94,71,-16,-76,-89,90,9,64,-17,-25
11,-59,9,64,-10,-34,-93,-60,-71,-79,45,33,-60,34,-83,-91,-12,-64,56,3,43,45,-23,-58,91,-84,-76,-19,76,35,-42,-15,91,-62,-16,-83,52,98,57,-99,81,51,97,-64,88,91,51,68,18,-12,-37,71,-71,72,-42,-62,55,-19,72,-82,82,-5,85,-27,86,-1,-40,-84,-94,51,39,-36,-87,33,52,-98,90,80,-6,68,81,-84,-25,33,-35,-99,-11,54,25,-36,-78,65,3,-25,96,-72,-74,30,59,22,58
19,26,-61,-43,-63,-52,-88,-50,69,-84,-54,62,-71,21,-71,19,22,99,29,-5,95,78,-19,38,-27,-85,-33,-23,29,89,-21,-26,-11,-60,-68,-80,37,48,-99,-95,7,67,55,38,33,-68,0,-83,-94,23,-49,-21,59,17,-44,-53,18,86,-36,64,66,69,42,25,-79,-79,9,-65,25,-6,-18,-21,-42,89,-4,-24,-84,21,-13,96,39,-4,27,-99,-49,14,-2,-84,-88,-55,19,80,-48,12,85,67,-30,0,-76,-83,-58
-43,-21,92,-4,-18,32,9,-21,-77,49,-44,-6,11,-89,-53,16,-20,24,78,46,-75,-80,-2,-44,59,-30,71,25,68,-47,80,19,96,30,15,-5,99,-1,39,-70,4,8,-58,53,66,-33,-42,58,-98,-22,68,-71,-50,74,25,-65,49,15,74,73,-7,33,-19,73,-59,-57,-24,-78,-92,-99,89,-92,-34,78,-1,-62,-30,-32,-47,-88,87,-50,-88,78,-88,6,85,15,-84,-64,-80,98,65,-11,-84,96,74,30,99,53,88
24,-58,6,-93,-62,78,26,36,15,85,-74,-15,80,12,-74,-69,40,90,-25,-70,46,-7,70,51,24,63,0,-31,-73,-81,-36,-89,94,83,-56,61,-37,-44,44,-75,78,33,55,-26,-3,-18,17,32,33,-97,13,-41,36,-7,-62,-34,100,75,75,-51,-7,23,-96,27,60,-21,-80,8,30,-5,-68,-38,-83,-51,53,45,37,-75,24,-100,-26,78,91,38,-77,80,33,-65,-43,87,-75,-66,98,-17,0,-51,95,85,-28,80,76
-84,90,99,-32,57,-38,-33,-7,-84,9,-100,91,32,-76,-22,-79,-85,47,3,-27,60,-90,45,96,-42,35,-61,-26,87,-27,-89,-96,10,52,-55,36,34,-74,-94,60,-17,80,44,5,-51,-20,1,73,-58,-89,57,73,90,29,-36,-100,-66,63,33,30,62,53,80,39,-70,-12,97,86,-4,-83,-70,-6,-45,82,-38,22,-65,52,-58,9,-19,-81,55,54,-3,-62,-12,74,19,100,85,9,-48,-9,46,-4,37,21,-13,1,-4
56,90,-71,18,-48,-41,77,100,-48,12,56,-1,94,-16,-38,-9,32,95,73,4,-43,-15,35,19,-14,-8,-33,-27,70,-16,-85,89,55,45,58,-92,15,-37,95,77,-6,52,84,65,-17,-56,73,13,-3,-11,78,-78,76,-4,-48,-33,-66,-90,-86,-72,-27,-78,74,-20,-94,0,-19,-57,68,30,-65,-14,58,-35,-45,44,72,-76,-3,-80,6,-62,91,-59,-2,91,97,-2,-70,-100,73,-28,-76,98,63,23,93,-63,-29,-7,23
73,-2,51,-10,47,11,-85,-70,33,-39,45,77,-26,-13,-19,-9,-80,-5,56,-31,-83,85,79,-62,100,-11,-4,90,-75,-37,100,-64,-95,-18,-52,-65,-80,-55,51,87,5,2,4,-58,99,14,44,41,-77,100,12,82,-67,-25,19,81,38,14,-9,73,91,-7,30,77,-77,26,-18,21,74,-51,6,-24,-7,15,23,67,-88,-86,-42,23,-48,74,24,-88,-19,90,-18,76,-73,24,-70,-19,-79,-9,-14,-94,-8,70,-52,-98,39
41,-17,23,7,-59,-70,5,-35,97,83,-68,-66,21,16,-11,67,58,66,100,75,-66,-64,72,-85,-10,69,-89,-50,28,83,99,12,37,60,-26,17,15,-92,88,-60,21,25,-72,-45,20,34,-9,89,-22,35,-82,82,59,-41,-17,-83,-53,26,-65,-44,-26,84,-56,-61,5,44,65,19,4,3,-42,3,-43,-100,-67,9,45,-44,-96,-52,19,39,72,43,67,-72,-12,-100,-61,-91,-19,-41,-19,-39,25,-29,20,-94,13,86,38
-88,60,-17,-63,-19,35,-62,-20,14,4,-94,1,56,-16,-48,47,21,-43,-39,30,-1,62,94,-1,-99,4,54,-35,61,-27,-66,-16,85,50,-40,82,51,74,63,23,-92,72,-1,36,-14,69,-81,1,10,14,10,-9,-59,90,-76,-66,76,-14,2,74,-10,42,16,-48,-26,-9,76,-50,-49,72,-61,-58,4,43,86,-48,-12,64,-30,72,77,-67,70,-59,3,-99,16,99,55,-43,99,39,-59,20,24,83,31,-94,75,94,-6
-37,58,29,-31,-86,-28,34,-83,-22,-48,-72,5,-65,-6,-100,5,-95,-80,-95,-97,7,-17,99,51,-93,99,-10,1,-44,-70,18,-40,-21,-47,-57,65,5,-24,37,37,83,26,-94,-42,14,-11,-9,-21,-29,91,69,18,-2,46,-60,63,0,-74,67,6,55,81,-29,-62,65,33,-40,15,43,-69,-1,64,8,66,-73,-68,-71,-18,-50,-89,-73,43,-97,65,-99,-27,76,-12,82,-13,14,-72,-2,62,-87,-35,66,-19,-74,-26,-76
96,-62,-67,-24,-17,45,3,-59,-80,84,28,-98,6,-32,83,10,-53,62,23,68,89,32,-95,37,-69,20,42,61,-93,70,-40,94,39,-84,-26,6,42,-46,59,-87,91,-33,-30,-91,1,-66,-82,-38,-32,-13,8,73,-62,-83,-73,27,-4,53,-92,58,-79,92,69,-73,38,60,-29,-35,-14,-43,63,86,74,33,71,-55,66,-85,-81,-68,-18,-13,81,22,-54,25,-77,-25,65,-51,54,70,-78,-68,-12,95,73,-56,-59,70,-19
86,70,-3,16,-32,62,74,-87,66,-12,58,33,40,81,-79,-4,-91,-32,87,2,-79,-63,44,61,-29,-32,-21,65,98,-20,1,-58,-69,88,-88,3,8,-10,23,-54,-20,-49,-85,-9,23,-55,83,49,56,56,55,86,-18,-65,-58,-42,95,62,-41,89,-27,-78,37,-93,1,-40,-10,-83,-5,60,81,92,64,-66,21,81,11,-82,91,67,70,-89,93,81,34,78,79,-75,56,-27,30,-99,-42,12,84,-65,-24,29,-50,-99,67
20,52,37,17,-54,-75,-17,28,-48,-92,82,-34,-25,-55,41,66,-4,29,-37,-57,93,59,71,26,-48,-32,60,-67,47,33,15,30,49,36,77,-89,-36,-67,70,-71,32,58,-77,23,-84,97,73,21,40,-60,35,-70,100,39,36,-75,-77,-65,28,76,17,5,26,56,-56,89,-85,-3,-6,-91,-37,8,-61,-82,-80,-22,57,-55,-26,48,-56,-92,42,19,32,-88,13,-87,81,-49,-25,61,-53,-84,-16,90,-61,-17,6,73,95
50,-80,-26,14,-72,-90,-19,-42,51,-79,25,88,31,-6,-35,55,7,74,-10,7,12,66,0,-73,11,42,-10,6,48,51,28,-19,-51,96,-59,-11,2,6,-28,20,-82,53,-21,-58,-31,96,-48,77,79,-2,-74,-7,-68,-20,27,-86,-60,7,0,-66,-18,71,-62,-2,58,13,71,-80,62,-64,60,-29,31,58,4,54,1,11,99,14,-45,-76,-40,58,-27,48,-97,-2,-59,-66,85,64,-59,-48,33,-36,46,50,37,-37,37
-62,-77,-36,6,27,-99,-22,-81,67,32,67,2,95,41,26,-20,-38,35,82,8,-80,-56,52,77,-72,-44,-62,-97,1,67,0,7,-40,-46,-69,28,20,-89,95,79,93,-22,-45,73,93,-31,-68,6,83,85,-22,41,-48,-77,-34,-9,-55,-38,-71,11,7,-64,28,-40,8,95,37,37,-51,-45,-84,16,44,-48,15,-41,-6,73,13,-56,-3,-47,73,65,49,93,-14,-3,79,19,-92,30,39,-61,-31,42,66,26,47,62,-80
-5,-45,93,31,55,-20,-85,-36,52,18,7,41,86,9,-89,74,-38,-30,82,-16,88,62,-7,48,-75,-52,45,-41,6,34,-92,-18,22,-96,56,95,-87,94,-75,-67,95,54,14,-40,41,-22,0,87,-15,98,0,-1,82,-89,69,-61,-43,10,89,-87,74,-71,-4,27,17,57,-69,-67,56,37,-36,53,-51,-27,-59,3,-88,99,45,6,-62,28,-63,54,99,62,-68,-15,28,84,-53,-51,-75,65,79,9,87,18,-80,-81,37
-1,68,-69,-69,-8,8,99,57,73,-8,-31,53,55,51,48,-51,-53,84,-23,18,-82,4,73,-4,-33,-25,-98,-64,-1,64,15,47,-57,44,86,14,-80,-87,91,-67,-74,100,-4,-36,-34,43,6,95,26,58,-97,78,90,15,59,-15,41,20,-43,-100,-53,47,69,97,30,-32,91,60,-98,58,78,77,0,96,-39,-6,-79,19,-76,29,-59,82,43,-45,-31,-58,-73,-24,50,59,64,49,2,-98,-96,-80,94,57,-81,57,-39
-58,-90,29,67,-54,4,-85,-61,-89,-93,26,6,-71,-94,-74,-91,-71,-80,-93,-25,77,82,9,70,-5,-73,90,58,-24,-73,53,100,40,-75,61,-14,-23,47,83,-7,18,34,55,-92,76,63,75,-77,11,-94,-93,32,85,84,-49,22,58,-58,68,80,-32,-47,81,93,-23,2,-70,-22,-62,-55,79,40,43,-57,-16,29,-25,-60,-67,89,31,-67,78,6,37,-18,99,-85,83,-48,-25,-60,96,53,-8,-42,-36,-93,79,-5,7
-67,86,-34,45,100,27,-70,40,-13,74,-81,47,-83,32,-17,-86,12,-37,38,63,-84,74,91,73,78,-66,96,-96,21,-7,-64,-46,78,14,51,-60,85,-20,-92,7,-17,-54,-47,84,99,58,55,14,-61,38,-47,-5,-2,53,-10,22,45,82,54,49,47,-97,99,-47,-20,-37,2,30,-31,-19,19,4,-64,16,49,-63,-75,-96,83,-93,-63,69,43,-73,-80,-11,54,47,48,-92,71,32,-90,53,-79,-63,88,-52,-60,-24,85
-3,19,54,-12,-93,10,-75,-19,25,-90,16,-90,19,-81,-12,-26,-55,-76,-73,65,7,-79,-3,19,-69,-89,-60,58,-60,72,100,30,-12,-33,42,71,71,55,32,35,-32,-79,96,-16,16,40,-15,-3,3,93,-41,100,20,23,-72,-71,6,70,53,-77,-55,27,-33,-72,16,62,-78,-53,-33,83,100,77,-5,56,84,65,4,17,20,95,30,-11,90,-36,-89,82,8,-76,70,-46,-37,87,-93,-92,27,-4,-47,-85,-59,-24,-1
-74,-11,-53,-76,12,27,-30,-89,-74,31,22,87,-41,-2,87,-46,-28,-94,-35,67,26,-72,-15,-59,77,-53,37,-1,-1,-26,-82,32,6,-71,-63,-2,-88,-64,70,-79,13,-81,-20,7,-27,84,98,55,69,-61,70,92,-65,25,24,-69,13,-32,32,23,82,-78,1,11,-6,91,-71,-17,-87,-46,82,-39,-93,-25,-20,54,17,23,-89,-27,84,74,-94,-44,1,71,67,-75,94,40,51,-66,69,61,99,-18,85,69,85,-63,-35
-10,57,85,-28,-19,97,3,70,-31,-21,-88,57,-90,11,74,44,-53,-54,66,-59,69,13,-68,-39,7,7,-44,5,-62,-2,74,-56,-66,-35,-58,-22,-54,-64,21,-29,74,52,72,-49,44,-37,69,40,41,89,-18,-38,-37,78,56,69,-73,52,-37,72,-44,90,-88,8,-86,0,-8,-87,-50,88,-72,86,-78,-8,-85,-88,-58,25,44,26,21,-71,-64,-60,75,-24,83,61,6,80,61,-88,-53,77,-89,67,84,-96,-89,-85,7
7,22,18,82,-24,47,70,78,78,-72,-70,75,-60,-14,-41,99,59,-48,78,24,87,-72,97,-35,-94,-92,-82,84,95,66,63,86,27,-44,-76,57,20,3,7,8,86,-8,24,9,20,-30,36,96,-63,72,6,85,56,50,33,12,81,40,-4,87,-76,76,76,-33,58,78,-42,-12,77,-24,31,-22,-98,50,-6,-33,-97,-30,-64,39,72,-47,65,-17,58,-24,45,-11,-51,-74,41,20,0,-94,-27,-89,33,-47,7,-68,-7
-90,-65,-61,-3,-93,84,14,-85,-72,-3,-45,-47,27,-19,26,-75,-72,87,87,18,-37,-11,13,81,-80,-50,-12,-100,25,-22,62,40,41,76,98,-39,69,71,74,-75,-63,77,46,-95,-14,50,3,3,81,26,69,-15,69,18,-73,-39,-79,42,76,47,77,42,-55,55,15,-38,-29,-21,62,69,-73,30,-91,-74,-50,43,-39,40,45,-16,52,44,1,-56,41,9,-71,-6,97,30,-79,83,27,-51,-96,32,-76,-53,-35,41,-32
-19,-51,-67,-47,59,-1,-5,-86,-46,-68,15,1,-44,-3,35,27,-58,23,-65,-97,45,88,38,32,10,-74,-44,46,37,-12,22,85,86,26,63,86,-3,1,-65,-79,-19,-73,40,-44,32,-11,-67,-23,63,39,10,-19,-75,-25,68,-71,59,-26,11,62,8,-49,84,27,-44,-95,75,78,-52,2,50,-9,34,77,-83,90,86,14,38,-40,42,3,3,76,47,11,44,-22,68,19,26,7,-33,-19,4,25,28,-80,-25,-91,-47
71,66,-91,82,-59,93,78,-52,65,-68,-16,-39,-80,97,-68,65,6,87,36,81,72,49,-69,23,20,-47,79,2,-15,75,0,100,-99,-39,-38,74,-72,26,-30,-61,28,-86,-14,50,21,-58,71,-98,-58,84,4,48,63,-67,-9,-29,59,82,-27,98,50,-67,-91,87,-21,-65,-5,54,-48,-49,-94,-86,-13,6,79,-1,-68,28,-99,-11,2,-54,-52,1,28,55,26,43,81,-47,-95,100,83,-64,26,59,56,-23,79,74,83
60,58,4,0,30,21,-97,36,29,-62,88,-79,78,91,-21,77,76,29,-35,72,-37,27,100,81,-20,64,73,47,-94,-29,1,-47,-15,-38,51,76,22,-94,-70,-57,-20,38,7,-83,78,25,52,-94,-6,-95,74,-38,15,-12,-86,28,17,48,-58,-67,-89,42,-94,98,77,50,-96,95,-42,-1,-68,-51,68,-39,57,-10,-70,84,10,-74,43,-72,41,-13,21,-95,42,-83,-75,10,75,-38,60,-84,-68,-68,-30,33,40,-46,-35
92,-22,-65,-95,83,-52,82,32,-6,-1,-34,-57,-9,63,-67,15,68,44,-74,8,12,71,-23,85,-44,-69,-42,22,65,-45,19,4,-16,-56,45,50,-44,-61,93,-2,-89,-58,-6,-26,15,91,-28,-23,44,12,31,93,91,-61,89,89,9,-82,55,75,-93,-43,55,35,36,-81,-6,-58,-78,62,98,-38,39,59,78,-97,91,-75,-84,-91,70,-91,-73,-81,-24,-90,99,13,22,-94,28,-76,42,39,-35,-19,-17,-41,-6,-71,-22
23,-98,85,-81,-83,-60,86,61,96,93,27,43,54,-35,-24,19,-46,-7,-92,-18,-21,-60,-86,-37,61,19,38,-33,-70,-53,-46,82,25,31,32,9,34,14,-94,-64,99,49,36,-62,85,64,23,-86,90,74,-68,3,-100,-34,-15,79,-9,-59,-21,-58,-80,31,61,41,23,53,66,27,56,87,93,52,-35,69,-97,-15,-54,-13,50,42,-67,-54,-74,-70,-42,2,16,-28,47,7,-30,98,-66,24,91,11,3,-9,66,-97,56
-95,-38,-12,-50,-80,-40,25,98,-27,-45,39,-48,-35,-74,-99,-10,77,45,-84,-49,53,-67,87,-25,-12,-23,47,-65,71,-75,73,3,-63,26,41,15,4,-63,94,-23,41,-53,54,8,-68,-38,-68,-99,24,17,76,24,-10,31,-66,95,-18,-74,-36,-88,-9,18,-86,41,-1,-83,-70,10,-10,43,-10,49,-73,61,-84,-72,28,20,-27,-45,-34,-12,-8,-64,49,-49,46,-100,33,58,78,-86,39,-65,-80,21,1,-89,-75,12,73
-63,86,-45,15,21,74,51,12,54,80,53,80,0,9,-82,-21,97,-92,9,89,67,-19,50,-29,-51,48,-86,85,-58,81,-12,-97,-7,92,70,16,-91,59,-100,80,-44,-40,17,32,96,62,36,-7,79,-76,-25,-26,36,37,-97,-92,-33,-41,-36,-13,69,78,100,-54,2,-76,-24,57,9,24,-20,-91,-55,24,43,-43,70,-2,66,-51,-96,-86,-78,59,-73,-45,27,79,-67,-89,44,44,-10,-19,66,94,-42,2,9,22,70
96,38,84,-11,-41,-82,-3,-38,55,-74,-4,55,72,46,-44,12,50,-17,54,53,40,-29,-44,-24,24,97,76,-26,29,-54,-56,83,-66,-52,-39,26,32,54,70,-94,73,-58,-90,53,-78,86,-72,-57,-36,-61,-13,14,-34,-10,-97,62,-97,-61,55,-37,-87,25,-78,11,-100,-90,3,-31,48,57,5,54,-76,-94,-42,-21,63,66,16,44,-30,-2,-61,-1,39,6,90,33,89,-27,16,-21,-91,5,21,10,42,-64,-53,51,-88
-60,23,-61,25,-97,-43,-44,-4,-59,-22,45,1,-11,72,-31,91,-21,41,-90,94,92,36,-23,12,-72,15,39,17,34,100,40,57,-87,81,43,-60,57,77,60,50,71,45,90,40,97,-94,-26,-81,-90,19,50,-73,-10,70,-4,-42,67,71,10,17,61,44,-68,11,28,-58,39,-48,-2,12,-61,-8,-7,-61,-13,26,-30,-10,88,44,17,45,-62,-41,24,-52,-36,82,99,22,70,-74,-6,-75,90,63,-96,4,100,-54,66
-75,-95,-26,36,81,-36,-54,-21,-5,-59,-59,43,21,18,-73,-81,-44,-47,35,92,-30,-79,-82,-97,66,15,-70,38,86,83,-69,-16,36,-48,-26,-61,-53,23,32,-40,-90,20,-63,64,10,30,50,-8,40,-49,20,-34,29,75,-13,-2,-98,-100,33,-8,-48,51,13,-35,-20,-23,4,16,79,14,-25,80,65,44,91,-18,78,-37,-40,72,89,-76,-36,62,70,-72,28,86,61,-41,6,-31,71,8,33,51,-24,-65,25,-55,75
39,-90,79,-30,-65,-12,69,-34,-92,25,-68,44,34,-66,87,-24,4,-44,94,26,50,22,66,39,12,-77,2,46,-5,-89,94,86,-89,34,-43,-27,69,-32,-22,93,83,50,68,89,-80,16,18,-73,93,-37,-47,73,4,-35,93,37,6,-17,-32,-29,10,-77,-9,64,-71,-70,-39,-23,-100,-24,82,47,-43,-80,-17,-42,-29,6,-8,-53,-37,-60,73,77,94,-77,-96,2,25,70,17,14,73,79,15,-73,42,-17,47,-50,-89
41,-83,59,98,-60,-99,10,-43,-58,0,-47,-41,-71,-28,32,68,-48,-66,14,-3,-87,-5,-60,-72,31,44,-23,-83,-97,81,65,-39,27,71,-70,46,-11,-60,69,89,-41,11,-48,5,-79,-37,-9,75,6,-38,-42,81,48,-58,-23,17,-18,-68,60,86,0,86,-90,51,-92,-47,-37,81,-48,-36,90,-2,7,-60,-14,-13,-74,23,-45,-45,-29,-2,-87,-28,-2,20,-35,31,-31,9,-10,36,4,-5,-70,73,-31,-72,4,-82,-17
