-63,-94,75,7,-35,-19,-44,8,16,-30,72,-85,-50,49,0,-55,-33,41,46,5,-72,52,63,49,-65,89,92,87,85,67,4,3,36,2,88,97,62,97,23,97,-96,-74,36,-37,46,74,31,73,99,40,-100,-92,80,80,-3,-15,-9,-73,84,-43,9,-50,-66,57,90,-62,-35,-79,-89,68,-68,66,43,61,-75,-98,-51,-78,26,-30,-64,-98,-73,38,74,-64,22,63,-61,-78,-86,57,100,63,-56,76,-48,-19,-30,-51,-52
96,89,62,-29,84,-93,78,-19,-30,22,-98,8,47,14,44,83,58,-21,75,30,-30,40,62,-81,18,-91,44,98,-7,-90,-61,72,20,75,54,68,55,81,-60,-69,-21,-47,51,-66,72,-8,76,-3,-71,21,88,-86,-67,-33,59,-88,13,-36,-39,-66,15,73,-2,67,89,76,-90,11,-48,-67,47,55,-40,-15,-88,-38,-35,24,-54,14,73,93,35,81,-77,-38,-97,99,45,-28,-13,0,-39,50,-84,59,100,79,-32,-90,-77
55,25,-29,-52,59,-45,-72,-54,-21,-60,-33,-22,18,73,74,46,76,-32,0,-21,77,0,81,29,-6,-33,15,-15,48,68,67,22,-67,93,-38,78,-72,-100,-98,60,-84,40,40,100,-13,80,-66,-90,52,-28,49,11,-93,10,-32,-69,-38,38,48,-31,1,97,55,96,65,72,7,-56,29,-6,99,15,-66,-81,62,37,36,-27,-57,-82,-28,-80,30,-74,-86,32,13,-45,-48,-86,-78,94,76,0,60,18,59,31,71,65,99
-79,-26,-34,-22,62,30,21,-76,-95,35,-88,-3,24,76,74,-29,55,21,-99,-13,-1,49,8,-8,-82,2,22,24,40,-77,-49,34,93,-57,50,84,88,44,-48,53,-17,-50,-4,-35,98,88,-13,23,-95,74,44,-100,22,-19,24,35,15,80,53,-9,-96,-86,-21,16,-61,-37,-34,93,96,59,-92,61,-72,84,-76,26,42,-32,-79,8,-2,76,-37,-27,67,-73,-5,31,-50,33,29,52,77,-43,-29,74,-57,-30,-48,-33,94
80,-7,-33,52,-31,47,0,-41,-2,25,-35,-95,59,-29,-74,-68,-65,-8,-10,86,-56,-86,19,71,38,88,96,-20,7,-34,-74,-22,-98,-35,-51,96,16,-77,80,-29,74,84,42,36,-55,3,90,44,52,-97,-36,31,-37,-73,-68,-4,75,90,12,4,20,-49,52,-5,21,-76,78,-82,-100,-6,52,85,-89,97,52,94,-96,87,19,-63,3,13,-93,39,-73,62,24,15,-87,84,-63,27,-71,80,-19,-9,-73,41,65,-4,-20
5,90,-54,-69,-47,-91,-15,48,38,16,74,-32,47,73,37,5,24,-31,-92,52,-79,65,-94,-39,-36,-65,-13,-23,-1,66,-88,-82,-27,43,97,78,-63,-83,43,94,13,-10,-86,-92,-100,-42,-27,82,33,-41,31,-59,-77,50,73,-16,-86,-88,-45,15,-48,-21,94,-37,3,-88,7,-36,99,71,30,59,62,67,0,-48,-84,-75,68,-91,-66,21,87,-17,59,94,86,-16,77,-25,51,32,-76,-71,-80,81,58,94,41,-47,11
-24,-10,61,72,-89,30,-90,21,-85,58,-47,-95,42,67,86,62,-6,-76,-76,-31,-19,13,-90,-90,77,-66,-16,37,-26,-29,-91,-16,57,83,-98,44,88,-63,-13,35,-82,-66,64,-83,-77,-92,29,80,69,-46,-55,3,-46,39,30,-32,12,-63,-75,-38,46,-95,76,-76,48,-23,52,6,-94,83,-99,53,10,13,54,-84,-27,-85,63,-3,-23,51,26,24,54,23,47,-5,-71,22,88,14,21,13,-84,13,-91,96,-7,60,-18
63,90,-27,4,-28,98,52,-96,-47,-4,-5,-81,28,-81,58,18,-79,-41,-15,-79,-84,17,90,-72,-73,94,-81,-59,9,-77,50,-50,-93,-91,54,-42,-45,22,-47,26,46,70,45,13,71,-3,83,-69,-23,-19,9,-87,64,-15,-97,-94,43,-6,-67,53,-5,-97,34,-38,-11,-14,-23,49,12,-56,-37,12,-22,-46,48,-96,70,60,4,-87,24,71,-71,61,-56,-14,68,-55,83,-36,-51,-6,-100,74,83,64,-81,55,-74,36,-73
63,95,35,14,-21,51,-80,31,68,-75,24,3,64,93,-82,86,-3,30,-51,9,-60,-8,37,-57,63,-31,-33,-13,-62,38,-38,-2,-83,40,79,80,46,-53,70,39,-9,17,-74,40,91,-2,40,70,95,-96,-72,-92,-90,98,-100,-78,94,13,-57,6,-11,-31,57,-11,-34,-28,82,-16,-14,77,-3,23,-14,-28,-60,72,-83,-21,30,-19,91,62,93,-98,98,23,68,-64,57,83,-42,-7,-78,57,49,26,40,85,-20,59,85
47,-36,48,56,95,-35,-51,-14,35,-79,-20,-57,40,-29,-15,-61,-83,-49,-77,-82,66,-93,9,-19,34,66,-54,-20,-75,3,-66,88,-37,100,7,-26,86,79,-72,-76,-22,70,5,-42,23,-27,-27,7,23,-20,66,-62,-89,56,-23,17,75,-100,-70,-72,46,81,64,-23,57,0,2,-78,10,-57,79,84,-44,-66,14,8,4,89,35,-25,-24,-73,-37,-32,-26,-80,7,99,-92,-65,80,-44,-44,-54,16,27,70,68,-61,98,80
94,-48,-61,7,96,-47,45,67,-31,40,-100,78,-36,-85,33,-77,85,1,59,-17,49,71,-57,62,26,-88,-67,80,-54,-80,37,64,8,-46,80,-65,44,56,-4,78,9,44,17,29,96,-16,51,-31,51,60,-17,64,-99,-26,60,4,86,-6,-79,78,35,-10,-94,47,62,-40,3,4,32,11,31,73,63,22,-51,-51,31,51,-48,-41,37,-23,-95,50,7,92,-42,-77,-59,71,-67,-46,1,-49,63,84,56,-18,91,47,-73
-9,-77,-75,62,39,-68,12,94,69,23,80,-35,40,-67,7,-72,51,5,-83,-34,-36,83,41,-78,20,-85,-17,15,60,-89,90,-81,87,-9,35,70,58,-21,-67,-69,-83,-37,-30,-37,74,-59,-41,-86,100,15,-20,24,-51,27,3,95,62,94,31,6,46,39,-32,-30,-68,36,77,-51,48,14,63,-68,39,1,47,-94,30,4,-25,2,37,71,-20,-26,-91,-97,-89,65,-82,-45,-75,81,-53,-40,89,-85,100,-89,96,-17,-50
-30,-26,-28,-99,6,-19,-14,37,77,-8,-72,65,-52,51,-69,85,51,78,-55,-25,-26,-29,-37,21,-19,-3,91,-56,-27,-10,19,93,86,85,-16,59,-70,-83,29,-84,36,54,-84,-45,-21,99,84,77,1,-1,63,-15,-34,82,-54,-94,-6,2,-5,49,72,17,96,9,-40,58,-99,24,77,-59,-42,-24,-77,-85,63,-83,-25,-56,32,15,-66,82,-39,90,93,-10,45,82,-15,23,-46,-92,48,16,-24,12,-31,-58,46,-29,-48
-28,-7,-80,42,-33,-8,-72,58,-82,-59,78,-50,-42,-92,-90,-33,88,54,-8,-3,-5,-66,41,-63,98,-75,61,31,39,-21,84,61,75,-76,-5,-98,12,98,7,-2,-20,-40,26,-73,8,82,47,-99,1,-67,48,69,28,-10,-67,71,100,35,-50,-66,31,10,63,-85,58,-42,-59,-36,98,-84,95,52,88,39,-47,-58,76,83,65,-27,-19,21,54,-53,62,68,37,70,52,-52,24,-34,54,-62,48,71,-39,23,98,17,-94
-88,46,86,26,-57,85,-40,88,-11,-97,42,77,-58,60,-51,-12,-38,15,-6,40,-78,-95,55,15,-62,-51,-16,-72,47,-50,85,19,-83,54,24,-51,-89,-60,-71,96,-68,37,51,-65,-42,86,80,25,77,-82,-31,53,70,-60,-11,43,-18,75,-56,-20,-29,-54,-21,-63,-6,33,19,90,-79,-38,-35,-51,-41,77,48,97,-34,68,-71,28,24,-40,5,51,-11,-76,42,88,-47,51,39,-91,53,96,61,-97,16,97,94,19,-58
-87,-58,93,81,-2,23,28,80,94,-29,-22,20,-39,-38,24,-85,18,12,-15,-81,-38,34,-1,-70,-41,45,98,-94,-12,80,-92,-80,79,43,-81,90,72,9,42,-85,21,93,-69,-65,-26,-13,-77,-77,-35,74,-83,-24,41,65,35,65,-28,-3,3,-38,35,-26,78,75,-99,-49,-58,78,29,-100,57,-63,-86,21,-31,1,76,-62,-99,85,-25,-58,-51,-60,-62,-3,71,22,-60,-31,-55,-98,48,-66,73,55,41,-61,63,-34,43
74,2,57,31,25,-88,56,-78,-59,-76,-48,87,2,-10,-68,13,-43,79,69,19,7,30,-94,-10,83,62,1,-28,-22,-34,-90,93,42,39,-99,48,-31,-43,0,-82,6,93,-100,-28,-42,1,-77,57,-60,22,61,-93,39,-87,-71,96,33,-37,76,37,-91,53,98,42,-73,-95,99,-93,91,-68,-8,-87,-77,-38,40,-53,79,81,-81,-33,54,72,10,-99,73,-64,-1,47,-42,-3,-61,61,-55,74,-22,-10,-28,-25,10,-93,64
-53,-25,-67,77,-56,7,-71,-80,59,-25,6,55,65,-40,-46,52,-44,-40,8,-45,68,-2,24,-63,-70,32,16,-99,10,38,78,99,-99,-60,95,-63,-16,52,-22,-83,-83,-94,-97,-99,90,37,60,-74,-35,42,-20,-94,-39,-13,-3,34,40,38,99,64,-43,18,24,-69,-21,-37,-64,71,-77,-68,-1,6,65,-24,-76,-95,-83,20,-33,-59,48,85,-65,45,31,-89,11,-12,58,8,-95,-45,-1,76,-34,-78,-46,-73,-25,63,92
-6,-92,-25,66,-46,64,64,-50,-73,-35,-62,28,-3,66,1,-58,-88,75,-22,17,-43,-21,-57,90,-17,-18,30,8,3,-71,42,-87,-95,48,-42,-28,55,-10,39,-29,61,-100,-50,-37,7,74,-54,19,48,-99,3,50,-74,65,-100,-37,48,-72,-55,15,38,54,-56,30,-100,-28,-18,46,-81,-16,84,82,28,1,38,-30,87,6,-89,-85,-30,80,73,98,-11,-7,20,-12,45,-30,-28,84,-38,0,85,33,24,83,-55,27,-24
87,-95,-19,-12,44,-4,2,-100,-80,-18,17,24,-11,-21,-5,61,91,39,-16,75,24,40,-94,-17,26,-9,6,43,-19,-67,-75,-41,-40,-20,-77,3,72,-96,88,36,-13,-46,31,-89,-1,-100,-48,-16,67,-15,59,-82,30,74,-10,-76,63,-84,27,96,80,16,28,-69,-77,4,-46,94,13,-59,11,80,-90,10,3,78,61,-82,-20,44,-42,-66,44,-81,53,62,-41,69,-92,7,-80,-99,80,-98,-84,87,-8,16,-28,-59,40
-90,-97,87,71,3,29,-10,-36,8,5,-85,58,62,-52,99,-14,64,-44,-28,73,83,-47,-6,-26,-82,-10,10,-75,25,16,65,58,-7,-3,-17,-51,-77,37,86,-56,7,27,-96,41,-53,-41,-29,13,77,-44,100,76,61,55,-50,-97,28,50,-48,18,-65,-79,-94,24,82,13,-97,14,-71,6,87,54,61,70,79,98,34,-92,-97,1,86,-62,-94,-84,14,-87,65,-48,-74,-61,89,86,10,-59,-67,-56,60,76,-81,6,67
-35,-43,-81,58,-21,-2,60,-78,49,71,-51,86,-61,32,-96,30,84,-95,-42,-45,96,-21,-74,-77,-84,-15,-17,89,-52,-43,33,40,-68,-85,59,69,26,-68,-49,93,78,-4,-83,-77,-11,-14,23,-8,-34,93,-94,-28,9,41,55,-52,54,79,35,-89,-86,16,90,62,77,83,26,-94,-46,-73,-98,0,-95,90,-61,98,-20,-18,-46,-31,-10,65,40,-3,16,-41,-17,-95,-21,62,5,33,72,18,49,6,-57,95,-47,98,-33
-65,-17,88,48,-61,9,-55,-18,60,69,38,23,58,-44,-25,-85,3,-71,-77,38,96,-70,57,26,-75,57,-54,-28,9,39,82,-22,-79,-35,-36,28,-55,-43,-67,71,85,-20,1,56,-57,-94,-62,89,31,-31,45,34,19,-42,35,41,-65,91,40,-20,-15,-46,-39,96,-27,-12,68,-35,70,-69,-12,31,62,-26,31,-4,36,-94,68,-27,-98,98,76,56,-79,-50,59,5,31,-32,83,52,61,43,-62,54,-36,50,37,24,23
-84,-84,47,42,11,78,-2,-4,-70,-32,-44,51,23,-71,78,-80,47,-100,22,59,-71,66,56,20,-42,-29,63,-32,-55,35,87,-58,49,-23,-59,-77,81,73,-34,87,41,-19,46,12,-2,35,-10,-7,44,12,56,0,-73,59,22,-63,-25,38,-35,67,-71,38,55,-75,34,16,64,7,-92,-88,-88,-59,-70,10,82,-75,-27,13,-59,20,-24,-98,-18,65,-52,55,29,89,-80,41,56,-1,-17,-3,-12,29,80,80,52,-6,-57
90,45,-27,33,32,63,67,34,-31,-57,58,-69,-79,48,-81,35,-88,-58,-96,-88,48,-74,72,49,58,-86,-62,-91,22,-75,-99,-96,-90,64,95,-27,-76,-77,-95,55,11,50,91,59,-30,-96,71,-6,-66,-19,1,-8,-70,43,-8,91,31,-52,-38,-77,70,-10,98,-46,91,-89,-27,-18,4,71,-70,29,77,37,39,-6,-73,-26,-37,-43,-44,44,-6,32,85,-32,-8,-60,-41,-13,-8,-67,-30,7,-39,91,36,-91,1,-89,15
-88,81,-81,-4,-82,93,58,9,-86,-81,68,94,-41,9,-59,-30,94,-19,47,-80,93,11,-84,-42,-1,-67,9,-29,-85,-85,-15,-34,-2,-59,-30,-41,-43,11,17,-56,-87,79,0,-94,-13,-49,-99,24,28,30,65,-92,-72,89,-49,44,-42,-93,-63,27,48,52,98,67,69,-35,-75,-52,-60,99,37,-12,-27,71,-20,-92,23,37,15,34,-95,15,89,32,-77,98,-89,12,17,98,-87,-80,-38,-2,23,78,-21,57,-57,-32,-7
90,-21,-56,93,28,12,21,-13,73,-29,86,26,-69,-75,-17,44,-85,12,29,-75,-8,26,4,-23,-41,44,-46,97,28,-100,-91,-76,-1,34,44,9,-43,-61,12,53,-91,94,-66,-23,32,9,-56,19,50,-88,-96,-91,-64,18,36,73,-10,80,23,-40,-73,25,-9,-68,-71,-27,92,94,65,75,-1,46,-49,-92,-60,19,-98,60,40,-84,-80,-10,-32,61,91,53,-58,-94,38,71,31,88,-72,-25,-31,-34,-88,-22,99,51,8
79,-44,46,-34,87,-80,-22,-82,-70,-46,31,57,-48,-61,30,-2,62,5,94,6,57,5,-59,33,-3,23,-18,38,79,-81,2,77,-23,9,-53,-94,-17,-73,100,12,-11,96,56,39,-86,90,14,-60,2,-14,91,-17,11,87,35,-22,-60,-44,-66,63,20,51,30,-77,-6,-89,-78,-51,-54,47,-34,-35,-58,-91,-43,74,5,100,61,-66,-94,-49,76,25,-23,-79,97,-61,64,60,-75,48,-35,3,-84,-15,-69,18,-80,86,1
-100,32,-46,-9,-22,31,28,59,-96,24,-78,-89,81,-5,97,-94,-63,-40,44,-64,88,-50,46,46,-59,-78,77,66,26,-40,58,-61,-77,-57,92,-51,-58,100,22,-14,4,-66,-37,16,-98,-18,8,-82,71,72,-46,-31,100,-81,91,-47,57,79,12,55,-8,42,93,3,-69,56,-49,56,50,59,98,-60,75,-14,36,-29,23,40,-28,-80,58,51,26,56,3,53,-42,27,45,-77,70,-3,29,-88,-73,77,-95,24,-98,61,85
-34,28,-30,-59,61,-32,42,-44,62,-46,-67,-28,-82,9,-45,-23,94,31,6,24,100,-71,61,-99,-12,90,-90,53,4,-45,5,28,57,-4,-2,-60,-22,-13,77,-65,-66,32,61,-84,97,-87,87,-38,-65,77,-67,-99,-68,63,91,84,-8,14,10,16,30,7,-20,-44,-54,-6,20,-68,77,62,-12,-21,36,-75,11,-29,41,-9,34,-63,65,-56,63,80,23,-31,-47,-29,2,-59,98,99,16,-74,-25,-26,-81,-10,-46,-31,-3
24,-26,-41,23,-99,-12,-58,84,-77,79,82,86,81,16,-85,-80,-85,-96,-75,-28,-63,51,21,-50,83,75,34,-88,92,-87,-5,22,84,93,-1,99,54,14,-54,60,-52,43,-49,12,-79,42,-29,44,17,-32,49,-8,73,88,-96,-64,-79,-35,-45,-72,-94,47,-77,19,26,-5,-31,-43,72,-43,-13,-2,35,37,69,-33,-49,-67,69,-30,-61,-35,-49,-93,-7,21,16,67,15,-41,51,85,44,-98,-34,-23,21,-62,-7,-41,-42
31,62,84,-78,50,14,-22,94,-33,55,5,66,-44,-44,-15,-8,65,-25,-80,78,-44,39,15,88,-53,-8,57,71,-50,78,-35,-100,21,-96,73,55,2,-3,-32,34,-81,38,-6,-65,28,-24,-62,-57,-13,52,28,-27,-44,-12,-75,20,-98,-39,-77,-53,89,-83,-15,-78,23,-8,-88,-71,26,-23,-43,-86,-94,36,72,13,-53,-11,-2,-59,32,-76,-15,11,-92,81,22,38,32,30,86,40,-3,34,94,-21,34,-26,-57,-24,87
-79,62,3,47,-78,-11,-12,56,44,83,-74,-30,-34,46,-25,-75,99,-31,-57,-60,-22,-11,58,44,49,-29,-28,-45,-36,32,-76,6,63,-3,100,88,-24,-84,-70,77,91,-7,29,19,-20,-54,88,69,61,-18,78,-85,-21,-69,59,18,-29,81,94,97,-84,86,13,-80,17,92,-72,-89,-15,-60,-99,17,-56,43,41,44,0,78,-30,-35,-15,32,-71,-18,14,-64,51,93,-56,35,44,17,-7,-94,-18,-99,95,-72,-96,2,-55
-57,-50,-15,96,-39,92,43,40,-64,-8,-38,-16,-43,-100,-25,97,3,-67,36,30,40,-91,-11,-2,-72,-30,3,-69,-7,24,85,-68,-6,65,44,-34,16,-90,-62,46,30,95,-68,53,-92,-98,51,-83,-25,66,2,-15,-13,22,61,-19,91,-32,-31,6,1,18,-27,8,32,-77,98,44,-92,-65,85,47,-40,-63,-55,-91,-79,-41,42,-54,-55,-53,49,-84,-3,56,-31,-24,-46,38,-95,-5,-41,50,-7,23,87,14,65,-2,65
34,-25,36,-70,3,-12,53,3,-52,62,-89,-12,-57,49,87,5,19,81,-98,2,5,54,34,-23,66,-69,68,44,57,-57,-31,-71,52,-37,-77,73,-96,-99,-95,-90,-48,72,-56,-33,-33,-30,38,-36,-100,-40,94,-95,-89,-60,-40,48,13,47,23,-68,64,-52,99,93,6,-72,25,-34,23,-58,-53,15,67,56,-56,91,-84,-42,18,-37,-100,56,94,-59,98,38,-22,-99,-79,-7,51,-71,-1,36,-55,-51,26,-6,-10,47,30
-15,-67,-6,7,-51,-81,29,-24,-40,99,-54,-19,-98,-4,-64,14,-81,-82,49,53,3,-79,19,-8,-2,69,87,-11,89,84,16,-36,-7,-70,19,14,-43,-77,43,-40,-10,48,-63,-79,40,60,100,-67,-13,-11,-40,47,-1,-30,-70,-58,-68,-76,79,-74,62,-10,70,-30,-3,-99,-96,28,32,-95,-78,16,44,-26,9,51,-3,-25,-9,100,-23,95,52,67,28,80,-24,-62,-34,97,-66,-53,45,88,-9,19,62,72,-17,42,-66
59,-45,91,45,-30,-57,-23,74,-51,34,-95,-62,-46,-51,1,75,-60,-6,-96,24,81,-3,-90,97,28,-78,19,-49,64,-76,-59,-76,-32,-89,16,-62,-4,-50,22,39,-51,71,-100,69,-63,-35,2,2,89,-26,-31,19,-60,27,-76,-56,80,49,9,24,82,-91,30,43,82,19,-60,51,34,-58,99,73,5,90,61,100,77,6,98,60,93,52,-40,69,-85,27,45,76,-37,25,17,50,-11,-15,-72,-32,69,-57,99,22,31
-91,18,35,88,-88,44,17,-78,16,6,-31,14,92,72,-16,17,37,-69,34,-41,-33,73,38,88,42,76,31,-54,54,-53,-80,-44,4,-34,55,-29,-96,5,-18,3,-72,29,-96,16,-83,39,-83,95,-28,75,30,56,43,-32,-91,40,78,92,-37,-68,-90,-50,46,30,60,-27,-62,34,-11,48,2,-42,92,72,48,-95,90,-51,48,-15,-54,-6,-63,61,66,37,28,-90,-94,-83,51,-6,-2,97,52,75,14,-85,20,29,-11
-30,-22,54,-16,-57,-25,56,-59,-56,-39,21,-78,99,81,-39,31,-10,64,23,48,-29,-36,-67,57,85,7,-37,-28,-30,-28,7,-15,-30,16,-23,86,-88,-55,13,-13,-13,7,-12,-14,34,1,-71,9,78,-46,30,59,-84,16,-22,86,52,73,80,-44,87,-34,69,-45,19,-99,75,-93,22,-92,10,-83,-11,63,94,-85,-7,-78,-32,-97,31,-78,31,9,-12,-45,-80,10,-48,-39,-7,-45,-13,78,-44,-14,94,64,58,-18,69
31,-56,99,-19,-73,93,-84,60,92,14,-48,-92,52,71,-9,-74,-70,-95,96,-13,50,-28,98,51,91,-7,-95,33,-95,-76,5,-33,-66,-64,-100,-82,75,88,-57,44,-8,13,96,69,-60,-32,30,-83,35,-49,78,-92,-25,85,-36,-93,-4,33,58,-84,51,22,31,-77,-51,-58,-42,-37,-24,66,76,-24,-77,-6,-21,-74,-15,-63,-6,-79,-45,-34,24,56,-6,-80,19,-54,-100,-64,-51,-21,-65,-90,47,1,-14,87,30,54,85
-44,47,-56,-45,68,-59,-51,-21,-13,-26,-46,-72,-57,-16,51,-19,-29,16,-85,10,-2,56,54,-17,84,-71,-96,27,21,-95,4,-52,5,62,-71,-57,51,-6,51,68,82,-6,-71,-50,3,25,-4,-57,79,-94,-14,83,-9,35,-13,4,-57,-27,-87,-45,88,-76,-33,88,81,-44,-63,-96,-43,-2,16,3,13,95,31,-88,75,-35,-96,-5,4,74,33,-52,39,-25,35,9,4,62,-18,-40,100,-47,-86,21,58,52,45,35,86
-22,79,-90,-25,-19,6,60,28,40,-99,-69,-75,40,82,52,-38,7,-15,64,22,16,40,8,-65,-1,67,27,-37,60,-5,-68,87,27,51,-7,-47,0,-90,-43,3,3,-5,31,50,80,41,-76,-43,14,93,-7,-100,-95,8,13,-44,77,90,-70,28,47,-74,-53,-33,12,-45,76,-54,-99,-80,27,-57,58,-62,-18,37,-96,78,32,79,-93,-75,2,-1,19,-59,-15,-69,92,-4,-98,74,-12,-76,-59,10,-63,14,57,61,-53
-28,77,-45,-78,31,33,24,77,-92,-85,53,-51,-13,-48,27,65,56,-3,-7,-63,-1,5,70,-24,-24,-40,35,51,59,-8,-21,36,83,-63,14,80,21,34,12,-51,16,-68,-47,87,-74,77,91,36,-31,12,-70,64,28,9,-46,73,41,63,29,78,-94,88,-73,29,-3,58,-88,20,72,-18,-28,-25,-52,-38,-36,38,-2,89,-72,-7,-70,-77,-95,74,19,-50,50,67,16,-89,-77,28,-12,-54,-54,-8,1,43,69,-25,-50
25,95,-77,96,88,-13,59,-29,33,58,-92,-25,95,85,-9,57,-19,-67,-69,39,9,32,59,0,-47,-49,-71,-63,60,13,-51,97,90,40,18,-38,23,43,-36,27,-88,50,36,-69,23,-27,-41,-38,84,23,49,-10,-17,-100,31,3,82,77,84,-23,1,0,11,-45,-63,91,82,88,-5,44,76,51,49,21,3,58,-59,98,79,-38,22,55,81,47,-33,-72,-87,-97,79,-91,-22,-94,1,85,-76,2,12,-37,-97,24,19
8,30,67,-28,-40,-64,76,81,-41,-76,-60,17,49,-65,-37,-70,51,-65,-20,-68,-100,-36,40,-78,-71,-84,75,19,-80,50,-71,99,-42,-89,33,-57,17,-44,93,-76,-83,46,96,-19,95,17,8,0,-66,-87,-65,-80,-36,-81,-92,-53,10,-75,-14,-48,-100,77,46,-88,-17,-66,-7,66,-25,-6,-83,73,52,3,61,65,-25,-54,-48,10,-67,-60,63,47,26,-88,82,-64,45,-85,-26,-15,-97,-6,-29,-11,-24,-4,-72,11,-90
17,-84,28,-34,23,50,57,65,-88,68,-29,-22,-36,38,81,-12,34,44,-21,-27,-52,4,66,-46,-54,70,-90,53,43,-69,3,16,-57,-94,93,-43,59,-19,9,-75,-51,39,-40,42,81,69,89,80,58,-10,-56,-54,-51,-62,72,-10,-12,38,-69,60,62,-60,81,-95,58,-40,-28,91,-60,67,-24,41,45,-28,59,22,-55,-96,-97,-79,78,42,84,68,-57,-44,-4,14,60,-56,15,-38,-91,-65,81,-51,87,-75,-79,6,46
-46,57,28,-60,95,-3,66,83,-10,93,12,74,0,-80,-25,-92,27,-51,-75,-75,66,-35,97,-47,-88,-69,-30,-60,58,-25,72,66,17,-4,65,-96,-7,46,-78,-5,-94,-65,57,13,66,1,-20,78,-17,-51,-85,-72,-65,-66,53,-97,-60,7,48,53,-19,49,96,49,74,11,-38,-65,-82,-47,25,-88,-23,-100,58,10,20,88,84,44,-77,-98,-6,41,-73,-23,-30,19,-28,-26,-12,75,72,-25,-47,32,17,70,-36,-83,-67
-36,63,-46,18,-78,72,-93,26,-44,64,-78,78,63,59,-45,-19,-12,-23,8,75,-24,55,73,21,55,-10,28,-61,-57,-99,70,74,-12,85,-82,-17,15,-52,-74,85,75,45,-47,55,26,-37,69,22,-86,82,100,-85,95,10,-62,25,-60,78,59,-74,81,-76,93,78,-92,-50,56,92,-33,-19,74,-47,83,77,26,17,4,99,-27,47,-45,-56,0,96,-24,-76,-16,-47,-10,-54,-49,75,43,77,49,-4,19,30,-43,59,-16
67,92,95,-48,77,-74,-3,68,-60,94,88,94,-74,-65,-100,54,-46,-42,35,-40,-60,83,-74,78,-43,1,-90,32,-95,44,34,-77,-1,52,3,58,89,44,-50,-62,-23,-12,-29,50,51,-28,-42,19,-41,-74,-44,-75,28,92,-38,4,-21,64,-52,85,49,-47,-94,61,-33,9,37,81,17,-64,-6,61,-39,-81,-5,73,10,-67,-9,-11,22,86,90,33,-81,18,-33,-86,79,-66,-73,-99,69,-83,-80,87,17,-17,23,-38,70
-2,-49,92,21,77,24,4,-60,-3,22,-70,-95,-73,-53,-32,70,28,2,-55,-52,-74,48,43,-8,10,53,-27,-38,73,60,36,-74,-29,-79,57,-96,68,85,75,-65,-47,-97,-50,19,45,23,3,15,54,-40,-53,-19,43,-94,-27,-37,-55,66,-33,-17,17,-87,8,67,-15,-83,100,-32,52,19,7,-32,-40,59,-25,-90,20,-16,41,-13,43,69,-26,-72,-1,-91,-56,30,74,67,89,-50,-7,-52,70,-61,-59,-100,48,97,80
89,51,-55,-23,23,-68,-93,-42,-24,10,75,91,-37,-93,74,-31,-92,81,-97,-48,-35,-60,66,77,-68,-88,3,-87,-93,44,-92,10,98,51,-24,39,-83,21,9,-71,-56,93,100,-81,-78,-44,45,9,80,-33,-25,-51,-72,-43,-72,24,34,90,59,-3,29,1,-42,-27,90,-30,-70,-42,81,-7,-30,-67,91,-65,62,-30,95,-97,-38,-99,-16,90,48,50,29,87,-10,-57,-78,-72,55,-9,-72,-75,-2,-6,-7,-25,26,-21,-65
-67,47,-79,-100,-59,99,-86,-82,86,39,-68,91,96,70,-18,-46,-52,-12,-34,-100,-50,-23,28,9,46,19,-32,-78,65,29,-74,30,-59,88,-4,79,-23,-70,11,-78,-56,-59,8,56,-37,80,28,20,66,69,-43,5,-32,65,-10,-10,-82,-91,-53,-75,21,60,-63,-18,-78,-31,25,-86,54,80,4,-42,-49,-5,90,-24,-2,-88,83,-53,-78,52,-85,-10,-49,60,58,-29,56,-81,81,41,14,-27,-73,-21,-74,61,-73,52,-93
-31,-27,71,76,-83,-14,47,41,-28,-32,10,1,49,-35,-85,20,87,-15,-75,73,-8,-97,78,20,70,70,-80,60,-15,26,-48,42,-42,-76,-79,-89,84,-23,-47,-6,-7,-85,92,45,97,0,-91,-2,-21,32,75,19,88,18,-17,-87,-13,34,-79,77,-34,-86,39,95,-21,94,48,53,96,-68,-93,95,-36,11,-12,82,28,-78,1,43,-12,72,-71,-6,3,1,-64,97,-87,-2,68,76,-99,22,-77,80,91,98,-58,47,92
-33,28,-80,100,24,-91,-45,89,-24,-62,-93,-16,78,-58,91,-76,-9,15,66,79,47,-30,-4,76,61,-99,1,39,71,42,-79,-19,-49,-25,-68,-72,-46,-46,-23,55,-92,0,38,88,74,53,-24,-5,-69,86,-37,-13,-10,-23,-44,-91,26,-94,-39,-75,62,73,30,81,-18,-1,-15,-98,93,77,-32,-100,-8,-25,77,53,35,42,-18,41,-72,-2,64,-31,-97,-77,26,-53,-19,-92,38,59,15,8,39,95,-51,-63,36,-58,-24
-70,-46,76,-51,81,73,24,-12,62,-69,1,-89,-70,-51,95,-89,-3,-59,-33,-37,-85,94,-75,-95,18,-98,23,-44,39,70,48,-1,-48,99,100,42,-20,-75,93,-36,-83,-38,3,-86,79,6,21,-25,-20,-59,-41,-99,-87,-37,-31,33,91,-70,11,-35,11,-42,-66,-45,15,-98,50,14,-80,-84,-62,-85,48,-15,-21,50,49,29,-66,62,19,33,-40,0,-19,-65,-99,-10,-17,-64,82,39,49,-45,-53,34,52,53,-95,60,71
-20,75,41,-28,2,2,-56,-53,10,7,14,51,60,-84,25,-92,48,-93,21,-42,26,55,100,-62,-100,-61,71,-13,82,19,-40,-26,71,24,68,-71,28,62,-14,18,39,36,89,-50,-84,-31,-81,-80,-90,-58,-97,10,34,46,-76,-85,41,-66,87,-34,57,1,44,89,12,-61,-86,16,-20,-90,14,5,-95,-57,-63,43,82,-26,83,-4,-66,4,3,-27,37,-19,-61,88,-80,-16,-83,-18,-83,11,-25,34,-57,14,-56,-51,79
-3,40,29,57,-6,7,91,0,8,52,-21,-4,34,-49,83,54,96,46,43,74,-87,79,-18,64,45,-59,37,-45,64,11,17,25,98,-63,31,37,96,94,58,69,47,96,76,-51,-80,10,54,81,19,28,64,62,9,65,-85,-34,3,-85,97,9,-82,80,-33,-11,22,-80,-11,-9,86,-49,35,-68,82,-61,11,-11,67,100,47,-36,22,52,5,71,31,-63,94,-47,38,-8,32,-54,-77,-27,-40,-94,0,-6,70,-31,-39
1,65,-6,-73,64,62,97,73,61,-84,94,-94,-11,-30,11,-62,3,99,49,-48,57,65,43,38,85,22,53,51,38,-41,60,-76,-69,79,-17,47,68,-50,-75,-89,-83,-35,23,-40,-80,63,89,-90,-4,20,62,-49,-6,35,-68,-45,-30,-19,85,-37,78,-35,46,44,95,44,-58,-33,-54,-75,-12,-52,63,45,94,11,79,-98,10,7,4,52,-7,-41,21,29,66,19,32,0,80,-11,-26,9,65,-85,51,-36,8,-22,33
-28,-33,73,44,-68,10,14,-2,-86,-68,48,59,63,-24,43,9,-92,44,83,-26,25,-94,24,-27,-17,65,-10,-93,-8,15,-73,-47,56,42,75,59,-40,-86,-85,48,-10,-72,13,-47,17,88,23,99,-86,62,78,93,-4,-10,-53,49,5,34,26,-15,-52,-41,-54,83,13,90,-71,-70,-85,-55,84,-90,88,51,54,-86,19,0,-70,19,-69,47,31,22,-32,-39,77,27,-32,-15,39,-71,-79,-35,-31,72,-26,-2,6,39,-82
-54,-10,22,-4,70,-82,64,-46,-97,-4,97,-17,-34,59,-42,49,77,44,88,54,44,-96,44,20,-36,37,-27,41,-31,96,-21,55,63,-8,-32,93,-27,-56,-6,-30,97,61,-73,-46,36,86,-60,2,-6,22,98,-36,-54,-44,66,62,-34,-4,86,46,38,-39,-56,-33,27,51,60,-36,87,65,74,55,-95,-92,-44,58,95,16,-78,65,-28,27,97,2,24,-11,-88,70,90,98,26,31,-9,90,-85,40,22,32,-49,92,1
-58,-96,90,-97,-6,58,67,-13,-90,45,-73,74,90,-5,-10,-83,-8,-85,-11,-74,9,-86,-76,37,77,36,24,54,-40,-94,25,65,-10,-94,29,-13,52,66,-96,95,-68,25,-30,-27,-13,-31,-67,-87,16,-86,-25,-27,54,67,59,6,44,-36,12,-100,-19,-99,-34,41,-50,-71,93,42,26,-1,35,-12,-66,-18,31,-72,-94,74,89,-69,-1,33,-6,18,-65,73,-59,98,36,85,-23,19,27,-79,1,62,39,93,-69,-78,44
90,-18,59,-42,-54,-21,87,34,-7,-97,20,-54,-62,-25,1,-55,90,-21,47,-8,-81,58,54,88,40,-68,30,-52,41,80,40,-31,-45,-100,-29,-95,6,95,-90,38,-88,-72,-43,25,-75,-3,-13,-30,-47,15,-2,-17,-24,92,8,-81,81,-13,88,8,-84,7,21,93,33,-80,50,-26,-82,-39,96,33,72,-95,-90,11,13,66,-52,41,57,-75,56,-94,51,70,51,-100,-97,79,-47,-29,19,3,6,-96,-39,-38,10,24,53
91,51,-15,-88,-13,-14,-92,82,-41,24,85,6,71,-63,69,-6,88,-32,80,63,-63,-54,-35,16,-96,99,66,35,-74,-56,40,17,-9,-77,63,8,56,92,78,20,37,-13,94,74,-50,60,-63,60,30,-18,-88,-55,-92,-70,64,-31,85,-25,33,62,-54,-73,-11,33,4,-11,-22,-10,-61,-49,11,-78,32,20,-70,24,50,32,25,5,-30,27,28,-60,-80,-72,-28,-36,-100,-37,-16,-10,53,29,-52,-75,-66,30,-52,25,48
-81,30,-61,-17,-14,-20,-37,68,79,31,-60,7,80,-39,34,-47,13,-65,31,-68,-94,-19,-36,-31,-97,-44,0,-70,42,-80,60,-97,46,-16,93,80,61,60,15,-6,-82,49,78,-37,-78,33,-36,52,-73,46,-84,58,27,-9,89,-51,-65,60,-82,52,-41,-89,9,74,-34,-42,85,7,-59,-77,3,-84,-80,16,76,-88,73,75,-5,-11,-14,2,-70,-83,-20,-53,-31,-95,52,10,-93,-22,94,81,64,-13,6,56,-68,62,69
25,-67,-60,42,17,46,-42,-81,45,-72,14,-65,98,-73,-98,71,93,-30,-76,-56,40,-53,-89,-71,-87,-91,89,58,-54,15,22,-99,-90,-49,-92,-16,-66,-39,80,-51,-42,50,7,8,79,45,-77,-87,-9,97,-17,53,46,70,67,-59,-51,-16,43,-89,33,80,49,-30,56,-18,56,47,12,51,48,29,-42,20,-71,63,17,-74,-15,-20,-62,6,20,-19,-99,41,-19,36,85,-69,-6,-6,71,24,-53,25,95,-7,-51,-46,13
-51,45,22,59,40,21,15,-84,11,-75,7,-72,16,69,-23,-9,27,-85,-47,24,-76,68,41,-19,-97,-49,69,57,-39,7,13,-55,92,-72,-19,-74,64,52,-69,-82,85,54,-95,-75,-50,-40,17,83,-77,-43,-24,24,-64,-34,-71,-30,49,91,-94,8,-59,20,30,39,83,23,-74,-87,78,-54,-61,-54,-6,35,-45,93,-92,6,81,100,-5,-29,5,13,-19,19,65,37,41,-82,-62,85,55,100,15,5,-11,65,91,12,-29
-16,16,83,-30,49,41,17,57,-70,-93,-38,-75,-37,72,-44,-52,1,54,-7,-39,-17,-54,9,20,-82,-69,-56,-43,29,38,-36,77,-19,-98,-28,8,-81,27,-85,31,86,-63,42,100,16,80,-15,54,4,67,-86,33,22,-82,30,38,-81,-31,-7,-36,6,-93,-79,76,-24,-73,57,-67,-43,75,-73,-57,77,95,81,71,4,-50,-34,97,-24,-20,-69,6,-4,15,-42,-34,-12,15,-1,93,-17,86,74,-74,69,62,-67,78,12
22,-23,12,-8,83,49,-8,-61,-98,18,3,78,-79,98,-71,-69,-57,-9,-29,73,21,16,-6,-92,4,7,-66,-87,-90,96,20,87,-76,-65,69,-57,26,66,18,-2,15,-5,8,-46,-47,-34,-52,18,90,-39,-30,-88,-72,-35,55,-88,-68,4,31,90,71,48,49,-26,77,-47,-46,-92,-19,-16,29,5,19,83,-5,-92,-94,-27,-80,-82,-49,-62,-60,85,-47,-66,-2,-94,-12,20,-8,65,73,81,-13,35,53,-25,-91,-20,-17
-52,-56,27,-35,-85,-52,-96,-80,16,-83,1,-86,-8,-71,-58,57,69,96,-92,40,90,81,76,-94,29,-14,-46,-72,63,69,50,-42,-34,-6,34,54,10,-29,-72,-87,68,-5,47,74,63,66,78,-65,-73,56,-25,-49,0,-22,-31,71,-63,37,98,99,77,-12,-33,-75,-33,-99,16,41,28,-30,-11,-94,-60,5,19,-5,-34,14,-27,79,-23,41,2,82,80,79,71,-59,-25,44,-54,-18,-70,79,-95,49,66,-33,35,97,-87
88,-89,-31,67,-15,32,-58,18,47,64,46,43,-59,31,15,-89,99,-54,-89,-92,-59,-25,19,32,28,-57,50,-52,-87,-39,-83,53,30,5,-69,16,-70,-87,47,-93,19,-16,-44,-67,42,-6,44,58,66,-3,33,-65,55,-14,0,-53,-79,79,-26,16,-9,73,-65,-29,-75,-25,88,21,-12,42,-31,-4,-87,67,-31,-36,-4,2,-26,11,96,-62,-25,-88,-99,-89,-42,-48,47,89,43,-59,66,73,25,77,90,-59,80,-73,-21
-41,-75,-78,-7,-66,55,56,77,-99,-93,-1,-86,56,35,83,63,27,-88,13,-69,-90,-43,-51,76,89,5,13,97,-23,-98,53,-70,-88,-20,37,80,-96,10,0,61,-88,12,-75,46,-91,87,-50,-80,-82,-91,-13,-29,54,-100,-98,-91,2,-4,16,-85,52,72,53,-42,70,-11,-12,-61,-90,-70,-80,82,-48,14,72,-18,68,-77,60,-52,69,21,78,41,-16,74,-39,65,40,-42,-26,-47,-82,66,-24,-91,-29,-62,95,67,44
-73,-1,44,-35,-27,67,-56,-22,12,28,-87,-1,-17,53,-44,47,-20,-75,-44,-35,54,62,-81,-97,-72,-21,27,-93,-64,-55,-98,66,37,-26,94,73,89,-93,16,-63,-71,-84,40,-35,37,-49,-31,57,63,-12,26,-73,-79,-40,80,-25,-98,-56,3,13,73,20,87,-52,-62,3,-47,19,83,-4,-17,4,-21,42,-12,-93,49,0,-26,-9,12,-5,75,89,-20,45,67,91,63,84,-46,-11,78,-64,-40,34,-76,89,-79,81,-2
63,-9,-78,-7,-54,-15,86,-81,-50,69,69,79,97,33,13,53,36,100,-97,90,-4,29,38,-51,66,-61,-58,19,-33,-60,80,-54,-48,-33,-74,78,60,-25,80,-48,-62,-13,52,9,-10,89,-34,-29,72,45,63,92,-85,-40,76,53,19,50,-69,89,-90,-100,99,74,95,-48,72,-94,99,99,79,-78,100,80,-54,97,85,5,68,67,-21,96,-9,56,-33,52,-96,-85,79,94,-88,5,26,86,65,-32,22,0,-35,-82,-93
-100,18,92,93,-27,-55,92,-29,-86,-55,72,-55,-96,-84,70,94,36,73,-13,19,77,38,-23,36,10,-30,-1,19,-18,-68,-37,-48,64,15,86,-69,-23,87,-24,21,86,-91,-58,-30,-64,68,-8,-99,53,86,-92,-74,-85,47,30,-65,93,-46,12,-1,7,-13,0,-1,-39,80,-40,87,23,95,80,44,98,59,9,-1,-2,41,-15,100,67,-99,11,67,-18,11,91,-28,16,-84,30,38,-9,-86,-62,-60,-2,-71,-27,-93,-44
93,-69,-27,-21,-1,-15,85,86,24,31,57,75,32,-83,-23,-71,49,-30,53,-58,-98,45,9,-74,27,12,-84,76,26,56,42,-71,24,-58,76,-59,-42,96,-39,48,-81,-3,-68,-73,-50,-48,-25,-80,-74,59,-25,34,-94,-77,-8,99,-73,-87,-52,76,10,-43,-52,9,-72,62,-5,52,-97,-8,-56,71,77,-24,-43,-28,-75,-52,70,-23,1,96,-58,-15,-92,-22,-42,-53,42,13,-99,23,-27,45,70,90,-49,46,-32,-18,62
-61,-63,49,-86,-70,17,-32,-91,-41,-15,48,-46,-16,-58,69,90,34,-89,96,-32,15,-87,47,-84,-33,-72,66,-3,-94,-32,-1,-92,33,-57,67,6,-69,11,90,-16,-74,-96,-39,-69,-70,68,-33,2,2,-17,79,22,-36,-69,97,62,83,-41,-4,-82,43,37,2,59,2,56,-97,-83,75,-5,-66,-70,96,11,-38,-67,-6,-58,-86,-22,-74,76,-13,0,28,-22,-85,-88,52,37,-35,-34,-44,-66,93,14,-75,4,43,30,-34
51,-65,66,-93,-17,-4,71,29,-92,-67,38,5,-76,-11,-2,-55,-37,-21,5,85,81,68,26,-19,-38,-25,-27,-74,-46,69,-54,-49,-18,-18,-81,42,-62,8,-32,61,-23,-59,23,-51,-70,-22,48,78,81,97,7,43,78,-21,22,57,94,97,-81,3,82,-16,5,87,-69,-81,38,-74,51,71,84,-4,61,93,-42,99,44,41,-4,20,30,-59,54,-34,-35,1,-76,96,33,-93,-60,19,-94,-41,-51,-61,61,-63,83,27,82
27,62,-67,-17,93,70,-9,95,-98,92,98,-63,64,-8,97,-25,88,89,-90,-35,3,-3,26,-54,28,-1,-96,9,81,-71,-49,45,9,41,-57,-7,78,-80,-94,84,22,65,-10,28,-19,-10,60,5,-94,-50,4,-87,-69,-53,74,91,-77,16,-95,14,27,-25,42,55,94,25,-2,-82,-56,-9,-43,-21,-88,11,9,87,50,69,39,-74,-76,91,84,58,-12,72,-6,96,-30,-36,41,83,36,0,23,-90,67,-13,88,-19,-26
-81,42,-61,-20,-32,79,77,-41,1,30,68,80,71,11,-14,-76,-48,86,62,-37,-54,-52,-39,-24,-93,-55,52,-9,55,-33,-14,-57,-73,-63,29,-7,12,10,15,-72,-42,-36,94,-81,85,8,57,40,-66,94,-76,52,-1,-85,37,3,-36,-33,-94,-99,-64,-10,-48,34,75,91,97,-89,-16,-90,-46,10,-30,-17,65,99,17,-11,82,-47,-13,80,5,61,6,68,-22,51,-19,-27,4,-6,-9,-9,-57,-82,90,65,50,-73,-63
-14,-41,-62,-16,23,80,21,99,40,22,11,-95,-39,44,72,44,47,-9,66,52,-33,30,52,11,-71,54,33,86,54,-100,-1,-75,-99,11,-47,-25,21,52,87,-64,-30,51,49,68,-98,52,14,32,66,-50,45,92,-56,88,-16,44,57,-75,22,26,30,-56,-87,-86,56,-76,-84,-45,72,28,-6,70,3,-73,0,-100,24,88,-11,-21,-49,74,74,-23,-22,-89,-93,96,-21,90,-19,-92,-33,-41,10,-76,78,-60,81,-72,6
53,45,96,70,14,-32,-10,75,99,-18,16,83,92,-54,-47,-28,18,-6,-8,-72,87,44,-20,-13,-8,88,18,70,19,2,11,52,-24,-45,-94,-93,-67,64,-72,-18,-88,19,40,32,99,82,18,-100,-40,30,7,71,-11,21,-2,24,-55,-49,39,66,-74,-80,-92,-23,-74,-62,-87,21,62,-73,30,40,-15,6,-69,92,48,1,-59,50,-22,95,-25,-8,-11,-93,60,51,44,80,-56,76,39,62,64,40,-24,-56,37,17,-92
-43,69,-18,64,23,96,-19,-88,24,44,-99,-14,-3,24,-42,-3,6,87,47,77,60,51,43,-33,-70,15,37,100,100,53,70,-90,82,59,-29,33,32,74,66,37,32,-69,30,17,32,-87,7,29,-47,-59,71,-48,75,-86,-70,-1,80,-78,-1,73,-58,-10,-20,71,-1,28,-79,-95,12,-66,-58,86,15,90,-21,80,-22,78,-33,-85,-26,-18,92,97,-16,81,95,-71,50,-47,-10,-89,-94,51,-75,78,26,42,-89,70,57
65,-97,-61,54,-65,-33,64,-71,34,-40,99,55,-32,23,56,32,46,-44,0,90,96,-11,-71,97,-10,71,-32,-21,78,23,-17,55,6,-54,-45,74,-52,49,-74,-83,33,78,54,-38,30,38,19,-1,-33,17,70,-58,-95,-53,-72,-52,40,-93,56,39,46,0,30,90,-21,48,-14,-57,-69,45,94,-49,-51,-34,-53,67,-35,-57,29,-1,-96,90,61,25,-55,-49,95,65,1,-11,-63,-79,-83,-90,-47,-35,26,-95,-50,34,34
-4,58,-83,69,27,53,30,15,97,73,-30,6,21,-84,42,20,-89,-54,47,50,-65,8,-96,41,39,11,-82,-80,-21,-71,58,55,-26,-52,100,74,25,-7,52,91,68,36,-20,95,20,-41,-80,53,80,48,-15,-27,-29,-8,-31,97,-30,-94,21,36,77,49,29,-43,-30,-91,42,93,75,90,-56,41,-6,-87,-56,-40,45,-28,-4,52,-4,-54,-80,-32,-74,87,-96,-3,68,1,-33,-29,-31,84,-37,53,4,59,90,32,48
-45,-33,30,71,-97,84,-82,31,40,72,-3,-15,-14,46,-69,-20,78,63,39,-37,13,48,-8,35,70,97,55,-100,77,-76,-85,41,-88,55,49,70,62,-17,-30,-70,73,23,34,34,-1,-99,54,-85,-17,62,-75,-2,22,-94,-90,23,80,41,-21,-16,25,-91,-4,-64,20,-7,45,32,16,-10,-57,-63,1,86,11,-28,-72,0,-45,-39,-91,-43,61,64,38,0,-56,5,-71,3,26,-10,-38,28,-70,-45,43,-87,-36,-19,21
53,-80,-37,21,-26,-92,-5,50,-47,-61,-54,-27,6,-83,-86,-76,-78,77,-33,62,58,79,-100,-16,-29,-22,-59,-61,-77,86,87,-8,16,-54,-95,41,-5,65,24,-64,93,69,-41,54,-72,55,-29,37,-40,80,22,-47,97,-92,-75,-88,-78,-84,-33,-98,75,-37,41,14,-10,49,1,73,12,-9,-56,-97,16,-61,-5,32,-98,3,-99,71,85,87,38,-88,-38,-12,59,-45,98,-59,43,40,-52,2,-100,29,27,-22,-86,49,97
-6,-2,34,78,47,-55,-77,59,-95,8,-62,-75,-65,42,28,-32,-77,-1,26,-21,55,68,-99,97,-95,-74,6,43,-39,90,60,28,81,15,76,13,-87,11,2,57,95,57,76,90,-67,99,-44,35,47,-78,15,-44,73,-88,-76,-24,-63,-22,35,70,24,57,13,94,89,65,13,31,0,-78,-12,26,-24,-51,-19,-25,86,6,-70,22,11,22,30,45,-35,-24,-53,-92,40,52,-6,62,93,67,93,-28,-72,14,-78,-86,-45
5,57,81,-11,-56,36,-51,-41,-33,-58,93,-19,-2,74,-70,-42,-48,98,51,64,34,96,-13,-31,-1,74,34,87,65,5,31,-13,71,34,-15,73,-13,91,-2,-39,-74,-8,12,23,45,22,6,39,-9,-89,72,-34,-57,92,-84,14,-93,-45,-43,39,-48,100,75,-5,-19,-20,-65,26,-6,63,-42,73,-79,1,20,-78,95,93,47,17,-76,85,-47,90,69,-68,-8,2,14,-67,-61,-91,-13,79,-69,75,88,47,-13,-7,52
18,0,40,-32,86,-67,91,-55,-45,-2,89,54,-33,-39,-96,89,58,32,27,58,81,73,3,42,-34,-91,-99,-93,97,-12,8,15,-53,41,-97,73,25,6,92,-58,-51,40,23,19,80,73,24,-18,72,46,-15,80,-71,-92,12,-87,-67,-29,-35,-6,-42,-99,71,-60,-94,-57,61,-69,-93,66,1,2,-84,-66,50,-62,-6,-51,-72,69,-72,-71,-70,-85,58,90,39,-67,12,39,69,61,-18,68,94,29,7,75,-20,-77,-88
-19,21,-72,68,0,-26,-80,84,-10,-26,60,57,-24,28,-17,-35,-59,80,10,15,-38,-67,-23,-96,65,8,24,22,39,-44,-80,100,-78,-60,97,-31,-50,29,-57,53,46,-97,-37,-59,-70,-72,74,87,25,21,39,-52,82,-46,11,-64,-54,96,-58,43,10,88,32,-22,6,39,-37,13,11,-84,-90,39,-77,87,81,-18,-92,-85,77,-34,27,-45,-100,38,-24,36,12,-95,-2,100,36,59,-95,-87,-81,-10,-36,28,77,-10,87
93,-26,92,15,66,20,-20,18,-49,-94,96,33,3,91,48,-78,11,16,85,74,-8,55,-84,-75,85,-58,27,46,-78,53,18,1,89,-70,23,87,-28,-45,-100,-59,87,-33,-10,50,-16,79,-41,-86,-54,-100,5,-5,42,-85,-79,-51,-79,-64,-83,56,-26,20,-58,16,-77,-54,-49,18,30,29,20,-22,-73,81,-95,-83,-42,-54,-85,68,93,-84,2,-30,43,-18,-11,-44,-79,29,-80,14,31,63,40,-5,38,9,-95,50,6
-79,68,97,-34,31,51,57,-41,1,-50,79,98,-85,100,40,-29,-100,31,-37,-50,-14,8,-100,63,-95,63,50,52,-64,-41,54,89,-74,79,38,-36,-65,50,64,27,16,-69,-91,-5,-91,-5,-21,83,57,81,-55,-91,-36,91,60,81,-58,35,12,-67,38,-71,-15,-86,89,-81,53,0,28,-57,-89,-77,-5,70,-65,-17,77,28,-66,-85,-68,56,-97,94,-37,77,20,-91,88,-24,-24,15,55,-50,62,67,-96,-31,46,-66,68
-84,-60,-24,3,76,72,90,58,-18,17,-31,34,82,88,-74,61,-7,-59,-82,-93,15,-95,94,66,-16,-47,6,91,-63,-60,-59,-58,-22,80,25,84,85,-95,53,21,-99,-43,-65,94,-79,39,-57,-85,89,20,-43,32,-82,-58,50,72,100,68,-34,44,-8,-14,35,-7,5,-81,-96,-67,36,-80,-17,63,73,2,-41,-61,56,-55,19,34,81,67,14,55,-37,40,-17,-95,60,-49,-86,-66,-20,76,6,87,-87,56,-12,-8,-18
87,-39,-19,52,-50,-73,78,74,-27,-95,-43,52,-83,59,-21,37,1,15,79,-90,20,-1,7,-29,98,57,44,-45,79,62,-42,61,-72,68,37,32,6,62,-89,21,-21,-45,-93,48,86,-7,-6,62,-95,-36,78,57,-72,-66,71,-60,-40,62,85,72,-31,-23,-40,19,63,-13,75,-9,-67,87,65,100,57,53,-99,-44,-9,58,77,59,17,-34,-37,73,27,-42,65,20,-1,-24,-47,-26,93,53,-2,8,-32,-93,99,-1,-30
-17,-44,100,20,31,93,-95,-41,98,-65,-10,-98,-12,71,33,-98,7,33,1,-37,46,-91,51,-99,-25,35,-54,47,-52,59,44,-37,-48,-62,-30,52,64,-29,-98,53,0,-10,-66,-48,-23,63,-52,11,-73,62,56,-54,65,-83,16,-5,73,82,-9,-27,100,-98,-18,-5,-42,-49,19,28,19,1,19,-85,-24,-97,-32,-18,-13,-21,-39,-76,92,16,13,52,59,-67,-13,-3,39,-62,-73,-38,72,-44,-45,-45,-99,-88,-5,-37,8
58,47,-50,-5,-21,83,-95,54,17,20,-61,-84,92,-46,-69,85,64,-35,11,-46,-39,-80,-99,81,63,-92,-5,-38,23,-83,4,31,-21,51,-45,28,-28,88,-71,-4,64,39,85,-39,-37,-31,39,-41,77,58,-29,67,-47,94,-50,26,31,88,25,-27,-2,-28,96,71,-72,81,23,78,89,-16,-74,-9,36,86,-97,-93,-34,-85,89,-29,2,84,61,-20,37,-9,0,81,-77,-34,-22,33,-7,49,48,-69,-39,-63,-79,-56,-95
-5,-6,-29,46,48,80,84,54,-8,30,83,-2,-73,-71,-51,-18,-9,78,60,-66,-40,86,65,-15,82,19,-7,-38,-72,-72,86,21,-93,42,75,42,67,56,-62,94,-18,14,-26,50,61,77,20,74,4,-74,-11,-87,16,2,69,77,-30,37,99,-26,-3,55,36,-16,-19,61,62,78,-38,-33,89,24,-68,12,-73,-12,71,-99,63,11,-42,19,-28,36,-19,88,-23,-24,-95,80,59,49,-67,62,50,83,89,15,-37,-31,43
-59,30,33,79,-23,-69,-25,38,61,16,-25,-56,52,-90,-32,12,-16,96,9,69,9,0,-29,42,95,53,45,73,-6,100,-51,-25,-98,48,52,-98,42,40,7,-16,-58,-88,13,89,97,-73,6,-8,-88,43,7,-15,-87,60,70,92,65,3,7,-19,43,35,99,-96,-11,-82,60,25,80,-33,-31,44,-64,-92,-54,-33,96,56,8,-63,5,-51,-65,2,52,-91,-43,30,-70,34,-82,-74,-62,-22,97,-51,-92,90,-55,80,-73
-33,-10,10,-50,92,13,93,-95,-34,83,43,-87,83,13,-16,-67,55,-60,-72,-21,-38,27,-56,82,-24,63,-44,-58,-1,-56,83,-39,-34,9,17,-93,-30,99,73,63,67,95,92,-8,-86,98,-48,-94,24,33,-98,94,-90,43,11,-12,-15,59,4,94,83,58,29,91,-76,51,-46,76,25,73,-79,-91,-53,32,49,64,58,75,97,-64,-37,-61,-82,84,56,-45,-62,35,34,90,-100,-46,37,17,82,-1,-80,-68,39,-62,-14
-64,-30,51,-5,-29,-21,11,54,80,-60,-99,70,35,-50,-15,-32,91,-41,58,50,-62,23,94,2,6,-99,-50,-86,75,30,-45,-18,57,-21,-99,73,95,-1,3,-55,96,-79,-89,95,67,-100,-53,-15,-18,-31,-41,62,-53,51,-17,-10,-20,-1,-61,41,72,-45,-85,-58,-46,-80,-75,-23,-27,-41,58,20,48,-2,46,-50,-35,-48,-61,-59,-63,-35,-2,-78,37,-100,72,-60,84,-26,-13,96,-2,-29,96,-24,-81,32,-28,43,-3
