-36,-28,14,-85,63,72,47,-90,-59,89,62,-75,33,-95,-53,83,86,32,13,34,69,41,-70,-71,-98,-80,17,-79,-94,-59,82,-24,-4,-17,-69,-19,-74,-50,10,-12,-10,89,69,68,50,48,1,59,32,-77,-24,36,-36,32,-12,-88,59,89,47,-63,-76,-8,-41,37,30,-3,-85,90,-100,-56,53,-10,63,-74,-16,44,-79,-60,40,0,-28,36,-50,-65,8,3,21,-58,50,12,85,100,38,-37,61,9,88,-34,-37,66,45
22,93,-33,34,-13,38,98,-73,82,-55,45,88,87,43,94,-29,-98,43,-6,-94,46,-46,-76,-24,25,-76,-100,-99,77,-91,-70,75,58,-53,98,46,-6,64,47,98,70,78,-8,-48,-5,-45,55,-64,-59,63,72,-90,88,9,16,46,52,16,-59,59,17,-71,-94,-77,-68,55,80,-34,-88,-50,11,98,-45,-33,11,6,-70,-5,-72,-32,24,40,64,-29,66,-4,-75,35,50,19,57,-75,13,27,-24,-93,54,67,60,56,-89
26,-100,26,23,-28,-86,-94,-40,-61,-7,-42,97,23,89,-95,-71,18,84,54,23,19,29,-38,33,-19,40,53,-37,-26,39,97,-100,-94,29,4,-4,67,-56,79,66,-42,-28,7,-73,-87,-54,26,62,-97,-89,95,-84,49,-76,-46,10,-47,8,12,-45,74,-18,-81,90,60,78,-91,-60,71,-98,-66,96,88,-15,24,-9,-56,-25,62,-58,-31,-59,76,-33,-70,55,52,-43,-67,17,96,-26,-57,-73,75,-67,-66,38,4,-37,-46
30,7,-53,-93,91,-61,-8,99,94,21,80,-77,5,-8,-45,-54,-70,-61,-89,-59,-84,32,25,-27,83,-44,-80,83,38,-92,-56,-9,-3,78,-63,-88,51,11,93,-57,80,-45,-76,-43,45,-85,47,34,76,-60,-55,81,-98,70,0,-51,-9,2,-21,-30,-100,31,28,39,96,-77,59,76,1,-95,-4,69,-2,67,-22,59,16,12,41,52,-61,-89,53,-39,38,97,-86,-41,-9,25,55,-89,-73,40,49,-44,34,69,-10,90,7
21,55,15,26,98,-15,11,78,-54,-2,45,21,-59,-40,-84,-43,-85,-20,32,41,57,82,6,96,6,-63,98,-67,25,71,-87,-92,7,13,23,37,68,-100,-57,-62,-82,-19,76,-37,31,-14,-55,49,20,-89,67,-56,-8,-21,100,93,24,69,-82,-100,-9,-37,-17,4,-66,-4,-51,53,72,-92,-8,94,86,-24,40,84,-18,-80,7,-64,71,-1,46,-29,89,14,-36,67,-11,-91,-19,12,70,-40,86,45,0,37,-17,90,69
-82,95,-60,-77,82,-70,29,34,15,95,-100,90,-15,-85,82,51,-85,20,-51,89,66,19,56,26,-63,-7,-8,-46,75,88,70,44,-40,-7,74,-6,-6,-68,-3,-95,-30,-71,-61,-66,-72,34,-17,90,-76,11,7,66,66,-97,0,-90,58,-35,-16,56,13,-100,65,5,-25,-9,40,15,-16,0,-55,59,56,-80,62,-76,59,47,17,-99,-91,-97,73,23,-94,-48,-45,-80,10,41,38,-89,53,-67,1,23,-88,-18,65,80,79
56,100,-38,91,-70,-71,8,-85,-21,88,-89,-9,-73,26,92,10,15,42,-46,-60,48,-2,87,42,-12,100,-71,90,91,-93,37,-75,52,-59,60,31,-56,9,82,79,-83,-93,29,-5,-69,12,-1,20,45,-64,84,-70,21,75,-4,-25,-96,58,64,-10,5,63,-97,89,-56,-31,44,-26,14,86,26,-33,63,-91,-96,19,60,-84,-17,60,-67,-32,23,12,75,65,5,-88,88,86,-78,-11,58,79,-74,-84,-95,-23,13,-19,-20
30,58,-1,77,56,28,18,-84,17,71,14,94,7,-83,54,37,58,9,18,31,-94,20,36,-29,6,-26,-87,-11,95,69,43,11,8,8,86,-8,93,34,-22,-43,6,8,100,-97,-19,93,-41,-85,-5,-5,59,-74,8,42,71,-2,96,-57,-86,-3,92,100,29,99,-90,5,-15,49,38,58,-78,88,43,-2,26,-56,52,-76,78,44,75,84,50,-78,-55,89,-82,19,-1,-29,57,91,86,96,24,36,-62,57,77,32,-62
97,-90,36,66,-68,-42,50,56,-5,-41,-23,-27,-78,-41,23,-33,-57,-32,95,33,-88,-61,65,40,-82,-83,-84,-81,69,51,-4,63,10,3,74,20,-92,51,59,-96,-42,65,-3,40,19,32,14,-71,35,-21,-7,-14,-49,3,11,37,-15,64,-9,-79,-87,-93,-14,82,-23,35,74,15,-7,9,-42,-52,-56,56,57,-76,96,-79,-26,-3,-37,-54,11,-76,-32,92,43,-44,-20,-83,14,-1,-25,-98,-88,-43,72,94,-19,18,72
49,-23,-88,33,-46,3,5,-98,-51,89,99,-50,73,41,28,5,-38,62,-11,-99,53,-76,21,-37,43,-50,-87,13,0,-6,-14,-35,21,-47,-49,77,-3,91,-51,-44,-82,45,-81,32,-46,44,-46,61,56,50,-90,21,98,-26,75,-84,21,27,88,1,-20,56,-56,37,45,90,-70,-11,-10,97,80,-87,28,-9,14,-76,18,0,-43,6,69,34,-52,79,80,-62,-61,-88,46,-94,97,-96,36,4,28,-90,80,52,21,-26,-89
-55,84,-73,-59,33,18,-34,92,-63,62,-95,-39,39,-78,9,70,72,-16,-36,46,-7,-6,-15,32,-80,-93,-48,7,-14,93,66,-82,-91,-100,-39,78,37,-35,51,-13,-74,-25,75,-81,-46,11,99,-89,-83,-61,-13,-12,53,-74,60,23,-33,-54,16,-22,-47,-53,-56,-71,-65,73,-97,-67,-3,-79,-18,-92,-79,-25,90,9,92,-3,89,15,-17,24,-42,19,99,88,17,88,-91,85,-76,-99,-27,74,32,60,94,-92,-14,-6,-83
33,29,81,-8,85,-21,-74,35,75,22,43,-91,26,72,-84,98,68,-7,66,18,9,55,81,-78,40,1,13,68,57,-55,-32,98,-75,-16,-78,-65,-100,-12,-66,-81,89,72,-69,-13,-43,-12,38,-51,95,35,-43,-81,-9,-88,-53,-71,-3,26,-38,38,17,77,27,25,-94,-94,-24,-76,-64,-84,8,54,-8,20,28,-31,-25,0,69,-72,-29,8,97,53,11,-76,51,54,-35,-33,60,30,-69,-31,52,56,76,-90,-84,26,95
-36,5,8,-74,8,56,-24,75,-51,86,-63,51,-1,-64,-52,92,32,-27,52,-72,-95,75,-57,-58,19,-85,84,-41,91,-43,-91,-30,-100,82,65,-48,94,-64,16,30,-65,52,49,-35,-58,-19,-4,-74,7,-3,-44,-20,14,42,-90,-81,-32,30,46,-53,-82,84,-58,20,-41,27,9,-28,43,9,92,98,58,89,41,-35,28,84,-80,5,-39,-57,-92,18,-51,97,-91,-86,-75,0,-86,-14,-3,36,-74,-16,81,-66,94,-60,65
-100,94,-5,73,-74,16,73,-40,-49,-23,78,12,63,-49,16,3,-38,-68,-96,42,70,86,68,80,-67,13,-88,-50,-44,-55,28,72,-55,33,-13,63,33,93,-6,-12,93,-93,84,-17,27,-66,-75,19,-68,-10,-1,-36,-24,51,-8,37,-74,49,-87,57,-56,77,70,75,-36,39,-89,-67,15,36,-21,-18,83,28,57,-74,-36,-46,34,-28,92,11,-98,-21,-27,-99,77,-93,-33,-53,-79,-58,80,-92,27,-37,62,-13,-78,-48,-96
-26,95,95,100,40,27,9,83,49,62,-10,-44,10,-60,-44,71,46,64,3,48,-50,32,-93,-16,32,-92,100,-71,-38,0,-73,52,-58,-30,-81,63,-58,42,-16,35,15,70,-25,97,37,-84,-65,77,-44,72,-100,62,-46,-86,-58,-91,72,-29,-21,-6,61,58,45,-62,-91,66,17,0,-64,60,29,-44,-41,-70,-27,-10,57,1,-75,24,21,95,-8,61,-26,57,22,-2,54,-14,94,-89,40,64,76,67,91,82,34,49,39
61,-52,76,46,-19,27,-13,88,-35,86,65,-53,62,89,-48,80,-36,34,-77,-56,16,90,30,-40,-78,40,-36,-90,43,20,60,45,77,64,41,-86,98,-23,-25,60,-42,-77,-59,12,-42,9,-79,42,41,12,-23,-40,67,38,67,-30,-81,87,24,-44,-6,1,-38,57,-20,-40,-20,-29,32,81,35,85,-41,-82,-25,62,100,-67,79,-87,86,-80,53,-77,-13,-46,-2,78,-43,32,31,-22,77,68,-75,64,-21,-57,-3,35,94
43,38,94,79,1,67,-44,-50,-83,-15,-49,93,-84,-59,83,26,65,12,56,-14,-80,59,-82,-60,-40,-42,-37,18,62,61,27,17,85,-86,-97,47,-2,21,50,-81,-79,-92,30,-68,70,26,-82,21,-19,38,-10,37,30,-25,79,-35,5,-99,89,82,96,29,38,24,7,-14,62,-38,100,96,75,-59,-13,-86,-68,-51,24,-13,-97,17,32,3,22,80,96,-17,-43,69,30,-100,-1,38,-61,29,75,-60,-45,-23,74,-27,65
-46,-39,-63,25,-43,30,-82,10,43,46,-33,82,-93,30,-60,49,44,-41,-24,92,-9,37,16,-86,-4,17,75,-8,99,20,-21,-15,-67,14,46,-47,29,-93,85,52,12,34,0,4,93,8,54,1,-73,-34,-69,1,8,-26,-49,-39,11,-34,-42,27,9,68,29,-31,-93,56,-8,-48,-49,-5,-63,37,-28,15,-84,-67,14,-78,50,-91,-17,29,-49,54,-34,-63,-100,-83,85,30,-2,67,43,-56,-18,-92,-62,-86,91,30,-98
-83,-16,28,96,73,-7,4,-98,-68,23,65,45,-22,54,-85,81,54,-100,58,-80,-54,-66,-18,83,37,-84,-38,81,77,83,31,-78,-42,-84,1,-98,18,-20,86,93,71,-94,-14,37,52,84,-60,70,-37,74,87,-96,-100,12,96,39,-2,42,-98,69,14,82,-36,45,71,-77,84,-14,-56,24,26,-65,-53,82,70,0,47,63,-97,59,17,33,49,91,-64,-73,-52,-76,-33,-18,-59,38,12,-100,-10,-57,-94,-55,2,1,78
97,-83,-98,90,92,52,34,-62,86,-34,-20,74,-40,-27,-27,-49,10,40,-25,-65,-25,62,-14,-24,13,-40,73,47,44,-29,39,-1,-80,-22,84,32,17,95,-4,56,37,26,88,77,13,18,-77,10,-63,-45,35,98,-55,-21,0,-87,31,36,71,-37,97,-29,7,30,-48,59,42,-15,-12,-37,-74,44,-39,50,-67,46,-32,-79,81,51,90,43,44,96,-87,5,45,78,54,75,28,-52,-31,-45,-11,-41,-18,16,-23,57,24
50,-73,14,35,-18,10,57,48,53,17,-83,32,-79,80,62,25,36,52,-55,73,-45,89,5,89,-30,-77,64,18,-43,37,62,-17,-26,-58,-70,-9,-33,-43,70,-36,-87,-12,82,84,-69,43,64,70,-6,-19,47,55,-33,0,-85,53,-85,-70,3,-96,78,-8,-14,-18,27,3,22,36,12,-20,44,26,43,43,-72,25,-36,83,-69,24,-32,99,-80,88,-54,89,16,38,27,77,95,-16,41,9,-23,14,-60,-65,23,-64,72
-39,18,27,72,77,-57,-62,14,-56,60,97,-27,-32,-18,98,62,24,-69,78,-43,76,-24,45,-46,12,47,22,19,-95,-40,-57,-55,95,11,-32,6,-29,59,50,-20,-21,21,82,-31,-85,74,-13,16,-5,74,-86,-23,-60,-23,51,-58,58,37,36,70,-28,28,100,-13,-100,-21,26,90,-27,-24,-43,-20,-84,-76,-55,68,54,54,-42,83,21,-31,-44,-96,70,70,-80,92,78,-17,63,54,35,-43,87,43,-7,7,-95,8,-47
31,55,94,-72,46,74,-71,-8,-75,-53,7,-57,53,79,-28,19,58,75,37,-85,99,96,-1,-15,-22,10,-22,23,20,20,-56,26,-6,-93,-64,-81,-68,70,-30,47,38,-47,-48,38,-52,16,-21,-25,-40,23,23,71,-14,-99,62,63,-19,34,-38,46,-6,35,-78,-12,-46,-93,42,-1,53,-57,12,-63,65,16,100,14,-62,-50,5,-29,22,49,-28,32,67,-19,52,73,-54,-3,87,47,-67,78,49,31,-46,18,34,-77,19
-51,89,91,-43,-8,-26,17,-76,-61,-65,23,62,4,-3,41,-95,-61,55,61,62,-52,53,-83,-10,-47,-36,-86,72,97,-81,0,-98,100,-53,71,77,6,38,-88,-78,82,4,-77,27,68,-55,67,-9,36,43,81,49,75,-79,-27,-52,39,-82,-6,36,-6,47,-13,37,30,41,-7,-96,-19,35,14,15,-47,5,95,-36,67,22,34,27,-75,29,21,32,72,50,66,30,18,85,18,-27,14,-79,85,1,-80,89,-27,-1,51
-77,-79,-6,-20,-7,75,94,-37,-92,84,7,-87,47,44,-65,30,35,-74,100,-25,-91,67,-93,85,19,50,-45,7,36,-74,-100,92,86,-87,26,91,-10,77,36,88,93,-64,85,57,-30,44,-71,8,-95,-92,35,20,65,-91,34,-79,-14,9,26,-75,-25,90,31,-50,-97,-8,86,-36,-53,23,-59,-54,-37,-63,-58,36,-27,3,92,45,79,70,39,-37,-61,12,-75,92,-96,-27,-79,-81,-36,-47,48,-48,-19,-19,-87,43,-24
99,97,69,-15,57,-67,-10,16,54,40,36,-57,92,-94,86,11,-45,-17,59,56,-67,-61,70,70,-80,-40,-23,4,55,52,36,-5,74,-57,-98,-64,3,-66,8,2,55,-59,-38,-16,31,-57,-30,52,-69,-10,-87,27,37,11,-99,84,83,44,-46,55,-59,37,-66,95,-21,-14,-99,8,-15,29,22,-95,80,-77,-85,82,-13,49,30,-25,-79,29,-95,-27,39,51,73,18,-36,66,29,-20,33,91,-55,-1,94,59,82,-13,-14
-28,42,-30,-73,67,46,2,-30,-93,-100,43,-26,-28,35,-7,50,21,84,-66,-8,-35,-33,61,32,48,40,-47,-33,32,-66,-7,-39,83,37,70,-11,-51,-74,-91,-87,59,58,-18,-19,36,99,-8,-93,8,-3,58,-56,83,-9,-16,-71,66,97,33,-48,-44,-67,22,60,-83,23,80,55,-5,-84,2,-36,-74,6,1,-79,59,-24,96,34,23,-94,6,-12,-79,93,95,-67,-70,59,-74,17,-45,-81,24,-40,79,-14,21,-97,-87
90,47,89,-22,-5,-36,-85,-96,86,6,30,-21,81,50,-64,-96,-43,-39,-42,28,-48,-89,50,-45,34,-6,36,-94,-62,97,49,-31,-98,-66,42,-2,-27,45,-65,-44,49,12,-21,-94,-30,75,86,31,67,-65,-55,45,-44,-18,18,-15,28,-61,62,-81,-45,-12,-43,11,-25,-40,13,2,66,-68,23,-22,54,-57,-26,37,56,-27,16,-51,63,5,66,36,-87,-54,-41,-11,-23,66,-87,-50,4,3,-11,50,32,91,57,-12,-64
-77,-91,-79,-45,-82,-88,-32,67,81,-22,-68,99,-22,-54,44,-45,40,4,30,-18,-31,-99,2,-36,24,-86,59,-23,-11,98,-78,14,-84,-27,-73,-60,-45,97,-70,-65,-61,86,23,75,-50,16,86,24,65,89,-89,-58,-70,48,-22,-46,41,-78,-85,98,-37,59,73,-9,36,72,27,-71,-71,52,-33,21,84,-10,-86,78,74,-40,21,-37,-8,36,-64,100,7,-29,82,35,57,-19,-54,87,-87,50,26,-21,-28,-39,4,62,89
34,-77,-89,20,16,-42,-87,21,79,-32,-13,87,-11,25,2,28,19,26,-59,14,61,-61,57,-44,-47,-93,14,6,21,-47,-15,-73,83,25,-15,-89,-58,-74,36,-86,6,-92,7,35,-91,37,61,-20,-98,-29,-86,-19,-92,13,-21,-60,-50,90,97,84,-98,-22,42,59,-68,-41,-93,5,-43,98,52,81,12,65,-29,-84,-77,11,-42,35,67,17,-3,-46,8,-1,32,-19,-42,77,98,7,41,-34,-62,-25,-68,60,-62,-51,-55
-17,46,69,64,-94,-59,-84,-50,3,-40,-19,-74,-11,12,-39,7,61,-85,43,-99,61,-61,88,0,99,53,-43,97,0,-66,74,-63,68,52,34,41,79,10,46,-3,-2,16,46,59,-89,13,-26,-88,-86,32,50,-32,-78,22,-50,-43,-37,-38,-45,-76,35,37,-14,-9,52,84,33,-22,-29,-44,-58,60,11,-49,-24,87,-83,-19,96,-27,-77,73,12,-92,72,-99,64,61,-18,-22,-5,-85,-5,44,-94,-69,39,-47,88,-38,16
81,49,46,-73,64,-22,49,-7,50,82,-84,-84,86,1,58,-100,-34,11,86,-57,-38,48,99,80,37,8,4,63,46,82,-39,-73,33,76,-52,-59,-95,22,-40,75,-88,41,93,-98,85,35,-89,-37,56,65,-63,61,-85,82,82,-23,-67,-6,-6,-92,23,-74,-76,-19,-7,38,-20,4,-93,72,-2,42,97,-79,96,-76,27,-12,29,-98,77,60,-76,-8,91,45,-23,78,-54,17,33,24,-65,-20,3,6,24,57,-40,-24,-59
27,-29,90,-46,-91,88,37,23,-14,-13,-67,63,-87,100,83,-44,-25,72,-6,-70,-84,-74,96,27,-63,52,26,-97,-53,-9,-78,-57,16,-57,50,19,-97,-19,94,59,-7,-28,93,58,-78,45,-12,42,-6,91,86,-64,0,-86,6,-29,98,-76,72,22,86,-80,-81,-34,11,28,73,54,53,69,83,100,-20,44,74,19,77,-59,76,93,74,-6,-77,-63,99,97,-54,-35,-27,-32,-58,33,-9,-91,87,-36,-60,87,93,-57,-81
90,75,46,63,31,-2,-38,-78,91,-69,-69,-50,44,73,-98,-24,12,98,-23,-77,22,-85,-94,84,-83,71,-93,-28,-73,53,1,-76,-95,-28,-96,-43,36,-83,18,-31,-73,34,-41,26,-31,50,-25,-55,0,51,85,-89,82,77,-62,-6,95,17,69,69,-23,-22,-74,95,-17,-40,60,-23,82,-41,-81,42,-94,58,-55,-24,42,34,-86,-36,25,43,7,44,-2,2,24,-12,-85,39,-58,32,-36,62,98,85,67,5,12,-74,-11
48,85,64,79,-28,3,89,13,28,52,49,88,72,45,26,99,59,-8,13,64,0,-43,81,-90,38,92,-48,56,-37,28,74,-93,66,-85,-60,79,93,-81,-82,60,-33,-94,-72,93,27,-45,24,80,41,51,23,62,50,-23,-50,2,-97,-99,28,-93,49,90,-48,-56,82,-33,25,91,-71,2,-24,-33,-90,-63,-84,-77,-10,-91,67,81,17,1,-97,29,72,-40,-13,-24,68,9,46,-34,17,51,-97,-58,-25,-36,50,-26,55
2,89,-57,75,48,-54,-63,-63,-41,-96,-67,-44,-79,-29,-64,54,92,-28,8,79,-4,29,88,72,-55,58,-2,-66,-5,5,-86,91,-74,-42,78,19,20,-43,-41,-45,66,76,-34,-65,85,-33,-41,32,-34,-38,-52,70,-74,96,1,2,-88,-50,-25,38,-97,67,-97,13,-74,40,-58,43,61,-10,39,-67,8,27,-18,63,22,-54,-91,-59,50,-19,64,-97,85,-58,8,21,52,83,59,-68,-40,42,9,-55,38,66,-16,25,-19
-29,-98,15,50,81,3,62,70,82,-34,-69,40,-3,26,91,-41,-18,57,-70,-65,-52,-71,-9,94,62,-73,-95,69,-63,-61,20,76,-9,38,-74,31,26,86,70,-13,-9,-34,4,99,76,-31,88,-1,96,-93,10,27,39,8,70,67,-18,76,77,42,37,-4,-44,82,-88,-100,-79,68,26,-38,-49,5,-24,94,-31,17,47,-81,71,4,29,-44,58,-35,81,-77,-30,-83,-12,71,-82,52,37,-90,-72,9,41,87,-18,-37,-55
-36,9,-60,47,60,84,-8,35,-83,85,-65,46,60,38,58,-79,39,-54,58,-19,-4,-7,84,-67,86,-91,-4,83,29,89,-3,96,-86,4,-2,18,-56,100,64,18,-83,-99,57,-43,-8,-21,3,-13,36,-77,-17,99,52,-58,73,-63,-35,91,-66,-56,-5,-24,16,7,-99,-60,48,-90,-32,15,-66,49,72,-46,-39,60,6,42,13,-60,6,75,31,-56,21,56,66,0,-37,82,-34,-26,2,67,91,-70,84,81,-46,-92,-99
26,-75,58,44,-77,-30,36,-24,-20,-59,-74,-39,-69,-55,-44,52,89,-75,-90,-53,62,-99,-91,-38,-55,9,56,-41,32,61,-21,-19,-46,-67,-8,-34,19,-67,65,80,-43,23,-71,-15,69,-11,-85,-21,-12,-22,-26,85,97,-57,10,39,-87,28,61,74,-81,-62,22,-20,-13,55,-16,28,-95,-20,-81,-5,-8,-62,91,-49,48,85,-94,95,-39,-95,6,-63,26,65,84,27,-74,43,-26,-96,59,1,59,53,59,17,7,-59,15
-78,99,-20,-36,-62,66,67,100,-47,-98,-76,45,-25,-20,42,-20,-37,2,30,75,40,47,87,79,85,-16,-72,-3,100,-52,-77,-51,-28,95,18,-2,-34,6,49,-26,-78,-86,83,100,80,-4,65,-34,-19,0,-81,83,68,-61,51,18,66,37,-32,33,-1,28,-55,80,-69,-97,-41,19,-2,58,28,-100,4,99,79,50,-23,91,58,84,26,47,-16,-4,-78,40,-74,-74,-18,-23,8,27,-11,-14,-33,-83,3,65,-47,-84,38
-91,-57,-55,-48,-85,-14,93,73,89,56,-3,25,-27,33,11,-22,3,7,52,78,76,-9,59,-64,-94,84,87,19,-22,22,65,-41,-91,89,-8,70,59,81,43,95,-52,-89,15,8,56,26,83,-53,28,-6,56,-80,95,10,81,-93,-4,61,60,-22,93,100,100,88,98,100,-18,-1,18,95,-94,-75,35,83,-62,86,-96,-20,-48,-24,-64,85,79,-60,67,-96,-80,30,9,-96,90,99,42,-90,26,-66,-15,-16,73,15,-76
76,97,73,76,55,-79,73,-26,-15,-12,-87,-35,72,70,92,-64,25,90,-79,-49,41,87,-52,-49,37,-35,75,-15,-10,-55,9,46,-62,-40,38,-68,-28,24,-36,98,-9,-64,75,-31,-42,75,88,37,-23,84,73,73,19,58,-74,-88,93,-61,0,-72,-53,-8,-23,10,-45,-48,-88,-41,-45,-17,78,-62,-33,-3,93,25,-82,-39,-54,26,-44,27,-46,91,-22,-11,-39,59,81,88,-68,69,-52,71,70,-39,-76,11,70,-84,7
-95,96,56,-46,2,-23,-28,-60,81,82,85,54,77,54,-45,68,46,34,72,2,-51,94,-69,43,-35,-93,26,-34,66,-5,-85,78,2,-26,9,91,-26,94,-31,31,-78,69,97,20,-49,-74,3,-83,-38,-41,-7,-17,92,59,-83,60,-28,-3,83,-2,-73,-25,22,-40,32,-79,74,20,-44,-99,9,48,20,83,-91,-60,64,52,61,-44,4,17,9,-78,-8,-94,84,-76,-42,94,6,86,-75,-56,30,-87,-9,60,6,60,-46
-62,-73,100,75,-13,-22,-40,13,-63,78,37,-74,28,57,29,91,-89,-13,57,92,-87,52,-11,-100,-92,-60,-23,-54,-82,32,-22,-60,76,18,95,17,-82,45,94,-50,-55,-34,28,26,-52,-43,-33,-50,-43,-100,30,-81,-71,46,-64,-1,18,97,-59,28,-84,27,-52,-25,-71,-72,67,27,78,93,52,7,-70,-61,55,6,-52,-90,-14,94,-39,-48,-12,100,-75,-19,57,-19,-29,-100,-50,99,0,16,21,22,37,94,-98,38,-91
-50,51,-66,34,32,42,36,-37,38,12,-39,28,53,16,25,-43,46,-5,-74,-21,-72,-50,22,-13,-37,-89,80,-34,-99,-68,-44,5,-70,-39,-67,-58,-67,89,42,51,-59,-17,53,85,82,-24,-84,-77,52,86,-20,91,-48,16,-7,-34,23,-21,-57,-28,80,64,-77,11,90,18,64,-40,73,-89,-26,-78,-9,95,-50,36,99,-24,-51,74,63,62,6,-51,27,0,78,23,-46,65,65,50,15,-65,25,61,-62,-9,99,-92,21
92,99,48,31,72,70,36,-29,15,5,-26,-40,8,26,98,-80,-37,54,68,14,19,-59,-62,-70,32,43,-46,-5,47,-15,-30,11,23,-69,-71,-2,-40,-81,-88,-22,-39,3,10,-66,20,-13,-80,-59,-16,65,34,99,-63,-15,-10,-73,18,25,16,-69,84,16,84,-52,-81,74,35,13,-45,-85,-8,-67,-73,-87,-16,-33,-38,-1,-61,82,-86,-95,31,5,-57,94,-73,78,-91,-74,6,-74,-53,-44,99,82,99,-58,66,-34,92
-35,23,-31,0,-50,-65,-31,11,2,-59,-19,85,-96,-61,81,-83,16,46,77,57,44,-92,-69,77,66,3,87,70,44,-29,-34,52,-6,95,9,-9,54,65,50,89,-18,-43,-33,45,51,-19,14,79,-71,-35,51,20,-60,-87,92,-19,-36,62,73,-50,-73,-39,-86,82,16,79,-76,95,0,10,-71,-100,4,-89,-78,-83,49,95,-6,23,-25,32,20,-60,-11,5,-99,2,-20,-3,-77,96,-80,7,71,69,8,72,35,-41,50
-35,100,84,-11,83,-90,80,16,64,95,62,16,60,42,-39,68,-28,-83,62,96,-95,-64,15,99,-47,85,-9,-79,-37,98,-59,77,-60,-50,-100,-61,1,66,11,-61,92,-75,1,-78,-77,18,-98,-58,68,-78,0,59,-80,-63,-45,73,-12,83,79,-45,14,-45,-10,22,26,-43,-86,-60,62,46,-7,52,66,100,-35,-26,90,29,92,-64,40,-95,90,89,23,-37,-25,-41,100,-40,55,53,-70,21,-61,65,68,77,40,2,-20
6,86,-63,-11,-93,-14,19,-57,-64,54,91,90,76,-71,-89,-14,-18,26,-29,-68,86,-43,38,33,22,-50,10,5,28,-11,58,-72,27,30,42,-1,50,-11,-80,67,52,-22,73,89,-53,-65,-78,91,-2,-69,5,-30,-95,28,24,-92,-46,-45,42,-12,-60,-75,40,-65,34,-81,81,30,86,-70,50,90,4,-46,-38,82,93,-70,-70,-83,-24,62,66,-41,10,54,-63,-47,45,43,73,-71,11,-61,10,52,65,14,66,-59,77
-96,-87,-6,7,-1,37,27,-29,94,82,-9,-77,66,12,-8,79,-27,-41,-15,61,13,-91,87,-63,-52,93,5,37,-31,33,-19,-17,-82,-6,-65,22,7,73,-31,-55,16,15,-5,29,50,-1,32,68,2,35,57,-51,-79,65,-77,-72,-97,-92,8,68,-19,-12,50,-37,41,-45,-84,-75,94,-30,-84,16,-41,-92,-22,43,38,-61,-82,22,-64,94,88,33,-50,-97,94,-11,-36,-63,-4,37,23,-97,95,-18,74,-72,-83,1,-2
78,-63,-85,22,20,-22,-70,37,88,-46,85,-46,96,-21,-35,-21,82,83,70,24,-63,18,-10,-29,-70,-34,46,-78,37,66,11,33,-87,-98,76,-75,9,74,-4,92,-8,45,82,95,21,-74,-29,64,57,-49,-24,-32,44,-45,80,43,-54,3,-87,-36,-58,-29,38,60,1,-53,12,-49,92,-69,-6,-93,95,100,-43,18,-17,71,70,-64,-10,91,9,-61,-26,-98,-58,40,-47,19,-35,-6,-50,13,-13,41,-8,-56,-13,-6,88
37,-99,-66,51,58,-49,-79,49,-53,-16,85,-29,37,-8,-17,84,28,3,-70,87,-18,98,22,92,47,30,62,81,-98,53,70,-40,-21,78,-22,-95,2,56,-84,97,-47,18,96,-29,-75,-34,-46,-92,-78,27,-15,49,47,-15,18,-45,-37,52,-34,-93,-24,57,86,-78,-82,1,-67,-89,-42,-5,63,41,-94,30,-71,-17,-69,-90,95,41,4,40,-34,87,-33,15,76,-97,-81,63,42,-90,-80,-84,-95,-85,69,89,-62,83,98
26,-67,0,52,82,-72,36,77,-33,-97,-16,68,-39,40,-34,80,-69,-15,95,43,-77,95,-20,-16,7,-51,-8,-91,-69,82,83,-37,-51,94,-23,76,36,-52,-59,75,100,-34,-78,-94,48,45,25,52,-86,15,-53,9,22,-21,16,-97,22,-88,-38,8,-37,-93,96,83,50,35,71,-95,-23,-59,-74,95,-38,29,-78,70,-5,61,61,32,87,-1,12,-24,-57,39,-57,100,-11,92,-77,53,29,0,-71,24,-57,59,-26,28,-38
46,80,8,63,85,39,-52,-93,92,63,54,42,28,-26,53,-79,-17,-12,75,3,-87,26,64,-12,-43,17,17,-91,16,-80,33,44,-87,-32,-41,60,-14,-51,7,-100,23,59,7,78,-28,79,29,44,-12,22,26,69,39,29,-55,80,77,-37,-5,-45,-30,-3,-49,-24,-33,16,-6,57,-34,50,80,58,-43,17,-87,96,-26,-38,-94,-59,-10,-39,-16,-24,-90,40,0,-98,-4,-48,16,-26,32,-77,97,-73,-91,-1,71,90,0
-66,-17,64,-84,97,78,44,14,-58,-18,48,32,55,-10,-96,-93,-10,61,-78,6,-60,-40,31,-27,-23,99,55,-88,34,36,59,9,-98,32,59,-96,-3,89,8,-90,39,96,-6,-41,-6,41,39,79,-28,-73,32,-41,-90,-74,16,-52,-24,63,13,25,42,19,44,-65,1,-2,-12,34,-11,43,76,100,-99,-78,18,-7,41,100,-8,-42,-18,-45,-48,-25,86,-37,-48,81,77,74,-96,-17,-94,5,51,-29,85,-24,45,43,61
-3,-22,86,91,-86,75,79,-61,-53,83,16,-16,72,58,-39,53,4,32,43,69,-42,79,-17,67,19,19,3,-17,45,33,94,-42,-2,-5,-18,-62,-23,-78,76,93,-71,-20,5,-45,0,-72,-5,9,-31,97,92,80,-29,-98,89,-3,-52,-46,-90,-23,54,37,54,-22,50,100,-39,23,96,-80,59,-6,-71,-27,37,63,93,-35,56,2,-57,-57,32,-21,-54,-39,36,97,-99,-89,-2,-97,59,28,-2,67,-62,-8,-68,-86,-88
-28,-18,-90,-63,60,-55,55,56,-93,-25,-69,98,-52,9,-21,22,-73,85,-78,58,0,-33,-78,-36,68,31,3,60,-95,84,72,34,74,-38,-51,-85,1,6,-52,-58,18,72,44,56,25,71,52,-42,75,-18,38,61,3,-29,51,-71,52,21,-17,16,-100,-6,-14,-48,80,-33,-87,23,-53,97,-37,-41,96,85,-76,43,22,54,6,-92,-24,95,44,17,-28,-93,-57,-98,-41,58,13,-6,-98,-31,-39,-36,-40,23,9,56,34
-84,38,-15,-32,-39,90,52,-42,68,64,-58,17,47,76,8,35,-37,-65,12,15,-56,-75,77,27,46,-25,-81,65,90,-5,-69,-19,-9,-92,-36,-46,0,51,-91,21,-94,23,8,78,5,83,-94,-43,65,43,-84,-59,-34,-10,18,8,83,-87,-17,41,-18,52,80,-64,95,37,-33,-65,-35,-77,-79,23,11,78,29,-34,99,-61,73,65,-89,9,-50,-87,44,-4,-66,51,-65,52,81,-92,71,-50,-59,-100,-89,-95,-49,41,18
-65,57,-5,-23,51,-37,-92,-50,59,-34,-66,-14,-10,4,-50,-10,-8,-48,51,78,-49,6,-84,-15,-69,-81,92,-100,-12,47,45,75,97,-94,-21,80,-95,-6,92,7,43,58,-36,100,-53,1,-39,36,-85,-29,12,-92,64,23,38,-78,-14,59,29,-16,-2,-66,-27,80,16,80,-69,58,-44,64,-36,67,-45,47,8,-81,-97,46,32,43,89,4,73,64,-15,-56,67,-68,9,-12,39,-8,-10,-4,-25,20,-65,19,-89,-2,-86
-39,-77,-54,31,19,-46,-23,-98,0,76,-95,-7,75,-36,-73,-10,53,-65,-6,55,84,-99,-11,5,33,-78,27,-46,-73,-56,61,10,-98,-20,38,-66,98,44,-32,-98,88,-15,22,17,90,99,67,20,81,31,16,-79,0,46,-32,-15,25,-47,-29,-86,10,94,29,79,26,-92,-27,46,-97,-73,-69,69,-72,-57,4,27,29,-12,-33,51,27,56,-56,62,60,63,-22,66,-78,-97,-58,-87,18,40,9,-98,-9,65,-36,-5,-23
9,3,54,96,-43,18,-5,32,-69,90,31,82,95,-21,-1,-65,-93,6,-72,-14,12,9,-77,42,-80,25,36,16,-11,59,27,86,-38,6,49,24,84,-25,-28,-88,40,-22,-11,14,-44,-70,21,-55,82,77,31,62,90,20,79,41,-55,-92,59,-73,-53,-5,-50,29,-17,-7,-56,7,-59,92,43,-42,83,-100,-17,72,49,-80,-50,-37,-50,11,-29,-53,43,71,-97,-33,-57,-99,-29,7,91,25,3,32,13,46,-41,-76,54
25,24,14,65,-64,-19,22,-85,42,81,37,-46,53,-12,29,56,-79,-51,13,-32,38,7,-78,80,-90,-22,34,16,63,-78,89,-16,4,41,1,77,-13,-58,97,20,-30,-30,86,-81,10,8,65,-26,74,-80,-70,83,69,-88,-60,-26,37,-45,-82,47,-52,-58,26,19,100,2,57,-93,11,13,10,46,29,-88,5,-83,-57,-63,100,-61,-13,-24,36,20,-2,32,25,-5,-23,3,39,-56,-69,81,56,58,-75,45,-30,49,96
74,72,-81,41,93,-76,10,-42,-31,45,-80,27,-77,-37,5,-26,54,69,11,17,16,37,45,-69,-23,-44,6,37,52,96,98,-94,95,-87,-27,-51,-99,-23,-34,75,87,71,-6,-36,42,-47,-5,41,6,5,51,-77,-48,-24,75,-67,-84,86,-83,-93,56,-11,-96,69,16,25,-61,58,86,72,61,90,-9,29,3,51,70,53,-56,1,67,-58,0,95,67,84,42,-15,94,32,70,-58,-30,-96,-37,-25,71,3,12,4,-52
83,94,-94,14,-1,-59,78,34,61,-36,41,-94,-68,76,47,-78,-32,95,8,-61,-1,58,77,88,39,64,53,91,-93,-30,9,63,-10,-18,32,-80,86,37,67,66,2,58,73,-25,49,-23,-30,9,-82,-99,-75,34,-76,-65,-20,99,95,-80,-20,-70,-81,-83,27,42,3,-49,-69,-49,17,-16,-12,24,-89,-16,21,83,-60,-12,6,6,13,-24,7,-18,56,48,-6,49,86,-36,30,73,-86,-22,-92,-20,63,-11,59,65,-49
64,18,-55,29,58,60,69,-1,68,17,38,66,-40,-16,-56,83,1,-12,-67,98,-56,83,45,90,-81,49,-81,-4,23,-2,-72,-35,49,-12,80,-59,-28,94,-98,-5,83,17,31,-81,-87,87,-27,-76,47,-62,-72,5,47,61,38,22,75,26,40,55,34,-25,25,-17,-66,-54,-10,-75,62,-5,-45,39,-13,10,55,74,91,83,-54,50,34,63,-75,4,-20,-79,1,89,-93,-8,-52,43,79,-43,91,71,96,-50,-59,58,33
-68,29,-1,-85,54,13,-18,-32,-27,34,45,64,49,-24,66,-24,67,-42,56,2,71,-17,-31,-75,51,-97,41,-34,-61,40,96,-11,33,-79,15,-63,-33,70,-14,-97,49,-24,62,-82,52,6,21,-91,-65,23,66,-76,-58,-84,-7,14,-11,62,-6,-43,77,-43,96,78,-7,22,95,44,34,3,81,70,-97,73,24,46,30,-57,27,-41,72,-21,70,19,-51,31,97,9,-93,-18,63,34,35,47,-67,43,-99,-69,-49,-51,-69
89,67,-99,11,-54,19,28,-84,-10,-82,-16,-35,-53,48,-85,97,43,-78,-4,4,-11,-6,61,95,12,-68,67,-70,-67,-45,30,-38,-91,15,20,-29,-63,-100,57,33,51,23,7,-34,46,-18,-73,-71,-83,-34,45,57,33,84,34,-81,33,-22,48,-26,30,-28,80,20,-59,69,100,7,85,63,58,62,-93,-5,7,-38,-3,94,-31,46,47,-38,-33,73,63,-40,-67,-99,64,92,10,73,-76,37,5,42,-49,-57,81,6,25
-91,32,-2,36,-29,-3,-30,84,56,-20,-56,60,83,-83,34,98,-16,-20,48,11,85,12,63,93,-14,-10,-33,20,9,-95,-30,-41,18,65,69,-94,-88,-80,64,62,50,71,-83,-81,40,16,-19,67,-17,49,-51,-44,-36,96,80,-36,-48,84,88,-78,68,21,75,-61,74,76,-32,16,6,13,-6,-100,73,22,-87,-82,6,20,49,18,-25,-49,-42,-12,-44,-65,67,88,-76,-82,-5,21,-78,80,-98,-51,-11,-64,46,-54,27
-28,80,58,32,-39,39,-93,48,9,52,-85,51,17,-40,58,57,82,76,98,-75,93,-69,-16,98,-41,-26,-62,78,-88,-63,36,-3,-7,49,-35,-26,-48,-15,-87,78,71,-95,-23,52,99,48,-8,46,17,35,5,-91,38,-9,-89,64,-73,91,36,44,47,94,-97,40,-71,-53,-45,15,63,-26,-97,77,98,76,-16,25,-41,73,-87,-52,65,35,-60,63,-60,-84,-80,-17,-74,-57,100,-74,-42,55,1,20,20,-20,-22,-67,-77
-51,-31,-64,-97,-80,30,4,-6,35,-58,25,53,42,94,-53,-19,-46,97,-5,47,-13,-92,10,7,87,-99,68,-5,-44,11,76,87,26,-100,59,-88,-49,55,-35,94,58,19,80,72,-28,89,-28,-12,-97,-30,-81,-39,96,-97,-81,-86,-40,-2,75,-61,-66,82,100,20,-15,35,-47,51,-37,30,48,-56,-63,-66,93,22,-45,16,-71,29,-21,-16,94,59,57,-69,6,-57,-39,53,2,92,94,23,-33,9,-64,15,-85,-89,-81
-14,30,-66,-93,-94,49,-100,77,14,50,-20,11,95,88,87,-70,-28,58,-84,-69,-34,-4,-86,-71,60,12,76,47,-99,-75,36,-29,7,-80,-82,-65,-66,65,1,3,-49,-98,1,-29,-65,-27,74,-38,14,-47,-37,-36,27,-4,76,21,-95,-37,98,87,57,61,98,63,-29,-80,47,15,2,-19,88,10,100,-65,-66,5,-89,-48,-80,-35,-24,-9,-59,69,67,-62,83,-77,-15,25,-19,-50,79,91,-91,31,18,100,-27,-9,88
86,11,-37,-23,72,34,48,49,16,-29,77,-32,51,55,94,-88,3,-53,-27,-66,37,79,79,-5,-24,-45,3,-10,-31,-54,69,-87,-59,-72,-86,14,55,-6,-29,-22,3,-27,-29,47,-75,-42,-62,88,5,-66,-16,-4,40,34,40,-53,41,-29,-5,-99,77,-16,-79,-16,-28,-53,-15,-12,-21,-72,34,77,22,-60,-83,92,53,-60,82,-4,14,-2,-22,-14,-25,85,-76,-62,70,-17,73,-73,90,-34,-73,-56,42,83,-34,61,-63
49,-80,-86,90,-56,-100,-58,50,-77,69,-35,90,58,-63,-66,57,24,96,69,48,-31,-34,-42,-36,55,-38,52,92,-38,50,-61,20,-18,-11,80,-80,3,28,74,50,62,70,-58,44,-45,-80,-77,46,-71,-49,3,74,-11,-20,73,-51,-6,43,33,12,-100,-62,-11,-43,-88,70,-17,-38,-62,16,32,-14,90,51,12,57,71,3,94,-41,99,-75,-58,47,-88,100,-66,-56,-49,99,-94,-32,-33,-36,-96,56,56,-31,43,-36,62
94,11,-93,25,-47,29,20,-88,-69,64,-77,15,-52,-35,10,2,-100,-32,-66,-41,89,-48,60,-89,26,58,-29,47,31,36,15,100,-37,83,-83,67,-39,-78,-33,89,72,-76,-99,-70,-52,-60,-47,10,11,-71,-75,3,-8,-47,84,74,54,-55,-78,93,30,-6,67,-19,-83,98,10,-43,21,-5,-67,-26,33,-84,63,27,34,84,60,-46,-51,-99,21,54,-1,82,-79,-99,99,-40,-63,-41,-98,-94,77,-82,-74,-61,82,62,42
86,37,40,-8,-99,46,-77,55,48,-78,-54,-9,-87,-100,29,75,-63,86,-44,28,-61,8,95,-70,-81,43,-10,-48,-46,-31,33,64,-13,-91,-69,41,-59,-71,71,-60,-35,-44,100,39,20,-87,98,18,-14,-11,-99,-37,-52,-74,17,69,71,-70,-69,-59,-28,64,-34,-74,-30,2,70,-71,-70,52,59,-70,37,-65,78,-93,-59,-97,76,51,5,46,-38,58,-99,-9,-97,-58,69,25,-69,62,68,86,-55,56,61,-74,-14,69,-49
-33,-88,46,-96,44,-60,53,8,68,44,-97,46,94,-64,-8,-5,-53,-82,-10,8,-85,-28,41,30,7,12,-82,-9,-17,24,28,-6,89,98,28,-55,-57,81,88,-27,-35,-65,-86,23,-16,49,-19,-75,-77,-69,93,46,37,-27,-26,81,64,85,-57,-31,-43,14,59,-12,55,33,7,68,71,8,-23,-25,-71,50,-42,66,12,-95,-27,31,67,85,-4,-90,-100,-66,-33,2,74,-24,99,3,61,38,11,16,-98,88,-14,-84,96
32,11,84,-76,-18,20,7,21,-100,-5,5,81,21,91,-86,61,45,85,-20,-13,81,79,-43,-27,-60,16,92,75,27,-84,-19,88,36,75,43,63,-13,-73,96,-92,-2,21,-4,-1,-43,27,-1,-23,-84,22,11,26,95,-53,-26,-40,-30,-9,66,66,-8,70,-96,46,-58,37,90,-68,2,10,-47,-30,-20,75,66,24,15,-69,28,-30,47,-51,30,-55,42,98,100,77,69,72,-49,-40,80,13,-29,10,-19,83,-78,-97,-27
61,51,-44,48,-68,-38,-37,81,-73,40,-9,-88,-89,-78,-10,-59,57,-90,27,41,-38,99,96,-51,-33,-34,0,-89,87,94,-10,-58,-18,76,98,34,-39,-84,31,56,11,-42,93,-11,79,57,-36,-61,70,16,-41,22,-43,-44,-9,100,70,-86,99,-32,-10,-41,6,13,12,-46,82,93,58,87,64,4,19,29,-2,19,81,-61,75,-34,-74,2,45,-87,-29,-29,-42,-18,12,-54,-88,97,-63,76,52,-4,-44,99,2,20,61
93,19,-8,1,-25,58,-4,65,38,-91,28,-74,62,-78,3,73,18,99,-66,-77,80,-66,34,-90,40,85,46,67,-85,6,-65,83,90,78,82,98,89,85,38,-15,-6,35,-7,-23,0,43,78,7,17,85,31,100,-45,-90,73,92,24,85,59,-32,67,99,6,-29,85,63,71,8,-100,-100,-4,-61,-95,-27,80,86,-86,14,-73,-93,100,-55,-45,-2,-42,-73,64,47,58,-11,-35,-47,78,0,97,58,93,-12,40,36,-36
-37,-46,-29,-47,87,-66,82,20,29,-11,96,37,8,-33,24,-25,52,88,-33,-50,-80,-46,84,-9,59,-56,33,80,-8,-91,36,87,-52,49,-5,-52,-24,-49,-98,-21,-97,-23,-46,52,96,12,-66,-90,67,-87,89,-97,4,21,52,5,-7,87,-83,-37,-87,45,59,50,2,0,-46,-19,80,-25,7,34,-13,35,-73,-20,71,-70,56,-15,-79,29,-11,-64,-91,0,71,-63,12,-85,14,3,73,73,49,-1,-17,-11,-4,10,94
-44,72,-79,-44,-10,82,97,-61,-27,55,90,62,62,58,-11,93,39,-1,-54,77,-48,68,85,-65,-95,46,-51,13,-2,-1,-62,-59,74,-73,22,-39,-34,45,-37,-60,88,-33,-29,46,37,75,-73,-13,-95,54,-18,45,77,97,-21,-87,92,90,-29,-61,5,41,-70,80,33,-96,-57,-41,-84,57,51,-96,68,52,3,-20,-24,-75,-20,24,-84,94,-2,21,-63,-80,87,-57,-61,34,-82,89,-22,19,-30,10,-53,-93,-50,-52,-43
-5,2,76,-60,-41,-91,-69,14,-7,53,-2,-26,42,99,-53,7,-61,-1,56,-32,19,40,28,-88,23,-25,-36,-60,41,-53,-77,94,-10,43,-26,14,5,66,39,63,-94,55,89,-47,-11,-51,60,-100,-17,20,71,-14,-44,-43,25,-29,82,-17,18,-85,48,60,94,-47,-10,-19,46,53,-66,73,-15,-72,-88,-9,-36,13,26,80,-47,65,-90,6,-92,26,-71,-16,9,60,-59,-16,89,77,57,65,90,-97,-13,-61,79,66,-3
99,31,70,24,-55,58,-74,-14,-57,-90,-87,-85,53,-54,-37,59,-81,50,9,92,-53,-67,88,32,-66,58,-71,82,-31,97,-50,34,90,18,-42,-80,46,-63,19,23,84,41,-33,-69,76,-67,-1,33,-67,92,49,75,51,-3,66,-70,-38,75,-50,0,73,6,30,-8,-12,35,-28,-4,-53,-33,91,4,24,17,76,52,14,18,-57,-9,56,-99,23,-66,-69,-73,81,-39,68,-61,-53,98,-34,-41,-8,-72,-55,-19,-3,54,-58
38,37,-54,53,-98,81,15,55,-85,77,-92,15,-96,85,-2,-75,-17,-84,-94,-59,-89,17,51,79,-52,-83,30,22,55,-34,-89,21,27,-19,-8,6,75,69,-77,18,39,-98,-16,-50,65,70,-66,-21,90,-61,-23,94,5,-15,15,-33,31,14,-82,4,85,91,68,-52,-1,-74,12,66,-63,-12,-100,47,72,-91,-62,-98,73,-18,-11,26,-78,-65,89,87,35,85,-33,1,-64,87,5,28,-46,58,76,23,71,-84,-45,-14,-4
25,-28,63,-35,67,-95,14,60,81,76,21,21,-71,43,-49,8,30,61,41,-42,72,42,-11,-69,-97,48,26,-43,23,41,53,-40,55,36,25,-85,31,38,-33,25,-69,-40,-63,80,66,68,-62,26,90,-82,-50,-17,-17,-57,-3,44,44,-67,-99,-11,73,77,80,-60,32,27,-96,72,-26,100,-84,-74,-91,-23,24,-1,-97,-18,27,86,-69,-43,73,93,75,-29,-97,-69,-6,-61,74,31,-26,-66,24,4,68,-79,69,-62,-91
-46,-83,-99,7,62,-48,-92,4,78,28,57,8,30,-39,89,17,27,36,-6,0,-79,11,-17,-27,17,48,8,33,-10,60,43,-63,86,57,-33,-44,-11,96,41,-3,23,0,-72,88,3,98,38,-17,96,12,-85,51,71,24,84,87,-55,-1,-81,72,-75,35,52,-91,-28,-83,-7,-8,-1,36,-85,-36,6,54,45,-15,44,-52,50,5,95,28,-99,-20,96,-17,-14,-48,-10,59,28,73,-75,70,-55,-6,-66,81,45,98,-86
-92,39,47,-66,22,19,45,45,79,86,79,27,86,-29,-94,-89,-20,-43,97,-34,-72,13,49,9,-33,65,-94,10,-40,-59,-98,30,-15,94,79,-34,31,29,-62,-18,55,55,85,-4,-80,-20,91,-87,-61,2,78,23,-12,-48,87,3,-5,-72,17,-64,14,92,80,53,-13,21,-97,-2,63,-94,-94,-16,22,-75,100,97,-58,54,28,18,-59,-28,9,59,79,83,-56,83,39,30,17,-28,80,10,52,-10,14,-32,95,36,29
-24,4,-8,85,34,-77,-65,-58,-67,-13,15,-11,8,-47,35,4,88,-41,80,75,-99,-89,31,-21,95,-9,-88,58,-16,66,99,56,33,10,93,47,-97,-62,-84,-42,-79,-82,28,78,-65,58,-62,35,1,-78,79,89,54,-10,39,40,74,-88,-90,-51,-79,-85,-53,35,-24,55,-86,35,86,-67,-93,-55,-23,-70,-95,80,93,-47,78,82,6,-32,-80,31,93,-23,64,9,46,-17,-27,-29,-40,64,-28,80,-66,-50,54,81,-37
-43,-10,35,-43,-94,-56,66,78,-18,-41,78,78,-85,-20,-63,-29,-100,95,-95,9,-89,49,-51,58,-68,6,21,44,64,-2,55,-2,50,72,81,-45,36,89,-99,16,37,74,0,100,84,-46,55,2,-48,69,40,93,-98,93,30,50,55,43,58,-49,27,94,-44,63,-44,38,8,-13,-61,-29,-23,-57,-15,18,-33,24,-81,-26,80,28,-88,-72,51,-59,-91,-4,-88,-4,48,13,18,-87,48,-7,-99,-7,82,-49,40,-97,-67
100,-22,-76,-1,59,-17,-51,7,94,99,-29,-35,-77,46,-19,-99,27,-91,1,12,-63,87,-8,-40,9,61,-34,-76,-25,-32,61,-14,-93,-19,-17,-7,-23,-4,22,15,-35,80,84,18,12,65,6,54,-11,33,-30,6,-10,-22,-82,87,-70,-33,61,-6,-37,55,33,-46,67,21,-48,-86,63,-76,83,75,78,-46,-89,-43,-22,-35,60,96,49,-15,-92,-20,52,18,-41,63,65,-11,-27,-36,21,32,66,-30,-67,48,-19,71,-6
-32,82,52,63,100,98,52,89,-16,98,85,21,38,-79,6,-31,49,-90,-68,-81,20,31,-80,96,11,32,46,-47,-9,25,-40,-13,30,-96,0,-66,10,-94,-46,-85,17,70,66,86,91,-33,-97,50,-44,-67,-74,21,53,-27,-91,75,8,70,67,-84,-57,89,65,-31,-63,1,53,35,-2,-72,-51,-4,45,-62,90,-3,-67,72,-81,55,-23,-32,66,-38,-25,45,-96,-28,42,-54,-75,-2,84,84,-34,36,-23,-33,91,31,43
38,-78,50,-62,72,-36,58,-37,-7,-95,89,4,76,79,-100,-3,65,94,-59,-19,-51,90,94,-33,-89,73,-73,-56,66,79,-29,-79,-23,99,60,43,-15,-36,-50,1,-81,20,-39,-30,-31,-2,61,49,20,-75,88,32,-2,-62,-51,-3,9,78,-80,16,-21,-20,77,87,82,15,18,-56,60,61,-14,49,56,84,-60,74,45,99,95,88,-45,48,-53,-3,-5,-91,56,-56,-42,16,10,54,-55,-68,-98,81,-93,60,77,-75,-14
-48,-64,68,-70,24,-67,-92,86,-94,-26,44,-76,-62,-91,-89,87,85,30,43,-92,54,-80,-4,28,32,-63,29,7,-84,12,54,-92,26,94,33,-37,-75,-53,99,-91,7,76,3,-72,11,-6,68,100,-7,-43,97,-99,-65,-42,44,-78,100,89,17,4,98,-73,39,-43,40,31,85,-84,-8,-10,23,24,-14,-17,73,-33,7,11,56,-95,97,18,-11,-76,-36,63,95,63,7,-85,73,-49,4,-69,15,50,-74,-86,-2,14,4
-53,78,81,85,100,-30,-49,13,7,16,75,-53,68,46,50,21,55,6,61,-77,57,-11,98,5,5,-67,66,-32,91,-2,25,38,70,-39,-2,-98,33,47,43,-93,-60,-3,54,43,3,-26,48,85,-81,-3,-20,-81,-20,-91,-10,88,-93,83,100,86,-3,-7,-15,71,-16,-84,-77,-42,-65,57,-7,-37,32,88,48,19,10,25,-14,-100,-5,-22,-36,100,-44,45,-8,37,-58,-1,56,12,-99,-74,-91,-34,58,-80,50,37,40
53,95,-81,35,9,72,66,6,12,27,1,10,-55,-22,46,-41,71,-22,45,-45,-28,70,49,-38,-24,-56,-9,99,65,22,55,38,41,-72,-44,89,44,11,21,96,-73,-50,-48,-92,-49,41,91,-28,11,-1,-77,-57,82,87,66,-19,-76,87,-6,-69,-2,11,60,23,-27,-11,-2,-76,50,-38,-40,64,38,-4,-31,-75,22,35,-9,-86,47,-27,-57,-54,-82,50,55,-64,-23,-94,20,40,100,61,-4,70,98,15,59,-70,-79
-82,-59,-65,-56,96,68,-65,-16,-21,-50,81,-80,24,82,57,64,-73,50,-9,-83,80,15,90,83,42,-50,-12,1,98,-74,-85,-68,-63,-83,-92,-50,40,72,-10,-91,-81,86,-29,78,36,-37,31,39,-73,7,82,-84,-2,64,-88,35,-41,81,-29,-42,-78,-42,72,15,58,-4,-10,-12,-18,11,83,48,37,-77,-78,-27,43,73,49,7,97,42,45,-65,-53,-60,16,-50,-85,8,-55,-3,70,-73,77,9,98,-3,-27,17,61
16,69,-9,-77,71,33,-88,-82,-19,99,95,-9,51,44,-99,-73,0,23,30,75,-1,29,89,-41,-41,-100,72,36,14,55,39,53,65,-96,-79,21,-13,16,62,27,-90,-51,-4,59,50,90,-69,81,83,-27,86,20,55,56,17,-82,-83,-78,-45,-36,21,-5,-78,22,-51,4,-24,-26,-50,99,2,62,-78,-94,-5,21,2,-94,61,-83,58,-81,-68,-18,-22,-53,88,-66,-79,88,26,-6,-87,27,35,-93,-45,-85,75,-81,-30
-46,26,1,-37,-97,-81,-51,-52,90,-81,-78,7,-47,-41,28,-100,82,65,-83,53,12,53,20,84,-72,30,6,-60,-80,63,24,-5,8,39,-3,69,45,-61,88,-71,-78,98,-48,98,-30,-17,0,75,-6,78,35,70,25,78,93,-46,-26,15,-17,-95,6,-94,31,-89,-31,-47,13,34,58,-85,4,94,-72,28,48,-16,-40,-78,95,52,-33,38,94,29,53,-7,74,-12,-38,0,54,6,-81,70,59,-90,-65,-59,-22,94,-21
80,77,57,51,19,4,-60,-58,31,63,-17,94,27,18,43,20,77,12,71,-53,93,76,74,-45,-53,-8,-39,26,-56,81,-97,-71,-96,-36,82,75,94,100,67,42,90,-10,-14,-70,46,-91,-55,-4,25,2,98,-4,-43,-68,-98,60,35,49,-4,-100,-14,-30,27,-59,-98,-63,-27,69,95,76,6,-12,89,1,64,-8,-76,-83,61,-92,19,87,-13,68,48,-48,10,62,3,94,18,83,-79,-72,-23,-51,83,10,-76,18,44
68,78,-100,86,-35,-86,-59,60,22,4,-35,77,-53,-26,87,83,-15,-29,72,-35,98,-83,51,-36,53,46,8,-75,-10,-7,-64,-63,97,-37,70,0,67,98,92,68,-6,-10,-93,68,14,-10,-5,-17,-94,-65,100,45,-65,19,-70,-68,-67,-87,-32,-95,96,-83,-44,49,88,74,-68,-79,68,25,-53,44,-8,42,-98,28,-34,43,-86,92,-70,-30,55,-41,-62,-10,-72,34,47,-100,69,-49,27,56,98,-34,65,99,21,-23,71
