69,6,-28,-24,72,94,66,-3,-7,66,29,45,-12,-71,41,-100,-33,20,-76,-32,-83,99,20,-81,-70,51,-77,45,-15,-69,-28,-75,76,-8,46,-77,-44,-29,7,-71,64,63,67,-71,28,95,95,41,-28,-56,-45,-54,-41,-64,69,83,55,-5,9,74,13,78,-24,-59,-17,-81,11,-43,-25,-60,-100,-34,24,21,-55,-41,14,-83,42,-11,48,-48,-83,32,69,43,77,-15,30,16,-31,-54,-33,-16,92,-32,21,-78,-100,-78,87
-74,-67,96,-8,-43,-75,-2,8,-13,-92,16,21,-35,11,-14,-28,-71,33,31,-68,-21,91,-30,30,-52,40,43,11,-90,54,2,-12,-11,46,-12,-96,69,-1,49,54,-91,70,3,30,8,-76,55,57,57,-80,80,58,-19,52,75,-2,-38,-88,95,-72,-42,-89,-79,-63,20,26,-76,98,-55,-89,-99,-35,48,48,-91,-21,-7,84,-80,-69,-87,-28,-44,-37,-51,9,-59,-64,-74,46,-62,86,-45,8,28,54,30,-5,42,-8,-76
-36,-86,-70,-61,3,-84,45,6,-18,80,88,58,91,-86,-90,-30,-78,52,38,-96,-34,3,6,27,96,42,-81,62,-74,22,92,86,-73,-29,-96,-10,62,54,21,54,11,-20,-17,-36,21,-77,-51,-64,-85,10,95,89,56,-39,70,26,-27,52,-19,61,-4,-38,77,17,16,59,-36,-60,-95,81,-89,47,-85,63,56,66,-41,-19,84,-51,-31,86,-74,19,33,-61,33,52,-47,64,-57,23,-13,-11,-49,-8,60,71,-92,58,-39
96,-18,94,-71,-45,69,-54,-29,21,36,-45,-32,-98,17,-50,40,56,62,23,97,62,32,-87,-24,71,-72,18,78,25,-51,-6,85,50,60,50,-13,-49,-75,3,54,-68,17,61,-88,54,-69,15,19,-99,-31,-5,14,-100,32,88,19,-2,-26,24,89,74,21,-70,-51,65,53,-92,-12,64,-13,61,79,68,-31,-60,-31,83,64,-36,1,-20,-7,84,-39,23,84,78,-89,6,-95,4,-28,35,-35,75,-38,-4,-77,-11,68,-88
-17,70,17,-29,55,75,51,85,80,78,-44,-29,-60,-53,18,-50,-52,3,58,-6,89,-93,-27,52,48,-11,84,-91,74,90,15,-83,11,73,-88,-93,-88,-19,-89,-54,-45,10,10,60,72,76,86,-45,-87,-19,-91,-9,24,-99,70,18,94,-95,11,-65,-86,61,-58,49,11,85,45,-12,-93,3,1,-29,-68,97,-11,-47,70,50,49,7,30,14,99,-61,85,-49,21,-8,-45,-45,100,40,-89,15,-44,99,-21,-25,85,5,80
-17,-17,42,36,-43,-22,33,6,18,90,-79,24,-50,-20,61,66,-46,-4,94,66,-49,-17,75,2,99,21,-19,47,-22,-58,-82,44,26,-61,-29,-44,6,26,-21,31,85,18,84,-47,94,31,54,59,-33,-56,12,47,41,-37,85,34,-81,-2,-37,-36,-16,12,34,84,-30,26,1,-66,89,-7,-70,97,-72,-47,4,69,2,-3,-83,-19,53,-90,9,-12,-33,-48,44,-49,-56,-99,-17,-50,9,-23,54,-25,37,17,-89,-97,-86
-76,6,38,-38,4,-29,-97,30,-80,-76,-45,51,-94,-92,-34,-77,49,56,-5,-88,3,-57,64,-58,-51,0,-89,-23,-37,-70,25,-82,-81,-45,-69,-41,21,88,15,44,-16,-68,-14,39,-7,-91,80,11,50,28,72,-70,-22,1,-19,32,-21,67,-55,18,24,43,76,80,-90,38,-44,11,-67,-75,86,55,-62,-29,28,59,-52,-68,19,-29,-66,-32,2,-22,22,-75,18,53,41,-47,86,95,53,-71,89,93,-7,3,78,-22,89
30,-40,-70,81,35,-49,10,-81,-49,-17,78,71,-53,7,63,-66,-73,70,-35,47,74,23,32,28,-60,-4,68,52,0,-34,-59,65,-98,-78,-65,57,-60,39,6,8,7,-5,-3,-98,59,25,-24,97,89,-68,45,84,52,-97,-75,-80,-22,-43,-45,27,65,-16,91,15,90,86,18,-24,67,73,92,-14,5,27,76,-40,54,35,-95,-84,-18,-45,29,-21,39,73,-71,-15,55,60,43,-64,-33,-94,-59,-85,-26,31,-10,62,-94
33,26,-19,-55,-7,59,-67,-69,-67,68,-88,74,-96,71,27,-69,53,33,100,96,40,-94,86,-38,-73,-75,6,-50,-70,-47,-44,-8,61,71,-30,21,11,68,48,1,26,34,86,-26,-17,39,15,-37,-44,79,66,42,-87,1,-14,-45,23,-31,-54,23,-62,100,49,83,-38,-23,-70,-28,-74,-82,-50,-66,69,83,32,58,91,-41,32,62,24,-71,-9,10,-26,-50,-9,-1,99,8,-7,89,85,25,-10,-99,-68,52,23,88,-39
93,55,-25,42,-33,-19,-19,-7,98,-65,0,16,91,-88,-66,-24,-100,1,18,-95,3,78,57,-74,-31,-37,58,48,-5,-75,61,-49,61,-36,76,-53,72,28,-45,67,74,-14,77,59,-41,40,-47,64,-98,64,49,15,50,-5,99,51,-80,-23,-16,-50,92,-72,45,-1,93,-11,68,8,79,-70,15,83,-70,95,53,-45,41,-100,45,-84,3,68,-95,-58,-35,-37,76,-46,-79,-7,-82,11,66,-25,8,42,-60,26,26,-97,-86
-85,36,-62,2,88,-33,-52,-82,-22,-67,-33,-40,40,-33,14,-47,-15,36,18,26,52,-56,-14,-64,-19,-60,43,2,53,-56,-43,67,31,19,14,-73,60,74,85,28,91,21,28,82,78,-17,91,-28,61,3,64,99,44,83,71,-85,85,9,91,-70,-64,23,-98,58,-55,-35,-29,-54,42,-14,-95,65,-69,12,73,-39,79,-58,7,33,-82,-97,-91,-10,99,95,32,-8,-68,87,-83,62,37,100,36,-54,72,44,36,36,-42
78,-93,-63,29,5,-94,17,91,65,-12,-11,-20,-62,-53,-56,10,18,7,-29,-59,40,9,17,-13,89,-76,-19,94,44,-47,-77,31,61,-71,59,64,-94,2,81,64,-45,-16,88,-20,-54,43,-7,5,-57,49,25,-81,-51,19,50,17,71,-25,49,-74,-58,83,8,7,-72,-29,-96,-4,29,-14,55,-19,-82,67,39,45,-71,-8,27,-32,-81,83,-57,99,5,26,81,-5,-3,-15,-23,51,-84,-62,-75,-74,-67,5,81,85,-58
-84,52,73,-64,48,-35,32,61,35,-64,44,56,94,-68,-79,-28,-59,18,-76,23,73,94,80,-22,-13,45,-41,58,-63,21,22,-14,-7,-71,42,-99,-20,85,1,34,-2,-21,53,-28,9,62,25,76,-62,-70,67,-64,-74,57,62,8,100,80,95,-99,43,12,-68,8,-99,-48,91,-85,-6,0,-78,85,-54,11,27,19,-63,-30,62,-59,14,-36,-11,19,-77,41,78,-97,-13,-62,54,38,-69,-72,10,37,56,66,83,-36,-77
72,49,47,69,57,17,85,75,-64,84,96,-44,-69,36,-23,72,98,-21,47,-1,85,39,-90,24,75,-52,-70,53,82,-46,99,-20,-74,-52,98,-2,68,-9,84,-49,-22,-67,1,67,32,-49,61,-55,81,-30,-52,33,-76,-31,77,-5,-85,8,50,97,-5,4,48,3,-33,95,73,-43,54,96,63,-20,-65,49,95,86,0,86,58,-46,27,-77,34,46,-20,15,4,-84,-4,-25,-68,66,-24,-25,35,-81,-99,49,-49,-63,-3
63,82,-42,-4,40,-80,-57,-54,73,-33,-77,-85,-69,86,-37,6,-38,46,-36,-58,-21,-3,-52,90,-79,66,-100,84,98,-1,-69,-60,-83,-44,40,37,-1,32,72,65,60,-27,37,15,13,-84,-34,-75,-65,70,28,30,-78,-10,93,2,-63,18,34,26,71,63,-26,-2,73,-7,-30,-79,8,-85,28,47,99,-73,-84,57,-63,-14,99,-60,-18,69,-82,-10,-76,8,-65,57,-64,-70,16,-76,-41,21,-50,-70,22,90,70,45,89
-38,-35,-36,-99,-22,77,-9,-27,-88,-71,-37,12,-16,-1,-37,-3,-57,88,26,-45,-49,-89,91,-53,-8,-48,72,-65,-89,-73,-69,-66,-18,13,59,-19,79,65,4,99,56,-19,21,-74,35,-15,-16,-96,100,44,73,26,-66,89,38,-5,90,16,3,81,3,-41,-3,-46,92,-91,-60,-92,-24,72,56,6,-14,-66,55,-58,82,50,-99,-64,7,-97,83,98,48,-69,-72,94,5,90,32,-31,-100,41,0,-47,68,96,39,-43,80
81,47,-71,9,50,-76,-42,39,-35,-79,61,96,42,-61,64,-38,-93,80,97,72,-46,-34,-84,87,49,-27,92,57,84,-38,-16,63,-87,5,-69,56,1,-34,73,77,-33,-13,-15,76,13,-47,-79,55,-21,27,-13,56,-83,-31,-56,2,93,20,7,39,-13,-93,4,-7,-57,-6,-82,97,43,-53,88,-17,74,-72,-90,-86,-92,-41,90,-72,-38,60,-17,76,51,-67,3,47,34,55,-15,-29,1,76,24,44,-57,-88,1,49,-88
-25,90,-91,6,-70,1,-95,-19,-67,-23,0,52,63,0,8,10,-35,18,50,56,15,3,-55,31,25,-27,-9,52,-54,62,-42,-35,-11,-65,-3,84,97,-7,-79,-86,0,96,-24,-80,-78,-96,1,40,-84,56,-22,55,4,44,-84,64,-23,-6,76,10,5,57,28,90,-66,-48,93,17,-30,-76,-50,-34,93,-61,34,-2,-18,49,25,-70,-91,3,-19,-38,9,-85,-38,2,-51,-40,-69,-16,83,-63,0,-73,-51,-63,93,-21,14
-16,27,-50,31,61,-17,-78,37,25,-83,-94,-63,-46,51,59,-51,68,60,-12,-85,-18,-96,-68,61,64,-8,-87,-9,89,21,-45,-31,34,-82,91,22,68,82,-46,40,100,-71,-85,-8,60,-31,46,-36,93,-58,22,-56,67,-92,-77,24,-38,-65,90,-22,35,-59,-17,100,-48,14,41,24,-90,32,19,46,-6,-98,73,-44,-46,-57,-99,-26,14,62,-57,-63,76,-77,34,35,67,76,-9,8,0,55,97,47,-97,72,-48,-12,37
-4,-6,46,31,81,-35,-91,44,15,-68,-47,78,41,95,97,68,19,51,55,-28,79,1,74,-100,-39,50,-61,-68,8,-9,-68,-98,-24,21,-17,26,63,-59,-43,-16,2,-98,77,-73,12,25,-36,-77,-39,-59,-30,86,-75,84,20,-72,-22,88,46,-22,-58,-72,77,24,-19,-50,-72,-97,-80,57,71,51,-82,24,-62,32,-18,27,67,-25,87,38,64,34,79,-81,21,35,8,96,44,-99,4,-44,-89,-66,-100,14,1,-23,6
34,2,-75,-14,-45,52,-89,-48,31,-9,55,27,87,-91,-23,-95,-35,32,-4,-84,-75,-61,41,17,-53,76,-56,55,-85,-18,94,49,-70,-48,-58,-2,10,3,-99,-24,85,-44,19,56,-90,-40,-22,56,-73,69,64,49,46,-22,-61,-47,69,-23,-100,-58,-8,-69,-35,-65,-20,-93,-66,14,81,-6,-51,-33,88,96,-41,-66,-11,-75,-7,-37,-89,-24,51,85,32,-64,-9,-39,51,-21,99,26,-36,-39,-90,91,93,-90,11,56,33
-58,-75,-51,-57,0,-99,-53,-8,12,-89,-58,7,-98,35,12,43,88,-97,95,-89,-54,-88,-55,53,-13,19,-82,-75,-92,99,-52,7,-78,-33,-89,11,70,-71,-72,36,-10,33,-56,8,35,80,-82,-50,-80,-65,-54,-41,11,85,74,-85,32,-39,-51,-58,-28,-5,-89,78,97,-3,-18,73,-8,-69,-14,74,87,-66,-24,-5,-51,95,9,-62,-42,-42,-24,59,-14,25,96,-17,-51,-36,19,71,-69,54,81,95,-67,-63,-35,-100,75
41,28,31,70,62,-33,29,62,-42,57,-95,-41,-59,-33,80,-67,-31,-57,-83,62,60,45,-10,-54,-83,-97,98,50,45,3,-10,-48,36,-31,-92,-50,49,74,-65,-94,-64,-6,6,29,-19,-94,-63,11,-59,71,20,68,-59,63,69,-77,-26,-33,32,82,-95,-31,74,60,17,25,76,47,-14,-11,84,68,-7,-15,-91,83,-70,-11,48,-15,81,17,-34,84,-43,53,66,63,-63,-19,78,-21,53,24,-100,62,-65,-82,93,-89,-24
59,-66,85,-39,49,35,-46,-33,-97,11,71,47,-25,-73,26,-62,-24,-62,-15,-31,91,8,83,-21,-52,-30,-23,-88,56,-73,-29,34,-96,4,-94,-29,-53,-45,-21,82,63,91,-80,-33,8,-43,-40,92,84,-71,5,38,80,-95,-83,-94,-41,-70,43,-39,-14,-49,91,97,23,-27,92,36,-36,-9,58,30,44,-78,96,-63,-95,16,-58,-25,45,30,4,-78,-59,3,-16,-33,-87,-85,-87,13,38,-44,-91,-22,-80,-54,-43,-21,57
9,13,-52,-59,5,-61,-96,73,46,-7,56,-64,92,58,71,-92,-84,29,36,70,-89,-67,28,38,82,-76,-52,-59,14,-40,-42,-27,38,-88,55,70,12,-18,-24,-54,-4,79,45,58,54,22,-67,65,2,82,8,74,-1,-26,93,-23,19,46,27,77,35,32,-14,31,38,27,-14,14,64,-95,-100,-80,-75,85,-69,-65,-68,-35,-37,91,88,70,0,31,18,10,82,91,-75,-45,88,17,61,73,14,99,73,32,-14,49,42
-46,-78,78,79,-57,23,-9,61,34,-74,29,60,68,92,-41,61,-68,80,-54,8,-31,-93,53,33,-71,-33,59,90,79,68,-61,-82,90,13,0,-2,-74,43,-1,-91,52,-7,-7,-22,-29,36,98,93,31,-60,17,-79,-70,-60,18,-85,-88,-69,-35,-72,-12,12,-7,-50,-68,-32,31,82,57,-71,-87,37,-15,92,-48,10,66,85,34,18,88,-18,1,-83,-80,95,-12,-15,1,53,70,97,39,75,95,-12,-32,18,-38,18,94
86,80,-22,36,99,-34,-19,16,26,68,-2,-88,-13,-94,-15,-25,61,87,-4,-43,65,82,17,-5,-81,22,4,2,-65,39,98,62,39,87,-75,-45,8,60,-65,18,-73,-6,28,-13,31,-16,31,-47,-55,-17,76,84,20,53,88,90,-90,-97,-51,2,-20,-8,-71,22,-75,-38,-33,-1,-25,0,79,-3,71,14,-56,29,28,36,61,-40,-70,84,-80,74,90,88,-99,40,13,-80,-38,-19,13,-99,-20,76,-22,9,61,48,-18
57,-57,75,63,14,-80,82,-98,29,-78,16,-22,-26,30,-32,64,63,41,5,-36,11,10,-27,23,-33,7,-64,24,-6,14,89,-23,56,28,43,31,-63,64,69,27,77,-23,12,-54,-27,-30,-83,48,-40,-58,-97,93,27,0,-64,-89,22,-95,78,-24,-76,-37,95,61,-35,50,-73,-29,26,94,60,25,11,16,-79,41,82,-38,34,87,36,-38,70,91,-37,-27,-63,-54,56,11,99,4,-8,95,3,88,-79,-30,96,-37,-53
77,82,95,41,0,70,-76,96,82,5,21,-54,62,-10,-31,-33,-49,67,5,75,12,92,91,73,34,-67,-55,-96,17,88,-74,-98,65,23,-74,12,-75,-97,-88,-83,-46,-63,13,-50,-29,-97,-49,-11,-73,11,9,53,56,96,44,-36,-77,36,86,-79,26,-10,-99,-53,-9,-75,60,89,87,95,69,-40,12,91,68,13,89,2,-25,77,68,18,-68,-7,-13,76,26,54,68,-63,71,79,14,89,1,-38,34,-23,-51,99,-76
69,7,86,78,83,-84,-20,-56,82,-66,28,47,42,-67,-9,-80,-14,88,-27,25,-39,-36,33,-92,-31,90,7,-39,-95,-4,-28,84,-85,63,58,82,91,-14,-63,1,68,71,-27,-66,-73,-50,-41,-74,-84,-88,-80,36,-98,-20,48,-48,85,-41,-9,-75,-92,-16,35,-1,-19,69,18,-67,-3,51,64,0,-79,-28,-89,-64,-23,20,-24,-54,-84,22,-18,53,61,-83,-92,17,-20,64,28,40,50,-25,-64,76,49,-12,96,-52,83
-63,80,1,-68,80,-7,-34,-4,-76,-90,-32,-62,19,-79,74,32,77,-7,-44,-34,51,88,91,71,64,86,92,25,21,-30,-50,-7,-23,-24,12,-2,-69,71,40,23,38,-61,42,8,-98,9,-62,10,-27,-75,0,-89,-86,-5,94,-5,47,46,33,-73,-61,74,75,-70,-75,1,41,88,59,-83,-14,75,-14,-66,-58,79,68,70,-19,1,-5,62,41,-11,-93,-2,25,-77,46,-8,-94,-13,2,-27,-96,-96,-9,7,79,-76,-37
-24,27,13,-59,-75,40,35,4,49,9,-67,-13,24,-11,54,13,1,78,18,38,30,-67,-37,-70,86,95,23,-85,-1,-46,8,-52,-3,-48,-53,82,-16,-53,-100,-88,52,36,-48,70,-5,-62,28,81,41,4,66,58,84,68,99,99,-19,93,88,24,86,94,51,10,-51,-33,-43,48,-70,-88,34,-28,-74,50,49,-81,49,-65,77,67,-53,-87,18,-64,-45,-77,33,-16,26,-6,-24,-56,33,-5,-96,-51,72,-22,-90,71,19
-37,50,-89,-58,67,72,-77,32,-29,-10,34,48,-45,86,-45,33,38,47,66,80,60,-71,78,-19,25,-22,-63,-90,-65,-40,-98,-70,15,24,67,-88,76,-80,-77,65,38,25,-44,-31,3,-8,8,-75,44,-16,56,76,5,-66,-3,-27,-63,95,80,70,-48,-2,10,31,90,93,13,-79,-49,-26,4,-84,-55,-29,-35,-77,-6,97,7,-56,3,95,-92,46,88,86,40,-2,-50,-89,-17,91,-4,-60,31,-37,-40,-82,-49,21,18
82,-88,-65,-44,67,-88,-38,-47,44,19,-18,0,42,-46,-63,98,-36,-50,54,25,5,43,-27,-31,-13,8,-56,63,-94,-77,18,-33,-81,-14,-21,86,36,-97,-27,79,-13,-6,-91,-2,44,-8,32,-23,-72,68,58,-94,-95,-87,36,-32,10,79,-100,-94,-37,91,-52,57,2,-97,20,41,81,-51,-83,100,51,-86,91,-78,-70,-1,81,46,-84,83,76,27,-89,79,1,22,-39,59,-1,97,33,39,65,73,-18,-20,2,-80,-79
-31,15,31,65,-98,-86,68,95,-61,-45,-54,-97,-63,18,-6,-59,-44,5,24,-95,88,97,73,-8,-92,-2,-100,54,-50,-16,43,97,-98,91,-63,-48,-70,11,-78,-30,96,97,85,-7,86,-39,45,91,77,-23,-72,-19,-70,-7,-37,89,-81,65,18,-35,-52,-88,12,-40,52,97,83,-10,-29,-83,78,-28,10,-21,-16,9,-83,21,76,65,-49,-22,69,11,44,22,-81,43,-63,81,90,-1,72,7,-47,-47,-97,-5,55,-22,-6
-32,-28,-71,30,66,53,94,58,65,14,38,-8,2,72,-85,-30,53,-65,-35,13,-95,-3,44,-92,65,-84,95,-77,-84,32,40,88,96,87,16,77,80,-47,-56,-94,88,47,59,-44,-99,18,-59,-70,-100,59,-10,-78,43,86,19,-48,39,-84,22,-12,72,81,-67,16,23,92,-21,-48,34,-79,-50,-76,37,93,-12,-45,88,39,-4,58,-78,85,-62,43,-9,-64,-57,19,75,-56,-99,93,48,69,-72,-90,37,0,67,-75,-34
-7,32,-2,-72,-20,7,-79,-17,-32,62,-32,69,-93,8,36,-70,-36,36,2,-100,-80,-100,-64,-78,-20,-19,5,91,-29,-35,-83,80,-28,69,11,13,-86,64,-39,87,-13,57,83,14,63,-81,-70,-16,-82,-87,-24,15,-54,50,-7,-56,-6,44,56,64,1,47,-60,-39,-8,-62,35,77,-34,40,50,-86,-74,-43,1,-38,60,60,-49,-72,-94,-4,37,88,-28,44,8,49,28,14,-64,-36,-19,79,28,39,-31,83,20,-37,-43
98,-28,-68,54,76,20,-6,-38,72,79,-41,83,76,-85,-21,-85,24,-86,-83,28,65,40,8,-8,-69,-23,-65,54,-97,-43,-6,-35,39,26,-38,-43,-37,71,26,100,-23,-92,-53,-34,-89,44,-65,3,-45,58,57,15,-52,5,79,18,76,-50,-44,24,-60,92,55,29,-1,4,-25,28,-93,-9,83,13,49,-77,85,-97,53,-49,-85,-19,61,-66,-84,-51,75,79,-82,-10,67,68,18,-84,-32,-76,-31,-67,-48,-72,48,-66,-33
-8,-89,40,-53,-79,-40,44,-64,2,98,-87,-76,-28,71,-94,-9,-6,54,-8,31,88,-25,72,80,43,-93,-89,-43,-8,35,17,-86,-93,-17,-75,-56,-41,-77,-42,-5,-60,-59,-7,53,-41,-65,62,-42,19,-98,-13,-69,56,32,-72,-80,-49,-79,3,97,52,12,-79,53,37,-59,5,51,93,-3,42,-14,-49,-30,-60,-82,-27,5,41,67,74,-26,86,-59,-75,-69,53,13,-61,64,-29,11,-19,-91,87,-77,-38,9,5,-68,-36
-77,-15,-95,-9,-16,61,60,3,6,-76,-30,71,53,36,64,38,81,-32,42,-76,-20,14,40,-36,82,-55,-6,76,73,-41,-45,-74,71,-18,-1,-73,73,-75,76,-25,29,-79,58,-94,-30,42,-61,-12,-22,-89,-68,20,-88,-60,60,-95,56,61,11,-80,-91,2,-66,-26,-12,-3,81,88,-50,-5,-88,-5,-69,-17,27,-6,-30,-66,-87,62,-28,-26,24,-22,-26,-1,-22,45,49,77,-40,-54,-2,64,95,80,-65,-52,-26,-16,-37
14,-30,-30,66,-1,28,-63,32,13,29,-7,23,-2,-46,-97,7,36,33,63,72,1,0,-41,62,58,33,-72,-49,-96,91,-14,-12,32,-24,-69,-87,57,74,33,-2,89,-51,35,-51,-38,-43,74,-20,-31,12,-95,43,-12,-35,-35,52,-34,-40,-35,37,26,49,23,55,-73,-35,-47,-72,-18,7,-35,-1,59,-2,-55,-72,-86,70,-22,83,76,-71,66,8,42,78,0,50,35,-35,11,45,-62,-37,60,-43,-4,-28,92,-37,-18
-24,66,-7,-47,-66,-69,64,-46,-29,-7,65,49,-94,-94,-40,-83,99,23,0,30,74,-40,79,67,0,-43,97,-59,-73,41,61,-96,-36,-5,100,-44,-87,-19,42,-67,80,-85,78,98,93,-76,60,-60,-88,-94,-62,94,78,54,48,45,-3,50,-95,82,-53,58,-93,-14,81,18,-46,1,-38,66,57,-96,-8,-32,-18,-74,-74,-63,31,-17,-19,-22,33,-26,-66,-44,100,63,50,63,29,47,31,-38,-56,86,-30,-65,-75,-59,-56
-85,-10,-72,-42,96,86,87,-94,79,57,71,-74,25,5,0,-37,-67,15,-82,36,-17,-8,62,25,62,88,-79,-69,70,89,-1,-35,-47,-7,-20,-38,-9,-75,49,72,71,28,-83,-88,-21,89,-1,-79,-98,31,5,-34,-19,93,21,74,13,-64,78,-3,-69,87,13,22,40,16,-25,-69,-100,32,97,-37,-87,-21,67,-22,-96,-89,96,-19,67,-80,31,67,64,88,-83,-46,-11,-95,-35,-33,59,-77,20,-65,-70,100,57,-26,98
22,51,-45,-79,28,69,23,-53,26,90,25,-66,95,38,22,70,-97,79,48,-14,-57,-16,34,68,-18,70,37,5,-55,11,95,77,-87,30,31,-90,-47,13,76,35,-31,-6,-18,-72,2,29,-40,-72,66,-18,20,-94,50,52,24,10,12,82,-39,-63,-53,93,55,-66,43,44,48,34,-13,54,37,55,77,-2,-55,82,20,-7,-87,32,-23,-14,-20,-87,5,-77,-57,-8,89,-26,86,-6,-81,51,75,-54,-73,-63,18,-55,-47
-10,51,-55,-52,25,-78,65,-3,7,-95,-72,37,-46,18,-1,-22,-16,52,7,-81,95,-73,-96,-7,34,82,-31,-58,-67,-8,-74,-43,-20,35,-52,95,100,54,-3,-70,71,8,-38,-55,-47,-83,-59,-37,-85,-12,27,-82,67,-55,30,-80,10,-71,41,80,79,70,15,-4,-6,41,-98,30,-36,38,-59,-53,22,73,-65,-46,71,36,48,35,14,-59,0,37,-42,-13,27,64,56,96,-95,3,57,61,-43,72,-50,-3,67,-13,28
-41,-52,22,87,40,-86,51,-74,-29,-89,26,15,-86,-45,-23,-96,87,50,-11,-46,39,59,97,-11,50,35,87,7,60,-50,34,-81,-16,-32,19,48,28,-33,-3,57,2,-12,-22,71,71,-68,50,-76,-4,91,32,68,-15,-69,35,-64,94,-6,-5,-93,53,-23,77,53,-22,78,47,-17,-64,-54,-32,-50,14,2,100,55,-90,77,-34,-25,13,43,21,74,-92,-24,24,-42,-17,95,14,29,34,-21,44,53,55,-91,94,8,73
21,-93,-88,9,-51,-63,22,-86,20,-46,-86,78,100,57,12,11,-12,-65,93,7,85,-91,-31,-48,68,-20,46,5,-54,85,-49,-71,-61,71,73,-89,-17,59,82,-95,81,-69,-40,-8,77,93,67,26,13,36,-28,-60,75,-35,98,-26,-14,-57,5,-55,52,37,-29,76,20,-51,70,36,-40,-28,25,-16,-59,11,-76,26,-35,-65,-70,-32,-49,-9,6,3,32,-13,82,0,27,17,57,-83,-38,80,53,-47,-29,85,67,40,51
81,-16,-97,93,-12,39,70,-90,86,-97,11,-25,100,64,57,61,-61,-41,-48,57,-27,29,57,82,33,-28,58,91,60,-33,97,97,-6,15,47,-92,1,-71,31,-8,-67,-72,80,-39,-51,36,-18,85,-45,-5,-26,-46,40,-11,-61,-83,60,-52,-30,-38,58,98,-88,-79,30,-9,-70,-34,20,12,49,42,91,36,60,82,-87,-73,87,58,97,20,11,74,-36,41,-47,25,68,48,77,28,41,-68,31,-21,7,-23,-7,23,10
-40,7,26,-97,-99,-62,-48,-73,-71,-19,53,-25,66,-89,81,16,60,12,-73,38,-88,-23,29,-86,33,76,-22,-11,60,38,18,-62,-21,77,-93,82,66,-82,51,-60,39,74,21,-70,-27,41,-7,13,-10,-21,88,6,93,99,-25,-12,75,38,55,51,-78,47,77,73,-95,28,27,9,13,17,-73,-28,48,-38,11,88,-59,-44,63,7,79,-49,12,-52,-37,-3,60,-77,-10,68,-36,-90,3,-59,-83,-38,60,29,1,67,55
8,-14,-37,-60,-65,-74,-25,13,-16,57,-40,89,-44,78,2,-10,-10,-5,81,25,48,11,26,92,89,34,-54,57,4,-61,-27,31,-39,-61,-87,-50,77,-18,48,-69,-69,-62,13,-38,-1,27,-92,36,93,-34,-89,-48,-45,5,93,-82,-29,-79,-77,58,-7,-22,78,82,28,40,60,59,-94,-62,-91,99,47,-43,-74,48,-45,-85,-15,-98,43,36,14,80,44,7,11,-100,76,82,-68,-75,2,-73,-37,100,43,79,72,-70,2
6,-54,-30,-38,73,-57,-53,53,16,-16,87,-99,78,-47,19,-96,-94,-69,13,-94,-31,83,-100,17,36,-45,75,-78,51,84,-79,6,-49,-75,42,75,-57,28,-10,97,-84,13,54,-64,59,88,-81,-80,90,54,70,-90,-17,-35,57,-25,30,37,46,-17,22,-16,-61,-35,-4,-29,61,-14,76,9,16,-87,58,14,-11,-68,58,-78,-19,-81,-95,-56,-27,96,39,64,8,46,-9,84,82,58,-6,62,-46,-66,41,9,-30,-47,22
-66,15,42,23,78,2,86,-30,86,-56,14,63,-29,-8,30,26,59,-88,-15,10,30,-6,-27,-45,39,77,26,26,-78,-20,3,-42,-17,-13,43,47,-13,39,-56,-93,-53,-24,42,11,97,-4,-10,100,-39,65,-60,-36,-62,60,-54,59,-49,52,56,6,-42,69,-9,37,-69,23,-61,49,91,33,-21,-40,58,70,26,-43,2,-82,-18,-97,42,-34,81,72,-2,98,-9,50,-25,-72,34,-61,-74,-45,15,26,75,57,-36,-17,-40
-47,82,-76,-15,-89,74,-60,22,-100,58,36,-63,73,26,39,100,-76,-31,-6,-46,-89,34,55,-93,30,-61,-60,57,-21,9,-47,-12,6,16,-6,8,-42,92,-30,71,6,-47,14,-35,64,4,-70,-58,-67,-55,-16,60,22,29,38,-84,97,55,79,52,51,-19,42,42,-81,50,-68,15,15,37,79,81,3,68,-92,12,-85,87,-10,15,-28,47,-97,14,9,-7,-63,51,-70,67,48,-78,-82,66,28,-90,-73,7,-26,40,69
-31,-91,79,-68,20,8,-35,62,-42,-55,20,54,49,44,-56,87,-100,-48,100,-13,78,70,-18,-28,54,-56,-30,13,-3,27,52,29,-92,8,-67,85,67,14,46,-61,63,-9,-68,62,-4,94,9,27,-32,44,-96,78,2,91,43,86,-35,37,49,68,-68,74,6,44,11,-58,65,7,-10,-57,-96,24,-68,-47,-90,-24,45,62,-12,77,20,-29,22,52,-82,50,-54,-22,24,72,-62,-36,80,-15,51,86,-98,-11,100,-16,57
-75,-55,34,-23,-93,36,-27,-80,-14,33,76,-43,-31,50,-21,73,-38,-22,-39,47,-91,19,0,46,-79,82,69,4,-29,91,48,52,99,89,30,-31,-64,-34,43,17,-86,25,-75,21,19,41,-57,90,-68,50,0,-30,41,52,-7,-44,82,32,-92,1,54,38,-61,-79,95,-54,-18,-55,49,27,-74,34,71,72,91,33,-21,-5,-97,-78,-91,27,-14,87,-94,-66,-66,56,-60,76,92,38,-64,71,32,-51,48,-38,-21,-69,-39
90,-85,81,-50,-51,75,9,-17,13,-96,67,44,-97,100,-12,62,-27,-35,-39,46,-10,41,47,95,-98,-17,55,-10,-12,-13,90,94,72,26,15,-26,-11,14,-9,-72,9,45,-60,96,-41,25,-85,15,-72,-27,70,55,-64,-80,21,57,62,-87,64,4,-84,67,-63,-62,19,-34,-34,43,-97,45,77,-27,-47,-79,48,-91,6,67,-60,35,-79,49,75,94,-14,-84,86,-36,-91,-16,-68,56,35,56,-63,76,0,-77,15,63,-24
58,71,39,98,-9,85,64,-17,82,51,-12,-60,-33,91,23,-21,-86,37,-47,-3,-65,-69,39,90,58,41,-17,-9,92,-96,-6,-46,71,-9,66,-5,7,-63,-97,-13,-37,-12,-79,-48,-49,16,-50,-87,-44,-51,-3,76,27,72,77,-59,77,47,-25,37,-55,31,-18,-15,-84,74,33,43,-78,81,-66,-18,32,17,14,-59,-4,-90,3,49,-46,-32,-61,-74,41,81,-18,62,-51,-73,79,-80,60,60,-54,16,41,97,77,61,95
34,-10,87,83,-75,-87,-94,6,-37,66,20,67,64,32,100,-78,-57,-34,94,61,32,17,11,-57,-96,-13,-94,1,49,27,-19,9,-28,-56,25,-91,-2,-42,-58,-94,58,-56,6,-58,-99,-74,-68,-14,77,-10,0,46,20,36,48,-73,-16,72,-37,58,-32,-92,-21,-84,-30,46,-35,-13,67,-58,-2,57,-32,-40,19,-91,67,-48,56,-8,-13,-36,-35,-73,5,-96,72,56,-43,-6,10,85,-60,80,66,-53,-52,-20,1,-33,23
16,12,59,-41,42,-73,-69,6,-32,74,-55,-97,-89,59,-8,-28,17,-83,-84,-58,-34,-93,-82,78,73,-57,-23,41,97,-32,23,68,-71,-35,29,-95,41,-32,74,2,64,2,-99,20,-73,28,86,-3,-38,99,5,77,-59,37,-50,74,18,-80,-7,67,-93,55,-19,36,35,29,60,-97,29,23,-71,-6,32,-49,55,-36,-70,-3,65,33,25,44,-10,-42,-27,-47,38,48,-81,-61,97,24,46,-55,55,22,92,53,-94,39,-38
-33,-8,72,45,61,-87,-86,33,-45,-79,-10,-77,-13,-40,-90,12,-65,-67,32,94,61,-47,-13,-85,36,-15,34,-58,81,-99,31,-75,25,50,47,88,24,44,-93,57,-62,72,-95,-15,-23,-52,-8,-57,36,-94,-39,-95,-88,40,66,59,-94,-58,13,-75,67,-17,-87,72,36,27,75,9,-7,-23,-75,42,24,-85,-45,21,60,96,42,-38,80,-83,-28,33,63,9,31,24,72,-29,-34,-86,-23,1,70,-14,51,-47,36,-41,-54
40,-52,-75,-97,-29,0,87,-44,36,-53,6,-31,-85,84,-6,-74,65,82,42,-74,6,-30,-19,36,-53,54,-30,-52,9,49,-98,-72,-57,86,-28,-89,0,-51,57,-54,-25,-67,-52,53,-39,70,-8,-45,-65,7,-15,77,64,-33,22,-84,35,-94,78,-66,53,-64,-16,3,-1,-37,6,53,-96,87,-20,23,-99,-49,44,-71,63,-95,48,14,-3,-5,-22,-3,-31,3,-14,-88,-13,99,-19,-1,82,12,-49,-60,-45,-95,36,-48,-61
-75,78,-68,91,-89,35,-80,-31,-19,63,7,-88,-7,-3,-14,64,92,15,-94,29,-96,-84,-54,93,14,-88,11,14,-33,-38,46,22,-54,-84,-11,87,-28,80,-6,-8,-84,35,86,90,50,-5,82,76,58,24,-39,-75,-12,5,82,-36,69,48,6,-33,-8,-89,7,-5,-67,-82,97,-9,91,40,0,27,39,0,-36,36,16,-87,100,0,-15,-42,34,66,-45,49,46,-22,58,20,100,-88,88,-82,-77,83,-4,-91,-8,-43,53
-61,-97,59,-15,-66,36,24,-93,40,-13,-62,-23,-77,-15,-53,-57,-64,92,32,-22,-76,21,-58,-93,27,-38,-42,-46,-46,-54,53,-45,-23,34,-84,84,-13,59,42,-97,-64,51,-18,-30,-70,-30,-21,58,47,97,-63,95,92,28,73,82,81,-80,-64,-99,18,9,-31,-8,-21,-67,-38,62,6,-72,-90,66,41,-97,2,-21,76,-5,-95,-61,-60,38,38,-61,-84,-6,88,11,28,90,38,-56,18,-51,91,0,47,-64,14,-100,-68
58,63,-18,55,53,55,-37,-10,51,-2,-8,75,-1,-90,-80,13,-73,57,47,25,-99,-39,-30,-93,-41,-38,-61,-38,88,15,7,24,-34,90,69,-60,72,-7,59,23,-2,21,83,-56,83,-85,-4,-49,72,-63,34,62,-66,-98,84,-40,82,57,-10,91,63,80,-12,41,-21,-96,-47,-37,-45,11,-65,19,58,76,20,18,33,12,-74,11,-43,-83,-24,46,55,51,83,-47,52,71,50,-28,46,3,-76,72,21,98,52,-100,-81
79,7,33,-67,-68,-42,44,29,-6,45,-99,-61,85,-3,19,33,-54,45,60,-9,-8,2,-41,-89,-32,73,27,32,62,-35,98,11,-36,88,42,6,29,0,-55,-53,19,-99,-18,-3,-81,-80,-20,67,-33,53,21,-6,-93,0,63,21,-24,-54,81,61,62,80,49,5,72,45,-28,90,60,-44,-60,-32,100,-66,38,-98,-9,75,-88,2,-14,5,29,-78,-96,-39,59,-56,23,61,-58,-70,-74,56,-80,85,-16,60,62,81,13
84,-52,77,50,68,-41,-85,74,79,77,-5,87,-95,33,-3,69,53,-92,-60,-34,-42,-89,-6,27,9,73,59,72,95,-58,12,68,81,-15,-61,-78,-60,-15,8,84,14,-48,-26,-12,74,57,65,-73,-55,42,-47,96,74,-43,-91,-41,16,39,-94,-15,84,-39,45,65,52,37,39,-81,-82,-91,-27,4,42,22,-99,89,-31,-2,-49,50,40,51,-79,-72,61,0,-16,-77,6,-40,99,-68,53,-70,13,-71,-37,-42,38,71,-35
70,5,-33,-82,74,-20,-74,-72,72,9,-39,46,58,-36,77,-53,-33,-31,-40,-95,-53,49,44,69,21,-32,10,30,-34,-71,31,70,-31,67,-75,-77,-64,-9,0,55,30,-29,-87,-23,28,-55,61,76,-79,-27,-80,-52,7,-47,-1,-3,-66,15,1,-8,60,-55,-38,-70,96,41,-27,71,-25,-66,18,64,-75,94,59,-32,67,-87,-66,33,-70,49,26,-71,-39,76,-2,-1,-51,42,-10,-49,-39,74,53,-30,-82,35,17,-30,-18
-7,24,82,-52,-36,93,80,100,-91,66,-1,-11,38,-24,27,-80,-19,-35,-85,-30,68,23,76,-34,-22,-26,21,68,89,-18,-15,-61,-51,-33,-83,10,18,-42,10,22,80,-99,49,49,6,-75,52,-100,7,78,-18,-82,-32,-62,-4,51,9,31,35,-64,21,-42,30,64,-87,44,73,21,-42,51,14,-13,88,-35,-54,80,-57,-27,-76,-52,38,-9,60,-85,74,-9,88,-98,7,27,-51,-54,93,-98,43,63,-99,90,32,-40,-45
-97,71,-82,-81,54,-81,-85,-24,-2,-42,-87,73,-53,64,38,-11,-49,-6,-31,91,93,49,-22,78,10,100,0,-67,-22,-40,52,99,-30,-93,10,27,82,87,82,-65,-89,-47,-53,-4,52,-1,49,-55,5,64,-96,-32,3,56,-22,95,15,52,-34,20,-25,30,15,5,36,-92,50,99,-93,-41,24,84,76,6,88,-86,-23,-68,-87,-93,-28,15,43,16,-38,31,12,-24,-63,5,-8,3,-6,84,-87,-4,-84,14,-81,49,61
-62,-56,87,96,12,-52,-37,43,-31,66,-48,-47,8,48,99,79,59,31,-81,-47,89,-57,-67,8,-41,97,-51,-14,-72,-76,-2,64,88,-42,-41,1,-54,71,36,19,77,91,54,-24,-14,44,-2,-94,31,-54,-88,12,79,39,-37,-66,57,-79,45,18,-91,7,3,-21,-87,-9,61,-82,35,-75,-28,-81,-68,82,-42,68,-16,-36,53,-94,66,21,-38,-7,44,79,80,53,94,18,65,-2,24,-19,-52,28,-7,-17,66,21,35
87,-76,77,36,-69,87,-89,51,61,-5,-78,-85,-83,-16,20,45,47,-41,-87,-92,36,100,-39,-35,44,16,-53,23,69,-68,83,-80,-52,-29,76,-5,-94,30,-80,-38,9,26,-43,-27,34,42,-98,97,67,82,61,95,-58,-1,65,97,0,9,-73,10,89,-5,-82,86,31,-69,38,-33,81,34,-45,-63,14,33,56,-47,57,-73,90,72,53,-63,-21,55,50,100,96,62,33,-12,-19,94,79,13,-91,-27,76,55,-99,4,-11
-72,46,-61,-10,82,-94,-21,-62,97,-26,-100,68,-69,79,90,80,-16,-12,95,-61,-34,10,55,70,-97,68,-72,-91,31,40,92,91,90,-20,37,-70,-16,87,-96,-3,87,51,32,80,83,13,-15,90,79,64,70,-9,-66,9,38,22,94,-63,51,25,-67,47,12,-94,-40,-26,14,-73,-61,-53,-38,-34,-74,37,-10,-87,-32,21,32,91,-86,-22,69,75,56,-66,-58,13,-36,-97,-53,-36,27,-60,-94,-4,-84,81,27,-82,-43
-77,-48,-67,-79,25,93,-12,-94,-76,9,-4,55,9,-66,47,-53,13,93,-26,-60,-40,76,19,18,-28,58,25,4,90,69,-56,76,41,44,76,-15,-75,-66,13,94,49,89,45,90,38,-38,99,-99,-82,-87,-47,-87,22,-63,-86,89,-74,-71,51,-86,90,-32,81,-6,-68,60,62,-71,-64,-60,86,62,-10,-49,-45,-13,-100,90,-85,28,75,77,85,-27,95,-68,-53,43,76,95,27,83,-15,90,-78,95,-3,11,32,-74,1
29,29,57,69,-100,32,7,-90,-98,67,-31,46,60,19,49,11,-87,-21,-72,36,-22,-27,89,10,-97,22,59,-65,97,-90,-66,-5,-2,66,14,-85,10,51,-16,9,1,97,-100,91,-1,-23,-93,-78,72,-14,41,47,37,18,97,-36,47,29,-16,100,-39,-56,-39,51,56,-68,20,88,41,-38,-39,68,-3,-50,-72,33,-80,80,17,-45,14,18,-96,65,-81,48,-99,-14,24,84,-30,66,-78,88,7,-9,74,56,-5,-42,46
88,-12,26,14,57,-31,37,34,68,-44,13,-1,-49,87,-34,70,17,-1,46,13,-74,48,79,-23,-76,36,-85,-51,-30,-100,72,-48,34,-46,-47,93,-53,-24,41,-13,15,47,38,33,-27,-60,-32,76,80,-35,49,-46,-38,3,1,12,-36,98,49,-80,76,-23,36,-10,-80,-86,-93,12,2,-33,42,-9,90,-24,15,3,-14,77,31,61,95,63,-15,98,95,55,-70,-2,-83,10,98,83,-92,22,53,79,-63,-9,-31,72,22
-16,75,34,-55,-58,-2,-23,6,84,20,-27,-73,-62,26,-43,-58,-50,43,26,-11,-13,54,8,-29,-13,-18,-40,-14,69,-59,-12,33,-52,29,7,31,65,-97,51,-97,-79,32,18,40,-31,20,-59,-18,9,-6,-47,-73,-17,14,-99,-51,71,48,56,-90,22,-75,-46,25,-79,52,28,20,-51,38,-92,47,-32,-99,55,11,-70,-52,-98,45,-23,-27,89,-66,-68,-80,-66,34,-16,-20,74,-35,75,17,-1,35,-71,38,-64,68,-21
2,38,46,-78,-4,-65,25,-72,-41,30,-27,-37,-40,-42,20,-53,42,83,-23,72,-40,25,67,32,87,100,35,83,27,91,-90,98,-37,27,-20,-56,78,-68,-2,2,-13,83,15,-53,50,-45,89,43,86,-86,-94,17,46,52,74,-40,-41,73,51,23,-84,-56,-23,-97,-79,59,37,-27,86,-60,20,-87,-7,49,1,-31,91,-79,43,26,82,-53,86,32,75,-1,-85,54,-60,-53,6,-91,84,19,98,16,34,-43,-89,-52,-56
6,-99,24,7,-26,-10,48,57,81,45,30,29,-38,29,-17,-92,-60,49,-28,-60,82,-76,2,-44,57,-65,38,55,31,-74,34,-44,-31,-27,25,76,-29,-4,-24,-78,18,-97,61,0,37,-59,65,-74,-73,-85,64,58,-97,11,69,-6,-68,-82,-64,-56,-64,64,85,-39,85,24,-43,5,44,-28,-40,-11,100,-87,-76,-11,-51,-9,94,12,-62,-41,-56,-38,-79,-26,93,73,-94,-82,-51,-69,-93,-16,72,-47,100,-36,29,33,-60
48,-51,9,-24,18,-22,9,-65,51,86,58,10,-37,93,-11,-18,-3,85,-80,53,-85,-71,-9,-49,58,-60,-14,-19,63,-98,46,-73,2,10,31,-11,12,-83,-46,63,-83,-54,59,76,-67,12,-17,-99,-44,-76,8,10,58,55,65,-72,-71,-22,-96,-96,56,16,6,-6,3,-57,10,-99,-94,-13,89,-32,-91,45,-3,84,-20,80,-42,83,16,12,-35,-57,-50,-93,-19,62,-90,97,70,-16,33,64,21,11,42,-63,-82,2,98
18,12,-66,25,-48,-37,57,16,-50,-47,20,-17,16,63,70,-62,-95,-25,72,9,-17,-14,43,6,-28,95,91,-17,-96,-71,-88,39,-14,-2,-91,44,63,-64,-77,27,50,85,9,-24,79,-3,-19,44,72,94,81,7,74,-92,11,-55,30,99,-48,62,56,-6,-95,20,29,71,97,27,-75,-19,8,-95,25,94,-98,-69,-26,96,41,63,19,-59,86,67,-80,70,5,47,37,-68,-94,-47,3,-70,-47,21,-100,98,13,-36,-48
65,-42,62,-98,-41,58,-51,78,-60,-11,71,51,-2,67,29,78,-56,41,28,-36,3,96,96,68,13,72,7,98,50,-8,86,-25,-22,32,62,-32,61,49,-14,-8,-37,35,-40,37,91,-32,67,-62,50,-8,-21,-12,-16,16,94,-27,15,31,-87,19,62,95,62,-6,99,34,13,-89,54,-67,44,-44,6,12,50,-21,-17,33,97,-97,56,68,63,-31,43,75,61,-31,39,-6,90,-43,-65,-38,26,17,89,8,73,-79,-42
-34,63,-48,-61,100,37,-1,23,47,-28,-17,67,28,47,-11,89,12,-8,-38,-53,-51,-41,72,-53,-94,17,-26,82,-83,51,65,76,37,-75,-77,-67,-46,13,-60,89,-85,1,7,-5,-75,-34,8,-47,-34,-28,-100,74,45,31,30,-61,-63,2,7,-28,29,88,-29,-94,-46,32,-59,12,53,-59,-9,40,-47,65,-7,1,-79,-6,-39,57,-83,-70,-83,-83,65,-92,-62,53,93,48,23,-61,-85,-77,2,-100,-80,-22,96,50,-43
44,60,90,-33,20,-26,64,-44,-30,-56,-87,-34,97,-100,-78,73,80,-92,17,15,29,80,31,-53,33,-19,31,-9,-63,-62,-7,-46,43,3,22,-87,79,28,-31,-50,42,-33,-57,-25,32,-47,24,-99,-26,85,10,-60,-95,-80,-50,8,-73,-55,-20,3,79,40,87,18,-17,66,-58,78,66,-94,-77,-95,15,29,100,-91,58,62,6,6,75,97,-80,-4,90,36,-35,-93,-51,-24,5,-73,39,-63,-54,4,96,-33,41,-100,-24
58,32,84,-99,80,-4,-95,19,87,93,-12,16,-7,25,-83,98,-29,-32,40,-95,-65,-84,85,0,11,-15,-94,74,69,-62,68,74,-54,-33,60,96,-56,55,-75,49,-14,-96,-33,39,0,-34,13,96,100,-15,-98,13,35,-52,-81,-43,-55,-39,58,-76,74,-55,-60,73,40,62,-19,44,8,-92,69,-16,-5,-61,5,-64,39,23,48,49,-15,-53,36,63,14,22,-18,-52,83,42,42,-47,35,-5,8,96,80,-87,-92,6,60
90,-4,-75,-50,-58,11,-12,-88,78,0,44,82,19,81,-4,39,-66,59,43,-73,22,87,41,-5,20,-40,-94,-18,-80,-42,99,-95,18,-12,-90,87,73,-32,-76,35,-56,-94,-87,90,65,-62,-19,32,-19,-18,12,-37,-63,-4,-38,-42,29,29,21,-43,-80,79,20,28,-76,-36,49,-19,95,21,90,-63,-4,9,37,1,2,-95,-88,70,60,-94,55,75,-67,72,83,42,-71,-82,-32,-15,11,-36,89,59,69,-90,71,-13,-97
-9,-86,-1,50,-73,34,51,84,20,67,-82,-13,29,37,76,62,-94,-27,-76,52,61,19,72,59,-78,-98,-17,-88,-65,-24,85,61,-98,-63,-68,85,-13,-19,-60,-72,-72,-69,9,-23,85,82,-38,-52,65,-73,5,2,0,-5,-69,41,81,1,89,82,15,15,-78,-7,65,50,-14,-72,-81,88,66,12,-41,-17,-12,-51,-31,-9,70,100,91,90,-4,-96,88,20,80,-97,7,67,8,-13,76,55,64,-68,4,99,72,7,78
11,-60,40,46,38,-62,58,-65,50,-73,69,62,-64,-88,65,50,46,99,-57,96,99,52,50,42,69,13,-63,79,-29,-13,89,61,-70,-30,-2,26,-43,-59,64,80,-78,-16,-70,-48,9,-76,-22,-79,54,29,52,68,5,95,23,-53,-36,-4,12,-50,-88,78,1,51,57,52,11,-5,6,2,88,55,-90,-41,-80,-10,-46,-64,52,79,-47,33,12,-62,-51,74,-44,1,-23,6,48,-45,47,-19,-99,35,-77,-88,-11,24,11
-32,7,37,21,45,-79,-24,-60,-46,-43,39,-80,-61,99,56,-74,6,6,-6,-27,12,-63,49,-65,-92,57,74,64,-52,64,-30,-42,55,-93,-92,-6,87,-86,-20,-65,9,20,95,68,70,63,-65,-1,-80,-36,-21,-18,33,24,-24,-72,51,23,-91,91,-82,-47,93,31,-22,-65,61,58,-57,-30,55,53,-42,-28,-84,37,72,-18,17,-77,-36,73,-62,55,-69,-9,1,-81,9,-24,20,1,-95,-53,39,90,-53,47,21,62,-57
91,-17,15,-75,-25,-57,-2,59,-29,-31,19,59,-34,-66,-88,88,-16,85,-98,-22,-49,-58,95,15,35,32,-3,94,79,-78,60,72,-14,-31,58,2,-50,14,99,-7,23,45,-97,-19,2,-97,92,77,34,-2,87,-29,-100,-98,-100,31,-77,-98,-43,40,43,-46,0,-46,26,-85,-78,52,-88,72,-97,-45,-71,-59,59,65,-29,21,-35,-81,6,45,-68,-60,-51,-70,41,71,-66,-41,70,-16,5,64,-84,-67,60,-5,-34,-42,18
62,91,-62,16,72,-58,60,40,3,-65,95,76,47,2,-78,-27,1,72,-28,51,79,-23,-52,-27,-82,-35,-62,73,84,-94,-88,-54,100,-14,77,-44,89,76,-87,-26,-85,-1,55,24,-57,90,-70,46,-72,-69,-75,-50,62,-68,-68,91,96,99,9,-93,9,56,-2,-34,91,50,-61,-57,94,-41,-89,-18,51,-97,-70,-38,-45,-27,56,60,-33,19,66,-99,-26,0,71,23,-16,-1,-35,-96,40,22,-88,-61,-46,-41,56,-5,13
90,-73,-14,-15,-64,9,30,-32,-91,-2,40,41,-49,92,49,24,76,55,-8,58,-11,-83,-31,-22,-68,-31,39,-100,49,-59,-71,40,-33,59,-66,-57,-77,-78,-17,69,67,48,17,18,38,26,-46,18,74,16,44,-23,-44,46,-22,91,14,-91,10,-94,-42,-94,-80,3,83,44,88,44,-12,-95,-40,-63,-26,-26,-76,86,-73,7,23,70,100,-36,-76,92,-11,-36,-37,-92,-88,-58,-18,100,20,83,-64,-97,-71,-24,56,76,55
42,-34,93,69,-93,2,-3,-31,66,-76,73,16,-47,-44,-51,34,83,-43,55,14,7,59,-68,1,-28,11,44,64,-99,-56,76,39,-6,-73,15,-58,45,80,67,65,32,7,-54,-87,-51,-98,-69,-70,-76,79,3,-32,-3,80,82,-79,56,-7,1,-69,-12,8,-36,4,-72,2,-95,-4,-92,65,-30,-1,17,-76,-39,-14,-88,80,-12,13,69,87,81,64,-6,-95,12,-76,-56,42,-25,-5,95,-23,-23,50,-20,23,-18,64,-98
-100,-66,57,33,-93,52,44,-86,91,88,-84,93,-40,62,-50,62,-72,-24,10,95,-81,-27,35,-2,99,71,32,-28,71,53,9,-29,41,100,-85,-66,85,45,67,-38,45,-15,-96,-47,-42,-53,23,98,-21,-36,43,83,-100,14,-84,94,52,1,86,91,39,-100,50,54,22,89,20,6,-88,86,-82,31,2,-35,-99,99,-27,22,-64,54,0,-75,-94,-98,56,-78,2,-31,-53,83,-14,-33,25,24,66,49,-17,-74,73,-69,59
50,27,76,90,-57,76,4,3,-27,-69,-1,100,-36,35,36,-65,49,-95,41,-65,52,-15,-76,9,70,30,24,86,-18,15,-51,31,67,66,-29,97,42,8,-70,88,-24,-65,29,-41,-50,62,34,30,-41,-1,-47,88,-51,99,-32,-82,-14,53,4,-97,-41,7,22,-28,-19,81,-86,12,19,82,-72,56,-75,-56,38,-96,-83,-17,-35,68,61,7,-24,-15,88,-25,4,56,33,-72,95,13,16,19,-44,-86,-11,64,-90,-93,92
-41,21,-22,-81,15,43,-7,63,23,-61,-81,-72,76,93,29,67,59,5,32,32,-59,65,65,-31,-5,7,41,-98,-77,-36,30,29,-84,-90,-45,50,18,74,-41,63,86,91,92,2,83,9,-89,82,-52,8,-19,-75,-78,89,56,-84,26,-44,-55,66,59,-7,34,-47,6,67,10,-72,59,34,-14,21,-4,18,37,67,-19,83,9,-52,80,-13,53,-82,-36,-27,76,100,40,-81,-54,-19,-51,48,80,76,-89,-29,-38,89,11
23,17,-69,69,23,-76,-58,-30,66,51,-91,-70,-54,-10,-87,69,79,-61,23,78,-72,-61,-73,43,-82,99,-95,-70,74,-84,16,-61,86,68,16,-71,62,-65,84,-38,28,7,-57,68,56,10,92,-97,-29,-15,32,6,-14,-24,-12,27,-55,24,12,-90,51,15,-3,-50,-80,-95,69,-21,-82,-18,-39,-1,4,-80,-11,59,82,21,-9,-40,34,73,17,-82,37,-82,57,-33,-54,24,96,28,1,52,42,-50,-3,33,-56,-89,-67
60,62,28,77,-54,87,-80,16,-55,76,-75,-25,-86,-78,95,36,31,-80,-43,-9,-50,68,-100,-9,-54,41,-43,74,-20,-74,-85,73,-41,-5,-71,25,-14,-63,62,0,-90,-73,91,-41,83,-46,-2,80,-38,-83,-82,90,-85,-79,56,37,-25,65,-37,-97,-50,-65,63,-50,3,91,9,-54,86,-89,80,52,-79,-29,-6,-54,-27,-83,-92,32,-92,-43,16,-92,33,7,55,-26,25,34,93,-35,67,-26,28,-64,0,5,31,-35,1
-95,-43,-99,16,-99,-30,86,38,-65,-89,-2,11,68,-63,52,-59,-81,89,86,33,92,92,-98,84,6,-73,-86,43,-63,-83,-51,-9,23,50,-44,-22,-46,-14,-99,32,74,-79,-86,20,26,-10,-52,-90,6,83,-18,-40,92,-1,-44,-20,36,40,11,34,-59,-78,67,-68,-61,-33,-9,97,23,-48,15,-67,7,-72,1,-49,-87,-80,7,63,-92,14,-51,92,-63,-29,51,77,73,-84,-3,47,-34,-55,79,-18,11,-66,48,-81,-69
-80,-53,76,-33,45,79,-46,-82,-18,-65,62,0,-96,41,96,9,-26,54,69,-7,-24,-22,32,81,14,-20,-5,23,24,-9,-94,8,93,-34,38,12,-47,-57,32,34,-35,41,-28,67,29,39,-90,-54,-82,-70,74,23,87,73,29,-68,43,-76,24,17,21,-17,82,-99,-82,-76,48,8,17,-100,39,-8,49,-75,-81,77,-57,-77,-69,-90,-85,55,-29,-44,-40,-74,-68,22,-73,-41,-52,98,9,-13,65,63,-67,23,69,28,63
-47,77,-92,47,13,88,59,-91,30,-11,-70,-50,-51,32,82,-38,51,-52,24,-51,59,-60,-82,-26,24,-77,10,22,81,35,-64,72,-19,55,-99,-27,8,-12,86,-10,-60,100,82,-56,-40,-76,-52,67,-93,-20,21,56,-18,-98,-66,77,-31,49,44,-69,-76,8,76,92,86,-93,33,21,-57,68,-67,44,-30,5,42,-61,-34,12,80,70,12,12,12,-50,-32,99,-23,-41,50,19,-18,-97,-24,-39,88,35,-49,-94,70,-11,-1
