29,26,-85,41,41,87,-51,-17,48,-77,20,-20,-60,-50,-43,77,-12,97,-74,-29,-44,-58,71,36,-52,-46,22,-84,-65,44,50,19,66,30,70,100,67,71,7,24,-44,46,100,56,-31,100,-53,0,27,54,-20,13,100,24,-31,18,-87,-97,87,-31,-70,-86,32,51,-35,-31,-65,13,-11,76,-28,-84,20,-70,16,-87,13,-58,66,84,18,45,88,-63,-4,-98,-87,86,-21,50,-34,-30,-53,-66,43,-42,-92,56,-82,-78,32
-14,94,-92,-99,-19,-81,18,86,40,-88,80,-36,10,55,23,-100,-46,85,-43,83,92,76,33,-74,38,-92,58,-47,-35,45,-91,34,67,-83,-81,4,-79,92,76,18,18,16,16,-74,82,-50,53,-45,-46,-77,-40,10,-15,-59,22,34,15,38,-45,-78,61,-95,-17,-21,-17,11,-37,-87,-3,-66,-72,5,26,52,-87,-29,-1,-27,86,-13,-19,-64,-37,-45,-41,-82,-76,-94,46,83,30,-100,34,29,75,16,-75,10,-42,97,54
-57,94,-17,-9,23,-85,94,-40,7,-59,-4,-4,86,67,-14,-27,-65,87,99,-28,36,100,33,47,-29,17,-70,37,-32,-21,13,88,9,98,38,-23,1,8,-50,36,55,87,76,75,64,-63,-80,-58,93,-80,66,-94,70,-29,3,-18,15,58,40,-93,15,-59,40,87,68,17,84,-12,77,81,21,-32,-42,-8,-93,-52,-85,-89,34,-16,-8,5,61,43,54,10,-61,4,-44,-74,16,3,77,-85,38,44,41,-4,91,-42,-63
63,53,92,34,-71,27,92,36,-9,-10,33,43,58,38,62,16,84,71,-73,-84,-5,-96,-20,-67,89,-17,0,98,-46,13,-48,66,-45,19,-11,-99,-91,-57,27,99,28,79,67,10,43,-49,-14,-30,35,89,-44,-32,82,1,-41,1,-70,-50,-95,-73,4,-27,-10,27,-30,79,6,-67,-27,8,-86,52,-55,33,-90,-83,25,98,-30,53,96,16,44,67,-51,-7,50,-77,-68,10,89,-81,-4,-61,-98,65,-26,-7,8,85,74
-48,67,-56,-48,-92,-52,-83,-4,-15,-100,-21,-96,57,-24,53,23,19,80,-69,52,-4,-13,-45,-53,-35,75,-47,-70,-31,89,-70,-68,-70,-46,-15,34,25,78,-66,-53,-52,-83,77,-35,-91,-70,-38,-1,32,-5,-34,-38,-34,75,-33,90,9,-31,-73,37,-25,-22,-88,-69,-94,80,58,-35,-22,76,-11,-80,-64,90,56,64,72,-68,-8,83,-47,-33,48,42,42,55,78,72,98,0,-12,-100,95,-100,39,23,-49,-69,-50,-98,81
-19,-97,51,68,15,46,9,87,52,-92,98,23,64,3,18,-42,-42,7,84,79,16,4,41,-30,47,-22,85,99,4,-83,44,-2,-68,-43,62,-39,-98,50,73,82,84,26,77,-66,17,8,95,-5,-3,71,-73,-60,-62,-79,39,-42,99,-54,20,100,32,24,51,-52,40,-69,39,-57,53,-12,52,44,15,74,-4,-67,54,40,-50,61,-80,84,33,-97,-2,91,50,-26,91,-34,-48,-19,-36,54,41,77,17,0,41,-10,-62
-1,-24,-1,16,86,-39,-26,47,-29,-9,-90,-26,-69,0,47,-36,-93,73,83,16,38,12,63,-45,-22,-4,-49,-5,-83,-81,56,-72,-28,-33,23,-8,49,-35,-9,10,-19,30,9,-67,12,-7,-21,5,52,-81,-80,43,-59,92,20,44,-39,38,-25,80,-87,2,-79,-61,62,77,-71,37,-55,33,20,-84,-61,-58,37,-29,100,-65,34,14,-51,66,-51,2,49,-56,-7,-14,-83,-31,-16,64,24,-29,-10,31,-16,-20,100,-37,-74
44,29,-8,-86,-30,-70,44,64,-49,-80,51,26,86,-79,-58,-30,9,-52,1,-6,-87,26,-57,78,26,71,-74,-99,-89,-8,74,-20,-49,87,-44,39,-81,-1,-60,97,34,88,77,-62,-57,61,53,14,-78,-25,42,100,-34,38,-69,-51,-29,-69,-33,93,39,-94,54,16,48,32,37,-72,-99,-9,-53,79,73,36,-65,0,60,-28,-60,15,3,47,-47,-88,-35,97,34,94,-6,-68,-26,59,-15,17,-18,89,-12,-71,50,79,31
-60,-9,-63,8,-69,61,4,-59,-48,44,84,45,73,-70,-28,-16,78,-26,-51,-62,96,24,-64,43,61,-52,-80,23,37,-10,-100,-62,37,65,-62,-59,48,-36,-77,61,17,-9,-96,22,-84,5,67,80,-6,13,4,78,-5,-4,61,-85,-79,-63,35,33,-24,97,-99,26,48,57,-86,30,-88,11,0,-45,-16,-36,40,-35,-78,-12,68,22,-89,22,57,78,12,50,41,56,75,-52,-8,53,35,86,31,0,71,-10,66,-71,81
-71,-89,-30,61,-14,-93,41,-95,86,-42,-34,45,94,-88,-30,93,71,19,-4,-52,-82,64,-9,29,-15,93,92,80,26,6,-22,-92,-77,34,-83,98,45,48,-91,-49,28,-4,90,-77,25,-67,40,-73,-98,45,-100,19,8,1,18,84,-60,-58,-54,15,33,-12,-35,-18,12,-96,20,66,92,-40,-12,87,16,-49,-89,-22,-70,-73,68,-17,-34,-55,-39,100,58,38,-65,-67,40,78,-70,45,25,45,-24,-28,74,55,93,-45,11
36,-70,20,83,-97,-81,24,-86,-96,57,89,68,-74,-78,94,-92,-21,35,14,-35,-48,33,57,-26,49,76,93,60,44,61,64,-97,10,-59,-45,-43,-1,47,99,80,-43,39,-28,-5,96,-42,73,14,-73,34,-9,52,15,72,-96,-35,-50,36,76,-63,-43,85,-93,-10,76,-16,84,-83,7,0,-8,84,-74,93,-97,-37,-93,-52,40,-44,-36,83,-16,88,10,-21,34,2,84,72,40,32,-74,83,-55,-5,-82,72,-54,62,68
25,42,17,93,83,4,46,-86,-42,-43,77,-53,-40,-28,-41,-78,27,86,-9,-69,81,-92,85,12,-14,51,-57,3,-26,99,81,91,82,-63,-98,-38,6,22,-5,21,6,68,39,-3,-92,76,-60,-6,-61,-13,67,-30,-15,-78,-85,-25,36,-68,4,66,-69,75,-79,25,-92,81,32,-56,24,63,-23,-30,70,-37,34,24,-81,32,-73,91,-87,-48,68,30,-95,52,-66,-14,88,-32,34,-75,-28,-58,79,42,-88,100,30,35,70
-11,-55,23,-17,47,-64,-53,90,99,17,-58,-28,-97,32,45,11,28,86,91,23,-27,12,83,-74,94,-72,8,-24,80,97,67,76,57,0,83,31,-52,96,5,-79,4,51,85,-34,1,68,-51,-79,34,31,-38,-57,30,-78,48,-13,-75,-57,7,57,84,40,47,-33,-93,-2,-96,-100,92,100,-44,-22,48,-4,40,-95,-18,-46,-64,-35,-61,37,-84,12,-15,51,-79,-42,-28,-22,-79,-14,-60,-72,100,36,24,-43,42,-73,-99
-38,-13,-33,-51,-34,-28,44,-28,-72,38,-65,28,59,-22,-30,36,-3,44,63,63,-20,87,8,11,-94,-85,18,-41,-32,-47,93,-58,66,-76,19,44,-50,-88,23,50,96,-87,72,11,-35,-45,3,23,-28,79,82,-17,-89,-65,73,-90,-14,-46,-2,73,-39,0,61,-54,25,53,-61,17,-84,-44,15,67,36,16,45,-12,95,60,-72,10,-81,-8,-72,75,63,-96,42,-77,-62,-49,62,16,34,-73,-97,-83,-91,70,86,79,-81
85,-79,90,-1,70,59,-69,71,-46,8,0,29,60,54,-36,-8,-13,15,31,62,18,43,-9,79,-98,86,-23,12,91,74,9,91,-62,59,28,84,-58,72,-11,19,93,56,-52,81,0,-86,-10,81,27,92,-67,-66,64,-85,47,-66,90,-79,-73,-35,-78,-33,-92,35,-12,96,-39,-67,1,14,-55,-64,-35,47,71,87,-33,88,55,-70,64,-64,-61,-38,95,41,10,-91,-57,17,71,-81,97,70,-39,-10,88,-55,11,-6,100
-42,78,-79,24,-3,-15,-6,-71,-17,-22,83,14,-7,20,-25,-17,-25,41,11,-16,-77,-62,61,12,-58,-34,-8,-36,-13,42,9,-64,-90,-22,40,-63,-91,82,51,42,-37,17,-7,80,61,50,52,-73,-18,8,55,-21,-9,-30,-68,-81,95,19,-10,-30,25,35,51,98,82,86,-34,32,75,62,2,-11,100,-57,99,60,32,-64,11,8,-88,-66,-78,42,1,-27,45,-13,-85,-39,-66,5,-12,99,69,71,-15,61,47,78,-9
-36,-72,44,29,53,-64,-58,11,-54,54,34,-7,12,56,68,-97,38,-94,-24,-81,77,-31,50,-46,-54,99,-62,-52,21,-54,6,22,-57,100,-83,49,-53,27,21,-7,-59,80,-18,-24,34,-45,88,-10,-39,-100,-75,4,83,-71,-37,63,-4,42,-44,-77,-46,-56,-90,63,-40,98,-38,1,10,90,-2,39,-76,-10,-57,99,95,-8,65,-30,-78,-57,-86,84,34,50,33,-68,-86,-10,-54,7,92,95,64,87,-71,-9,3,-1,-62
-20,42,-73,-67,-33,2,77,-43,94,75,-72,-51,42,27,47,-24,-89,-41,32,4,-64,-100,76,80,-35,33,-99,-45,49,-8,90,-40,-71,24,-52,-86,-71,65,94,21,-90,-9,57,21,67,-79,-6,0,-80,16,45,49,-34,-37,-10,37,30,95,17,53,30,-6,29,81,26,-66,28,43,20,48,-52,-56,-28,12,-6,-34,-51,-52,-61,-67,-90,45,43,-18,-56,-19,87,71,47,-92,-17,88,95,-27,66,63,-61,-95,74,73,-42
-76,75,-8,-36,-83,71,-91,85,19,-57,-60,95,-10,-28,98,78,-54,-89,-67,-10,-72,-12,-7,100,-53,-80,-19,-76,-26,62,35,-22,-51,22,-34,-97,26,-24,-70,-5,65,100,60,6,-53,93,78,78,-99,-79,-91,19,30,-57,99,-71,-54,78,60,-64,53,4,-40,-17,-69,8,5,71,87,-45,-30,31,20,-28,-53,44,-24,57,-19,8,62,-68,-6,-25,1,44,73,-21,6,77,86,9,40,11,61,-44,68,84,-68,-62,-90
-77,-87,-74,-18,3,-51,79,68,6,-79,17,-42,-33,64,-92,9,42,27,75,92,-15,99,-6,-76,70,85,24,90,-97,-27,-48,23,-15,-27,88,87,80,-27,-10,-79,-5,57,-41,61,15,62,-65,18,85,-71,75,1,-83,-3,-19,-37,-23,-57,-44,-68,-4,-79,-24,8,-81,-91,45,34,56,56,-38,9,25,38,-16,85,90,-55,42,67,9,38,5,18,-25,-74,37,-46,-87,39,-24,-86,55,-94,25,34,-78,23,-36,99,-71
-15,-59,63,100,88,-100,74,-30,-99,21,-36,-91,-77,32,28,83,-13,-25,-17,-80,67,91,20,78,22,-40,100,49,54,66,36,-8,34,-50,-89,-21,24,-77,-24,2,80,-72,-73,82,66,-55,-50,-35,40,19,-7,19,-21,-96,12,33,82,-15,-84,-26,-40,-93,-96,-66,58,44,-91,89,97,66,-69,54,19,-25,-94,5,-12,-70,-81,-31,-100,-47,-67,-21,96,-4,67,-60,-10,90,-54,29,-52,31,2,-2,-33,81,-88,-53,-5
2,-64,35,-61,-27,-23,-42,9,23,3,22,75,-25,48,-17,26,64,-12,-56,-9,8,-11,1,4,-22,-66,-77,-71,92,-3,68,20,-67,-86,57,65,-6,97,5,65,49,42,-95,-94,-55,-46,-53,-3,-78,55,77,-63,-16,33,3,55,-63,88,56,-77,-27,-28,-97,57,36,46,92,78,1,91,72,-26,97,-8,-62,-31,-4,-78,-92,75,-42,-35,-67,1,40,45,39,60,28,13,-39,71,-82,18,-21,-50,41,39,-57,-73,71
34,-3,37,63,-31,49,-83,-98,56,25,62,16,-14,-15,82,-59,-86,-44,-97,-84,-38,90,-97,80,-53,58,-68,-27,-3,-56,50,68,28,-33,30,-80,6,60,-67,36,-17,63,-71,20,89,-47,22,-27,78,-44,66,70,40,77,-44,-20,88,90,-18,-84,46,39,88,-49,-62,8,32,97,10,-21,-63,-40,46,-32,17,-82,51,9,60,5,-9,82,-80,90,-23,-8,4,35,44,-50,31,-33,-24,-70,-77,9,67,27,63,-32,-42
-69,-52,46,-99,-61,42,-38,78,14,71,56,-92,88,-55,-19,79,-24,86,-63,-97,84,-55,-6,-13,-33,-81,-50,-24,4,16,-60,-1,-45,-87,-24,35,66,13,52,93,-11,6,99,25,-75,-48,10,23,7,-34,-27,64,-69,-92,94,88,-99,32,94,71,-97,-76,-45,-65,10,30,-8,-24,-83,97,33,52,10,40,-86,-55,32,-4,65,-91,-23,-41,46,37,20,1,-76,76,57,84,20,-61,16,-95,-71,74,-39,98,80,-78,62
-28,-2,94,-74,-36,-59,25,30,-69,29,-37,-16,50,82,-25,-15,43,19,7,-16,40,-38,45,81,-56,46,6,94,80,-25,-56,-61,62,-11,-70,-86,-22,-94,-78,34,87,17,94,49,-24,-51,-11,96,-38,-7,-9,-17,11,17,-81,61,0,-84,-54,-89,-82,-52,-53,39,64,41,-68,-1,-73,-51,-31,-35,-73,100,66,39,22,8,52,-70,62,-29,87,72,78,-62,-49,-2,-24,35,87,-91,79,-57,80,0,-81,-71,-75,-99,50
-35,59,-12,-85,46,-90,-40,35,-92,-15,-38,-1,-58,-72,2,-7,-92,21,-28,44,27,-80,99,-89,91,-6,-100,-65,79,64,49,-52,64,58,16,-19,-27,18,-67,-34,0,-65,98,28,-6,-37,70,-94,-100,47,-34,-99,75,-21,-19,-4,-15,-61,-34,30,-64,-65,-63,-79,50,30,-51,-64,-12,20,1,-52,41,59,-93,-84,-42,53,-27,53,96,86,25,-22,84,-10,-6,46,-66,62,-69,88,-5,77,-71,43,-1,17,-53,-28,-15
42,31,29,-64,79,24,-78,-86,-60,65,-26,24,58,80,93,-10,-97,33,6,-37,-66,-20,-17,-45,47,69,-81,-48,79,42,-34,83,56,-9,-19,-97,40,-43,-68,-84,-10,-39,-57,-77,96,23,37,0,87,-67,-35,63,94,53,66,-56,-60,-43,29,90,-90,-55,-83,-19,98,-38,78,-78,-30,35,-80,-83,49,-42,42,90,-35,60,-37,44,-77,11,-51,58,44,57,-21,27,100,-72,-50,7,48,-17,-67,-28,90,30,-89,-99,-32
66,14,23,-22,-56,-61,-66,78,-91,20,97,44,-97,-19,77,23,-43,-41,26,80,55,-14,-17,59,3,-100,26,-10,58,82,-10,43,-11,-41,88,60,99,-68,58,-89,68,64,62,27,17,-42,58,-52,-15,-74,53,85,15,81,18,25,89,6,41,36,-36,15,-10,92,-68,-77,-48,99,-83,-14,40,48,-94,-16,-40,75,-51,80,94,6,34,-76,-71,12,-21,-84,58,5,59,9,85,30,-59,-74,-93,62,-25,35,-20,-9,85
11,-99,-90,66,17,-93,80,-91,75,69,82,-60,75,-18,-57,-38,32,77,-40,-94,9,-22,-34,-78,56,72,77,-86,-80,-75,-60,-22,-33,22,99,-10,-79,65,6,26,66,-13,5,67,10,-21,54,-60,-47,38,-11,27,-33,-24,-54,68,22,81,76,-59,-49,-34,-72,-56,-44,3,39,-100,-79,86,-73,-78,97,0,-91,-69,-53,80,8,-69,91,-41,-11,5,-70,-74,79,70,26,73,72,-44,63,16,7,-56,-38,47,-52,97,-85
19,98,-58,-64,-43,-26,-73,-43,75,-31,-97,66,-68,96,-80,50,75,-18,45,-74,-53,-78,-49,-71,86,37,76,-86,25,-56,-54,60,89,-100,-7,-90,-97,-40,-61,61,-85,19,-33,25,-79,-51,88,87,-74,91,-84,-66,59,40,-27,49,-49,-39,-65,45,-25,38,-53,-7,-54,-60,-32,-77,46,35,-19,-15,41,-52,93,12,84,-96,81,57,-63,-14,87,-63,-42,-55,-53,53,48,-6,-6,-17,74,-45,-31,-9,-59,33,-9,59,-5
27,54,52,51,-46,83,-62,-16,73,7,55,-87,81,80,33,-95,-84,75,-8,-99,78,-6,20,77,41,-45,-56,-45,-21,88,-64,69,83,49,-58,70,5,2,17,10,95,-32,-85,13,-55,-5,-84,53,56,-41,-47,96,34,28,-98,86,-67,-30,-94,53,-12,-66,59,69,-53,96,-94,-30,-57,33,-24,-2,-56,27,14,32,-27,19,-33,-6,-56,-92,-59,-76,48,10,89,66,12,-16,-60,-8,93,-31,39,-100,94,-90,-100,70,80
27,67,8,-54,-53,-47,19,-57,-19,16,-25,-16,-4,-17,17,-41,-7,52,-49,-3,59,91,-25,-68,42,27,46,-63,10,34,-21,92,5,24,23,-81,8,84,-2,81,-77,-96,3,30,32,16,41,-69,60,-95,-85,-11,-83,99,3,24,-8,1,-62,-32,-76,-54,-67,-92,81,-27,-5,100,-11,15,-18,5,-33,39,34,22,40,69,-89,-12,13,-6,88,67,37,-66,54,55,-88,-31,82,-75,28,81,-95,-80,-31,32,-76,-62,-2
12,100,-43,-30,-94,-5,76,-43,66,-26,-34,18,-77,-59,21,97,-21,39,70,-8,87,-8,59,-37,3,33,68,-80,68,-86,47,71,61,-68,9,-88,-70,99,21,51,1,14,21,-32,-69,20,20,91,5,81,11,53,53,-70,-78,-67,1,80,-63,-40,-48,-22,35,21,-48,-67,20,-83,22,21,-23,-46,62,-91,78,28,-17,81,-69,50,22,-22,51,-47,6,61,-84,43,-39,-7,32,-8,18,21,-36,28,47,57,75,-92,26
74,-51,-84,-5,70,-55,-91,86,43,-83,27,-1,79,-30,-2,-27,-72,-61,-71,22,-51,-60,-42,-50,-10,39,-31,93,51,43,60,-67,-56,66,78,-100,-88,63,-94,72,-92,93,48,38,-65,-78,88,-73,90,-21,56,40,-59,-52,-76,96,-76,-34,49,-82,-45,52,-17,92,-22,93,-91,6,49,-78,45,33,-66,-34,-58,13,-94,-58,41,-62,86,-90,26,-33,-84,41,22,80,6,-39,-59,-73,-51,3,90,-35,-27,63,-25,95,3
17,-70,62,64,36,-42,17,37,9,-77,35,-58,2,-45,74,-51,30,89,10,-48,17,35,-49,60,-68,-4,-16,46,76,-92,-19,-18,-91,46,-66,-76,10,49,98,92,65,84,-100,86,7,47,97,-27,-15,-4,43,40,-96,6,-58,8,-34,17,40,68,-88,37,47,-66,53,-15,89,-3,63,36,71,-45,-2,-78,-10,-49,29,84,22,41,87,11,-44,41,42,34,25,-77,15,-45,-10,72,-23,28,-91,-30,-21,-26,-31,88,31
-24,-20,-47,10,29,73,77,-5,-92,63,5,77,-38,41,92,-72,23,-61,87,-37,-30,54,-25,15,-43,54,95,-1,-17,58,-74,-43,8,-29,13,99,20,13,29,-37,-48,-53,-85,95,-71,-41,-13,-81,-82,-10,-51,73,-71,5,1,-76,-31,-23,85,26,75,57,-30,78,-36,71,62,-83,68,14,68,33,-17,42,2,-46,32,-90,-40,-67,-56,-40,-34,-29,-84,-28,99,66,69,0,80,94,-29,-5,43,28,-69,29,32,64,-45
20,-1,27,-80,83,-34,36,38,66,-93,-36,-64,-69,67,96,83,43,-92,53,-35,-100,73,-33,96,-92,-52,29,86,47,-35,-18,-55,-82,62,65,52,-76,-62,-96,-8,-97,89,-50,-30,13,22,-91,63,-95,-94,-60,56,88,69,82,20,-66,21,73,35,16,1,-68,70,14,-27,100,-70,36,90,15,-81,16,-64,-48,93,17,-11,52,83,-88,49,37,-33,-30,-70,-86,2,-65,32,24,-38,18,-36,45,-7,42,-83,-38,-76,37
18,83,69,-57,-15,-89,22,-15,-86,55,-92,91,87,-87,65,-9,1,91,-87,-80,29,84,-8,48,-83,9,79,19,-42,-80,-70,8,-18,-18,25,-96,-64,29,-59,-47,-65,-57,80,16,42,-93,26,30,-88,-2,20,24,-85,71,-97,62,-55,75,68,4,-24,-72,1,-16,-74,22,-9,-11,54,35,-47,-84,61,-46,-88,27,-24,42,72,-50,-46,9,85,-39,-68,-24,-52,-64,38,-27,-5,7,71,40,-97,41,70,-87,-10,18,-95
3,-57,19,-48,-30,7,-54,-49,33,58,-53,62,-35,-33,-52,-74,-26,44,62,-38,16,93,72,59,-45,-33,-18,-11,-67,-6,76,46,46,24,40,47,56,86,92,-19,91,5,-30,49,1,-86,-34,-84,17,-3,96,-25,66,45,-15,-52,-80,93,6,98,-31,72,31,40,-45,-29,-49,78,56,-75,25,-61,-2,-13,11,30,-44,-93,53,-53,32,45,81,8,64,-76,-36,-75,10,-61,-59,-28,-58,54,-28,93,94,66,-32,-13,12
55,-73,100,-4,-47,-54,-4,-62,58,-95,-59,-53,-30,-87,-21,47,-14,21,-72,-57,75,-37,66,47,-22,2,-50,-53,21,-39,-21,31,-95,-92,70,59,-23,87,88,13,-1,-46,72,-38,31,-50,70,-71,55,97,-74,-35,-38,-88,62,-1,99,41,-20,-37,-49,-100,81,7,67,-35,38,48,51,-61,-14,83,22,35,6,64,-57,73,21,44,-26,58,75,-94,-66,90,-17,-62,83,53,-35,-25,33,-26,89,56,4,17,18,22,-45
-8,41,-41,100,70,61,-85,-9,99,-94,55,10,-22,-46,-52,29,-53,-45,91,9,46,-33,-23,-61,9,63,53,1,-92,18,58,7,-61,-64,66,-45,-42,-44,-4,-90,32,-31,71,80,100,61,87,28,-60,67,-87,89,-93,-10,75,-97,70,-52,-40,94,-33,-60,26,3,-65,9,-79,39,36,-53,29,12,72,-59,-66,30,40,25,61,39,60,28,-74,-14,-31,-9,29,63,-88,17,46,14,-69,3,-2,-73,-61,-87,-51,21,83
-85,-60,-49,-60,-71,39,72,-36,59,31,-85,-63,69,-58,73,-49,58,-8,73,25,58,-43,-70,-80,-92,44,-14,-5,-39,-46,-1,-1,54,-66,24,2,19,8,62,-68,-53,4,28,-3,42,-13,-1,78,-51,-19,-29,-1,2,22,100,-99,-75,-41,-28,43,-77,-33,10,-50,-98,75,35,91,56,-48,51,-99,-52,-79,-91,62,35,15,25,7,-72,86,10,61,-61,-91,92,-24,73,33,89,-37,39,11,-7,-100,64,53,-96,-62,91
45,88,18,28,67,13,-100,2,86,70,-31,-21,52,-30,-44,-36,-84,-18,-56,-31,93,65,-23,18,-18,-60,-42,-45,-49,9,81,-30,32,69,34,3,-37,30,41,23,-57,26,22,22,-44,-87,69,-45,-36,93,64,-25,-34,69,-86,55,-51,-61,97,9,2,-15,30,49,-92,-17,90,-96,-83,35,59,-87,-40,-8,14,-39,-59,75,91,-28,70,-68,72,-27,-89,-42,4,89,-27,11,-81,6,66,96,-17,-11,-47,-7,15,98,-64
-54,6,57,94,-50,-75,-96,19,-72,39,26,-22,17,-11,-83,83,75,7,57,10,-39,56,-52,96,-31,59,38,-85,97,89,-98,100,53,1,83,100,-12,-12,-71,64,69,-100,-82,-25,-81,70,-56,23,68,-9,38,-96,23,33,-22,-50,-37,91,-63,100,-4,5,46,-65,55,-92,-49,-67,64,52,-33,-52,100,-13,99,-48,-12,7,-43,-58,-84,53,-5,88,-67,82,-87,-99,77,48,-33,51,-72,17,8,-87,13,-58,-7,-48,-9
56,89,93,-31,76,-18,-93,42,-5,-86,100,-59,89,89,86,-53,-82,-21,-60,-69,45,41,-100,-29,13,-76,-79,98,-62,-5,-99,-45,-48,-84,-51,-40,25,20,-28,65,66,-12,-11,-5,-14,-12,67,79,-39,39,78,46,79,-48,31,-74,-93,-11,-71,30,57,-9,14,-71,-81,-19,48,-92,19,99,8,93,-49,3,-99,64,-4,16,-23,47,24,-78,-56,11,-43,-53,46,-56,-72,-33,-94,-32,90,22,-37,87,-25,-39,-99,23,59
56,5,-30,99,-78,35,-50,53,-89,-75,76,90,-30,-7,-49,20,16,-52,-22,61,-41,46,-27,-91,0,-35,-20,24,-38,41,92,-80,44,71,-77,-96,-19,95,27,85,77,15,72,44,65,97,66,64,19,-80,-58,-39,-50,94,70,-48,-46,-82,-90,88,55,-80,-66,88,86,-71,-42,75,-36,-16,-22,64,-54,1,47,100,-38,-46,100,26,86,96,-25,-100,87,-4,39,-31,16,49,-32,86,67,75,13,64,37,86,-60,94,49
48,96,-24,94,60,11,-35,73,37,-60,-40,20,-37,57,6,-83,6,9,95,37,-47,-71,47,40,-44,52,95,-25,-22,50,77,82,20,-27,-63,-64,35,-33,48,-81,-14,26,95,-94,10,93,-85,37,-40,-40,55,-45,95,60,-89,26,21,65,-63,-87,54,77,13,46,53,42,67,99,-8,-26,-51,65,85,-49,-27,4,-70,26,23,-3,29,-69,26,97,-62,77,-35,-6,25,94,-32,-82,-25,67,-66,97,-85,-18,-26,-72,72
6,96,-97,-49,-3,11,-12,60,-73,-46,-90,-94,86,-2,-19,-49,56,-58,-90,-98,-8,-6,-80,55,-34,-85,67,-95,41,18,-65,-55,42,-87,30,76,-59,-17,-57,39,-62,-97,44,-18,-93,14,0,-5,-21,29,54,98,46,-55,-100,-1,68,17,3,-81,-86,-3,-51,-35,-13,-98,-38,76,37,9,95,-100,-41,3,-55,96,45,-24,80,-63,12,-30,-19,1,-6,91,55,52,-10,-45,43,64,-65,-76,95,-91,69,27,57,-88,-65
-47,54,-35,-56,15,78,84,91,-41,30,94,-96,19,27,71,31,40,21,-19,-83,-79,-90,-93,-14,-54,-29,80,99,-2,10,43,-55,19,98,23,-48,52,-29,-98,-97,-88,-39,-63,-82,-79,59,-78,-90,60,-23,55,68,62,-6,-92,24,15,93,-31,-100,54,95,16,-91,-12,-45,8,20,93,-81,10,27,78,-60,-60,43,-79,14,10,-98,-97,71,-6,17,-92,-31,-51,-34,29,-57,-85,59,-81,-79,-56,68,-21,75,35,65,0
74,-93,-48,52,74,-53,16,64,5,36,46,65,16,-78,80,-61,-61,75,-50,-85,-97,-54,-15,83,47,-93,-50,13,2,97,30,44,93,-37,81,-49,49,25,-16,68,24,-91,-68,-46,2,-89,-83,47,98,98,23,97,-75,-43,-25,3,35,-85,-21,87,43,36,-44,77,66,35,40,-15,-99,-89,46,-71,6,65,62,23,24,-52,-70,60,57,41,-82,0,-3,62,78,6,29,49,5,8,-35,84,-74,27,86,97,-39,-99,-96
-82,-63,-81,-79,94,-27,-85,70,-57,84,-18,-48,-26,6,99,46,-42,-31,0,11,100,-5,-72,-56,-65,24,-28,67,57,-37,39,-85,59,53,-37,6,84,-100,-14,-5,-40,79,17,8,-54,66,67,-72,-77,81,24,-51,-20,-11,-65,32,-73,-32,46,-40,6,-51,35,1,66,-43,14,-83,-41,79,70,96,19,67,87,77,99,-96,67,36,92,70,90,33,95,-65,66,-29,-12,98,-84,-82,-54,-30,85,-70,1,-59,-96,70,-40
60,33,96,18,22,-68,-81,76,-52,-19,-45,48,-27,45,-67,-55,-91,37,-83,34,-47,38,-40,37,13,35,-41,-34,-64,-95,89,-33,10,98,-30,14,78,-7,-59,-33,-41,99,-20,3,99,57,60,10,-40,63,-58,49,-37,40,11,45,-17,-96,-91,-26,-27,61,97,-68,67,-66,59,93,-29,54,-74,14,-59,69,63,31,79,-97,64,29,-90,-7,12,-71,-10,-82,-57,-95,43,87,8,45,70,58,86,-28,39,-63,-88,30,-96
-97,-13,-70,-67,-82,75,48,-62,-19,-87,-37,60,72,-97,-33,61,69,-40,-1,-53,94,-60,99,3,-81,-3,100,-14,28,41,-46,-36,56,38,83,-59,4,-7,57,25,-52,-79,97,65,-96,58,86,18,63,87,95,28,-63,34,86,-45,12,-61,97,-71,81,-5,4,61,-54,-30,7,99,18,41,81,64,42,-36,12,-66,85,53,58,-86,47,-24,4,-97,-89,92,55,18,21,54,-54,94,-7,-72,51,83,14,-47,-91,-45,-17
4,4,-29,-41,-3,7,-44,3,5,1,-46,-28,-55,60,-5,-44,30,45,-37,19,-61,-26,-5,32,-3,-90,7,47,45,-19,7,91,-75,23,54,-42,-74,-46,68,49,-11,-99,-31,56,21,36,-100,-82,67,2,-58,92,-54,85,-91,-66,-62,-42,53,73,21,9,35,29,-12,37,-73,-75,25,0,98,-92,34,-39,57,-28,-3,58,-54,-53,-48,-45,-54,16,-4,10,-65,87,1,-14,-96,60,-11,31,8,-96,58,19,-16,-24,30
7,-48,-55,40,42,-28,66,49,-83,-50,75,78,-34,49,-35,95,79,-64,-25,-55,-48,-99,-31,-42,29,90,-16,9,30,-50,16,80,33,55,21,-37,-14,-58,-91,-31,91,47,74,46,24,23,-3,24,-91,2,36,-71,-15,70,97,49,-6,19,-74,65,-92,47,-61,-4,-44,-30,-68,19,75,-2,63,-100,-16,-52,35,10,66,21,96,14,-37,31,-21,-8,63,-61,-29,37,22,80,30,-56,-28,14,18,-83,27,-49,30,-19,-93
55,-17,61,25,-98,-3,19,1,-64,53,2,-28,82,-8,95,7,-27,56,30,-63,22,96,99,57,62,55,89,-10,-10,27,-39,69,43,81,-52,10,-72,6,-35,-58,-59,-67,-88,-17,-81,12,2,76,15,25,-52,-89,62,-21,82,43,61,17,-59,-80,-16,-47,92,88,-54,-34,94,74,6,96,-58,-89,-35,84,13,9,-79,-1,-12,-27,87,100,-8,74,-90,98,-89,-69,78,41,55,-86,89,87,43,62,-28,-59,-28,-9,-13
-37,51,-60,7,97,-11,-62,73,-41,-30,-39,71,-49,86,38,-83,42,76,-36,-92,-45,-89,-74,37,18,81,-9,-2,14,19,-2,89,87,-23,-40,45,7,-36,-85,66,44,-67,93,37,-35,-22,68,68,80,-7,26,30,-84,-26,-20,63,43,56,-8,-70,37,90,-100,81,-67,-78,14,16,-62,94,-6,23,62,-37,-34,34,51,88,-89,69,-86,-15,47,56,37,11,87,27,56,50,58,62,38,-99,-91,-21,-51,-31,-57,92,92
72,60,39,-17,-38,87,-59,65,-50,20,80,-26,60,61,-85,45,28,-24,-43,52,-31,44,54,71,2,-39,7,-8,-62,95,70,-78,-81,-58,47,24,-80,18,1,-42,43,-7,-9,77,46,37,-26,33,-85,36,-70,49,70,-5,-32,-3,93,-21,71,-73,-67,45,-33,74,-89,74,97,-94,2,80,-2,-9,0,51,-99,3,-6,96,37,-16,-28,-6,29,-93,68,-47,29,97,25,-83,-18,42,-71,-41,-23,-85,78,-3,11,-96,66
-9,-26,6,9,22,-72,75,-54,-59,-30,2,-95,-84,86,-85,-36,92,96,-31,63,-29,-48,-17,86,0,98,-52,54,-52,-27,-34,-53,-60,16,46,22,-84,3,-23,-58,26,-98,82,72,-71,-89,-9,-71,-54,34,74,96,-31,-85,91,78,2,-65,-64,3,-11,-97,52,-58,-55,-24,-12,23,-22,-61,-77,-56,-93,9,23,-91,93,72,-56,-26,77,55,15,63,27,22,79,-38,-53,-21,-75,-91,83,-10,9,38,78,8,61,-34,-37
-60,57,-25,-3,-45,-46,-80,97,22,85,-54,72,91,69,-42,2,-97,85,70,-64,-46,71,90,-11,-9,47,-22,-50,5,-59,-71,42,23,99,-46,94,-39,24,-61,-93,-81,84,-73,78,56,14,4,-68,-23,17,-14,77,-28,22,-31,-20,-47,13,57,-73,63,-49,100,93,41,11,18,37,28,13,-51,-2,63,71,-23,41,75,33,-61,20,79,-38,-77,10,-79,57,48,76,59,12,40,81,32,-53,-19,-14,19,45,14,-57,93
52,34,-80,72,49,-62,98,-48,-70,28,-89,92,-13,91,40,75,99,-50,79,-16,60,63,-26,82,-50,81,-77,60,93,-24,-29,80,-23,-99,-90,50,-80,-1,6,91,19,16,-27,22,-21,-76,54,-52,-29,83,-39,-56,51,-67,-29,-47,-56,58,63,-10,-26,13,-68,-14,-50,100,98,31,23,-52,-75,3,-30,8,50,78,-93,-71,-26,14,58,-86,52,-18,12,-76,-9,-97,-31,94,-17,96,95,27,81,67,61,88,59,4,-44
86,1,36,95,98,81,57,51,15,-1,-74,53,38,25,82,17,28,-11,-31,-77,-43,16,35,-98,-42,-51,-49,19,95,-32,-38,28,70,-78,92,-92,-88,-3,-12,-52,36,-51,17,54,34,-37,29,66,85,-16,38,-5,53,-2,1,-59,33,-58,-78,47,56,-40,-85,90,55,67,32,-19,-50,3,31,56,65,-80,-24,-18,55,-60,-2,-59,14,67,61,-79,33,38,-49,-87,14,-64,3,-90,-47,59,-19,58,15,35,-85,77,-6
40,62,-34,46,8,19,-88,-10,71,30,27,-4,-27,-89,-100,23,-54,56,-47,74,-81,-33,-44,-98,74,-80,-64,50,-29,49,-34,76,79,-9,53,19,0,1,-6,5,-80,-12,-82,-99,66,-49,3,-95,97,-84,5,-50,-70,39,22,-60,6,8,-43,-21,12,33,-64,53,89,-7,-2,-82,62,-73,-74,69,92,-68,-2,-35,49,-60,-50,21,92,96,99,-46,48,79,76,65,-46,67,73,92,61,93,76,47,-58,61,-17,-90,-49
73,69,-70,-90,-97,-5,-73,34,-17,93,6,20,68,52,-70,26,-91,-44,-75,15,64,4,-93,-83,-17,-37,-81,92,21,-77,37,66,45,81,-97,-77,-61,64,38,-28,-88,41,-73,80,27,73,56,-41,-14,-48,-91,77,23,-31,-74,89,-98,-40,-87,-12,74,-95,45,92,-57,73,-7,-33,-42,98,37,-39,32,-34,-12,-70,37,-7,-61,94,-34,71,92,89,99,-45,-92,-45,76,-36,-74,41,-10,-26,-7,-97,-30,51,-50,-97,16
45,-72,-45,-15,49,93,98,-7,-74,-75,-16,22,-88,-76,59,64,20,85,-79,88,-61,-99,-43,-42,68,76,77,54,-88,-58,1,5,29,55,3,19,-83,-68,-6,-8,98,-53,-77,-100,-35,-6,-47,9,11,-2,-15,-18,-76,75,-17,85,62,6,-45,30,76,-70,-15,21,-50,40,-95,-69,-54,69,-65,14,45,-41,47,-61,-53,-35,11,-91,-23,-97,-76,-82,-61,15,95,67,-99,36,-60,74,6,-60,-94,-43,-35,-9,4,-46,-77
86,-57,71,64,38,-2,48,-83,-38,19,-89,7,-66,-2,-64,-55,-19,44,59,-45,-86,3,-15,-26,-29,43,19,-78,-36,-16,-34,-48,-74,50,-85,-38,-84,33,16,14,-86,94,-32,-38,-47,42,59,-27,29,-41,50,9,59,97,71,100,99,18,-64,83,-3,53,36,-9,-71,75,98,-80,85,79,70,-79,-68,-40,36,70,29,-2,22,-82,24,24,-99,38,17,-85,61,-57,28,91,93,-23,-96,88,82,62,21,-37,-61,-80,45
-92,59,88,-14,-83,87,55,0,56,23,63,-73,13,43,82,-67,-95,-79,-6,-82,71,28,2,57,-48,57,32,-67,-99,-23,66,-26,-82,68,72,-96,47,41,72,39,63,39,91,-86,-100,-26,-39,5,-97,2,9,50,24,-9,30,11,-36,-84,-64,1,-88,2,32,24,93,-56,-97,-68,-11,-54,11,2,-2,5,-28,78,-67,-90,94,69,-44,80,0,-12,-81,-55,-84,-72,92,2,37,10,-5,40,-23,66,-28,-43,81,28,56
40,55,37,-65,10,-11,94,5,-95,62,73,76,-26,-66,63,-34,-24,49,-47,-78,-32,-69,34,-12,-62,-85,-20,-1,-37,-36,-86,-32,31,11,8,73,12,82,62,72,-1,0,-98,85,36,-36,7,63,19,-3,-94,62,31,53,72,-79,-95,50,76,40,-33,-8,70,57,-90,15,12,32,-56,-40,74,-6,-20,35,-22,-58,-16,-73,-17,75,73,-88,87,-4,-63,30,55,100,57,41,-86,6,50,-74,-9,28,-78,94,31,16,-27
31,26,51,-27,-76,17,-14,-36,-54,68,-74,-1,-71,-82,-18,18,-11,33,59,-91,-9,-75,9,99,32,59,55,11,-67,92,-79,43,-98,-78,93,-66,90,-3,-32,-89,3,84,35,-17,-27,53,60,-5,47,18,51,22,-80,-1,-37,86,-12,-20,-73,0,-48,21,-72,-49,-50,-22,-90,-67,52,-74,-23,88,39,-59,64,62,-15,42,-10,94,-99,-69,21,-61,-2,11,77,90,11,47,25,-36,86,-98,49,12,3,-48,-99,32,55
-76,91,44,-21,-53,-66,88,77,-16,-30,66,-7,-45,-33,-27,-32,1,31,90,10,-20,77,-74,53,90,-81,46,74,-79,-84,4,26,63,-15,50,-67,39,-46,95,38,22,-28,88,-19,38,79,-47,15,-2,-65,87,14,-92,97,-25,94,60,19,-87,-39,8,-81,82,-23,-49,23,-72,46,31,-79,-53,52,-17,19,-66,72,9,-52,74,-86,-79,-31,-14,60,80,91,63,-100,-42,18,5,-15,60,68,-8,-99,39,-76,70,-82,-61
-41,79,20,84,34,29,-71,99,42,28,11,1,-13,84,-88,100,10,85,14,83,91,6,-72,-41,74,57,-17,-26,-10,86,90,-59,-68,-70,24,21,40,-15,6,49,100,71,91,17,-60,-51,80,88,-32,-15,-47,88,-65,-55,91,-37,52,41,84,98,66,-7,-88,-91,-56,-10,-22,92,-56,-33,-90,43,-51,49,79,70,18,3,20,88,-2,-22,-35,-2,-10,-61,17,66,30,-4,-80,-67,78,-82,9,-74,-100,82,-65,-37,-56
-31,-97,-26,-14,-42,66,-64,58,-48,17,-94,-96,-79,-19,73,11,7,82,-46,-28,80,-79,-96,-47,42,50,87,87,-79,-26,69,66,33,88,-93,38,89,-74,-98,-45,7,-20,-69,-79,39,88,95,44,-79,9,-6,-68,7,76,-78,53,92,93,28,28,39,-57,-87,-81,-32,-89,-57,-68,22,57,-66,-43,-47,-35,-54,-33,47,-1,-14,78,-99,-23,25,-28,-82,92,51,6,44,58,93,86,-3,-42,-77,-63,43,46,-79,76,-45
60,2,65,96,-36,-99,-84,44,-37,50,-99,19,23,75,-36,-93,47,-78,86,16,91,-6,68,61,-76,-42,-80,-69,93,-13,-88,36,-94,-13,-75,45,68,-55,71,77,65,-17,-21,-93,-66,93,15,-53,8,-55,51,56,-78,49,-35,73,57,-6,-59,-27,-12,82,-41,9,54,-20,-2,-35,-33,30,-44,-82,-93,55,46,-88,86,-39,68,-97,-3,10,-21,50,-49,100,-11,-26,75,53,23,-41,61,12,-14,2,55,43,12,39,-25
-44,16,-75,-17,-4,-39,-93,-43,-38,-26,-30,-2,37,100,-54,90,-60,-10,-23,91,58,16,93,-57,76,7,98,-91,28,-5,-11,58,-34,-72,-54,-58,-37,-21,75,98,74,-71,-49,-18,-15,-62,0,61,-57,77,-40,-88,-99,68,-73,7,-57,-30,79,-26,61,-13,96,67,80,-83,-55,-67,-34,9,-65,12,-19,-52,-24,-87,41,-10,-81,28,-6,-17,94,12,-92,-28,-12,-80,-13,-22,60,-67,-74,77,7,-51,-45,-43,37,65,50
83,13,43,-99,50,-38,-74,-63,76,-16,65,78,-26,0,97,-84,72,-99,-69,18,-10,55,-70,59,20,91,68,-65,35,-71,68,82,-19,8,51,-80,-64,-22,80,72,-32,7,98,-30,25,-8,14,28,36,-1,-78,44,61,72,-58,-81,18,61,99,-38,53,-38,-87,-59,-99,-21,-71,-1,83,-86,-99,37,-13,-8,-43,-62,25,-52,-72,-23,12,-71,-99,-27,-30,-99,32,-94,-84,73,91,-1,100,-78,-49,-16,-31,99,-25,-21,95
19,-80,-88,7,-50,-20,97,-80,-1,-31,-84,80,23,-12,78,-24,-25,16,-6,-37,89,18,-79,33,97,-23,5,97,30,-62,28,42,-96,-85,58,-85,-87,-84,-86,-71,-82,99,-81,76,60,17,73,5,-46,96,55,-97,-56,26,-55,0,74,-51,-50,25,63,46,-78,52,-72,-65,-43,32,-77,26,-15,97,51,-85,-97,-91,-17,-75,-92,13,-5,49,-13,-13,-13,-88,17,79,-94,-34,34,-32,-10,78,-6,85,-29,72,54,53,92
-67,-30,-7,85,47,-58,-79,-45,-62,41,-4,-58,19,-80,64,-11,-67,-5,5,-67,-100,-28,-54,81,-69,-100,-6,61,-84,-47,24,34,17,-7,93,-48,-77,-33,50,-20,44,-27,-34,68,49,-8,-77,79,-3,-82,91,81,96,-88,-62,-64,36,-96,40,-79,37,-7,1,41,27,31,-38,-45,95,-7,79,1,31,84,-11,-10,77,1,31,1,-50,36,-25,-18,-34,-46,-40,-74,-94,94,-49,-61,10,-70,71,-88,29,-18,-14,-99,-3
-26,-41,51,-85,-91,90,-50,-2,-82,-99,-76,13,29,2,39,-10,-45,59,97,-66,-80,-15,78,13,-47,-44,59,-63,77,-12,-54,-48,-60,10,70,81,-100,79,66,58,-71,-3,-18,-77,-33,-88,-74,70,-81,21,-56,-58,11,78,-70,47,-9,63,-17,-94,14,-72,12,-59,-42,81,-6,32,83,57,-22,82,-34,-29,-62,-8,-27,-65,-88,33,-7,-11,62,65,47,64,-63,82,-1,-45,35,-41,59,75,-77,91,55,12,38,-54,74
57,93,-34,-86,54,-14,-4,63,-85,38,-23,-52,-2,-1,93,-34,16,10,48,65,24,-74,72,30,-52,-79,84,-99,-99,-23,69,37,-90,15,87,47,-54,7,83,-50,-92,25,87,-47,-66,-36,93,8,43,33,20,95,-81,16,46,-80,67,84,-58,-48,-6,-48,88,74,-78,-39,-64,-74,-76,10,39,-17,-100,11,-76,87,5,-41,89,-44,-90,-71,-18,-60,1,88,-24,36,34,-28,40,51,-32,-96,97,44,-27,47,-42,-9,-56
35,4,-47,99,24,-69,-57,-64,16,-25,-53,-31,19,-28,-15,-88,-61,85,-26,37,-70,42,79,92,-71,16,-1,-9,-74,-52,15,-20,60,-16,22,16,-18,-28,84,66,-28,-23,-73,17,98,-10,-55,99,47,-98,-61,76,46,-35,21,92,44,74,60,-89,-4,-81,-94,61,-74,35,-87,-69,73,32,-96,-22,8,-69,-9,-52,26,-89,91,-69,-42,0,78,-77,47,89,94,-50,83,60,81,8,-24,74,60,-39,64,85,-52,-54,-11
68,88,69,-46,-34,24,-69,17,-81,57,73,-90,-1,-75,-43,-97,25,-95,16,39,-55,-21,53,49,-4,4,29,3,40,-84,22,74,-91,-98,38,-97,16,52,-19,-23,-2,-14,-39,-15,-79,91,-56,19,-48,43,-16,65,48,20,-2,100,-44,69,-35,-59,9,14,66,71,-39,-6,65,95,69,-38,74,23,-64,49,-73,68,38,-51,82,81,79,16,23,18,62,70,-32,-39,-3,-12,-12,24,87,83,60,-6,41,88,-12,-70,-61
-65,-19,47,-41,4,-82,30,48,-28,-58,0,-16,-92,-3,-25,-83,70,-42,82,3,58,43,-46,100,-93,-13,8,-4,88,-32,-9,-33,88,-22,-94,-74,-65,-72,-29,73,69,87,-99,41,-8,27,25,-51,-16,-73,55,-44,-50,4,57,78,-94,-32,-21,-7,25,1,92,93,41,-47,18,-97,69,19,30,69,-91,-51,29,10,-99,-57,62,27,99,-74,54,83,82,37,36,-32,87,35,30,-57,18,85,-30,-71,-60,-94,-63,-54,-67
15,48,30,58,55,13,95,24,-79,18,-71,-55,-78,-77,-44,73,61,9,52,5,8,55,76,-70,66,-78,82,-17,-100,-63,25,-33,-90,81,6,-30,-19,-50,21,-24,-48,19,-37,-91,76,-67,18,81,-24,78,-27,16,80,-95,85,28,-80,-62,55,63,-81,-65,-82,27,-21,-80,-93,-88,-36,76,39,9,-20,60,99,45,-81,-96,-65,-78,-48,28,-53,11,79,22,18,-83,-2,-2,-3,76,10,-35,-19,-2,-25,29,57,78,99
-42,-22,-100,59,52,-55,-95,-17,65,85,25,-41,8,-65,96,-43,-87,-3,21,-73,-55,-59,45,-53,-43,64,-23,-43,-64,-25,-3,7,-62,-70,46,-52,50,70,73,19,-94,100,-3,-23,-20,12,-85,48,-7,71,-27,71,-44,-91,-25,60,52,22,-17,-83,25,13,21,4,1,-15,23,24,-31,-79,-37,14,-64,-23,48,40,0,-49,-73,53,-63,-12,-17,93,2,-4,-54,-48,49,-36,-83,-75,78,14,84,72,0,15,35,67,34
-2,-3,6,88,-95,-4,66,-100,-1,-77,11,-51,-25,-85,49,64,-28,-13,-34,-53,-90,46,-72,-70,-54,87,-35,45,-81,-17,89,7,-72,93,-38,0,53,-29,-42,-14,-63,51,19,-19,-53,-66,-12,-12,-48,63,62,8,-34,-72,34,-31,34,59,-49,93,-98,-28,16,58,-7,-14,65,85,86,-72,13,60,-53,68,-55,-83,-4,-35,-8,67,25,-11,45,14,-16,-26,-98,72,-73,-78,-93,57,-35,85,-77,-42,-25,93,-40,23,-36
-39,78,57,-60,84,-53,-29,23,50,92,-8,70,3,-6,28,94,4,16,-24,-94,-81,13,98,-5,-18,0,-55,50,87,-89,53,59,52,100,-56,18,93,96,79,-25,-35,-26,-3,7,-100,26,-62,94,-11,-12,-40,-60,28,86,-11,-59,63,-57,-29,2,-38,98,-18,-55,-20,-52,-56,-9,-1,27,95,51,94,-63,-24,-89,-48,7,82,1,-1,-41,-31,-75,25,77,20,-96,-56,13,-63,-47,-46,61,-41,14,91,-88,47,-74,-78
12,-38,-29,-10,-17,-97,10,-22,39,-45,-33,32,-42,-31,-8,93,36,62,5,-41,-1,78,77,-44,-88,87,-31,-13,-11,89,0,-38,-33,-57,-37,62,-50,-6,30,-52,-13,93,-4,12,-27,96,-32,-17,73,61,-41,-22,89,17,67,65,-53,-27,-5,-82,-69,40,-83,-83,64,39,-91,50,-6,80,56,-96,-71,-52,-1,59,68,-11,53,-69,-5,-75,34,36,-16,-100,-86,-58,99,61,-60,-9,100,87,9,96,-18,-12,8,31,20
-87,-39,98,92,-42,50,-80,-36,90,97,-33,-35,56,-71,-81,-85,74,-27,-80,47,44,15,-11,-67,99,-78,93,14,-90,-87,-2,24,-31,-20,-14,-49,-63,-90,79,-60,-20,94,-32,-69,95,2,-33,5,-87,30,16,36,-41,-52,52,16,67,-37,-47,66,-7,-42,-5,65,91,-60,8,-90,77,-67,-66,-16,97,-58,20,-63,35,18,62,73,9,27,-55,-71,11,-34,36,64,15,17,71,-18,-92,10,89,-81,-25,-21,85,20,47
0,-53,-10,62,-3,-33,-14,71,65,-35,-89,3,-71,28,-96,-29,11,1,-59,-4,-97,56,-49,75,-26,-88,-18,49,81,-34,-16,-64,-24,-50,24,-63,-19,43,33,-25,-3,-44,7,-49,-48,7,-46,31,86,-84,-84,50,-44,52,-85,86,-21,26,49,45,-24,-75,-90,97,94,63,-10,41,12,83,15,93,76,93,10,17,28,57,52,-15,37,-80,-74,25,75,43,20,-46,53,89,-20,-96,96,10,-38,40,50,43,58,2,27
53,-98,28,-73,-56,31,24,96,-64,-44,85,-99,76,-11,35,2,96,16,99,70,-12,81,-56,-25,-93,78,-27,-78,3,-97,-58,41,-33,-68,50,-21,40,58,-43,30,-29,71,66,53,-14,5,97,-65,-15,36,68,18,26,49,25,-49,76,-94,-14,-32,-71,-14,-99,79,-26,-100,58,33,71,44,-78,49,50,-64,38,51,-19,-82,63,56,-100,77,-95,-93,9,75,89,99,8,48,50,-85,-44,-53,-76,-42,31,-100,-43,-48,90
-44,-8,-95,25,36,32,-24,98,-90,-17,57,-51,23,12,-83,51,-35,54,-5,40,-69,43,45,59,65,67,-82,2,3,79,-40,-39,19,73,-60,-81,78,41,-31,13,84,59,-68,-84,-16,99,-39,100,-56,71,42,-25,-81,69,7,-91,67,-23,26,-68,-14,-44,-91,-83,67,-90,7,-40,26,28,-26,4,-49,27,59,22,-22,-36,72,-89,-72,0,-92,-3,14,-11,-49,31,11,45,-42,-95,5,-58,-95,30,-54,-77,32,-28,-33
-74,84,-1,-84,72,35,23,25,60,4,40,35,-97,-96,52,-21,-12,-1,18,-96,17,100,-77,-71,-81,-33,71,40,93,-74,1,-64,46,86,71,-90,9,11,81,91,-89,-19,-70,15,20,54,-68,44,59,-79,11,99,-18,-93,-87,51,-11,-72,8,66,66,95,-60,-68,99,-76,-2,9,17,27,40,-71,22,-2,39,40,98,-67,34,-66,97,95,-10,56,100,-88,10,-74,87,-54,86,-49,-72,-15,-26,8,49,-94,8,21,-30
-22,-89,-62,-80,-54,84,31,89,-1,10,-20,-69,25,31,-73,70,98,-13,-23,12,99,-27,-72,53,-59,66,-80,-57,-72,96,96,-44,89,-70,22,-37,-4,64,9,-57,-4,-26,-24,29,14,25,34,98,-25,41,78,26,38,10,75,43,51,-81,17,62,-12,20,42,-67,20,-31,60,69,-15,-1,-9,39,48,39,4,-18,73,61,-16,-10,-47,-18,44,24,-91,45,-69,68,-44,59,32,56,-40,100,16,-67,-49,-42,26,97,-25
-4,20,-70,-54,-79,79,-79,2,-12,-6,-87,-49,-62,31,91,-32,-64,74,-15,2,52,-71,42,82,46,13,21,63,-67,-35,-9,90,52,-41,-76,94,79,95,93,-14,-36,-70,-80,2,52,85,17,22,52,-19,80,-96,25,35,-64,97,-92,-64,-60,-38,-17,7,6,25,-36,-86,98,-42,-80,75,72,64,-20,-51,70,20,0,-59,14,64,62,-60,-17,8,47,17,33,41,-96,-15,-4,2,98,54,-42,88,70,93,79,77,62
87,-62,-60,-7,-91,-13,79,-27,89,-62,-54,22,48,26,-75,-71,-18,61,15,29,-8,94,15,71,80,68,-74,91,-63,-28,70,12,-61,-63,-26,-61,-16,-1,51,43,-21,-55,96,21,93,-100,-61,-55,48,-78,-89,-10,-72,95,-68,-31,-14,-31,-40,37,34,-3,11,88,-79,-32,-31,50,80,12,-49,-3,-92,-1,-17,29,-17,74,54,-50,43,-54,-46,82,53,-86,-100,-2,-1,-57,55,62,4,11,70,26,60,-55,77,-100,32
-48,7,14,24,32,-52,46,38,-41,-70,-42,-43,90,73,3,73,-25,14,-39,-11,23,-16,-59,93,57,37,-9,-42,15,-11,-52,-9,-87,-81,74,-25,14,23,-79,47,-99,-75,-70,-67,-51,-77,-30,-62,-9,-20,52,7,-62,-44,-24,-30,-78,49,3,87,-66,11,-3,70,-64,-16,6,93,-4,83,-84,-61,-18,58,-43,-52,-59,-47,-80,100,-49,-8,-85,-67,27,87,96,66,-44,65,18,-51,98,71,42,68,-70,2,-87,-28,-23
-75,-70,-50,-53,-42,70,-20,56,75,84,-76,82,-93,30,-79,-78,-44,-13,-56,-3,-21,42,-1,-85,-60,51,-42,35,-10,99,83,87,-20,95,22,6,93,2,-97,-40,20,-42,31,-27,-63,-85,-13,27,-46,79,-15,-16,43,58,74,20,-58,49,-96,64,60,-74,97,58,-54,-31,36,-69,-11,-89,18,78,98,-60,72,23,-20,13,47,100,12,52,-20,35,71,-48,85,-52,30,50,57,-31,55,60,-71,-7,86,65,-50,52,-49
53,9,37,-85,39,53,76,62,-81,9,54,23,20,34,57,22,22,-45,-9,-16,85,-19,15,14,43,50,-38,-71,13,89,-81,-76,55,-57,73,-50,-3,-61,-9,90,22,46,90,51,49,-21,45,8,-68,22,16,-91,12,82,71,31,1,72,42,31,-72,-13,-53,86,-82,-67,23,34,89,-24,-98,89,-53,-91,-63,37,-79,83,87,83,-73,87,92,79,-18,-20,14,87,42,-16,-46,-69,-90,50,82,-42,24,-89,-43,-50,-71
28,41,34,-56,88,-9,-78,1,69,-96,71,-21,-21,92,-6,60,-80,18,12,19,36,-72,-65,69,-61,18,8,25,66,-98,63,-21,-9,58,78,-55,82,-89,19,-25,-84,-96,-48,18,-94,69,-74,28,-94,-98,-20,36,31,90,-22,67,-56,-39,67,60,-21,-68,-21,25,20,59,99,-26,-53,15,-78,6,-85,52,-22,-30,-18,-16,-56,-44,69,5,26,-21,94,34,-43,0,-68,75,-49,-36,67,16,29,-16,-52,-81,-12,-90,84
54,-17,70,39,-46,48,-77,62,-60,26,83,-24,-87,90,31,40,-34,28,-42,-63,-75,51,-61,72,-36,-99,-78,-90,41,58,-9,-4,-77,48,-70,-39,-1,13,-15,37,11,98,-53,-18,72,21,12,-97,14,6,29,9,-79,-91,35,90,19,3,-69,32,16,-28,20,45,73,0,-81,-73,-25,-33,-73,33,-14,-64,-43,82,-92,39,62,93,-30,-25,-53,-7,-36,62,88,-43,18,13,18,69,-96,-94,58,25,79,-87,-79,-72,-62
