54,-20,14,22,15,-18,-89,-8,49,34,33,59,-28,62,59,38,61,84,85,30,29,19,34,-51,-26,94,-40,-75,-75,-70,34,-32,82,-48,-65,15,1,-58,20,72,60,-49,87,-44,-28,-92,33,45,21,63,5,65,-70,-7,-13,38,-50,87,-9,-3,-73,59,34,-77,-72,55,48,33,-67,-46,91,25,37,52,15,-26,23,13,90,92,-41,-49,-16,-14,62,-25,81,79,6,78,62,62,7,6,53,41,0,-33,-85,56,11
15,-48,21,-29,-45,41,12,-80,1,40,-98,94,-61,-75,17,47,54,17,8,-95,-20,42,79,76,47,-70,-54,38,-23,69,36,22,70,51,97,-76,-43,79,-52,66,-93,59,-46,53,-58,-70,-45,-17,-46,-86,-65,85,10,88,-38,-92,-63,46,70,-24,59,-62,14,-29,-97,-84,54,-9,-99,73,-3,89,-78,-1,-63,98,-51,-80,-28,22,1,49,-27,64,79,-49,-14,8,55,-31,11,96,68,46,-2,34,1,92,-28,69,32
53,30,26,29,-65,-32,-61,-100,90,-65,-6,-56,-94,-15,-61,13,7,-27,80,-54,-16,-31,51,-73,34,41,17,26,-89,51,-3,-90,-44,-63,9,76,82,-97,-26,-41,-44,42,50,97,53,-70,-16,4,-95,48,-54,28,23,-39,-100,59,22,13,-10,78,5,25,61,-53,-88,-42,-82,-29,-6,-13,-73,-38,70,60,-16,11,-31,5,-97,-8,-60,15,2,-73,57,-63,54,94,40,-53,0,7,81,47,-9,94,-7,5,51,62,15
13,13,-77,-81,63,32,-48,53,-97,-90,54,12,-23,-19,81,-58,21,-63,-44,4,71,70,-2,-25,55,27,-67,-39,-91,-63,-71,80,-18,-30,34,60,-31,92,-51,-37,-14,54,56,93,-9,14,-11,-1,38,-99,-44,26,-4,-94,81,-54,84,91,18,-75,-51,-60,-47,-5,-75,-9,-60,81,-42,93,76,39,-57,-44,85,20,-22,-94,-40,72,-70,40,82,-52,-19,76,90,49,-73,91,-17,14,-47,48,65,-99,85,-4,-25,43,32
-54,33,-53,14,-20,0,96,-5,76,-90,46,12,81,-37,-26,33,9,7,-37,-68,-17,-23,79,-57,94,-93,62,78,55,-60,19,84,-11,5,86,-39,32,29,20,-100,43,-19,76,67,35,36,29,15,69,-100,-91,94,-40,95,-59,79,69,73,98,27,74,-94,96,79,-82,-61,-35,-15,48,-17,-82,-90,46,-81,-45,-48,53,82,26,-40,53,-70,-25,9,-3,-74,85,6,57,86,-12,-56,34,72,54,-15,-63,49,8,31,-29
19,93,3,-66,-70,46,52,81,-29,-25,62,-45,87,35,-34,11,33,-44,94,63,38,-41,22,-94,-51,69,-51,95,-3,-82,-24,-59,-11,-95,52,-23,-25,24,-89,35,-64,62,69,-59,76,11,58,-62,36,-99,-41,33,75,-60,20,60,-58,-89,89,-77,-21,51,-21,75,-67,17,-87,-47,16,24,80,-47,91,7,38,72,53,-86,78,69,-4,30,-52,-69,57,61,65,72,65,-35,93,-66,52,49,77,19,-98,48,-76,89,-76
-86,-25,-46,-46,53,63,-97,44,40,-61,66,21,-26,-78,9,47,16,-13,33,-70,-31,36,70,-17,-12,-24,-83,-73,-1,-4,51,-76,-100,-36,41,40,5,19,61,-93,33,-17,9,-69,24,-57,-33,-11,43,93,-61,-19,-14,-48,-78,-99,-25,56,-85,-42,81,-72,76,-98,2,-99,-58,-51,-39,50,-56,-29,-11,11,87,-88,49,73,91,99,-31,88,-46,-34,58,59,22,-47,5,100,-86,-84,26,-65,71,-54,41,38,74,-46,69
-38,49,-30,20,-65,-57,72,83,5,-47,-70,-61,56,88,36,90,-9,-31,83,-94,31,-49,1,-9,-52,69,-45,4,7,97,-17,-15,55,7,-3,-72,-84,-67,-40,-9,75,60,-65,-68,33,-30,-40,-10,-39,81,-54,12,96,-94,19,59,65,-64,-49,17,-21,73,-19,63,-35,-55,-70,12,83,34,37,31,-70,-84,60,59,5,11,-88,14,-58,82,-91,-82,-89,-74,57,-72,-92,13,32,-37,23,32,-31,-76,42,7,-69,69,-36
59,72,5,50,73,-5,68,-62,-48,61,-14,53,33,81,-68,64,-83,-38,-52,-2,-85,10,-79,22,94,83,-24,-47,-78,-93,96,-23,7,11,-35,-95,-33,-74,-66,40,-42,42,-6,-85,60,-44,-74,9,95,82,-99,-63,6,10,-75,-10,98,9,88,43,-71,29,-46,55,55,26,-61,-34,61,19,48,61,1,-81,81,-28,-42,78,-2,-63,-13,16,67,-69,89,-86,-55,-98,62,57,49,-59,-83,86,-55,-97,-40,35,-80,36,70
-26,-75,67,-28,95,-9,39,48,21,33,88,-66,37,8,93,-56,-92,27,-50,25,85,-21,2,59,72,50,56,-30,90,86,-41,-93,33,2,-4,-16,-58,-65,-99,29,-84,95,-22,-26,48,-21,51,-84,-55,66,-90,61,36,-78,93,55,-46,70,-82,69,-83,73,18,81,76,11,48,40,74,-90,48,-64,-65,-19,-33,2,-33,-20,17,63,6,-10,12,84,18,31,-47,-64,80,-44,-13,-10,-34,-85,33,58,71,76,-52,13,75
81,-26,-38,9,43,88,-57,-75,-95,24,82,-59,-9,-72,-98,-87,98,-17,39,84,-52,-99,99,16,23,40,54,-91,96,-56,56,56,-3,-15,-29,73,60,61,47,-29,51,90,-92,4,10,-69,38,-57,70,-48,7,-53,18,-9,99,-41,92,35,-86,82,2,60,51,71,54,67,-8,-25,44,0,-52,-7,38,-11,26,-51,-77,45,17,29,-3,-83,-33,-22,-8,56,59,58,50,-29,44,90,-99,-15,-28,-56,87,89,-62,-24,-88
-45,82,70,92,64,41,-98,-40,97,73,-3,69,-87,-49,65,-64,-79,-18,-32,-10,1,59,76,44,-29,95,23,-18,13,63,17,-24,-98,-31,-51,54,68,-52,-26,7,-75,17,5,-26,-93,85,12,-26,-50,41,-47,41,-7,-85,93,-78,53,-21,-28,-67,-63,-42,-94,-96,43,61,43,-95,85,63,79,-33,-17,80,-66,20,44,3,61,49,62,19,97,-54,-89,66,-58,100,-59,11,55,-12,-14,-25,60,-30,89,2,-80,26,99
12,-44,-56,70,-53,91,84,15,44,44,-30,24,-12,-81,-19,-45,-64,-94,4,-77,-98,-41,-27,-61,53,-26,-80,-46,72,97,-35,32,-73,-74,-14,13,37,87,11,57,-14,-2,-94,-32,-35,31,88,6,-60,-58,-47,58,-49,-53,-76,85,-9,-42,-21,21,-25,-25,-73,35,-4,52,-95,-59,-67,21,69,90,48,-97,-29,-40,-71,-5,44,-75,49,-20,83,95,-78,90,90,-35,60,97,-30,8,-91,-78,-63,47,76,100,48,77,-99
-95,-32,-88,-68,-72,0,-82,77,73,67,50,-69,-63,-83,59,100,85,95,39,-8,37,-25,46,9,85,84,-44,25,100,-40,-32,49,-56,59,-30,-51,-98,-16,51,-22,21,68,-40,-83,-67,-9,39,-26,92,-67,-62,-22,39,26,9,-5,-41,91,72,69,-88,-49,89,50,65,39,30,59,-38,-96,6,37,-90,-16,-7,36,-9,9,-28,82,19,2,-32,-85,75,-23,47,-7,-51,24,-91,-57,-56,-79,92,0,-46,93,-46,-92,13
2,23,48,23,20,60,18,61,99,-61,-28,9,-92,94,-30,66,-98,78,-39,-85,-55,48,74,-92,-39,-97,-90,28,-43,22,-67,-49,75,-3,10,63,-47,58,-51,55,42,17,44,78,50,60,57,-42,-29,-13,-96,97,34,41,-71,66,-92,89,-20,61,-23,85,14,2,5,-87,-29,-14,-35,-6,0,-9,15,-95,26,-21,67,59,68,-8,-23,58,-16,95,-49,9,-56,73,-17,-70,86,25,-10,91,-75,-23,-22,-50,-17,2,63
-32,-10,-8,-45,-43,40,-65,-42,85,70,-63,-44,-42,-35,35,-73,49,18,88,98,-47,19,-3,-92,12,81,75,66,-30,81,15,79,-32,26,79,39,3,-28,2,24,13,9,64,37,40,-2,65,-98,40,-91,-7,-77,79,16,-29,-52,-19,97,-93,-100,35,-75,44,-36,-26,10,43,81,59,-88,-35,18,42,-100,-80,-39,15,-17,88,15,-34,-19,-14,18,-21,-44,38,80,-40,16,-57,-70,-41,-28,54,42,-70,-21,-43,15,38
-57,-95,27,89,36,40,45,6,-93,-92,-30,30,-45,-51,-56,82,-80,-69,15,-42,80,0,-85,60,-78,-58,-91,52,33,88,34,92,-33,-74,54,9,-100,21,-26,33,83,-18,-50,-59,100,-9,-95,68,96,-5,57,61,0,32,-19,90,92,20,76,55,92,-11,26,27,30,-12,33,-84,80,36,-95,7,11,35,48,-8,80,65,2,-34,44,76,-88,16,81,-66,47,1,-15,29,-45,-83,62,94,52,37,-65,61,-24,-91,91
-73,-21,0,-90,53,67,-84,46,-38,96,93,55,58,34,-46,-82,84,-58,71,-80,17,-9,-17,-24,74,-9,-87,-42,-68,63,59,55,27,38,40,9,42,75,79,-100,10,-21,-55,51,86,-5,-83,51,-41,35,-69,-27,-92,84,73,40,-14,2,-79,27,62,-63,-34,-32,19,-1,69,-3,26,9,-96,-10,-65,-37,-23,-13,-39,-33,75,-27,57,-68,2,72,10,9,21,-39,30,59,-83,43,-36,82,-14,81,96,-95,20,6,-70
46,22,25,-90,-100,16,-45,-83,53,-84,27,-8,-72,18,-81,20,0,10,19,-40,72,8,14,12,-38,-32,-15,86,-3,25,82,-95,-86,4,5,83,-11,-85,-36,49,83,-50,-61,22,96,63,-41,44,-41,64,-32,-14,-26,54,-48,70,18,-1,50,-91,37,57,-89,-90,95,-84,18,27,99,79,-82,-42,96,-75,76,53,13,-77,-95,67,12,35,83,26,-46,89,90,47,17,-40,47,29,-45,100,-4,18,-43,35,-68,-75,35
24,-43,87,1,-11,-42,-6,-43,65,-71,93,3,-13,9,36,-98,2,-26,-11,94,14,69,58,12,-100,-39,-13,34,60,-54,54,49,-99,-92,-100,37,-50,-11,-99,-9,22,11,49,-28,-44,43,-85,-76,9,-98,85,22,-97,96,-41,45,-99,-57,16,22,-31,-37,-57,96,-8,41,33,21,-16,49,96,85,57,23,-63,-59,14,19,-17,81,-45,78,-72,-57,7,-83,-4,-51,-45,49,-41,82,-25,-93,-40,77,-68,-9,89,64,-41
-67,87,-7,-56,7,4,-40,46,-61,-84,-19,12,30,-88,-19,-60,-55,21,-37,-58,12,5,45,-77,-17,81,-36,-45,-25,6,-65,-73,38,-16,6,57,-40,84,-44,-31,-51,89,-95,-77,-3,96,24,-50,75,90,5,-94,71,34,-13,31,92,-25,51,-87,15,0,57,48,37,-13,-53,-84,63,56,89,42,57,47,85,-14,44,-32,94,84,-7,50,-48,-86,-89,0,-35,65,-80,99,-81,-74,-30,19,-91,-29,-13,43,49,42,83
50,-28,35,-88,66,-76,-46,-19,68,-21,21,-13,73,-78,97,73,-29,19,-26,-98,-37,34,29,-24,97,-98,-95,92,54,-99,-94,90,71,-58,47,-42,58,80,71,68,-72,98,-46,-51,-34,41,38,67,-59,-55,58,17,-85,-16,80,-43,90,-94,46,14,-30,-68,50,43,46,-36,-96,-13,-99,-91,24,-9,-4,10,31,-67,-45,-5,70,-12,16,97,53,3,65,-11,55,-82,21,-46,23,-50,-34,69,-73,82,-10,92,46,-84,8
-60,79,-15,-69,-86,55,-92,-70,17,-71,-28,57,69,9,67,-79,0,58,-100,-62,-1,-58,23,-8,-20,-66,25,55,21,-51,-99,58,3,68,-90,96,23,66,98,-60,-9,-75,37,-28,-42,-63,51,-56,1,-14,72,21,-7,66,65,-23,44,44,-45,6,16,-36,12,92,61,70,23,10,-11,-10,-60,-67,-13,41,-27,71,-69,41,52,98,-96,4,81,-57,50,-20,-15,-42,-10,-56,73,92,-21,-67,-7,-100,50,32,73,-23,-89
42,18,-30,93,0,-1,-36,-44,96,16,-16,-21,-13,14,85,-18,69,-24,-78,-68,66,-44,-12,-64,-78,44,37,70,39,-97,-53,94,87,82,-65,-97,58,-58,-95,12,-22,-85,10,-26,67,-19,23,73,60,-68,-70,-50,-8,-21,91,-16,-52,-40,-3,23,54,52,-100,-49,-91,20,-4,-15,87,74,-29,96,0,-48,-53,-88,95,94,-79,62,-93,-27,70,-94,43,18,-41,79,-39,56,-55,88,-85,100,-43,36,-35,-50,30,-3,99
40,56,83,12,62,-73,24,-84,-90,64,-89,48,95,-59,-47,87,-26,-21,-100,48,24,28,-25,-83,4,-81,-59,-31,-58,-78,79,-43,-30,59,6,14,-86,39,-57,43,-47,63,14,37,-1,9,-10,52,52,-12,13,65,-2,13,-33,19,12,-9,36,49,37,9,68,-60,42,-100,-92,48,-38,71,45,88,-24,78,-86,3,1,-71,-51,78,3,-83,16,83,-79,33,-50,73,-46,-85,17,-80,-43,-44,63,-55,22,-79,-77,-28,86
-15,-90,-60,33,35,-72,91,-45,50,95,22,50,-98,23,11,-39,-47,40,70,-3,65,94,98,-92,-31,7,-21,-82,31,23,46,21,50,25,-9,62,59,58,92,1,61,-68,-50,100,35,65,-28,-11,-5,5,66,19,-64,-90,-7,-69,-19,62,74,-97,-4,-53,91,-19,-99,69,15,29,57,-90,-43,46,5,-21,54,59,31,75,8,-67,-99,89,80,-76,-43,-91,-74,1,84,-22,77,-28,41,57,-93,-43,18,64,88,-11,-89
24,-6,29,50,31,76,15,69,-66,54,-3,-29,-57,-42,-7,-65,-44,-61,17,-25,68,83,-75,42,-97,-45,93,-29,66,-13,99,43,58,-9,7,-49,91,-67,86,31,97,-13,-26,94,86,95,46,11,82,60,-19,-49,14,50,-95,-82,56,12,0,-22,-7,10,74,64,25,-53,98,78,41,66,49,-60,27,37,71,-53,80,93,-48,46,-20,25,39,-68,-14,17,21,21,-62,-47,95,-89,-88,-26,-52,40,-32,80,18,27,-35
53,31,-90,-92,16,-1,-27,25,-6,82,8,99,64,49,-75,61,18,6,2,-47,-46,36,5,73,3,-91,-56,-51,65,-86,-97,-6,10,-36,11,-67,-57,-92,95,-16,-8,-33,41,-98,62,-8,-97,1,41,-59,-4,39,-99,73,-93,4,-18,-75,-66,-39,-82,-74,91,27,59,-95,46,-58,-29,-91,25,-76,-6,-19,-3,58,59,-100,16,-21,2,-43,52,79,-78,9,64,88,65,-30,58,-28,82,-18,40,-73,5,12,64,43,30
-69,-28,21,-95,-83,-21,80,9,-88,-45,3,79,-62,82,-68,40,12,-62,51,76,-47,-94,-50,-93,84,86,73,42,-81,52,-5,-64,71,43,52,53,53,-66,82,-68,-53,42,44,66,23,-8,-12,-34,79,-27,-74,32,-68,55,-6,-23,-88,78,-87,0,-32,-87,82,60,-34,-73,-4,3,-19,69,6,87,-65,5,11,99,35,5,33,-17,-62,10,18,12,-27,-96,30,-65,73,31,-74,-13,22,-76,89,-9,88,-60,53,-82,-93
33,8,-63,8,-96,21,-16,30,-77,63,-5,-43,-59,95,-68,-4,-84,-53,5,-63,-38,-97,-41,-4,66,-26,-90,-2,-46,-20,-75,-79,-76,-61,69,19,-3,-51,48,-8,85,11,39,77,-37,-30,93,91,-35,41,23,-46,-61,100,-7,49,-69,-40,100,-99,-65,-38,-95,-8,-20,-2,84,-53,13,-76,-77,-97,-30,65,72,-75,20,-55,15,17,4,-49,-95,81,-48,62,-61,-53,-69,49,52,55,16,62,86,-45,19,-10,53,93,42
78,88,-57,-88,-1,3,-33,39,-18,8,-28,2,-100,63,96,-22,48,1,-84,33,-39,-38,97,56,-6,-9,-73,52,63,-8,40,-84,-45,-64,-84,32,-5,83,-52,-61,-13,-56,-72,-42,60,-47,52,30,-21,13,37,-83,85,74,-48,71,-34,-54,-14,-70,-82,-87,-36,85,10,-90,71,-26,-20,-95,81,-86,-36,-59,51,54,-31,-15,-30,69,-17,35,-98,12,-55,-52,29,-45,-39,-55,-48,19,-97,-88,83,85,1,46,-57,40,-37
-59,0,-40,38,-39,4,74,-49,-87,37,54,-99,-75,-83,81,-26,16,71,-89,-43,62,-58,-3,-6,20,19,0,-71,-14,-2,-86,-21,-28,67,49,97,68,-16,-25,-2,-31,-50,53,-56,-28,78,-81,14,93,-76,25,-49,-95,0,-20,38,-24,9,14,-6,-18,7,84,-2,-82,97,16,-96,69,90,32,28,87,-48,-34,54,-71,58,27,52,88,-52,89,81,31,33,72,-20,4,-87,65,-36,-21,28,-43,65,44,34,25,-99,-93
21,64,93,69,-35,-52,34,6,6,-7,-34,-37,-50,-35,-90,-40,-27,-68,-31,17,58,-97,-63,-57,-74,-26,-93,57,-85,16,-30,82,98,-25,93,27,23,-15,-89,-42,-11,12,-85,-61,-13,-90,37,28,-58,96,43,43,-80,-86,4,54,57,11,46,61,-65,-34,38,6,62,1,67,-49,28,47,-11,86,28,92,-97,-69,-50,83,-68,-84,-24,59,1,-37,25,-37,-13,85,-16,-56,-46,59,7,-56,21,-44,-49,17,42,88,85
-90,52,-54,29,-71,98,-10,-82,51,5,-45,2,-42,-62,3,100,54,99,-75,67,67,44,-23,87,99,41,53,-47,62,23,-38,-85,-82,-54,-2,61,-50,-26,30,71,61,-20,-42,-17,-52,-30,-55,43,49,24,76,22,-44,26,-8,27,72,-73,94,-29,-86,-100,48,80,52,0,-26,37,45,45,-57,96,82,-57,-55,-34,-75,4,-81,-17,51,16,-97,-6,44,-60,-12,-64,-69,30,-68,-3,39,-99,88,95,-31,-88,50,94,-10
1,53,72,0,32,5,-11,8,15,-93,-12,-16,0,81,34,-64,6,-31,-40,78,28,-73,47,51,-37,-40,-44,-38,-64,83,42,18,9,-22,-43,-46,97,43,92,90,49,-62,-34,-88,-91,7,-30,-53,-5,60,19,61,-12,-27,-60,-73,-98,-9,52,-34,84,-80,88,-85,-83,-86,-2,-22,75,-37,-91,0,96,48,-93,-97,-92,96,46,38,84,-78,39,-68,26,1,-15,-90,14,-81,-91,-14,-7,15,98,88,-89,7,-54,68,60
-46,-22,61,-56,-51,-47,-49,49,35,5,-71,25,-73,71,-21,-59,20,-43,-30,-98,0,72,-48,-96,50,8,66,-92,-96,90,93,4,79,-61,-63,40,-64,-49,-46,-50,-22,9,50,-55,-99,77,-91,63,55,10,97,-82,-48,80,83,-73,53,2,-45,-60,23,-6,-42,44,55,-33,5,52,-60,66,50,-70,99,-20,-95,-1,-67,7,-60,-56,39,-20,48,64,49,93,92,52,77,11,59,11,62,64,71,73,-54,-87,93,-81,-14
-2,-90,-45,73,26,31,-52,-1,61,-64,-1,-73,-82,-11,62,47,41,53,-74,23,76,-23,-42,-67,-96,-72,89,-6,-52,-91,40,-43,-43,-55,83,-59,41,85,-90,-59,5,99,43,16,87,0,61,63,81,-78,-95,41,98,-7,-48,-99,-54,34,-69,-83,-70,49,57,-76,27,34,68,26,71,-1,97,74,-45,96,72,-1,10,8,-54,43,-7,58,-35,-28,61,40,-42,100,58,-50,91,-39,-61,89,-97,-86,8,3,-79,-100,-23
-47,-68,33,-79,38,51,7,-20,-34,10,-11,69,-16,24,-53,70,-49,-89,-44,84,82,16,-11,-93,31,28,-43,70,-7,-3,-65,96,29,36,-91,87,-86,-22,-89,-51,72,-3,-79,-82,81,86,13,-49,-18,-11,40,86,-61,77,49,55,79,26,-89,-7,97,-79,-78,81,-75,-65,7,-58,-82,5,-11,33,-67,-75,24,-17,15,-97,-22,-43,-49,-94,28,38,9,15,85,-99,-10,-9,-32,-65,-33,11,-93,60,-79,81,6,2,7
34,-88,68,64,-25,-41,86,-10,82,-24,-97,-19,-20,14,-17,-31,9,35,-84,-94,73,-76,78,-94,-27,-12,98,53,86,8,-10,9,-76,93,31,-85,60,60,-11,92,-2,76,46,72,11,69,-45,-85,52,-74,34,42,-98,-69,19,-22,-36,-60,-80,58,90,-20,23,-61,-2,-16,82,-39,45,52,-20,-46,14,-73,17,31,97,90,50,-94,88,28,73,-38,46,88,6,-47,78,87,43,-74,-17,79,47,-72,-91,-31,-4,27,-43
65,46,79,-47,-10,34,-76,-70,-83,-38,-85,48,99,-96,43,-81,-92,-19,-53,70,92,-64,26,9,-97,-75,-33,38,77,81,-10,66,-67,64,69,-49,-73,-59,-72,-99,99,35,-99,89,9,-68,63,-22,1,5,88,-12,-14,-83,-20,-63,47,-45,-71,78,2,-95,-68,-7,-68,60,29,96,6,60,53,54,98,47,13,-36,23,-17,-71,93,76,34,20,-66,-57,53,-27,-14,4,-11,-10,-40,-25,-58,-100,-12,27,-47,77,97,-68
58,73,43,-45,60,9,-1,-28,25,42,62,93,87,-17,57,14,-33,2,40,92,-7,-15,-25,-78,-10,-43,49,-75,-3,-16,12,69,55,-98,-37,-41,42,-42,-7,32,-38,-94,12,-17,79,-84,57,89,-32,69,57,-67,-78,86,74,-100,82,-2,12,10,-39,13,-50,-21,-28,66,51,-66,20,61,-90,-73,-53,-24,-15,-89,-100,-58,91,27,95,-84,-37,-73,51,91,35,61,-77,-9,31,-47,5,26,-64,96,14,-4,96,38,33
84,31,-32,55,73,95,96,-79,22,89,-35,12,91,65,23,-49,82,-76,50,94,-100,31,-81,83,-22,80,-53,8,-79,40,-21,96,78,-43,-97,-94,-55,-57,-27,-56,-64,95,44,-26,94,43,-78,-39,100,10,68,-78,49,39,-1,9,-79,-70,56,-21,76,73,-56,23,16,-6,-81,-87,32,-64,50,67,42,-24,7,-7,38,-1,67,-28,-91,-51,-46,-25,48,4,-81,85,49,70,-30,-80,-39,85,-70,69,99,-53,-57,38,-29
-63,67,78,12,25,-92,-69,-4,-23,-57,-75,82,44,56,21,-14,98,34,100,30,-86,42,81,-17,63,41,-9,82,36,-47,11,-44,-78,72,-61,-11,-82,48,4,39,19,75,-7,-68,-35,86,-37,-10,-60,-27,-96,10,11,54,8,-93,69,44,-62,-96,-55,-42,-72,77,-79,-75,31,-42,52,51,-21,-5,79,76,-6,45,51,-26,51,-22,-3,24,-70,6,-43,62,60,31,-30,9,-67,-97,-51,31,-10,30,-44,73,86,-56,4
-68,-14,-8,-18,45,-48,77,33,31,55,-83,85,79,72,-74,20,-63,38,-71,21,-63,96,-26,-43,-4,-8,-60,-90,22,-53,45,10,-89,-26,-77,-68,88,83,51,23,-7,-85,-69,-92,90,-57,15,-44,1,33,74,-65,-29,99,62,0,1,-82,-14,-43,-38,-77,82,32,-91,-54,-88,-59,-9,37,-14,42,31,-79,-60,-98,42,97,100,-65,-56,17,-71,-60,-49,-35,-84,-54,20,20,18,-16,0,-66,88,-12,32,57,27,94,-82
-44,-8,39,6,97,-71,-8,16,86,-39,-100,-12,-83,-73,40,85,-97,8,18,99,66,96,94,45,40,-44,53,-100,-73,49,55,94,-81,14,-34,60,-71,-46,-61,-89,-60,67,4,26,25,-59,-91,35,66,85,-86,-71,45,-100,99,-47,51,79,-91,-31,-28,67,87,-77,-100,59,4,-60,-18,94,87,-36,-95,-86,-78,-62,75,91,-9,-30,-23,12,39,1,16,78,15,-71,77,93,-54,49,9,3,40,-23,-85,-54,35,-3,47
-52,-47,-83,-87,-49,-41,-20,94,23,-6,-5,-37,55,-30,56,-83,-57,-61,70,-44,22,-67,-67,26,-80,67,-10,-75,2,11,-98,51,78,33,71,-43,14,-45,-14,37,9,25,64,66,-15,28,82,-98,-33,24,45,-33,-83,86,43,8,10,-36,67,35,-8,-29,-78,72,95,44,-12,56,89,68,9,24,85,-81,-97,23,90,15,-61,26,61,4,45,-67,72,-68,11,-91,-38,-39,-12,-20,14,33,-80,-43,-87,-66,76,78,53
84,48,-20,-50,-83,-81,58,20,-89,-3,64,-9,-72,11,47,-97,-89,-29,-30,71,20,-95,42,4,5,65,30,-88,15,4,55,92,-98,19,-20,-89,-76,-27,-34,42,-93,88,57,41,52,-87,-95,39,-6,-2,63,14,-26,-90,-77,64,52,-57,-14,-61,-29,-31,3,65,-45,55,94,-42,-4,4,-30,1,32,67,-59,-94,68,85,-62,40,-16,38,7,57,20,25,-94,68,61,-78,32,51,-72,65,-95,-40,45,5,-9,-82,-80
-63,-40,59,8,-7,44,8,71,40,-62,-81,-96,58,-40,-80,-87,46,22,-74,-13,14,55,-62,-2,63,-80,-82,-3,60,-88,18,19,-86,-100,-28,4,-51,-71,-51,37,-7,22,-49,-29,45,5,-14,-83,92,59,-17,95,-56,-56,-93,20,-32,20,82,13,9,-35,-6,60,8,64,-9,-61,11,32,-44,-25,51,-69,73,15,28,-34,-91,70,-7,-96,57,-3,-21,29,24,58,70,-11,-65,73,-94,23,85,-98,8,73,-79,99,56
-43,-99,47,-93,-78,89,-14,38,-93,-30,-98,-22,-5,53,-74,-40,-77,53,-62,5,54,25,-11,52,-48,46,-95,-30,-34,84,-38,-86,-27,-15,56,13,89,-10,36,59,-34,-53,57,-5,23,-15,18,-67,-19,-99,-88,-71,-45,91,25,35,41,93,-29,59,-93,7,-16,2,-94,-41,-93,-74,-53,-77,-80,16,39,3,-8,28,77,-4,-40,58,36,91,27,87,-60,51,65,-28,-4,-39,-81,77,30,-42,-15,43,27,-21,-22,-56,-81
21,7,-91,-23,-36,-81,-89,-75,-24,55,49,-95,-88,27,10,-54,-83,-97,64,60,-99,-2,-76,-11,75,7,92,10,81,-45,48,-39,55,13,-69,54,6,18,94,8,-33,-47,-4,64,59,15,95,-33,11,-73,-9,-11,-28,-62,10,-47,52,-62,100,39,50,-31,88,93,-30,27,-83,75,-76,-87,-8,89,0,-71,75,70,60,-16,47,97,-93,80,-93,72,92,87,-52,25,29,13,-98,-49,95,0,65,-38,-91,77,-74,-67,-90
-39,12,-85,72,24,17,-98,59,74,18,-32,-8,26,52,-39,11,-8,81,71,-24,4,-95,83,-52,-45,31,65,-34,27,33,-19,-94,-96,-97,-5,-14,-80,-53,36,60,-53,-70,-81,50,40,-31,59,48,-45,-39,-91,16,-9,22,63,-68,47,-35,46,-23,80,38,-97,30,-27,100,-90,-39,-66,100,-80,-52,86,-50,-71,-65,-24,83,-72,-67,0,32,8,95,2,11,-37,-66,-22,100,-62,-39,82,-60,-60,78,70,-19,61,45,-99
-62,5,-96,16,99,-3,-11,-53,63,-21,-35,16,-6,-97,-21,-13,17,44,66,-11,-22,-91,-31,66,29,-20,-84,-37,21,-53,14,-68,-45,94,-76,-63,8,-47,-30,-66,22,38,-93,15,81,-68,-34,-90,15,66,53,19,-66,94,-23,-15,20,-10,98,-44,16,-87,-80,36,-39,-95,-77,-31,71,11,-5,7,-27,-61,-4,-54,73,-69,-69,-9,-55,-16,-72,57,-96,-37,-66,-9,-24,96,25,69,-31,62,-46,82,-39,-91,68,33,-37
66,35,-63,-37,-56,30,97,22,-97,-74,-5,32,-42,87,22,59,68,86,10,-99,-69,-97,38,46,56,-76,21,20,-90,-77,-76,34,-84,-13,13,13,-71,-22,-49,-30,69,-18,-69,75,49,83,-55,-76,-13,60,-43,-29,79,-52,62,-94,-20,47,-82,-81,81,-48,5,-89,49,94,4,62,-20,-14,-33,-34,-85,-16,-66,35,-4,46,-77,-60,19,-31,-72,12,-74,98,-36,45,-77,10,-55,50,-70,-49,12,93,28,84,-14,-35,42
88,40,-32,-22,-81,-89,23,-9,-67,45,78,-96,58,13,59,75,81,-24,-34,74,88,-34,-55,89,28,-42,-5,-87,21,-60,38,60,-73,-5,-23,-2,24,64,4,70,-18,-74,-2,-60,-100,-59,-57,-85,40,-33,6,80,33,82,-26,-93,36,-42,-83,39,-40,-74,90,-88,-73,-56,59,19,-73,-83,57,84,51,74,-45,-19,-19,-70,85,67,-88,59,78,-53,-14,-16,26,93,33,66,11,59,70,-51,35,-16,-59,-94,83,-73,-14
-66,-71,-74,86,-7,70,-75,-55,-81,24,37,-12,-7,12,15,-41,-61,81,-19,68,42,34,-35,-72,44,-14,-26,79,-27,-31,-30,-86,66,-94,10,76,94,-84,8,23,99,22,24,-88,46,-48,-78,-34,-98,-46,-4,-44,-1,-22,76,-58,41,36,-14,20,68,-6,45,-11,83,72,27,21,-2,-86,-68,8,22,26,62,40,45,-74,66,72,13,-53,-21,86,12,-88,56,-6,-58,-24,-28,20,-87,-68,90,25,18,-25,-51,22,-35
99,78,-58,68,74,-66,5,44,18,-27,-23,-85,66,-24,0,-81,3,10,34,-38,-20,26,45,29,-31,34,38,-4,59,84,48,78,-61,-82,18,-69,11,0,-27,-66,-29,-62,68,39,36,59,-37,-39,0,98,-87,-49,-55,52,-67,-56,52,95,15,14,23,-11,65,-63,-34,63,13,-77,82,48,-94,59,-65,96,75,-74,16,-14,-66,11,84,-25,31,-7,-42,83,24,46,-95,-6,14,37,88,16,-91,92,-77,72,-94,87,-36
42,-81,38,92,-55,4,-87,2,3,100,-83,51,39,80,97,100,-86,1,-37,-93,92,-51,95,52,38,-5,-29,87,-69,33,19,32,-92,-98,11,-92,61,-46,-89,-89,-17,-69,10,-56,61,73,0,55,60,-76,-88,-97,-57,58,91,45,9,43,54,-84,-11,-14,-62,-71,-10,93,9,-67,34,46,75,-94,69,-45,25,-83,-8,-29,-78,54,-92,81,42,18,78,2,-33,-45,-30,82,-55,23,-64,-3,-82,-40,-73,-39,-40,-15,-41
-93,40,89,51,-14,-3,-43,53,-38,-57,-88,3,-90,57,92,70,-7,-88,53,-38,-36,14,-79,55,4,-94,84,-89,26,-26,-7,71,-45,0,-99,66,-17,24,-63,-99,-41,-79,-20,-52,8,26,22,14,-59,49,71,-20,-35,-13,53,-36,82,38,-69,70,-67,-43,-98,57,83,85,50,11,3,86,-28,-65,-27,-66,-56,-24,-54,-18,-11,-2,-16,54,-88,-6,-94,-74,83,-28,-52,77,-80,-58,48,98,82,88,-74,6,86,-99,24
93,86,-56,1,-55,-82,8,-23,-38,17,7,14,34,2,49,42,-35,71,-29,-57,-20,-28,-45,-53,36,48,49,-97,-65,51,-7,-6,90,16,80,29,14,24,-90,90,10,71,-44,22,-41,99,-59,17,-100,-57,-77,-37,100,-84,19,51,19,34,4,-7,77,-63,11,-21,-75,-100,77,-84,88,42,31,-1,76,-82,67,-41,25,-59,42,4,67,-22,-79,18,99,-12,-10,70,-92,10,-88,-22,80,81,35,70,-10,38,-15,37,-56
-90,14,-63,-33,57,46,11,-14,-76,22,68,-18,-49,-88,67,57,86,-78,32,-46,47,73,-56,49,58,-70,-80,-43,67,5,-59,60,-13,13,90,-28,-5,1,-38,-29,13,63,56,-1,2,58,48,15,-69,-7,86,-78,-18,-67,-72,4,98,82,-5,-77,-46,-56,55,58,-7,-79,-1,8,-94,-79,-20,65,40,-22,38,82,-38,-71,-84,-22,28,-10,78,99,-54,26,68,-77,-24,-39,-58,-29,-26,-86,41,-64,-15,65,54,98,-93
-11,-59,-63,83,59,54,20,-17,-41,-9,69,-2,10,19,-73,70,61,-36,1,96,-14,87,86,-15,-94,2,88,89,16,76,4,32,3,88,-54,38,46,95,-2,20,-44,56,82,-22,-39,-58,80,36,-78,95,82,-96,-21,58,50,-96,-60,-31,-69,-70,-84,59,-43,-54,-42,45,15,-22,-40,-88,-2,90,-64,-24,97,-35,-60,1,-50,72,1,72,97,-67,86,-96,80,-93,69,1,24,-33,-73,97,-98,70,-71,-74,40,-27,-16
-71,84,79,71,-78,3,-35,-2,-96,-82,-59,-77,-15,61,85,-78,39,-63,-33,43,63,-54,-94,85,39,38,-64,-55,95,-3,68,-56,17,-92,-28,-27,-40,11,-57,-99,73,-82,-20,55,29,44,-77,-33,57,-92,11,79,-44,78,91,58,-94,-99,24,87,-6,-51,67,84,9,-52,-57,14,74,89,-48,-3,24,-21,38,-14,57,73,-27,-64,89,-88,36,64,-26,-17,95,-74,-28,6,28,-20,57,-5,42,-82,-39,55,84,7,-31
-34,53,56,2,86,25,16,76,55,47,84,39,46,83,-62,46,45,-11,68,-9,-63,-100,-70,11,-83,58,76,-30,-58,15,35,-2,4,-23,-84,-4,-57,56,28,-85,-6,-48,-83,-94,-83,-6,53,-17,93,46,-81,-64,67,-63,-25,-47,25,-10,29,-54,59,-77,-66,80,26,-75,89,-19,47,59,-15,99,38,30,-6,57,42,-47,-51,-84,27,16,-28,14,-88,-82,-95,16,-74,-35,-25,79,-9,65,-77,-12,44,23,57,86,4
82,-94,-40,-26,-73,3,-16,28,47,18,-64,-96,-65,-74,98,66,53,-67,-32,-61,54,85,58,-14,-46,-94,-56,40,43,92,-9,-76,-32,-83,-29,-10,-24,84,21,24,-76,6,-45,17,91,-36,62,-40,34,13,22,74,-58,-97,60,-13,64,92,79,-13,-43,90,-42,-36,-44,-84,-27,90,16,-42,-60,-35,84,26,16,6,-42,88,-90,96,-95,-73,-53,-66,-8,-26,28,-65,-57,43,-89,-81,42,76,-26,-63,-56,-41,35,1,47
-69,1,-12,69,25,-86,-98,-48,98,-53,-7,-78,99,-39,6,-81,32,-54,64,-18,41,-4,61,55,-12,62,38,91,20,-96,-48,-67,-55,48,74,83,48,72,67,-43,89,13,-97,30,50,-8,-97,-56,40,-61,-88,56,-56,-11,-44,47,81,-96,-55,-47,43,72,72,-78,-90,36,5,-68,-35,81,-80,-13,-62,-49,-33,-16,-82,63,-29,64,76,63,-37,-33,80,-8,31,-29,-12,76,-3,-84,-86,78,8,-60,41,-87,28,-33,-15
0,100,42,-92,-54,-44,68,3,-66,85,-85,-10,-96,-42,-69,18,58,-97,-18,-2,-35,30,-35,-76,55,-56,-73,21,30,-78,-53,-41,88,-88,17,99,5,-74,89,-70,-78,-35,100,12,-68,67,55,-50,96,54,62,6,-21,-40,61,-14,12,-49,41,-72,6,67,-35,85,-79,51,84,-56,-7,52,-53,-69,-34,71,8,-52,88,-91,3,13,27,-40,30,-16,-2,33,79,64,-2,95,-68,19,-51,53,-30,79,-3,14,-24,27,41
68,69,-76,60,61,-28,-99,-26,46,65,-100,-15,96,14,-31,79,-100,82,-45,-52,-60,78,18,-65,-37,80,-20,-34,-66,-28,89,76,92,-10,21,-11,49,-2,-79,44,-77,-81,-87,79,91,35,50,-25,-31,70,-19,35,34,-54,12,47,29,42,-24,-61,-60,-27,-54,20,-62,51,-24,-5,-46,5,97,-36,55,-81,43,-18,-43,-37,-53,4,36,10,-20,71,-80,54,0,-74,85,-96,-21,67,17,76,-39,93,25,33,-7,47,-38
10,31,54,14,86,32,9,35,-81,86,-97,-23,-10,-54,38,70,45,-50,58,100,0,-10,-32,-86,52,42,29,4,43,39,-72,-48,-2,-65,11,-79,69,79,72,26,13,23,-61,66,-21,43,-35,-96,70,-73,-86,-44,-88,64,-48,-72,-10,96,46,17,-96,91,51,36,-71,30,-71,-67,5,92,13,24,-24,-56,-13,68,-10,-87,-36,-18,29,2,3,93,-14,78,31,-62,5,32,-26,54,90,63,-98,-97,-19,38,-86,-27,-14
-79,-23,-72,-82,-89,-57,14,-27,-67,56,-63,72,-47,73,-58,-28,96,-12,4,70,-100,94,29,25,6,-30,-100,85,-60,59,-26,91,-71,-27,-48,95,17,75,-90,-23,-100,34,-26,96,76,4,-14,-4,3,-37,-90,-30,94,-45,9,7,-53,80,82,24,-77,-14,12,38,100,4,-42,77,-49,-91,-20,41,61,3,81,80,93,1,-60,61,1,85,-21,68,65,-62,-44,14,26,-41,-15,-93,-71,-70,57,63,48,62,-19,-48,-94
4,-89,29,-4,75,-99,-75,-26,37,-62,19,100,-100,-64,75,16,-7,6,-27,-24,-2,23,62,-20,-62,-68,50,-29,-96,-84,66,23,62,22,-79,-34,-66,31,-53,-50,-50,23,51,-24,80,69,-74,-45,82,-80,43,70,-6,94,-84,-18,38,-67,-88,16,-40,-70,55,-52,83,-90,74,-31,2,-88,73,71,51,-5,35,-87,54,-80,-38,99,16,83,39,21,-57,-95,-10,-85,88,50,59,80,-96,-99,-72,-24,44,-4,-34,82,31
-37,-66,-85,15,-22,66,-52,-91,-66,22,54,90,12,-13,-3,4,68,-81,-11,-72,-80,35,-51,86,73,-29,-1,-49,-27,54,-83,1,44,-85,-95,6,-43,-14,71,78,-62,65,15,-55,-72,-77,-96,44,-36,52,53,-83,-88,46,-89,82,-26,-68,92,78,35,-35,73,51,71,88,11,-48,15,-80,-38,19,17,61,-25,-5,-97,-46,-27,18,26,-13,-4,-3,52,16,-41,81,-100,80,42,72,-63,80,-2,-28,72,-57,45,33,-24
-52,-53,80,-16,9,-41,-61,72,-47,60,15,-17,-29,79,-91,35,60,73,0,9,-96,-56,-95,-83,-73,-99,74,68,9,14,18,-22,28,94,-63,-51,71,45,-38,-65,81,78,-50,-68,-10,87,18,-69,-97,-35,-13,22,33,-48,-76,-7,-72,-67,96,-49,-53,-67,77,-30,38,46,74,54,-18,38,71,47,18,-94,-36,-5,-96,57,-24,82,-36,53,15,-85,-31,-94,-99,-91,14,13,-80,25,41,90,-18,28,20,43,6,-28,4
97,-41,39,20,75,-68,-14,51,60,99,73,-74,-37,-22,-83,44,-1,94,-75,-42,60,-38,47,-84,-23,23,-66,83,-95,40,-34,-76,-92,-63,-30,36,47,87,55,13,-33,65,59,52,88,-20,46,75,31,66,-30,-95,-37,-47,62,-57,-2,34,-74,82,100,51,86,-56,-53,93,98,67,-44,-93,-55,65,-45,-66,99,-13,65,-17,-59,-42,64,34,-66,32,-91,-62,-11,-54,-4,95,-81,45,8,-88,-59,35,-93,56,-55,9,-2
79,42,-85,-93,-72,58,68,-22,-47,-1,-45,57,89,32,-19,17,36,85,12,-30,2,-72,77,-35,-30,-69,9,-92,86,-26,99,-98,20,14,-58,-11,2,91,22,18,71,-11,55,-67,-32,86,68,-85,-62,-22,47,-64,-15,-7,-13,-8,-45,54,28,-26,85,-4,-9,-59,9,93,20,-14,-9,53,-57,39,39,-82,36,60,76,77,8,-4,-47,-42,-74,-35,71,-1,72,-87,32,77,29,-14,41,56,-8,55,53,100,-55,96,-46
27,44,-83,-16,-84,-53,-90,-70,-84,83,59,7,-11,-55,-84,-67,-33,94,-53,-43,7,92,16,28,99,71,42,-93,-31,-58,-1,51,10,-29,-88,-78,-93,-96,-19,71,75,-42,18,-17,-50,-85,-31,-91,1,-73,49,-71,-47,31,48,-6,43,6,29,-74,-8,29,-43,27,-80,36,-28,35,-59,94,56,63,39,-22,-49,81,55,51,50,-29,-100,-82,21,63,-79,68,-3,-8,12,-64,24,-57,-35,-100,-61,68,49,-78,91,-12,13
77,20,23,62,-1,-39,-69,33,98,77,-85,50,-52,73,79,49,-39,-44,53,-28,-73,88,-10,79,30,96,76,39,-87,56,48,18,24,-35,-67,-19,-77,-3,-19,-81,-79,65,27,54,68,60,-96,-80,16,27,9,64,-67,-50,69,62,-25,65,9,-80,-4,0,86,30,-8,88,18,69,-81,-12,2,35,-35,-12,67,7,98,-91,12,0,-78,-13,-17,77,-62,35,-55,-25,-15,-32,-13,45,18,64,-13,74,99,-95,45,37,-78
33,-83,50,-88,25,31,3,95,91,-67,-39,95,-17,32,15,96,-7,20,-80,99,88,95,48,-89,19,79,88,18,87,1,-11,79,55,-57,-43,-80,-98,0,40,-15,-59,44,99,63,59,28,2,48,76,15,-87,-24,16,-80,48,-45,31,81,-25,87,-3,-27,80,-41,-92,-100,53,78,82,86,1,-75,12,69,-30,-58,-25,87,96,68,-15,0,99,11,90,95,100,-70,95,-70,-93,67,14,-63,-41,-11,-97,23,84,19,-2
-45,-76,64,-46,89,80,70,47,79,-28,100,-55,90,-61,81,80,-100,-36,84,-38,-98,-52,36,26,33,69,-100,-6,43,-88,-70,-17,-76,47,98,76,17,-59,-58,36,47,60,74,-5,-55,29,75,-83,26,91,55,87,97,96,-76,77,36,20,57,-99,35,-14,-25,53,76,-20,0,-85,-83,53,45,94,29,24,11,-19,-87,-42,0,-92,15,-33,28,77,35,45,-81,97,93,-55,92,-59,-63,-29,-37,37,93,84,68,67,-58
11,0,88,-9,23,-7,-24,-38,-94,-78,79,32,9,-98,-13,8,98,62,-42,-37,5,-22,-96,-34,-69,62,97,-11,67,-35,9,7,99,-82,41,-27,5,-3,46,94,-40,51,76,-44,17,-58,-100,-40,10,1,-51,21,67,72,-47,50,40,16,-54,-43,84,96,-26,-99,-24,7,21,90,-65,-62,39,-55,21,-24,-100,9,-84,-25,20,-58,100,67,-13,-16,-99,63,-51,-67,-39,-43,-83,40,89,-80,-41,-71,-77,61,-15,59,25
-49,-66,-71,85,17,68,12,-82,-79,-47,-54,86,70,19,-26,15,89,-21,50,-70,77,-38,-2,-56,32,27,36,-52,-56,16,3,-11,-5,-72,94,-32,85,-27,-80,35,-6,-89,-16,-38,50,-95,18,-56,61,97,33,74,63,-27,-73,49,3,66,-94,-61,54,48,18,88,-27,-57,86,-86,95,-76,-25,15,4,-58,31,87,-2,46,-1,99,55,81,-100,70,-28,-80,7,-43,-57,-43,22,-77,-74,-86,-35,87,34,39,-21,6,99
-4,77,-42,46,19,-44,-88,-41,90,-36,-96,17,38,4,83,78,-34,34,76,-66,-94,70,-85,25,94,38,88,67,96,94,48,-56,36,-41,78,-47,77,-21,13,-71,-40,97,20,-62,-85,50,-94,-18,-40,17,96,-25,-86,-91,-60,-42,69,-79,49,7,21,92,-24,-23,-13,59,49,30,88,26,-66,84,-86,73,-47,-18,-60,-36,63,-76,78,82,55,-59,-41,-15,-53,100,-33,38,70,-20,4,-25,-24,-61,-47,-22,66,56,24
77,11,-45,4,-86,-33,-27,46,93,100,48,-64,-9,45,75,-86,68,5,-95,88,17,-69,10,-26,94,-58,12,81,100,-31,3,-11,95,94,-99,-51,-20,45,49,-57,-81,-52,-40,26,-75,28,44,-31,96,-62,-52,-61,-54,25,-26,-65,73,90,79,-18,82,-46,45,-93,-56,27,93,7,59,61,-92,-30,6,96,-66,-23,-67,-14,32,12,-67,43,-14,-42,-10,31,-23,-50,-83,30,57,11,-10,-10,47,93,-75,57,57,52,60
42,16,84,-49,-95,33,-61,17,74,-2,-64,100,-20,30,-93,-12,-95,52,76,6,15,91,89,-5,78,3,-32,41,-77,-13,-99,28,-33,-4,73,-63,-9,38,-24,55,7,-80,69,-15,68,88,-8,-96,64,-18,-38,87,-21,14,-35,-79,65,27,-43,-81,-19,2,-50,-33,99,-6,-83,-5,-50,52,44,-69,-45,80,-37,-2,-89,-7,8,32,-97,-95,60,36,62,-65,-21,-46,33,-2,60,-50,-33,10,38,15,76,96,53,-7,-80
67,40,-14,-30,99,-45,22,96,68,-90,49,-92,-79,68,-42,37,2,11,47,-72,-74,-73,8,3,3,-45,33,-26,-100,92,49,-76,6,-66,2,-61,-20,-75,-80,76,18,61,-27,-29,83,-93,-62,-47,7,48,4,71,-45,-55,-69,86,36,45,-7,-24,3,-88,-92,-87,-97,-36,78,-46,15,16,-41,-69,35,67,-82,-54,-81,82,-11,-84,70,3,-85,93,-70,-56,27,59,50,68,84,81,100,-36,-34,46,-37,-99,-95,55,16
82,-10,91,-78,-74,98,47,38,-80,12,-35,-74,-18,-70,-42,62,-46,-75,100,-71,0,8,14,-4,21,25,82,58,34,69,-82,-11,26,-31,-9,-41,-95,59,94,29,41,32,3,-20,22,-37,-48,-2,83,72,-49,-46,-13,52,78,24,99,-42,-41,-71,-65,-43,-92,17,-68,-27,81,71,57,-38,32,-84,-47,36,94,-72,56,-68,-100,-52,80,-93,-68,30,91,-32,48,69,17,38,-10,-6,-37,-54,-95,63,76,-30,83,-39,85
-50,91,-11,44,51,14,-52,77,-6,-72,-52,71,-82,-57,-62,24,67,-100,72,31,-79,17,42,36,-20,-100,-18,80,21,-76,15,-6,-18,-91,-94,17,-24,70,-68,64,-25,99,12,-34,17,11,-54,-26,-9,14,26,-7,74,93,30,-65,59,-39,-73,-47,-29,-77,-8,-19,88,-97,-72,-58,39,-2,57,-47,46,-43,-65,49,56,-32,52,-49,21,-95,15,-15,73,69,74,-21,-61,-12,-90,59,-44,-83,83,-61,-21,-42,-73,-11,16
-6,54,21,84,100,58,-45,10,-68,98,6,45,-79,83,24,-54,18,51,30,-75,23,21,-37,31,36,16,58,-31,30,91,-80,2,53,-90,-66,33,38,6,26,-74,62,49,71,-18,65,-37,56,-78,-94,95,96,-39,-31,-39,33,88,88,-14,92,74,-32,-75,-82,36,-65,14,74,-41,7,73,66,-9,-28,-43,-15,-11,63,52,6,-42,-53,55,-32,70,82,20,-87,59,71,55,82,-71,74,76,-59,-43,-7,-10,73,-77,55
0,-17,74,84,-8,-31,8,-24,-12,83,96,-81,-45,-9,-45,-59,80,84,74,-55,-56,96,21,-55,67,-42,36,100,94,-87,-79,-80,39,80,-35,6,22,93,-52,-87,-71,-98,-36,-98,65,-94,-58,63,-84,70,-34,67,69,-59,-2,83,45,68,-42,96,-29,93,75,-44,-38,-23,99,-11,-48,-32,-80,-50,19,9,89,48,69,-89,-45,-50,-94,17,22,-9,-75,-85,-27,70,-62,-22,4,-66,10,-21,85,11,-95,73,-7,-11,43
-51,-93,32,-14,46,-33,28,-81,96,-29,-93,21,-53,95,-3,-30,81,74,23,15,23,-62,-8,84,46,46,-40,-27,75,43,-23,64,49,-67,44,-98,-24,-57,-36,95,-69,-43,81,-100,41,-45,-21,-49,31,-12,81,-52,91,100,-8,52,70,-23,34,-56,-27,-46,-25,20,-97,71,-80,13,42,-84,7,74,-42,-63,36,94,100,-27,50,15,97,-13,67,-85,69,19,-68,29,-74,-42,11,-89,-47,-28,3,17,-58,-15,-59,57,-47
60,-15,-65,-33,-68,22,-93,65,-41,-28,12,50,50,58,75,-39,-18,77,-13,62,-65,86,2,63,31,66,-94,-43,-95,68,-79,99,7,-29,77,10,-92,-33,-62,39,-72,-3,-12,-56,64,86,79,5,-45,-31,81,76,7,7,4,-93,87,63,54,-36,-20,-93,-33,-42,-17,-51,66,-88,18,9,34,-26,-61,61,50,86,-81,94,0,-64,-25,-52,-88,-57,-23,72,7,-60,78,87,55,-64,17,79,4,77,-32,66,-84,-42,-31
-47,20,-87,33,-1,57,-55,52,-26,-51,67,34,69,-54,31,-91,-14,-7,-32,98,17,-16,37,92,-58,73,13,99,-42,98,-17,-57,79,-74,28,84,96,-85,-80,-38,29,75,34,69,-24,-38,8,42,-83,-69,-71,-25,-63,-60,-20,-67,21,-52,-83,-15,-34,11,95,56,38,15,91,-71,-38,-29,14,38,87,-6,19,-76,78,-98,-22,59,3,-71,32,42,94,-60,36,-28,-42,-56,26,64,52,-54,-83,80,-91,97,-2,-56,-42
-86,-39,-13,-82,55,-59,-19,-19,-1,-64,35,-29,22,16,-96,70,71,-57,46,81,33,-43,9,-90,-16,-50,35,-94,-62,-37,-69,27,-19,-53,-56,-2,36,19,51,-79,-24,-89,85,39,18,-18,39,-79,18,-93,-60,-62,-86,-26,59,73,51,-87,15,21,-74,-71,21,-98,-3,-79,-60,50,80,13,67,-65,-60,21,-89,-43,35,68,97,4,-46,12,-14,64,54,50,-33,91,91,-55,6,-92,-65,-79,-2,66,-25,-94,96,84,-63
-38,22,-30,-71,81,-71,48,41,73,-69,-43,-1,-83,51,27,-13,56,25,30,11,15,75,-62,15,-41,51,-38,-70,28,1,8,-22,97,100,17,-60,13,-98,51,61,94,59,77,75,-92,43,-30,97,-89,-65,48,11,-78,-94,-70,29,63,-35,-85,-45,-88,32,52,28,-79,-43,-81,-5,95,9,64,-51,74,99,-5,99,-16,39,-54,-65,-4,-56,-50,33,69,-82,-56,5,-5,97,-25,-95,-76,79,92,-94,-51,65,-84,-35,12
54,46,-40,51,-40,-6,99,3,84,-73,-32,71,-46,-51,4,56,62,20,49,55,8,91,-15,-64,9,-1,-84,34,-42,4,61,91,19,24,-45,97,-30,-22,84,-85,72,-50,8,-26,78,3,57,-32,73,-97,-37,-5,23,86,33,36,-3,60,74,29,-91,79,8,33,-83,-89,-51,-31,-86,51,50,92,37,-10,-71,66,-87,-53,15,3,36,91,59,32,52,68,-22,-87,-87,36,97,10,-78,-82,8,52,-23,71,-52,-10,5
-8,-95,85,98,70,42,-53,26,8,-44,-48,41,-97,-18,-64,-62,19,-52,-25,74,72,11,-84,97,98,80,-13,76,67,1,-38,-16,91,65,-85,100,90,-38,-81,-55,-57,-23,52,-31,-89,28,-12,-67,-79,12,55,82,47,-86,38,-98,34,70,-30,28,-61,79,62,-67,-19,-83,46,88,95,17,82,26,90,-75,16,83,19,-78,20,86,48,-88,68,-25,94,55,99,65,-74,-20,-74,-54,-27,54,-67,11,-96,-84,99,72,-68
19,-51,49,67,61,-41,-77,46,33,14,-92,-93,13,-47,-57,-92,24,-68,97,52,60,72,26,30,-17,-38,87,15,-68,-65,-27,27,-55,2,26,96,93,77,-16,47,46,88,-59,-2,-91,-89,-66,71,-36,-86,9,100,-74,-8,-93,-81,-7,24,93,-62,31,-82,0,-28,-18,-18,38,-61,-41,-4,-11,47,69,-2,-54,86,52,-46,55,87,-66,-70,73,57,46,87,-95,-39,-52,28,-95,-50,-59,-60,-69,-80,-65,66,5,-86,32
-2,4,-14,34,-55,76,-9,-100,-10,-55,89,2,-88,-32,42,-63,-75,43,79,-96,-80,-25,64,-50,-58,44,62,-29,57,-67,86,2,59,42,-28,-91,-71,-26,-55,71,87,50,4,-38,-50,77,-50,4,36,-10,-16,-49,14,-32,49,-25,-78,10,100,90,-71,68,-83,-83,61,-20,-88,-41,-95,-56,-35,-22,59,14,-2,18,-85,-50,86,87,-1,4,-93,-58,-31,-83,53,-37,94,-90,56,-24,88,-54,-79,-3,84,-95,-68,-59,98
29,77,87,-59,76,-71,-20,-81,-76,-25,26,32,-2,-72,-88,-43,32,85,-50,46,-71,-64,-82,12,20,25,26,91,58,-84,-50,56,-50,64,5,32,61,84,11,-57,-27,-1,35,-38,-68,-21,-97,18,-80,-93,-37,-96,10,-99,89,-18,-36,90,-67,9,-58,24,-35,92,83,77,1,88,-96,8,-66,38,15,96,0,-87,14,54,-11,30,-39,-66,-14,80,-90,77,88,26,57,-44,-80,-53,96,-82,73,93,20,-63,-32,93,67
-72,57,25,42,-78,62,-12,-73,95,41,38,25,-80,55,-56,29,-63,-52,30,3,-79,-40,-88,89,29,17,-69,91,-73,43,75,-58,34,9,-5,-72,30,7,-24,-96,19,-11,-69,13,61,-54,-89,-41,48,53,-13,66,61,-58,-3,-38,-39,-41,-35,-26,36,75,31,25,-93,13,92,-99,-95,-74,65,23,64,-100,100,33,99,91,-28,-6,2,94,15,78,89,-12,87,-30,26,18,68,92,81,-66,49,33,-53,-28,99,-56,-37
71,-4,-2,67,99,-71,-37,-93,45,35,36,-48,-18,54,-58,-61,85,-97,49,74,2,-95,86,68,-21,44,96,8,-36,98,-93,-89,58,91,76,40,-68,-6,-27,87,-35,-22,-85,93,-40,-29,-15,94,-11,58,-42,-97,48,-93,9,-36,-81,50,10,-40,98,-35,18,41,92,-16,-64,64,62,-95,84,52,-69,-96,-40,-16,44,-99,68,-18,60,-49,-98,-67,-48,51,59,25,-88,64,-40,-69,13,-7,-78,-69,-83,66,-27,0,19
