3,-21,67,-83,-46,-8,13,13,66,-67,96,-58,-88,-50,14,-16,2,56,-30,87,-34,-69,32,-13,36,-52,42,36,-65,-91,14,-17,-9,72,38,83,-44,77,-71,-35,20,86,12,77,58,-77,-13,33,74,10,80,-83,82,20,-80,66,-90,-25,63,-61,62,90,30,-70,-40,-86,-66,-26,-17,-85,-13,70,-73,-36,-55,-41,-89,58,43,-74,37,-33,80,-67,27,-72,-4,-64,32,-49,-30,-2,-82,28,-53,-33,45,91,-16,-2,-16
79,63,-47,-55,-5,-16,-86,47,91,-15,61,-84,42,-35,12,-42,-15,89,-4,-15,17,-50,55,50,90,-41,16,-31,-98,78,-62,6,-13,-23,39,-82,22,-83,-6,-89,-5,-32,1,-94,49,-44,37,68,75,-52,85,-83,-50,-62,-60,-97,32,-38,88,-10,19,63,-23,-70,-92,26,25,15,-67,-94,-26,-99,-8,18,55,-11,53,-96,-71,27,-29,-67,-96,-73,-28,55,-48,88,6,9,62,-57,-49,94,53,47,90,-82,70,82,17
80,-66,42,11,-96,97,-9,-21,-45,3,-9,-6,-43,-80,34,83,-22,19,-7,-47,33,-35,36,-85,-83,91,-11,65,67,-79,61,-33,30,-97,50,4,-81,-87,-81,75,-8,-5,10,-71,-36,-56,-12,60,-57,-52,87,19,-23,-91,76,-2,24,-14,-28,21,13,-22,26,71,42,42,-100,-11,92,-67,85,7,-95,-8,90,-23,-95,49,23,-85,-70,-76,20,-23,51,-85,6,88,-5,31,7,37,-71,3,60,60,71,-24,-74,70,61
-15,-48,60,-83,48,16,14,-25,62,32,-88,24,-82,-52,81,-79,75,-16,-35,-3,60,88,45,66,-39,23,53,-41,90,-91,96,-8,39,35,54,-24,64,27,69,-98,-15,78,-37,-34,-70,-49,-62,90,-5,79,35,46,-13,53,-22,-96,-7,44,38,30,36,44,33,-2,43,81,9,-61,39,11,60,-39,-68,-34,-69,57,93,41,51,82,32,-46,58,42,56,72,-50,-44,56,-20,-44,57,-29,80,-89,-50,-85,-84,59,39,-8
-9,42,72,72,-96,-59,24,99,41,-45,-6,-64,0,-80,-16,92,91,92,25,85,-24,-48,-10,2,22,-70,54,19,94,-93,75,39,27,-88,52,-40,-45,-11,-26,23,-22,5,8,-4,99,-34,68,-21,-59,49,-4,-73,29,13,81,-35,-27,87,-75,25,-96,-96,3,-29,59,-82,40,100,-74,82,41,-50,74,2,-70,49,32,83,36,-35,-2,-27,78,65,-4,-8,75,67,-57,-13,19,75,-12,75,60,-96,-21,5,-81,-94,24
10,24,-78,89,31,-35,64,95,-61,85,35,69,-75,11,-5,69,46,-91,-14,-15,-18,-85,-43,2,60,-73,-65,-66,-96,14,-62,-25,-26,90,16,-91,47,-94,0,-91,-27,-67,22,-82,-70,-46,21,46,-49,55,100,-20,79,-58,53,-47,78,-89,41,-70,6,-97,-61,-71,-2,89,-35,28,87,14,-26,-34,-44,50,88,-39,-41,-76,2,-75,94,45,43,-5,-33,88,-63,-63,1,-37,-78,-60,-4,92,99,95,47,-49,-17,-14,61
32,69,70,-63,43,-7,-71,-10,99,-30,-62,56,-6,17,96,58,-44,-24,31,-45,-1,97,85,0,98,-82,-63,-28,-61,24,48,-24,97,41,37,-58,97,-21,22,90,-35,92,61,-72,88,-17,95,40,-9,41,-80,-10,11,95,31,75,-86,-60,26,-28,-88,-63,71,3,-30,83,22,99,36,89,-78,73,-12,1,81,92,3,76,44,64,-10,-80,-1,-66,-46,15,87,-72,-50,1,-86,71,-38,58,-42,-84,-71,0,76,-98,-45
6,28,97,-17,74,9,-64,84,-36,-95,-98,-49,92,51,-68,11,-30,46,-15,-26,27,-34,-21,68,-70,84,93,35,88,-3,-38,5,30,17,-97,-3,-58,-31,-87,-17,-8,66,-7,86,-41,32,56,-48,-70,38,57,99,46,59,20,-5,97,-39,12,-51,-70,75,-65,87,-55,7,92,-28,-93,71,25,32,-62,-69,-36,-71,76,77,-26,-17,31,-82,90,-3,-68,100,-10,98,0,-77,-26,-78,11,-100,-76,21,-58,-2,-19,-12,-48
6,83,-77,45,95,96,-99,64,49,-35,-50,35,-23,-89,64,68,68,8,-2,-19,71,-87,57,-75,-91,64,52,-65,-76,-62,25,-69,80,-42,80,31,-63,-26,-77,-3,27,88,63,36,23,24,49,-92,-98,18,19,-50,88,68,-29,100,-72,-34,32,-57,56,-88,-53,69,9,11,36,54,52,94,-22,35,55,-68,69,-60,-65,-25,51,-80,80,-51,47,-19,-39,62,12,54,-22,73,61,-10,-76,91,28,-74,33,-49,82,-44,-98
77,-78,70,-47,76,-7,-19,-61,-46,-43,-92,86,-28,53,-86,-15,28,-29,81,-44,-77,-47,-84,-30,80,-48,-100,-31,-96,-50,-76,-90,-27,-49,5,-52,-8,95,51,-56,24,97,2,54,-82,-24,56,-73,-72,-36,87,-31,65,70,-70,13,-56,86,-90,-59,-53,11,73,81,-28,65,85,83,-32,45,-18,80,90,82,-18,80,46,8,-39,41,96,-54,-6,77,17,49,-5,-74,-55,84,-58,37,11,-72,-18,82,45,3,-21,18,4
12,21,72,78,17,-55,92,28,-24,88,-29,34,3,3,-59,70,-48,-1,-54,-52,-9,86,-40,-91,-8,46,-55,-66,-27,87,34,0,90,-68,-21,-72,4,-89,-66,85,-14,90,91,32,-2,44,-54,98,56,-49,-40,24,1,-80,79,27,60,1,82,52,65,38,-72,49,-7,-13,-54,-23,-26,47,-43,-8,-4,-61,-44,83,82,50,-14,-39,-78,-4,-69,-42,79,-82,-52,16,-64,36,24,33,-23,-31,70,-14,14,40,40,27,44
10,8,39,66,47,-7,-24,45,-88,70,7,-22,79,-10,-52,-18,82,-29,94,-94,-14,-43,-88,-100,-62,-47,-71,2,-9,-24,95,-17,-72,-44,34,14,-39,-75,51,60,89,86,-79,-60,55,77,19,-94,44,-9,-15,11,-57,-37,66,75,-67,-85,-87,-67,86,94,-22,-64,-26,-32,-8,48,-16,65,-49,78,36,78,-64,-64,80,98,65,-5,53,47,37,46,-58,-54,17,0,56,-73,35,-85,-12,-79,-60,-79,-77,-72,29,-93,-84
32,55,48,-17,22,-95,77,-8,34,-52,99,98,79,-69,-54,-16,31,-70,85,-54,55,-63,6,-31,-42,-87,91,52,-8,0,35,53,29,92,87,-46,13,77,-29,68,-64,-72,67,-59,93,-3,-78,-99,34,73,-37,54,-24,31,-20,-29,17,75,12,35,-62,-40,-28,-31,-30,-40,-7,35,-22,-70,-39,14,57,30,-81,70,29,27,-25,47,-46,33,69,89,6,-15,94,0,-81,52,-69,24,73,54,2,-67,22,-21,-44,-27,-98
64,-24,97,84,26,-68,95,99,-42,-71,-42,86,-70,-65,-46,17,-72,-80,16,78,39,-31,22,26,60,3,-20,72,-41,-98,86,-7,-6,0,51,-40,34,-19,14,7,35,55,75,-32,39,-86,-33,63,-65,12,64,87,-43,16,-80,40,-90,-4,55,-88,-40,75,-86,84,-74,83,-53,78,52,-18,40,-2,-89,-4,-1,-19,-71,-30,-6,77,-96,-1,1,-74,-9,57,69,64,50,-47,46,-72,89,30,0,78,88,-46,96,-95,57
-23,-33,-54,-91,24,-71,84,47,-59,-43,-50,33,-75,-76,52,-31,20,-24,-62,38,55,-42,90,60,-88,62,-63,4,-96,67,66,-90,-59,-93,-40,97,85,91,-78,-15,-50,-100,54,-39,-90,8,54,-16,100,58,-80,-94,-44,-81,14,-73,-85,7,-71,81,25,94,-28,-91,-65,90,-14,-32,16,-22,-46,82,51,-98,59,96,88,36,-44,-26,100,-23,-88,-79,87,87,-65,24,-79,-95,75,98,-11,79,4,34,43,-19,27,-60,80
24,-72,9,-72,25,-33,50,34,38,-99,-50,-59,21,-9,16,17,-26,-38,61,-8,-99,-59,92,65,90,-22,-34,-8,97,-74,41,-69,16,-60,63,34,-50,92,98,56,-78,53,34,99,-63,-14,-41,9,-40,-61,-10,-48,-39,-37,23,44,-33,-91,42,-17,7,24,-40,-56,87,64,95,-16,97,-93,75,-53,31,78,-70,-27,20,-77,-51,-43,-27,18,-59,77,62,-62,-44,41,30,40,28,-19,57,24,-88,90,-22,-66,-95,68,-12
50,-100,37,-53,-73,-11,91,100,34,22,30,-83,28,54,57,-27,-51,8,-97,96,-62,-85,-48,-61,90,55,89,40,-59,97,23,98,-88,-60,44,35,-3,78,-70,96,52,-94,-73,76,-28,58,-16,-17,-4,19,-72,-93,-83,11,90,-49,79,62,-37,-34,4,-92,37,-87,36,66,-44,3,20,74,-41,50,48,-26,94,-62,-2,28,-33,4,63,98,15,-87,12,29,69,87,79,16,15,-59,79,2,51,1,-3,-80,86,-10,-16
24,-56,-72,27,-6,94,7,86,94,11,-19,45,-94,35,1,85,-36,-6,-82,-48,86,-100,26,45,-34,-86,-51,-27,-86,6,-24,82,-87,37,-45,73,-18,70,-59,-90,-21,3,-13,32,92,-48,5,-70,92,78,19,-65,-67,-38,29,0,25,-93,-75,11,1,-53,63,-74,-53,-48,-27,64,-100,38,-18,4,-32,-25,-46,-45,93,-63,-94,-19,10,-26,-13,-80,61,-34,-32,-37,-83,64,64,17,85,36,87,-89,92,56,53,3,-30
21,60,30,-35,-96,15,89,47,80,20,44,-38,58,-17,72,-80,10,96,-34,27,-79,13,56,28,-66,-40,-42,23,-24,63,-76,82,18,-10,-58,64,-63,-60,31,91,-25,-35,-1,-56,-97,80,88,84,63,-90,-82,-41,59,75,-5,48,96,-1,-77,-20,-35,-57,67,24,-48,-16,42,-17,-19,-70,88,-4,45,-96,31,67,13,-24,53,-18,61,53,-51,-7,-25,-57,91,92,8,-62,-77,28,7,-12,-50,-45,74,-37,-23,-44,-14
4,-28,-100,-11,58,-75,-55,83,-20,59,-20,94,-74,-36,-52,31,92,-25,72,-34,6,1,66,73,-31,-29,40,18,53,29,-45,-7,16,73,48,-58,22,39,-27,-63,36,23,-83,42,86,76,-9,97,-96,47,-80,62,91,-40,4,2,-91,-71,30,-56,71,57,-69,73,-58,7,-81,4,-20,-80,-49,18,35,48,-54,-92,-43,80,89,-99,54,38,70,-100,31,50,-75,37,70,85,-59,-53,-7,30,-94,-78,-65,39,-69,10,-15
98,53,-52,78,69,-51,-15,-63,-65,4,15,88,70,44,-26,-91,50,-76,40,66,-21,82,59,9,34,-60,61,-57,94,-20,-63,77,-38,51,90,-91,12,-23,-65,-38,21,-39,45,-9,95,-86,-38,-63,-52,84,94,-9,-44,-55,53,70,79,7,86,34,-15,-43,-21,-36,27,49,-5,36,-24,-67,92,-54,-71,33,39,-81,73,68,-46,-11,-24,56,-12,41,0,-13,13,60,-73,31,27,0,-43,33,-80,-12,-42,-77,-24,-21,72
55,12,6,55,97,-12,98,29,-59,-26,-21,86,70,73,-29,-25,19,-10,-77,21,-25,8,60,-34,-37,69,33,61,8,-32,-67,32,-64,-20,88,-52,-57,59,-27,-40,-33,57,83,-68,-52,85,-66,22,18,25,-75,-28,-80,26,81,70,0,20,-67,-68,25,-89,55,97,-51,-70,-75,54,0,30,41,-22,-85,-12,96,-3,71,-95,54,-85,10,25,15,77,62,-30,-67,16,78,22,89,-3,19,-67,-39,73,17,72,-64,82,74
88,-22,47,32,99,87,32,1,89,52,62,87,-61,33,-6,45,53,58,-93,96,73,-37,78,-100,-87,-79,-65,10,-61,90,17,-52,56,12,89,-95,88,-98,-69,29,73,22,-99,10,33,-37,-27,45,51,-68,-48,-50,72,35,95,28,-97,50,-86,91,-97,-58,-15,64,-3,-9,-79,-61,73,-70,75,34,-37,47,-33,41,19,41,2,-13,74,-52,57,52,-93,-98,94,-50,-48,50,42,21,54,78,-34,34,-80,77,92,-92,-55
36,81,-10,8,62,0,-40,-48,27,-59,85,66,-83,-30,-58,-13,3,-51,-78,4,-3,72,0,3,-7,-59,-57,-39,-4,-34,-82,27,-54,-29,-44,-92,61,24,-6,24,-49,87,-22,-91,82,45,-39,-31,-100,-82,-9,-23,-40,24,-91,70,-56,92,85,98,-55,9,-4,-85,9,-22,91,-64,-50,8,88,-51,49,-91,82,47,3,2,-61,-85,30,-4,20,73,51,-4,-94,-44,12,-91,-71,-51,-46,43,-54,-72,94,-5,42,-18,-70
-52,24,56,-36,-65,-15,95,95,75,-17,-71,-90,28,69,55,46,-66,-67,-94,-89,66,-68,-26,49,-89,50,-46,44,-83,71,90,-93,-13,-75,-61,-83,-64,-93,-53,-40,31,59,26,-2,-57,-73,-32,41,80,22,-90,-53,-70,-67,94,31,-26,2,95,-60,-49,33,94,-62,-3,20,1,-7,58,-79,75,-23,49,-83,72,-66,-51,93,36,-43,-12,-65,33,-72,2,30,44,-97,59,-26,-50,46,75,-15,-42,44,42,38,92,-69,-89
89,26,-91,21,-47,-10,-79,60,14,-14,-12,-83,92,88,49,-24,-60,91,-48,81,77,-64,-46,-70,74,-65,-99,52,47,46,29,14,-50,-95,36,-42,-25,-10,-27,-21,-99,78,96,60,39,63,-42,45,-62,53,-1,74,-61,-75,48,63,-97,17,28,71,90,25,-2,69,-72,-6,69,98,-79,-32,81,98,77,-5,17,85,-43,-99,-28,-56,-68,-86,96,64,21,-35,-96,-24,-54,35,-90,21,-88,-71,69,68,-33,-80,84,27,-20
58,-40,34,-28,93,-68,-77,65,40,7,99,94,66,64,60,57,-85,11,-79,-88,-64,-66,-2,-71,-65,-31,94,49,95,99,-2,42,-99,60,77,95,15,72,-74,-91,-64,-63,-44,-58,53,85,66,-27,60,-61,-70,55,-5,-47,34,-77,-14,48,-99,-18,-54,31,71,31,-29,-23,65,-29,-89,-8,10,-89,-66,-30,-10,94,-41,-19,74,10,46,78,75,98,78,-95,-25,98,-31,48,10,-58,97,-21,13,90,60,93,49,-34,-85
87,-36,87,-8,-85,57,-82,25,-79,8,4,-77,17,-32,94,-86,-59,63,-79,69,89,21,37,23,68,78,5,27,79,-33,-77,-79,84,31,80,78,55,71,-28,-32,69,14,35,99,-21,-74,16,-57,33,-2,-18,80,-36,-65,-94,15,83,-91,-92,-65,97,-68,70,55,-51,-84,-42,67,-93,6,22,64,-49,-34,-28,10,-50,-89,-71,86,8,-78,75,-21,54,8,27,-97,27,2,-58,-54,-81,99,86,-45,-5,-83,7,-88,26
-88,76,93,-77,-29,-37,-36,0,75,58,-93,97,49,-37,-55,20,-46,98,-66,-56,73,3,-91,17,20,-26,-57,4,89,-65,82,-27,49,-85,15,-85,31,34,81,-9,-56,76,-37,45,64,-99,12,-74,85,60,80,-86,76,-25,-42,-77,21,75,-8,16,42,-86,-59,13,96,13,-29,-22,-98,6,33,-31,58,71,-5,-38,40,60,12,45,-75,29,-27,-50,-31,-12,-84,-81,-23,19,-5,-7,-10,89,43,-29,75,-41,-92,-37,83
-84,39,13,-64,-71,-3,31,-58,88,1,97,28,-66,-92,-56,-44,88,63,26,53,-34,-15,92,82,-35,2,-69,-89,-98,-87,-9,79,-84,-76,66,-11,47,-90,-51,69,0,-81,76,-12,-45,-85,-68,-33,92,-65,86,-92,-99,99,63,8,94,-71,-91,43,-84,-79,98,-55,83,55,27,-43,-85,22,-65,72,54,39,69,62,-17,-5,80,-29,-74,71,-85,85,-20,-94,-83,53,-41,-12,39,19,-30,53,-84,83,72,23,15,-85,-18
-84,48,80,19,56,16,-76,87,11,-86,-78,-96,53,-84,81,32,44,100,97,3,18,24,-69,-48,20,93,9,56,0,29,82,-44,89,100,40,7,-92,65,41,5,-60,3,62,-80,66,47,4,64,10,14,-98,-2,74,14,-82,-14,100,-39,-61,-45,51,-86,18,81,-90,39,22,14,8,56,-54,-34,-92,-79,-1,43,-99,32,-69,46,11,-84,38,-80,46,-36,55,24,5,-83,-76,10,72,84,-12,-35,8,-94,31,-56,-57
84,7,53,-69,-26,-44,-87,56,90,62,-12,2,-53,65,91,49,75,92,-14,-18,84,-44,35,-60,-93,7,-21,72,-22,59,31,10,-91,-77,-85,-96,87,-21,95,52,-42,-38,59,-82,-68,34,62,-10,-7,-17,91,7,-31,79,-61,100,-95,81,57,89,78,89,-13,-26,79,11,5,-51,34,68,24,-79,49,97,46,59,5,-36,60,97,-77,-83,99,-26,71,-52,-5,-28,6,90,-9,-80,-85,-37,-82,56,-81,36,48,25,-20
-73,-54,-9,-86,33,-44,-2,-17,4,93,-37,22,-14,83,13,5,36,62,-36,16,52,14,60,-98,35,0,-69,-6,-96,89,-81,11,-63,3,75,-15,14,12,17,94,-27,-79,14,-64,-50,-5,-84,-48,-10,-71,50,10,87,9,-4,-4,13,48,56,65,72,68,-58,15,-62,-17,97,13,24,61,-49,-49,20,23,-84,69,-68,73,-77,-40,59,94,-75,68,68,77,16,-21,51,69,19,15,-93,-3,27,78,-29,-84,2,-63,12
-97,-47,-62,-30,61,76,-86,-26,-78,-67,-58,43,-93,20,-36,-2,57,-6,-81,13,-2,-13,-3,-78,62,-73,-9,52,82,-39,5,26,72,-8,64,-51,8,97,52,-74,60,-62,33,72,100,-58,27,98,87,-64,-70,94,96,25,100,51,6,18,29,30,51,81,64,85,-51,-10,76,-78,-18,-45,95,30,94,-39,-67,28,-72,27,-63,-30,38,-44,67,-99,-59,44,-18,-35,-35,-5,-77,29,19,-85,53,-42,-18,44,-69,62,-64
64,77,98,-66,-68,54,-77,80,34,99,35,89,49,22,77,96,74,-85,21,-68,-16,97,93,29,93,-75,10,97,-12,-95,16,-99,5,-22,12,-55,14,33,-26,3,-71,-33,57,91,82,-67,-58,26,41,18,-11,-68,-77,-23,-45,-66,76,5,47,53,47,22,40,81,-45,-50,3,76,92,79,1,-32,5,50,-78,-27,-35,-70,-95,-96,-78,34,62,-85,5,51,-1,-77,-80,91,99,65,1,-22,9,-78,62,-74,-90,-66,36
-26,32,-52,-1,76,-23,-88,38,-25,57,-91,50,-34,-47,-18,9,-11,-86,77,17,-70,-4,-57,-60,93,-66,-83,-40,-24,90,35,97,12,83,79,72,98,18,19,-32,-39,49,18,90,31,75,-88,-55,-91,-12,-79,64,49,41,-56,48,22,50,78,-31,-54,-2,39,35,69,55,-40,-89,61,37,70,-1,-27,36,-45,31,-36,-39,80,42,64,55,89,-13,-74,0,-39,37,8,96,-23,-95,-57,31,-44,-15,20,-44,-61,19,56
-83,19,-100,33,-15,89,-39,94,9,-51,-28,-15,-13,-69,-4,-99,-77,-26,-71,-56,-34,-68,70,88,17,-96,100,97,-53,-7,-33,-16,-75,51,-73,-70,82,-36,-37,95,-89,85,56,89,33,-40,-25,-72,-29,7,61,-46,82,10,16,-79,19,-79,84,40,69,70,27,-70,-93,13,49,-35,36,56,27,99,71,15,90,-56,-12,-78,-70,82,-97,-62,97,-36,40,-70,75,1,59,89,65,5,-26,-41,90,26,84,-25,-67,42,16
72,-86,-50,60,40,-87,-56,-52,96,84,56,-67,30,-29,-42,29,2,-84,-59,64,-34,4,83,-31,10,57,-32,-67,46,35,-72,36,73,57,-41,-59,-65,-86,90,35,64,-88,-100,53,-41,87,-16,-62,77,40,20,26,-25,-82,-42,-3,-71,98,-60,-57,-3,-91,62,2,-60,-8,-98,-73,63,-45,-74,-47,16,70,6,-59,-36,77,3,-6,-11,64,-51,-85,-50,-100,74,-78,54,20,26,-91,43,-7,80,50,17,-57,-54,-10,-15
29,28,-59,-29,86,35,-37,-60,92,50,71,73,-58,3,-93,43,70,-5,-45,48,-75,-51,99,-15,3,74,-81,73,-78,12,93,16,-23,-22,27,29,47,-49,31,81,79,-13,85,-4,61,-24,-65,-73,-50,-74,90,48,-68,5,-54,-54,-31,37,-6,40,71,-71,49,16,44,58,92,80,24,-66,57,-81,-53,-62,92,92,-54,-26,-45,-44,2,-80,10,-2,-88,-88,-47,-26,53,86,21,-44,97,4,24,60,-63,41,-99,8,47
-50,-13,-36,-61,32,39,-62,52,82,72,19,-88,9,-90,87,-37,37,-51,43,-41,8,-91,73,20,20,-83,-78,-80,-25,-33,91,84,100,36,40,-52,-19,25,78,34,-39,-96,-74,-32,68,-62,16,81,-18,90,39,97,0,98,79,85,-49,-34,4,-12,-8,-8,13,66,-41,29,-19,-35,-11,-82,60,-100,37,-43,-45,42,29,28,-20,41,11,-70,-69,60,67,-10,-83,-88,44,56,87,-54,-22,-1,-18,86,84,-48,62,76,-53
-91,-17,-67,21,1,-75,8,55,-34,86,22,-35,-90,13,68,57,99,-21,45,-29,81,40,-36,73,21,-18,18,-87,69,-67,57,-7,10,2,43,-13,61,-21,-78,85,-73,5,-89,69,80,46,95,75,-30,-91,85,80,-2,-5,-18,89,-23,48,-22,-63,-20,-21,60,-57,-32,51,-94,76,-74,-68,-68,32,32,-74,-93,-12,-52,-46,23,91,-93,27,-89,46,-24,-24,42,-44,-64,72,-24,4,-68,24,-63,24,-52,75,-71,-72,62
-35,14,76,33,85,-4,11,14,-62,-32,87,91,-57,-90,42,73,69,66,99,-83,70,90,94,38,54,-96,-1,37,15,39,21,-82,-70,-61,-12,-15,-26,99,-78,-14,-5,13,67,-100,-58,3,-76,-93,-67,-33,-39,1,-28,-66,-95,97,91,-35,-5,37,-9,41,-70,35,14,-80,-4,-86,-5,-70,81,-49,-15,-91,52,-60,-79,91,33,83,-55,-23,93,-44,-71,-53,-92,-72,-41,6,73,12,-37,-11,-75,-95,43,-28,24,15,-35
56,-89,-30,24,35,31,11,-68,30,-36,63,89,86,53,-74,-16,25,47,93,80,51,42,93,7,66,56,41,46,44,15,-45,-10,-5,31,-36,62,33,62,-67,-91,98,36,-72,-93,30,-21,7,-36,52,80,-29,84,-40,-11,-86,74,19,-34,69,41,-69,55,-80,-30,-11,-54,-66,19,76,3,-22,-12,-61,25,-66,-97,53,74,-48,-5,-9,58,-81,-79,99,-32,31,-53,-95,-94,32,-89,21,-72,96,7,89,-21,64,-42,59
-67,-52,-54,-14,100,13,2,-39,24,-26,94,19,-29,30,-55,-6,-64,27,100,-27,-48,17,-68,-89,-7,-90,-98,95,-80,-53,36,-83,-94,-81,95,-82,-48,-5,51,35,-4,-91,10,85,44,45,61,-64,52,-17,-1,66,100,19,87,37,8,-11,-92,-76,-75,30,47,-91,-69,-84,-28,16,26,29,-11,-34,95,-64,-14,86,-69,70,2,-100,-61,18,80,-40,-42,-57,20,-7,74,1,12,-63,-72,-69,92,86,53,-36,94,56,-93
5,-40,-5,28,-92,-13,-69,-86,-48,92,-53,70,-70,-2,17,51,-87,50,24,83,-16,-100,-76,-93,84,55,8,-53,-91,-84,-54,46,-92,34,-29,79,10,23,-7,-76,47,94,-72,-38,53,23,19,-34,53,61,-93,-37,-6,60,-68,-57,-29,-32,3,66,1,-4,-78,-8,-84,16,-51,25,-16,31,-95,7,-16,-95,-65,26,7,-70,-57,-58,-41,-4,-38,67,79,-57,16,-47,18,5,100,26,23,-73,87,69,-5,-84,-53,46,70
32,46,73,6,-8,-23,-86,16,99,51,48,-26,-100,45,69,78,-72,-18,-19,6,-2,-43,-58,-94,13,10,59,65,38,1,-37,-22,96,-92,-13,79,-85,59,-40,-60,-43,3,96,-67,-97,94,-4,-64,23,79,-65,-21,72,18,33,-8,19,-7,-49,-96,-77,89,57,-31,-10,-16,-92,56,81,-67,-84,55,-41,-56,-56,-16,-55,27,54,36,85,0,-27,89,60,59,97,85,-47,-10,66,-69,-99,62,-10,97,67,31,-5,53,-97
44,-37,-17,-23,59,-27,79,-19,76,-67,-28,-61,32,-25,47,91,54,-53,46,-62,28,18,-25,30,80,-47,16,13,71,69,-96,99,-58,16,-33,24,-46,52,89,-39,-3,-94,-47,-3,95,59,99,29,51,69,-70,78,99,68,22,-69,-74,-48,24,77,97,77,92,-42,-28,95,-39,41,15,-49,71,-74,97,-43,-74,-67,-96,-23,-77,-60,3,-25,-28,94,-56,-79,100,-34,-5,-29,50,-48,-64,49,64,-95,-24,17,-90,-76,-43
-86,-37,92,-86,20,42,-30,-44,-18,-89,-16,67,-47,11,-39,3,56,33,79,-84,-85,-96,-24,75,-88,-17,84,-44,90,13,-22,72,-5,91,35,5,100,24,-36,80,-24,-97,29,-5,30,83,71,-74,-17,63,61,-80,76,-65,76,-27,-98,20,46,99,95,-2,8,17,20,85,99,-88,-67,100,27,72,29,0,-65,1,59,83,68,-42,62,-72,-47,84,-35,12,76,-6,38,-12,80,-15,44,24,75,39,-87,-12,-56,-15,-82
-77,-6,-77,-19,21,-70,34,-48,-46,61,-24,-63,27,52,-93,-90,-5,-66,8,85,28,28,80,63,38,58,68,-71,98,99,53,-81,76,-99,-83,19,-88,68,-85,-62,-50,-99,34,24,28,-77,-77,48,37,-76,-96,-41,-5,2,-23,76,-98,-3,-4,74,-56,-47,84,-88,-95,54,94,22,-47,7,77,16,96,100,-55,53,98,-60,-49,6,-82,50,-2,-49,29,77,-40,-97,-13,-49,-97,68,-47,73,-26,25,-68,-17,-16,-16,-11
30,-29,16,60,-41,37,-52,81,44,-33,22,98,80,-49,-77,85,95,-63,84,-38,48,4,-9,-6,37,53,-65,15,0,-8,-2,17,-34,-89,49,57,-36,-74,25,96,-7,-57,-42,-87,65,19,82,-72,-59,-16,73,-74,-49,-60,98,2,67,89,-14,-37,50,9,-21,75,-1,-43,-66,57,-94,-62,-63,36,27,-36,46,-83,-61,27,99,-36,15,53,-42,-53,-15,-52,79,-11,-43,34,-52,94,0,57,-72,-70,24,-51,57,-20,-2
88,-49,-27,-97,14,-31,-41,-30,-58,-15,69,23,1,40,-90,-75,29,-87,-69,-95,59,-75,-93,63,20,-9,-59,-3,2,-69,-30,-71,67,15,-6,-69,-64,64,-44,-16,-100,17,-20,-37,26,54,77,-1,-27,-86,97,46,-4,46,-40,-25,39,53,13,-29,12,18,-95,84,-78,11,-2,-86,15,-30,100,9,-77,-37,37,31,-87,19,3,22,4,76,6,8,92,-99,7,-22,-9,91,82,31,-39,87,-38,52,78,53,-13,-36,-87
-62,-59,58,-6,-72,50,74,-61,-94,8,1,-28,-73,85,20,58,25,-90,65,-25,36,-18,40,77,66,56,49,91,-60,-50,-28,-46,97,-29,53,23,-90,53,-57,71,-36,89,-50,-89,34,-68,-55,63,21,63,-53,-74,80,1,22,2,-4,5,-28,22,-16,-15,-10,92,6,65,61,45,35,55,-98,47,-64,0,47,-75,40,-74,62,-53,73,-90,-44,-32,67,-26,-31,-20,65,-31,-94,-66,93,18,-92,-80,-85,100,-79,47,56
100,-82,-26,-28,7,-96,84,-16,4,-50,15,-16,49,17,88,-38,86,-23,76,29,-80,-1,68,-30,49,86,-26,66,-42,61,34,-49,-65,-19,51,-56,-85,26,33,-56,-1,-65,-48,89,-33,8,-12,19,-9,-93,-70,78,64,100,-6,-78,97,98,29,-5,-47,44,-91,21,-32,8,-99,-60,-11,-65,8,-39,22,-9,-15,-8,-5,95,4,23,29,1,-67,58,19,0,-86,-60,-81,-95,-33,-26,66,-78,-100,27,-41,25,-53,-93,37
33,41,49,24,-13,-44,17,34,-57,98,70,64,25,16,-31,-24,93,-21,100,-75,-65,-51,-32,96,-24,96,64,-92,94,-82,4,90,93,70,-69,6,-67,-93,-80,-83,-55,26,57,70,-49,20,64,-41,-16,-32,82,21,-55,97,76,17,76,-80,25,10,30,43,14,-40,79,69,-8,-63,15,98,34,60,71,-10,-91,-2,-95,28,50,-90,47,95,42,-27,82,15,-6,-30,10,-87,-98,84,39,45,-10,-81,37,-66,-61,-19,11
99,55,-15,65,35,-20,50,38,57,-17,71,-38,10,58,-100,-96,62,-7,-76,91,3,1,-76,0,-83,24,-71,-6,-46,-67,26,57,36,23,18,-11,88,29,-73,18,11,-74,27,-26,72,53,-42,20,50,12,85,11,-62,36,96,21,56,19,64,70,-8,61,70,-92,-47,27,-60,26,-48,-64,-55,96,60,67,52,-24,96,26,-63,3,-88,-13,-23,-21,91,37,44,-77,72,-73,16,97,96,-19,-65,-16,-81,54,-60,62,-39
20,50,-29,-30,47,91,18,-12,71,43,-53,-64,-53,96,-3,-22,-29,39,41,-12,-80,26,90,5,23,51,46,-67,33,83,88,-35,-15,-44,-12,28,-65,-14,-63,18,66,46,-32,-60,100,-26,-13,34,-50,61,-40,61,-65,90,92,-35,-19,50,51,-21,87,44,-97,21,-47,72,-37,97,53,6,54,-63,-82,2,-57,11,48,-24,-72,15,30,58,53,-67,31,62,-28,63,74,73,48,97,55,-47,-62,24,84,26,-57,-36,15
-44,72,-59,6,39,67,-26,48,-7,-11,-16,22,14,75,66,-96,81,10,-10,-17,-82,-99,50,-62,-65,11,-82,0,31,-51,-46,-51,30,-77,2,48,94,-60,-8,44,58,1,-12,-52,86,-28,-95,13,-81,93,-83,89,43,-7,-24,11,30,-3,-59,45,-7,-28,-30,-48,-12,-50,-49,98,53,-53,70,71,-88,-71,-71,28,39,59,-76,-43,11,-17,-88,79,-51,-43,-96,84,62,-34,95,-88,22,-68,-7,61,-45,31,-95,-76,-86
-22,8,6,55,89,-46,-56,-43,0,83,-17,78,86,73,-56,40,68,29,-80,62,91,-35,94,-69,8,49,-50,-51,18,22,49,-61,-50,46,-61,46,100,13,62,90,0,-36,61,-88,-16,-96,95,11,52,37,-95,94,-51,90,-35,16,92,71,-88,-6,-84,27,-85,-62,-5,58,-17,-9,-63,81,-86,-73,30,95,-45,53,67,-92,-84,-43,-62,-8,-93,88,12,57,16,-54,-97,-89,-83,-3,56,16,87,20,-18,-54,-45,94,-34
-89,-99,-48,84,74,61,-61,59,84,56,9,26,32,-14,-54,96,54,-87,-70,-26,-23,89,-36,98,-72,39,-36,-34,87,19,47,-22,-1,33,15,-41,-26,-35,48,84,-4,-6,-62,4,-72,-20,-76,-7,-75,68,-18,-8,70,-100,49,-42,-60,29,-29,23,63,-40,-61,15,71,76,-29,74,-54,68,74,-10,-21,-52,78,-64,37,-12,-74,62,-76,17,12,-98,96,-84,66,10,-79,65,52,1,66,-70,85,-11,-18,-39,-25,-51,-81
26,64,-45,-16,62,-43,-90,16,-56,-86,-76,8,55,58,72,-85,-59,53,-27,-13,-31,22,22,-30,57,-78,79,-43,13,58,-98,82,14,-52,70,-45,95,-38,-40,-36,55,-51,4,63,22,-99,68,-83,74,-88,-96,76,-25,-7,-87,-91,-6,10,-49,2,-12,13,-1,49,-58,-22,86,-52,-5,98,-42,78,94,-13,29,20,14,-1,-100,-30,-70,86,-53,-17,-67,-33,-56,17,-68,30,17,-27,15,-9,31,-52,-70,24,-81,-50,2
-56,-76,-3,-11,89,-83,-16,52,70,-28,27,-55,66,-47,-68,16,-90,13,-87,90,-5,-80,60,40,-51,-87,-62,-72,-26,-60,21,77,60,-91,40,-65,87,33,80,77,34,-1,-24,-51,-7,-84,-96,30,51,43,21,62,43,9,36,55,62,-20,-33,-83,83,-54,23,-65,31,70,-57,4,8,54,-83,-90,-38,-82,57,49,-32,11,0,0,-49,-93,-41,93,95,-49,-71,64,-78,-50,-32,68,-13,-18,-18,2,-27,-28,53,28,64
-49,-7,-89,90,-42,19,28,65,-62,21,-31,56,84,-14,61,-56,15,4,9,-92,64,6,59,-78,-88,78,-30,-19,89,-24,52,-60,95,81,-83,97,-97,3,9,73,-12,-56,57,30,43,-43,-36,26,98,-47,9,74,75,-79,-94,19,-72,-22,84,49,-85,64,-97,-56,61,-53,63,-45,-83,83,53,94,-2,27,-81,60,0,-78,-74,96,9,-52,39,91,-98,55,-13,28,41,61,-77,-70,9,95,-62,-26,-51,-10,-43,18,3
39,-45,13,-98,-6,33,-33,61,-10,-59,42,-42,95,-47,77,19,-30,7,-23,2,19,-39,-65,-1,-15,-24,-87,10,-25,11,-42,53,-9,-38,0,99,78,-32,-47,31,-81,28,-53,-89,50,-92,79,-97,-58,-26,3,-71,-83,-19,-33,-47,-11,-9,-97,81,94,-65,-71,99,-32,-94,55,76,-67,-11,-23,71,50,55,-10,54,92,-46,-63,-54,-82,19,-11,-97,45,42,-10,13,-67,-93,28,-55,42,-93,-54,-29,-14,-63,-38,-83,74
21,-65,47,-51,2,83,-21,-100,-27,27,-60,-26,-21,76,-94,26,-43,-36,-9,-30,82,28,-94,-21,93,48,-81,-87,-49,-93,-50,54,-43,100,19,-54,-81,-51,81,-28,32,28,93,44,20,8,22,-91,47,98,-50,84,-23,-30,-77,61,43,23,-40,-96,2,14,82,6,-85,66,41,-74,34,61,89,-1,12,-91,63,93,-5,-75,-40,49,22,-60,-29,30,71,-84,91,-80,13,61,97,26,78,39,72,-90,-77,10,42,-71,-33
-13,-46,63,-59,66,2,72,82,-15,-16,-97,-78,-80,-59,-90,68,-22,58,65,24,-16,89,8,28,30,-23,-66,-57,-72,-34,-32,-59,-53,-77,57,88,-28,-19,67,-91,-21,-81,-20,82,75,58,-28,18,12,-82,27,67,14,23,54,15,27,79,46,27,10,57,56,32,31,-7,20,21,47,7,72,47,72,63,3,99,99,74,-70,44,43,68,-1,34,33,12,-29,-5,-33,80,-49,56,-51,6,-69,30,-12,47,59,-61,-39
41,15,-55,53,-49,-89,86,66,1,61,-81,36,12,-39,19,16,55,50,1,-87,37,66,38,59,-50,-48,98,-85,-69,79,92,-53,-26,79,-71,-85,-76,-99,42,42,3,-41,-32,19,90,-97,52,-75,-100,-86,-16,65,-6,-5,-84,56,79,-29,46,93,-18,-44,49,-11,-26,82,-41,-7,-35,10,11,-40,39,-86,-91,54,-55,-52,-46,81,-17,-89,46,-72,40,-3,-32,-47,-83,58,-57,-59,-6,7,92,17,-90,-82,7,-54,-33
-97,78,-100,-21,8,-39,-40,-26,9,96,14,-11,-49,-44,-29,-97,-47,-31,-26,-62,89,69,7,-82,-14,40,-96,91,18,59,39,70,36,19,64,-47,-45,98,87,67,93,-96,-56,8,-15,39,-66,29,64,-11,-15,38,-26,97,-34,27,0,-100,-63,-36,68,40,14,19,86,26,71,-75,35,16,37,-19,-2,94,-18,75,8,-87,-96,48,46,74,-46,-64,-32,-26,22,86,11,62,9,94,87,62,-15,-68,-74,-57,-13,5,24
18,-65,-15,37,31,0,-32,-2,-19,77,-24,-30,-3,73,-99,70,71,25,25,-52,79,-42,-67,81,27,7,92,15,99,-57,-50,-32,70,-13,69,28,-62,16,28,62,-87,-40,79,0,-27,-66,-52,-24,99,-8,35,88,92,57,93,44,-62,25,60,-65,-33,65,72,-77,-5,-25,58,-71,-64,30,-77,-56,46,-59,88,-73,63,55,4,-32,36,-17,18,-89,-45,0,17,46,80,-23,-88,-97,-90,4,55,-46,-68,8,-84,50,71
-88,-23,84,-36,-54,-44,-60,-93,47,-44,-14,-99,-27,-66,-56,34,-66,-37,-42,-50,-100,45,13,57,41,7,89,-86,-62,66,40,-40,-94,92,-44,89,-64,15,15,-2,-15,-93,59,-96,5,83,72,82,-98,74,26,-59,72,-1,59,-42,-77,-28,86,9,8,52,-66,56,22,62,-90,-26,-51,-70,46,-44,21,-41,79,-89,42,-43,-96,13,80,-62,-4,69,25,67,83,2,25,-45,20,6,0,0,93,-62,7,29,73,24,53
-97,-16,51,39,-62,-58,-76,1,91,14,-69,53,-30,-65,23,-16,-45,91,69,-7,-14,-36,5,-36,49,-78,-77,-58,-75,-91,-19,85,-28,-55,-60,-75,-80,-79,44,22,-24,70,37,59,-36,49,-49,92,-53,90,-88,72,9,-95,35,-10,87,34,-17,40,-97,-95,10,74,10,52,-27,-34,-40,11,-69,88,88,93,-69,-19,19,4,-55,2,-72,-80,-99,-28,-33,100,-57,-35,-24,93,-18,80,70,81,34,-100,79,19,73,55,-75
-1,84,80,65,-86,-30,44,49,-79,8,47,60,13,4,66,51,-57,90,-7,20,-71,-76,16,97,37,92,-67,-29,-99,-24,-44,11,-18,-33,-46,86,-3,-22,-78,3,43,46,88,-34,78,37,84,-49,5,4,-56,75,-65,-97,73,-60,-66,34,13,-53,-80,-9,27,40,-87,76,61,42,94,-27,-10,-34,-83,-25,37,-71,-51,92,-28,-89,93,79,68,84,-10,41,49,83,-66,91,86,25,-90,31,11,49,11,-27,-44,99,75
-40,77,-49,40,-70,64,70,-93,-47,-21,19,-77,44,-94,41,24,40,76,-61,-92,95,-93,-91,-20,-65,-4,-17,74,0,77,-92,-58,-78,53,67,-59,-49,-99,-96,83,80,-96,-37,-39,56,-23,69,58,-87,-24,-95,-50,-46,0,14,78,4,-34,9,-23,86,88,-55,-17,-69,-89,32,-71,-68,26,-48,54,-75,76,35,80,84,-61,-38,97,-95,-76,-90,-2,58,-55,70,0,-64,95,-24,46,-82,77,26,-97,3,84,-9,-91,-45
-22,-54,97,36,95,-41,59,42,59,-52,38,-4,-61,38,-90,39,51,41,-57,54,-7,-84,65,99,97,39,-1,31,30,39,-66,63,80,-71,4,-41,-7,75,-32,64,13,41,-17,-42,67,-36,-65,-65,39,16,-52,-23,-1,38,31,-26,-60,19,-30,-22,-76,-89,89,96,29,28,-83,-99,-83,-35,-51,-29,-30,-91,43,-100,38,98,-80,-65,-12,32,-26,1,-77,-87,79,-22,34,21,98,19,80,64,-70,22,-16,63,52,-89,-71
95,75,59,95,43,62,-52,-67,-68,-28,-17,-55,17,-36,-6,72,-9,-70,-56,-36,-72,96,8,74,38,-92,43,43,70,-80,-6,97,10,-35,-83,-32,8,89,89,91,-12,10,42,34,28,-38,84,55,-85,-10,8,-44,4,-5,24,-85,97,16,-80,-92,93,-93,77,-17,14,-62,71,36,17,-88,86,-13,-93,21,-10,-90,78,-71,58,-9,-80,68,-21,61,-62,10,-80,-40,-47,-71,-90,79,95,-99,-94,55,-68,-62,84,-42,-39
-3,-20,98,18,36,44,-2,37,-64,-4,4,77,85,59,37,-45,86,-36,62,7,66,-65,-79,79,15,11,79,-10,88,-11,8,-77,-6,17,-100,41,-41,-62,60,-28,99,-32,86,7,-40,59,-63,73,92,79,-99,5,-59,-54,34,25,53,-84,74,58,-7,47,-93,-46,2,17,47,-85,39,80,27,-92,-8,29,39,18,-48,-15,46,70,-60,-97,95,6,-73,57,66,16,-20,19,24,80,-29,82,-36,-97,-6,-24,-81,31,-88
-15,-38,-17,-89,89,53,-83,-66,57,42,-87,16,37,-3,94,34,91,87,40,-58,38,-100,36,-65,8,-75,59,-58,-53,30,1,10,-22,63,48,-52,-6,35,-17,-28,28,79,99,-32,99,-52,-27,-10,-6,80,-94,100,68,11,-66,-64,82,-7,25,-28,82,-39,-83,-86,-20,-35,-25,-12,68,-38,-68,-4,42,35,32,-68,99,21,-82,73,35,-7,-9,-35,58,-72,-94,44,47,-4,-18,54,-39,7,-85,-24,-54,54,-99,57,75
53,-90,45,-47,2,-96,-22,-64,-57,-3,36,-72,-64,-16,-22,-98,-32,60,-19,86,45,-64,-15,79,-11,-6,-83,-53,8,37,82,34,-21,49,32,-14,-85,61,-92,-19,-80,58,-24,70,-12,-54,-85,63,83,-44,33,85,-33,49,11,-8,96,34,87,-42,-83,-9,-13,-81,-67,-49,75,-48,39,69,47,-96,-54,74,-25,-88,82,90,42,-13,-92,-23,70,-37,76,-88,-15,66,-45,-89,27,-25,-12,-48,18,-80,-52,87,45,-88,38
41,64,-22,88,48,-7,-78,76,82,2,-3,85,-64,-59,-80,-40,-90,2,78,67,-49,-35,-41,100,2,-13,13,-38,-99,-51,18,11,-82,85,-4,-44,-90,19,-19,71,24,68,30,-73,16,22,5,10,-10,33,33,40,67,72,-95,71,-76,-21,-99,-14,26,24,-22,-61,-28,96,92,43,43,30,-94,-60,42,64,28,-50,-16,58,22,-33,-71,83,28,-7,29,58,-85,49,94,-64,-54,-12,-27,15,10,-90,72,-5,99,51,-5
27,97,-5,78,21,16,-39,-16,-45,36,-79,13,-39,-83,51,-31,43,51,39,63,91,-41,-21,84,-26,-47,36,10,-39,79,-67,-88,100,39,91,72,-38,91,67,-75,53,40,21,67,-53,64,-71,-63,86,26,-83,80,58,-41,50,12,-96,-68,45,-27,-70,-65,-3,61,-39,-92,-88,26,-2,-47,15,28,-87,-22,-24,-92,-93,-50,39,17,74,-13,21,63,-53,-9,54,-6,81,-8,40,-11,96,-35,-59,76,39,-86,66,47,-36
-15,-97,-92,57,17,-52,-34,-62,7,44,-2,-21,69,-96,7,22,-28,2,-36,-82,-18,42,17,-55,-60,-89,36,-31,-66,11,22,32,-15,-42,62,24,-93,30,1,-91,-35,-72,-3,15,57,23,-97,79,-46,23,90,34,42,-46,72,-82,-39,40,-11,32,64,-99,40,-31,-25,-73,-85,23,45,62,1,17,90,3,-39,-47,-69,47,-59,29,34,-18,3,16,-90,99,75,38,-38,9,-57,-35,-44,96,-79,70,24,-23,-23,-84,24
-51,-7,38,-41,58,-29,-100,14,-98,60,98,43,91,60,-55,-44,41,-1,-28,33,-65,93,87,38,63,0,25,-15,-77,57,-18,-41,-22,99,-98,75,25,-51,-52,25,-44,29,28,-25,-25,82,99,-17,55,29,-50,51,-2,-2,-100,19,0,86,35,36,-32,-30,59,36,50,-98,-68,-68,-33,89,-88,-22,-69,-10,-70,-5,1,92,91,-63,1,55,27,-3,94,85,-66,17,89,49,-41,-1,-53,39,38,69,89,-64,-91,-18,-100
-8,-31,91,35,-81,19,-61,100,29,-87,38,30,96,-90,-72,-73,-85,-33,66,-35,12,-71,55,44,-81,76,53,22,85,77,94,80,-81,99,-19,41,46,83,-57,-64,-3,25,35,80,29,-47,8,-94,-55,19,-20,28,37,100,4,85,59,-87,-11,-14,-20,-95,9,18,38,-3,-29,-23,-84,-19,-30,22,65,68,-51,18,46,77,-5,35,-28,72,-82,-76,-86,72,-62,21,-48,41,8,-71,-81,28,42,-75,-9,70,58,9,-68
-92,84,48,-40,72,-83,17,-96,82,95,-13,22,-86,-26,0,91,16,-47,97,-65,-70,88,43,-72,-78,-22,7,19,-91,-99,72,61,-6,55,-19,-39,-7,-13,61,-99,-89,4,-53,-63,78,-17,28,35,-52,94,75,51,14,-77,-91,-37,52,97,-62,35,-98,-49,-75,-44,49,-66,-51,-61,18,-99,-15,-86,-62,23,48,-80,49,-100,68,50,3,-34,-96,-43,24,-44,-13,-10,30,10,68,95,-76,44,-81,-10,82,81,52,-80,37
-4,0,97,64,26,-56,56,-42,99,-67,-80,-3,8,-93,90,-79,-90,100,-85,74,71,-14,-70,-97,-25,66,-15,-99,6,-7,-35,16,82,100,-11,51,72,23,48,-63,-30,9,-39,-36,-75,-67,84,-62,-48,-10,56,10,-78,87,-5,91,58,-4,-25,9,30,16,-56,11,-51,55,11,67,66,80,-93,-51,-44,-66,-9,-84,-34,48,76,87,-45,37,38,65,-64,-55,-45,76,-41,40,-71,-7,22,59,-35,44,27,23,-93,42,52
24,18,14,21,-34,-35,-41,8,-53,-51,63,20,-44,-83,63,65,0,87,91,82,5,53,10,54,-17,-11,7,68,-9,50,-93,-91,2,-3,86,-66,-71,-91,4,63,58,-66,-15,-2,13,-17,-14,-84,-1,31,93,95,37,-36,-86,-58,53,39,-72,91,-50,-82,-62,51,90,-80,44,-82,-59,-21,-54,-48,47,-39,71,91,-12,0,-13,-57,-65,24,54,-71,61,9,-1,89,17,-98,-12,47,10,31,51,65,-40,91,5,81,-73
15,-87,-5,-74,-15,-68,-75,98,32,82,37,-49,62,18,15,17,-88,-35,-89,-62,-81,51,-47,-35,-17,93,-100,-54,-57,49,99,8,-97,32,-70,-19,-52,43,-21,72,94,65,-68,81,38,76,42,-84,-80,-1,-95,-77,15,71,1,-31,38,8,-5,45,-11,-16,-71,-54,6,-1,-34,-57,39,-89,2,80,-60,56,52,-66,60,-66,-96,-26,17,-22,15,20,17,25,30,-30,24,70,-13,10,-5,-82,-42,-29,-85,1,-6,19,42
57,33,11,-44,-29,-23,-39,59,-43,78,19,-42,-59,-45,-25,14,-22,61,-10,-50,41,88,52,5,86,64,61,24,-23,-29,-31,-28,25,18,1,63,84,-64,29,72,-19,95,-42,-12,-51,-43,99,26,-41,-91,-69,93,-58,15,92,-48,-71,62,-96,57,-68,-35,13,17,-8,-79,-54,63,-55,60,-86,-19,33,14,88,42,-43,91,38,14,63,18,11,-15,-47,61,93,-68,-94,100,-80,86,21,-13,-74,86,23,15,81,-5,-1
69,-73,76,10,-32,51,89,91,35,-29,43,86,-89,-54,-3,18,-12,2,-1,70,70,-16,79,-29,-21,30,-69,12,72,-38,-93,7,-85,62,-79,-14,36,-87,-15,71,-94,-12,-27,-46,64,-3,27,81,-77,37,-35,87,-52,65,92,36,-25,-94,-51,-6,15,-78,-10,-69,-6,2,-4,-42,72,-86,-83,-100,-42,37,22,39,-58,94,23,-21,-49,-54,-10,-49,55,-1,-12,25,-38,-90,-83,-41,-11,49,-18,93,-72,78,4,-44,-96
-89,-49,-24,-94,-89,-8,7,91,-75,89,-15,22,-60,77,30,-62,-10,1,-72,-82,90,7,-54,-8,-24,-7,26,8,-93,-41,92,-94,13,40,71,-54,-80,-5,-28,-28,-14,57,52,-52,27,16,69,-51,-8,72,55,52,91,-91,13,-75,75,85,53,52,87,16,6,31,-100,-80,-98,9,-4,25,-8,-60,17,-15,32,-40,66,93,12,77,-8,64,63,-19,-62,-29,3,-59,98,49,-81,-28,63,-32,59,-25,33,54,43,-25,71
2,78,-66,-4,37,79,0,-26,18,51,50,-58,41,70,-9,-61,-62,30,38,-70,-82,-28,-70,-67,-52,-100,13,23,54,-9,37,53,-17,-41,-1,25,-5,-7,-51,11,26,-70,-64,58,44,-30,94,26,36,95,-16,71,13,-47,74,55,41,26,60,-59,-73,-11,-28,-33,-14,39,-21,98,92,-21,-60,81,14,25,5,-46,88,-15,-72,-67,-63,-42,37,54,-51,-49,-86,-43,-83,71,-30,10,-50,95,13,-68,72,-36,-89,-32,90
29,92,2,-56,-29,83,-64,48,-96,58,-90,-48,-3,-83,-61,-20,30,52,-43,41,-60,4,47,78,82,5,-27,76,-35,-33,-91,-20,-17,48,-60,-63,67,-80,93,25,60,43,-13,-26,67,-83,98,-46,-94,87,-95,1,77,-45,46,95,14,-29,48,-44,66,82,-62,-13,10,-67,38,81,-90,20,-24,7,54,70,31,58,82,81,-92,-92,68,-19,-98,25,-100,-87,70,-19,-30,87,29,-74,49,-97,-75,49,-39,-52,41,76,-79
62,-53,-29,-72,-65,10,96,52,47,-47,-99,-26,95,-59,57,95,-87,69,-38,96,94,-98,100,-27,-59,61,-85,98,18,-21,57,-95,-34,-83,4,-47,17,-42,-96,-40,-92,34,-66,-35,0,34,-23,8,92,76,39,-90,60,-17,14,76,-65,92,77,38,-97,-10,72,-6,13,-89,79,63,-48,73,-45,33,65,19,-79,-32,-30,17,75,26,33,62,74,-33,-68,-49,-85,-72,-39,-11,-28,11,-70,96,75,69,-50,-30,-65,-93,-33
54,-97,53,-39,0,37,-56,5,-18,72,-78,-48,97,42,31,93,-16,3,-6,-81,-94,-94,-39,38,57,-74,79,-74,-98,34,12,-98,-67,26,84,-84,42,67,-18,93,61,-81,53,-48,-92,-18,80,8,-82,64,-7,88,83,29,-86,14,40,10,26,71,-17,46,95,-58,70,11,16,76,14,-61,12,-99,43,-53,92,86,69,-64,55,-8,-32,-9,-46,28,-73,16,18,81,-35,51,91,-97,59,-38,25,90,-72,-26,-73,-10,-3
-76,68,-7,23,33,-91,61,-37,90,82,-63,23,89,-39,64,46,-24,38,14,-18,-7,66,-63,2,4,17,-22,-49,-65,9,10,48,-2,42,-53,-27,-77,14,-71,63,-94,-61,40,-88,-10,-96,-29,3,-49,-30,-69,98,61,83,44,-21,11,50,-58,-9,-11,-29,-99,-77,38,-90,26,62,16,-23,-88,-68,-44,-87,66,1,57,43,14,-38,-29,87,-57,-88,85,45,-75,45,83,-80,-66,-94,56,35,24,-88,-4,-38,93,-70,-3
20,100,26,-62,71,1,-63,4,-80,-63,-81,-89,-63,-44,-56,61,7,31,-7,56,-82,2,-98,-48,-43,-66,-78,26,-31,8,-92,52,67,10,53,-13,-28,16,3,-15,68,-26,20,-77,17,31,72,-2,0,4,65,-89,10,97,-50,-53,-24,43,46,-74,10,-17,57,-68,19,50,18,92,94,3,67,50,-85,59,98,60,-12,80,-78,57,-65,16,70,12,-80,-75,98,-31,-67,-97,-89,100,14,-20,37,-9,75,86,-2,-55,81
-39,7,-97,41,50,-97,42,-10,-45,23,36,-19,35,15,-54,48,94,45,-99,-87,5,-18,49,20,-48,-75,-44,-27,20,26,-97,-36,28,-84,89,26,0,-52,-89,-59,90,61,63,24,63,-8,-24,-10,34,-82,49,-38,43,-11,98,-48,28,-44,15,-1,78,-81,-68,-59,-54,-12,12,43,79,27,-2,97,-15,73,38,35,-78,-54,-92,94,-29,59,10,67,59,84,97,61,24,-24,-24,-33,-59,-61,-31,-40,68,-56,29,70,44
42,-11,38,78,25,-72,-28,47,55,94,35,85,36,7,35,72,70,-71,-16,66,-17,93,-30,-98,65,85,66,-62,59,-93,80,57,32,-36,-7,94,-54,-96,-34,-86,-42,45,-68,65,-26,72,-68,27,95,-53,20,-96,13,43,-10,28,17,80,49,-47,65,92,93,-31,-52,68,-58,-95,-68,57,-64,-64,73,-42,-61,-8,-91,45,82,57,3,-85,-38,15,4,15,94,-13,-30,-59,-23,34,-77,-67,-96,93,81,-3,81,4,-32
-65,-64,1,-13,80,-46,-10,-66,82,84,59,100,-7,-77,-7,87,-37,-33,65,43,-18,31,87,-90,37,47,-54,95,-100,-86,-36,-26,-82,48,93,-44,31,-11,57,-17,-94,-27,32,-77,70,7,-44,83,-43,58,-23,24,83,-54,-7,27,34,62,-5,2,51,1,95,5,-58,0,-46,-94,37,-100,-74,87,-54,86,22,-86,25,6,-80,-85,73,1,-37,77,-92,-92,2,-64,17,-58,93,-36,-6,-12,-27,54,-11,-43,63,-26,98
-28,8,-9,-86,98,-98,-76,34,-66,-54,3,34,57,2,86,-99,-31,-97,-38,-39,90,-48,10,34,-41,86,-77,-42,-68,-6,45,53,86,-35,94,92,-3,-34,66,-24,0,92,-80,98,-4,69,-40,-93,-70,0,41,-95,-75,41,3,-30,-18,-18,74,32,-40,23,-29,-85,-4,-40,93,-44,26,7,-23,77,67,-81,18,-29,29,83,3,29,81,-61,73,-1,67,-32,-1,82,78,-88,-80,-94,-36,-76,29,88,-83,-15,61,-56,67
58,70,73,6,2,-28,-96,58,-74,-74,-48,-3,-7,17,20,47,54,-25,-47,-69,-71,41,46,-86,99,-3,56,56,35,0,-80,-5,58,-19,19,-10,-28,67,3,-87,22,-72,56,-14,56,-10,51,15,2,-99,-10,71,-24,-80,60,-95,-23,69,-1,-31,-5,26,78,49,48,-65,-29,-87,14,-20,28,-72,-62,-48,-68,36,77,32,-54,9,-78,63,-48,25,60,20,71,74,-61,-10,-12,-9,-8,-60,39,9,-6,39,-96,95,30
