-18,-70,8,-23,-5,-50,-76,50,57,63,30,67,48,36,-4,83,60,12,-51,-94,-18,-15,52,87,-54,-78,50,-59,-81,-10,-10,-56,-12,20,83,86,75,36,30,-96,-19,9,-21,45,-11,-64,42,61,40,-31,76,-42,-10,10,22,68,-31,-48,57,10,-6,61,65,32,91,7,5,-45,-54,-19,-42,32,-73,24,39,-32,-58,32,-64,-18,80,-43,86,26,-64,50,92,-63,-69,-35,81,-12,3,-27,-64,86,-37,-23,76,-4,-81
-90,93,3,-8,-89,4,1,21,-19,74,33,60,22,7,39,-38,35,-91,-76,-8,-62,85,63,4,5,36,27,37,23,92,55,-87,-26,32,-21,73,42,90,1,93,25,100,-2,-83,-94,-45,14,-53,-49,27,-83,8,60,-29,9,-77,-10,67,-66,10,-19,67,-98,74,31,-43,-68,96,77,71,-13,91,61,-6,85,-13,13,-34,38,2,13,59,93,-50,22,-7,26,-31,-86,32,-89,68,82,81,84,-26,11,-20,-66,-69,-17
61,16,12,20,-83,36,27,-12,76,-33,-75,30,45,-62,-14,91,40,79,-39,79,-42,76,-96,-7,-96,-97,-52,-66,-24,-69,-55,-79,-53,-53,12,-25,73,-95,53,21,-94,-63,1,-38,-49,-62,45,1,-63,-72,-44,100,-72,-79,-12,-53,-84,-76,-85,-26,77,73,-9,19,-49,-91,28,-72,67,-9,94,32,72,-76,71,81,-1,1,-43,66,79,80,-97,89,97,-66,23,87,21,-39,-3,-32,-13,-64,76,56,-85,56,3,-92,84
55,75,-66,27,-94,12,66,82,42,-30,-84,-89,-34,5,-30,-33,-81,-7,-61,-86,97,23,-50,29,22,-93,-86,31,-25,95,-9,49,37,-67,-26,28,-77,-6,39,-34,-75,-44,-13,78,-5,54,-69,49,-35,62,-40,27,-11,65,80,-23,-19,-28,-27,-6,-1,-50,97,-65,48,-52,40,58,45,-40,-48,-62,4,51,79,-60,97,3,21,78,12,-54,43,-16,75,3,-90,60,-60,62,-23,42,91,-62,44,90,-39,-74,-56,-14,26
-74,-58,7,-66,-64,-82,35,42,-66,-74,16,-52,-5,-89,-92,-75,-99,-52,-97,11,63,-98,-88,-57,-75,58,22,27,68,57,-23,-78,-88,54,-72,-17,9,-17,-68,-35,80,68,34,59,-24,13,-12,96,75,40,-90,-46,18,-5,37,25,-17,88,-38,-67,38,90,-12,50,-87,-72,65,-71,79,38,-29,41,81,76,90,15,-64,-87,-2,-78,57,34,-9,-89,40,47,-57,-4,66,44,83,-93,22,26,90,87,30,67,54,-99,-11
96,85,-92,47,74,-49,-57,-82,35,34,-80,-25,-69,22,80,61,18,33,-13,-83,56,-47,-16,-12,36,90,44,-8,-96,-24,68,49,98,-1,-51,-72,-84,22,-36,-96,-25,13,22,8,82,25,-73,53,-99,60,75,35,72,-43,-10,78,-65,-99,36,-57,-51,-11,-7,51,48,-17,-57,-98,17,-72,14,-100,-45,56,87,-86,77,-71,32,-96,41,-71,85,94,36,-57,22,-16,74,95,97,21,-88,81,-29,-82,2,-76,-29,-94,56
86,-92,-83,-93,32,96,-50,68,28,82,-30,-7,-59,15,41,-90,0,-62,76,5,-1,-25,-73,54,16,43,48,32,-11,41,-100,40,8,16,65,35,-2,2,46,-16,48,50,55,91,49,68,6,31,-11,-62,-57,65,97,-43,46,-2,88,-11,-35,7,42,-13,91,-28,5,-10,-50,58,-78,1,16,68,88,-18,94,-48,41,23,69,42,-78,-92,19,-76,-27,-50,69,-73,35,80,28,23,-76,20,8,84,-19,-11,85,-21,54
43,-22,-65,25,-12,17,-96,99,-32,-9,45,-66,5,96,64,-74,32,68,89,38,-38,-98,91,67,-86,-100,18,10,97,-40,-52,59,54,45,-93,16,14,-24,57,-99,44,95,-55,-96,-52,-9,32,87,18,65,63,16,-100,-10,60,50,20,94,-51,96,48,29,62,-75,-30,-73,64,-10,82,56,-33,-2,39,81,-43,90,56,-71,10,-2,-98,27,-18,-98,56,1,-49,-60,45,89,-38,-54,-67,91,-12,-55,-42,-5,79,-73,-1
93,-35,32,88,23,15,-40,42,-83,4,1,4,39,13,-73,-47,-95,-96,-70,-99,-79,-11,-19,-85,-3,62,-13,-90,1,-55,-75,27,35,-12,81,-78,41,-97,40,88,9,-2,75,-7,-43,34,34,90,80,-22,-69,-25,48,-78,1,-73,-66,6,-13,-69,86,96,-69,-30,-83,-60,10,-53,19,-59,80,-27,28,20,-31,-1,-93,-55,52,-4,5,98,52,-7,-54,-73,-12,-74,39,94,-43,96,94,-16,47,-65,-3,39,-14,-22,-52
68,8,-56,-74,89,-50,-28,93,-15,57,-70,15,9,-87,-45,42,-53,80,-59,56,26,-61,-56,-87,-3,-36,-35,49,-23,-88,-44,-7,-17,64,-25,73,-71,-83,-87,62,34,54,-1,-70,-52,13,-78,-82,-72,-61,-76,80,-31,-84,68,-69,23,6,-21,98,11,46,-24,-33,-90,54,-41,-13,6,-89,-29,44,-91,-4,-47,-22,-2,57,-76,-10,58,85,-82,80,76,8,59,-7,-87,-63,-78,47,-76,73,23,53,-34,92,22,12,-90
-81,8,93,13,-46,53,24,83,19,-28,-4,-13,83,50,-29,-33,-23,-100,95,-16,-22,-68,95,100,49,-41,-78,-72,-32,-95,-69,54,29,65,-88,7,-94,-50,47,-35,15,48,-79,36,-17,100,35,3,4,86,98,53,-85,32,82,-93,30,43,100,3,-49,87,39,26,21,78,-79,87,86,12,-7,-91,17,-11,-62,-50,1,-21,55,6,17,-97,-77,26,-33,-20,36,26,3,11,54,35,-26,81,-30,-5,-70,-35,-12,42,-65
-27,-72,-52,2,30,80,15,87,-50,94,25,71,54,-6,42,-71,-84,-74,2,62,17,83,88,87,-80,-46,55,66,-67,-79,28,-27,-38,-9,-98,-39,55,-72,85,61,25,23,3,-19,18,31,4,40,84,-87,-25,5,-92,8,-4,21,-59,-63,-56,-60,78,-60,81,-88,91,-20,-37,87,-21,-85,-84,-28,-32,63,67,17,-50,58,11,46,-20,-87,16,-12,42,-82,-49,-79,-73,72,-15,53,44,77,0,-30,54,-70,-89,-22,20
92,57,23,-17,21,38,55,-75,-64,-68,71,89,-58,-59,-17,-40,13,100,-1,-64,44,-58,8,-22,-76,39,-31,-80,75,77,91,6,-16,-76,-75,94,-14,73,62,0,0,86,-5,65,-12,-50,-85,-93,41,-49,74,23,-76,84,-68,99,-88,-33,41,-60,-98,-70,45,-98,-11,-67,67,41,64,77,27,-52,99,-4,48,77,80,-83,-67,-12,-61,100,-86,-63,70,78,-3,5,35,1,57,-27,43,-81,85,-92,16,26,98,-67,11
63,86,-100,25,-89,17,-32,-25,-37,-56,3,58,73,-6,41,-14,67,51,93,-8,33,-56,-50,42,51,-61,-13,-79,95,-89,-68,57,-36,43,80,75,-93,78,94,-12,74,-90,4,-29,8,-20,9,-28,48,-2,5,23,37,-33,38,56,16,-84,98,-25,-92,90,30,-20,33,47,21,-25,95,75,24,30,30,-77,-68,-6,-75,-40,-56,-12,-67,49,75,-50,-16,100,-39,-93,-77,50,-81,92,25,-16,9,-57,-54,-86,-42,-91,24
-56,67,-89,-76,-10,79,-21,82,50,-20,42,-36,-88,-4,-14,-55,-42,-21,-95,40,-38,76,14,-50,-26,24,5,-10,-9,-28,-18,3,-14,1,-83,23,16,67,-100,13,-13,90,-31,34,55,-56,55,-60,-30,-63,-59,-26,15,-99,33,0,-58,24,-89,64,-37,-51,83,89,98,-66,15,-38,9,-68,84,-52,-87,-100,-77,92,42,-26,30,88,7,58,88,59,-77,3,-9,-76,27,-16,58,-51,-73,8,-70,-65,-61,46,96,44,94
36,41,45,-45,-56,-85,-3,-3,95,-12,19,-19,11,58,-55,-15,26,30,26,66,30,59,47,-19,12,-14,64,4,14,-42,-6,17,-95,31,43,-5,8,41,-82,-13,32,-27,-48,43,-31,3,29,71,-52,51,-31,64,16,-76,-47,89,27,-8,-1,-56,12,-14,37,-88,-8,90,50,-6,-6,-90,80,-76,-35,54,75,51,28,31,-47,-59,-2,-81,43,-46,-90,39,-41,-7,13,47,-16,58,80,-34,-55,69,-47,16,93,-39,70
15,46,47,-64,20,-74,82,-48,42,-38,-90,19,-82,28,-46,34,28,-2,41,-40,-32,49,8,94,60,86,10,82,18,-22,-69,53,-16,1,-30,-29,-84,20,58,5,61,86,2,-79,-84,20,-78,90,2,-44,61,-23,45,-28,-69,-28,72,0,90,41,-78,35,-73,38,-76,31,-53,-54,-42,77,40,-70,57,-70,23,34,-80,-27,54,67,-51,-99,-95,14,-9,-78,85,7,-69,94,-28,-57,-72,10,-31,-29,24,37,-16,81,32
79,-93,-76,-10,-58,-33,25,-31,-77,88,0,-84,-73,-92,-30,26,-52,-7,-53,92,-52,-40,-7,-97,-40,41,-6,-61,-42,5,-65,-80,-70,53,-80,60,-25,48,-22,-36,9,-71,-96,-90,2,-63,69,-87,59,89,-15,74,72,-32,-85,20,-44,67,75,-98,-46,13,39,100,-34,33,72,73,-83,59,-50,-50,-16,35,11,-49,83,84,-4,80,61,-18,53,-4,-7,-57,67,62,-17,52,-63,20,91,-55,-59,-91,-65,27,-40,6,-2
29,-3,12,60,0,36,-76,-5,-82,67,-37,29,26,86,-68,28,51,6,83,-46,25,7,-16,-35,-6,51,96,-2,56,85,66,-30,11,61,-94,-57,-60,-40,-56,-9,3,77,-83,-7,29,40,58,9,0,83,-66,-34,-87,78,-4,-36,38,-68,-60,-6,-71,-87,34,-95,-50,-84,9,69,-19,-50,-83,-87,-98,7,-19,14,-34,-10,-59,-40,98,-56,27,-57,87,58,69,-2,64,-64,-68,11,70,83,24,43,-7,31,-98,-87,-5
46,-80,-50,54,93,99,-69,20,-70,49,50,1,63,-90,-95,-21,-39,73,-29,-26,-8,14,56,-55,42,64,22,-13,-61,-44,-27,-82,-76,-77,-25,-76,-54,59,62,-53,-70,-45,-41,-87,-42,-39,-59,-71,-25,-63,-84,-26,87,-13,-27,46,-100,89,76,57,76,19,-38,-23,25,34,-39,-87,49,92,11,-30,98,50,-81,48,-95,60,48,-91,21,91,-90,11,29,-83,77,94,72,-37,-32,12,86,-21,-62,-64,18,13,98,77,15
-17,-71,88,28,37,-83,37,77,-31,-30,42,-71,82,-57,81,-77,93,68,73,-95,61,-83,67,-73,42,-15,40,67,-6,-45,-64,32,7,-22,83,-35,59,15,77,92,70,-59,83,62,55,-22,-4,-6,-63,25,-96,-40,-70,-16,98,37,-73,-45,3,63,-31,-19,82,-8,25,-4,-83,22,82,-70,-75,21,0,64,14,58,27,73,62,-63,50,-40,-49,80,52,68,70,67,-76,-21,-51,-31,14,80,-33,-38,-17,-41,-44,25,60
6,-100,-71,-28,-72,-94,-48,0,-100,-34,58,-49,78,-6,-61,100,43,47,82,-44,87,-96,14,43,73,-73,-22,78,-9,-80,-86,-10,50,99,-81,74,39,86,-3,-24,-70,-14,-49,-69,-77,-35,76,-87,80,-62,-16,87,-6,-60,-69,25,-62,10,-9,-79,-88,-29,-97,-94,41,-61,49,-56,-46,-97,-29,-64,-20,-64,-58,77,57,-35,17,-55,-33,-69,-53,52,-27,-86,58,-94,-88,-40,32,-35,35,-57,-79,64,73,-52,55,-50,-65
83,69,34,11,25,29,44,-90,8,-73,-2,-90,75,9,50,-65,-21,23,75,-40,-27,23,-11,-91,-95,-94,-55,39,65,-48,57,88,71,15,1,-40,11,-85,28,58,10,-82,92,57,10,-95,49,87,63,-62,-60,95,-28,-100,17,-71,-15,-52,-93,90,14,-19,-37,6,-41,-42,65,92,36,-62,0,1,64,-69,-73,39,-35,-84,59,-5,-51,15,-3,-73,83,98,53,38,64,12,-52,-84,42,-52,98,78,-89,29,61,-54,-3
100,29,-3,-89,89,48,93,-22,89,76,-92,84,11,-83,92,2,-20,32,-56,24,48,-30,-25,-10,-68,3,-79,83,58,25,-32,87,-48,74,-47,33,65,16,-68,-15,25,58,-1,-31,-12,-57,77,-35,88,50,-66,76,63,-71,-33,21,-86,86,62,-34,99,42,41,8,66,81,39,59,-49,-35,-27,-63,-18,-81,-70,89,92,87,87,73,86,-91,46,71,-82,-81,-18,21,86,-90,68,-42,65,74,41,25,82,25,29,-26,-64
-23,-64,-27,41,77,28,56,-59,49,-30,-37,1,-42,69,-12,-31,30,-73,-27,-48,79,68,-95,14,-31,23,1,7,52,76,9,35,32,-39,26,57,14,49,70,43,-25,57,57,-25,59,2,45,84,67,-45,-96,22,-51,0,-80,-90,-52,-77,-70,-35,-98,-87,-18,11,3,-60,-80,15,0,-52,-89,-2,99,-70,68,28,16,-38,-3,-41,-8,92,70,26,27,57,-49,-76,29,17,-60,-82,38,46,99,93,-62,33,71,32,62
-96,-4,11,-34,44,14,-34,-13,95,-44,-39,-80,-91,-81,47,57,95,37,14,-12,96,42,-96,-71,-85,-62,27,-94,11,67,73,-83,3,-94,77,-30,68,78,5,-85,-20,9,-37,38,84,57,35,63,-81,55,64,-81,-73,-70,-20,-84,-19,22,16,74,27,-24,60,30,-41,-94,-72,86,55,-75,-56,86,-14,24,-45,-83,48,64,-83,-94,-28,16,-72,-19,-28,70,-10,67,-38,-66,0,35,-44,-40,-50,-30,-95,-32,57,6,18
21,-22,7,-93,-16,-24,27,-28,7,15,-84,-76,-14,-80,-27,39,-60,-34,-36,77,66,95,-68,-3,-13,-99,-36,21,56,-85,-37,-35,-15,36,26,-2,-29,45,-7,27,52,79,-42,-84,35,24,-93,22,8,-44,-28,-43,-15,52,55,61,84,-16,14,79,60,8,21,88,-56,-19,60,97,25,-31,-83,-47,-90,48,-21,-58,-97,-75,89,37,27,-50,87,80,-92,-32,17,10,19,-85,68,-82,90,100,-64,-96,-60,-44,-37,37,-77
-18,50,-17,-89,-33,-66,-89,6,75,81,11,65,-66,-34,-8,-95,72,-42,-20,-60,-26,60,-79,83,-72,-59,-35,44,29,-90,18,-91,-18,4,-32,-41,-53,-75,-98,73,60,-65,86,-50,-85,-46,-82,-4,-14,13,92,-63,-88,-8,95,-60,-98,13,-46,88,13,77,67,-74,-21,-84,-86,-31,34,-50,49,53,-61,-56,-31,-49,-4,59,-82,18,-44,-4,70,81,-41,61,-20,-89,64,-65,40,94,32,86,-8,64,54,94,-39,18,58
76,46,49,11,95,10,-88,97,89,-22,-62,-40,66,-33,-25,15,-11,83,29,12,1,-40,10,-20,-59,-68,-97,-7,-31,-93,81,60,-6,-1,4,-74,2,84,-16,-19,-47,-74,-9,78,70,-69,-65,-74,-50,-97,-53,-19,5,-86,82,-80,-64,-58,95,-64,9,-24,-74,-5,0,-71,-84,23,-8,83,-41,-90,-33,-67,-54,-50,44,44,68,98,47,-57,-43,98,-62,-76,-61,71,71,-30,80,93,11,99,-33,1,18,-23,-6,84,76
-68,67,15,-12,24,87,30,-18,-71,-84,-47,9,44,11,52,97,53,-43,-34,15,-75,90,70,-16,-84,-13,-46,21,57,15,-42,-68,-13,-41,-3,-90,-67,49,82,-82,89,-50,-100,-7,-20,37,83,-37,-7,30,40,-97,-96,-76,39,-2,70,69,2,55,88,-17,63,-70,-53,-80,-75,-59,-24,1,-16,53,-95,36,-74,-31,-65,97,42,-49,-98,-48,-15,-9,69,59,27,-11,-49,1,-43,-79,22,-64,-12,-82,20,-78,49,72,-27
-60,-82,44,-94,-34,-4,-97,-31,-70,51,96,-10,62,-89,71,-43,-28,-49,-37,-85,-31,46,-55,-1,47,40,82,-81,-83,-10,65,-99,91,-4,-88,24,6,22,-49,-26,-15,26,73,88,19,-34,63,-5,-47,-50,11,28,41,61,50,-87,-86,-92,68,59,-65,-27,-81,-70,54,-19,19,-12,33,67,-4,100,-91,66,-98,66,76,-22,-83,13,53,-86,30,22,-26,56,31,-97,-72,-81,91,-55,-79,61,-56,48,22,-50,-14,-97,-1
15,-37,7,-92,-87,22,5,-44,66,-13,-47,-97,43,-30,9,43,32,-96,-4,50,-24,-83,77,99,6,60,-74,-62,22,2,35,55,66,-29,-91,55,-54,96,89,0,-5,-34,91,-8,51,31,-13,13,57,90,-4,-52,57,-33,-79,62,84,16,-46,-5,-43,50,-54,-19,-98,36,62,0,-58,73,25,95,47,-34,-47,7,73,26,77,-75,46,11,53,1,99,56,31,-91,-39,-52,10,15,-7,-68,-28,-27,61,3,92,-25,-34
71,68,-60,93,80,97,92,-63,-73,47,58,90,-7,77,32,-82,-51,-80,83,-49,25,-25,13,29,-87,99,81,71,-49,-23,-54,38,3,7,-86,0,-38,-46,-31,-22,-87,93,-27,-54,3,-16,-83,-52,61,-23,96,57,-91,-33,-87,34,89,-39,62,63,0,-61,89,58,28,-29,37,-89,5,44,32,5,-60,6,10,-91,-3,71,62,84,41,33,42,-61,67,-66,39,-50,-50,-10,-34,58,-80,-80,94,-78,-25,4,-4,57,-92
-40,-57,38,-22,93,59,-18,3,-69,50,70,93,38,-61,59,2,48,-22,-85,-76,30,12,41,21,35,-52,-47,-65,-64,34,-61,31,-25,8,-88,-82,45,63,53,-22,7,-49,-63,83,-20,34,14,-89,23,54,37,77,27,85,-15,-97,-1,56,18,69,-12,-48,70,98,6,56,5,83,17,15,38,37,-14,71,-19,-50,-23,10,79,-83,63,99,33,-46,-95,-13,42,73,-26,85,-63,39,-32,-90,-1,86,-92,-22,58,2,-50
-14,-78,34,-70,88,28,81,-72,79,75,73,64,35,78,-29,-29,-63,-77,17,-100,-80,-49,-80,99,-36,38,-9,-15,-76,31,28,-46,81,90,-55,78,42,92,-2,-29,-58,-7,21,87,-6,84,82,7,-45,-99,2,-18,-46,-81,67,95,-58,-64,57,-1,-100,-93,-33,-15,42,-9,91,-80,-71,-18,79,75,-86,-93,53,85,-10,11,37,23,79,-5,-74,-39,79,98,48,32,-60,-42,-59,46,51,33,91,83,-80,-97,82,83,32
72,16,-6,70,99,-6,12,53,-70,94,-15,75,39,13,-18,-37,77,-68,11,-30,-83,64,64,-32,39,-12,-43,-12,77,-47,-90,-52,93,72,-40,23,87,68,20,20,36,-99,7,89,12,93,-41,-18,82,20,16,-86,18,-44,-44,-26,28,60,-52,33,-68,-65,91,46,-60,78,-8,59,86,3,-71,51,40,-89,-76,23,-53,-30,-52,-69,90,-42,61,-20,-99,9,86,38,8,98,99,93,-44,-87,-13,-53,-36,49,-62,-85,17
-69,26,5,27,28,94,29,46,-30,-59,54,-27,11,-80,-60,-95,3,-3,-51,-80,-78,-63,-93,-92,79,26,51,54,15,72,-2,-46,-89,-70,-55,-64,-45,-10,74,-7,-21,-57,-31,38,2,32,94,-53,74,9,70,53,89,-19,-5,83,-44,49,10,-23,-45,30,5,87,82,97,-4,35,-68,64,-83,75,-76,90,-78,63,59,18,59,-96,-76,-34,33,-98,-63,-71,26,81,-75,-14,-22,-47,64,-67,12,-28,65,100,-3,11,26
-70,24,25,-72,-53,22,-15,-20,-54,-67,-85,89,69,-35,12,-14,55,10,-58,1,63,-62,24,19,93,12,47,39,-22,-18,-87,-64,-98,-14,-25,28,-80,-28,-98,-99,-14,-79,-37,40,-72,60,-51,54,-72,-28,63,-24,87,17,14,-52,72,-26,-56,5,96,-12,-29,-88,-47,2,-6,-25,42,-14,-76,9,-50,-69,3,70,-77,-27,27,88,69,95,-13,26,76,30,24,91,-40,-53,77,-76,-4,-65,-48,72,28,-8,-53,-14,-85
25,23,94,100,44,16,-34,12,44,41,-44,79,-80,22,5,92,-95,-84,33,54,21,93,-45,95,-30,-48,-35,-12,48,100,5,62,-37,-61,0,-59,-10,94,28,14,74,97,-18,-62,81,99,-96,-8,-29,100,-15,41,93,-67,-5,20,-75,-47,15,44,-30,-86,-2,70,17,9,10,-96,-24,-53,79,32,48,45,50,-66,4,-34,-33,-34,-64,-56,-20,-50,86,69,-100,-87,-93,-6,10,-82,54,21,-37,94,14,66,98,-57,-36
30,19,53,-61,-6,18,92,-68,26,85,-68,87,-90,85,26,21,-10,-43,-2,-34,14,35,55,92,-40,-22,-20,3,-45,79,-84,89,-58,-91,-76,46,-79,65,85,-74,26,97,-66,-3,48,4,-77,9,-48,8,-57,-94,-99,25,-16,29,93,12,41,-68,88,-93,31,-72,25,-60,-53,-43,85,-14,39,-80,98,-90,-34,77,-13,56,-81,11,22,-86,-14,-58,-15,-87,74,54,-61,68,-95,-83,5,-74,-52,64,68,93,45,-91,-13
10,-16,-36,78,-87,-71,4,-8,-98,-93,-70,-38,20,82,-31,-79,-59,-22,75,-59,15,56,61,-22,19,-26,-11,-51,-60,62,79,-87,5,-65,-66,62,-59,-94,62,-69,-63,52,41,26,-12,91,-10,79,-37,85,8,69,26,-57,-1,-44,36,-19,-48,33,77,-36,40,-21,89,-60,37,-73,-43,-27,-73,-46,80,-23,29,52,57,22,-64,61,59,6,-51,-63,-85,52,49,7,28,-7,25,-40,15,-26,-30,11,-77,10,27,-14,-81
36,-18,-16,2,-55,-89,64,-22,100,-53,49,-93,94,-51,-97,54,-78,46,-11,-10,-85,62,-70,7,2,93,59,75,-11,-9,-41,77,10,55,-11,-26,47,-42,42,-78,-62,8,-76,-18,41,-51,57,-66,-25,-15,100,-4,78,-85,89,65,-24,85,34,-96,-79,1,-96,-78,-51,98,-57,79,16,67,81,-19,-49,-15,54,46,9,-89,64,41,14,23,28,75,-83,-81,4,-50,4,-16,59,-84,80,88,31,-49,-17,-41,20,-5,95
49,-86,13,32,-64,75,66,-29,-41,99,-27,75,-29,55,5,-46,-69,-91,64,-21,-95,-30,8,94,62,-1,-88,92,19,62,-6,-52,65,-61,49,38,-72,23,86,89,-82,44,-77,-37,-17,-1,-88,-78,33,98,88,83,93,49,-42,40,-63,-89,26,-36,-44,-37,-29,-18,-96,-85,37,-69,50,-89,27,-97,-29,-2,65,2,-73,1,21,-25,74,94,18,-11,-32,-74,-91,50,51,82,-72,99,-6,73,-96,75,67,-28,76,-57,-49
-1,-92,76,-13,-13,-8,1,98,-14,24,-64,-83,-14,-97,-60,12,32,8,-44,-46,66,79,57,77,10,-92,-23,-79,-67,-71,27,53,-17,-24,87,28,53,63,-87,-75,-58,98,39,-61,-13,-82,26,-46,-67,-33,-54,47,-17,-65,-62,96,-78,76,-41,-44,75,-30,-34,-93,72,-49,61,34,11,-78,-1,97,-49,37,-14,-89,-88,-95,-82,76,69,-60,17,88,-52,23,-96,-17,-64,16,-50,85,58,-27,20,-66,-66,-81,41,-46,15
-39,49,-93,-37,-10,-32,19,96,99,-37,-75,62,-57,-23,-39,-15,-27,-57,-37,21,-15,15,62,-5,-77,84,59,-12,84,82,-58,-78,99,31,-10,-10,95,-40,73,-32,95,20,77,-56,51,85,-58,7,-29,10,-81,-10,-22,81,59,87,78,46,71,-2,23,-25,43,93,80,-100,-61,90,37,33,94,56,-33,-43,-59,-97,-91,-23,-97,-38,-57,11,46,-48,-11,79,3,-60,-96,-80,-98,18,-77,57,15,-73,-22,-59,-61,80,-72
-14,84,90,93,65,32,-55,29,56,-3,-68,-32,-22,-46,33,-17,-25,95,-73,-46,-3,63,-33,-30,53,92,14,78,-54,-56,-61,-61,83,-10,43,100,96,-18,52,37,-100,-3,-84,68,-45,53,-98,-82,19,88,62,-30,20,17,63,-62,75,33,75,65,17,-45,39,22,-71,64,-52,-97,56,-87,32,-60,63,89,-52,70,-13,70,91,-31,85,-55,-47,68,-54,92,-21,-42,43,10,-57,-71,-74,85,60,-7,-47,44,13,-64,-65
-77,16,59,-69,-52,75,39,13,6,-99,70,-31,-80,-52,-36,25,-81,-66,-78,-19,-1,-2,71,67,58,86,96,58,-41,68,-63,65,-86,89,-60,-7,43,80,5,35,-38,-95,-33,24,83,19,-76,-60,-6,21,28,-20,46,-66,46,20,11,-47,-78,41,56,-53,61,-4,-71,-8,-1,56,-58,-14,-53,-89,60,88,1,33,-54,-63,40,-34,-78,-19,-19,-52,24,31,89,100,-50,82,-13,15,-86,-55,-91,-70,46,85,-52,-85,48
-65,-21,30,47,-28,-28,77,33,-53,-84,43,72,81,37,6,-93,-25,30,-21,-43,-85,62,54,-25,89,7,-67,51,69,-28,-5,20,-18,23,-4,84,-20,-56,81,91,21,92,33,-95,50,-48,40,2,-84,-26,-68,3,-7,-38,-92,8,47,2,59,93,90,-29,-8,97,-26,-99,18,-76,-62,82,56,88,-39,24,-40,-13,-47,27,-42,11,40,-75,-90,84,41,-46,-59,43,14,35,50,77,35,-84,33,99,81,57,-38,-80,-80
-31,-78,52,33,74,45,-16,93,-58,100,-65,-13,13,22,-2,26,73,-32,-78,-56,71,-82,-89,-40,10,-93,50,31,27,-24,-97,14,80,10,-74,-51,79,0,79,83,-38,34,-28,-40,14,55,7,-97,16,91,-76,-61,-95,19,-94,27,49,56,-24,22,-76,65,27,82,96,-62,-58,22,-6,58,-25,-96,49,-48,-7,-61,66,-39,-27,41,72,-12,30,83,-12,6,-26,27,-4,-99,76,7,-8,-69,-51,22,72,-82,-83,-51,-77
-15,49,22,53,-95,40,65,78,61,-100,-46,-38,-51,-21,-1,-98,-3,5,51,6,-7,-35,-42,-95,-29,-25,-32,-100,10,-66,8,-64,-73,31,57,46,-59,-63,-33,96,53,15,-56,-51,-46,43,34,-4,-42,-93,65,2,91,-61,-36,-69,23,-93,-5,44,24,-66,-33,55,-42,-35,-33,32,-39,4,-22,-73,76,78,40,17,-24,100,-30,75,66,-95,-26,-31,10,79,-6,29,48,12,13,42,-32,92,-56,-43,93,-80,30,-20,-36
12,-72,15,71,-25,-23,-27,30,65,85,51,85,29,-32,43,40,27,80,-23,16,-8,-54,82,-8,58,-88,-20,66,21,31,-41,-12,-53,-79,8,-79,-15,16,-59,32,-44,-68,79,-70,74,-96,32,-77,-69,66,-28,21,51,89,97,-41,-63,-72,27,-54,-24,-8,-72,-92,13,-11,-58,-10,34,-38,89,13,-4,-16,26,67,97,-58,-74,-45,-30,-12,29,-98,59,98,0,66,-40,-22,46,-94,-19,-10,-20,25,-77,23,4,65,-10
-7,-80,-30,20,-47,-23,-80,-76,-8,72,60,-91,42,63,39,-5,-22,51,3,32,-49,-85,-48,-18,-100,59,-28,-5,91,86,-80,-63,100,57,73,-65,63,46,79,100,69,7,75,7,-30,-68,-42,57,-8,32,66,-24,-4,-52,75,71,-24,-31,-18,79,-33,-94,-22,84,-23,-69,-90,49,74,72,92,-86,0,-37,28,49,-72,-95,75,-24,17,41,-66,0,70,87,46,94,94,-85,52,4,50,-63,-7,57,-86,-11,2,26,89
-77,-13,-48,72,25,-86,72,-23,66,-13,77,-15,-70,10,8,42,-15,-50,-84,98,-62,-37,55,-83,4,-59,3,75,82,-98,-70,-53,-99,-8,-60,-42,61,0,-87,18,25,-14,69,83,95,6,-59,97,-34,-27,-27,7,-50,-76,6,-100,-83,-23,-45,68,-61,-90,-63,96,-68,49,85,13,91,-23,-33,-43,-42,-88,66,-83,-36,15,81,0,64,-41,-69,-87,26,72,5,57,-42,-12,-96,38,32,-82,-55,82,-17,26,-47,55,-51
13,-22,2,-35,14,80,72,69,-69,35,10,66,53,-69,-54,-96,-75,-21,61,-40,31,24,9,78,15,12,-36,6,-32,25,-9,-64,21,-60,49,5,-35,-2,-55,62,-53,-38,-39,81,-63,32,99,-33,-46,-95,-63,-88,71,18,72,18,-69,8,70,-51,69,44,15,86,22,52,-90,35,-21,-63,-74,50,-81,-29,51,79,-24,-24,-5,-96,-61,32,-17,44,17,-65,82,58,43,53,29,99,69,89,-1,-33,-10,-76,34,27,-74
-52,37,81,-62,-33,-20,-18,54,18,29,94,-91,-5,84,1,40,-70,53,-15,35,95,-85,31,26,-73,84,95,20,23,-45,-68,58,-21,97,-28,-29,-51,-84,-54,-53,36,-52,-42,-66,-31,-67,50,-44,-36,8,-34,-88,72,25,89,-64,-87,-74,42,-58,79,9,68,-55,-49,-17,-2,12,63,-38,-16,-62,7,-87,9,38,86,-6,-81,-15,37,21,-12,86,66,93,78,24,95,-54,-45,7,-67,-67,79,-30,70,16,54,-8,-80
-57,76,-36,-30,-27,33,-7,3,77,33,-3,68,72,-60,12,3,59,34,13,-96,32,50,10,-93,-12,-1,85,40,32,-58,-59,41,-67,26,17,28,-90,34,84,56,-69,-30,44,0,44,-44,-98,-25,-4,-76,-85,1,-49,73,-30,-31,64,55,-52,-63,35,-48,-97,78,-53,-15,-36,46,-48,-42,-62,-80,-15,19,-45,69,45,27,-95,41,78,4,-59,79,35,55,-65,9,26,81,59,77,-69,-92,-85,-49,4,93,13,-77,-9
67,-52,92,-62,-67,6,26,56,77,48,-38,86,-46,-70,20,58,52,-50,-85,-49,97,-31,67,78,98,-23,11,-2,-64,-47,-72,-11,-30,-20,-68,-10,54,57,36,-67,-23,77,-39,-47,3,-23,93,-32,-85,-5,-43,-36,22,-66,-54,-74,85,-49,-3,86,-69,-92,-8,-51,-97,52,-97,28,99,98,90,50,-66,-38,-2,22,-38,19,-27,-16,40,-71,89,49,-2,71,-3,0,24,-69,57,68,80,77,-51,22,92,-75,-90,27,-8
50,-42,-28,93,-61,-37,82,68,65,1,56,19,-5,-94,-50,-91,97,-12,-50,26,-71,-79,54,41,49,-74,-99,28,-88,37,25,-38,-34,34,-56,-100,-85,97,50,-62,-99,-15,52,8,-68,41,30,69,27,-16,-88,46,14,69,-88,-24,-18,84,32,45,27,-86,-89,38,98,100,59,54,21,81,3,43,-50,60,45,-64,-63,74,41,-9,-64,-49,87,85,13,-47,-3,34,84,61,-1,-14,-27,-70,51,79,-57,-85,100,-11,11
-98,-86,-26,-17,-91,-35,29,-35,5,-50,-28,-79,-41,5,-40,-63,62,-84,91,5,-74,80,-52,68,55,3,27,-35,-49,89,-50,95,-92,14,45,-28,16,-29,-11,68,-59,-31,26,-24,-54,-91,-59,-1,-84,56,1,-44,40,75,15,49,-26,32,-6,57,-28,-89,-17,-58,76,92,-3,77,-51,7,-47,84,-84,-91,83,68,-7,-2,74,-59,97,-78,-63,26,58,-80,-34,-37,-65,85,-35,-54,-72,41,-36,-13,21,-45,98,80,39
88,100,-31,-89,12,0,-27,99,1,-94,26,83,-93,-18,56,19,-84,15,-81,-10,97,45,-61,-17,22,34,-57,-6,74,26,70,-33,95,-22,56,-59,13,-50,-79,-50,-8,-79,-81,-65,77,-21,49,-78,-55,56,-69,22,58,94,94,22,67,-84,-96,58,-39,16,-10,-22,19,41,76,68,88,-13,-16,-94,-87,14,-42,-36,49,-28,49,-53,29,-35,-41,-39,-38,-89,84,5,-89,-10,-2,-96,35,-59,25,69,-50,9,54,75,53
87,-20,94,-29,85,-48,-15,91,-73,4,-43,-51,-52,-79,0,-62,23,-19,6,-1,44,86,7,12,-17,-57,-96,1,61,35,-32,-61,87,90,1,69,-48,-36,95,-91,-66,6,-29,32,-76,-67,-20,79,-94,-85,-73,90,-77,7,24,49,-40,40,12,43,-15,-32,58,-38,-32,2,65,27,-90,-71,-6,-92,-44,41,28,-21,-55,43,-9,-60,41,-11,-65,22,-100,7,100,-92,6,61,67,-89,-14,57,-16,-81,-16,93,62,-47,-88
36,54,-90,58,-26,49,49,38,86,-59,35,-50,-80,-9,19,72,-60,74,84,-9,-29,-32,68,-30,46,85,-21,44,-79,-38,47,28,63,-73,9,-43,-28,70,16,65,64,61,-74,23,-15,29,79,-83,61,64,-78,5,78,-21,-55,-30,59,46,32,2,98,-32,98,63,-4,57,84,-34,-45,-51,8,81,-81,38,-26,-16,83,-39,-70,-38,23,84,100,12,-72,-10,-80,-61,38,7,-50,-37,-30,67,-93,-71,59,0,1,-61,-89
-49,-64,92,13,-64,17,-77,-94,-74,22,65,0,72,70,-96,-26,78,-12,-59,8,14,-1,38,-81,28,52,63,-89,82,-45,-95,53,67,97,59,24,24,-21,76,-86,27,79,-46,65,-2,9,-12,-86,-34,-99,-96,29,49,-74,76,11,-49,85,-52,43,-81,-74,-62,-35,-51,28,11,-33,-38,-96,-14,40,-32,25,-6,-19,7,-95,-27,-3,-95,-47,-76,47,-44,-5,-82,-31,8,-81,63,100,47,32,71,48,-52,-20,2,-9,37
-40,22,-35,-19,64,-63,-96,-29,-93,-100,-98,-28,-23,99,-13,-18,-5,46,-33,50,13,12,-36,-71,-68,79,-2,-83,30,-88,-87,42,27,11,-67,-21,56,-31,90,-25,14,-46,0,40,51,16,57,96,63,35,-24,44,-15,25,2,-96,-70,56,-58,-13,100,86,32,-63,-52,43,-49,57,-89,-29,-62,-9,-41,33,33,-62,-89,-60,-37,17,-38,11,22,82,-25,-33,-60,91,-13,-72,-24,32,92,0,-51,71,-8,27,63,58,-28
92,-20,-18,-7,-49,17,18,1,-92,-69,-50,60,33,96,-53,43,-82,38,-24,46,-66,-90,78,77,78,99,-56,54,19,-72,-99,-37,87,17,38,-80,4,71,5,16,-96,71,22,72,25,-74,11,-25,-34,-34,-92,-90,42,16,57,84,50,68,-33,14,-43,58,-33,23,-78,29,30,80,-53,-50,69,44,13,-72,94,1,-91,19,79,-61,7,43,38,-24,35,63,87,-51,91,3,76,-1,-14,-62,86,-90,15,-44,-5,-21,51
7,-29,43,-86,56,99,92,99,37,-1,68,-60,-61,29,17,-68,67,-58,-66,-17,-6,-36,-89,85,-5,-6,19,7,-10,72,59,66,6,-10,-55,-69,47,97,-97,13,-20,-82,52,-10,-60,79,-60,51,-92,-54,-65,100,39,-18,20,65,12,67,-75,76,32,87,-92,32,26,-41,-57,-50,59,33,-45,81,26,80,95,17,20,96,96,-42,-70,-27,-61,66,-100,56,-94,-11,98,-87,97,80,14,-88,48,90,-79,-32,40,-73,-91
-39,-4,-76,29,-32,84,8,-21,70,70,-33,-43,48,-45,-61,-82,57,7,-18,0,100,54,-80,30,-51,57,89,-27,-61,65,83,-48,28,97,12,46,-44,75,46,46,-11,19,72,86,-90,-7,-67,14,9,8,66,84,35,-41,12,54,28,61,91,55,40,-53,-11,95,31,-31,49,-91,2,70,34,-78,21,-55,52,-37,-66,-58,92,26,92,24,-25,72,-33,-64,31,-6,51,3,82,-58,-82,66,34,-67,95,99,18,-44,93
-92,77,57,-62,-36,-99,34,53,62,-59,-38,53,-37,-38,-65,70,-24,-97,52,-8,94,15,-9,69,-27,-23,-72,96,-50,-39,42,84,22,96,53,72,-55,88,36,-10,97,-68,91,54,-1,40,-72,-41,-39,62,62,14,-11,15,3,35,-25,-62,56,4,20,87,54,28,5,75,37,73,-3,-42,38,88,26,-18,-94,61,9,75,94,46,-23,36,26,-66,-100,68,7,77,94,-39,-26,-96,48,96,-33,27,15,-44,3,26,3
-11,-95,80,-50,27,50,-81,98,-81,-17,89,80,-7,52,-44,66,99,-60,-3,44,-24,-61,-51,79,-31,-29,-74,-73,-21,35,52,43,-13,67,-7,67,-14,5,9,-21,0,24,-14,-31,-4,-22,-97,65,-98,-93,56,-31,-62,-51,-62,81,3,-70,-91,-14,65,17,18,-57,-82,59,-5,36,14,88,-52,44,-12,15,91,9,15,39,-9,-76,31,82,9,52,39,99,9,-16,-47,15,13,-68,19,-31,-21,-37,-69,-37,-23,-25,0
-28,23,-37,7,-35,64,63,99,29,25,30,-85,43,-21,96,17,-84,-47,46,-28,35,90,37,46,48,-15,-30,69,-29,-67,-48,79,49,-44,-66,51,26,-12,94,90,-14,-29,93,49,44,19,-33,-79,80,9,6,67,39,-8,-66,99,98,-93,36,97,10,7,-36,46,33,-23,53,-32,-36,-73,27,49,85,-23,-54,55,27,-73,12,-14,-51,92,-70,-9,9,-69,72,66,15,-34,45,76,41,12,-53,-77,44,-3,96,64,-94
76,-9,39,-71,-13,4,-17,97,-28,81,-47,21,-51,35,-14,-95,79,46,-74,-65,-3,66,28,3,54,-96,62,-9,76,-72,-16,-87,-62,-74,-24,87,-94,-68,-83,-43,-77,83,-18,-8,-33,-97,54,-8,-80,-71,89,78,35,99,-61,36,70,29,76,-29,-90,-48,-44,10,-22,-45,86,15,52,-63,44,45,-66,-79,19,-16,-55,91,-2,-20,12,72,-41,-34,18,-40,-89,11,61,-90,58,30,-57,-45,21,-32,-49,-21,16,15,78
-51,37,-78,68,-99,-23,-91,-43,89,-42,71,7,-62,-89,-42,-35,86,48,-96,11,86,-7,72,10,28,44,-81,42,-52,-77,88,-24,-34,-2,-66,28,4,-100,-34,26,-91,-15,-13,22,45,-22,-15,13,51,99,80,44,87,42,56,85,-50,79,43,7,36,-53,56,-39,11,-94,71,-63,31,-37,-57,-77,5,-25,-52,53,27,-34,-26,88,56,29,12,-11,67,97,8,-65,10,-100,-47,41,-29,-63,38,97,-32,-74,-87,10,-12
23,-13,61,-51,74,-69,21,81,-46,81,24,97,97,-72,-75,-58,15,-83,57,-54,-7,-58,77,73,-24,51,34,-32,-31,-97,34,-10,-40,-48,17,-16,70,52,-72,-87,-20,-64,-39,40,85,-5,-46,74,86,-76,40,-92,69,-64,40,-68,-77,27,59,-5,-37,-42,-35,51,52,-24,79,3,-81,-80,-32,-27,98,-22,-98,-82,86,46,63,87,8,-38,-50,-61,-21,-79,-39,91,-58,-17,-49,58,58,75,-71,-12,71,96,57,-23,15
-30,-5,89,95,-26,10,-9,-20,-88,-69,-17,13,63,-2,-34,-22,60,-76,-76,-89,-77,-32,92,19,-64,63,-61,85,35,84,-22,10,-43,21,-96,-45,92,47,-17,-52,-2,56,77,-58,45,-85,-80,-97,71,98,-63,24,-96,67,-6,-95,-35,93,55,93,-50,85,75,-96,96,-20,-66,-99,-88,-70,-66,95,63,100,72,49,-67,-53,-48,5,58,94,85,72,-41,-3,-84,-68,-99,56,40,-19,-24,79,-8,71,-17,-6,-71,64,29
41,-86,-46,70,59,100,86,-62,62,-99,-82,21,-52,-99,83,-70,27,60,-94,93,35,82,-50,-31,99,92,2,-96,-59,32,-80,-17,91,48,-73,67,-90,68,16,-60,57,99,-81,29,57,40,16,11,-19,-35,-74,34,-81,-18,-91,70,-16,-72,72,76,54,-61,-40,-98,68,36,-62,52,30,-89,32,-90,23,6,-26,-37,-95,59,7,15,39,52,96,2,39,65,-69,-38,-13,28,-79,73,91,31,89,91,-57,68,-80,-80,94
68,-39,5,31,26,16,52,-7,49,-18,-4,38,12,51,73,97,-70,5,-90,-71,33,-64,-1,56,64,-99,-12,21,76,-14,3,71,-30,-84,3,-97,-41,67,-45,-44,35,38,36,-55,64,16,-24,54,-81,47,-78,19,-65,55,-93,-70,75,-62,9,-92,-41,90,-17,-88,78,10,91,71,-28,-49,-62,-41,-31,79,62,52,-56,-1,80,-29,-64,-6,78,47,-6,-82,-28,-55,-6,-83,-36,82,55,72,-12,-39,-38,95,73,-91,-43
-77,-45,-98,-48,-46,-27,-68,6,-97,-68,-77,18,53,-11,33,-7,73,-83,-75,3,16,28,90,-23,52,4,43,-52,-33,-24,-21,-25,52,98,-62,39,18,-82,83,-99,77,-35,-56,95,99,26,-80,43,0,-15,28,84,7,10,21,8,-98,28,69,95,36,100,70,86,74,-5,-42,-41,90,-46,-3,-36,-75,44,-45,55,11,20,92,-51,79,82,37,15,18,-51,25,-15,89,52,26,-11,2,-33,-73,-61,-18,41,27,-23,37
-28,22,65,64,-72,48,-81,-36,19,16,-73,6,-71,-79,-20,10,45,-72,71,82,-62,-40,-100,32,23,-96,23,-36,-93,60,-32,-61,-51,-78,37,-26,69,-9,-84,22,-78,-2,-17,-44,13,-79,-65,38,22,83,-5,34,-71,-64,40,-2,90,3,-12,-96,-36,70,-85,79,-79,-79,56,24,-18,-100,-89,84,-60,85,-90,-92,95,69,-91,-36,74,91,100,-66,-93,-63,-49,-6,48,-72,-35,-54,58,-90,-13,13,79,-56,-66,-69,67
61,-78,-7,-66,-26,61,69,90,-47,-40,-36,-58,59,44,-24,-96,10,-23,4,-97,-48,-38,-79,19,-61,-58,93,-88,76,88,65,-11,-10,13,-60,54,18,-17,51,79,97,-67,48,46,29,-89,-53,-55,97,1,-80,63,45,97,4,9,69,-15,-57,80,-39,-62,-74,20,-37,-61,-15,-67,71,13,-8,-79,-30,-78,-29,-2,10,-25,70,-85,-28,-25,-14,51,99,-19,99,60,8,-17,58,49,3,31,-90,-4,-26,95,-66,26,-29
-54,-95,-55,-16,-7,53,82,9,-49,-66,30,72,-46,-92,-74,-25,2,4,98,90,-8,32,40,-57,48,-97,-42,-31,88,-41,-91,-60,61,19,61,-35,68,48,-10,-92,81,-52,75,-39,-79,-94,-41,-46,11,-84,3,80,79,97,31,-17,73,35,79,-53,2,-15,84,-64,23,-63,17,-93,-69,-33,86,-34,-91,-1,-5,-38,63,-84,19,-100,-68,60,87,18,81,31,-31,-13,-98,-48,-85,10,2,90,-82,26,7,-60,-80,-38,-8
-99,89,-45,26,-14,-6,72,-44,-92,-9,-15,-36,41,62,35,34,96,-28,-19,27,-91,54,68,-47,15,25,74,15,-16,51,-79,19,78,-93,-15,-66,47,67,22,-31,22,35,69,-25,95,-40,37,25,-100,42,-12,73,45,78,-23,39,22,-19,44,-59,81,-3,91,-95,38,-56,-24,35,23,-70,54,98,-87,35,-34,73,98,61,24,50,65,-87,57,88,-54,15,59,-77,-39,33,49,53,5,-56,36,39,-61,53,30,-45,76
84,22,-7,28,19,-2,-71,-39,53,75,17,-17,-95,-70,-49,97,-9,-73,-74,67,72,29,-9,15,42,82,88,6,60,-42,-57,90,74,-96,-56,-70,-5,32,22,80,-5,20,91,-25,-28,-49,-13,42,-33,79,64,-49,29,-15,54,-12,9,-58,-46,-45,-91,18,-57,76,46,-15,-26,-54,77,-10,-6,9,-69,-63,52,20,-61,-24,65,-98,-84,-84,-43,98,-27,-37,35,-10,25,-29,-72,52,37,84,82,-71,77,-3,41,-76,-7
-79,48,-36,-46,-31,-56,-83,-20,-22,30,-53,95,-49,-64,22,80,16,51,-53,-66,100,95,86,-78,-19,18,-14,-77,19,78,-6,94,-4,-40,71,71,32,12,-54,-86,82,-47,80,15,-96,-12,54,15,-9,-55,48,-60,87,-25,6,-6,75,57,48,35,57,-32,-32,-93,57,3,72,13,92,21,12,-10,-36,21,-75,41,29,97,45,-9,14,19,87,-55,96,-44,-19,-32,55,-76,-4,33,44,-49,24,43,-9,-66,-77,45,-73
90,23,74,75,56,-94,53,-52,48,19,-76,51,83,-88,-20,24,-87,51,-15,92,77,29,77,70,-55,-12,-63,7,-91,-24,18,-11,90,-30,95,-28,-79,30,-41,93,-73,-76,-100,-28,-86,-7,70,-2,86,-7,-52,75,42,62,43,-9,-51,-43,-67,89,95,-60,-33,10,-42,36,-94,47,66,-63,-42,-31,-60,-49,59,-6,42,34,88,55,-36,30,98,51,-99,66,3,-7,36,60,-86,-46,92,80,-67,46,-15,95,31,75,49
-54,7,-80,95,37,-94,-35,83,-20,11,13,5,97,-55,-18,6,-87,83,24,27,75,-87,23,25,10,-79,7,-3,0,-52,-56,4,-52,3,39,-25,33,-77,85,53,51,-52,-31,28,-27,64,66,-64,66,28,68,75,11,54,-96,-33,34,7,81,40,94,15,-11,-48,12,3,-52,-34,14,57,34,78,41,78,31,-19,53,41,36,-82,-95,7,-30,-60,14,-24,69,66,-40,100,19,-49,1,20,54,-95,-62,-10,30,-3,54
-69,34,70,-63,61,-39,52,-34,63,-34,-39,-32,67,91,47,-34,40,30,-66,38,-47,-67,7,46,52,-24,-3,-10,2,97,-75,-45,63,37,-56,43,-37,47,75,93,-28,21,79,-64,-92,65,-69,27,15,76,-69,-12,-20,-91,64,43,94,-16,3,-57,38,40,-65,2,-64,-65,-41,-85,-91,-25,-62,38,52,-63,-12,39,2,42,-74,80,-56,92,-27,18,-61,-71,-8,95,52,62,38,-17,-11,-19,40,58,-5,-10,-4,54,-86
45,-53,-99,-33,-56,-39,-75,90,-49,-99,-74,-50,31,37,62,30,19,95,20,20,48,-88,18,-46,86,93,43,-87,3,-77,100,16,-17,3,-58,-52,-49,99,-31,-97,87,-58,10,34,21,34,-51,-50,83,-36,22,-50,8,-100,89,59,36,-3,86,69,62,-25,-18,-58,73,-67,64,-51,89,-44,-19,-51,-35,-64,16,40,-25,49,17,15,63,-12,-2,82,85,-54,-62,73,-54,-40,89,62,100,-6,8,36,-55,74,18,22,-58
-67,-42,-16,-29,38,73,48,-9,-65,67,-48,72,-73,7,-40,100,23,-71,100,84,12,60,-4,-46,73,56,50,-81,-79,98,88,88,-94,71,-4,-68,86,28,-18,-29,-13,90,20,-5,47,-27,-29,25,-53,41,5,65,87,1,87,20,-43,31,23,-97,-91,-79,20,19,-81,86,-54,94,22,-21,2,-17,60,90,-65,5,57,-24,-79,-18,83,3,92,79,31,-17,-51,26,-6,7,82,-8,-52,29,-77,60,35,78,72,30,-25
-31,-72,79,18,5,-20,-66,76,-37,91,-27,18,-12,37,70,17,-49,89,9,82,-89,-41,59,-83,70,82,-25,-40,13,83,14,-43,-93,-1,-15,-45,40,83,-40,24,-59,57,30,30,-51,35,-72,-3,-56,55,-14,-16,42,-23,86,46,99,45,-99,-18,0,70,82,-5,-75,56,-83,74,100,-37,-52,-15,-37,77,-69,75,81,5,100,57,-71,-53,74,86,-48,50,43,-41,89,-55,40,38,63,-35,43,-98,75,-90,-2,4,-78
4,72,-46,73,-42,92,94,91,14,-91,-4,38,54,-13,93,5,-89,98,74,-54,17,-94,-5,-46,32,88,33,42,-2,38,50,-60,0,-66,79,-37,-19,-19,57,73,6,-67,-52,-57,94,-36,-67,-37,-96,76,96,-24,51,32,-3,-32,53,17,9,-21,-22,-54,-24,-15,21,-5,37,89,-46,21,-82,5,-4,-42,74,0,-96,30,-15,47,60,-63,-38,68,-99,89,-34,4,64,96,-81,-95,-83,73,71,-85,99,34,-88,61,-50
-3,-31,-86,15,-33,20,95,6,31,-17,-41,72,41,56,-37,70,-39,35,-86,12,-5,78,-10,-46,39,-92,85,52,90,10,-26,-84,36,-63,66,-77,62,2,25,8,-3,81,72,64,100,-84,-44,-12,-38,90,-41,2,63,-23,-54,-9,73,-34,76,96,-89,-64,41,30,3,-98,-13,-65,-45,6,-9,-42,32,55,23,46,-63,-32,-55,-84,-55,7,19,39,-96,52,-95,26,-79,100,61,94,7,-73,41,39,55,55,81,-77,60
-55,42,72,11,-72,-82,59,72,48,57,99,83,30,9,25,-59,27,82,52,94,-88,98,88,47,90,-98,-71,89,14,63,-63,24,-13,-17,-65,54,-43,74,-57,12,-1,28,48,-10,-59,-71,-81,-75,7,77,3,-5,-66,-82,-9,73,97,-4,-66,96,65,-17,90,-65,76,90,-64,-92,-67,54,100,28,-35,-56,-42,47,-4,-7,51,-35,-49,22,-55,-6,-95,-14,-29,41,86,69,-98,76,31,-26,-59,-98,-20,-76,-83,-34,46
33,-99,-51,-94,-72,30,75,10,87,13,-3,-31,90,19,-95,-85,91,72,67,-32,46,-10,-97,-72,-7,-76,65,-15,84,-12,-81,-59,72,6,-5,8,42,-9,86,-32,31,-31,-85,90,-56,38,58,-86,-85,-33,-53,80,41,-22,96,-86,51,26,45,-50,67,18,-50,-4,62,-54,-63,-63,36,-94,25,-46,-42,50,30,1,0,-29,-14,16,46,20,15,-24,85,-3,-64,-69,-97,-55,-48,-43,53,-69,-57,11,93,-25,16,38,-29
99,2,3,81,32,-68,-77,-80,89,-83,-6,56,58,32,14,7,-2,-46,-87,45,17,-39,-60,78,94,-63,-28,10,29,6,-75,-89,-100,-84,-43,27,-97,11,-63,-89,85,55,-26,-99,11,22,27,82,-34,90,-27,-12,14,7,44,20,11,-54,-33,-31,-71,4,60,99,8,58,-25,36,2,-89,87,-45,-59,-54,27,13,-93,79,43,-6,-40,41,-83,25,87,-67,-21,-23,-46,81,-41,-68,-2,34,-15,-2,75,-50,-81,47,39
-87,51,-100,-12,81,11,-40,-48,-19,92,-65,-39,-13,39,49,77,43,-87,56,67,64,93,-80,10,-8,-77,69,-4,-95,-84,-12,-99,-18,-42,54,-99,15,97,-78,-23,-97,-30,-73,-79,0,81,60,-96,-49,-61,70,96,-38,-69,-76,26,6,-26,8,2,-83,-69,-22,75,50,-25,46,2,-87,-38,-72,93,46,55,-60,36,94,4,-56,75,4,-81,-11,59,66,88,-77,27,42,-32,-41,-43,-99,19,-3,88,40,70,-31,-2,-50
-11,46,-15,-48,-11,-19,-90,43,24,-15,-44,-64,59,81,7,98,50,-62,-33,76,-4,-11,-81,14,72,-26,11,-80,63,-16,-6,-51,-72,56,-47,97,32,52,-40,6,1,7,87,73,-24,3,76,-28,-12,-94,74,42,94,58,38,69,-32,-35,21,-90,1,-60,37,-58,-43,50,99,34,6,12,-28,53,-12,31,-80,-56,57,64,-71,-63,14,31,-88,23,-38,-37,29,51,64,-54,67,-93,-74,94,38,35,90,-36,-24,1,-83
92,-86,36,1,-51,41,32,-79,22,-76,-64,29,-46,100,14,-92,-82,-42,55,-62,63,62,-93,-78,38,44,-70,-41,-65,18,-28,99,-16,23,-69,-12,0,98,-92,-4,72,-2,99,-34,72,3,72,-49,74,-42,-1,-62,70,-94,71,-50,89,7,71,-42,31,69,-65,-32,3,-2,-27,27,13,-78,-11,90,32,49,73,-63,-26,51,87,22,27,73,-40,72,-55,-17,94,-16,56,67,11,-97,-28,6,-15,-100,74,-20,25,-78,-44
-49,98,24,3,-23,19,25,10,-34,-67,-3,47,-91,-86,65,34,92,88,47,-92,-2,15,16,-52,5,12,-6,-6,-34,80,-73,-29,70,71,80,-9,-96,42,9,13,31,-23,-39,85,-62,53,-24,80,-78,-12,-47,20,-79,67,-52,37,2,-80,36,-69,-72,92,23,83,-21,33,-57,74,-6,78,41,-54,-57,-11,-52,-45,-74,-35,31,-91,-79,77,-44,-32,-94,-76,-6,57,-19,67,-6,-24,47,37,29,29,-57,-64,15,-94,-9
66,61,42,24,75,-51,39,63,-52,5,23,9,-32,-13,92,-21,-46,-51,32,-4,-15,29,-66,34,17,9,30,-45,-13,13,76,71,71,87,-55,46,-67,54,13,-43,-47,74,-84,-2,85,-15,75,-86,-45,38,39,-43,29,55,-87,-82,40,69,-42,-89,-49,-67,-60,-87,52,77,-71,83,44,-88,44,-71,98,72,-66,43,-66,61,-26,6,-35,84,98,65,1,-100,57,81,12,-63,-2,-73,30,-94,-43,-47,-93,-30,47,95,57
54,-35,0,90,-21,81,-61,-57,58,13,-82,-24,29,-54,44,-43,31,-37,94,-11,-36,-50,-62,-97,55,54,58,-75,-74,56,39,-10,-68,54,-57,-13,-50,48,24,-27,-86,-46,64,-86,-100,-62,-30,-65,6,-54,89,55,-87,88,-63,-29,37,99,-28,-89,77,-46,-59,-3,12,32,-64,-72,81,-20,-58,-26,45,-8,20,36,-55,68,-44,47,9,-3,5,70,42,-23,-20,19,25,-7,-46,91,-67,97,83,-40,45,73,21,42,-17
