-82,-21,-96,86,-71,16,-33,86,69,-67,31,39,-83,68,-44,58,-25,-9,-81,-80,-60,46,84,48,38,100,-48,83,94,-61,94,94,-24,-86,40,-95,72,-24,-72,73,49,-30,-17,77,8,-54,-38,12,-23,-22,14,56,-91,-62,-86,61,-40,54,70,72,9,-68,11,-98,-23,-11,39,87,-6,48,-61,-82,11,34,20,-55,-94,-90,59,-4,-44,72,-4,13,-62,-81,-87,-33,64,49,-42,50,-14,50,85,63,-18,-76,-64,3,-15
84,74,-50,-4,65,44,96,17,40,-42,47,-84,15,29,30,-53,-41,23,-19,96,24,34,20,-74,-1,-61,-11,-3,59,44,-82,35,-77,14,-78,73,-21,90,70,88,-18,76,-78,-95,40,5,-99,71,-36,67,-21,66,-32,-83,-88,9,-44,98,5,9,100,65,18,36,-35,-22,88,-12,92,-31,-31,93,43,-40,-8,-74,67,9,-9,-13,-58,-90,44,45,-43,50,66,-92,52,-73,45,-14,-31,-52,14,17,79,93,37,74,-70
-24,-48,91,6,-96,-30,-39,-93,15,68,48,-100,-12,14,40,70,-67,23,-11,-31,12,44,50,7,42,46,69,56,17,-78,-92,89,26,-66,89,13,-40,30,-9,-85,18,88,79,-24,25,7,27,-16,3,79,-94,60,21,-46,-84,47,-62,14,-85,83,-82,68,-13,-64,-35,-30,-45,94,32,-7,-45,60,55,-52,5,87,-29,-81,-25,-83,-39,-26,-6,-30,81,45,95,-38,74,-87,-70,51,-65,87,-4,85,-18,77,47,-46,87
87,-26,6,81,-96,-93,74,-63,8,-8,95,90,25,-86,-95,-95,51,-53,-61,-33,-72,10,29,-65,-27,10,-79,38,74,6,88,-55,75,26,21,-10,-10,11,-23,87,56,69,-22,52,61,-13,-58,27,44,-92,-28,-97,-28,-69,-68,-97,-99,-70,91,84,-76,80,78,-6,10,-18,-49,-89,37,53,-30,-39,-93,-4,32,-40,-16,63,13,90,30,67,77,16,-76,4,-53,-77,97,-84,-57,-100,-76,41,-89,-76,-10,60,-69,44,-9
99,91,23,46,42,5,-92,-87,-93,14,-47,64,20,54,33,-70,89,63,-21,-1,96,42,-33,-24,26,-68,28,-19,28,98,54,54,2,-57,89,2,-87,-50,1,-28,29,-98,-45,-7,56,-81,53,63,80,16,-6,19,-45,-47,-48,20,-42,70,63,-19,-23,3,-96,-82,76,-76,-17,13,59,67,-25,-74,58,70,-44,61,-75,-47,-20,-8,-50,65,84,75,-12,-20,-76,89,18,67,38,7,56,-83,46,-30,61,70,1,66,-79
25,-40,-26,52,52,14,-96,69,-40,6,29,-22,-14,5,-44,20,78,69,-34,-36,-35,87,-28,52,53,47,83,37,31,72,-38,44,-46,-3,-60,-57,41,-33,54,47,90,86,-99,40,-66,-6,-10,43,-35,-10,37,5,-64,-46,90,-51,-99,94,6,2,-4,-55,37,93,-18,-6,-14,-27,63,55,5,-4,50,-64,5,-35,-6,72,81,-64,88,26,-42,-8,91,-76,-41,-70,24,-57,44,-15,90,-41,-63,-49,-43,-71,-35,-93,-48
-13,81,-51,-26,96,-27,-17,-98,-35,-2,-22,-90,15,76,-38,99,-86,83,-64,92,-64,76,7,-61,90,52,-46,-89,36,90,-52,66,19,76,83,17,-50,-26,16,1,-39,-97,62,49,77,-61,96,-73,-22,-11,-96,41,85,29,-89,35,-56,86,80,30,44,-79,-73,64,81,94,-59,-1,58,-34,48,40,-87,-77,80,-93,84,-15,79,42,7,55,-66,-46,82,-13,5,65,-96,89,-96,-48,74,24,54,43,-95,58,-54,-81,30
-13,52,70,25,9,24,-86,-8,-15,-22,-29,34,-28,-69,-70,21,-11,57,-68,-80,26,10,80,35,-35,-9,-86,-10,33,-6,-13,-32,-23,27,-69,-83,-64,-69,-45,-52,99,-79,70,86,-20,59,48,77,-47,47,9,-58,75,62,-78,35,37,36,30,76,6,-18,-32,-3,16,-29,22,-72,-37,81,-73,15,21,-23,99,-94,-68,-52,53,-81,-87,85,76,-93,14,77,58,-33,68,10,-20,-4,94,-62,41,-97,-44,83,28,98,75
-31,-27,-38,-71,-5,-40,4,22,-42,3,20,-19,-54,11,-87,-60,96,-56,56,-77,74,-60,72,-96,5,-31,78,49,34,23,-60,73,-77,-89,-12,47,30,-75,92,-6,-37,-43,60,-51,17,75,66,-93,48,-23,97,44,79,20,10,20,-53,72,-5,94,50,41,-60,-3,65,-97,22,-80,18,-49,9,57,58,98,2,-17,-48,-90,53,-19,-14,0,29,76,-73,-34,92,-99,-97,72,2,45,-96,29,0,17,16,60,54,9,-55
-58,54,35,-23,22,0,31,14,69,25,-29,-72,-45,-3,-100,-43,57,81,50,-79,-98,85,67,84,-25,-1,-66,-8,-90,74,17,-28,-67,84,-81,89,88,26,57,40,44,8,69,-13,29,66,-47,30,46,17,-85,-98,75,52,-38,-81,-63,78,49,-88,-56,15,-80,91,-54,-6,-87,-61,87,34,68,39,-95,-93,41,-75,21,15,54,-38,75,-50,-50,3,-69,57,34,-63,46,-48,-96,-72,100,52,51,-74,21,51,-95,20,86
30,35,31,-62,-28,3,60,94,48,-12,-96,56,55,54,-8,77,-11,-55,-30,27,2,11,-19,-29,-100,8,40,65,-59,26,-98,42,96,-67,78,95,-65,-62,70,79,-69,-61,17,47,29,-61,-89,-19,76,51,-51,-12,21,-58,59,-15,-56,-63,-6,55,-12,-33,85,96,92,-70,-99,-33,-81,-80,-8,81,29,-100,75,11,54,57,92,-17,15,48,13,79,31,93,97,-86,58,93,-8,-42,-13,85,-26,-33,-30,-5,-52,-38,15
-74,-43,-49,-38,-80,-94,53,-89,-39,7,-66,13,68,-60,84,-90,33,28,100,84,-80,42,-68,38,-90,76,28,22,14,-37,-3,-21,-53,-29,75,48,32,56,23,31,-37,74,-51,-49,-76,-27,-37,40,85,-66,-83,62,-50,-80,89,-80,85,57,88,23,-20,-5,75,50,51,83,38,-92,79,-32,-71,-19,-32,-57,-57,83,27,-16,46,-26,49,93,-79,-76,28,51,67,54,-11,-77,-59,-7,-66,96,-34,-48,73,-2,18,37,-73
-32,93,-56,35,32,0,-10,25,-8,79,64,-48,80,78,-17,40,7,-50,-98,65,30,-34,51,36,86,-33,-43,73,29,3,84,5,-67,-73,24,36,95,86,-38,-45,23,64,93,-98,-80,-10,95,45,-35,93,-15,11,43,-60,-6,-26,-83,-13,-11,-88,-79,69,62,-25,-84,-17,95,48,-8,33,-4,-55,40,51,-30,-70,-75,13,2,4,76,15,-56,-69,-86,-29,13,-93,-90,13,-47,50,11,94,-16,61,-29,35,-24,-74,-52
67,-75,-4,-1,-67,-54,33,51,81,33,-80,45,4,59,-25,100,2,56,-46,-42,-34,35,-50,-22,-8,-96,-43,88,-67,8,0,38,-33,-68,-97,-85,61,-37,37,-77,84,55,-17,5,37,71,62,-32,67,47,-47,60,-98,49,96,31,-55,51,40,41,-65,19,83,88,-1,-52,-95,-33,81,-49,53,-60,-87,-70,-89,70,15,-68,-72,-26,8,80,20,62,3,15,-41,-47,98,-98,-39,89,6,-50,-72,-23,-55,-19,77,-49,-3
-87,69,-26,46,53,-44,-17,-74,7,-80,-4,-24,28,8,-87,82,-71,-42,51,18,26,82,18,-51,50,-1,17,-81,-99,-1,10,33,8,-87,81,-69,89,-90,-82,26,47,45,-18,-65,56,-31,78,-14,32,-49,44,67,5,6,96,20,-68,75,88,89,-6,2,-64,12,-56,-1,62,-36,3,-64,-50,-19,-33,78,87,-48,95,87,85,-69,51,36,-2,-54,-60,-63,91,43,-26,-67,36,22,-31,-85,-68,55,90,-89,13,-11,-73
-17,-53,-52,24,50,-83,-18,-25,3,77,58,54,41,-70,-76,65,20,-96,71,-50,-54,16,96,41,-96,56,82,-7,-98,-63,21,82,-65,-28,-68,9,73,-2,52,1,-49,-85,-33,-73,-53,29,75,95,74,-1,-69,-90,-79,-6,90,-11,-66,60,-44,57,18,-19,-63,-57,-26,99,-42,-95,13,1,83,0,74,-95,37,27,51,-35,-60,73,19,-87,-54,-73,-94,79,-82,-59,-27,36,-35,-83,-70,82,93,-71,99,59,32,-3,71
66,36,-26,24,-50,-8,26,81,34,-21,57,43,97,-60,-52,-80,-98,-34,-82,-10,-25,-90,97,-25,47,-78,19,-49,-93,58,26,-38,48,30,86,39,71,57,46,68,29,24,0,91,-78,-74,-41,-86,44,-31,-25,24,-93,97,-89,-78,67,-99,-77,88,-7,6,25,36,-21,97,65,35,-100,-94,-10,-43,88,-41,29,4,75,-38,66,6,8,39,-91,-92,24,-66,-80,-30,-91,38,75,42,77,49,-11,-82,-95,93,30,-64,-93
-55,89,-54,19,-9,90,52,70,-8,27,25,-52,70,79,97,-19,-94,-78,-53,-8,12,-74,52,-10,85,-34,-80,4,-6,90,-11,63,35,17,-81,-10,-12,2,-9,30,21,-21,-92,55,-40,30,-61,-42,9,50,71,-49,-85,60,-21,-33,79,-94,-14,44,1,-11,63,-53,54,29,74,25,68,32,88,40,-31,-32,16,-2,62,-1,-69,78,50,-98,10,-84,97,-6,-65,-26,-28,-56,6,80,24,-27,-3,-37,-53,-48,-81,-93,36
36,-41,85,-43,68,85,71,82,-75,-79,-48,-80,-70,-47,37,34,49,37,24,70,-85,86,70,-6,-39,-19,-35,-67,-52,-91,65,-64,-68,69,99,61,-78,29,-84,-20,-62,9,-5,-3,43,55,77,78,-98,4,75,4,26,-82,-45,8,-99,-7,-85,62,-25,13,-68,61,33,-18,-72,93,-98,-49,-84,42,-78,52,-39,16,45,87,-31,-81,100,65,-29,1,72,37,-26,26,99,-49,-59,28,4,43,87,3,-90,-77,91,89,21
4,89,9,-91,-38,1,-68,60,85,50,26,60,33,51,-23,-67,-91,-46,81,-58,42,14,45,-64,-37,65,-98,-17,63,14,24,-27,13,-30,15,-53,-73,60,-22,90,21,19,-81,-47,23,-8,26,75,-64,-61,21,13,12,-3,-47,14,-64,-2,49,44,-63,-88,-58,9,-90,8,-25,6,74,-96,-91,-88,-49,100,14,86,-89,-33,4,-59,88,-66,9,83,-5,-31,82,-68,98,-82,61,89,23,40,-82,71,-70,-62,-73,-74,57
14,80,-55,-23,3,46,71,69,-5,-16,53,-43,-33,43,-52,66,-81,-45,-89,62,-60,-20,94,67,97,-37,-6,94,36,-63,17,-38,16,19,67,-54,-78,79,79,-72,24,-96,-74,20,-43,-50,-63,76,-48,-25,74,69,22,-50,-71,-91,29,100,60,-4,-66,30,98,-8,-4,-29,85,-26,90,-1,-29,68,15,69,-29,25,-14,0,-18,-71,59,-3,-45,-4,-32,-63,-7,97,-82,77,-99,35,27,-71,-12,-100,85,-94,-10,-16,63
-94,59,85,9,5,-23,47,64,30,-60,-30,73,98,-58,54,41,65,71,76,27,-98,9,56,97,-8,-27,-89,86,-50,44,-19,-81,97,-22,-7,56,95,-23,22,-33,-61,-13,-34,-67,-31,-92,-95,27,-21,-78,92,-57,10,42,-66,-58,-4,29,17,-20,-37,-55,55,-91,-7,-96,22,24,46,-51,31,51,73,90,83,-21,11,-55,-88,72,92,37,2,97,9,7,44,-56,54,-32,-2,12,63,8,31,-58,-91,56,-39,58,-97
54,-78,100,-25,43,95,60,-1,-51,-54,-35,-21,2,19,-24,-91,100,-51,-77,17,-99,-83,-70,-100,-10,83,9,98,-59,-27,-48,60,3,-59,-5,45,11,74,7,81,22,46,71,-84,-57,-77,-61,79,63,40,20,-72,62,-47,-93,-60,3,-20,91,51,-53,-26,81,86,-86,35,27,-50,29,-40,66,92,-20,-48,-73,38,92,-1,4,-97,-77,87,-32,-4,-88,-73,-34,-6,-16,10,94,-38,87,-12,91,32,-28,-53,35,66,-73
71,-27,74,-6,-46,-51,48,-68,43,48,-72,51,-54,-37,34,-41,-96,-72,-79,6,-35,-6,-55,22,-36,-1,-29,41,-44,96,-54,7,-68,27,15,52,-1,22,-54,-57,-81,17,-96,10,-41,35,-98,-89,-27,-46,-25,-57,43,-79,-32,7,-81,57,73,-63,-44,29,71,-33,94,71,-98,84,69,71,-18,66,69,24,-99,-79,-53,28,-58,-40,6,80,45,84,-33,-71,42,32,-64,-73,-82,10,-91,51,-22,28,-71,-9,-44,15,0
94,27,-9,-28,91,-80,-59,6,72,33,-78,72,59,95,-58,-95,47,-43,-6,27,-19,-89,-14,-82,59,7,-21,41,-88,-48,9,-80,8,61,-49,100,-26,19,74,27,-26,90,-69,-89,-5,25,-77,70,-79,-76,-23,-69,89,-56,-11,-54,-57,-14,31,64,-15,-46,70,-95,66,66,-83,-71,-42,-33,57,52,37,97,-92,-51,6,-34,-67,66,89,42,28,-59,-34,78,38,-48,-64,-50,-38,27,65,-81,27,11,-45,70,68,34,99
57,40,31,-62,-37,-90,44,26,84,-57,99,100,-22,31,57,-21,-90,22,86,-31,-57,-89,-20,-5,-83,36,-30,83,-61,-13,94,-69,-9,35,-81,13,63,-26,19,-85,-12,22,-50,-5,75,-73,-42,48,-43,-94,-51,37,73,-41,64,-2,73,-77,-54,7,9,-73,-71,-50,92,8,-98,31,89,42,-56,-86,-60,-56,56,86,-36,-72,8,7,26,-13,-7,-59,-41,-41,70,49,60,-100,16,4,-60,74,59,0,63,-3,-22,-52,-87
-66,13,-66,25,-64,-83,2,-51,90,-89,-12,-65,-90,-54,-36,-52,90,84,-45,27,-88,95,-35,24,-13,-27,-18,-79,61,-9,-68,31,70,-76,36,-82,-17,99,83,59,63,-39,-16,24,-29,20,26,93,77,-71,56,21,-98,0,10,-63,-89,-38,-76,1,-9,52,-59,-86,-97,-55,-39,-4,65,67,-19,49,-47,67,17,28,2,-10,75,-59,-4,-36,97,67,29,86,-88,80,-84,-92,68,-65,18,40,24,-34,40,-80,-61,-45,-70
78,-42,34,-40,-54,-23,-72,-81,90,-84,-27,8,55,-29,-20,-33,34,8,-36,-3,-50,84,-28,98,-65,-52,21,-11,2,-94,-33,73,23,19,9,17,33,50,-47,39,-72,-24,93,26,-92,34,-84,-5,90,-9,60,28,-5,67,-40,-76,51,43,49,-9,41,-9,61,-54,-52,-97,-94,99,-23,72,9,-14,34,-66,81,-86,-87,-20,-25,69,-32,-61,81,54,-90,-7,-77,-73,2,-40,90,52,-17,90,-3,-100,-95,48,-35,100,-69
45,88,93,-75,88,-33,19,-72,-4,-55,-75,-14,-62,95,-17,71,-38,-35,47,16,-97,60,97,39,-11,-55,87,100,93,82,51,-75,51,66,24,-24,27,-25,-7,-52,22,-53,-35,20,0,52,55,9,66,34,-68,-89,63,-6,-24,-47,36,52,83,-46,-37,-47,-69,-64,-85,41,-66,43,-4,-96,-50,3,43,-14,78,66,1,-5,-25,80,-64,33,88,62,41,37,-73,87,57,77,-36,11,-38,100,56,-78,1,1,32,89,-54
58,10,49,34,-34,63,94,-97,17,45,-61,64,-53,-40,-13,48,-14,59,-81,66,32,-59,-98,73,-81,61,6,77,22,47,76,-71,18,76,62,-47,-37,11,28,57,80,-66,30,99,-35,-51,-91,-46,29,17,34,-95,80,-98,-28,59,-53,-50,34,-80,46,85,100,94,7,24,50,87,89,27,58,-64,-57,82,34,-46,-88,64,-57,-7,59,-42,97,17,-57,53,-41,46,-9,33,9,-5,2,-35,-46,13,-18,-19,2,-46,59
-18,-66,-19,54,-62,21,82,60,66,37,-49,-33,-10,7,10,-99,19,-99,-93,-64,-22,-67,3,-23,37,0,-44,-48,52,-72,7,-3,-18,-73,-89,22,-3,-25,1,42,-18,26,-62,-42,71,-63,97,11,-50,-29,3,-97,31,-44,-21,14,23,-56,1,-2,1,-6,-83,70,-53,-48,-88,-24,-21,-78,-23,84,-46,49,34,-70,-12,-56,34,81,0,-32,-8,-14,61,-1,-25,45,-77,27,-19,-98,-1,-65,-24,-21,87,84,-41,95,-86
19,37,-94,45,-14,64,61,-81,73,64,59,-32,76,81,64,-40,77,-14,-68,-99,46,-62,-91,60,-26,-22,-19,57,-86,83,-91,-76,-78,49,61,95,-52,-27,70,-39,85,83,4,-64,36,-81,-10,-83,-53,-9,-96,-83,-69,53,-98,86,65,-95,-64,-40,78,-17,-49,-4,-16,-85,-50,-33,-54,-43,61,37,-87,33,99,-99,-76,-87,-91,9,63,-42,89,-1,34,92,17,-65,1,62,-30,37,30,35,44,51,23,88,52,40,-15
-39,9,-11,-9,68,-39,85,20,-29,1,-78,-91,17,-50,-66,19,1,7,-95,3,-68,44,-90,74,88,-15,18,8,-58,71,36,-75,-99,49,51,42,51,90,-92,92,61,-19,44,-28,-8,-34,70,-73,-67,-42,-23,34,-52,90,20,49,63,-85,-85,64,44,-81,43,62,-46,-91,-18,-99,-1,41,32,70,-95,-26,-17,-68,65,-22,11,-28,28,-41,39,-2,1,85,19,89,-27,7,26,77,-27,-2,16,-88,9,-37,15,-96,84
-59,-12,-5,88,-44,22,16,-67,-94,36,-4,45,-72,37,7,84,-36,-64,-55,3,-37,32,77,-32,35,-45,-72,84,-2,85,-67,4,58,-32,-89,-81,-53,1,10,48,78,-9,-1,-88,74,-41,-90,72,-99,-92,-2,13,44,-51,-43,2,50,-16,-67,90,-31,-22,0,-79,87,98,47,41,36,37,37,-53,-69,20,92,94,8,77,5,-72,-88,50,93,100,-94,86,98,82,-78,-39,-27,10,33,-83,-42,-52,13,34,86,97,-40
41,88,13,-42,12,-36,94,-75,-76,67,32,68,-88,75,74,-59,67,-67,62,-3,55,-79,-24,-63,19,49,76,36,72,-69,-94,64,32,-4,-3,50,-62,-74,9,3,-22,44,-43,-28,70,-35,-68,-50,-59,-3,73,56,-29,-12,-7,-61,-74,-67,-11,87,37,-65,63,74,-38,-9,-61,-69,72,14,85,-34,-96,-68,38,77,65,-73,-30,65,48,-14,-88,-98,51,-5,-93,51,63,-95,-79,-74,90,-34,-84,69,-14,-71,-97,-64,-57
-82,44,-66,-3,45,8,-90,-76,59,40,-37,-56,-38,8,75,84,55,27,-70,-49,92,33,9,-8,-36,-88,-61,69,-62,20,98,-31,7,-22,48,-78,-10,72,-49,-82,17,62,51,-49,-86,48,24,57,-35,-28,-2,-13,-57,-41,-3,100,60,-94,12,10,-65,86,-93,68,-33,-15,-66,-8,65,87,-84,-97,29,67,-60,60,-62,45,-23,-5,88,-34,81,-62,-39,92,26,-3,72,3,23,96,-8,84,-83,-54,-60,-87,-41,-8,-50
-22,28,-22,53,79,2,-33,12,98,-66,-20,-56,-2,86,-94,-15,59,15,-29,15,47,-31,90,70,69,47,86,5,86,24,39,-32,-82,-49,-93,27,60,23,-12,-57,0,60,33,-61,-76,89,-88,-74,57,29,3,24,-58,-12,-90,19,-72,22,-13,-31,54,68,-69,60,90,57,96,-92,-100,-10,-91,-58,68,94,28,-44,-62,3,53,-31,49,12,-17,43,31,-22,-64,-24,53,9,-11,23,24,-69,7,1,93,62,-32,86,87
1,57,-86,26,-19,-30,21,62,42,52,-100,-13,100,-28,-29,-85,14,15,-12,-27,68,91,-67,-2,39,35,-89,24,76,32,4,38,66,-97,27,-37,-74,-83,-10,-22,-19,-42,30,-57,94,-92,-9,-19,48,100,92,61,-33,-1,24,43,-6,-52,-42,26,100,100,-41,11,90,54,-60,27,39,-20,-98,-6,40,79,55,24,-85,99,-70,57,-29,33,-74,-52,-44,46,76,95,0,7,-76,-9,59,52,-61,-75,-37,-45,41,-98,31
44,2,89,-27,66,29,60,84,45,-1,-8,-61,-41,-12,-72,-56,28,39,-21,1,-80,99,-100,52,68,52,90,-4,-38,-76,-72,-100,-68,-81,-78,-4,-97,94,87,73,-17,-32,-87,-29,-90,77,37,89,18,-24,82,90,67,62,-71,58,-91,17,81,-45,41,15,53,-8,15,59,-74,-81,-23,75,-54,-48,-29,-83,-74,-76,-98,-75,57,-2,-30,-21,13,100,98,75,-1,-72,30,58,-70,46,29,-52,-85,67,100,-83,20,48,-9
-96,83,44,25,69,-30,-43,-87,30,87,65,9,-27,35,78,87,96,-12,-22,22,-77,44,-96,-20,20,53,64,-28,-14,-26,51,-91,-12,89,32,27,-57,63,28,-80,-37,58,-88,79,-13,100,-18,51,95,16,68,-66,-46,-38,-31,-12,16,22,-24,72,33,-80,-85,-29,95,-27,67,79,96,36,53,-65,-52,47,-36,61,75,-93,58,-62,57,-41,99,-28,21,-31,-22,-57,99,86,-46,94,-70,-2,-73,-34,-51,-3,-91,-87,48
8,-3,4,88,78,49,59,-58,41,73,-74,-19,2,3,92,-49,46,-96,71,-81,21,11,31,15,78,-81,58,46,-10,-94,31,33,97,-74,30,77,-94,-71,72,83,80,-33,-15,-80,-74,59,61,-24,-59,2,53,36,-89,49,69,-100,-99,-76,-23,-2,-88,48,-69,18,3,16,92,21,67,-52,70,-89,-69,65,-36,-18,-9,94,-90,42,100,44,36,40,-48,98,-97,-93,-4,89,91,20,68,-6,17,-88,17,-67,9,52,-57
88,10,-68,-92,-14,-98,-63,-93,-19,30,57,88,100,75,-1,44,87,-26,87,49,-60,21,89,-39,-50,-87,41,16,-80,89,75,-96,-8,-37,-37,-30,-90,84,-41,85,23,35,-3,42,-98,80,24,-6,67,-21,-86,59,-29,-92,95,-9,-63,45,-33,7,5,68,-22,-89,-60,-53,89,-68,-55,17,44,-91,36,-84,51,54,99,-80,68,22,46,-60,14,43,-15,-16,52,20,80,57,-14,33,72,-95,-53,-79,-53,32,-79,-68,-83
-77,13,-55,-47,-61,46,-6,-89,0,73,92,-58,-40,17,-64,88,-25,-89,-71,83,61,2,-73,97,65,-79,-34,44,-32,-12,-76,75,-15,17,-1,51,-15,24,-98,-16,8,61,87,-17,99,-66,-88,38,-79,-98,6,-52,41,82,-71,63,3,-29,-2,-12,-54,-81,-45,2,-81,-91,5,-30,87,22,-88,-53,-66,-76,19,-37,20,-23,32,42,77,-35,50,-88,7,38,4,51,94,-48,-8,62,97,35,-27,-70,-25,20,6,5,-66
-51,61,91,-99,-30,22,43,42,-93,-7,-57,59,-14,-34,96,3,-62,16,34,-94,-41,-68,-12,-89,-96,73,-76,7,14,95,-14,-4,-62,-37,-12,59,-78,14,26,44,-90,-55,6,-10,16,-8,68,12,-75,-81,30,13,22,-39,54,-58,93,48,-59,-3,91,-67,-22,-2,74,52,36,16,32,8,-57,1,-31,16,-46,97,60,61,85,-68,26,-8,4,17,-94,-31,-2,-38,-23,30,22,36,7,97,-68,-57,-97,35,-39,-65,-33
74,-79,73,-18,-7,-47,93,-79,-66,-69,-58,-54,-79,-65,-63,-70,76,-29,95,-57,25,-42,2,-42,-57,-61,11,40,-29,65,81,95,49,-68,-12,-6,29,27,55,62,26,4,-57,85,-12,-90,-19,-98,-87,64,13,55,58,-56,-47,-26,-9,58,53,65,32,7,-55,83,67,78,24,-65,72,19,72,-24,31,-13,52,-52,-50,19,-24,-40,64,-4,-99,-55,84,69,-80,91,-93,98,-74,-88,-54,-69,23,88,-58,-22,27,-83,38
-64,85,37,-63,68,94,-75,50,81,-11,95,50,13,80,-97,53,1,-33,24,92,-15,32,87,32,-53,26,58,76,-86,-62,13,6,20,88,10,-76,64,-11,3,19,80,50,-49,47,13,-89,-17,-74,-43,-72,95,-49,-90,-27,-5,0,79,-34,-76,85,-46,90,86,100,-84,79,23,-87,-38,-35,-7,80,93,-75,-26,11,-33,-97,71,-16,-31,27,98,-43,-19,94,73,42,-43,-15,-58,29,-53,-16,12,78,-33,-97,-95,-26,5
87,-37,64,-76,-40,-50,41,-2,44,-2,-56,-68,-79,-72,-33,71,-48,-16,-1,-72,-27,-65,-28,68,-97,-83,-74,-89,-36,-91,72,35,74,-83,3,83,-95,-42,-74,-73,42,-7,-30,-82,32,38,-9,-79,8,-81,-30,59,60,-82,70,72,55,-81,76,-76,-66,-31,-76,-71,15,-51,-30,53,-84,-47,-78,-64,-61,89,-96,-41,-10,-97,-72,-41,10,64,43,25,93,-98,-97,32,-7,62,47,-90,-59,91,32,-98,41,-7,-68,0,46
-45,46,-37,100,67,47,3,90,-83,-81,-32,-55,-95,-35,-33,81,58,-15,37,-10,65,-51,-31,-11,-72,61,83,-42,-8,-34,58,33,-88,38,90,13,-24,-24,-67,-54,18,-41,-2,63,23,-94,-51,-98,-93,-58,23,40,-24,78,-5,45,14,-47,-84,87,-67,-26,-5,-13,-53,-62,54,-43,-4,-89,-85,-90,-2,-34,48,-13,-13,-24,43,49,53,23,-90,-18,13,-34,14,9,-84,-34,-78,-30,93,27,-74,28,81,-28,82,44,47
63,98,90,-7,50,92,1,68,-70,47,73,-30,3,-94,46,-38,-4,19,-94,-63,85,36,70,51,-52,-73,18,-30,-60,3,100,-11,73,27,48,-3,47,8,33,71,-26,39,60,-38,36,-3,66,-32,78,-3,46,9,-81,-67,99,-56,-44,-81,43,-3,100,-47,-86,95,-94,-70,-93,85,89,-37,15,-74,40,82,-46,-7,66,5,95,87,51,-27,-40,41,-6,-17,-52,1,86,1,47,68,-43,16,46,-56,83,-45,26,-87,-69
-6,-51,-85,-7,-60,11,-12,-26,94,-38,17,93,67,25,-30,-71,-73,87,-47,59,42,-21,77,10,71,-68,87,-100,-54,-69,-42,41,-19,22,-100,25,6,68,3,51,62,-82,-59,-6,-44,-48,-11,-73,63,71,59,94,-43,65,72,82,-75,60,-57,95,96,88,68,-95,-54,81,58,80,81,100,-9,89,85,81,-59,79,-16,89,81,6,20,66,17,-56,-64,58,5,40,-9,70,-32,1,49,18,-65,-87,97,39,97,69,86
71,-38,76,-51,63,7,7,-23,27,87,48,-81,-90,31,-86,95,-51,81,-87,-97,14,75,13,76,-39,-90,1,41,87,-69,-34,93,29,84,62,62,-46,-89,5,-69,-59,5,63,92,56,59,34,68,80,-62,41,-2,-88,83,-63,-29,-11,91,-81,-62,-43,5,97,-32,-68,57,-4,92,29,22,40,-17,-17,-57,49,69,-5,-8,12,42,-16,-83,-93,-46,-73,28,-30,-22,-96,79,0,38,61,-93,-7,48,-59,-99,46,31,50
-88,-91,74,-59,94,-37,93,66,59,-64,39,-40,75,-61,-86,48,-57,-15,-91,27,-62,-63,44,20,27,-20,-98,-72,44,-28,-41,28,1,59,6,94,3,14,74,22,-12,83,98,-40,79,-7,65,85,7,49,-68,75,77,-87,34,73,-45,28,64,56,-26,89,2,100,-62,-48,86,-23,-14,-79,-48,-4,22,8,9,23,-72,-26,-37,60,-53,-99,-24,-88,59,-79,65,86,-46,1,67,-73,30,-87,-73,61,-84,45,40,-47,-45
69,-47,-10,-97,-96,91,49,79,48,80,11,-81,42,-67,20,-67,55,27,51,-11,-61,-11,-91,-14,-50,-59,-73,-42,-40,83,90,-80,8,-59,60,-44,-1,7,92,-47,-28,-21,-11,48,82,14,-83,-89,-11,96,-65,-84,42,-38,91,81,-57,0,-94,-45,4,-36,15,-46,41,-3,-57,-1,25,-21,2,64,94,-25,-79,-37,-11,64,2,9,31,-42,52,-70,73,48,-69,-39,-58,-29,16,90,-79,64,-68,56,36,1,-41,-21,51
-91,-84,67,-40,44,-3,-12,-53,17,94,-39,71,65,49,-23,81,33,74,-52,43,-15,42,-14,94,5,10,29,-15,-81,79,61,0,-97,-76,0,47,-74,96,28,85,-30,93,-99,-15,-8,-61,-36,59,-38,65,10,-31,-8,55,31,-74,16,17,-5,87,86,2,42,88,55,-39,68,53,32,-27,-6,96,54,79,-32,2,17,52,-37,-86,-44,-23,-79,49,-69,99,38,12,45,78,-18,67,-40,9,-54,-45,65,-44,-90,36,-68
-61,35,96,45,-63,-44,28,-9,-3,63,-48,70,-13,-45,-9,70,3,87,-20,57,65,-82,-87,12,74,-13,36,-69,0,-71,-55,-65,-55,-46,96,-68,22,39,63,29,41,54,66,67,-56,-87,-28,-66,-26,-84,-76,24,36,-57,22,10,76,-90,-8,47,68,100,87,2,-21,78,58,-9,-65,-35,88,-13,95,10,84,100,-1,22,98,14,88,25,53,69,-73,-12,-98,31,-68,16,16,-37,-52,90,3,-97,64,-52,-62,87,-95
80,99,50,-53,-67,-56,53,-22,-1,79,94,-58,-40,-7,75,-8,-8,-18,54,63,-36,-81,-99,-5,56,-72,-23,-98,-11,-20,17,46,-89,29,8,-57,39,-55,81,11,-32,69,-70,-40,-74,-12,9,30,14,99,-4,-66,-74,-74,0,78,-17,23,80,10,48,-31,-9,26,-48,30,40,-26,73,60,60,81,76,-60,35,18,-71,-74,58,55,42,34,7,-82,63,-64,-24,9,91,-71,-9,-74,48,49,-24,50,83,84,-67,-100,-71
90,96,71,-46,-32,19,-10,24,85,-80,-100,-37,70,67,93,75,96,-43,-63,0,62,-11,85,56,64,98,53,29,15,-41,79,25,-57,-33,-8,-65,-67,92,60,69,-82,95,-22,81,-18,-68,-66,12,24,15,82,-63,67,-79,79,-91,48,-23,-85,-41,21,-41,-50,41,-62,-33,-22,-30,36,-79,64,78,-29,-85,-21,-97,-1,-50,-46,38,64,-7,-24,-51,84,-7,-30,89,-86,-42,62,-39,9,37,58,21,-56,14,-52,-60,15
56,-13,12,55,27,-57,-5,55,26,-30,45,18,19,24,-81,42,3,-33,74,46,16,17,18,3,-36,-2,-89,-3,74,23,-3,-55,62,-73,-74,-73,-71,-31,26,-40,-64,-1,45,-25,9,46,-29,-9,-31,-37,64,-12,-56,-31,-70,-36,10,-34,-49,29,43,61,38,-84,-74,-4,-80,-55,-39,-73,81,43,16,79,71,-43,29,97,4,-62,7,-60,46,100,41,-59,-59,30,52,-35,70,-70,45,-64,-45,-45,-41,-82,12,-63,1
-59,41,5,47,52,-70,-48,-51,38,-20,54,-55,-66,37,70,-87,39,-33,-88,13,97,-55,-40,93,3,-13,52,-61,65,-69,37,-21,-83,60,35,-42,-2,-97,-68,29,64,51,57,-8,20,34,-52,43,-31,83,-6,-6,-45,-87,-39,-63,-62,22,-81,-84,-47,31,34,-44,30,-7,-27,4,-71,76,63,61,63,90,28,-14,33,-40,15,-29,77,13,60,-79,87,-57,38,-67,-23,-71,-17,63,-55,-56,90,46,52,100,72,-94,62
15,52,83,60,64,-30,67,-29,46,7,-56,60,98,40,49,87,-30,-34,-97,-91,98,42,84,1,74,-36,79,-98,53,16,4,23,-81,-55,87,22,-31,-85,43,98,-60,89,37,-31,21,-46,-79,57,30,70,-67,33,11,36,57,-32,-26,3,-6,70,92,-78,-56,92,37,-51,2,20,-50,14,-11,64,-73,-28,-86,46,7,99,-67,-9,56,8,1,-58,61,-69,-39,99,99,56,77,87,4,-39,-58,-67,6,-86,-61,95,-77
37,-75,-95,96,-11,22,96,64,95,22,-2,97,8,-25,11,22,-82,85,-91,47,6,-28,-59,-27,-33,-38,-30,53,20,32,-41,-54,-74,69,-66,63,51,-88,16,34,-74,-97,-37,77,88,66,100,20,64,-78,-25,-2,-61,73,-5,67,59,49,-51,-55,46,-11,-24,76,59,46,99,82,-78,66,88,-93,-45,41,-55,-75,-42,-51,99,-40,92,81,38,-85,20,72,-55,3,10,-6,48,-10,-74,-98,56,42,-44,79,-13,-70,12
98,5,-71,-6,67,53,-37,49,16,-42,18,-20,44,-69,4,-82,-74,-79,28,-91,-32,-12,-44,-46,-5,49,22,90,-73,97,-5,31,-93,36,-12,27,60,95,-31,-11,-68,-48,-20,72,-9,95,-68,-33,-51,-2,-65,17,-98,-24,-27,-82,96,-45,-10,45,49,21,-11,91,-70,-54,82,-43,-5,-60,-4,-25,-48,62,-98,80,-53,-65,-59,60,13,2,89,95,60,-33,3,60,-56,30,84,90,66,10,81,0,-10,62,-56,-81,81
-23,-87,-53,-90,98,40,-86,85,14,88,-16,-36,19,-65,62,86,-89,76,39,76,1,74,8,48,70,35,-25,91,72,-51,-99,31,-59,-65,-43,-11,71,28,-21,-13,-1,-77,-56,60,-6,-65,55,-41,-18,42,-11,44,39,-44,-86,-72,85,48,-29,-37,32,100,-78,42,38,-23,80,39,-58,25,-78,-99,-50,-93,1,53,5,73,12,15,-3,59,15,15,25,66,36,-66,-6,72,83,-32,-21,-77,90,24,-1,-73,-84,-32,32
-99,-69,-15,78,77,-5,53,73,17,68,32,100,-83,77,-54,80,-93,-73,-33,58,35,-42,43,13,-79,-46,-49,-1,-62,68,15,-49,47,-71,-46,86,-88,94,-17,97,-58,-83,-100,93,54,68,89,15,-69,81,-2,66,-85,-74,-26,-69,-32,-71,-53,-17,87,90,-14,93,55,-43,-72,-16,47,-83,71,-2,68,18,-65,-51,-61,17,-55,9,78,-40,-55,65,1,63,-23,-84,31,1,99,-30,59,-37,-58,63,-97,-98,60,-37,-20
17,-98,33,-56,-4,95,25,-17,-43,83,56,-80,-73,-84,-79,59,-67,83,76,19,7,3,-3,61,-51,26,9,-48,-56,94,51,49,7,74,-34,-13,-62,22,-13,-27,46,40,-98,-43,-23,60,28,-6,75,16,56,89,-48,-60,-95,4,-71,59,-16,50,37,-51,36,36,-39,-64,12,-23,-54,83,-25,-48,-10,54,25,-31,-100,56,46,-10,-10,-58,-16,7,61,86,-71,-47,34,-14,75,-2,-81,-22,-61,15,-1,14,-18,99,4
-29,68,54,36,84,84,92,-39,-75,-59,-16,-39,94,12,36,-83,-40,-10,-5,6,97,36,19,55,45,37,-60,-46,-70,4,-74,4,-42,88,-37,-97,49,-93,-11,-68,89,58,90,60,9,-63,-85,27,91,-10,14,-9,49,73,43,-8,-96,-24,87,5,32,-80,-10,-46,19,-2,98,4,-81,54,76,-3,11,-64,-89,32,-7,-17,-50,-87,-37,-75,-95,78,68,34,62,-4,-11,98,-34,46,81,87,-83,77,-60,-56,25,97,-74
78,8,14,-89,-80,3,59,0,-36,-61,19,-93,56,55,-92,-26,2,-72,-77,28,91,-38,-40,-23,73,73,61,-87,45,-99,75,-8,60,32,-28,-72,-87,-49,88,-96,-24,45,73,-19,-25,23,-57,-46,13,-52,-26,72,-90,-27,-65,99,-28,-38,33,-42,-41,-69,-56,-20,-38,21,-98,-78,-15,-10,77,-74,-60,-87,-47,84,0,-75,-65,39,-83,98,-12,-37,-89,-10,-5,9,65,-34,48,-71,-86,-63,-28,32,47,17,45,-97,61
-31,-57,-99,-66,-11,95,-34,-77,65,85,-31,-14,47,31,-50,-77,1,45,3,-11,70,-57,62,95,46,-20,-73,-27,-1,22,13,-18,40,-60,31,-100,72,44,6,91,-55,22,-2,-46,-21,-11,64,64,-57,-72,3,-74,26,-31,-2,-85,-94,67,20,18,-44,13,-59,-28,22,36,-72,58,-4,34,-3,97,10,-15,60,82,88,-92,41,33,49,11,-72,87,-39,79,-14,70,55,18,3,72,-95,-22,-17,-67,7,-87,-33,-12,-42
39,13,-98,34,88,0,-90,-61,65,-15,-40,-60,9,85,-91,71,-91,-5,-8,-23,67,-37,-70,-100,-27,93,-18,-31,-17,-74,79,30,37,7,-74,-32,80,12,42,9,67,50,71,28,46,32,-52,-6,55,82,-48,-37,-13,58,91,-60,-63,6,-56,-50,89,-86,87,-40,2,28,-24,62,-45,-86,-14,-83,-4,-92,86,30,-33,-94,56,-52,42,100,81,87,-47,65,-49,-56,96,-36,96,-65,-31,-4,-91,-30,-31,4,-29,-54,89
-44,-4,-50,2,-77,-74,27,7,-26,-27,-70,69,64,-78,25,-24,55,-33,21,-5,83,88,-97,71,72,97,-89,-96,65,-15,72,-91,-20,35,11,-22,-27,-51,-99,-60,-60,-66,-64,-58,-76,15,-22,6,46,-39,-13,-80,31,-48,17,-51,51,-44,-86,46,93,-3,50,76,52,-3,15,-48,53,22,84,92,75,-2,45,63,96,-20,-88,-60,-57,-78,12,9,-21,-87,62,-92,-70,-40,-53,-50,-84,5,-9,58,62,-5,-5,-1,-52
-76,-72,-24,86,-53,-73,52,-67,78,-91,-55,9,-77,-74,49,-13,78,-34,-82,27,29,-56,-98,-89,-55,37,-33,-96,2,-44,-72,1,6,-63,-54,-22,-25,-72,93,25,-19,28,-37,-18,8,32,-86,-54,-98,-88,75,-42,44,28,4,-20,-93,-69,-88,5,-41,39,-74,30,61,61,-43,-44,-97,76,95,-100,97,-39,97,-44,61,92,-72,15,12,16,-41,-19,-73,-76,-99,-27,-71,-93,-60,70,31,26,45,70,-41,-92,10,1,37
-91,39,14,63,-59,36,-44,92,-8,54,47,-40,-79,-78,86,-40,13,-67,65,-30,26,40,96,2,-23,-63,61,-50,12,-37,73,-8,-84,65,-52,-32,39,88,26,40,-57,6,-30,64,-71,-11,-50,42,-90,37,-87,-34,24,57,83,2,43,66,34,-37,-94,61,15,-75,-21,-80,91,44,35,-22,-2,-2,66,84,69,-7,-58,-46,-77,79,-36,33,33,39,49,53,56,-67,-13,44,-12,-1,-49,-3,-37,-32,-37,58,37,-74,-61
-16,-8,69,-66,65,94,54,-76,62,25,-92,-52,-15,-14,-1,-31,-38,63,-87,-30,85,30,-9,-4,81,83,-76,-23,59,-36,-75,-86,18,10,-30,36,15,98,30,97,94,-33,5,-56,-67,-80,95,-83,90,-68,40,-93,48,35,86,-17,-61,21,57,90,-29,-26,72,79,99,-83,6,-85,-68,45,27,64,49,-8,-23,12,26,-22,-87,6,-94,56,-86,-14,52,-77,44,67,-10,60,88,65,-54,-9,-89,80,-63,28,98,-5,18
-29,18,-75,7,84,35,-91,-27,-8,6,9,-36,84,-38,22,-62,84,95,-13,-43,16,60,15,-19,100,29,69,-71,8,-51,23,9,88,77,91,-99,2,-38,-51,-63,16,32,61,-74,83,-12,-54,-76,-24,-62,-10,38,-90,81,87,-74,-88,88,-19,73,-49,30,77,-86,57,5,50,-99,9,-40,67,77,-27,-82,-99,3,56,-34,7,78,94,-54,12,50,-99,-11,-44,-26,-33,73,68,-52,-71,-31,62,-95,42,-13,-89,-15,-47
5,-62,-79,30,-37,65,-7,66,-6,-15,74,96,-2,-11,39,-44,-6,28,-71,-52,-25,48,-12,93,34,8,-97,82,56,-52,69,92,69,-2,84,-49,75,-20,-7,68,95,16,-78,41,-65,-57,38,-57,-19,73,-8,-98,70,-14,-29,-96,-89,-40,70,-60,-100,-100,-31,90,-1,-23,0,55,-95,28,-69,2,-86,45,98,-51,85,-92,6,26,11,6,-34,78,15,-91,-97,-80,44,-96,24,36,60,-3,-60,-18,-94,25,-19,59,-46
-95,37,-42,52,-98,59,-68,-89,63,-99,-51,-17,66,-74,16,8,54,85,98,-20,-24,-3,90,-75,-63,-99,22,-76,-52,93,29,35,-38,48,47,44,-25,33,-49,-80,20,-89,-30,18,-58,73,-35,59,-54,-55,-89,34,-4,-100,19,-95,8,61,25,-1,-35,3,6,58,-72,92,-64,13,-55,-72,-37,9,16,14,40,-51,98,41,-39,-24,-85,-49,25,-13,-34,25,-87,-24,-90,-77,34,-21,19,97,53,-28,89,88,-80,39,-82
-41,8,48,-25,63,88,32,-72,64,-51,6,22,48,1,74,-52,40,99,-51,10,-58,-55,-75,1,-72,-39,88,-58,91,52,-99,-69,-67,21,76,-27,-58,75,33,52,-75,-42,-13,-24,52,-96,9,67,24,-2,-27,74,-38,80,-21,-51,-91,43,52,-61,54,79,86,-33,-53,20,-26,-16,55,95,-96,-64,-5,92,62,-22,99,11,24,-65,49,54,-43,-78,-50,28,-92,38,18,-55,23,-40,68,26,-76,-22,14,-66,-53,-91,-46
67,-65,-23,-46,3,24,24,-37,-5,1,64,-43,-41,-84,-37,97,-56,-42,66,52,27,-59,49,43,29,-47,75,-75,-8,29,87,66,40,-49,26,81,-16,14,-38,36,96,29,-69,-31,-69,-69,6,8,-27,-40,-39,-74,19,70,-45,68,-28,-83,-29,13,42,-48,-55,56,52,-56,-97,-70,-15,-83,30,2,16,-57,-57,82,92,-55,-100,56,18,-100,4,-50,-45,16,94,-72,-5,-81,92,26,-81,-75,76,-9,90,77,-72,-63,-76
-13,-32,65,-38,-31,-100,26,-19,13,28,-72,67,-83,9,-28,17,-20,-46,-49,13,31,21,-67,-78,91,-58,76,-49,-87,75,-33,-69,-42,-5,63,96,-61,-24,-92,-45,32,-92,-51,-4,-79,-58,59,-97,-36,-92,-88,-82,-12,29,-26,40,-91,25,-86,22,-59,94,27,4,93,18,-51,15,-90,6,-39,-69,-21,-6,-10,80,-25,-32,6,51,12,-3,14,11,34,23,59,-61,11,-25,6,-6,31,49,-53,2,74,6,83,-76,-80
14,-87,-88,-64,48,-23,25,46,58,-7,-59,9,28,-30,-61,35,-68,75,-15,13,22,12,-92,64,33,-54,-28,-69,-14,-14,2,34,-56,22,43,70,-60,-100,-95,-73,-15,-76,10,-63,81,-79,-24,-17,81,-53,-68,57,45,79,-74,-91,97,-53,-82,-20,-57,-2,49,4,33,-70,-3,-85,10,18,24,5,96,93,-70,30,2,49,96,-36,84,-97,52,-22,94,29,-44,-51,70,-59,39,54,-63,49,11,93,97,6,-97,-65,-42
-75,-36,63,-88,-52,89,96,72,-10,-39,-10,-78,54,62,28,-45,41,49,-61,-42,58,-69,1,-83,-36,78,21,-49,53,41,-57,-95,89,-19,-40,41,-43,37,-51,-36,-53,19,24,-82,-52,-19,82,-87,74,-24,-40,-32,-68,97,5,8,-16,84,-73,71,86,-21,-65,-43,5,5,-1,-61,70,35,-29,-5,-77,-1,79,5,-99,44,64,-55,-8,-89,-52,93,-55,-98,-35,46,-30,74,49,77,66,9,-14,-93,26,-49,-41,54,-78
88,6,18,47,-35,-7,36,-60,36,11,-39,37,21,92,-93,-62,15,-14,7,91,-24,4,46,-98,-22,-97,68,3,11,15,-33,77,88,-12,26,-26,-81,-7,-22,21,-47,50,38,31,33,85,-30,77,82,65,-81,-93,-55,-2,22,53,-99,52,4,-73,-97,-50,28,95,-14,-22,72,2,-41,-54,-60,8,94,-31,-2,3,-84,7,81,98,19,-73,-82,68,55,-30,-41,39,-56,25,87,-24,32,-16,17,-91,-26,-93,59,4,39
-57,-55,11,-19,93,-5,-92,61,82,-11,85,-5,86,79,29,46,39,42,-95,43,20,45,65,-94,91,-21,-63,-74,75,76,-87,44,-91,-85,41,51,-16,-51,72,14,9,-30,87,-29,20,76,71,-21,-6,-64,-28,25,54,40,99,51,-12,-37,1,55,-70,5,26,-7,21,-38,24,-55,-96,96,49,45,39,-100,-84,73,-54,100,-37,83,-30,61,-12,-15,8,-73,13,88,-66,45,2,8,-16,44,-6,37,87,5,-84,67,10
54,-70,16,-73,2,-7,30,48,19,-45,-9,-66,-64,71,-19,67,-9,67,-28,31,21,56,13,-100,-86,23,5,9,-18,70,-23,6,65,38,-69,-26,61,-55,79,-68,77,9,-57,51,38,80,28,-78,-36,55,-45,-99,-80,-2,92,-23,-31,73,-31,-76,50,-52,-50,21,80,5,96,-22,92,56,15,18,32,-72,-73,-90,11,-21,2,-65,85,-18,-31,-79,9,68,33,-100,-21,2,-84,73,49,54,-24,-26,14,-14,25,-56,-100
90,28,1,-85,-47,80,79,72,-100,-74,51,64,-26,87,11,-95,-16,-63,-61,10,-52,31,-7,23,-4,-82,-34,34,43,30,53,62,-60,-95,-46,22,62,-35,-54,-36,-31,-61,-24,-39,84,-54,49,-91,-88,59,-79,-72,-1,-22,61,-53,98,-58,-18,-6,-45,-30,73,-92,-44,87,-4,-11,93,-82,-64,-85,-9,27,50,-93,0,-47,66,28,-25,-81,-49,-86,-95,91,23,16,68,40,-69,-71,-3,77,13,-97,74,8,-26,-55,-66
9,78,-64,96,70,35,-82,-76,60,-25,94,88,61,32,-17,10,89,22,-17,60,-77,4,97,-24,57,40,63,88,-100,11,3,-73,25,-10,22,-16,-80,32,42,-89,34,95,-96,51,-42,-50,-50,12,2,-94,0,-60,43,-58,-5,-56,46,-38,83,67,23,22,-19,-76,26,2,26,-10,-31,85,52,22,82,68,-36,99,5,-25,83,-86,80,-67,-50,42,-49,-50,-29,-14,70,93,-35,73,77,0,-11,64,16,-73,88,75,58
45,63,-86,-100,-95,48,-79,-30,6,67,90,36,-64,-17,76,72,65,-3,-42,19,42,-21,40,67,-15,80,50,-4,-81,97,-36,-49,92,42,96,42,-86,-36,-84,78,27,46,-46,-31,50,-60,39,-81,9,44,52,-94,70,-5,-15,65,-10,45,-94,-10,-24,-95,-11,5,75,14,64,-32,69,-55,47,24,19,-67,81,27,48,-1,-69,52,-64,40,-51,-54,34,-37,-7,-36,58,100,92,-98,-27,23,-52,-58,83,-8,-10,-76,90
-56,-23,-14,74,-91,-28,20,91,50,-83,-23,0,43,78,-82,-83,-99,-10,-31,-12,-55,68,-37,-90,-55,-65,-28,67,78,-51,29,-51,71,24,97,-94,70,-78,24,-42,-51,71,19,38,-72,5,-52,-30,-48,85,-60,81,-78,12,36,80,11,-81,98,-16,-41,-1,77,-8,28,76,-29,-67,96,59,95,72,55,-88,53,90,-32,17,-80,9,56,-53,10,28,-34,-91,-69,12,42,62,24,-33,95,47,91,-72,2,-22,42,62,19
-6,-68,53,-91,98,5,8,-57,88,-18,-2,-96,-85,-43,-41,-39,15,-53,-16,-28,85,98,-11,18,26,-36,90,21,-3,62,-4,55,23,46,24,-8,85,71,47,46,-68,82,93,-14,-3,-42,-92,-71,-73,35,25,98,-72,-82,88,-71,-42,67,-1,-15,-12,7,-70,77,-59,11,46,-3,30,48,35,94,-52,-44,16,-50,-9,51,34,-7,4,-29,-49,82,-28,-97,-53,35,-49,-73,-21,92,-23,-7,-51,24,79,-98,-39,-45,-37
-22,-13,-14,75,-85,-87,-71,-25,-7,-1,-53,30,-65,60,33,-50,-17,8,45,-81,-25,22,13,-60,-58,79,65,33,10,-3,14,72,50,10,-63,-20,-3,34,-86,36,78,-43,7,56,-52,-21,-68,-100,-70,33,61,63,84,-51,-15,-65,28,85,-64,-85,-43,-77,64,76,82,15,-21,-4,-68,-6,37,1,33,-81,-95,-78,41,-46,3,55,-83,-14,-13,9,-96,-93,16,55,-12,88,79,37,36,75,-26,-86,-83,98,-72,41,30
40,64,-95,94,2,91,-91,-83,46,39,1,-39,-35,-81,-2,-82,-64,63,-89,38,36,-23,-8,68,-89,25,56,59,-74,-26,-61,-11,92,98,-23,-74,65,89,0,-5,-54,-5,-66,73,60,-47,99,69,-65,-35,31,-21,-48,-64,-64,97,-32,-63,25,-76,25,-53,71,90,39,-48,-20,-23,-33,1,-5,-92,47,-95,62,46,36,69,-80,-93,-63,-37,68,-9,2,-97,86,-2,70,91,-35,-53,99,96,37,-45,91,-15,2,-55,-92
-55,30,58,0,-44,30,68,83,45,5,-13,20,-62,82,52,80,0,-83,51,-8,-30,-59,68,68,57,-17,49,34,23,-38,8,-23,90,38,15,-79,59,37,-38,73,-70,69,17,88,81,73,-19,3,40,-52,23,49,18,-90,66,31,72,61,-8,51,73,-68,-87,56,-2,-38,-78,29,-37,82,16,39,13,-87,48,-27,6,84,53,-41,85,-7,44,9,-45,-31,-79,-51,-33,73,-48,-18,4,86,-41,72,-41,-73,55,80,-74
6,-37,-91,-13,33,-68,96,-9,89,-26,62,-97,99,96,79,-14,35,-15,31,-41,17,60,43,-65,62,-37,27,24,-8,22,-12,-25,-32,100,-9,-56,-54,43,-49,-29,13,73,-4,-54,70,-45,11,27,-49,-63,13,-90,39,67,82,-72,-27,-12,-50,-59,6,-97,85,-43,-17,-30,45,-35,-54,-29,6,-42,93,43,79,-28,-43,-78,-22,77,64,-89,61,35,42,-76,-50,2,86,-55,28,-3,-24,-13,12,-35,6,-39,-47,-17,-41
90,-71,-99,-61,61,-7,86,-7,-36,40,86,-55,-29,-71,8,-33,-50,87,1,11,-3,-36,-39,-8,64,-56,-77,-82,44,-20,20,66,95,44,-40,62,24,-81,74,-19,47,-5,-13,98,85,-32,36,59,22,94,-16,96,-16,-11,7,-49,100,89,-5,-64,66,90,-33,-75,-75,-67,36,-16,71,-58,-99,32,76,-85,39,-48,-13,-81,63,79,-86,-88,1,28,9,55,-19,56,-68,-30,-13,-74,-80,-75,-70,-77,-63,73,-46,-97,78
-76,37,-38,59,-36,38,-91,87,5,37,-66,84,-65,-95,-71,-68,-58,92,-91,26,-32,21,-47,-99,-56,20,-91,33,-93,38,-49,29,-81,12,48,85,-32,12,-64,60,83,49,99,16,-11,30,-49,-25,-63,47,83,59,32,53,26,-63,49,-50,-80,-28,-17,16,70,-69,37,52,-58,-86,22,-6,5,-50,55,-65,-6,-32,17,58,28,-91,-31,-9,-36,-91,2,82,36,-51,33,-61,-63,69,-96,-46,-68,13,-21,-73,-90,47,90
-85,79,56,-17,-50,-23,75,35,-96,-30,81,89,98,46,-43,36,-29,-72,64,53,88,35,-96,72,-37,-71,-16,-8,99,15,68,-10,-46,-24,-28,-36,86,-87,64,76,73,47,15,-26,-17,-72,31,-94,-40,16,18,-33,55,-51,17,81,95,-27,80,-77,37,-12,86,-46,-48,37,42,-86,86,-21,-84,-91,-93,-9,64,36,-37,-27,-30,37,-8,-61,-38,-31,86,-19,37,57,-32,-74,54,99,54,42,7,-4,49,39,9,-66,89
-61,-26,44,-26,-79,-80,30,30,-54,-79,-95,-5,25,-60,-24,61,77,-24,21,-89,5,59,42,29,34,8,-84,-2,-69,-93,-88,62,-27,-27,-24,33,43,96,-10,17,69,-98,-20,-1,-28,62,85,-53,-53,4,-60,-28,-55,-47,11,-51,92,-58,89,-7,-92,65,-90,23,-82,-96,-67,-23,76,76,39,-68,0,-11,-43,-84,-99,-7,82,95,49,-80,-29,59,92,30,-9,1,-38,3,-18,38,95,-42,-17,77,53,10,-51,37,-58
38,-20,-75,-33,-41,22,22,-69,-93,67,-62,-26,50,0,11,50,-73,-75,20,-1,-11,67,82,-70,32,-20,-91,-94,-40,37,-29,-90,-20,76,38,73,76,-13,-91,-36,92,41,69,-33,72,-24,4,90,-47,-13,-49,61,55,-55,26,-26,-22,-29,40,-97,-59,-34,49,48,21,26,-51,-53,-3,35,-43,8,-8,91,97,96,-76,-3,-20,-15,-43,-96,91,-39,-3,0,37,-78,70,24,-15,-15,19,1,12,81,71,59,65,1,1
-2,-71,97,-36,-11,73,-5,-98,95,36,46,-5,11,-50,32,36,6,45,16,-9,-49,44,67,54,78,-49,57,68,54,19,10,53,-63,-100,-18,69,-81,-51,50,-63,54,-42,-62,29,27,-8,-77,56,-12,32,-37,-82,5,35,-38,-18,65,99,-76,11,-16,31,-69,28,-96,-81,9,6,90,90,-63,-48,12,-37,-42,-7,27,-90,-65,-66,-90,59,-76,-13,93,-97,-92,-99,-3,-74,3,-15,-94,6,72,-90,-15,68,18,37,-77
-7,16,-92,-6,37,-40,-81,-15,-49,79,-31,28,-33,-71,91,53,0,59,-49,-75,80,-14,6,-34,-26,5,39,97,-50,-34,15,3,16,-43,68,11,13,-46,52,48,23,54,-69,-30,-3,35,23,-25,66,86,-4,100,57,38,72,-67,-24,43,-98,39,-24,83,87,59,50,18,-34,7,38,-39,-83,1,61,-92,7,-16,-67,-1,27,41,-95,-27,97,35,-55,25,-37,19,46,9,70,56,82,61,42,-13,74,-90,-48,97,-59
