-34,-16,61,-70,31,-36,-66,73,25,-71,-71,23,-36,8,91,8,98,-90,73,52,-81,-69,48,16,-85,35,52,54,67,96,14,-15,51,100,23,63,52,99,-71,76,2,12,74,52,-62,31,36,80,-36,-77,-79,-3,-98,-19,-71,-47,-91,-94,-5,41,-69,-66,-98,-23,32,36,-9,-1,-91,22,-39,-1,23,31,-82,-80,-97,-35,0,36,42,-82,99,95,31,-30,5,83,95,-80,62,-4,93,-82,-71,-59,83,1,82,-91,-11
-80,16,-49,67,-63,45,42,-35,-28,61,9,62,-11,-8,-1,-95,60,-38,-74,46,66,-16,61,-5,-50,-36,-80,-79,-82,12,59,-2,58,60,75,-34,66,77,83,33,-26,-91,-96,-8,97,62,68,95,39,-35,-23,-58,-46,18,-11,-81,41,-11,-34,46,-90,-95,98,90,34,-17,-73,-75,41,-64,-58,-3,62,-5,-49,-99,-64,97,-4,37,-15,22,-34,-6,80,-93,95,43,-78,6,-16,-80,-38,-9,32,-24,21,68,19,90,66
13,54,90,-63,5,-64,-2,-95,-7,-63,-79,-41,-80,-32,-27,-52,-78,-27,-71,93,16,31,8,-59,-72,41,-63,-31,89,-95,-22,38,17,46,-67,25,-53,-99,87,80,55,64,61,-74,-100,96,11,-86,92,-77,70,-22,-77,-69,94,-13,99,-60,81,-53,26,19,27,-29,28,-76,-21,28,-95,97,-48,76,-18,-43,76,98,-85,-72,-7,77,-96,85,64,-37,-99,-73,-64,-79,23,51,60,16,-92,35,17,-4,19,88,-6,-78,65
-20,-66,-4,16,-54,35,-88,-68,-71,-8,-53,64,-22,31,100,-44,-16,30,-30,78,-19,-38,-22,33,35,36,86,-45,-19,-49,98,45,96,-98,-28,-61,76,84,73,37,-37,88,16,9,75,60,35,-36,44,25,19,85,70,78,-43,-38,16,78,-97,9,-58,36,52,-39,27,30,55,80,31,-79,66,2,60,30,-25,62,37,-12,-33,-59,-57,-27,77,80,-38,63,-91,-93,-90,-28,-9,8,-74,-25,86,-50,-13,20,-99,-87,6
15,41,-2,22,92,23,-67,47,-17,-58,-92,-45,49,-78,-49,-58,0,79,-38,-22,-53,-38,-7,-40,-17,78,49,-50,86,-12,75,-3,69,9,-44,9,12,52,85,-70,90,36,92,-36,59,3,27,14,-49,58,18,-78,68,-15,63,66,-52,80,39,-58,-50,-55,-90,26,-40,68,-83,-15,-53,-93,-63,-85,-59,-80,-24,82,-62,54,-61,50,80,-78,40,-34,98,7,-86,-9,93,-15,-17,0,-25,81,66,2,33,-37,33,71,92
-42,-71,-35,69,-35,7,-59,36,-86,-42,22,21,-7,40,0,40,13,29,-5,19,-31,-1,-9,26,-98,49,86,91,-57,91,94,42,69,-95,-62,100,46,88,-74,-14,67,63,-9,-23,37,-50,-22,-66,-8,-15,-33,-69,34,95,64,3,85,29,33,64,57,56,-99,-87,-74,-52,-12,68,-53,23,42,-80,63,-41,7,-28,88,-14,6,55,-12,-29,26,-50,22,58,18,52,-31,-68,-66,62,-61,70,-32,-2,-20,41,79,-25,48
68,30,51,-33,48,57,-85,7,-32,56,99,-59,-9,26,-21,41,76,-75,43,-86,94,1,-28,-46,91,-85,36,28,-21,16,-35,-75,27,-25,-90,19,6,-5,69,41,-95,-37,-48,-13,-84,76,69,-48,84,27,-91,-5,25,52,41,-92,-72,-42,53,-4,-98,99,-87,56,-19,39,52,-74,-82,-57,-2,85,-11,68,-61,-52,-93,11,-59,98,43,80,29,-27,25,92,-65,-40,6,-36,-74,17,-2,92,-67,-43,-4,35,-72,71,-12
70,53,-22,-47,-49,-98,9,49,4,17,31,-24,-13,9,-95,42,-14,8,85,92,-6,42,6,-1,21,-46,1,91,-21,-8,81,56,-31,-74,55,-21,-30,-73,2,39,-20,-20,-64,-11,57,52,-26,53,99,30,-23,36,-85,-10,-32,64,84,74,-35,82,-52,96,48,89,-7,-13,99,67,71,-27,-87,49,-62,-62,-53,56,-34,53,-38,-6,28,30,-84,80,-79,-37,-60,-37,94,50,6,35,38,-87,36,22,4,-64,11,-24,25
-70,-24,-45,42,84,9,-74,-28,-20,-96,-78,23,30,51,67,-62,-43,-90,-32,-65,84,-19,31,-63,39,17,-1,-21,88,17,66,-25,-83,73,20,46,51,40,92,-41,-77,-58,4,-85,-95,-96,96,84,38,-90,87,5,-37,-62,-32,28,-69,14,-83,33,-100,-17,-87,-56,-5,-6,57,7,76,77,-4,31,97,91,87,-24,-32,-86,15,-10,43,-56,-48,-66,-1,-86,-79,-81,-3,-28,-89,78,-30,54,-28,88,-58,-11,37,-25,85
23,-51,18,-30,73,61,-69,3,99,-52,83,44,-46,-86,61,88,-4,77,27,-12,90,-27,-50,-15,-90,20,41,-66,-13,-90,74,-25,8,-35,-32,70,50,-86,-69,38,-72,-26,-53,99,-15,-37,-63,87,-6,40,-68,65,-89,-43,20,-43,-95,-3,70,65,-80,18,-87,-17,0,0,-25,93,21,10,-22,38,-92,-37,14,4,-79,-86,-24,60,12,45,76,-67,-1,-59,-72,-92,31,34,64,16,28,15,21,-20,-53,-23,4,-26,25
90,-37,21,51,-96,33,-29,73,91,78,55,39,43,70,-41,45,-58,-51,33,-72,-64,-63,28,-85,83,-66,-81,73,-26,-58,12,19,-43,96,23,-36,-22,39,43,-48,3,72,19,-45,-1,1,-77,95,82,41,96,18,64,-93,-74,65,-34,33,18,25,93,-80,27,-97,-64,97,12,27,-10,-85,-25,1,-4,15,-41,-31,95,90,-63,-54,44,-4,-43,31,-16,-49,17,52,-45,-54,15,21,64,-44,-28,-42,-21,47,-51,77,-19
-97,-71,-60,52,76,32,51,-93,80,45,58,-38,34,40,-25,56,67,90,-77,-76,-95,-21,57,-63,-38,25,-52,-25,55,50,57,-96,5,21,73,45,67,-48,-22,71,-40,-14,65,50,-86,-28,-92,-8,1,-1,-60,47,57,4,-69,-36,-42,61,21,93,57,-67,-62,57,57,35,9,-40,-26,-8,52,-39,-86,-10,-74,-63,-23,79,85,-55,99,38,-79,100,64,10,30,53,2,68,-30,87,35,90,-41,-81,-12,33,94,-14,-12
98,6,-67,-5,-89,56,34,-84,84,-36,36,14,-77,-76,-85,50,-16,65,76,-80,-58,-2,-39,18,-86,-80,22,-80,-2,13,-17,-87,88,40,-91,-21,-8,-5,-57,89,34,16,-4,3,-25,93,70,84,83,39,97,-97,36,90,-57,-3,76,-54,66,-35,81,43,86,-86,-55,-85,56,-37,15,-67,-96,-97,-69,-57,14,-100,76,-100,-44,-39,74,11,100,61,68,-82,-32,39,52,2,31,30,5,-14,12,98,56,-13,-36,-2,-60
-9,-84,76,-64,-70,34,76,-14,-2,26,-73,48,1,-31,-28,97,-44,50,98,88,-21,28,35,32,53,91,15,-9,-59,-13,-95,-42,-99,-77,29,66,11,83,-57,64,77,50,95,-90,-95,93,90,17,-19,71,-6,32,-37,-82,-26,4,-31,-28,-31,-80,-70,-41,62,34,-67,98,-21,-27,35,-12,-93,-59,-60,-39,-18,-19,2,88,-53,-91,-61,90,-28,-37,-60,79,-42,64,88,52,85,76,27,-8,-62,12,16,65,82,24,91
-41,30,-35,3,5,-27,-38,-17,-42,-67,43,17,-90,8,92,44,26,-5,91,-92,-55,-24,80,12,33,40,83,50,64,-58,40,73,-64,-68,-73,-30,22,-76,-99,71,-61,-16,-44,-52,68,-98,-31,-21,-56,-48,78,-11,-82,-17,33,-83,-3,40,-69,17,-33,-59,44,99,5,-85,77,57,84,-58,43,-99,35,74,65,76,55,84,-47,74,23,-90,47,-62,-32,-67,19,97,68,-44,-51,-24,-64,33,-67,-38,-27,-88,-54,58,-73
56,43,11,49,20,11,-5,52,-80,-19,-49,-41,57,58,-40,-37,77,-40,-83,13,31,16,96,-32,-92,-68,-14,6,-96,-67,83,-68,16,76,-32,-99,70,94,-38,91,100,61,-25,32,31,94,54,8,-37,57,75,84,56,-77,99,97,-49,-98,78,-80,45,50,48,47,78,-85,-41,66,-37,-73,-62,42,-88,51,18,80,-72,52,-100,-70,-68,15,66,-36,7,-46,-89,0,13,-25,-78,88,-19,49,48,15,-31,66,56,47,48
-24,-94,-43,45,40,88,-86,-81,-23,94,-44,-16,-51,40,-5,85,-91,-19,-34,74,-76,-22,-41,75,-71,-18,2,-31,87,71,-15,-99,-98,4,69,-68,3,-46,-12,-69,73,81,50,31,-97,-12,-64,-97,32,13,99,-51,34,-10,-98,82,93,34,-83,-23,52,-16,-78,-71,90,-35,-88,30,-48,69,-66,54,-54,-38,75,49,39,58,-20,-1,-28,16,6,23,19,-63,65,-40,-10,84,-57,-48,-47,-60,26,-87,-26,-93,-47,-57,-72
24,16,-85,-21,42,-73,-81,-63,65,-7,-42,37,-4,68,-35,-99,-60,96,12,-98,-95,-23,-5,47,-69,24,75,17,50,75,49,-87,88,6,-14,-9,-30,-47,16,48,-96,97,60,-70,-85,50,82,25,-78,86,-48,80,-35,-39,-17,72,-59,-34,10,92,-49,51,50,-7,22,-89,-72,23,-68,-31,87,-36,-42,94,-23,-25,-90,-29,88,33,2,76,61,-52,97,-21,34,39,-26,-76,75,29,34,84,66,84,46,45,70,-38,-59
100,7,-99,71,-33,32,-99,-17,64,-49,0,-38,87,36,12,-18,75,-39,-50,35,-4,97,-52,-96,-91,44,10,-74,-9,53,71,-98,-26,-41,21,93,92,67,-64,12,-14,-44,-50,30,66,-51,19,86,-69,-37,-68,-9,-22,-88,6,-6,-17,79,-17,23,-53,-88,40,76,11,-18,-90,-33,-54,84,-92,-94,-99,-86,29,54,-62,-43,24,-37,65,-58,-45,100,76,100,-74,48,-78,-43,0,24,19,-95,-93,6,-50,55,-1,-32,81
-26,4,-41,47,38,-52,-16,88,-22,-83,49,-54,-98,-31,55,93,38,19,-53,88,58,87,42,-52,97,30,0,84,5,45,-38,-88,94,21,51,-30,-24,-27,-14,33,-81,-31,56,74,17,-45,-95,22,-69,-98,18,-42,83,-64,47,-8,-59,25,-34,91,31,8,-17,1,-31,78,-52,-6,-43,25,-89,-97,-19,63,-63,97,-50,-10,-54,-57,5,-72,-41,47,11,63,-8,-80,35,15,-44,1,-59,38,13,11,-57,28,79,3,-77
-89,85,-66,77,-9,91,-11,-69,-52,42,7,73,59,-30,33,48,-47,-91,63,77,-31,1,-53,-65,-88,66,-36,11,-90,-68,30,-81,38,-22,-14,-2,72,-84,-44,-72,-43,-37,-37,-17,-73,97,95,11,-60,-7,28,33,-78,-43,77,46,51,14,90,-35,90,-85,10,-88,-87,46,9,-76,30,31,19,-31,-9,85,59,52,85,62,-7,-11,22,-11,29,-82,96,5,-28,-52,48,53,-82,-89,-87,94,-30,63,-86,63,43,56,-29
4,23,-88,-84,-19,-22,86,70,-83,-95,-3,88,97,39,-84,66,-7,-86,-38,-62,-96,-96,97,-84,11,40,18,-74,-72,42,15,64,-48,-75,1,-37,44,-64,15,67,-100,0,-55,-19,12,-93,17,-83,-36,-99,64,-5,-50,-54,-3,56,36,48,-5,-66,9,0,7,-78,67,-42,82,48,-16,-13,68,91,59,-28,-52,-24,61,41,-64,-87,-8,21,-64,23,81,-10,-90,35,-76,94,-54,23,-22,100,-48,33,-24,-70,30,-26,67
-9,-63,23,-23,-15,-48,87,-66,-77,69,28,-52,-87,-35,-87,-30,-52,-52,92,11,-89,-20,-58,61,66,94,-16,27,10,-31,19,-55,86,-73,-58,65,72,-52,-97,-32,-2,-84,-73,85,-87,20,32,-69,-47,48,-58,77,50,95,63,75,86,62,6,11,-87,10,-82,18,-68,-40,41,29,87,-85,-41,17,-88,-6,-41,-27,-57,4,-59,24,48,-27,-93,-3,24,44,2,-49,-55,87,56,-74,-81,-28,-78,-62,-54,-53,6,11,30
-8,-9,-24,-4,29,-62,29,-3,-20,-83,54,-10,26,29,-50,89,-37,-99,23,-37,20,67,-4,65,4,-74,-13,66,-29,97,82,94,-70,20,-37,28,-50,-11,78,53,-60,-1,61,6,0,-47,-22,47,-23,89,-90,-87,70,5,-27,-12,-33,-89,13,12,-20,10,47,-91,-95,4,-58,80,88,-95,-31,-28,-60,-67,74,-94,-17,52,74,97,-76,95,81,3,-8,-5,93,7,7,95,-49,-78,26,-47,9,70,-82,61,45,-34,-93
23,-15,25,-69,-7,-71,1,80,60,-63,-43,4,-62,-99,67,96,-13,-52,-81,-88,-33,-95,-63,-88,18,61,0,-8,72,-59,-87,-94,-40,-95,-57,82,-60,-1,-10,-42,5,90,89,-6,-17,99,8,1,70,56,59,55,-79,-1,63,42,50,92,71,100,69,-96,-82,-65,18,7,6,-88,12,23,44,-41,-69,-1,-27,-14,23,-44,54,16,-2,80,-54,-38,-36,12,14,30,27,-35,24,84,-90,-64,-13,-10,-8,-95,-93,42,-4
45,-15,-86,27,1,83,-93,73,68,-31,91,29,43,-86,18,58,90,-19,-35,-65,64,87,7,-12,-73,-34,91,6,-8,-25,18,71,39,-96,36,6,53,95,-9,-12,-14,-62,-58,-43,93,-35,74,28,-29,34,-68,-73,-28,100,73,-92,6,-98,78,-95,-92,71,67,-79,6,2,29,-33,11,39,27,59,13,-81,22,-54,40,59,-94,77,-43,-24,3,21,-78,-55,-94,17,-71,94,1,-4,-44,60,2,42,41,84,-72,69,5
87,-8,-98,-3,4,16,-18,93,-19,91,94,57,-93,34,100,78,-59,32,21,24,-59,-30,32,-70,-75,-75,-33,72,-46,-56,-96,-55,-35,-91,57,1,32,-45,-80,-8,17,35,83,-23,-26,78,-5,-24,19,-47,24,38,24,-28,78,95,30,90,-58,45,40,-78,-15,53,65,-69,17,84,-10,-45,47,13,9,-57,49,-67,27,42,-23,-36,-85,-9,76,42,-57,35,25,-87,-68,-95,25,38,35,-91,78,-17,38,39,84,-69,89
-60,89,97,-39,-56,-96,74,37,63,52,57,1,-65,-18,78,43,94,-84,-80,-77,24,-42,4,-50,-53,-45,-35,-68,-91,-80,99,59,73,50,86,-38,-68,-31,12,-82,16,-61,-74,60,-82,53,-16,-83,7,-29,-87,11,-27,-34,40,49,17,67,10,82,-73,52,-78,46,-87,-8,68,16,6,5,80,23,-95,100,-18,-75,-12,-39,1,-5,-80,-17,-6,-46,0,4,33,96,-100,-4,20,4,-91,-38,-68,-67,-63,24,1,41,90
-32,95,-40,30,56,27,-96,75,-13,37,96,74,-90,-62,-98,83,-85,63,57,4,87,-96,-99,-71,72,5,-40,-5,9,0,14,-77,-32,-46,78,2,-62,-49,-57,-48,-41,-73,100,-87,79,-83,-80,23,-90,14,-31,17,-35,-86,-24,32,78,7,-7,-22,-12,-36,78,-9,-28,34,86,-32,86,66,77,99,-91,23,-95,88,-45,-80,76,-54,46,10,31,-37,-49,15,-6,-68,53,10,2,36,-18,-95,20,46,-4,36,-72,22,16
5,-27,57,-46,74,-84,99,-9,-89,23,10,-97,-40,-52,-93,-54,52,-9,-64,-74,-27,-45,-58,53,71,-94,-48,-22,-87,-22,-21,43,-46,63,69,-72,0,3,41,-1,32,49,-86,-52,46,94,-60,-11,-9,82,-17,-78,69,47,36,-29,-78,25,0,-74,2,53,4,-23,-95,29,66,33,-63,82,-84,57,-14,2,-65,8,22,26,48,-96,-33,-65,-59,-70,-5,33,21,69,-87,30,-85,-83,82,68,-74,-8,-78,-39,49,-22,81
61,83,92,-34,9,-86,-77,-50,-48,-59,26,75,-49,22,31,46,39,-49,67,-46,25,-49,-48,-86,-20,-32,88,-75,-30,-80,-65,-44,-79,-46,86,-35,-4,-18,-42,-62,-60,32,-86,87,87,94,-95,-24,-49,-44,-59,50,67,-55,96,-37,40,-61,-10,-51,10,90,9,78,-94,7,79,-79,-35,84,-60,-96,43,-58,-81,-47,-66,-36,63,83,39,53,65,0,-18,9,36,55,-30,53,35,-25,54,21,44,4,11,35,99,97,-47
0,-40,60,43,66,27,85,24,71,59,-9,48,49,8,-62,97,14,-58,55,-2,-12,-42,-10,27,34,79,-23,-63,12,-20,-66,-26,-31,-27,56,6,82,53,76,78,-60,-26,90,-2,-49,-8,58,-94,-27,34,34,79,76,99,-2,82,57,60,10,88,-83,-71,16,-29,97,-26,42,-35,-56,58,-77,10,-91,16,-59,3,39,38,37,57,68,-39,-84,80,-86,72,35,-2,-82,-7,-51,45,-80,29,27,15,92,-66,76,-50,32
92,-22,-20,88,34,-33,25,33,97,37,-29,15,37,83,2,-64,-3,-57,-3,69,98,40,-27,11,52,-1,55,12,81,-87,-49,4,47,68,78,78,-89,-26,-58,39,-77,88,-16,73,-43,-59,-10,-88,-88,-87,60,-24,-64,-43,-61,-42,-31,57,-16,-45,34,-60,-86,-19,53,11,57,62,-86,-83,-1,-63,-21,7,58,-29,36,-47,65,-28,99,14,-67,-43,-41,90,18,-69,13,-98,-30,18,45,-33,25,82,-13,-68,-37,-10,35
49,0,-11,-1,-82,99,15,15,-77,12,78,-56,-33,-70,-66,8,18,-5,-34,-35,-97,91,-78,-44,-79,68,-7,-18,60,43,-13,14,60,-1,-76,18,-32,13,-99,33,75,-92,-59,-5,-62,89,30,-41,72,92,-57,76,31,54,0,77,13,-58,-14,17,-48,32,29,14,-32,75,33,23,-4,3,1,-6,-20,-47,-92,-40,-79,54,99,42,9,16,70,-57,1,50,-86,96,67,-1,-17,-4,71,3,84,21,76,52,51,40,13
48,52,55,41,-32,-53,13,74,-91,-77,57,39,-48,-34,97,21,-48,52,-88,-3,11,-80,-24,64,58,-1,9,19,-48,-17,-6,71,86,60,82,-33,-47,68,69,1,-21,72,53,54,16,-41,54,-87,-44,-47,65,95,14,-54,6,1,-7,-62,52,57,-51,11,87,-91,44,-61,-30,27,22,-24,11,0,71,61,98,45,77,-30,-93,-70,17,-58,44,-26,33,-45,89,63,89,78,-94,-7,-91,0,-1,-71,-36,-95,-95,-55,-58
-58,-28,-94,41,-53,-53,-28,52,48,78,76,-43,-86,-100,-89,33,-37,69,40,37,7,-26,-61,-90,-36,-94,30,-96,90,-51,-59,-63,44,24,91,79,-2,-54,1,-23,-69,58,31,60,68,-46,90,62,-45,4,-80,-21,-67,-24,-91,-87,-56,-15,-59,-97,-36,83,-92,16,83,11,-28,42,61,-39,-73,-37,-61,-22,80,7,-23,-46,-64,-90,-82,-34,27,42,94,-1,-90,-100,30,75,-28,-37,53,-91,-77,79,34,-30,-40,17,15
23,-32,-3,-46,-27,-44,67,23,-10,59,50,-7,67,-31,-59,-62,-1,-59,82,-61,39,24,68,-83,-7,-67,53,80,42,-56,-80,93,12,-31,-9,96,-1,-22,-70,-5,-14,-62,-76,75,0,34,46,95,46,98,-100,48,64,54,-94,20,-67,-26,69,-28,-3,-11,-57,66,-1,-51,76,86,72,-92,78,98,-34,32,-89,-49,-66,-18,-51,24,91,90,88,-33,-6,-12,71,20,-72,2,74,7,88,34,-7,29,19,81,-62,35,14
-15,-54,15,-62,-60,28,55,-77,-34,4,70,59,20,21,94,13,-94,-46,-53,-50,-27,55,21,12,42,71,78,59,81,20,94,-35,13,-65,-57,-10,29,82,52,-45,-100,-82,92,-84,-53,-26,-68,92,-8,95,42,18,90,71,-65,-66,-4,-66,-80,-12,-78,-95,-38,-99,75,89,6,-3,-91,97,-69,58,95,-10,-53,-91,13,61,28,58,67,-3,67,88,65,48,99,11,37,53,79,48,43,8,-30,-92,48,76,49,-11,-58
78,37,44,-32,53,-55,31,-23,81,10,51,27,-62,47,70,-63,-72,13,-15,72,-65,92,92,36,-95,-59,73,-21,-100,-51,61,99,-96,-43,21,86,-32,-93,59,-40,-71,73,32,52,58,-69,93,94,-74,26,-42,39,-89,-52,83,-6,-6,-24,-63,-65,-56,-3,34,-26,13,-42,-68,-5,-54,37,-35,54,-49,-23,-66,-86,96,58,0,1,31,60,24,28,52,93,-94,-31,48,99,-95,46,33,32,-73,78,70,-47,-50,57,-2
-56,82,-68,12,-62,-87,-86,-97,-76,-27,-36,57,59,84,47,86,54,87,77,68,-43,-69,23,-68,-97,-71,58,74,8,24,47,-81,63,60,42,-4,69,-16,-18,-89,11,73,-62,-6,-99,72,82,14,-45,44,36,96,88,-19,-52,53,-57,96,100,89,52,-29,-32,95,-53,-54,-45,23,-36,-45,-69,9,-44,-32,-13,10,-11,-95,-47,-14,-19,-29,-42,28,20,-26,41,-98,-33,-92,-65,4,-91,-8,25,67,48,35,-92,-2,21
-5,-63,70,-31,44,-31,-59,-20,-46,77,73,-54,-83,84,77,29,-3,-74,-71,91,-26,36,14,-61,37,86,55,-69,-13,-20,-12,27,-36,-49,-7,56,8,-77,96,-76,9,-85,9,4,8,-65,14,44,-66,-27,100,-30,95,20,48,49,98,64,-10,-64,-31,-34,46,-44,78,90,19,-90,80,11,91,66,-17,43,-82,-77,51,1,51,97,-8,11,69,79,-18,-22,-10,-38,-88,33,18,71,-77,27,42,-47,58,-89,5,-59,19
44,85,-63,41,26,51,-20,-68,-50,67,-98,-2,-6,12,73,-87,33,42,93,80,-21,-50,58,-5,15,-49,-11,-14,-66,-72,-76,-37,-44,-6,90,-86,35,-11,-44,69,-29,-11,97,67,-7,-7,-34,-67,32,-48,-12,28,-10,-31,-38,54,79,72,34,-95,47,28,13,48,96,11,-77,23,-30,-17,87,-11,67,-69,-27,-14,-19,23,-13,-42,0,-97,15,-17,30,-19,34,-15,60,98,39,-43,41,62,7,79,-63,-52,-5,-41,38
-97,-14,5,-84,62,-75,-11,-84,8,-32,-76,-92,-69,-49,-77,88,30,-2,-26,-78,9,-41,-42,50,59,-33,47,66,-13,26,-84,-50,-26,-20,-47,79,69,-9,83,-55,33,48,-9,-41,78,40,61,17,-48,-3,1,-21,-21,73,-54,-6,-45,-82,-63,6,-70,5,32,-96,-5,35,-94,98,-85,-17,61,1,-14,-44,80,16,28,14,0,59,-7,40,34,50,47,91,-44,61,-2,-37,-29,-25,71,54,-78,-35,-66,-59,7,-21,-96
66,51,91,-44,55,53,6,89,-14,74,-33,-45,68,8,-100,-29,-42,-31,-19,-74,-70,54,-3,-46,18,62,-30,-59,-99,42,-38,-60,99,-98,-65,13,-34,-81,98,89,0,56,43,-100,-36,-74,19,0,-50,-6,-92,-76,11,-56,-2,43,-11,-50,25,1,2,-9,-18,-87,81,5,-20,-23,-44,11,47,98,28,-53,97,80,-62,-32,92,47,27,-55,-94,66,-90,-33,-14,78,-25,14,-16,33,-15,2,80,47,-49,-15,8,26,41
-43,-13,73,-13,22,76,47,45,-1,52,-30,-87,-4,29,23,30,-63,61,73,95,-97,-50,-69,38,-3,79,81,-70,-24,33,-93,69,-81,-12,-78,29,-95,-25,25,-81,-6,-16,-25,25,49,90,-61,12,12,73,62,-27,2,-21,25,-50,10,-79,-48,49,-78,-85,0,-65,-34,-74,-17,-6,-14,-7,-75,-76,69,-62,79,-2,-52,-56,-40,-49,-54,-14,91,-49,26,-20,95,90,-69,-24,-72,-16,70,54,-92,-5,-30,-60,-56,-68,62
-24,56,12,94,29,-77,-95,-2,-87,61,19,100,10,88,44,-12,-77,95,81,60,-47,-11,14,26,67,30,39,-23,18,1,-1,-10,-97,78,84,-18,-53,21,55,-87,-34,-86,65,61,-66,27,-15,27,-73,45,-11,-79,-30,-46,-33,74,-63,-76,14,9,8,65,-3,10,33,39,-100,37,-42,-26,90,83,-45,-39,-10,30,92,27,-69,-44,70,-66,72,-49,-7,-82,-39,-77,57,-86,-67,64,34,67,-49,27,12,49,8,55,-52
55,-49,-73,96,100,-59,100,51,-84,38,-19,61,80,-64,6,9,57,84,98,-39,63,-34,-22,-31,41,-97,-94,97,-63,74,68,9,-5,-2,100,52,-70,-40,-20,-98,-55,-15,56,-15,61,-42,58,43,23,98,-86,37,17,-2,-69,79,-21,44,63,-8,7,-6,77,-11,-55,-16,-43,-9,49,75,54,-76,-11,0,-32,31,64,45,-76,50,11,-76,-32,-63,27,-50,-49,-29,40,-35,88,39,-79,-4,-64,-63,67,-64,67,-28,18
20,-14,-73,-97,-61,-23,-16,-19,-78,53,39,50,30,-8,88,42,-83,8,68,57,76,98,-44,-61,-46,46,6,32,-56,2,-94,-5,41,-73,36,40,-99,-96,-23,-25,-7,17,39,-69,30,-98,-73,62,66,-15,35,51,19,25,81,42,-11,49,74,14,96,93,48,59,34,64,-95,28,-1,84,-61,11,33,0,37,-40,-51,-51,-11,20,-5,87,77,21,-26,-80,100,76,-26,-59,-3,-2,37,-37,59,-11,-79,75,29,56,53
-13,-52,-60,-59,99,-58,53,-30,52,11,55,-99,12,-44,69,-38,50,-3,-92,0,5,49,14,-97,-13,-2,-97,61,57,-53,5,52,-74,9,63,48,25,-93,-100,67,97,56,-33,-38,-63,-65,-19,92,-91,-7,-94,-26,20,48,-87,31,-72,-74,71,34,62,81,7,61,84,42,-73,-61,23,71,17,-79,-73,75,-60,4,52,-44,20,96,-83,-60,-15,12,65,-36,49,-91,16,-70,-99,-95,-8,60,38,65,24,-24,96,-84,6
48,-28,59,53,68,-40,60,-32,-95,73,91,19,-65,85,-33,-70,-60,-69,-4,-18,-22,-99,-61,96,-48,9,-61,-2,31,80,2,54,92,63,27,48,99,-55,-38,4,-80,-3,-73,3,18,89,-55,-43,22,10,-18,64,-40,36,-79,73,-12,1,82,-65,-46,-9,75,25,-39,-35,66,57,-20,-82,-49,-100,-64,82,49,15,5,-47,85,-62,85,94,-47,99,-72,-83,69,-4,-4,-92,68,84,41,84,23,55,53,-75,-62,-61,-72
8,69,58,44,81,-41,-29,-25,72,91,-79,-76,-6,99,-95,51,71,5,53,41,22,-46,-56,21,8,53,84,-2,-47,36,2,81,-97,25,-61,-66,-20,75,-48,-1,-55,69,83,6,14,-83,94,18,-18,-3,-23,86,-27,96,-24,-97,-29,85,-59,-52,99,-18,60,19,100,92,-59,14,-62,-100,-24,59,-68,12,-11,85,-28,32,-100,-43,17,93,-40,-88,-84,30,94,51,7,-14,-80,-74,39,97,98,63,-47,80,-54,-37,-10
-50,65,-72,-49,25,41,17,34,-89,-35,-59,-71,39,-99,-89,92,7,46,14,-3,-95,-20,-80,40,-45,-5,45,93,29,49,-69,55,-23,53,38,32,-90,-21,3,27,-6,67,-35,-98,38,-90,-14,63,-95,-27,89,99,-100,32,-51,7,42,6,76,84,-31,-81,-17,-42,-18,88,86,81,-32,0,94,-31,51,-3,94,97,75,23,3,-16,-48,80,54,-2,46,73,-63,1,5,25,-6,10,-20,-4,73,-12,-6,80,25,1,70
-9,2,-15,25,71,32,-98,-87,6,14,0,-53,-61,-71,45,5,-5,30,-66,-16,99,-82,-70,59,22,4,26,34,30,-45,100,91,-87,88,9,35,-64,69,16,55,96,-95,-70,60,-17,48,100,-23,-40,100,18,41,31,-25,70,70,66,-88,93,91,4,-22,14,17,38,-17,-94,-32,93,-89,-58,44,-13,71,-3,74,-41,-7,30,-69,54,-66,-60,74,85,31,-94,-9,62,66,-25,-20,-70,9,2,50,48,-45,-37,-45,-83
-81,-48,-71,-29,38,4,-68,30,-16,-6,20,70,-36,-21,66,-37,12,-50,26,-71,21,-15,-48,29,-14,71,-21,28,-78,42,-42,24,-11,46,-54,-28,-38,-100,72,-35,63,96,-89,50,-27,-57,-29,27,88,7,17,-79,-7,-52,-50,33,2,-64,61,-84,12,-61,77,-17,-6,80,-82,-62,4,25,-54,66,20,-55,-69,-68,11,9,-66,70,-91,-76,44,2,9,27,-83,-28,34,-39,49,35,32,70,43,-26,89,-7,80,49,-36
-87,-91,-15,-32,12,-2,-91,34,87,63,-96,-47,54,-6,-69,-100,48,97,-68,17,-10,-79,-35,28,11,59,13,53,23,-93,57,95,-17,-11,-77,-34,-83,-66,46,-88,-76,-20,-87,-41,50,47,-37,-69,-2,62,94,-84,-100,45,-43,-57,64,80,-72,67,19,-36,-20,91,-34,96,14,99,-13,58,-77,-47,-20,-99,-98,-34,-8,73,59,21,62,96,21,54,56,-16,24,88,-31,5,98,-56,51,82,-66,-10,52,59,70,77,-10
-52,67,56,-97,-85,51,92,-77,69,-27,30,29,-6,-42,10,59,-25,44,-14,-73,60,-38,-63,34,-43,-92,31,34,6,49,23,-97,-57,-40,-12,-13,-97,-66,9,39,-76,-94,78,-49,92,-92,-30,44,95,-99,-58,72,100,25,-92,-42,33,-78,30,-46,67,74,84,14,-46,86,-58,-79,-97,2,-61,87,-8,-3,-94,9,81,-3,-93,51,55,-67,49,-99,-4,15,30,-71,29,22,54,56,-92,83,100,-52,27,76,96,62,71
69,-96,-13,21,-78,-100,97,-58,-71,-50,-90,9,-60,47,-62,23,-45,-23,-79,77,26,-38,-77,-52,87,32,-89,-54,-39,-46,34,-48,8,-27,-22,46,-97,-6,-49,-94,-75,-62,-33,83,-65,51,21,100,41,-8,-9,-54,66,83,-41,-59,25,-79,10,2,-42,34,55,3,97,2,90,-96,-59,-42,14,68,61,-28,-56,56,-87,93,-44,17,27,-21,-30,34,40,-30,37,-55,-91,81,37,-72,31,42,-62,-31,93,-61,-71,-20,-9
-70,48,82,2,-30,-38,82,6,-30,71,25,-57,47,-59,23,-46,-20,-48,0,56,-83,24,-72,-78,-15,-79,26,-88,24,-37,35,22,88,-91,-80,30,-78,48,30,42,-70,27,33,75,-36,-14,44,14,-84,-26,49,-64,-72,-48,-13,-61,89,84,98,-38,-29,-44,-45,38,-1,4,-37,73,50,69,-24,96,-93,-59,-38,-42,28,-1,16,-93,-51,85,-81,-75,33,86,-83,45,-11,61,3,83,77,54,-19,48,65,-15,84,-19,-18
40,40,-95,-63,-27,-85,-89,-75,53,65,-74,-47,70,70,19,-61,84,19,-38,80,-22,74,58,47,51,30,-31,-10,-32,93,5,52,-72,-11,-17,-17,-64,58,57,-24,55,5,6,-17,55,51,88,43,36,65,-62,-34,-26,86,72,8,31,37,62,-70,2,79,-50,78,50,-97,-75,-47,-66,79,12,-59,51,77,13,67,6,-20,50,79,-62,-47,-73,98,83,39,89,-21,99,9,62,-89,-61,24,52,-2,98,-40,-40,-47,83
-66,-22,12,96,-100,47,53,87,-92,-8,-53,-15,34,-62,-33,-51,23,-1,36,9,-62,-76,-15,-79,-18,-65,68,98,3,-44,-46,-18,84,89,-49,40,9,-45,84,-6,-94,-2,93,-61,72,-71,0,-84,88,67,24,-20,-100,77,-4,-84,18,-60,-35,-3,-39,15,-70,-36,-27,41,-83,-43,-80,94,-25,50,7,95,-49,48,44,43,61,88,-86,80,22,70,38,7,-43,82,40,-87,-22,42,40,89,-55,17,46,30,-10,-31,-89
51,33,64,-87,-4,26,-34,36,-62,-63,-21,-92,-81,54,77,57,-5,-19,47,76,-89,-40,-3,-48,-47,-38,92,-71,68,59,62,47,-12,87,27,-74,49,44,-70,-74,-57,70,-27,81,-92,-99,-22,-36,2,46,-42,41,78,22,-66,36,-43,-11,66,-23,18,-89,1,-11,87,-10,18,97,81,-8,-83,17,-60,11,82,9,-22,-99,-29,-48,31,-55,61,-88,-19,17,-77,-89,78,72,82,26,22,85,-74,74,49,9,13,77,64
-93,-37,-90,30,-92,-65,32,47,9,-53,32,-11,10,100,-83,86,-95,-35,90,30,45,34,95,-65,-10,47,97,74,-87,17,2,-99,47,39,-38,-15,97,92,-99,-46,-100,-68,59,49,49,97,-12,49,-96,90,-52,70,-22,94,17,-69,-95,43,-78,-32,-10,-74,66,-52,-97,-12,32,14,97,72,35,50,-23,-61,-80,-57,-3,-40,2,63,-75,-16,-87,54,-5,-35,18,2,63,52,-57,-68,95,24,62,-54,55,-75,-18,99,71
39,77,-34,-44,24,85,-94,28,98,8,-57,60,-65,-68,77,-43,20,88,4,-71,-15,-99,0,56,4,-62,11,60,61,-27,50,-41,65,94,41,-28,99,-18,69,57,-94,48,-81,58,-40,-8,98,19,73,4,33,-6,-35,-43,-100,98,-60,-82,58,-95,86,-31,-53,75,18,-75,13,-6,-68,-75,98,13,53,56,4,-26,69,34,79,-30,72,51,-27,41,30,-55,-96,-51,-24,-15,47,77,-2,66,-67,45,-5,57,-19,-98,-67
86,34,95,9,-25,30,55,29,63,18,-8,78,-15,-16,-7,-89,-90,-16,-73,-90,-52,75,55,-14,71,-92,68,96,93,3,33,82,-12,88,-17,-37,-73,-90,24,88,-90,-19,-33,60,-57,79,29,-2,-89,-88,40,-98,2,18,16,-28,20,-53,-91,-36,93,95,79,32,4,55,-56,-72,-44,-34,-41,-70,27,65,-1,-13,68,96,-31,-32,-18,-87,88,86,63,-34,37,24,-17,81,86,25,13,2,-98,-86,-42,-57,-7,-45,-69
-27,32,0,-94,84,-70,-95,-33,38,45,-89,-63,56,-47,-6,-4,9,-19,61,74,-42,24,-54,3,-42,-90,-60,-45,95,4,-74,-78,58,-18,58,42,58,-37,77,1,-4,-19,22,74,-23,-45,17,89,-11,-6,81,-43,-63,-7,-17,37,-19,99,-94,-41,45,12,46,-43,54,58,7,71,99,-22,-96,37,70,64,71,-41,-34,-14,-86,27,20,36,-16,88,-80,-6,-97,-22,-83,-29,-62,-91,-63,40,-48,-53,53,-25,4,98,80
-40,-16,-78,-43,-69,-44,-72,-95,48,-52,98,-8,64,81,-71,-41,-23,74,14,-46,56,-39,51,-79,-22,60,93,56,-53,-29,-54,94,-76,14,-34,-10,3,85,-55,26,92,-34,48,53,44,-81,-72,67,25,81,-10,-38,38,99,-5,30,-75,39,-11,-46,-60,35,-80,-83,-13,-97,34,73,-47,68,9,-100,-66,-13,81,41,-71,60,-92,-55,82,-76,41,-47,78,-1,-86,-56,-13,14,-95,94,-53,8,68,67,-15,-66,79,-86,86
18,-94,-85,63,-73,-62,-17,42,51,91,97,81,-31,-85,22,77,-22,-60,76,74,-77,52,82,92,46,71,-12,-95,-100,-25,-65,2,-3,-2,-82,86,2,-3,-44,-48,63,-16,-19,-32,62,-2,96,56,-13,-58,2,3,-21,9,44,13,-93,55,40,70,-63,84,-18,53,31,51,-97,30,2,66,23,50,7,7,87,39,-41,53,-55,34,88,-96,-13,-1,55,-21,-36,12,23,60,74,75,-47,58,-19,62,38,-17,-85,92,92
81,-62,58,25,27,-65,-30,15,-15,64,85,-32,-86,-73,30,-28,9,-58,39,-70,85,72,60,-37,61,15,91,-61,19,-46,97,27,-59,8,-36,-75,94,10,-83,-64,-90,12,-46,-2,92,-62,8,-13,-70,-41,-15,-65,55,-99,57,-36,80,68,80,-58,8,76,-27,-51,83,-33,48,-32,35,-93,7,-15,-71,29,-50,43,-8,90,7,42,-1,29,48,-75,76,1,77,-19,-90,12,-64,-5,73,-63,31,-73,-84,-55,-1,-88,-91
-36,-88,-2,-97,-77,47,-48,-34,-84,-91,-11,-4,-96,12,81,-14,-88,-46,-17,-58,88,-12,35,-79,27,-23,78,-93,13,100,-5,-76,94,62,-42,3,-51,-53,55,63,-62,29,-37,-18,-33,37,-17,-13,-63,-67,-38,45,-14,-21,16,22,1,-84,-11,7,-30,-85,-80,-37,-2,42,4,26,-46,86,5,58,-72,92,45,-33,-81,17,50,64,46,-88,-32,-40,36,-28,86,-97,-20,56,-3,-25,-68,-57,-20,17,58,11,-64,-18,87
65,97,-47,-66,67,87,35,-52,52,78,24,77,29,73,41,-8,16,-42,-38,70,-26,-87,-79,-92,8,-36,50,-35,81,51,-61,68,54,80,56,90,59,-41,14,93,94,58,-81,-32,65,-7,32,60,20,29,1,-8,-87,65,42,-88,56,80,-26,-40,-96,-57,-99,-60,65,2,63,-10,-100,-51,1,-21,-55,94,-5,99,-26,77,-32,45,46,89,-64,22,15,22,-97,-58,-84,37,36,30,-60,-88,95,-66,-82,-99,88,3,-83
-69,68,34,20,-53,59,-5,-19,-73,64,62,72,-23,17,83,26,12,74,-92,-13,-29,21,19,81,61,-27,-70,-58,45,5,88,94,24,53,-52,-64,11,9,18,-61,-27,-49,-9,26,92,88,-87,55,35,-47,-89,74,90,9,-41,31,80,-21,64,49,82,-97,-2,99,9,90,22,81,84,-35,45,84,26,9,-9,-2,37,-58,38,-3,-54,-40,35,-84,-32,62,-12,-67,-65,20,37,42,60,-65,82,-23,95,12,-49,-89,40
-68,-61,14,-99,-91,-30,90,-68,-76,-98,-48,-7,90,100,48,3,-15,13,20,-80,45,-18,73,88,-56,30,-67,15,-59,42,85,1,62,-97,-3,74,-34,62,-91,-76,17,-59,-37,14,-68,-49,90,-94,69,44,-44,-78,66,92,87,-99,-61,63,30,89,-33,-45,3,-37,35,18,64,-30,-99,31,7,-62,21,-29,96,43,10,66,61,-99,-75,48,-45,-99,29,-72,-94,39,-83,-74,5,-13,-52,3,-23,40,31,-1,-85,11,80
-70,20,52,39,-8,-54,-24,-69,18,64,-78,57,44,47,-13,-100,-81,-34,100,75,-48,-83,-9,92,-34,-16,-84,-5,-94,-26,-39,57,30,-47,-89,37,-96,33,60,88,-24,14,-92,23,93,-60,-10,44,-3,86,52,-83,8,-79,-65,81,-69,-60,54,97,-50,-67,-84,57,85,15,16,100,62,-41,53,-12,47,92,92,40,77,-51,11,-73,-21,-76,9,-51,-28,-73,90,-22,19,34,51,-54,-17,-49,-63,88,12,8,-53,-44,-37
-86,-3,-27,100,-47,-20,86,5,-6,41,18,58,52,74,-82,-90,-11,80,-61,-31,38,56,-17,-94,64,-31,79,44,9,8,-68,-95,47,89,-54,-72,12,-8,-12,-6,-14,-62,61,-73,-73,-46,52,-95,-27,-41,-17,-13,62,16,75,62,-12,-74,0,91,39,27,-67,-49,72,16,-63,-83,85,-25,60,-34,-33,74,-24,40,-45,7,5,-53,-55,-49,40,-65,-48,-26,3,89,87,-71,36,-21,-37,-88,29,-78,79,-60,-6,-64,25
80,36,33,65,-18,69,-7,81,-24,-98,3,61,7,14,-2,2,27,-54,47,-37,78,-25,-48,-49,54,-79,-43,63,81,-32,-37,-86,78,32,95,-57,91,54,50,33,-32,91,93,84,38,16,58,-91,1,86,28,23,34,-94,44,-64,29,77,-57,47,-57,100,-54,41,75,66,-58,-71,6,-39,-39,67,47,-46,-39,-57,53,84,1,-51,7,10,-36,75,47,-24,-60,36,7,-49,-46,59,-72,72,-67,88,-1,28,54,-81,1
-28,54,17,74,15,-10,40,7,66,9,-13,85,-76,65,74,-97,-40,67,-99,54,48,77,-47,52,-58,-5,14,-33,21,-94,-12,51,-36,16,-77,-24,-30,79,-66,58,-49,23,28,79,76,80,12,-99,80,-14,-7,35,3,90,-5,-100,96,73,-50,51,29,44,88,-32,-70,-74,-91,-21,-90,18,-100,-15,7,76,-96,10,-47,82,-69,-74,71,80,-91,48,96,-4,84,-15,-45,78,96,-35,65,96,47,-43,57,42,-11,-95,-32
-24,-27,93,-14,-75,75,94,-98,-73,30,12,-25,-16,-11,67,94,75,-58,-87,-82,-45,92,-18,-72,54,-71,58,-34,-11,-92,49,15,-57,67,-86,-33,-72,-21,-22,-51,52,31,-39,85,-21,-28,30,-53,-76,38,-7,-21,90,34,-80,56,-40,84,-80,84,12,53,36,23,86,-9,100,-68,26,-2,-32,18,4,59,43,66,-43,78,-61,0,97,18,26,-21,-83,-84,-66,37,-95,36,-10,3,-68,83,-2,-73,67,31,28,21,53
85,29,23,-70,45,9,89,-46,37,-60,-18,-37,-34,-77,31,36,-30,63,-78,1,-68,-60,-59,-4,93,14,4,18,-62,-7,5,6,80,63,-79,-35,-5,71,-16,-93,31,-84,20,-77,8,52,85,-71,-8,58,-80,26,26,29,71,28,49,-80,62,-53,75,98,-35,-64,22,-42,2,71,84,-63,68,-85,-69,-60,-98,-50,-13,-19,-7,-82,-20,-93,-10,95,2,0,-11,45,93,-23,18,-13,49,86,86,23,-2,0,-84,69,27
29,30,29,20,-35,-11,6,-32,-34,66,-5,-68,42,-63,41,35,44,4,-68,-23,-53,29,-90,55,-4,3,-23,70,-51,36,8,8,46,-91,-97,-8,-21,21,-71,62,79,-88,86,-18,-85,-84,64,100,-70,96,52,82,-34,60,-75,-36,-92,-79,74,-28,-81,83,-73,-53,64,34,-21,-77,-68,96,-17,-50,57,40,87,93,-26,0,-21,-91,-24,28,38,-2,-43,-77,-51,-71,-77,68,-36,-79,90,-26,77,36,26,11,28,48,-37
21,-48,-66,84,-51,62,96,62,14,56,-66,60,78,99,-72,91,34,53,-36,-26,-48,-29,38,99,85,7,-53,63,-68,24,-83,-87,60,-81,-80,27,53,-54,-100,-93,-56,71,-73,-21,56,-21,42,-10,46,92,-52,39,-54,67,-19,-11,-31,49,63,41,44,56,73,22,-87,-4,-12,86,-25,-61,-73,71,7,-82,-65,69,-85,13,48,71,86,-2,36,12,34,51,82,-56,81,-57,32,58,30,-2,43,-23,-78,-5,-81,51,-73
57,-63,43,-66,-58,92,87,-54,-39,-74,75,77,3,86,-16,38,61,40,29,78,43,-39,-29,-86,-7,33,-12,10,11,83,45,-39,-17,89,-98,-74,72,-100,83,33,43,-24,-99,5,30,44,-46,-62,-58,-94,49,83,74,85,-71,-61,90,1,19,-42,75,-94,-14,84,7,19,-27,81,-21,5,-26,12,1,-19,94,7,99,65,53,-78,-84,-60,40,4,71,72,83,84,-67,34,24,-27,40,-62,-65,-45,-62,5,4,-23,75
-38,60,30,39,13,-50,29,44,-79,-91,-98,-89,-51,10,33,-78,55,16,-93,69,-100,28,35,-98,-9,-86,-4,-56,-65,43,-67,-35,-43,64,-29,-93,-6,73,97,91,-28,96,53,32,-16,58,-37,51,-39,-87,-59,-13,18,98,33,-22,-73,16,-34,-11,-93,-76,-79,-88,-45,19,96,-55,99,-63,-39,-49,-22,17,56,95,60,-34,90,-25,-15,-82,-48,-25,-24,5,-79,8,38,50,-52,-32,14,56,53,-12,90,-55,7,69,44
85,28,78,-72,3,25,-88,-75,-11,-85,10,81,-25,76,-21,40,47,-29,-33,-32,-54,-88,-56,96,12,-3,57,5,-14,98,96,-83,67,76,54,76,71,-78,-93,94,-92,-61,99,-26,-44,7,-33,-1,-33,40,-41,-64,-20,-15,-20,-88,-4,74,80,-72,3,-47,28,83,-45,48,7,-28,30,74,-23,-64,77,-42,6,47,-62,56,-66,-9,12,-15,93,-59,20,-34,9,-92,25,0,33,-15,-41,14,-6,-15,-7,67,-91,21,30
43,34,46,77,53,-99,85,-48,-81,74,-71,31,71,-76,-15,59,86,39,40,-76,25,80,-79,-62,48,-21,-78,17,-75,-45,-96,69,-54,29,42,-85,52,-73,-29,95,69,-56,-2,50,-3,76,43,73,43,36,-30,61,-69,-74,81,-17,-36,12,27,-86,92,-10,-61,31,26,69,41,-16,-92,-73,11,-47,-58,-56,28,33,-5,53,42,-37,8,53,-72,-59,50,73,-58,38,36,-14,79,-12,-76,-44,88,88,44,-5,-36,89,1
39,-98,29,-82,4,-36,81,98,68,72,47,89,61,62,89,-76,70,-50,-17,17,-34,14,-18,90,62,41,18,59,-5,99,-28,86,2,-26,8,70,-42,-97,87,-62,52,18,70,-85,-76,-97,72,-74,-40,12,16,-88,98,23,35,95,-54,50,-13,-8,-42,58,86,-53,-98,-72,96,82,-40,52,100,99,-62,-96,-25,-92,66,-16,26,-1,-98,-21,-62,59,92,-8,-36,55,-28,81,-30,-25,9,68,-35,-41,-28,-88,47,79,55
93,-46,-92,51,-61,-91,3,-32,2,21,74,-65,85,25,18,-57,99,-62,36,100,60,50,37,58,-58,85,-29,-92,-70,-38,78,-56,64,30,89,89,99,-89,99,72,-51,-72,-78,84,-30,-12,-56,-87,-60,-64,-56,-96,-56,-45,85,31,15,-52,17,76,-26,-33,-48,71,-28,-69,-44,-80,49,-10,-4,67,-99,35,-87,72,-70,-12,54,-46,-4,-48,-87,50,32,-23,27,-54,13,-67,-94,-48,-30,87,-78,-80,-20,-58,-26,25,99
-64,-15,5,-71,-14,54,-51,37,52,-19,-12,-32,82,-15,-98,28,-53,-11,-71,-39,38,75,69,73,64,-100,-82,55,12,-24,-71,33,-46,-65,-73,-66,-83,-73,54,1,-59,-57,-45,98,18,30,-50,-99,-35,-31,14,-45,8,-86,-83,63,16,25,8,-16,-5,61,-14,94,-61,-57,-55,-26,-7,60,42,17,-52,28,-92,-83,-19,60,84,58,38,-63,-83,86,-90,-14,-68,-97,-19,39,-61,87,85,35,-44,71,86,3,66,-96,42
-19,-62,-65,17,8,4,77,76,-10,-93,-40,-37,52,33,-99,91,57,-59,-74,-64,-82,-87,95,48,70,23,-36,-17,-68,-25,-45,88,-87,-2,-6,-74,75,90,-19,-64,33,16,34,-67,44,-1,19,-59,-61,-87,-40,2,-66,8,48,97,-45,63,19,65,37,-9,-86,50,-2,35,-9,-47,89,-13,56,-26,92,96,-28,74,17,30,89,-72,-52,-24,13,-81,-85,-35,60,-32,68,21,-70,49,-9,-56,-67,4,76,-71,-93,43,-69
-88,88,95,52,67,-74,41,-9,-55,57,54,42,69,-87,-62,37,-32,-7,67,41,85,-13,62,5,-12,24,36,35,7,-74,64,91,16,17,53,-31,-11,20,9,-100,-45,-82,22,10,-42,61,-74,-21,-30,-62,-70,-32,65,-68,-78,-79,-38,-42,68,32,60,19,3,-99,-56,26,4,-12,47,6,0,64,-13,24,70,73,-83,-24,85,-20,10,88,27,-43,88,-64,31,-68,-65,-8,-7,84,78,-47,29,-7,-73,33,-60,22,-88
12,-24,-28,-80,19,37,-1,-66,-48,70,51,6,51,-24,18,23,-11,-12,79,72,35,-80,27,-21,-67,35,44,-42,13,-21,-80,-62,73,-53,-42,93,-95,96,33,72,70,43,25,66,20,-72,62,67,63,-91,85,45,-58,-42,-71,80,93,-40,-57,1,34,4,57,-7,-95,60,-88,55,45,85,43,29,10,61,-30,-20,-6,-34,51,-49,-52,-18,73,81,-1,1,-72,-76,-1,82,-84,-90,70,-12,-9,21,74,-22,-9,-41,44
96,100,-1,66,17,86,29,-52,0,-90,33,-89,35,44,40,-41,52,-58,-85,-64,-11,-84,-14,25,-6,34,-99,-86,-76,-67,81,-76,99,82,-33,-43,-14,93,-22,77,43,-98,-66,-8,68,-36,86,-15,-17,91,11,64,50,-64,-46,-47,39,-11,-10,45,63,67,-90,83,-5,-92,-91,38,37,23,-96,95,-60,83,68,-16,22,-88,77,96,42,73,16,36,36,11,92,42,-88,92,99,22,-69,-74,-75,31,29,8,-96,50,88
30,-55,-85,-2,73,-17,-79,-65,-40,-22,-33,45,-95,-35,-25,98,-84,15,-17,-30,41,5,-4,-29,-62,9,-81,-82,-19,-82,-45,46,18,-25,-59,41,-80,-97,11,-53,-26,-62,23,66,-6,89,94,100,41,-5,3,-75,-51,10,-86,-95,26,16,54,87,-31,-98,99,-91,-72,-70,72,-26,30,-95,48,-41,60,-89,29,36,-99,-63,-32,-1,24,9,8,74,88,-70,-64,-60,52,-54,42,-57,30,-96,81,-14,-36,-57,28,73,7
-94,-99,81,-9,31,1,-87,-38,-57,-86,-39,-68,67,43,34,-77,51,26,-93,53,51,21,-78,-31,10,-82,43,-63,94,0,29,68,25,-18,-14,-78,-5,31,-57,73,-91,2,34,-3,85,20,-31,-36,24,-86,-46,2,-65,-96,-93,55,-7,-50,-10,96,-46,-13,-72,-42,89,44,-35,65,-55,-26,6,20,-80,21,51,4,45,24,-61,-2,-73,-4,-53,3,-46,59,-6,-100,30,-55,56,16,48,-30,-39,71,-79,-57,-7,-56,-83
6,-89,0,-65,-41,-63,-85,-72,49,-13,-97,-51,58,-51,-95,-83,25,91,0,82,-15,-90,29,-24,-96,-40,-30,18,16,-45,-8,1,-100,-40,68,4,9,95,48,6,55,-29,-15,-77,-36,-8,-64,-7,80,49,7,-86,84,-33,-88,17,-66,-93,56,-59,-97,-8,5,-13,45,69,35,11,41,51,-11,0,-37,49,-27,55,36,-29,-20,58,10,-21,9,-52,86,-83,48,19,51,-60,-66,66,39,-98,22,-62,51,70,-32,13,10
7,-2,-25,-34,7,-27,96,60,-91,-1,1,4,-99,60,82,92,32,-84,-91,-79,13,68,-64,25,89,-89,-64,-19,-85,48,-28,32,48,-4,82,-53,29,72,26,-98,-37,11,-61,98,-12,-57,-78,-90,-67,90,-63,38,81,52,-36,-37,64,36,11,25,52,-89,-48,-15,-83,14,51,-71,-100,-62,62,26,35,64,86,-4,84,-71,-84,-89,47,85,70,-85,6,56,83,-4,-22,-71,12,59,49,82,-65,-82,47,26,-10,11,70
-39,-4,9,-9,27,-28,97,82,23,72,81,-46,65,-82,30,-30,-92,-14,-24,90,-32,28,-26,-65,-24,28,-43,-53,82,57,4,-80,36,34,-86,-22,-69,-55,-60,40,34,95,30,-19,-51,-15,-62,-6,-7,13,-46,76,77,-100,62,17,-37,-8,-66,51,-3,88,-62,-76,26,0,28,27,-5,-93,56,-82,-82,-4,68,-70,-52,2,7,-60,87,77,50,-61,87,-73,-89,-66,-81,71,-41,58,-1,73,-5,87,-7,21,100,1,19
92,-11,-16,91,-80,25,22,38,78,49,-8,64,31,53,18,-44,-1,-8,-73,83,15,79,84,-34,-46,34,-38,-52,-14,1,-47,-14,-63,63,77,-42,-90,23,60,76,50,13,67,-2,-80,22,9,-85,-24,-98,-47,89,-97,-66,57,-25,-84,46,93,35,-7,-85,29,28,75,-42,-80,-35,-12,-58,11,-88,-18,14,68,-41,21,-34,68,39,50,61,61,-43,79,71,-96,-28,72,28,74,-83,-90,85,-86,-53,-69,17,-71,-53,-79
-11,88,38,83,4,-15,88,22,-36,64,84,-62,96,38,-40,-50,49,-100,-60,22,14,-46,-52,81,-73,-90,53,-69,43,-13,95,-22,-37,-83,27,27,-18,-32,-52,24,27,83,-45,77,-26,-25,-66,77,-70,-23,-84,90,64,-81,2,46,-45,71,24,-33,-60,-50,17,-65,-62,-81,-41,70,-53,11,-33,23,86,38,39,66,68,-67,-38,-75,-69,92,89,30,15,66,-54,1,-32,-13,-1,45,-89,8,-53,47,13,31,-74,26,-17
63,83,-93,-15,16,28,-2,58,87,96,-72,99,66,36,8,86,42,3,39,25,-64,-54,-17,-15,58,-99,-49,-7,51,-65,-61,-71,99,92,32,74,40,90,-77,-15,-24,86,-20,-66,-57,83,-86,27,-21,49,20,9,-53,-34,65,11,-23,-89,33,82,10,-9,-7,-20,-47,-14,55,-100,47,-62,50,89,43,-48,-49,96,-22,1,-21,-74,36,-94,63,86,-87,-71,-27,35,-18,47,-77,30,14,98,-12,67,-66,-11,58,61,-35
97,-5,-2,-80,33,-71,37,-97,92,-61,92,8,99,97,-20,-32,87,73,-54,64,65,-81,13,-24,29,66,-74,42,-96,86,-62,44,-70,-7,-65,-62,23,68,-96,12,37,6,-36,-7,-33,17,45,-7,-94,-21,73,22,24,-45,59,-9,32,63,-21,58,18,-83,50,40,-5,-71,-96,10,-89,-84,90,-71,24,68,34,-83,-80,-99,75,-20,48,45,77,-79,-12,5,-24,-66,73,28,44,-54,9,-13,-17,-75,19,-47,-99,57,-14
