-62,55,-20,-48,-28,44,-57,-6,6,-65,-62,-99,-90,-57,22,-73,-30,-6,7,38,74,11,-44,5,29,-2,-21,-48,31,83,-57,92,8,-26,38,47,11,-9,-1,-86,55,26,41,-59,-7,5,65,-15,-33,-54,39,29,65,37,81,-45,12,-94,-100,20,-38,82,-47,-35,-65,-3,-4,80,-22,84,-49,-48,-49,41,54,36,46,90,-68,92,-96,72,-69,66,99,58,-34,91,-57,-82,-61,-38,99,-98,84,-66,-28,-93,-50,6,53
-91,-25,72,-77,1,-31,70,52,7,56,-10,-76,39,-31,-42,67,76,-86,-82,-56,47,11,-29,49,-45,79,-4,99,77,-94,86,15,-95,55,-55,13,41,27,-80,46,-65,16,-26,-6,58,20,46,79,18,26,94,24,88,90,34,67,-4,-52,-73,52,-15,38,88,14,73,96,-65,35,74,47,-44,27,-55,-35,-30,-21,49,33,-59,-92,-91,-86,63,-11,-85,-67,-84,-74,-80,80,-98,-72,-11,3,90,13,34,71,58,7,-65
-20,-92,-11,100,-12,-96,25,-28,60,1,13,88,-37,24,-85,-35,84,-91,-17,2,-24,-47,-98,-95,-66,-95,-39,81,-55,-95,-80,51,92,-30,-67,-74,53,-77,-30,-56,-42,-33,-69,60,-98,-80,69,64,41,82,-74,-38,3,99,91,-76,-82,4,-70,74,-65,-53,82,89,83,17,53,43,15,-48,-28,38,19,50,-9,16,-78,42,93,92,98,82,8,37,-73,71,-78,-46,-5,-32,-49,-92,13,-80,31,-59,-86,-87,-70,35,46
0,86,87,-87,91,-74,74,84,82,-5,-55,-24,52,-63,-46,19,45,31,26,68,91,78,-66,7,-1,-85,-71,73,78,-64,-9,90,-49,76,83,43,15,46,12,-38,48,-80,-49,85,35,-18,-41,60,-39,79,-13,-54,-97,30,-21,50,96,-19,47,15,69,-53,97,-100,59,82,77,-73,23,-46,20,-37,33,-31,-99,-53,-98,1,50,79,-60,52,74,-9,68,-55,-15,86,-64,73,-17,-80,-37,-64,-70,15,71,-92,22,-32,81
-62,38,92,-6,17,-58,-20,-62,83,-92,85,31,-77,77,-2,-64,-2,64,-74,47,-20,98,54,24,69,11,-94,-60,-38,-62,37,-62,38,-5,0,-22,-14,1,-5,63,34,26,53,-63,-29,28,32,45,-13,21,15,-70,-13,-63,-35,27,90,9,72,-18,59,-76,69,-27,96,18,6,-77,-36,-43,33,34,57,-87,-92,-8,77,80,-83,36,76,-15,-37,30,-76,-56,-23,-28,24,-29,96,-45,100,-4,-76,97,-54,-74,42,56,85
-86,48,24,88,-57,35,66,20,67,13,-91,15,9,97,87,-13,-67,-44,10,-18,-77,29,74,-15,-47,94,27,25,32,58,-46,100,-39,90,85,-8,-69,67,9,-62,-21,-38,4,-33,-61,97,36,6,-85,-59,1,2,-99,-13,14,71,-77,10,-70,-47,-92,-27,-7,35,2,48,35,-64,-90,-64,98,87,-54,-54,-55,-100,14,32,20,29,26,23,-10,45,97,94,-12,49,28,-63,-95,36,-56,-84,46,12,-52,49,29,60,-49
41,-64,26,72,-42,-21,64,-40,83,84,-89,-22,-31,-26,-89,-16,-84,84,-15,-100,40,-23,47,-7,51,-77,-29,64,88,-80,-63,21,60,-60,94,-63,-58,-27,-23,-78,80,-40,-89,78,-89,80,-25,-19,-12,-47,-45,-16,8,20,-94,99,-71,-94,52,-3,-28,84,-71,23,62,-80,-30,40,46,72,96,99,-19,63,-29,98,-5,68,93,-26,77,-36,-27,-24,33,-77,56,-73,-18,15,-69,-51,100,-62,-26,76,9,-94,-94,99,15
-87,10,31,81,-71,20,-37,-55,-27,-74,-53,95,66,2,-45,48,9,-57,40,-84,69,69,93,-60,-79,-87,68,-22,34,32,88,-51,43,-23,-37,48,26,-2,-99,-36,10,-53,90,96,-1,-39,87,-48,2,-9,-57,63,85,56,-99,77,-37,4,-17,0,-32,-98,-34,-4,50,90,-80,-51,-95,-64,-28,99,-69,-46,87,29,0,-100,-49,-96,-97,75,42,-91,-31,18,35,-39,-29,-89,-10,57,26,21,34,-58,98,74,73,71,-42
-45,-97,-21,-16,-79,72,43,31,59,-51,28,47,43,-32,-37,-34,80,-73,33,77,-47,-85,21,91,-69,17,-2,1,-28,89,17,-88,1,33,37,9,47,76,-75,-75,-7,79,22,71,-41,67,64,-92,-57,-52,24,88,-50,25,-84,91,73,46,-9,14,70,-91,42,17,-61,-69,18,75,35,95,56,49,-6,-38,48,-69,-11,99,-55,-36,-16,-10,-34,-47,45,-71,14,-72,-69,56,3,87,6,-58,-92,86,-28,14,-3,-81,-52
56,82,75,75,3,-85,-80,-90,35,26,-95,-68,-72,-17,3,-29,-16,34,61,-11,64,-2,-98,-24,100,48,-22,-33,24,-58,97,52,75,-89,-52,22,14,32,-9,-15,-66,28,-39,30,-79,12,60,-5,82,12,24,-66,22,76,-7,-31,-56,-5,-22,19,-49,89,47,-26,1,-77,-33,-42,74,-67,-15,-84,-52,-31,-69,-95,-59,-15,59,59,-73,-56,-56,35,70,40,-69,80,-72,65,53,-61,48,19,-90,-64,-97,-14,74,-68,12
22,-40,-48,-39,26,-85,23,-75,21,19,-52,-79,-95,91,1,100,-63,-50,92,75,-47,-68,-81,80,-8,23,51,90,3,-2,86,-12,59,-33,35,-67,-46,-66,-63,-68,94,37,4,-33,19,99,-80,-50,100,-56,-91,-73,-16,-71,-59,-31,-98,-42,48,49,-34,-22,81,28,86,25,-78,-18,-31,-13,49,-45,32,55,-12,-17,-38,67,-84,-31,-47,-91,-12,-92,-44,-83,6,-69,38,-41,-30,-80,18,49,72,30,-5,-2,52,25,98
13,84,69,37,15,-63,72,-4,-42,10,33,98,-59,49,11,53,-3,23,72,-91,12,-2,-30,71,-13,-48,48,36,-67,-35,-42,41,73,-58,-59,5,10,27,60,-62,-87,-83,-95,-70,-6,-55,-21,4,-70,-95,-90,-89,-86,-82,-71,5,-28,99,60,-44,-76,93,82,-79,20,22,-26,-55,51,-10,-58,-4,5,18,36,-13,33,86,-67,30,65,-11,-25,33,9,19,-66,-16,49,-31,80,-31,-41,-42,-57,29,97,69,-64,64,4
-10,27,-84,-85,10,-18,-23,51,-41,67,-6,-12,-21,-67,-46,19,-78,-76,-1,26,45,40,-11,-78,-36,37,-69,18,34,14,-29,15,-47,-25,-42,67,-85,76,29,-69,-98,-67,-86,-51,74,-41,51,52,-8,56,-47,56,-64,76,-63,49,26,-34,-90,-2,-70,26,-95,-68,38,56,96,55,47,-8,-31,-39,8,-96,12,-82,19,-33,53,-34,0,-78,67,6,-60,-100,64,37,-10,-48,-8,34,63,-81,52,-64,-94,41,-40,-48,69
-11,-96,11,-65,76,25,-76,77,-6,72,-44,97,71,66,20,78,-79,60,6,99,98,-34,32,19,35,89,16,-59,-71,61,100,97,20,-29,67,66,-76,31,-44,-23,-69,-71,32,-16,25,-33,-41,-71,41,-15,-69,53,-78,99,86,-91,-62,59,-49,-43,-49,94,-54,72,-82,45,-45,-33,-33,-60,31,51,-81,-69,8,-16,6,-93,-68,-72,-33,35,31,-77,-73,24,-26,-98,30,-93,34,15,18,-55,89,60,40,11,66,-86,-31
-26,78,65,-14,99,-20,65,14,93,97,-27,85,79,71,86,-32,-82,-98,37,24,-12,76,27,-9,80,-24,-33,-35,63,-22,-78,-68,61,-31,-92,15,38,70,-95,-17,-39,-94,31,-16,-98,19,-28,99,-34,-43,98,47,-45,-59,-63,56,-12,-45,-19,25,-95,24,25,71,15,-24,-89,-51,-72,3,34,84,-26,13,-32,-28,98,76,41,84,-49,27,-8,36,-63,-84,-22,80,95,-34,60,56,14,5,31,-14,-87,-55,51,94,19
37,9,44,-7,76,60,-66,-93,50,-49,56,-2,-62,-1,-21,-24,32,54,53,-72,63,-52,26,40,-31,55,-44,34,-96,-69,-22,13,39,99,42,97,-11,-52,-98,-59,-41,-95,-17,-92,-74,70,49,-94,-34,51,67,-48,48,15,91,-68,25,47,17,45,81,-27,-41,-12,-47,-76,13,-38,58,29,59,74,-10,54,-7,52,97,-93,60,-71,10,43,64,-40,-9,-55,45,57,19,-12,-37,90,-37,-25,-90,42,-71,58,17,-47,12
-47,-40,6,26,-33,-81,-57,52,-17,39,-34,89,50,0,-4,34,53,32,-34,-45,63,7,-85,-72,-14,-90,62,71,-31,52,46,-75,-45,-53,16,-46,50,-79,-70,-38,35,-12,18,26,-60,-91,-15,14,98,82,-69,-84,-15,9,1,-91,37,49,-54,99,-67,-35,18,60,-6,-42,59,70,-6,-48,87,50,34,-48,40,8,-59,-71,-62,-1,-4,70,78,-58,68,-44,-96,-58,-59,70,-43,92,57,61,53,-73,30,-11,-19,4,-67
63,70,-34,86,-74,63,96,-97,0,98,91,-77,42,22,54,-51,-35,20,97,-80,-43,-14,-3,8,73,11,-26,6,27,-85,56,-48,90,-21,0,21,78,-2,-11,22,-57,26,-17,14,29,3,-70,-56,78,60,-89,-40,78,-40,75,91,-26,31,-34,-53,-76,36,42,59,-14,72,-10,72,36,29,-66,57,-46,93,-59,-72,-97,60,-39,20,22,-73,-45,-77,-8,-42,-97,-88,72,-58,96,-45,56,14,-38,63,-61,79,-34,28,-99
-4,-60,6,60,35,-57,-50,100,24,66,0,-27,-51,18,14,87,41,-85,-69,97,-47,9,-95,29,100,-25,-66,-55,-34,46,17,-12,-100,41,-54,79,-20,-51,78,-12,63,-68,74,74,99,-49,40,-67,-11,-64,-88,-84,-11,-100,-58,63,68,-27,34,-3,-63,-14,21,57,85,-57,100,-84,82,-87,-31,-86,-88,79,71,-5,-6,63,-90,-37,-3,-42,-20,25,-76,-100,-63,79,60,-88,41,-4,38,-43,23,-34,27,-96,-87,77,-71
-86,92,-42,-37,-79,37,-6,-38,72,24,87,25,22,86,30,83,-73,-7,-37,58,92,-88,-82,19,39,73,-12,-40,26,-26,2,-77,-33,59,50,-81,-15,-50,-17,-27,36,-31,-81,-35,-21,3,-61,57,6,93,-1,-3,53,5,29,39,-12,-68,100,-47,-26,-59,13,-80,78,13,86,76,74,-44,62,63,-67,19,34,23,69,76,-23,-63,-20,31,76,-16,97,28,-31,-34,49,97,66,-43,2,-36,-91,-25,85,-90,72,-68,99
80,22,-43,-81,83,-58,-63,66,-34,-25,-85,-23,28,35,-36,65,24,13,-82,-60,33,47,69,3,-58,100,57,-43,-84,-49,-94,-61,-4,58,66,-35,-60,-28,49,50,-35,26,-78,29,-18,-51,-6,-78,0,76,-73,29,-59,79,56,36,-78,77,82,-11,25,-18,38,54,89,49,40,28,-88,73,51,86,22,-82,-26,-15,-54,-15,22,-4,48,-12,13,-73,-22,-1,-43,-37,-21,-83,72,6,-42,-4,6,-2,7,-16,-68,3,54
24,-87,34,38,76,1,-24,-84,14,43,-16,-58,-2,22,-1,-52,-68,-81,30,-8,-51,16,46,72,14,-40,-36,-15,-47,30,-70,-68,35,88,57,77,34,-18,25,44,80,-17,-1,-34,5,-43,-75,-69,24,98,-78,-53,-74,69,89,-6,-49,0,70,37,27,-66,67,0,-51,66,-92,77,-19,-8,-98,-93,78,-66,26,-40,-16,11,-97,-47,96,57,-24,-95,93,-69,-92,-95,58,63,41,36,97,-94,30,-56,-97,-83,48,72,5
59,33,-36,-81,-20,79,66,97,76,30,20,71,20,42,-13,79,-67,-80,-64,87,7,-36,-81,-58,64,54,-21,-56,-47,51,-47,42,75,-56,49,14,-26,80,94,83,21,54,-19,-68,-58,49,-41,-8,75,13,47,-42,-34,4,-15,47,-99,-59,52,69,-56,80,-64,4,28,30,-99,79,42,-45,-16,-57,-9,-93,1,92,-28,-10,91,68,28,-59,-36,-45,-81,87,54,-56,93,7,-45,31,73,-97,15,6,67,-45,-69,83,-7
22,-49,25,-45,-15,-7,81,-81,-22,-17,-95,-99,15,57,45,-59,-56,26,44,46,-73,-57,27,-26,35,-47,-66,-77,35,19,-75,-55,51,-10,8,-88,-84,48,-61,10,-85,54,86,6,-39,-86,-68,-31,33,-15,-46,32,63,-93,31,-92,18,42,38,78,-76,41,68,-100,-56,93,7,-45,-25,-18,84,45,-29,-14,30,-80,92,-89,36,-38,18,-17,-15,-62,-96,7,71,54,38,2,75,-93,20,94,-52,-75,31,91,-33,99,64
-27,87,12,17,-75,33,68,-42,-3,-94,-35,38,-97,-89,-1,-56,-13,-99,-48,100,92,16,-60,-32,-97,-61,46,7,40,-27,6,2,-33,51,-35,20,16,-6,3,-96,56,-2,25,46,63,38,94,45,9,97,-97,60,90,-5,88,-44,-14,-74,-83,95,9,-77,84,50,60,-45,48,-18,-76,27,56,8,51,83,54,82,36,20,-16,-70,6,-23,20,33,60,-23,-94,55,-86,61,94,-97,54,-35,-52,-44,-6,41,82,-64,57
14,-24,-45,84,83,-56,58,-86,-13,-34,84,8,83,77,54,-19,18,8,-51,-93,-35,63,23,-59,80,4,58,-76,-20,-48,10,-92,-10,17,60,-5,72,15,-47,34,56,84,3,24,88,31,59,29,83,9,3,-97,-25,-34,89,-91,5,-68,-84,-40,82,-2,17,-86,-42,-9,-75,-68,56,66,52,17,-97,-48,11,-40,94,58,85,-45,-68,-81,5,-70,79,98,-79,5,-44,85,-56,-35,31,24,21,-90,-36,-68,64,-69,-48
-17,90,-41,25,2,9,-93,-16,-55,78,-67,76,91,-88,13,-57,42,28,-35,53,43,-55,-58,65,9,30,-91,44,8,52,9,57,-50,7,-38,13,-13,52,9,31,71,34,52,-39,26,-96,45,-34,-63,-89,-28,22,-50,-13,-86,-47,-40,-100,-21,64,89,8,45,92,72,0,-28,96,0,5,-7,93,66,-26,63,15,94,-7,-54,74,93,6,80,-22,47,-31,-33,13,-41,2,-98,-75,29,5,-60,74,6,6,-6,-76,10
-42,8,-23,-30,45,-68,54,1,3,19,18,-42,12,-81,-61,32,43,-59,-20,-81,-47,-82,-85,-64,-28,-14,4,92,29,-32,51,26,66,-51,-96,86,-51,-32,-3,51,-32,6,38,50,-92,-21,85,53,-78,23,16,32,12,27,-36,88,-88,-62,80,55,-69,-98,96,-32,-7,68,-95,78,-6,56,90,44,30,20,25,-11,52,-12,-95,97,68,97,0,-6,-34,-19,-12,-15,71,-44,55,-90,-82,-26,83,27,-100,-54,-8,-18,60
85,-47,35,24,-57,-62,48,-52,-39,-87,70,33,26,-65,-40,83,44,8,18,48,-6,-75,-49,-81,41,34,-71,-5,-53,-32,35,92,42,-53,21,-35,44,47,-85,-83,-81,26,90,-52,90,-3,-34,-76,34,-12,70,7,-55,-88,95,96,-93,27,-38,-100,14,-84,-99,90,-64,56,-20,29,-68,40,-52,77,-2,83,41,78,84,44,-9,14,91,42,-58,-30,-21,4,-81,4,49,35,-14,-7,-40,74,-32,-22,5,-40,-88,-56,-86
-32,-17,57,-41,-3,-66,85,35,90,-52,35,-68,75,-12,16,-13,81,-2,23,-93,-18,67,46,31,4,84,-35,-13,91,-5,51,20,61,-92,66,-79,78,-42,-62,-7,-27,65,-58,95,-11,56,-7,-38,61,-29,68,56,-80,18,-17,-49,58,-85,72,-29,-12,65,50,-69,-20,-31,-48,38,-51,-15,-67,79,-66,12,74,-81,-86,-29,-85,-21,-30,85,14,-45,-22,54,-31,95,-59,-77,-35,-21,94,66,-48,78,13,-69,-98,32,-67
76,96,28,-90,64,12,20,-43,38,75,33,57,-8,92,-66,-4,95,13,96,85,7,-79,5,-34,34,26,-61,-16,-32,-90,-59,-15,95,75,77,-5,23,34,58,88,-10,-96,-89,90,-54,-96,-10,-36,80,-33,-41,39,2,10,29,-42,-45,-25,99,-97,-82,60,-90,60,32,-74,55,78,-1,-64,-37,-68,-49,38,-71,2,79,-11,33,19,-56,38,36,-40,-99,39,-38,-90,-59,-72,-53,-50,-3,-11,-61,75,-9,-86,-44,59,39
-31,45,-52,-54,-56,73,91,8,21,14,94,-27,-31,-2,-29,-41,-18,86,-7,-84,-10,-10,-2,26,-15,83,-61,40,-93,17,100,-12,-59,-35,-96,-73,30,20,45,14,-93,64,-14,-16,0,99,26,-87,-70,-100,-42,73,-85,76,9,7,30,-63,-17,-94,66,62,-99,25,-13,72,-48,88,28,-91,72,-45,22,20,-98,-77,-80,-64,41,96,-29,-53,85,68,53,73,-43,15,58,-76,61,1,-32,36,33,10,14,-53,95,-88,-8
-81,-92,-40,28,-84,-82,50,39,-25,-3,62,-48,-5,-44,87,-77,94,85,-8,-44,-87,43,-97,-85,-25,-48,7,-62,-40,-31,48,14,56,-62,48,56,-4,55,-68,-64,-28,-18,11,97,-34,-94,-61,22,-37,-83,-95,-12,-10,14,92,-81,-74,-68,0,-24,57,-42,-7,33,56,-75,-20,72,-18,1,-73,79,-76,-65,-14,39,-5,0,-60,56,-64,78,74,59,46,55,14,84,-56,-60,47,40,54,-2,18,60,-54,100,40,-37,3
70,-3,-93,92,-60,27,19,-37,35,95,26,62,-80,-90,88,21,-18,-38,-13,-52,43,17,55,73,-15,-84,-14,54,-46,-90,99,-61,-77,33,-35,-25,-69,-6,-34,-8,15,-8,-62,35,22,-58,23,-79,96,77,-57,64,29,46,-55,-25,-75,80,-38,-5,71,24,88,42,75,12,40,73,-11,-52,8,-61,-17,51,53,-29,-56,78,72,94,-34,25,-33,-97,-50,97,-98,70,2,78,85,44,-71,97,-62,-55,-90,46,-88,72,-19
-49,-61,12,-29,-85,57,-90,40,-47,72,5,-58,-41,-5,-71,-70,-41,76,-73,-76,-21,1,100,-98,-97,11,14,-29,66,40,-94,77,19,-9,-30,47,-53,45,48,-33,64,-95,-95,-6,42,93,-26,-91,65,14,86,83,-28,-80,32,-30,44,71,35,-30,85,-98,-76,63,42,97,10,-52,-43,4,-31,-77,57,-20,98,-86,-54,-1,4,-55,-51,-21,-17,-68,-12,-95,45,-92,37,-68,-57,-27,-78,-15,91,-44,-75,16,36,59,-77
88,43,-92,94,92,65,82,80,90,-76,60,86,35,71,92,71,46,0,73,-46,80,93,38,-57,26,98,-40,84,-24,-24,-5,60,80,-6,30,16,55,-30,86,-54,-7,69,12,77,14,-71,16,-59,12,17,53,94,-13,64,88,-32,25,16,-71,-34,32,32,-37,77,-53,95,78,-76,-40,-65,32,62,-57,27,84,-34,75,95,-11,-48,68,28,-13,16,97,17,-74,-49,-53,-47,-88,28,49,-34,-15,64,98,58,77,17,-51
-8,-41,-81,25,91,-46,-83,-67,9,4,-56,59,11,-99,-13,88,-93,27,41,-56,-97,91,-92,-54,-43,-10,3,96,62,52,-20,-20,-80,-55,-91,-37,-53,-96,50,69,-88,88,-3,-20,-1,-85,40,-18,90,9,41,70,54,16,-19,-46,-16,-32,93,-18,0,-84,31,-35,-80,-65,-84,89,62,9,-6,-54,91,-10,-19,-99,-25,93,16,24,-96,-94,-24,59,-4,22,66,15,-13,85,30,96,-71,59,-25,12,-44,-4,-54,59,1
-83,68,86,-22,9,-7,-50,-98,6,-50,-94,0,-37,0,-9,91,-87,63,19,63,-36,-40,-16,78,-93,-91,-81,-88,-24,63,4,77,9,57,-85,-38,42,-41,-23,-26,44,85,-57,13,-25,44,25,0,-97,-74,82,-82,-13,-8,-37,80,-50,70,50,-40,-24,-68,29,53,41,88,71,75,73,35,17,-26,-45,17,51,-5,-66,-28,51,23,-23,-46,100,18,-18,34,68,5,4,48,-10,-83,-12,36,-77,-65,-79,-11,-69,5,36
-8,-11,-30,29,22,-78,-34,-53,-26,-94,34,-92,-8,-67,92,-89,19,-46,-97,59,48,-46,70,-82,-60,55,-68,-5,-57,66,27,-25,-28,15,29,-54,-23,98,11,58,-70,-85,48,-44,-68,-22,-89,88,-15,88,96,98,-4,43,35,23,92,-34,-94,94,-49,73,93,-1,70,65,91,59,-26,-88,48,-23,-50,-62,-65,75,19,38,93,10,75,76,57,94,99,73,-30,91,84,84,-12,-23,-4,-66,81,-39,82,16,-80,-4,-91
58,-24,-94,28,25,-2,53,-76,-100,-39,96,-12,-37,-23,73,-33,-22,22,40,75,-95,25,-51,-86,-13,-67,-96,92,-99,-40,37,-61,-54,-48,-29,42,44,-20,-72,-25,-93,49,-99,57,9,93,36,37,-82,-80,90,8,80,87,53,-16,-49,-88,-88,84,40,94,-51,65,-25,50,24,88,17,6,-11,70,100,86,21,-10,-82,-32,-9,-50,59,-69,2,-41,-42,-18,26,-5,83,-45,-79,-56,5,30,-26,53,17,88,-63,24,39
-53,-43,-9,31,90,-22,51,31,42,89,-19,4,-59,-98,84,-87,25,56,-98,85,-93,36,-92,-70,80,-26,-70,-22,56,55,70,-61,-33,39,100,34,88,-34,9,73,94,75,-14,20,59,-48,-99,-81,94,-2,-95,-38,66,77,63,-52,35,-11,-44,40,-53,-5,32,46,97,-15,49,77,11,-2,-17,-91,77,66,23,-48,79,-2,-43,-99,-41,-24,72,62,62,9,-77,-26,-51,-8,-65,41,75,23,-43,-28,-35,39,25,7,66
19,-39,-71,3,20,-11,73,-35,59,-31,99,-30,5,18,-98,1,-36,79,-15,-94,62,16,-49,76,-82,2,97,-24,51,-81,-31,68,-97,11,-81,-97,-90,-1,40,-71,17,22,15,3,96,-83,12,-1,-56,-47,62,40,-36,-69,-42,-51,-83,-73,-22,-68,-82,-5,-32,29,-88,-2,78,-43,-82,82,94,-22,90,65,-29,-83,11,74,-5,-43,-42,-34,31,-98,28,-58,-22,-72,-40,-83,39,50,35,-66,79,-77,80,52,95,25,-61
-5,65,58,91,-14,-40,37,12,89,-88,-11,89,-3,-1,35,-7,45,21,10,-73,-100,32,89,-37,-94,-64,-79,83,-74,47,-55,68,37,80,33,-29,93,63,-90,41,57,15,11,-14,-87,44,-76,53,-33,-39,-16,-62,50,-20,35,57,-34,93,14,-78,-16,-37,-98,-4,-82,-44,67,20,55,58,71,67,2,51,-72,-52,3,3,72,52,17,-58,-71,-61,47,-71,4,54,22,75,64,74,-82,7,-29,-56,81,-49,-24,12,11
48,14,52,37,56,19,49,-6,48,-96,-91,100,-55,-39,-57,-86,-30,-93,-32,-69,-46,-99,43,-47,-14,-31,90,-20,31,49,57,-44,18,58,-98,-9,45,90,-42,13,-55,90,43,74,88,-3,66,-2,38,-75,-60,-45,77,-7,-3,-39,83,37,90,7,-80,20,100,-93,67,25,54,22,74,-24,72,-44,-30,-57,-5,-72,68,90,30,-10,-72,-72,-32,44,31,-15,41,-36,-40,-47,-40,-94,-91,-73,-43,16,-100,5,80,-47,30
-92,-69,15,2,-12,3,-64,-90,66,-61,-51,-52,-91,-92,58,83,-48,-49,-39,-94,35,93,-10,-12,-19,-100,-92,31,98,-26,-61,-49,-69,57,-81,86,-93,19,-17,-91,-71,80,-6,-55,-6,59,27,-41,-54,-78,52,64,64,-70,81,-41,-92,-35,-53,21,-58,-93,-66,49,76,-90,-66,70,90,17,-89,-7,-14,90,-74,-21,28,-7,41,-86,95,-88,46,-44,24,84,-59,-30,-4,-27,-1,-6,65,-38,-72,-10,19,-10,-49,34,93
-52,95,-27,91,46,-68,-67,42,11,-50,-10,94,20,-30,43,46,-34,-13,67,89,49,35,95,66,4,-89,17,-96,-16,-50,65,-34,-59,67,-16,-6,-41,-27,-96,-67,0,76,-34,92,73,3,67,-28,-86,37,50,-86,-47,71,-44,-99,-47,-75,33,30,-59,-45,36,47,18,-70,21,69,8,-89,16,-4,45,-71,40,33,-61,75,4,-98,-62,-42,-66,-7,-19,44,-95,-91,-4,-31,11,-22,34,-74,-32,87,-81,-24,-65,87,-9
-92,-3,65,7,-9,73,48,89,11,-82,-53,-76,22,98,25,52,-18,-67,99,43,98,47,-37,65,-35,77,71,100,94,-98,-10,-35,61,-78,-2,-57,-75,-13,-77,7,-86,-71,-7,33,100,100,-49,41,-98,-43,-98,43,75,-97,27,65,31,-52,54,-36,96,-18,59,-45,88,44,76,-7,-93,-56,-40,-4,91,63,-46,-91,21,35,-80,27,-58,95,59,14,-99,-45,36,-72,-19,78,18,-66,-22,-19,-97,60,-19,-15,-2,-48,78
97,-82,-69,93,-23,71,-95,36,-56,-85,-23,-14,-76,-49,25,-67,5,65,9,15,-57,-86,-73,98,30,-2,-85,12,33,-19,-39,-32,28,2,-70,-16,-12,14,-13,-37,-98,17,-88,58,80,-92,40,-68,65,-64,-7,-1,-24,-52,-62,32,25,-24,60,-47,19,15,46,30,78,-31,51,50,39,-32,-37,-44,-34,12,74,41,6,89,-27,-2,100,77,-66,-25,14,-51,-73,-95,44,96,97,92,68,-6,-20,-36,-20,-85,22,65,-19
-74,-8,87,-22,79,-74,-56,-97,-16,31,83,37,-29,-54,-24,-59,-49,-72,-41,62,-34,32,-50,-15,-26,-49,1,60,-16,21,22,59,54,88,57,-81,-92,-65,-14,3,34,38,-4,81,2,74,-66,51,88,-71,26,-65,-52,6,-85,-28,33,66,-49,-84,-64,-12,-29,-25,-85,11,-77,41,95,-88,13,-13,42,17,29,-54,91,-30,-76,12,-56,4,-16,90,-88,82,-61,-79,7,27,-63,-83,-98,-89,87,-95,67,-42,-50,50,-31
84,-89,93,-62,-80,-75,-14,11,-34,-6,-19,-87,-98,2,92,56,-44,48,31,43,22,-56,23,53,71,59,27,48,27,73,35,-82,70,-87,95,15,5,-27,79,-48,-86,-99,-15,-29,-41,-49,0,56,93,73,47,-68,-32,-70,55,-33,24,100,-6,-58,-49,90,41,3,-53,21,69,8,-87,-85,-66,-100,-70,40,94,27,-74,77,-23,-75,43,23,-45,16,89,37,36,-83,-89,65,25,97,65,-73,-41,-17,-61,93,-17,18,46
-68,80,-90,-65,-53,-7,61,53,-87,-5,-38,-4,19,59,-66,0,-99,91,-88,40,-77,-45,27,-15,3,-94,-88,-88,-52,-35,67,-61,96,-86,-55,-46,-43,31,-26,-65,-78,-6,32,91,-17,-43,-100,73,32,-64,19,-24,20,14,61,26,-76,-2,-41,-8,-89,17,3,47,-60,89,-14,80,-47,81,-59,-68,-82,58,-6,82,-2,83,-24,65,58,-18,54,-87,21,1,-99,59,-57,52,41,95,-56,50,46,-85,-76,14,2,-88,-98
-58,-21,-39,-7,30,70,-57,-1,-71,35,-52,-25,53,-10,81,-73,-43,-9,7,77,3,-81,57,-27,-69,20,-51,60,80,39,36,84,-52,53,100,-68,-23,-90,-62,-60,99,-100,13,5,28,-2,19,-57,-36,-89,-54,10,-14,76,-53,-33,-88,99,4,43,-74,-42,51,29,12,50,-21,-84,-29,-65,-17,-9,-39,-43,91,-31,-40,7,75,67,41,-12,40,0,35,23,-55,-84,79,-15,-26,-58,-5,-62,-90,-41,55,24,-40,17,61
-68,17,-6,18,68,-16,-47,80,-56,-95,-10,12,-30,23,79,-9,-9,42,-37,-41,-51,-92,-3,-68,88,-27,59,-18,18,60,90,34,-14,99,-97,-61,70,86,-47,-90,72,-11,58,-36,-20,-52,58,18,57,-7,100,70,14,26,34,9,74,62,41,-96,-52,61,-20,-20,61,16,77,-50,87,6,18,-63,21,-69,73,-1,58,29,-100,-61,-32,38,-62,48,7,27,-42,29,-19,96,47,10,6,9,-95,-84,62,38,-56,4,35
31,52,96,36,14,-14,-46,72,-20,30,-74,76,-36,27,-99,-33,68,-16,20,-84,67,-30,31,-100,94,-62,88,-26,47,-50,45,51,83,-13,-27,14,86,-25,6,44,26,-42,-29,11,-97,-29,66,35,-74,-63,30,84,66,90,58,33,-42,28,-35,-27,-31,6,1,-77,-3,-44,-45,72,-89,69,100,-76,7,-44,5,-76,-70,-50,18,-47,-16,96,11,-25,-25,-72,12,-36,-62,-36,-30,83,100,14,-41,-1,-25,81,-60,-46,-42
-24,18,-74,93,82,-68,80,-85,-19,-59,-75,-61,68,78,-63,-59,18,70,69,-12,-30,-46,4,25,-3,-17,94,79,2,1,-72,49,-22,-70,-4,-1,-10,-50,-31,18,65,-89,40,38,-61,-58,-70,-89,-89,-54,6,-11,44,26,5,29,-52,-25,-6,71,-35,65,39,75,-71,-81,93,-5,-85,-8,-79,73,77,42,-82,-47,76,-45,-42,-40,-27,-8,-68,-57,90,57,41,-49,-60,-60,-88,-89,-96,-77,-21,88,-64,-33,-12,31,-28
-78,-31,-76,-22,40,27,92,-35,18,-26,19,44,-26,-93,73,-36,-6,-71,3,20,-44,82,-98,-98,3,50,18,-17,6,-53,51,-96,-80,59,19,-81,-41,-46,-26,20,27,-17,82,53,26,3,-55,-73,-70,63,81,-47,-82,83,-48,40,44,-8,99,-55,-99,-31,-47,-72,-55,-41,23,58,98,-28,-2,-54,-55,-92,8,-24,12,42,-72,-19,-26,1,9,-86,6,-49,2,21,-53,23,-25,76,-44,35,46,48,-54,28,89,64,73
95,44,-11,-67,30,-8,-62,-87,-13,-88,99,30,-50,55,31,-26,20,-66,-7,-21,-65,-80,-14,43,43,49,11,-17,51,-22,-80,89,-12,42,55,-10,85,60,21,98,29,39,100,-96,47,34,-97,-15,19,46,96,57,61,24,27,2,94,-31,-81,92,19,-17,-91,-70,13,-79,-1,53,61,9,-88,28,-6,99,40,-62,-6,88,-83,-93,-31,-17,-80,-1,22,-7,15,35,70,-65,24,38,21,-41,-95,-9,79,69,-86,89,-77
-3,-73,-70,-56,85,-82,-73,12,91,95,77,-61,-6,12,-50,62,-79,69,-70,66,-75,-81,62,73,-4,66,-7,54,42,22,-39,98,83,24,92,-61,-99,66,38,33,-16,-16,0,-73,83,29,-98,-96,24,87,-100,47,88,40,66,-1,42,70,34,58,-52,-30,46,-66,62,55,14,57,84,64,74,61,-87,-53,-41,35,58,78,84,1,-15,-56,45,92,-75,15,-59,-74,-47,89,-69,-15,-55,-29,-86,-45,12,43,-9,-54,-24
23,61,11,-25,-36,31,-47,4,-30,52,-9,13,-28,16,-31,-66,50,-3,-52,-94,61,-84,-45,88,85,74,-50,17,19,-7,53,-30,-82,95,32,5,-64,28,-10,38,-86,-51,66,-30,10,42,-2,43,-35,20,-97,74,50,-43,65,5,14,-72,91,-30,-91,86,77,-46,-54,-48,-82,-19,-63,-94,19,8,16,26,-42,73,-51,86,44,75,-36,-74,-40,78,61,83,68,90,85,-68,-55,27,81,16,-81,-64,-27,-2,-10,86,85
-33,-15,95,-12,41,31,7,-16,-94,29,76,-20,-2,48,24,54,77,80,62,84,-86,50,59,67,-39,-5,-74,-68,57,18,33,97,74,-29,-62,71,-19,44,48,35,100,90,-41,64,28,-10,-25,1,33,6,18,15,-65,-51,-66,-72,-12,-43,41,-26,-8,-34,-31,42,69,9,-56,-68,-40,11,-49,-69,25,2,74,-23,64,-69,-75,-80,1,-45,-54,36,-67,-99,99,96,62,-78,71,46,-65,-4,-65,79,-87,-51,39,36,-74
-34,53,93,37,76,-55,92,-9,74,19,68,44,70,-56,44,-61,6,55,-50,30,98,54,82,-51,9,78,92,-7,94,-91,71,19,3,-61,55,-35,47,-57,-97,-55,49,2,-54,74,-81,-31,-87,-42,-78,-44,-20,-61,44,-57,-74,52,-17,-23,53,-15,-11,-70,-88,26,-59,-94,-77,-92,-97,-77,37,39,28,94,-21,49,70,-82,68,95,-32,-61,-19,4,-79,-79,79,19,53,-44,10,73,-90,-30,58,27,-49,-55,-62,-48,-14
-13,-35,29,-1,35,13,-88,84,-47,-54,4,-60,64,-36,-85,34,-51,-49,-62,-78,-29,90,16,13,75,-62,50,-18,-76,-65,-44,2,97,-85,-32,-11,-56,35,-78,98,72,-94,65,-23,12,-38,82,18,-64,-80,-85,-31,74,-98,-37,72,61,53,99,-64,-18,9,36,70,-54,-59,95,-45,-81,15,41,-57,35,93,-78,51,-32,26,62,94,55,71,-23,84,-56,-27,70,-92,-87,-24,34,59,19,69,87,-72,-81,84,99,-3,-54
14,85,-31,-6,49,-21,-6,51,10,-59,-36,-24,64,-94,17,-98,61,-87,64,56,20,99,72,41,-32,7,-16,-1,1,-59,91,-26,-2,17,-40,57,59,93,3,93,-90,-17,40,-16,-7,68,-73,13,80,17,61,81,85,-46,-27,23,-20,59,-24,-92,-75,-83,44,-92,-80,1,-18,-39,-70,62,-63,-75,69,24,63,24,-83,-24,95,-45,-53,-58,-43,82,2,-99,-79,-3,44,-2,85,-66,12,-12,-86,-51,0,-87,-80,97,-1
-13,99,-96,-50,-81,-27,41,82,-41,-1,-3,90,14,29,-82,35,-27,95,10,37,-38,92,8,86,58,-11,78,-44,-37,62,-93,73,-43,-97,0,-97,-44,71,-26,-19,43,7,-25,-25,-49,43,85,-27,34,-72,-92,-7,38,-39,95,22,30,80,-63,-4,-13,-93,-3,31,-15,19,-89,-30,76,-40,-45,100,-86,-38,-64,-61,-88,-65,-83,-48,-38,12,-5,37,75,-32,24,74,-27,-50,-47,-31,-29,-73,2,6,51,-94,14,56,39
64,70,33,44,91,-52,-91,91,-83,-62,-15,-88,-23,91,34,80,-9,-92,-24,60,-76,-38,62,-97,-56,-46,-62,100,-53,35,72,53,41,-90,29,-36,60,-21,-10,-51,89,22,-37,19,-80,25,13,91,98,-74,92,-87,5,13,-88,-100,2,-87,16,-69,-29,-99,-62,-3,52,37,-22,-65,64,-28,83,91,-93,-8,-20,16,-59,-16,37,-63,82,-22,43,-28,78,-72,47,-17,-7,-23,84,79,79,85,63,95,-86,3,56,-100,-29
-24,-29,93,61,-92,-7,13,-72,49,-34,61,-19,-61,19,-14,-85,43,-63,59,98,-35,20,97,75,29,86,52,35,-66,9,-86,-99,-14,-96,-71,87,42,-8,55,-34,-4,42,-95,-87,1,-35,95,16,-11,-33,19,-88,-77,-36,18,-68,-41,-88,-15,14,-43,10,39,97,-35,72,23,-88,2,9,70,-27,82,-70,55,0,54,37,73,-61,22,93,98,-98,5,48,37,96,-31,91,15,-70,-27,-76,80,76,-78,-24,-63,87,-44
-62,32,92,-43,-71,96,29,-100,83,-32,65,75,-76,31,43,-69,-44,-79,15,-59,-66,-73,63,-10,56,-39,25,4,37,34,57,60,-69,-16,-31,95,-46,-19,97,50,3,-63,-41,-72,37,-25,25,-37,-2,-1,-59,34,83,-76,-83,66,89,16,66,6,-51,-11,20,47,44,39,31,-19,-64,98,-87,-42,73,62,-17,-58,-80,-35,-80,-64,9,-53,-53,88,51,83,-59,62,-83,-90,11,56,86,-37,93,1,37,94,63,-2,-30
-12,14,-58,-83,-99,78,19,86,78,84,69,-33,61,62,-34,46,-58,-76,-95,-69,-40,-10,-5,-56,-1,82,87,-75,28,-86,-34,59,87,-11,66,-72,-9,14,84,-8,3,-17,-32,-3,-22,-38,-54,-9,47,-21,-52,95,-20,60,-78,-95,-81,13,92,-74,13,-80,8,85,-24,-58,57,14,56,20,22,73,-84,23,46,18,16,-13,95,-83,-63,-42,42,77,10,-39,-68,-63,-14,-77,-19,-56,6,-72,87,-90,9,-38,-22,-63,39
-79,-24,-38,-4,-89,-34,-8,-75,-87,9,48,90,-52,-68,67,96,40,-40,89,-98,45,-91,-65,17,-58,-79,-78,15,19,39,-39,52,62,-93,-32,72,54,9,-98,34,-60,99,-43,22,74,13,-100,-98,-94,-11,52,8,95,-63,81,-85,84,90,32,18,-57,-99,57,99,70,-20,-64,-74,7,-61,-25,99,-21,-52,-78,79,-71,-56,21,-7,-12,81,38,-38,78,31,-46,-28,-79,10,-53,-80,-80,-39,-57,27,80,92,43,-99,55
52,9,47,-20,42,-62,52,87,96,-4,45,75,33,49,-88,-27,34,89,-24,-28,-94,6,44,-19,26,-13,-35,80,-73,68,-94,55,-96,31,75,-48,-40,-44,90,35,72,-8,-27,92,65,-16,28,55,1,-92,53,-98,-79,-44,49,-97,-67,19,-99,26,-11,31,-57,-96,79,39,27,-92,-56,-56,23,0,68,13,-65,51,60,6,28,83,-78,90,-71,75,26,79,-47,-52,-19,92,-52,18,-69,-73,53,-49,37,-53,93,-21,99
-34,-95,-55,78,54,-46,24,-18,50,-84,-55,-94,-53,-70,11,-46,-44,59,99,-5,-58,55,89,81,93,38,24,87,73,-16,-15,72,59,-86,88,-67,-53,73,-96,-78,60,-39,-89,-92,-78,74,-68,-33,6,40,26,43,51,-45,-77,-37,-92,59,-91,14,21,43,-45,54,75,90,-14,44,-56,67,24,88,57,69,-46,-65,-13,95,29,60,-37,-90,-71,-21,23,-6,-29,90,-78,-53,-85,18,20,-93,-36,24,-66,-53,66,-12,-68
-77,29,-28,-54,61,80,82,28,-8,92,44,31,-84,-74,52,12,-40,-2,100,-47,40,-17,-14,22,-43,-41,-59,28,66,-59,84,-64,-22,6,86,51,75,84,64,89,33,-15,66,92,-42,-26,-51,-66,-35,87,-13,-79,-46,100,18,-44,-5,-65,58,67,60,96,18,-25,99,25,66,51,24,92,-17,-28,-91,-94,9,10,-72,58,71,6,8,-83,69,-48,55,-76,32,-7,34,88,31,-20,81,0,6,-95,-55,78,-16,-66,41
-91,64,58,-46,58,93,-51,90,64,21,-87,59,8,35,32,-79,24,26,-35,43,58,-27,-32,43,-16,25,12,-62,-57,16,39,56,81,-38,-80,7,-58,89,4,30,-23,51,36,31,-70,4,-20,52,22,97,-52,64,88,48,-81,-41,-51,-12,-69,74,-91,46,-30,53,-90,-28,18,-47,92,78,43,-78,-7,-30,-74,23,-11,68,83,-3,-37,35,-100,-15,18,19,17,-17,66,31,-11,88,-17,95,77,41,-55,52,62,0,52
-42,19,-79,12,79,88,100,-62,15,-3,-31,57,39,-35,-16,-60,-88,28,71,28,13,51,-69,26,-43,-98,-86,68,-46,-2,-44,-26,-18,88,43,45,92,83,7,-70,-99,75,-57,-66,9,88,63,8,16,6,36,-23,-46,64,56,-48,8,59,80,40,-61,-54,56,-11,-63,90,91,42,26,58,2,-38,-78,-10,-89,93,-79,72,-32,73,36,34,-29,-23,43,35,-78,74,-31,94,-1,45,-79,-69,-63,-3,3,43,-30,22,41
42,-76,-77,26,49,-4,-87,-46,61,0,-96,70,-32,9,-91,-52,71,6,-49,49,2,-81,-27,69,-80,-94,99,5,90,16,-90,-51,-99,58,-60,-81,24,-26,-54,-79,-72,60,36,-44,-69,-91,78,-92,-66,88,58,95,3,-45,49,-91,99,40,-67,21,-8,-42,55,76,34,36,86,-94,-27,96,-67,57,-47,56,-76,45,-52,-66,32,32,21,-19,-39,57,-20,64,-10,49,63,-22,-87,-18,-48,86,-100,65,44,62,39,-35,21
-22,-97,35,-17,-72,93,-41,3,31,59,85,68,-69,-95,-38,-11,-38,41,94,94,95,-79,94,69,-98,-99,-36,79,34,88,25,-5,93,55,99,-17,-55,-46,-78,-32,40,14,21,69,36,71,12,69,-6,2,-59,-76,81,36,-55,11,72,-91,-49,-100,83,-91,-38,86,-30,21,45,17,-46,41,-34,29,39,47,3,22,-17,7,18,-43,-75,62,-40,58,-88,-24,29,65,57,-92,-50,-58,9,83,39,81,86,74,49,-11,-83
-97,-68,71,-16,-100,53,66,58,-26,-27,-10,-81,-99,97,17,82,-89,-16,-7,-78,18,23,47,59,-36,53,41,48,-52,80,69,-49,-68,27,83,-80,60,12,74,91,10,66,99,-19,-92,21,-42,-82,63,36,8,-34,-94,40,-41,6,41,68,-53,-26,-92,-58,90,-25,-70,60,-81,-72,36,44,-86,-20,73,37,29,-57,-55,5,60,-92,-14,73,-43,16,-80,53,-74,-50,42,-60,36,75,71,-6,-5,-63,2,44,-92,61,30
16,10,14,-51,-30,-49,19,31,-90,-98,51,-31,-87,-15,93,35,-43,-44,66,42,42,66,-80,70,-8,-5,-70,18,80,64,-35,-29,78,-4,-33,-80,29,26,-45,-43,70,48,74,-28,-41,89,22,-20,-78,-5,-89,51,-71,-69,8,45,-23,13,16,6,62,94,57,-34,-37,56,-49,-55,-63,92,-90,35,84,43,39,-51,98,-17,58,12,-1,-20,-43,-34,-19,99,-3,38,74,-3,42,-100,32,-49,46,38,69,-70,-22,-97,-38
-69,71,-32,-79,-87,73,-36,-1,15,-14,-29,79,31,34,39,-11,-54,87,31,73,75,98,59,-94,-74,-83,-8,30,-79,-58,16,-4,-8,-24,-48,99,-99,26,57,46,31,-6,39,-45,26,-24,83,78,-84,24,-53,-86,-60,64,-92,69,25,-78,-55,75,94,69,-79,-90,-3,-70,98,-94,24,6,78,80,-21,79,82,39,41,100,-75,48,16,29,-38,90,-99,31,15,-13,-99,1,42,-35,-73,25,-16,-56,0,88,50,69,-89
45,-97,28,89,-31,-80,63,54,-61,89,11,-7,71,-33,-57,-58,43,64,54,23,-77,-89,-49,40,-1,-34,93,-43,-35,61,-12,63,-55,-86,91,80,55,-33,85,4,30,-89,2,-39,-2,35,-24,100,-10,-58,-66,-87,94,-25,98,86,-72,37,62,54,-35,1,-89,32,18,-84,-32,-96,-20,-86,98,-42,59,-32,-60,17,-36,-37,10,-64,0,-90,-15,-56,-92,6,-35,93,46,66,37,-67,-95,14,19,-14,-31,-38,-96,93,-11
43,21,3,6,-62,22,-44,2,3,-51,77,52,-98,64,40,-56,62,92,16,92,-70,-44,-8,-74,-44,84,-13,-69,15,75,-49,-83,-60,54,-23,-61,50,-30,-50,45,80,9,8,39,71,94,-68,92,14,72,68,42,-70,-59,0,39,4,-43,2,31,61,-64,-77,-75,81,33,73,-1,-16,83,-90,3,28,42,-58,4,97,53,-97,96,-93,84,-82,99,67,95,66,-59,60,-8,17,25,11,87,-63,33,44,50,86,59,-33
-31,-77,83,92,-67,89,-45,52,-39,-20,-14,89,-63,-33,72,-73,-35,-34,47,-15,82,54,-80,-51,-29,-48,95,91,78,16,-7,57,88,-33,59,-51,-31,-7,-39,-40,-32,-76,-84,18,-11,-34,-41,60,34,-90,-30,0,-22,-20,-42,-83,36,58,-85,-7,-32,-51,86,92,1,-72,21,11,53,-99,-61,-58,66,52,76,-18,-20,-96,51,40,-65,-70,36,83,-95,15,-95,-85,4,-65,-6,50,68,-82,-64,70,30,90,-79,-6,-57
44,-21,-37,-84,23,-93,-97,22,74,56,-10,-46,72,-40,95,-35,-13,-99,-8,55,20,-16,-42,31,-77,38,-47,-5,-26,47,85,3,96,-83,19,-82,-86,71,-15,46,-39,84,-70,94,8,-17,62,-74,26,-27,26,88,30,-68,3,-87,99,-38,19,64,85,-86,27,-94,86,-53,-17,-10,-23,-61,-52,-100,-67,86,93,100,17,100,-57,-82,15,-75,76,-69,52,38,-60,95,-88,-87,24,92,-38,-33,-70,-90,63,-23,77,64,21
-47,71,-25,-8,9,51,-86,83,73,1,65,85,57,-22,-83,-64,-82,-91,-98,-46,37,19,92,-51,57,-6,51,-93,-86,-66,17,-71,90,-3,-84,65,41,-39,-83,-80,26,36,4,32,-12,-2,-64,-31,-66,-94,-7,9,-16,0,-8,-42,-64,43,50,36,57,-11,34,96,-7,-54,-44,-44,-56,-87,33,27,-21,63,21,86,-3,65,28,73,-16,100,56,-89,-17,-54,-37,-42,-85,-6,60,-24,-44,-4,-14,1,38,-8,63,-26,-33
-66,95,96,42,-1,-27,-55,-86,45,17,-40,-88,1,98,-67,94,71,-63,-21,50,-25,-90,-17,32,-11,52,-72,-80,-6,61,-67,-73,85,89,-82,50,45,-24,-40,-1,-78,41,-97,70,38,-35,-16,58,-14,11,46,-78,96,-14,-46,12,94,10,46,38,71,61,-5,2,54,-59,45,85,-23,-26,-76,-66,-38,55,-16,-19,68,38,-76,-53,-69,76,-28,39,54,-99,36,66,9,31,97,52,-82,-51,-85,19,-21,100,-100,60,61
4,30,75,-78,97,36,-10,-42,39,-43,-94,-94,15,-94,100,40,-32,14,-47,73,19,57,96,75,41,-18,-90,82,-31,-82,99,97,-89,-78,16,-34,0,9,38,-13,36,-97,81,-8,41,78,71,-23,-59,-91,-36,-90,-79,-12,-23,43,-9,-50,-98,69,-78,-80,26,-23,-81,-12,-61,69,79,-29,72,49,-10,-72,62,67,77,71,56,64,-53,37,-75,-73,80,-4,-77,47,4,57,-96,27,57,94,61,9,20,69,34,-68,72
54,22,-4,-65,-100,22,-88,-16,88,-65,-52,26,21,-72,-50,54,-24,-14,-21,64,-51,-18,41,80,-52,9,99,31,-2,72,-49,-55,-34,77,-84,-24,-53,23,-97,-94,59,-30,-2,-32,-69,79,59,70,-49,-57,43,-31,87,14,-61,93,-98,25,69,23,8,-100,23,71,-4,-63,3,78,98,-69,79,-29,63,57,8,0,-71,-29,91,91,-37,80,47,-72,76,52,68,-82,-99,-59,23,53,-61,-3,14,28,87,69,-84,-62,-22
8,-54,-67,4,1,-74,-83,-34,52,-98,4,-83,91,-8,-27,67,-93,37,84,-92,-48,-95,22,90,86,38,-38,29,-79,53,-31,-19,17,37,-84,-18,-31,-38,28,-42,-90,-55,98,-55,-51,-67,-42,-62,43,-56,92,60,-28,41,57,-54,49,95,-78,-97,-12,98,-92,98,11,-64,81,-87,52,-15,-11,74,35,19,88,-43,16,-50,72,-91,33,-88,96,76,47,-28,22,-10,-10,83,-57,-98,28,-69,-11,-68,95,-86,-93,-92,-89
-65,30,36,80,69,-97,-46,22,39,15,20,-17,8,-83,47,-76,21,-68,46,89,2,96,-13,77,99,73,-27,15,-34,-23,85,-26,38,21,-61,8,-26,-79,46,-68,-22,60,-73,38,-71,17,48,-96,-58,89,-38,-28,-63,12,17,-96,31,-51,9,32,-42,71,-34,80,43,-35,-8,-2,42,29,-41,92,63,-85,-77,32,-43,40,-32,-23,70,45,-58,79,89,-46,44,58,40,-22,-88,62,-95,-100,15,-55,-66,45,-22,5,-56
33,39,-14,77,-22,74,-95,-57,-51,-37,36,33,19,-67,-45,-40,75,34,22,73,-5,23,-10,-38,43,88,98,17,-22,-88,-89,40,58,67,-23,50,79,-88,-23,-8,-81,-71,-73,78,-16,13,50,49,-19,-90,12,89,66,37,73,-78,-77,36,-26,52,-10,59,29,43,-53,51,37,-63,7,-53,-97,-43,63,-95,77,41,20,57,-50,2,76,-10,-31,42,-44,43,-56,-49,32,-4,3,54,73,-100,-90,47,35,-11,29,90,57
23,20,31,-32,-22,-85,-50,-3,60,91,-67,74,-41,-5,-18,-100,-90,9,22,-36,-77,-31,13,96,4,-87,-74,8,-84,79,-70,-58,60,-97,96,-37,73,92,-31,40,-50,-2,78,-64,33,51,-37,89,-45,54,27,0,-22,58,22,-8,81,33,-55,27,-6,-63,91,31,-8,85,24,54,37,-23,-12,84,-42,-41,-81,-94,71,88,-44,-15,-72,-90,-2,-86,35,-82,-6,74,8,65,-58,-7,89,64,-2,99,89,93,-8,66,12
-12,-9,-58,-80,31,-87,-91,14,-2,65,63,-51,-86,52,59,81,1,43,11,52,53,53,-9,78,-56,33,99,-14,27,56,-12,58,-7,48,-13,-20,64,-65,3,-41,55,52,87,91,85,-61,42,0,10,2,51,-11,-60,37,-70,23,57,-68,-21,95,32,-70,12,51,12,43,-43,74,95,-58,1,-28,80,71,100,-17,-33,34,-42,-45,58,-92,-22,-4,-29,51,57,-81,53,-73,-32,61,-15,29,83,78,-53,-5,-71,-23,44
-7,-84,-12,-73,-27,11,-15,-29,27,76,26,-51,42,-68,-65,77,34,-72,-30,56,-6,-31,-58,-76,-42,50,-16,38,-24,-41,51,7,-12,53,-81,-45,-75,39,-34,34,74,73,60,43,3,-33,58,74,-16,-83,72,-62,79,21,-82,11,-56,45,47,-55,-80,-66,-49,3,-70,-44,-29,37,69,74,64,28,43,-17,59,50,7,44,85,47,-64,74,77,-61,39,89,9,50,98,-94,-25,-60,-6,18,-25,-14,89,-53,88,-6,-89
-81,85,9,-97,-68,-90,-61,30,-51,28,58,65,-43,-82,-32,24,21,-20,-72,-24,-83,-42,30,-30,-97,3,46,-15,83,53,80,-41,-33,-54,-82,64,-49,21,-99,43,-88,-94,83,-94,29,79,-93,22,64,17,54,96,-9,-58,-63,-77,-36,-69,98,-64,33,-5,-27,69,-4,4,-16,-52,-47,-37,-35,-47,-75,-85,-59,12,-22,-51,91,23,30,-45,69,-2,-74,-66,65,68,-93,97,18,-77,78,-41,-47,34,-41,61,22,-1,68
-58,59,19,33,-17,-59,62,38,-91,39,-39,-85,81,92,-94,-64,-1,37,-32,-98,-87,21,-32,-97,88,-41,26,-80,-77,77,50,-25,-94,-20,45,80,-93,-18,23,79,-45,88,-41,36,73,-65,-44,-13,9,0,-52,-31,87,-93,48,25,-43,38,-64,-64,-9,-4,-15,-31,-42,38,51,-34,5,-62,-28,7,34,100,-75,-36,23,-46,-59,-43,90,-96,-26,-67,58,66,97,-70,59,-73,-27,-71,-41,3,91,-55,-13,89,95,74,21
-25,-22,-67,-8,-22,-27,84,-62,76,-24,99,54,-69,56,27,0,64,58,17,-28,75,52,51,-5,5,4,24,73,-55,42,74,-61,64,-53,-72,93,-94,-10,86,-86,-90,88,48,-21,-86,-83,46,79,38,44,-82,-5,-8,47,-8,27,86,84,-95,55,-69,-41,13,-37,42,-10,0,8,-14,85,9,52,-31,-66,-74,-33,27,-46,-44,-86,-54,-73,62,29,-21,15,65,-47,90,-35,91,-96,11,32,26,86,-73,-100,65,-73,54
78,-93,-55,-5,-20,-6,13,1,39,42,-66,-34,91,-71,40,-19,47,76,-26,10,-58,97,-4,-10,-24,-97,-86,-61,-91,38,55,-61,24,-94,57,-9,-37,16,-16,65,-29,53,94,-96,-51,6,-87,31,5,-59,-27,35,44,-35,99,57,-72,-50,-43,-24,42,15,-62,-93,-44,13,-72,-2,25,-96,-87,-68,62,74,54,89,-57,77,72,-50,76,-14,-95,-22,10,-63,-93,-11,58,27,-52,-31,89,24,-69,35,-98,-69,-54,56,5
-66,40,98,77,-40,-96,-15,-6,-20,83,-61,-58,45,94,58,-33,-67,-93,-95,53,-96,76,25,-88,58,19,93,-23,53,-77,-31,-96,-74,-37,-73,-42,-40,-82,49,73,-56,-22,-59,36,12,49,-61,-54,-64,-25,42,-56,-66,-79,9,61,92,-20,-88,75,99,-71,51,-18,60,-91,0,-46,-48,9,-58,77,-87,-70,98,-16,70,-49,-61,7,45,30,-66,-20,15,-10,62,78,38,-28,9,58,-34,-93,-39,11,-56,76,60,-94,64
-21,74,79,-87,-89,-94,-2,5,-2,6,40,-81,-79,-99,95,34,-45,59,-29,-63,100,-13,-72,39,-31,77,54,-75,75,84,-66,-65,37,1,-68,3,-35,-23,15,-82,38,-8,-2,39,27,-7,68,43,-50,-43,1,-13,95,22,-65,99,-73,-34,4,47,-100,49,85,-96,99,82,74,-47,-12,85,-4,100,-91,55,-87,27,12,-24,67,7,-22,83,68,50,-62,67,-12,19,8,15,22,-74,-97,-81,-43,-7,-85,-39,82,-96,5
38,36,81,27,-29,-88,32,-22,57,-23,-7,-73,55,-34,-66,-65,-88,-99,-10,-18,60,-77,57,48,83,-90,-19,-56,17,-47,-29,76,51,-52,-26,-91,-9,69,14,-30,-58,-18,74,24,-21,-28,-75,-6,68,-55,51,-54,13,84,80,17,36,62,-15,-35,-60,13,74,-7,-74,97,-97,81,97,-49,-47,-9,-40,-41,-77,-26,23,40,23,92,43,28,89,98,-94,9,-32,80,-22,4,-88,7,-85,15,-48,-4,-19,68,54,-50,-72
