-70,7,46,-31,-75,57,-4,64,-94,17,24,-45,69,24,-40,43,84,46,33,2,-94,61,85,96,72,5,-80,-46,57,-5,97,-73,28,25,74,2,-14,-61,36,97,14,19,54,-2,-27,-18,-30,89,64,85,-63,69,28,77,-1,-26,62,-40,-80,-64,39,78,74,-21,-89,13,-70,-100,-39,13,-31,-8,-51,99,-29,61,95,-37,51,-49,50,-46,12,-40,-95,-37,-70,22,-25,76,83,98,75,-98,-97,-92,10,84,-63,-58,27
43,-12,-10,26,67,44,63,-64,-35,9,-51,-9,-86,-34,8,18,96,58,-55,97,-75,-21,-33,19,-72,-74,10,-21,44,71,2,-66,63,16,-55,-15,-86,-80,-32,22,88,-52,-93,45,-18,49,25,89,67,12,1,96,-58,16,69,-57,-51,-65,67,16,-42,-49,75,-49,9,-8,-72,17,-65,-24,-20,31,70,-85,-84,20,70,-64,17,66,-83,61,75,-70,66,25,-99,-92,25,18,97,-52,-43,-4,86,-76,100,-26,60,-43,-68
-2,-97,-72,-44,50,-96,63,66,57,-98,-77,74,-68,71,25,74,20,-58,-78,-25,-26,2,38,35,48,-28,58,-66,-84,47,63,82,-35,5,-64,-30,8,-58,-62,23,-65,99,68,3,-21,42,0,-66,-8,-60,-28,-5,-5,28,-70,16,55,18,-20,27,-10,-83,-36,-49,94,-24,92,-18,41,1,74,-11,-25,-41,57,53,-100,68,12,35,82,63,35,40,-42,-31,-67,-26,61,9,56,6,-81,-25,5,-24,89,29,98,-15,-32
95,-49,-41,-33,54,18,-20,56,-84,23,16,-56,38,42,58,-46,93,36,77,3,-39,22,23,46,72,100,-6,-75,-8,27,-48,-74,49,7,8,42,26,51,89,-52,-76,10,-45,48,-43,-92,87,41,42,2,-64,97,40,-84,-44,-100,59,-88,-51,85,3,27,76,-99,-87,-2,56,49,41,55,80,-5,4,8,27,-66,19,71,-37,-1,-68,-10,-1,-1,-8,-75,34,40,-17,32,-72,78,-89,44,-23,63,15,-73,40,-80,-78
-94,-6,-81,-62,-14,-50,-88,-95,52,80,-92,81,81,64,82,-69,-22,76,77,-16,-57,-14,-80,50,53,12,5,95,58,-94,81,71,1,-62,-42,72,3,-88,53,-78,55,22,12,-51,80,-62,-57,79,-23,88,53,37,-48,60,25,-82,59,8,29,-38,20,47,-34,75,96,4,91,83,46,-92,-23,-42,-26,-17,24,65,-10,24,-1,90,-11,-84,-98,-14,-60,-84,11,-67,-5,78,64,-74,85,41,8,93,66,-73,-61,-35,-20
-57,80,79,-65,75,47,92,-84,79,100,-20,9,29,1,-18,64,-76,97,-63,68,-99,55,25,-33,-80,-6,74,-81,20,36,-47,87,0,-56,-53,36,21,22,-54,-62,48,-14,-36,28,-33,-8,-97,-72,0,-28,6,24,-26,-99,-46,95,-17,92,43,-23,-75,-6,-16,49,6,-63,-3,4,90,49,-46,-31,86,43,-31,75,34,65,-33,31,100,-51,-51,-54,-81,-98,91,51,-5,72,-98,-15,-56,-8,72,76,-4,-11,-76,14,9
-50,-80,-18,43,-9,36,71,-67,24,-84,59,75,-2,-10,0,54,-76,0,-24,-90,78,-57,-19,-52,-58,-43,46,16,91,-97,31,2,24,-32,-4,51,-56,57,11,-90,-43,32,-58,-77,44,98,-25,-73,15,-91,-12,91,-78,-46,4,-18,-13,-92,-23,-14,40,-63,-84,-99,-38,-24,49,-60,-97,-17,55,98,35,-79,-4,-18,-17,-3,-13,37,-24,-61,1,-4,-49,8,-31,-99,35,-89,70,-61,31,87,77,-90,85,-33,64,-66,78
14,-91,-59,39,-96,-9,-73,-57,-2,-61,92,-17,-20,93,-27,68,-65,9,84,-21,90,-18,-73,-68,-33,-46,34,14,50,9,31,32,-10,-6,0,75,-13,-66,-32,-26,-6,-36,86,47,64,-87,78,-69,-85,-10,-83,-50,-54,-34,14,75,-18,27,-70,85,-81,70,-40,78,-48,86,-37,1,-19,35,-63,55,2,-94,95,97,-47,6,-68,-77,87,-33,-76,4,-87,73,-23,-24,7,37,45,-11,-53,42,-89,36,33,97,94,-8,57
94,-57,-88,-31,32,12,95,84,100,-77,-68,44,15,-73,30,65,66,-37,-47,-54,24,-29,-18,-48,-63,33,-51,-25,-70,-80,-7,-59,28,24,-9,37,24,-30,-81,78,-63,12,94,5,54,-59,-83,-55,-54,-51,72,-38,37,-29,-7,-7,-92,89,74,-16,-31,74,24,68,60,13,-73,0,49,72,-35,38,-90,-54,25,-80,-48,26,50,-47,-34,-88,-57,56,-98,62,59,-81,69,-42,-15,45,-12,33,65,70,20,78,-56,85,-5
66,73,-74,59,60,-33,-10,11,-21,-45,24,-81,-33,-7,66,-14,91,-60,18,-72,-54,-8,28,-45,86,-20,75,92,80,-19,-11,-46,-73,79,-86,-93,81,29,-62,7,-18,-4,23,12,-24,18,37,-92,4,48,30,-94,-82,-100,-26,2,-72,-99,32,76,-85,44,90,51,91,66,52,-5,-72,-23,9,69,-24,12,100,42,53,-14,-97,-79,45,12,86,2,-46,-1,52,96,0,71,99,15,50,-85,-11,-49,61,-44,-34,-13,79
19,-72,24,-97,-9,-83,48,22,8,2,-27,-12,-29,50,-15,-10,90,70,85,-15,71,81,-30,-54,-94,62,56,41,57,83,3,-54,90,-50,40,33,40,97,7,24,21,-32,32,63,-90,-19,97,57,99,-99,-43,44,60,43,-69,-40,87,-48,-91,20,1,27,29,-64,-38,73,-26,97,-71,79,53,-3,82,-51,48,-21,-16,22,-78,-44,72,60,-30,-35,-75,-90,88,-24,-97,-49,26,-66,-48,-24,-37,-7,-19,22,68,-44,-10
-38,-69,-49,66,-33,81,47,100,-19,34,47,36,91,-31,32,16,-44,-70,-52,19,-8,-68,54,-64,92,69,-94,-73,3,-20,-5,-82,18,-92,87,63,-48,-19,8,-24,16,-25,9,97,-68,28,0,-79,56,12,36,-61,-13,-48,96,-32,68,-28,-89,3,8,40,85,27,-3,-81,-18,59,93,-79,43,-44,-69,63,-96,84,-77,-51,18,95,63,32,80,10,38,-8,8,14,-15,-1,-50,-54,-29,-80,46,93,75,-70,-93,37,80
44,-68,-86,-22,75,3,14,80,68,-59,-46,-37,-43,-49,28,-47,60,-93,38,9,-75,36,21,1,-15,-70,50,92,-96,-44,-33,-34,93,-22,-4,-18,-45,78,52,-76,-5,53,-15,-62,48,-5,-27,11,-64,72,-92,-9,-43,16,-59,22,-62,-88,41,-82,19,88,81,8,71,53,-68,68,83,-52,-52,-22,-39,-38,24,-88,69,-90,-35,-84,46,-35,-39,41,8,-44,-99,45,-23,-62,-15,-44,-78,-31,86,10,-17,56,22,57,-59
-53,65,34,13,-58,100,9,-7,73,10,-5,65,-35,82,-96,-7,-23,10,28,6,-97,4,-18,-93,-4,77,69,-81,70,51,-19,-48,-43,73,87,5,56,40,22,65,45,2,-11,-62,11,92,4,19,39,92,-83,31,-54,77,-98,-28,3,-64,-81,-58,-60,-90,64,30,30,-32,-88,76,77,-80,-89,5,-95,-61,-68,56,0,-29,-29,60,-4,-73,24,-12,83,-58,7,-21,-19,-92,52,-36,50,52,22,50,32,-52,34,46,-1
-79,58,1,59,-54,-16,58,71,26,-17,-76,70,-22,94,-32,-21,39,-36,93,92,62,54,-33,-57,-88,8,54,7,77,-68,-22,-65,75,97,82,7,-58,-81,-19,-73,28,92,35,31,78,-20,59,-31,44,92,-99,32,65,28,95,-63,-86,-79,-39,-36,1,20,-77,-42,-30,-63,-99,50,-5,-95,-97,12,-29,-18,44,67,-68,-82,40,-70,-12,-93,-69,-95,-55,1,40,-51,-26,59,44,-34,5,29,87,46,-89,51,-90,3,-6
76,41,70,13,-44,62,46,17,-20,-31,-1,-49,-26,1,86,-63,14,16,-30,-91,-76,-57,95,77,53,84,-62,-9,78,-55,39,-87,87,14,81,66,-38,59,72,-76,9,65,76,-69,11,11,-100,77,-32,60,-25,5,-88,-24,93,98,96,-34,-38,-80,96,31,1,35,100,-39,-76,79,100,-31,-19,-85,7,-37,-31,62,85,47,-39,-35,55,-58,-36,-9,89,77,2,60,34,-12,-66,59,86,31,36,35,-92,6,-21,56,-36
87,31,64,89,-48,-89,97,-76,-95,-2,-12,-95,-16,20,-96,15,-89,61,31,0,57,96,59,-44,-81,-1,32,-95,-84,70,-42,-45,61,-62,87,-100,-3,-5,-25,-74,8,-32,81,73,77,-67,14,64,0,80,13,-21,-55,-61,-76,-77,-64,-12,-92,32,-58,-49,-37,-99,-18,63,-83,-64,-51,97,-57,37,-76,-67,-97,12,54,48,28,-22,8,-33,-54,-77,72,-92,62,-17,-47,-48,55,46,-57,-33,55,81,27,1,62,92,-27
88,41,46,-23,-64,53,74,-44,84,-81,68,-38,-87,46,-85,-81,-55,-23,59,-26,28,37,26,93,18,-26,-70,41,66,9,46,29,-78,-6,-39,53,36,-29,43,94,-92,95,-63,94,13,-62,-8,76,3,-26,-94,27,85,-83,53,89,-59,-49,2,78,3,87,-41,-58,-59,-16,81,37,8,96,-22,20,-1,88,-53,10,63,-74,42,-62,-77,44,45,-12,91,-50,-94,23,18,37,21,74,-66,1,-39,-25,93,-4,70,-14,89
-77,-37,4,64,8,33,37,-23,62,80,-26,18,33,31,-17,79,72,52,-25,11,80,98,-64,-4,69,75,-34,-34,-71,33,10,56,-46,94,83,96,-33,26,63,-84,-1,-59,1,-94,15,25,48,17,41,-51,-41,70,-99,-91,-98,-13,81,76,18,-48,60,-39,-78,-39,55,-56,-9,-52,49,-79,-28,-44,-35,-35,-35,-49,15,-67,20,54,2,65,-37,38,-36,17,-85,4,-87,77,-73,88,5,-42,-89,33,-79,92,38,-17,39
-59,85,-42,50,10,36,-57,-17,94,-7,23,99,-55,29,50,95,-49,0,-84,87,48,34,60,25,-81,-58,37,-69,72,-31,53,72,66,-84,29,73,45,-91,-11,-28,96,41,-8,79,99,70,63,91,52,-59,-94,73,74,53,96,-100,-20,-76,-47,3,83,7,24,68,73,33,57,53,-29,28,84,-10,-4,-83,67,-12,-8,98,53,3,-41,62,96,84,-56,-7,76,12,53,-89,-35,-86,-46,26,65,61,88,2,56,40,-84
-9,82,-23,91,13,-79,-13,22,-72,-66,63,29,54,38,60,-38,-26,-31,41,72,-41,-79,96,96,-56,-47,-33,-88,-92,-74,38,88,11,70,-31,3,70,-36,30,-66,10,82,-62,57,69,83,93,19,22,32,-95,-64,-41,7,-74,22,-15,41,41,43,82,42,9,-80,96,-44,57,-66,93,-25,47,29,-53,52,76,-11,-8,-38,-20,46,-56,-45,23,-40,-45,8,-95,-43,10,-54,-43,51,-70,2,-31,40,-27,89,13,-5,89
79,9,17,-42,24,92,-14,-35,-55,-1,-24,42,15,75,11,-2,-72,-100,-74,-28,-97,-3,-60,66,-97,17,-82,87,31,70,-7,-48,-42,54,66,-65,9,-63,-79,-32,94,-94,-67,-27,-42,21,-16,17,-54,4,-87,-71,-74,42,8,-67,17,22,-9,30,-67,62,-8,22,49,-30,5,31,-62,-18,29,22,75,42,47,-24,94,-89,80,68,22,-76,38,-78,73,71,26,-34,40,-57,81,18,82,88,39,47,69,-51,89,-52,-54
94,-95,90,10,68,65,65,73,24,40,28,-67,-65,5,-13,-58,-92,-65,85,-23,-23,-47,-32,-15,13,-5,-63,0,25,19,24,65,-55,-90,13,-24,20,52,11,-85,-83,2,-80,-98,-44,7,33,39,71,59,95,-24,-23,-9,-33,78,-97,81,-68,93,21,-46,-92,45,64,46,4,-55,-3,71,38,18,91,-48,42,43,-100,80,-43,15,12,-48,-22,30,38,-10,-37,-6,52,-45,71,-79,58,73,-90,85,-90,-65,11,-1,48
74,-24,-12,56,-42,17,-3,-95,51,-27,40,72,49,61,-32,-65,-91,-42,0,-53,-90,13,25,-63,-72,-76,-18,-65,-96,64,39,-23,18,58,2,48,88,-100,81,42,68,-87,-70,-57,-12,-96,61,-28,54,38,-94,74,-68,33,100,100,60,3,22,-31,76,23,72,48,36,65,-82,5,-82,-63,62,-22,-72,-61,57,98,-95,-2,64,-2,65,72,15,75,-55,-97,-25,0,-36,-36,-73,-21,0,-26,84,-52,54,86,97,-17,39
-66,-52,39,-4,-9,60,-30,-77,-17,-99,-29,-1,32,-60,-1,-28,-70,-53,-56,73,44,73,10,26,-54,52,45,-19,-40,0,64,-21,-28,-30,18,-63,70,-28,80,-51,-5,12,-63,36,-20,-95,21,-36,96,-33,-33,18,22,95,39,54,72,5,80,-46,0,-92,-9,-73,0,17,0,-37,38,51,90,-84,35,-61,-13,2,59,66,44,-48,70,57,46,78,-44,-11,-40,-31,-93,64,10,-61,-25,26,-5,50,-62,63,86,-11,-32
79,-30,-82,27,8,14,-37,17,-40,-54,-55,77,22,36,85,58,-34,-66,-91,20,-58,-90,31,-94,13,-87,-64,55,-3,-11,14,-90,99,12,-88,-93,60,35,73,16,36,19,3,58,-4,71,-35,-58,94,19,-28,88,22,-29,-1,-100,-65,50,32,34,-97,-61,-90,-70,-22,-97,-50,94,-35,43,57,15,-88,100,48,65,-97,-96,55,86,82,46,3,96,-25,-1,24,-88,6,93,79,42,97,33,-53,91,27,-27,70,-6,-70
24,-74,-10,77,68,-2,-20,-91,14,-20,93,-81,-82,-80,66,-32,-41,75,44,-42,35,-85,-95,-46,62,-35,63,-27,-81,61,-100,16,-72,10,-62,87,-85,11,44,90,-87,-41,51,-66,-56,9,77,-73,63,-81,96,65,-96,92,100,-34,-23,-86,-36,-56,49,39,-12,-99,60,0,38,-54,-35,-7,74,17,34,57,-66,6,-75,27,59,-13,12,46,-24,-73,-19,62,6,55,-25,39,30,-70,-56,52,63,32,99,-36,94,-28,-3
49,82,50,-9,-46,100,79,-19,-58,-81,-51,66,34,19,43,64,38,53,40,-80,100,-60,-82,-71,-82,81,16,46,-56,85,-40,-28,-58,-82,58,-68,-42,81,-15,-84,10,27,70,-33,32,-39,11,-79,82,45,-24,-22,-9,84,51,-89,66,100,84,3,47,-40,42,-21,98,26,70,63,-95,73,-76,46,51,-29,-67,-46,-89,-1,71,-26,-21,-59,22,24,33,27,9,23,-86,11,-42,66,15,37,-15,-35,14,-37,91,74,-43
-61,-6,-32,14,33,82,-70,-77,-23,39,-65,83,-61,-72,-42,-24,97,69,-4,23,-38,69,-72,-82,27,95,-58,74,-97,-4,45,-58,-42,-100,-25,-42,91,-40,66,88,-90,-12,49,-78,-90,63,51,-50,-33,37,-82,22,38,-37,23,-37,20,64,-44,-30,67,11,-36,-36,-69,95,57,98,-72,73,0,36,26,36,36,73,67,-68,90,-81,-32,97,-51,-56,-33,39,-20,-88,-5,64,55,37,-50,-41,-98,-67,-50,39,39,-70,-94
0,1,63,-99,32,-22,51,-93,2,-30,-49,-53,96,47,-81,-78,39,17,-78,-8,97,23,-54,-32,23,-29,-71,99,72,46,66,-34,23,69,-72,-55,-8,-46,-19,59,63,-32,-48,57,35,0,72,-1,-32,-22,-50,-82,-61,80,-42,-77,-20,-30,-79,33,-6,-27,-38,-83,-47,17,68,40,97,-1,90,30,-25,4,53,32,37,26,-31,-81,26,55,-53,-83,-19,46,-38,-85,10,-6,-10,50,-30,-58,18,-46,-2,53,55,9,-21
-59,-83,19,-54,-36,24,-42,73,-32,-6,36,-89,-59,-75,-67,-65,34,70,-56,51,10,-34,-21,52,-85,8,97,28,64,-71,-58,11,14,-52,71,-70,-59,-48,20,-12,-60,-26,17,86,-84,-89,26,-69,67,-22,52,-42,43,-44,36,99,-34,-58,-41,87,-62,-16,13,5,76,-33,56,75,-29,59,51,37,-99,-99,-40,-20,59,-92,82,76,22,100,67,-100,-39,-14,-66,-8,-96,-14,-84,19,-33,100,-84,15,-61,68,-42,15,-24
-32,-8,-11,50,-80,-4,-33,-39,29,15,28,26,34,5,27,66,16,57,45,68,-2,43,-73,-69,29,-41,8,-55,67,-49,-34,74,32,7,35,30,-88,53,-29,-21,47,75,77,-46,14,43,-27,-28,-7,-78,33,-30,19,31,87,-90,-63,-67,17,-2,50,-78,-1,15,-22,90,-16,-90,54,74,75,-24,76,-22,84,49,-67,37,-7,2,-20,89,-60,51,90,-34,-95,36,-47,-10,40,-75,74,-30,-4,1,95,-70,10,-25,-87
-89,78,-32,-46,97,-23,-100,60,15,22,50,82,13,28,16,96,83,-10,-41,11,-47,56,60,-12,3,-75,-86,-24,85,-88,-2,1,22,-86,2,-79,61,-28,-94,27,-24,-54,16,69,91,50,-26,-91,81,-16,-41,-52,65,-17,-99,30,55,99,89,7,-37,8,64,-85,-42,-7,-43,-33,85,14,57,55,-30,90,-100,36,-10,-65,-66,-81,60,-3,35,-24,82,64,16,-88,23,-92,-68,88,-56,-56,55,35,-54,3,-70,-78,73
50,-96,-100,-79,-88,86,17,-49,38,-31,7,-6,-84,-18,-56,-35,96,92,-66,32,-57,23,-52,75,10,-80,-72,-94,67,-31,-81,-39,70,78,-59,86,68,-51,-41,86,-14,98,29,67,-43,83,-71,32,36,23,-68,-22,-8,-95,26,52,41,-61,-73,27,-29,-70,48,99,-56,-6,-41,-7,-75,10,-47,33,44,-90,-5,27,62,4,-78,-84,56,-55,-42,6,-3,-28,82,-45,-85,-40,35,-76,81,-21,-89,45,-71,-84,68,49,47
87,-85,21,38,76,-17,-51,76,99,-66,56,62,56,-66,87,71,-88,81,49,88,-12,-40,-53,41,-61,93,33,-53,-20,-82,-66,58,-14,71,55,80,29,83,51,29,7,-39,-10,-12,85,-15,18,77,20,-2,55,52,-36,-57,25,-39,-68,62,-40,29,48,16,-9,-53,-91,-64,9,26,14,90,-73,88,11,-93,-51,-32,-15,-100,50,-72,-73,-40,-39,22,26,-33,-61,0,77,5,79,-93,42,90,97,-93,-60,-69,-92,65,-51
-28,-41,55,20,64,-96,22,-44,3,-26,30,24,6,-13,-21,6,24,-40,69,79,-32,-99,-91,-9,-46,59,-28,-70,-55,4,-70,-88,61,71,-39,-48,63,-69,-81,-39,-11,-81,24,96,54,63,73,27,96,-33,55,-90,0,-33,90,-12,-78,-45,-32,47,-77,87,37,-96,-75,-35,-96,91,-91,-99,12,-21,84,99,23,83,56,72,55,-30,-66,-91,74,-36,32,92,-94,-79,39,69,69,38,-97,74,96,-39,-75,-24,-6,82,52
24,-68,45,86,-73,39,15,-27,-24,-63,-81,78,-69,87,-47,-25,-5,26,65,26,97,29,90,-55,45,-3,-21,-93,-35,89,9,39,-32,60,-97,-52,-79,-12,5,-14,100,-96,-73,-64,16,16,98,-50,84,-91,52,-18,73,23,-39,-23,92,9,71,74,-7,26,-30,76,-39,50,-19,-87,-70,89,-2,13,-86,74,-84,89,-69,-18,1,18,92,-63,21,8,89,-85,33,-59,75,-16,-15,-68,-63,50,70,-17,8,83,61,99,6
58,-65,-21,33,68,-7,38,-26,25,-4,38,13,-3,-68,70,39,-21,67,47,71,36,70,55,80,62,-1,-18,-89,26,46,10,54,3,30,-12,44,50,-33,25,-55,39,-2,77,-26,-45,23,-10,-68,91,64,48,27,68,-25,-73,-43,-70,-87,-95,-43,42,-58,-82,3,-80,-88,94,-80,72,-36,8,55,11,22,-55,19,-17,84,65,-92,65,-5,37,-82,15,14,-43,77,0,43,-70,87,24,-39,60,22,-50,-83,-92,78,-40
6,-7,53,-58,84,23,23,-16,15,-52,35,51,-72,46,-81,58,29,59,54,56,56,33,-9,76,31,-91,-78,-50,45,-67,76,-91,-20,-36,20,-65,-89,-100,97,-44,-78,60,49,-81,-72,33,93,-98,-35,62,94,-32,85,-58,86,-13,43,39,5,3,-54,74,-3,100,-46,85,35,43,-21,-12,55,-18,-10,-98,37,-87,53,82,89,-88,15,-40,7,28,-39,-17,40,-65,91,-88,14,-73,19,87,-70,-90,-16,-34,93,42,82
-65,89,-46,26,86,-17,87,50,-66,-46,34,15,-19,-24,-23,57,-21,65,67,-10,-83,44,-75,83,30,55,-33,18,37,15,-16,-61,20,-6,27,-30,-87,-58,-92,42,52,-32,-9,-29,-67,76,72,-99,-46,27,-60,-50,-75,39,-75,-72,-95,-33,-27,-87,92,-62,7,39,89,-49,-64,-67,71,-34,68,39,62,-36,29,48,36,17,56,11,31,-21,91,21,64,27,-93,6,77,19,-40,31,97,-72,-74,63,-97,6,11,31,-76
-62,56,-33,-40,7,85,2,-5,99,89,39,31,14,26,-24,-81,-97,-89,-62,52,0,77,-71,-96,40,45,-64,-98,18,-71,42,-92,-37,-2,-17,93,-57,-84,-59,-2,3,77,-19,-17,-89,70,-69,33,11,-13,59,-83,11,69,54,17,15,-65,88,-73,77,-47,7,-93,60,97,87,-60,76,-35,55,-40,-97,18,21,-98,48,76,48,14,75,47,79,-26,-45,-50,-56,15,96,33,-82,-66,19,20,87,8,81,35,-18,1,-22
-56,29,-44,-79,94,50,81,-69,47,85,55,14,-17,-1,-14,58,-42,-29,31,44,54,21,65,49,-42,-78,13,-74,-92,98,-42,93,-47,35,10,7,62,38,36,-11,-72,-9,-25,49,38,-65,-21,45,42,-2,-75,93,-76,2,66,-86,-26,54,-74,-8,41,-42,20,89,-90,18,25,-86,22,19,-28,86,-72,97,-1,57,-28,43,40,59,-64,-83,67,74,73,-54,-51,68,90,1,-44,96,-8,-11,12,18,7,-8,-37,-3,-22
-3,-28,-19,-45,-48,57,89,-89,60,64,-32,63,12,-68,49,79,-34,80,-91,96,32,97,-51,88,72,-72,83,12,-86,20,-5,-58,42,6,-80,23,99,40,99,20,-41,45,-85,36,-69,-34,-86,57,-17,-8,-1,-64,-35,80,13,41,97,48,80,-22,-74,67,52,-2,-94,14,82,47,72,92,-8,-66,78,-88,45,-65,-57,-15,96,71,22,96,47,-47,68,-54,-6,-43,-66,64,68,64,70,-86,-8,52,46,-52,-63,-78,66
10,86,17,67,58,49,24,-5,53,-38,100,-87,60,51,25,63,-1,-30,-1,89,100,43,-56,70,-89,-90,65,34,-67,-44,22,21,31,-36,-61,-41,-78,11,87,77,32,-58,-79,-1,-95,-11,-68,59,52,41,-39,-13,16,7,30,48,45,-30,26,51,-44,-73,-81,-25,65,-24,-53,-9,-98,16,-2,93,-47,4,94,-21,16,-16,-28,-12,53,89,77,-61,90,-22,10,44,-13,38,-1,1,56,-58,73,21,51,-23,-42,-95,27
24,-52,91,-95,-45,-34,59,81,-52,-48,-69,78,69,-73,84,-18,-35,-5,83,57,-64,47,-74,35,-47,41,-70,20,51,-53,23,-82,-67,98,97,-79,59,74,22,-5,1,6,31,-72,-22,42,70,15,79,-28,70,45,-56,-71,-77,-44,-3,-14,98,-24,9,89,30,91,27,65,85,12,7,92,84,24,74,93,82,-33,79,-66,61,97,-74,34,71,96,-64,98,26,54,-6,-30,-23,33,71,2,-48,-43,45,28,-67,15,21
19,-4,49,50,-41,39,21,-59,-77,-100,70,15,60,-79,-84,6,-74,18,65,75,82,38,79,41,-4,-7,-15,-71,96,96,78,-74,-95,68,-95,13,88,88,49,65,-24,48,47,-85,91,22,54,64,-65,6,-85,-65,-25,-6,31,65,70,97,-15,71,72,8,39,39,-23,89,63,5,27,38,78,33,-44,4,42,-26,13,-75,1,-78,24,44,-64,52,-84,-45,89,-98,40,35,-40,-44,85,-28,-89,-82,33,-41,46,15,40
-48,-31,-49,4,32,-58,-53,-26,45,-5,-61,97,-53,17,7,-39,97,-73,-73,91,55,-50,-86,-90,87,-10,-100,89,-47,43,-67,-13,-52,20,12,47,-40,-79,89,70,-45,-35,34,-28,75,-86,2,88,21,36,-48,-44,36,-86,70,-34,45,-30,-57,-53,20,36,-46,36,96,-19,45,-73,88,-95,-10,1,-65,21,-48,-47,73,14,-48,97,-25,-11,-50,-76,-48,-64,-31,-36,-7,-29,93,-71,-70,78,-52,78,-52,55,-83,46,86
-91,98,-21,50,57,-67,-83,31,39,-7,10,-62,43,41,-59,90,-78,34,-56,93,-28,-97,-24,-71,39,-52,-35,-64,-38,61,-82,56,-82,-33,-12,91,-97,-7,33,-68,27,37,-93,29,74,-7,-39,-53,-34,-50,-32,-84,67,-95,-58,-34,29,-26,39,39,-55,91,-95,-55,-13,-1,97,53,35,35,10,61,-2,-99,-49,-55,70,-89,-60,-31,-18,98,3,100,-99,1,30,65,-98,-97,-51,-77,26,-25,85,7,60,28,-25,32,-31
18,-23,66,7,-83,14,40,90,61,25,85,-50,20,28,81,-28,-69,-56,-77,-40,59,72,-16,-88,-22,37,-68,-58,-72,21,69,60,71,1,-44,-50,5,-18,43,43,91,39,-92,-83,-37,-78,-57,-43,6,-76,-96,-85,-82,23,22,-90,-46,96,-43,-100,-69,-52,-52,82,66,-62,-53,1,84,74,-62,87,-80,-78,57,3,-25,-44,-33,90,-60,80,30,16,85,-84,-100,-38,62,99,58,88,-66,-44,-7,52,45,52,-63,67,-14
-61,-85,-98,-73,-95,97,65,1,15,50,70,-79,28,31,56,3,34,32,-14,-21,-78,11,-41,-12,0,-23,-12,-31,-43,-63,62,87,-67,82,99,98,-48,75,-20,60,31,-28,70,-68,-85,7,-33,-70,76,-27,-29,32,-92,-64,-80,-17,59,-35,49,89,-21,-46,89,-26,-97,74,-69,-63,-86,-51,21,64,36,16,-38,-67,78,83,91,50,-31,63,-16,75,91,-73,38,2,-86,27,-76,-93,-82,-9,0,-36,-45,75,-7,25,-90
-74,15,67,35,-10,64,-30,-97,-94,-82,96,-19,36,-20,36,32,-60,49,76,-53,-63,-81,-16,54,21,47,-47,14,-6,-68,56,-24,53,83,-75,93,-80,9,70,60,-11,62,41,-93,7,12,-71,54,-30,-46,85,9,-18,85,45,-77,-25,-6,32,-7,83,-75,-81,19,-20,-45,-13,-61,19,-24,-76,100,23,-31,6,29,-30,-29,-60,66,75,4,48,-44,-70,82,-42,-61,-16,60,-62,-60,100,-23,-92,-59,-85,73,97,29,-36
-15,-79,-16,0,-61,-36,-54,-15,92,62,9,-62,78,-8,23,-29,2,-82,-10,-48,-23,55,6,-96,-72,3,63,73,8,-51,77,26,-57,-90,60,-32,-32,-43,43,10,-61,46,-86,-16,17,56,-7,30,-91,-74,16,71,-89,88,-86,22,68,-6,-60,-82,76,-48,27,-41,88,45,32,15,-64,-26,49,52,-65,-94,-65,-78,-81,95,11,-77,94,25,15,-100,23,-67,69,27,38,-77,-85,-43,61,74,81,34,4,61,69,22,67
87,72,-6,48,-25,-98,-68,62,-59,50,35,29,-68,-56,3,62,-42,90,30,0,87,2,-27,63,45,-36,15,79,88,-91,-1,70,84,95,-86,-75,-28,21,-2,-13,-80,-92,74,71,-15,-5,84,-81,-91,-1,14,-80,-97,2,11,42,-37,-43,25,-44,13,-39,-73,-43,-1,75,72,-73,-53,45,75,-89,52,30,74,71,-61,-85,63,-78,97,-37,38,96,79,41,41,-19,55,-61,-9,-74,85,52,-41,48,-62,-29,-42,84,74
31,93,89,86,-22,37,18,77,-53,-56,-66,-20,-61,97,32,64,-31,74,98,-89,-66,-50,61,-16,-51,-70,-53,-42,-47,-16,27,30,33,-71,-56,52,85,-76,1,26,41,31,-46,72,-12,47,14,-60,-72,-63,75,28,-12,-46,34,-92,16,-100,88,81,-49,-65,39,-82,-2,100,6,-7,72,-94,-58,82,2,-55,-86,24,-32,-2,78,-100,-98,-77,-57,88,-34,47,22,41,-12,-47,90,7,69,-44,67,-67,-95,-10,19,-70,75
-3,67,-85,-81,5,-57,30,-73,-96,-32,-41,-31,-6,-86,60,-39,-49,40,53,63,90,-97,-24,-24,-55,64,-49,49,22,69,26,-15,33,58,-60,32,-23,61,-16,88,61,81,-11,70,24,-44,97,-3,-33,77,39,-84,20,-18,70,62,26,-62,-84,89,-48,47,-33,-88,29,56,18,20,86,62,-99,-43,-60,-14,-29,-1,41,29,-86,-47,18,10,32,-50,62,-64,38,-44,2,98,77,-88,-42,66,54,28,35,31,81,98,91
66,-36,-78,27,70,-36,-65,-29,-32,-41,-83,76,35,29,-47,74,82,-27,60,-46,-84,14,-48,54,78,80,-4,19,89,42,-24,5,76,-35,41,41,66,-45,77,12,90,0,15,13,25,-99,-89,-7,9,-46,67,19,-39,11,-59,-61,55,33,9,-25,-72,34,25,-6,78,91,67,45,45,-64,-42,-82,65,-80,-7,-10,-58,55,48,-98,-54,94,-81,-98,-22,-41,-33,84,-10,-66,58,78,19,-49,-44,84,-86,-70,-69,-76,52
-23,-25,-64,60,-73,-23,-100,81,-92,-32,53,-26,-19,-26,44,-94,-9,80,-91,63,51,-15,35,-57,-88,-21,50,99,-93,92,46,84,-21,35,-83,54,94,-25,-61,40,-26,74,14,4,-62,-26,-47,29,-40,5,-23,-17,-39,59,16,-73,36,-13,78,-20,54,-68,-19,66,76,-99,-37,-43,-44,6,34,-27,-74,-66,-74,39,-57,55,0,59,-14,-46,-15,54,-8,78,92,-87,31,-96,-96,94,-86,46,-87,-27,-45,29,0,-64,15
-5,65,64,69,-46,48,7,-76,54,-31,-44,-48,96,5,55,10,-41,58,31,-82,84,8,-93,-37,21,61,-23,-85,6,-80,-41,-67,83,16,95,-35,95,11,-8,28,-35,-67,50,-88,88,-42,89,72,-98,83,-32,-10,39,-24,-36,96,-11,-74,91,-88,-76,-96,-85,-88,84,-13,3,89,-21,62,-78,46,89,-74,38,-94,-7,21,-7,-45,66,69,82,-14,80,-1,23,53,-100,-27,62,-31,-71,64,80,100,48,-87,69,83,-38
-99,-74,28,67,-50,19,-14,57,95,-54,-47,98,91,73,-43,-87,96,13,-35,-90,52,39,73,-49,-81,-25,82,45,-67,-32,20,7,75,-10,-89,19,-81,98,-74,-26,66,10,-61,-70,20,99,-52,-50,-88,-90,86,-40,18,53,-83,7,-90,-38,62,-75,43,70,94,9,-49,-95,-85,-55,84,17,-49,-10,33,-42,64,32,39,-8,-92,15,47,-15,-49,-40,69,100,38,-26,74,-50,-52,96,-36,64,-80,10,-85,78,27,8,-43
-2,-43,-34,100,-5,98,-38,-11,71,-11,2,99,-53,26,70,32,-12,92,55,-25,80,-41,-98,54,35,52,-97,-12,66,-95,20,78,93,-47,-55,21,-5,-51,-57,36,43,23,-28,-44,42,-11,68,97,-100,4,36,68,-70,-61,-92,-74,-19,40,-23,43,-38,-80,71,-9,-44,26,43,24,85,-80,-61,-75,-93,-46,11,98,24,29,49,-99,49,68,-37,76,-18,97,33,-62,-34,95,71,97,-1,55,-43,-83,-39,-91,-86,12,-95
-61,64,29,26,33,52,95,39,-67,92,-26,-3,-64,92,18,-8,-22,-32,99,52,-54,-27,58,-31,59,96,-98,-27,-20,-68,-14,59,85,-26,57,93,18,-24,75,-22,10,44,13,69,82,82,-1,60,56,81,-57,50,95,-8,-48,46,-73,10,66,-19,-93,3,-20,-83,-12,28,31,86,-81,18,-42,-48,-17,84,-40,-46,49,-34,95,70,21,81,-93,-19,44,0,77,2,9,47,12,97,49,10,-79,1,85,49,-81,-52,38
-44,44,32,-16,-17,88,2,11,-28,-77,-96,-30,-9,60,87,-1,14,4,53,50,46,81,69,18,59,3,84,-83,-68,-14,41,-72,-28,-42,-53,58,-96,-37,64,50,43,11,-73,38,-50,-29,26,-70,-14,-43,-31,-83,-75,-1,-66,49,78,98,82,24,90,10,88,-33,60,26,-43,-69,37,91,-50,88,32,-95,25,-29,4,34,-39,-2,-70,84,31,96,7,6,-9,-56,-61,33,97,-9,-62,2,75,66,52,-47,-85,44,70
21,59,92,-18,-60,51,82,-9,33,-65,48,-12,-75,89,100,34,-97,-50,-1,99,-75,9,-78,-36,-73,-9,28,10,-19,-98,70,28,57,-4,-81,-61,-46,46,5,-64,80,36,-33,-14,-23,-51,-90,-9,-62,13,94,15,-58,-78,-96,-83,7,-6,80,-39,3,44,58,-39,59,26,32,-30,22,-41,-40,97,-33,-27,7,-72,37,-13,94,-85,59,-65,-82,48,50,58,-40,26,9,49,-48,-31,25,50,-84,88,-53,-35,65,-76,-95
35,-92,57,-70,-90,-93,-77,-35,-52,83,70,-75,56,-47,-8,-74,-33,55,76,84,-85,23,62,50,-72,50,-70,69,68,73,-12,94,-52,27,65,-95,-44,94,-86,-61,-47,-74,65,21,2,-31,-92,-80,89,25,-72,-45,-2,-9,-1,32,82,82,-57,51,-93,-17,-5,-74,75,84,7,-30,52,-26,-6,-50,-40,0,86,-32,-88,35,-17,-85,22,-53,62,41,-16,-14,72,80,-90,-78,37,-50,62,22,25,58,31,43,-23,-12,28
-90,96,15,7,63,76,-20,-53,-78,-91,65,36,-11,-6,-85,52,-64,10,90,84,-87,55,-23,-13,5,-86,-47,-36,-20,23,44,86,-54,-90,82,-63,-81,-89,87,5,-61,-1,51,-62,-8,-44,-99,19,-46,-51,30,81,77,-37,46,66,71,90,-68,-75,-23,-66,-43,92,86,-8,-30,95,54,58,-69,-15,97,10,77,96,64,-52,7,22,-6,-28,-18,58,-12,-19,-96,-32,75,52,38,9,30,-98,58,50,41,31,78,40,-23
-9,-78,-19,91,-30,-76,36,-61,11,54,90,86,-38,88,-39,50,-74,2,99,-31,-97,-21,3,-44,-38,-30,-8,1,-97,-5,94,78,-91,-99,25,-82,-93,99,90,29,-84,88,48,49,-63,10,45,-8,33,83,16,16,21,76,-2,-30,29,-36,92,19,-23,98,58,-15,-27,92,-75,96,14,4,86,-99,-28,-58,58,77,7,-8,-32,-91,-73,48,21,32,33,-52,-13,91,17,10,30,45,-40,21,50,-10,65,-53,95,14,80
42,65,-37,-51,10,96,11,73,24,-23,90,-94,89,-11,-74,82,-54,9,28,5,-46,-28,-65,-42,39,-56,61,-22,94,68,-6,67,-77,71,-26,-29,-93,14,61,61,59,-90,13,-31,-46,-52,-13,-47,-59,-62,-59,68,-68,-26,-5,-80,-26,55,25,-19,-28,26,-15,76,-74,-29,39,26,-37,41,-16,-75,-94,-33,24,-43,86,83,73,-14,87,-5,-63,61,87,-41,89,20,23,-21,94,63,92,-10,-69,13,-32,-7,61,-53,-93
-13,-77,-99,-25,21,75,-94,-68,1,79,-53,44,87,33,-82,-47,-93,81,-96,56,-91,13,57,29,42,67,-79,-95,-22,-71,12,-100,-3,-46,77,-66,61,41,12,91,-97,-85,2,-94,78,-30,69,7,41,-20,-70,33,-76,95,11,-19,-15,50,-27,1,-59,2,90,-63,11,-21,13,94,-95,-46,14,0,51,-77,-82,-80,-20,2,19,-74,20,42,-41,19,98,87,-29,13,66,41,65,-84,98,64,-77,-72,-17,15,-83,-44,22
18,87,-80,14,36,-26,83,-99,17,-31,-9,-81,-31,21,-18,-95,20,43,74,70,-55,-79,22,12,-1,-84,73,-78,56,43,78,83,-50,-70,89,-96,49,-49,-72,89,-21,51,35,-58,24,-58,-85,8,98,0,-43,-34,52,-28,94,83,77,85,-100,-23,-77,-45,63,-98,-18,-8,36,42,-23,-50,64,-6,28,-86,-52,-19,-17,76,88,-36,-66,-82,-39,-69,-57,-47,-37,56,51,39,70,-16,-12,-75,-19,22,14,60,52,44,47
13,42,-83,-12,84,94,-59,-62,-11,40,63,-62,8,46,17,-17,38,6,-4,67,-91,-1,-66,36,-20,-82,-49,26,12,33,46,-100,61,10,-47,21,91,-71,40,-12,14,54,0,74,96,-21,64,-45,72,-79,-76,61,91,63,-80,-27,-5,85,-11,-97,-82,41,-28,69,-31,81,65,-40,-26,81,16,-69,84,48,84,26,36,-7,39,-41,45,8,68,-6,14,14,-48,-64,-42,5,83,-84,46,89,47,58,26,71,-5,-15,11
-91,-84,-28,78,72,-31,20,32,-57,-23,20,54,91,-19,8,81,58,-93,47,24,-9,25,-51,72,31,30,62,-16,-72,-86,-61,-64,-13,2,-82,86,51,-55,50,68,-72,61,80,-70,-54,38,12,-99,78,99,7,-97,-49,-20,0,-38,-77,55,16,-84,-69,24,-62,-5,-54,-77,-14,9,80,71,38,12,-43,8,11,73,88,55,40,93,9,-3,-98,25,79,55,-83,52,82,-54,-26,74,65,-61,-68,-91,-96,-26,16,75,-70
46,91,-13,84,-40,21,1,-32,-15,-99,62,-79,43,-26,-80,66,-84,-67,77,-3,28,26,-67,51,-11,55,-54,-65,80,-43,51,-67,-63,44,37,-57,-12,31,63,3,82,87,-34,-66,0,-84,19,82,-87,-60,62,15,-92,47,58,19,65,-26,-14,18,87,4,-85,-37,-95,2,-84,27,60,33,45,-68,-12,-83,-70,-55,-31,-15,19,72,33,47,4,-43,6,67,97,-57,61,-42,53,45,-80,-61,-11,-26,65,-14,54,22,-67
90,-86,-51,25,5,-68,-33,-38,-50,-99,44,62,-54,-27,19,68,74,35,71,-89,72,66,-85,17,38,-49,-32,-56,11,82,-82,82,-38,26,36,-57,55,-28,-27,-92,-64,38,-16,19,49,-60,-75,7,-77,0,83,-1,26,-5,47,-15,43,-42,44,-15,-11,-33,-12,94,-56,-86,34,-2,-5,23,37,24,13,-51,65,24,72,-97,-57,60,72,-82,-83,6,-97,-37,-77,38,62,-29,14,59,80,81,-40,-18,-65,-30,-71,67,-18
-4,33,-6,35,-33,-9,-21,-32,-4,-39,-53,-60,95,14,58,1,-65,81,44,-77,-21,86,-21,50,-88,63,-67,-69,39,18,-5,41,-48,48,92,-37,-86,-54,20,80,-70,19,-47,56,-57,-22,55,91,2,86,57,37,7,-37,2,87,-58,61,-47,26,-15,26,75,-9,-75,-13,-74,6,-62,-63,-19,24,-13,89,19,87,78,41,-23,-78,77,26,-63,85,42,-41,94,-7,-47,-56,20,-41,16,86,29,23,-94,-19,61,-66,-31
-30,-81,6,-63,14,-77,96,-26,-75,-28,99,34,-47,99,53,15,-53,85,-59,-45,-71,-69,39,33,-68,33,7,-83,97,85,-65,77,-22,-4,-60,-43,85,-57,-3,-94,-93,-89,-11,-13,17,-95,-12,-23,8,-93,-33,48,67,83,-88,-44,-73,44,74,63,31,-45,64,7,81,-83,73,74,-88,45,-71,61,-5,-95,-88,-75,78,-96,-63,-74,98,-45,65,46,5,-26,28,84,99,22,83,-80,-88,3,-86,33,-40,66,47,11,-80
5,-85,13,5,31,79,-23,-98,-48,-25,-13,-16,-73,-69,13,27,-82,42,41,-24,-15,-69,85,48,-2,82,-22,81,-16,12,99,-70,44,-26,-59,72,-62,44,98,-36,-8,-97,23,44,-37,-40,91,83,-34,-57,84,9,-32,-6,-10,-16,-47,-97,94,-13,55,98,39,4,100,-86,-40,10,-49,-67,-93,-26,-64,2,22,69,43,-17,-9,-64,-19,88,2,54,-1,-35,-6,35,29,0,2,-16,20,-22,42,50,-28,0,-10,57,81
88,-70,-7,-84,97,-61,55,66,39,70,-4,86,21,10,98,-15,-18,78,56,-99,48,58,51,74,76,63,37,23,-35,-42,37,-62,-90,32,-50,30,54,26,-95,87,25,-32,66,4,-34,-38,-87,36,0,-86,0,-58,-92,60,-67,73,54,31,42,56,1,35,24,57,31,62,0,56,53,11,60,-26,17,30,-67,-18,61,-19,-38,53,68,-33,82,-22,2,8,98,-41,-57,-91,-10,60,-75,-48,36,-78,71,92,-86,-41,-65
-19,71,-16,80,-59,14,99,-21,58,75,-70,-17,79,-48,-25,-97,-68,11,62,31,22,55,44,-82,22,56,-73,-62,-65,-50,63,35,-32,-56,38,30,-86,-96,23,0,73,22,-76,-67,-42,-42,-31,-22,64,24,82,73,-23,14,-14,-89,-41,-85,1,30,-49,-44,16,72,96,72,2,-44,-48,-64,-79,91,-26,95,-24,-13,-89,14,-82,-57,-71,-15,-21,-40,-51,-2,23,-30,81,-92,30,97,-3,41,16,77,-91,-29,13,34,-30
83,84,29,88,-49,-72,68,-17,-86,-41,81,-60,-71,-63,-5,-45,-40,18,2,60,-96,8,-40,17,-39,-25,-3,42,-64,46,-33,15,-60,-41,-29,-12,85,-42,94,-13,26,67,-39,10,-23,18,-31,21,40,-30,-22,39,91,-5,-93,39,-30,50,66,2,-29,-87,-97,-73,75,-20,-96,52,71,52,57,-69,35,-84,77,46,-38,84,-74,-19,-56,98,-29,-51,60,92,-29,-90,-59,-77,99,90,82,-52,-1,19,-52,-86,-82,-41,12
7,-90,11,24,-52,-71,80,73,71,-28,75,-46,50,3,-55,-86,24,64,-36,-3,-33,-3,5,-88,-56,-93,58,-2,78,-86,41,-77,-66,-4,68,-44,42,17,47,91,-5,9,-22,62,58,-32,56,21,-77,-23,-82,57,70,-74,-88,-40,-7,-67,-82,37,30,-24,-41,21,-97,-48,-57,-48,10,45,-74,-47,61,-17,-1,-22,-72,-53,-38,-14,1,72,-97,-86,-38,-40,-75,37,99,60,-60,53,-61,-56,-97,-86,-28,-38,19,-88,23
-82,-72,60,-9,-16,33,3,-90,-3,-3,14,-98,67,22,96,33,-48,-92,-36,-4,9,10,-24,3,-42,-81,-22,-30,-85,-55,58,-100,30,67,71,-73,88,-31,-62,27,76,6,-14,24,15,-63,-4,80,40,23,46,-11,-12,71,72,55,36,-60,-87,44,80,-64,0,10,-51,-4,-75,51,-55,1,-74,37,-68,16,10,-66,-53,-67,-10,35,-63,-92,70,98,-28,10,-60,-45,31,35,-59,-60,66,-69,-56,-88,-37,39,2,9,-44
9,-2,-70,-45,69,1,59,-11,85,-9,43,-76,-46,2,-72,95,70,-3,-69,78,10,41,-62,-64,-72,-59,40,22,-9,-38,87,-100,36,-50,-97,-54,2,-52,-85,21,-15,83,36,5,-3,88,39,-75,8,68,18,63,91,16,-48,93,-33,-51,40,6,-42,28,3,-83,-14,2,-1,-57,50,28,40,14,-23,-60,-62,56,-33,73,-42,-29,-59,-62,63,-47,34,-18,33,0,32,-2,-43,90,15,-15,-80,-75,95,81,-44,26,-49
-90,-81,-48,78,-56,-76,80,-56,-24,-60,-78,-57,-83,-26,97,88,-56,29,56,-95,20,14,23,-76,68,-5,99,-27,-63,-38,-24,-68,-86,-76,32,-37,-81,-3,-46,80,-82,23,-50,-79,19,-64,-66,100,57,7,-83,33,-35,46,82,-93,-56,60,-57,-89,29,93,-23,-37,-18,82,-89,56,13,89,-11,22,41,-40,-95,85,-77,1,-6,58,-36,1,61,14,66,-76,-49,51,92,95,52,36,43,-23,-83,-17,-3,-18,-36,-53,90
-78,45,40,-27,11,96,-22,29,61,53,-36,6,-44,-36,-82,82,18,-77,62,22,-96,42,41,-66,-51,63,12,20,93,-27,-17,1,-2,-13,-20,67,-86,83,95,-30,-29,46,91,33,90,-60,-50,97,21,-64,86,-46,-97,-61,70,-22,-81,19,-48,8,-51,92,-41,59,16,-43,89,49,44,-89,-53,77,-21,52,-36,-42,48,-17,-74,81,10,-36,-70,76,-22,-96,-84,9,-43,-10,4,4,-68,-95,67,29,-46,-27,-45,-47,-27
-37,-81,-92,-10,-97,96,-11,-37,-38,-26,22,71,-98,-58,3,48,73,27,-9,-56,-4,-10,60,-54,15,-88,-76,40,35,-46,97,-95,17,-21,-60,2,-73,-90,1,63,87,63,96,71,50,-68,79,100,-6,-69,-61,43,-34,-14,-35,-29,-94,90,41,-57,1,2,55,-87,-79,-65,4,29,-99,-15,-88,-62,-48,-81,-71,87,-40,-57,19,12,95,29,67,-50,-33,6,70,13,-8,-58,36,17,71,80,64,-2,99,24,-42,56,-53
30,57,-18,58,-61,-70,66,73,-77,88,-43,-63,94,-83,-26,87,-66,28,26,76,-88,10,-10,-42,-40,-95,-49,-20,70,81,32,12,42,-5,83,49,-77,35,-91,-17,-4,-85,81,4,-86,67,22,68,34,97,-55,-26,36,-36,87,-96,-28,-99,49,87,-70,52,99,-82,20,50,-18,9,65,49,2,-25,-96,-11,69,-54,24,96,-38,26,54,67,91,48,88,68,-22,89,2,-68,-68,11,79,-45,-44,25,-1,49,-90,-16,25
3,-29,56,5,-49,-19,-27,-59,81,-97,71,66,-52,74,-92,71,32,-98,-35,-6,-4,-86,52,-99,-24,9,95,-83,82,-55,1,88,-81,-74,-49,20,-64,80,19,50,50,-2,-15,78,0,-73,-20,98,-17,-94,2,-87,-87,34,-16,-17,89,-2,-94,33,-12,-71,-96,32,90,13,8,-71,45,9,40,-37,-90,87,2,5,-35,-71,-46,-77,31,77,25,90,-6,28,23,2,-24,0,30,84,-59,-23,29,82,-53,-51,-13,-78,-21
-31,88,-72,-64,-63,42,-36,29,-77,-14,51,-7,22,41,-45,-55,57,-47,44,68,76,0,-40,-51,-34,-56,99,100,58,-49,40,8,82,67,48,-78,73,-77,-53,-39,75,47,45,-42,-64,-18,-42,47,-93,-71,52,54,-59,40,43,33,-73,-57,88,-55,-44,11,-25,1,-55,65,-60,88,-73,-49,-91,-29,48,79,-92,-9,-34,-80,54,-42,-76,-68,-46,-23,-24,-16,91,-87,-12,81,-98,-16,21,-2,-82,7,59,-14,-61,-56,-73
54,-31,55,-2,96,89,-91,12,-92,85,31,42,54,83,64,82,-83,92,-57,8,-21,-90,15,-7,-8,-4,95,50,12,-96,-46,94,34,43,19,-31,35,16,-11,-5,-43,16,92,8,-82,92,26,-70,-63,-76,-87,-77,51,46,86,18,67,33,7,-21,35,-96,-64,76,-71,97,55,-27,48,-54,4,-61,93,-39,49,-93,62,-76,-16,10,81,86,85,-24,-99,-82,-48,-54,55,52,-45,-37,-61,-49,51,-6,88,2,-30,-38,6
-98,-25,-53,7,-43,24,78,-1,79,39,64,82,21,77,-88,39,60,-52,18,-60,-17,-80,-30,40,88,76,64,-25,12,21,82,-46,-66,-8,72,89,-51,-5,24,12,24,12,-30,98,79,100,-14,2,-2,99,80,13,-57,50,-40,-65,-78,-99,19,-90,59,-6,-6,10,65,-33,45,-34,-51,63,-8,9,-21,21,-17,31,-25,5,95,-90,-38,89,-73,-91,64,-18,-7,-91,-62,66,-16,90,-89,11,-4,33,5,92,94,-77,59
-98,-62,11,72,-60,52,-46,-30,3,62,-17,-79,68,-26,-44,-30,32,-54,44,87,-68,-18,-7,58,93,59,-75,-15,-73,29,17,9,88,20,8,-70,-15,46,25,72,84,-33,51,42,91,8,78,87,51,20,-1,-81,4,-95,11,-28,-29,-59,-36,-31,36,89,82,16,60,-85,-96,96,76,45,80,4,-2,-25,-8,-74,-41,-36,69,64,-72,-95,-81,-9,-26,41,-24,46,46,-80,34,-19,-55,30,-42,100,70,9,-88,-70,88
-28,-22,-92,-80,10,-88,16,-98,-28,27,-66,80,-25,-48,11,1,-9,82,40,-40,81,-65,59,-64,-72,6,-80,76,83,68,-13,89,19,56,-46,-90,8,-96,52,-45,4,-55,9,46,-36,66,-15,98,-70,73,-87,38,-54,-64,-30,73,-96,-92,91,-33,42,-52,-65,-10,33,7,82,54,8,-62,-67,12,56,33,52,-81,-21,94,-68,-14,74,81,94,-22,-66,-81,-2,-44,90,-60,44,-8,40,-82,-88,-15,-71,-85,-58,-63,100
57,-63,20,93,10,-1,-32,38,69,-10,7,-26,29,-95,33,-55,-25,37,-99,-64,23,46,69,-45,-42,69,36,-7,-20,47,23,-46,74,33,-79,-59,-30,-70,44,-59,44,70,-31,-15,95,13,-75,-19,9,21,27,31,91,77,21,-63,20,-86,-90,71,-5,88,-98,84,37,-43,-87,-81,15,1,14,-68,67,-61,-17,-52,64,2,-18,-4,5,-54,-98,-51,26,-27,-38,-31,-17,-96,-53,-71,-66,-43,32,-13,-54,-97,-85,70,32
-3,20,-33,50,36,-84,30,-39,87,-20,-49,-89,-79,-69,6,-44,-58,-75,11,-30,93,26,-97,99,-85,65,75,6,-30,-53,2,-63,81,-1,1,-97,-23,78,52,67,77,59,21,54,-68,100,11,-66,75,-19,-48,11,66,-66,29,44,86,55,-76,-59,-40,-76,-20,50,-14,29,89,86,17,94,-66,55,11,-88,67,-64,56,-39,-74,61,-77,24,29,-34,66,-85,-90,-19,-92,50,8,-85,95,100,-68,-87,58,-94,57,27,-52
1,-94,99,0,93,86,-8,49,-83,77,93,43,8,85,-3,-44,-61,31,-53,-10,-29,-1,-96,42,-11,14,-94,-93,27,7,64,15,24,-57,27,8,2,47,56,-86,55,-37,34,-50,52,48,96,49,72,-49,-94,78,-86,-50,-28,-28,6,-82,-9,-25,-88,-15,-39,50,47,-65,-58,72,-99,-80,-40,35,65,-25,27,-7,-12,-83,-83,-31,-44,34,-77,88,47,-34,36,-80,53,-68,53,84,81,-89,30,79,-75,-88,-73,-47,-27
97,33,-84,96,86,-6,-58,15,-76,20,83,10,-46,99,49,38,-99,72,74,-51,52,-49,-65,92,-51,-62,72,100,-58,45,-35,-43,-19,-6,-58,39,-92,21,42,-36,40,-84,18,13,23,-58,60,-56,29,-89,-78,25,11,12,-27,-2,20,19,86,23,-23,-96,-85,-79,32,-45,-91,-96,-70,72,-90,36,8,-26,-12,35,5,91,0,-8,-11,-26,-17,84,-9,69,18,25,-43,-81,41,-51,51,85,93,-44,51,61,94,-18,-53
-50,98,51,40,-90,-23,67,50,79,75,-92,-10,64,87,-60,-60,-29,-25,87,-20,48,97,-9,43,1,-52,5,75,94,-33,3,-73,95,-8,65,42,-63,76,-43,19,-7,-41,72,63,-46,17,-37,-45,-83,-4,-28,-31,-76,-49,28,-57,73,-38,4,61,21,-55,-33,27,48,93,34,-29,-39,-29,33,69,32,73,66,46,8,-3,-25,-22,-46,-14,20,1,3,19,41,-70,-74,-9,43,69,-52,48,64,-58,-24,72,14,-90,97
-36,-58,10,77,75,55,62,-96,-94,-55,68,56,-78,-84,38,-79,58,-63,49,0,-13,-46,-92,-62,3,45,-8,95,-31,-76,19,26,-100,75,-81,63,39,-63,-15,25,-60,71,1,-75,60,-4,48,89,-89,-29,17,-57,82,-91,13,98,83,-84,61,-47,-6,0,-90,59,42,52,98,19,27,33,-21,-16,69,73,46,-75,-61,-84,-15,-50,46,-31,-19,52,14,-63,-80,-56,-80,69,89,-80,99,51,50,9,-52,28,-35,-90,16
-43,5,28,56,95,99,-56,60,-26,83,-34,-80,-14,-31,-42,-78,-22,54,-20,-55,90,-89,32,7,-60,-82,81,-28,-88,-64,3,-2,34,-7,95,-85,-66,29,22,41,-35,-26,-41,-14,42,-78,-81,-2,72,-71,-46,73,35,-7,69,-49,-17,5,99,-82,41,-73,86,-46,33,-48,2,35,48,25,14,59,64,26,10,51,-87,61,9,87,51,48,92,-51,-94,48,-31,-62,-97,74,11,53,-32,-32,67,8,27,-85,97,-34,-99
98,88,94,-96,-55,-4,44,-3,-26,62,90,-39,-80,-18,-73,52,36,91,9,3,68,65,-38,62,39,-20,-54,-24,20,65,50,6,-27,-48,28,-53,-92,-15,35,-45,-48,-83,-56,-90,-52,-53,-4,7,78,70,84,18,-36,-75,-29,69,52,36,73,71,-12,-63,95,-57,-23,14,7,98,-74,0,42,48,-15,48,64,-14,-1,-10,-79,-37,-53,-97,39,25,-90,5,65,14,-5,28,-20,23,-79,28,-87,-99,-98,-60,1,47,-37
