20,64,97,-58,25,14,32,14,-29,-23,-3,55,-73,23,-62,14,-41,83,46,24,97,-73,-22,-60,61,-2,80,41,-73,-5,-53,-2,41,-7,-61,-80,67,-94,42,46,-87,-81,81,-82,58,-27,16,-94,-30,94,-7,79,77,-58,-66,-59,-82,-40,24,23,62,-21,-48,52,-38,64,59,49,-51,100,9,39,-17,69,-87,-92,-49,61,-42,-34,95,-50,-59,69,16,17,-99,-24,65,83,-61,11,76,53,80,-92,82,90,66,-82,44
51,79,69,-36,25,-57,7,-50,-71,-51,43,71,0,20,-32,3,88,-30,-22,-52,51,33,37,56,-76,96,-8,43,29,55,86,86,-41,-45,-99,37,10,-70,-46,40,0,-82,-97,43,-39,90,73,89,-78,-84,84,33,95,57,12,-38,0,-36,-5,-38,1,25,-22,-65,-2,-74,-66,-90,48,1,30,38,-97,-23,46,10,86,-74,23,-35,81,-34,-20,-33,-66,32,-13,-95,46,29,71,59,-53,-94,36,61,-33,95,82,-49,-3
-58,-75,-53,1,-38,-53,48,-53,-70,-92,1,-33,-39,70,28,68,-25,24,-64,-48,80,-96,50,-9,66,-68,-71,-40,38,38,-5,51,36,91,-75,25,21,-86,23,54,-91,-3,-49,-53,89,-40,20,87,-27,-47,-75,27,26,81,-64,-39,-25,23,-99,-51,-33,-91,-15,-83,-2,-100,13,-55,55,-40,37,-84,-94,82,-58,-28,30,85,-68,-30,95,78,-91,-10,-41,75,-67,18,-9,-41,83,-57,-98,-100,-70,-98,-28,-10,66,51,-16
89,-88,99,-5,40,88,40,-40,-3,-48,-88,-12,52,96,95,-46,13,-96,-59,14,-76,-78,-4,-97,60,37,-56,30,-55,-98,76,32,-24,-47,73,69,-88,58,-93,3,-45,-31,-24,48,-38,67,-5,100,-44,-4,39,-75,1,47,65,13,4,45,2,-21,51,-81,79,-5,8,-79,-22,5,29,64,54,90,-89,83,-28,-60,10,-9,86,-91,82,61,27,63,-38,11,-38,48,-25,-97,-60,-90,-45,-85,-49,-72,-58,-19,-53,21,77
-73,-79,61,-19,52,-66,29,40,73,-41,50,18,-19,-16,32,-37,26,-33,69,47,40,-79,-60,-85,-37,13,-29,-16,-39,-56,-37,-6,-88,41,49,22,-100,-65,-2,-68,-97,-76,67,-49,20,-18,30,-86,-63,-22,4,39,90,42,-69,74,47,-15,-56,-7,-20,-90,-41,48,82,-32,39,90,-29,-62,2,74,-69,79,6,3,-61,-81,70,51,44,61,53,51,-40,-82,3,98,8,-31,37,-49,-17,97,-97,35,12,36,85,-50,87
-25,69,71,-75,-22,-32,43,-76,-25,-61,-56,-33,-45,-4,52,92,-64,79,80,-3,-13,-83,23,41,-86,52,-16,-25,-67,-40,-34,65,9,11,51,37,79,59,22,-99,-89,45,18,-32,9,32,69,36,-67,-52,73,-12,48,5,26,-96,9,46,71,-38,-46,63,-77,-44,83,-14,14,-77,-16,37,-50,80,87,-71,-66,-41,88,41,37,-24,9,21,99,41,-2,-47,79,94,-94,-49,-80,-89,22,-47,45,27,-27,-17,-52,-57,66
26,60,80,55,-77,39,5,-48,-28,-41,-79,10,71,-96,41,10,-78,-20,-21,-65,45,-5,1,-43,47,-15,-82,-27,-96,-26,87,-40,41,30,61,39,-87,79,90,6,84,-17,-56,-22,-6,32,-69,-49,-38,-72,60,-98,-28,-37,11,58,76,-3,-80,-77,3,41,58,-13,92,-92,45,47,41,78,70,60,-9,-50,95,3,61,-9,-2,-35,-6,-57,63,-85,57,71,99,-28,-30,-40,-58,57,-63,-100,53,14,79,-7,45,87,-65
-68,24,-22,69,-58,-61,27,-11,94,7,85,-44,68,87,76,50,-6,-37,-12,28,-55,-37,-38,-42,51,74,77,-61,17,-93,-68,-8,93,-8,31,-78,71,52,44,-90,-57,37,-95,67,87,-16,-63,-57,86,9,-76,-35,-94,-59,93,-94,-82,27,-97,10,91,-79,82,74,58,32,-72,-57,-87,77,-69,-94,22,100,-61,34,-56,-25,20,-12,32,45,-72,21,-25,-50,14,-43,53,92,45,-90,-43,84,-80,-18,76,-28,54,-88,58
-33,87,-84,-80,35,100,81,-88,85,98,-56,34,-63,3,-56,23,25,-47,-40,-41,-42,85,-5,-75,13,55,-43,26,-95,-87,-26,14,6,-55,85,56,-39,89,55,-65,34,-47,-97,49,93,77,-3,96,-64,-62,43,-39,56,-3,85,-41,-25,20,-91,-92,39,-13,-90,-28,2,42,-30,69,-33,83,-1,100,95,-9,-65,-31,-65,-53,96,-83,-75,46,-19,32,-81,54,-95,20,2,23,16,-26,-67,30,-33,61,83,-65,-77,29,-57
33,-68,28,-14,20,-73,65,-1,83,-11,-34,-57,24,-23,88,61,-99,-41,21,45,-97,66,-45,85,33,39,20,-6,-66,84,8,6,-22,-52,-70,41,17,13,-41,97,83,-31,-40,-57,-68,89,-49,99,24,-9,-14,84,-86,38,-33,54,-37,3,94,-87,86,60,73,99,-54,96,26,9,-27,63,14,-78,53,-2,-15,-16,75,77,26,-8,-82,60,-82,-58,-38,82,35,77,69,-88,-51,-59,-34,-16,27,-26,18,-79,13,-28,-19
5,96,22,57,-25,-7,69,-97,55,-32,94,-90,98,-49,77,-83,-95,-5,13,59,-46,-48,-1,-53,91,-55,-83,87,9,81,25,-26,-99,68,-62,7,-66,6,52,90,71,-13,-84,39,98,90,-58,74,24,-77,-91,-13,-77,70,94,28,40,-10,-34,91,93,3,58,-31,84,2,-11,96,90,26,-78,29,34,-58,41,48,-54,60,74,-73,17,-86,92,44,18,-36,43,-18,95,-100,-43,-84,-93,37,-91,-27,29,42,-95,-3,-79
-64,71,-84,87,-98,-92,-18,-38,71,91,19,29,93,38,-92,-41,-95,9,-16,66,-51,-11,34,59,54,58,37,34,72,-45,-48,-62,75,-83,77,75,-17,95,-24,82,-59,-43,9,-54,-66,50,73,83,13,-89,46,19,-75,-68,-20,-73,43,-5,-23,-79,33,24,-37,88,-78,67,-83,-50,-25,16,-100,-26,3,-6,-5,-85,-46,-44,-19,-46,-41,-95,-41,-72,-44,-54,29,88,100,73,-81,65,-66,-64,-31,-53,30,-14,23,100,64
-10,-40,48,11,87,29,-71,-97,-39,-19,-55,-26,-32,47,0,-31,25,58,-32,-64,-46,-100,-22,-4,30,24,-69,75,-56,-1,-81,-87,-21,5,-26,-66,-2,42,62,-57,-34,-98,-36,-44,-1,7,-90,-51,-86,-81,43,54,-29,-57,74,10,27,34,-38,11,51,70,-6,-46,-38,-28,-19,86,-86,14,-69,60,-47,60,58,66,-36,-98,74,12,7,52,-91,-18,-64,31,37,50,17,41,-27,78,-74,-29,-91,85,56,92,-12,-68,8
95,-27,16,-98,-77,-37,-70,45,47,-17,-20,-61,75,81,4,87,-71,-35,52,100,38,8,-31,-52,15,94,-70,-69,12,27,92,-15,-63,75,-57,-43,-5,94,-18,75,23,-23,66,-67,-12,-59,90,-37,-43,99,61,-30,-81,-27,-67,-79,-1,65,-8,44,10,27,-25,7,68,-71,-48,7,-87,-76,-45,-88,45,-69,41,-45,4,85,-1,-51,-33,-17,-97,57,-60,41,88,17,42,-35,30,33,-17,-24,41,-55,-29,21,-10,93,-24
-79,-24,6,26,86,-66,33,-30,7,85,-52,2,-22,-100,9,78,61,-67,-44,87,86,-85,8,36,85,-54,-79,97,48,-27,26,67,-11,7,-30,49,-77,-82,-85,-42,-31,-99,-68,92,-46,-24,2,97,-4,27,-62,21,42,99,-39,-25,-16,-38,-92,89,-70,-60,-55,60,56,-89,67,-18,10,-9,-6,68,66,-85,86,-94,-68,79,11,-22,-20,-9,-72,0,-8,-17,17,45,-25,83,28,29,-77,52,-20,-26,75,-44,28,71,18
-54,-7,-44,37,-20,-88,-3,-62,-39,-80,37,21,92,-41,96,4,75,4,31,81,88,-74,23,99,-17,8,-82,85,-35,42,-95,-4,-4,-90,-7,61,-51,9,-49,-65,19,-49,73,-81,-51,73,15,29,34,94,47,-90,-83,-69,-27,43,-56,-97,-23,-47,-20,-62,0,-43,20,-40,-16,-94,-43,87,-89,21,-72,-37,-10,33,5,38,-39,-24,19,26,-11,63,-59,-34,52,85,-73,-53,23,-28,98,-7,65,80,12,42,86,-65,-82
-99,-27,84,-58,87,88,53,-78,-38,51,-1,13,75,-67,-100,54,95,-65,-5,-30,-47,-91,-97,-68,-60,88,-56,17,-61,-46,71,-8,-43,-55,89,-94,60,46,0,-70,10,70,26,-91,-82,65,63,-98,70,91,-71,-33,-79,66,-16,-37,-21,-50,-87,-34,36,-62,55,-41,57,-79,-73,-6,10,36,-2,-81,83,91,-47,-67,8,56,22,-11,74,-97,97,81,-45,60,59,-29,94,18,-55,5,-95,-18,-100,21,-40,-71,24,-36,-72
-25,-10,19,33,64,-57,-73,-68,-72,43,-31,53,-13,-68,39,-9,-33,46,2,-3,-81,52,3,-20,-15,-8,-7,-2,-7,-71,-39,19,-32,-72,-59,-83,-90,16,87,88,45,89,97,-11,38,-82,-81,-53,-37,-61,69,-55,-67,14,58,76,-74,-31,-4,-5,-64,34,56,-20,-11,100,90,-54,4,-66,16,-65,45,-71,99,36,65,87,-46,36,-65,32,14,-19,-6,42,89,-34,31,-46,-31,-92,-14,-9,-40,74,-97,20,-13,-16,10
1,83,-55,-23,-94,-63,51,-94,34,-40,69,99,45,-69,-36,67,2,42,62,-27,-42,-20,-86,-80,-41,-27,11,-72,48,-56,31,78,94,92,-3,-75,72,-78,88,47,21,-23,-88,32,24,73,-40,67,-39,37,-57,-94,-46,16,95,-91,51,88,78,-73,-65,-37,5,80,11,-2,59,-38,-72,-91,-41,91,89,50,-71,-96,-73,28,-42,-43,-77,18,-7,46,93,86,-33,95,-69,70,-7,-95,-4,-46,45,-41,-15,79,91,-91,64
57,53,-51,-92,-86,4,-5,-9,81,-71,-52,-27,17,12,-42,35,-75,29,-98,-79,28,43,31,-82,9,-96,59,68,-35,41,31,35,-2,45,54,-45,17,-72,-18,-61,-64,89,84,-36,70,97,-91,-15,13,50,96,-68,-5,74,99,75,-64,-89,47,29,9,25,74,99,-46,75,9,-72,84,-92,-82,30,-71,69,-64,-58,40,-88,-76,85,-93,-55,73,61,-49,-97,13,25,45,24,67,69,-52,-90,-69,10,26,79,-17,-19,-99
32,-50,-65,25,-36,-97,7,-35,-32,63,-14,92,-31,42,29,-39,-78,-47,-30,54,66,-54,-27,-83,-52,30,-35,55,66,-73,44,-92,31,-72,-23,61,34,50,32,-40,57,-100,8,3,89,82,-57,-38,35,60,-54,6,65,18,-78,-91,-59,-47,-2,-90,-91,-54,-91,84,-82,-69,97,-46,36,45,-9,13,-28,-26,-81,-52,-74,76,33,82,27,-72,37,51,87,67,-13,15,-62,-95,21,-60,47,-7,41,84,-30,-4,42,0,56
21,-35,10,-55,84,45,37,39,56,14,-9,-80,-9,98,-51,61,26,-99,-56,-42,-99,96,76,48,-75,-64,61,13,97,22,-53,12,44,43,34,-71,55,-56,-96,-13,-65,88,9,-70,70,59,84,-44,100,-90,-98,-3,10,35,44,92,14,-64,-4,25,-62,-75,12,-52,98,31,-100,54,22,24,-64,-89,-42,21,-61,69,77,63,21,-43,70,-93,26,17,-34,70,83,-78,-95,3,-85,-51,-43,-97,-61,59,83,-92,99,-41,-89
-73,-70,54,93,-23,41,19,40,33,-46,-95,-86,-92,59,53,-87,70,-78,86,78,14,-7,38,1,44,-98,3,-6,27,-86,70,-10,97,76,-37,20,-11,-82,6,-62,-55,100,-21,8,2,-58,92,67,-42,1,65,41,13,45,66,8,57,-87,-94,-82,-75,44,-87,-10,10,-49,53,78,21,-82,77,1,-87,-94,-94,57,-85,-38,60,-49,11,-30,-59,6,-67,63,-45,61,15,-100,56,-100,-7,-100,-42,-35,-32,27,11,21,-16
21,5,-12,17,-61,27,-61,-86,-54,-38,-22,-80,-73,-93,-18,29,78,29,25,-56,40,67,86,11,-94,93,-92,38,53,-14,-94,-87,-43,17,68,93,-21,3,-34,-65,50,24,28,-74,5,-90,51,-93,10,44,16,30,37,51,-31,-52,-24,-23,27,1,72,63,0,32,75,5,-60,-20,-11,-75,33,-54,-83,6,52,-60,-75,66,23,-24,-26,15,90,85,-95,71,-38,-81,-23,50,-77,81,-98,78,81,-2,13,44,16,-39,-60
-88,-56,69,75,-4,-2,100,-100,23,-78,-60,94,-96,59,-24,49,-41,28,51,55,85,-34,36,-29,-50,61,-20,-48,-73,42,85,69,96,40,30,-23,-85,87,-79,51,-27,54,65,57,42,76,-14,23,32,-100,-77,-5,32,-8,-11,-67,53,-57,-30,0,8,-5,-60,5,0,76,80,-65,38,10,-78,11,41,-83,-31,68,5,-97,74,-60,65,-78,52,-56,90,-80,76,-32,-58,55,95,42,60,70,35,-78,-70,3,-72,30,10
-91,21,93,71,-87,62,-80,1,63,-40,-23,58,-56,21,-30,56,79,43,-23,-7,-41,29,32,57,40,-86,-52,-24,-89,-45,25,61,0,88,-39,-100,28,47,98,-31,-44,-14,-14,-21,56,-84,48,4,-94,-99,-40,13,72,60,91,-77,46,-3,-5,-46,-68,52,-54,-69,-42,-11,-64,11,-50,-25,90,36,-93,-10,47,-8,29,-90,93,44,-6,-73,-66,-55,-14,78,92,-29,6,93,-15,-28,17,4,53,94,-62,-93,-51,95,-46
67,37,-36,49,63,18,-98,-81,-42,17,-68,-44,75,-15,27,-61,-78,-89,89,50,-91,-92,-75,-7,-38,-49,-4,16,-77,-87,73,-17,54,79,-42,-86,-96,11,52,-49,-70,75,20,98,25,-36,70,-61,75,-33,96,-90,-60,79,-67,-37,-13,-23,-61,100,62,100,62,-40,84,1,-86,17,-40,22,13,-90,11,17,-67,-27,96,58,-28,2,16,-95,-61,36,-82,87,-29,-41,52,-76,92,59,95,-34,7,57,92,-49,49,78,-83
99,72,85,19,72,34,-48,23,19,79,24,90,40,-16,72,3,-71,-82,-32,-62,53,86,-16,-91,11,-83,-28,18,33,-98,-5,63,16,97,-18,57,-97,35,-55,-48,72,-5,-17,94,34,-8,9,90,70,-28,-82,87,-85,-54,22,39,48,-100,-76,-26,75,80,-10,-9,-40,57,2,-72,1,-20,-48,-62,-46,37,-92,13,73,-33,21,-50,46,55,-58,50,32,-15,-18,-14,-2,-99,28,-89,-4,-11,49,-37,-46,-25,73,-72,-26
-68,-53,65,-11,60,94,100,-55,-90,53,-21,72,92,87,71,12,55,-60,-9,59,89,95,52,75,53,-42,-57,66,30,-39,-44,-41,76,91,-98,9,-48,-5,-84,38,4,63,-98,-92,20,88,66,-93,45,-61,38,-76,-65,81,10,-69,-34,-46,-45,99,87,-47,-2,54,42,32,-1,96,63,50,65,33,20,81,45,-10,-53,-69,-82,72,5,-99,-35,-41,-83,91,27,-57,-21,-57,53,50,40,85,-80,41,75,-78,46,-16,-25
76,71,-99,50,43,-8,12,94,-42,58,-36,1,-63,100,-7,-90,68,-76,22,-46,-26,75,62,-86,32,5,-7,84,57,37,-86,56,64,-16,33,11,54,93,51,-9,64,-98,17,64,69,-72,43,-29,-48,-31,45,-6,42,18,-22,-83,11,-23,-38,46,71,68,22,29,-63,-74,-22,21,73,-44,84,9,-9,-27,57,80,28,45,-72,-57,-93,18,27,16,46,-78,0,-48,-6,-26,45,-16,82,94,33,44,-5,-41,56,67,-9
62,-93,0,-75,-57,65,-43,-15,-38,-48,-94,-100,-27,-31,-22,-77,-7,77,36,1,72,15,56,87,-37,94,21,-14,-79,-28,35,-90,77,-3,-29,-70,-55,-92,87,-29,-18,-16,-45,-80,74,52,-21,-55,63,-42,-50,-17,84,86,40,-28,15,-13,-6,-2,-72,6,90,-7,-57,-50,61,-81,89,-80,-39,-1,-25,-13,28,88,49,71,-93,89,-93,78,72,-96,35,-4,57,30,83,-25,-37,-15,45,77,94,-63,66,6,-41,-60,57
-8,75,-10,-40,-99,98,-52,-63,52,-99,81,21,86,-81,-27,10,-69,90,-96,-13,-10,-35,38,45,79,75,32,-24,8,-68,39,-44,33,10,91,75,8,-85,22,28,-93,28,-75,65,-9,5,89,-88,62,-81,-82,-32,49,-62,-26,-100,-29,-47,-54,100,71,-8,70,-93,88,23,-9,16,-68,-82,80,-52,4,59,18,2,36,100,23,-89,71,-68,-17,-41,-55,51,-47,-32,18,-100,51,-40,-10,-5,37,-31,46,-92,97,-20,-17
-98,75,19,-90,41,-69,86,-35,22,80,-41,-50,-58,19,23,18,0,7,-13,34,-32,-50,-54,-71,-74,34,89,-94,85,-84,-49,16,-26,1,-3,-22,99,24,-50,-31,100,8,26,13,-65,24,-49,17,43,-80,9,-99,45,-1,15,61,9,-94,-7,71,31,2,71,-50,49,26,-53,-2,41,19,90,3,34,-52,-64,-55,89,41,84,32,72,-8,31,35,71,57,20,-87,97,-17,-13,-14,83,15,-72,-19,-70,83,-71,-94,22
-42,-76,70,33,-8,84,-10,3,86,72,-72,12,-49,-2,-16,42,-52,-95,-27,79,-79,-62,-43,-41,95,65,37,-74,-59,-5,-55,-28,-90,-30,40,-95,-78,78,-36,78,-15,-67,75,-67,24,70,60,74,62,42,-19,-85,62,-98,-18,66,47,56,-72,34,-26,-84,73,52,83,13,-54,33,-6,-94,-65,-53,-23,-60,-22,47,-68,-48,53,75,22,-47,-39,-50,13,22,-80,19,46,-41,43,69,-44,53,1,-85,-64,-6,-82,-66,-91
83,4,-53,85,1,-80,-59,48,68,-53,48,66,-17,88,-13,-54,95,21,29,-97,-41,-91,17,31,-70,49,37,-61,-24,-82,0,-16,-73,34,85,50,-55,-13,-33,-5,48,-47,-90,-25,-60,12,-57,-80,56,-65,-25,-72,-11,67,95,-26,41,52,-61,-94,91,-12,41,-56,0,-73,-99,-80,1,10,-76,27,36,32,49,95,97,54,28,-7,-2,36,-23,-35,21,57,3,15,4,59,-71,-28,25,68,90,-37,-100,-100,17,-38,63
-23,14,-54,37,83,-90,89,87,86,-6,-61,78,40,-63,-72,14,-88,99,-45,65,26,-52,-39,98,-10,-95,10,-16,-78,30,36,-2,-28,-93,-3,-7,93,-48,39,-14,13,-92,54,-62,18,70,-25,81,-71,100,-35,42,67,-94,-73,-91,-15,-1,-67,-20,-56,-41,62,90,20,-46,-64,-19,-4,-1,-53,96,71,78,58,-35,-38,-7,80,76,-46,79,68,93,-1,92,71,-68,-20,78,71,-69,62,33,23,11,85,-60,-46,95,-46
-43,-99,-47,74,49,-90,-14,-36,-10,28,56,-22,-56,32,53,77,42,55,100,-57,-82,49,31,41,-88,79,-54,34,-48,-69,53,-46,38,-45,-77,-20,-52,65,-50,-48,-93,28,91,-20,81,-46,65,-17,78,-67,67,-69,83,-48,-72,-7,21,-78,-60,18,-60,-44,59,-44,79,17,24,-21,-71,90,5,-11,-94,-30,-66,41,0,-81,23,14,-60,70,-75,93,6,-11,0,-60,-85,55,-63,-95,68,5,-74,60,-32,-100,14,0,13
-16,-46,-12,72,83,35,20,-31,-4,-71,-21,-72,5,77,30,-70,-92,98,-34,-2,75,70,72,-61,-73,62,70,100,18,67,-95,-42,31,-37,-70,-15,-72,81,-70,-67,26,43,-39,-23,-46,-9,35,-37,-51,95,-35,46,-59,13,92,-37,98,31,65,-40,54,-34,73,48,61,-97,9,12,91,-65,14,-53,68,-90,-29,-63,99,-17,-72,74,62,58,61,-51,81,59,-10,60,-55,-37,23,4,39,-49,1,-63,84,-73,-60,56,-16
-14,52,-78,73,-88,99,30,-82,-25,-4,-82,73,99,80,49,-32,62,67,81,66,88,35,9,-34,-98,-74,47,59,-98,5,82,-24,69,58,-98,88,-96,-52,63,28,-40,13,-56,15,-6,10,-28,79,-37,-17,94,62,70,1,-35,-28,-22,-53,-91,95,-84,17,3,-22,77,75,1,-6,42,30,-1,60,-62,-97,94,-50,-20,68,-74,27,12,100,-49,62,51,-97,-42,-88,74,81,31,44,-50,-20,-17,-53,-52,-33,-66,-9,98
90,61,20,-34,37,79,-3,-20,-8,-77,73,100,-18,18,-28,-11,-81,-65,-73,14,99,-74,-30,8,14,57,19,3,-30,-18,94,7,-97,45,-45,-63,-68,-66,14,5,-30,-68,7,-48,27,51,97,44,-99,-10,-98,-37,-28,-76,50,68,-78,47,-51,26,-25,-78,49,-2,-8,52,44,-26,70,-6,72,69,-68,-19,46,67,86,-65,-54,16,4,-96,-99,-88,-22,-6,-89,85,36,46,-78,68,18,-96,-40,-1,-4,-29,87,-82,72
33,91,12,-34,24,87,93,-70,-35,-28,24,80,12,-98,-20,-47,6,21,-40,35,-56,-78,-35,58,38,-51,-24,12,-44,-55,-40,54,-27,38,-92,-11,-27,-2,42,3,-87,-30,-20,-4,-13,61,28,-34,-28,97,7,62,-6,94,-34,-96,36,41,11,-51,-63,-34,48,-91,-15,24,-50,74,-62,-79,-74,-59,44,-1,-13,9,7,48,-40,76,4,24,58,-97,-33,64,-37,-13,-13,35,55,76,-14,5,9,40,74,-48,7,40,-82
-75,-1,79,-25,33,64,47,-90,90,90,-84,-69,-59,-83,81,99,-53,52,8,82,-77,70,-12,-39,-46,44,49,25,30,-2,5,-75,-2,-37,32,-27,-13,47,-62,1,43,55,-5,-8,94,-79,-52,-68,-33,-88,-69,50,-48,-51,15,-60,-57,94,35,-91,-41,-82,-67,14,23,-93,-71,47,-1,66,70,-71,-97,-88,92,62,-70,48,71,-45,-73,55,3,-20,-98,28,64,10,76,-72,69,55,98,22,72,-83,23,82,51,14,-14
53,-60,6,95,32,-81,24,-77,-62,46,-66,-14,53,-84,7,-66,-44,-29,-89,97,-72,94,76,19,50,59,21,-60,50,-10,-78,-58,71,-72,89,-55,59,55,-21,83,-7,-28,25,-68,55,-10,-23,-68,28,-20,89,95,-64,88,-79,97,83,-41,-91,-18,66,72,-95,-60,70,-28,-31,-95,20,-17,-51,43,87,83,27,61,-8,-33,-50,-43,4,59,95,-54,-44,-61,-38,-24,-26,-76,-61,-92,-44,-15,-80,-56,62,-49,2,-17,9
-48,-57,-51,40,-97,-98,31,93,-11,-47,18,-8,-63,-6,-46,-35,-9,0,89,-73,29,65,-53,14,48,-43,-97,-44,34,-71,53,15,-4,-27,-37,61,30,-37,10,-60,63,-99,-59,95,-96,20,-75,64,97,-5,-65,-17,-33,53,21,6,-54,-49,42,-89,82,60,99,-93,-65,-24,-21,86,18,89,7,12,36,-31,87,26,-61,92,-71,34,14,92,-52,18,37,84,-70,-66,57,-44,43,-60,-52,79,4,10,-80,-43,-13,-58,-94
-30,34,-27,87,-88,-51,32,100,3,-54,-81,-16,58,-39,-72,72,-20,-67,-6,-37,78,-80,-40,-33,-67,-4,-97,-15,-86,78,-69,-92,-9,-71,-3,-3,-5,-67,93,-10,-64,-62,93,-2,-11,18,-78,-100,13,-42,26,-51,-100,-76,-73,-98,96,29,-44,72,36,-17,65,-78,-7,-47,-48,38,-65,-25,36,-33,74,-97,59,-3,-42,77,38,-51,-29,44,13,57,-59,96,58,-97,63,-34,-84,96,17,-69,18,12,-18,63,-72,-26,68
85,48,-66,0,37,-84,100,78,2,76,84,97,41,-5,-72,31,56,95,-66,44,32,-75,16,-56,-6,-79,-46,76,18,100,-7,-82,-42,-30,71,33,-43,-91,26,50,-56,-13,46,83,-71,18,100,-26,-85,82,-88,-79,89,-89,-67,-97,-71,45,9,68,-39,59,22,-20,-5,66,14,-10,96,-32,13,-84,-46,-72,-13,-51,93,85,17,-7,-15,-59,-74,-67,21,59,1,-56,-55,-27,22,60,-22,70,-58,30,-46,13,-58,-72,81
68,94,-27,90,-57,57,55,-52,96,-36,14,100,6,-18,66,53,-3,-31,47,-25,6,58,34,24,23,-84,-38,90,-61,-11,-4,-91,-35,-61,44,-74,22,4,3,93,88,-71,72,-34,-13,94,91,100,82,1,29,-23,56,10,48,66,-17,-98,-100,41,98,-50,-41,29,-47,31,-96,19,19,27,-72,26,27,3,-79,38,76,72,29,32,0,-37,-62,-83,82,90,85,-28,100,-95,28,-12,-27,60,20,62,29,-51,61,63,6
30,46,-87,-27,92,-88,86,52,-64,-69,93,-44,-1,-46,-49,72,-4,59,7,31,3,-96,-67,-49,-92,-50,-11,9,-43,15,56,-13,-56,73,-54,-21,67,27,7,-55,-31,-91,-65,-89,100,-45,-64,61,73,-27,-99,-95,58,-29,-48,-61,-90,-96,0,-10,-91,34,77,17,-89,12,76,-63,-94,1,-50,-37,2,74,67,44,44,50,-9,30,-20,25,-86,21,68,-48,37,-63,18,47,69,-75,71,44,-62,10,38,45,-74,73,88
95,74,-53,90,-96,91,39,-40,28,-22,68,-96,53,-78,26,-40,88,50,55,-25,10,93,72,-27,0,41,33,-3,-88,-23,77,76,-91,92,-66,66,69,-51,-96,-72,-89,31,6,89,-69,-73,2,-15,-51,-9,91,78,-69,-73,-76,-27,65,-45,39,-32,-60,66,-16,15,-99,-63,-22,44,-53,74,-59,56,80,-11,-35,-79,64,-94,-6,-79,23,-38,-46,-61,-48,17,25,-75,99,-32,54,-18,43,-64,68,74,38,-72,-5,-78,-96
68,-56,64,23,-89,-22,-20,15,73,29,1,70,11,-11,-62,13,-91,-41,76,85,-51,33,-36,75,17,-48,29,-43,-32,-52,-90,-45,17,55,-80,-45,38,10,42,97,86,83,78,5,68,99,3,85,96,100,75,-49,-10,-76,-98,69,18,16,60,-24,65,3,-17,-11,65,64,-52,-23,-27,-8,71,-22,23,-99,-51,14,77,-52,27,-5,5,-64,-15,96,-93,98,17,-53,-72,-7,-34,-16,98,-3,-19,1,-51,83,-21,70,95
-55,58,-10,90,-96,-4,-55,-40,61,36,-25,-40,16,-38,-61,65,41,-58,-27,2,93,-65,60,-37,44,-56,95,-3,4,-49,85,-35,-41,-11,36,22,-48,30,-38,-81,-89,-27,-22,-44,58,-27,32,-1,-33,-7,2,-59,-89,-83,-91,-4,3,100,-9,15,30,-53,-23,-66,21,83,31,54,76,19,-92,-32,42,52,74,68,75,-46,-31,64,-61,10,5,20,-83,84,19,29,31,-14,-51,-26,-95,-71,87,42,11,33,-34,-74,3
73,69,86,74,-30,68,-60,62,-99,-30,-58,-75,99,95,33,45,-59,-41,-5,-98,-64,43,-13,-91,-38,-3,-98,-94,95,87,82,22,28,-66,70,-71,-76,50,64,68,73,-7,0,71,-63,-85,-90,68,-84,-95,33,67,60,-68,10,-36,-96,-63,46,-58,35,67,-58,-44,92,49,11,-21,-10,73,27,7,-3,5,-28,43,35,25,-58,91,12,-96,87,15,-74,59,-70,-94,-69,9,-65,-55,29,-33,24,10,-20,42,-12,58,25
-37,86,-56,100,-69,-57,5,-6,15,-35,57,2,-91,58,-92,-77,-35,-56,-1,-26,3,69,96,45,62,88,35,-19,-73,-75,-88,-6,-17,28,24,87,72,-94,87,-3,-89,76,15,26,82,79,-64,81,-11,-11,-75,-39,22,17,-48,31,33,-64,11,-71,86,91,-29,16,86,-66,-57,-61,30,8,4,34,-46,34,-76,-3,-78,-34,-7,-89,-100,-11,-78,-90,85,26,-63,-70,-85,96,31,-67,65,19,59,-15,39,-89,57,-45,-85
-57,-96,66,-29,-87,78,-72,28,-26,-83,4,9,-4,-92,57,-8,69,-93,-47,43,52,58,-90,-72,41,96,34,-41,18,85,-86,65,79,-16,11,96,14,7,38,64,-35,17,76,-32,9,-18,45,-16,-90,-38,-4,57,-83,61,-67,23,-81,-37,86,-39,75,33,75,69,-88,-80,-31,18,20,-61,-28,-62,76,10,86,-67,-34,42,-54,-34,-61,-41,-79,24,-95,5,98,77,-91,47,64,91,-40,24,-21,-55,96,-3,75,-59,-49
60,-32,18,12,-4,76,-11,15,65,5,54,83,-19,-46,-40,-49,37,-27,-28,36,-62,27,-98,-16,65,-35,-34,28,-81,-34,19,-36,-56,93,-46,53,75,-51,-22,-70,-85,-62,-43,74,-38,-33,-97,-2,71,37,-10,49,29,41,-94,-30,-71,-27,-27,27,12,89,-65,-34,39,-47,-8,81,81,-41,58,20,-91,-100,-80,32,-4,-8,14,-35,-64,-24,-76,87,79,-61,35,1,-87,-100,35,69,-26,-14,99,-77,81,8,72,90,40
-97,-24,-93,-32,-45,41,-17,90,-83,-52,72,65,-84,72,63,-38,-25,-33,82,45,-61,-9,-82,-54,-5,6,-34,-28,81,-59,-20,68,-26,-10,13,-14,-76,42,12,94,30,3,19,-59,-48,-92,74,-27,-90,-16,74,91,-55,69,-59,-99,-56,-20,-69,-11,-58,-70,-39,-35,-62,-62,88,-38,40,16,24,65,64,-5,-89,86,-45,-62,3,-8,91,47,-16,-73,-1,24,-31,38,83,-32,32,22,-62,62,18,-86,49,-45,-42,16,38
-94,47,47,26,-12,43,-97,-92,91,60,20,-73,79,-25,-46,-56,83,-26,59,3,5,-6,31,43,-41,45,-3,-48,-1,-70,-85,12,-16,10,-32,21,-6,-76,-51,-80,-15,55,61,12,-69,65,-69,-9,-31,35,39,-28,66,42,51,20,-53,-42,-57,-1,-33,-77,94,98,48,-16,-98,-78,-25,-50,81,48,29,-62,83,99,27,95,74,11,-47,-52,-13,-23,19,-32,-15,-25,-37,-70,-98,-44,-51,-62,-43,-42,-8,-16,74,13,42
-13,-60,-69,-5,27,-31,-93,-72,-44,-97,-11,15,11,-67,-85,-59,24,-65,23,-73,-23,-83,-29,32,-83,87,-51,32,29,80,-54,-31,-54,64,-44,18,77,46,-47,16,-97,-31,-44,-70,81,66,82,100,-37,95,-59,91,-6,-12,-42,21,19,-85,100,-71,-67,-33,95,-43,-53,54,-26,81,-97,69,3,94,46,44,58,39,-1,13,5,-47,-93,10,49,-17,48,-14,21,11,53,81,5,-83,89,35,94,-78,42,-57,18,17,34
-66,96,40,-40,-42,65,41,86,58,63,44,17,6,-13,-83,-87,-53,42,-95,44,-59,-88,-75,-92,86,90,-43,-66,-77,-33,3,0,-11,71,66,-55,-14,85,41,-69,63,38,-47,13,-72,28,-39,91,42,-66,83,-14,79,11,-19,-62,-79,-68,-51,-51,-38,-23,83,-41,39,53,-11,13,-5,25,-35,25,33,8,26,-89,-13,26,17,-29,58,40,14,-76,-56,32,69,38,70,-32,26,-87,35,-4,27,-35,90,93,98,-23,-68
82,-37,65,85,8,-63,-30,-16,-83,-92,29,-53,8,-59,86,72,16,84,69,68,-23,44,63,44,-45,37,21,-18,-55,44,-76,-28,-37,76,17,-68,-76,-11,6,27,-79,24,74,-28,-6,35,-87,80,-50,97,29,0,-38,-18,74,-31,35,-55,-43,-50,-81,-79,-85,-88,-48,-91,4,-25,33,-18,-87,99,92,-52,93,-23,-35,10,95,61,81,-45,48,-87,-62,11,-45,73,-18,10,-33,-58,-51,51,-33,-37,-36,1,85,-38,84
-8,-35,19,-72,36,-27,16,-77,11,1,-10,69,41,24,-98,-44,9,73,-46,50,-27,14,-42,11,-99,-37,-53,9,73,97,87,76,-22,-73,-51,19,25,29,-94,33,8,98,-98,-6,26,91,67,-44,42,-70,23,-79,-46,40,27,-56,26,36,-69,22,86,96,-2,-72,16,-98,25,90,-88,57,-81,-64,14,52,-95,100,-5,89,-85,18,-92,14,60,40,-19,-99,-72,-36,27,-41,-56,-16,7,71,-53,56,15,86,-92,9,-78
78,26,-82,-91,-19,70,-49,-16,-46,31,11,73,65,-52,29,76,19,5,33,-29,-52,77,80,-32,11,92,19,32,-86,-14,36,35,-67,-27,-16,52,68,-33,91,-29,-12,-94,-82,-56,-58,21,-29,-14,13,9,47,97,-72,64,31,-49,26,53,-55,-88,-14,33,85,-52,99,-37,37,98,83,-28,37,-36,-91,60,14,83,-13,47,36,-80,62,52,-90,-31,-63,-38,-71,92,-61,-68,-68,-3,12,84,58,31,-83,57,-55,33,87
63,65,47,-74,-69,97,-36,-58,32,81,50,-73,49,-47,80,28,-48,49,-3,48,22,98,96,-10,18,24,68,47,-69,-68,85,-91,32,-64,20,-26,-88,-19,-33,70,39,4,47,76,99,92,1,30,47,83,61,68,95,91,-87,-70,33,58,-81,47,36,-27,57,74,66,-68,93,-47,-43,-67,-21,15,82,7,-78,-63,-56,82,55,-85,-37,12,5,59,-79,65,-66,11,-17,-57,55,87,90,-53,69,11,-91,-69,98,-98,41
52,16,-72,-15,41,-67,-37,8,38,-53,43,-45,68,-36,39,-35,-38,66,-82,61,-96,-14,-42,5,-18,58,46,-93,66,-81,-92,-52,-25,6,94,25,80,38,-81,17,41,26,38,-91,-85,14,57,58,-55,-55,13,18,-56,73,-13,-49,45,-66,2,-19,-8,-1,-27,-60,-9,26,56,-82,-8,-76,50,5,8,47,-91,-83,-98,62,-83,-57,2,41,-65,61,42,-14,-37,-98,-7,-48,3,-41,-44,-88,4,-79,29,-82,81,26,-28
-74,95,-91,20,32,36,-8,-69,91,-35,-38,31,-32,37,32,62,49,13,12,55,0,33,18,-98,55,-92,94,-68,20,28,-70,-71,3,-49,91,-74,-70,31,-12,-25,5,13,23,-28,1,12,-93,2,20,52,-100,-53,75,56,-51,58,5,64,89,-63,37,-70,-100,-79,-26,60,-54,84,44,58,-83,-92,-32,13,2,6,-83,-3,-60,27,74,-15,-63,98,-50,77,-31,44,-10,-18,-20,55,26,93,-80,11,-25,-97,50,32,15
-38,78,-98,58,-35,45,49,61,-22,24,-67,59,-67,64,-69,-63,-69,-100,99,-58,64,-23,92,26,-74,-19,55,45,61,-12,-72,-20,-92,-38,0,90,-17,23,-4,-61,-36,73,-43,12,9,19,47,40,56,22,98,55,7,-3,-31,92,-71,-41,78,73,54,9,-24,-48,-96,41,-94,26,-30,-70,95,53,-78,12,87,-79,-3,-65,-23,56,95,2,-91,-27,57,-21,-14,-20,75,68,-21,64,51,-63,-74,39,-26,-46,31,25,45
-95,-22,29,-55,90,-10,-30,59,-23,-8,-50,38,-93,-79,85,-73,-55,-21,65,47,-70,-65,33,-54,-68,-27,77,-53,25,21,10,-23,4,-32,24,-22,-66,-27,-49,94,-78,5,-71,-80,21,-84,-48,-40,81,15,-94,12,95,-34,16,22,45,15,-13,-75,79,-87,20,95,-41,75,-18,-82,17,-10,29,-19,50,3,52,33,-68,-75,-13,19,96,9,-44,82,-44,29,54,16,34,-50,25,29,-91,50,-78,55,97,-12,22,-89,-77
-24,81,12,-57,-50,-57,-66,24,-25,-13,64,-28,-69,62,91,23,32,75,-14,28,-95,2,70,-15,-50,10,-50,-60,34,92,10,89,-52,22,-39,-13,90,88,-81,-44,-2,44,52,-58,-6,62,42,57,-100,-100,-9,-52,-72,48,-29,-41,-23,30,40,14,30,-7,77,-86,89,-74,11,-60,-72,-74,-63,33,55,90,89,-93,-69,83,-14,-96,69,-69,43,65,-90,-61,-77,75,42,9,-86,-80,-88,26,21,-78,51,23,40,-80,48
-28,98,-42,-90,-90,76,-3,75,-74,-50,72,-82,34,-48,-36,33,46,61,95,35,88,-77,72,-86,-71,86,59,82,87,-25,82,48,12,67,-60,-4,38,-29,68,-57,-6,72,21,7,30,34,-6,-32,-68,41,-67,-72,58,-73,3,-79,-86,20,-16,65,-8,35,-13,0,-57,67,-86,-98,70,58,-73,59,42,29,-51,-94,50,77,-55,-3,-8,-21,-58,22,19,78,33,24,60,36,-78,86,13,30,-67,5,-44,85,96,27,-44
96,-90,36,98,-53,-79,26,99,32,72,40,92,14,70,-64,-36,50,7,69,47,-64,-1,-21,-42,-68,-34,-10,-92,2,-41,91,0,-62,6,76,93,12,-57,-100,49,-70,-54,67,-85,-88,32,-85,-82,51,92,-26,96,-34,51,53,-14,49,69,75,-18,69,5,20,-43,27,27,-60,54,88,-66,92,-9,-39,15,1,-75,-44,-2,-5,-5,-38,-70,19,99,4,-58,92,-19,39,-68,-31,11,48,23,-36,-59,-73,44,88,-19,39
54,71,-18,48,83,-67,-30,56,14,-14,-22,56,-90,2,15,-22,46,32,66,-45,14,16,55,64,68,-97,62,70,73,-52,-87,33,69,-14,-79,-90,96,-6,9,-21,57,-65,18,-81,26,-40,-79,-78,-39,67,-25,-76,-49,-18,-14,16,87,-90,-36,94,71,-44,84,-52,-94,-59,-38,-47,-30,24,-43,-7,92,4,80,25,-80,-41,20,-4,-9,74,93,-88,20,-67,27,-67,-9,-83,60,-45,69,-56,51,84,-94,22,17,-44,74
45,84,67,-8,43,56,32,71,-24,-79,39,76,15,62,-50,-38,9,-9,39,97,40,-52,-84,-19,12,66,52,88,85,-90,-71,-40,-45,27,-94,-67,4,13,-95,-54,31,-60,-9,16,15,43,5,-89,59,6,-99,-43,-65,31,-85,96,41,100,22,-37,95,-86,-84,50,34,-88,-12,64,59,65,99,-29,76,-26,-64,14,97,-45,-71,77,63,-43,-82,23,12,97,-94,79,60,-92,6,-75,54,34,96,-21,-68,-88,-37,93,85
-13,-41,55,73,-81,-37,57,-51,-82,-8,75,34,82,89,83,-58,-100,-100,-29,2,-30,-42,-10,-56,-6,-34,45,-63,13,-82,92,83,-64,-36,79,32,17,-56,-50,-92,-21,-39,-20,74,-94,-8,11,36,-38,17,4,-94,26,92,-70,-31,93,6,-23,-58,26,72,39,51,-2,-32,76,56,35,-63,15,-66,36,-9,82,90,-46,36,-48,-93,-74,-55,19,-15,-50,-6,1,69,29,64,1,75,24,-10,-17,81,-62,-18,66,-86,-88
4,-37,-79,-59,-8,-63,-40,63,-60,53,56,-56,90,-32,-27,-73,-89,30,60,-80,-77,83,-22,59,27,-97,32,-39,-42,98,-92,73,16,1,-92,-86,-75,72,56,23,-82,-67,-18,-87,94,17,99,-78,67,96,-29,-2,-35,-73,78,36,-71,-82,89,-36,41,-36,61,-64,-25,-86,-51,12,-51,-87,22,55,-43,55,-70,-71,89,-46,-95,-56,13,-60,99,92,-71,-53,53,61,84,-35,90,62,22,64,59,77,92,-62,-57,10,77
82,-10,-84,-93,-49,3,93,22,31,-81,52,51,38,-3,-94,-68,-87,-34,-20,-35,-79,98,61,-36,-68,-53,-79,-4,-50,93,7,15,78,-15,-14,-59,21,78,96,87,7,78,96,17,-37,-55,-88,-25,-37,81,-62,17,63,-37,99,20,25,48,-22,7,-18,-38,-33,17,-54,82,72,63,-73,37,-18,-39,-97,-2,-94,-90,-55,100,-16,-67,-59,-87,28,30,-73,-57,-15,-3,90,-82,-25,55,81,-81,-74,-15,23,7,29,-23,-45
-90,-62,-43,87,78,-20,-16,-27,60,44,57,13,-50,-35,-6,29,-29,-60,-49,-93,55,-57,96,-26,-39,71,42,75,19,-83,72,-50,92,90,-73,-7,-59,-55,27,-1,-22,13,99,-17,10,-73,95,-62,52,75,27,25,67,51,-45,-15,-11,-75,-86,56,-32,70,-48,-21,38,42,-81,-53,-20,29,81,58,-78,-25,40,70,-97,-21,-79,21,-52,51,-46,45,14,90,99,36,-30,17,-27,77,-15,15,84,-87,64,-49,-91,-46,57
-32,98,33,34,77,-82,97,-39,-58,-26,-21,23,-93,76,-38,79,-12,-57,-54,14,-91,49,83,-32,-46,34,-27,40,-61,-98,71,31,-70,-73,-47,-58,44,12,-82,89,-43,-95,47,-75,96,-73,58,-91,-39,2,96,-38,-25,-97,38,90,-72,9,69,7,51,-7,11,-86,-38,5,89,-6,98,-28,-99,-38,-80,54,15,65,-59,93,53,-8,-99,-98,-70,72,-74,-65,-4,46,30,-9,13,-71,-35,30,-97,-96,-31,88,-6,-87,-79
55,-3,-88,-9,36,98,-15,50,-91,30,32,87,-16,36,34,-64,-57,92,-91,23,-87,76,-50,-73,92,-27,12,68,-33,-2,-100,-7,-47,75,31,35,-23,22,35,-85,79,61,-22,-56,97,-76,59,-97,53,65,-8,72,68,-86,-100,81,-37,3,74,-99,-36,-78,-11,49,-90,18,16,22,17,80,-31,-96,57,94,-78,90,1,64,84,49,68,99,13,7,-96,61,14,70,30,40,8,-59,16,70,63,47,-46,62,-7,-46,11
-50,-13,10,74,-2,53,-86,-46,69,-58,-64,-64,92,-25,77,47,-16,-76,74,-58,96,-93,80,71,-1,-99,21,-82,-21,41,71,-71,-54,73,5,5,79,21,75,29,100,87,3,-84,67,-13,-16,47,36,1,91,-4,-43,-10,-89,-10,-96,-48,-23,-64,41,96,-6,34,-92,67,-46,94,82,-2,-3,-99,6,50,8,-92,68,100,63,50,-44,56,81,86,-38,-65,-19,-34,96,-79,-91,-25,67,-92,38,39,-49,86,39,48,-35
35,-9,-43,33,-44,-57,-42,-73,-45,87,23,-24,59,-90,39,100,-63,41,-6,30,-78,9,59,-76,54,-95,21,30,16,-10,-84,-95,-85,81,-83,26,-43,58,-49,22,24,-40,-42,-38,-39,23,74,18,71,55,-77,-77,41,-53,-73,-2,-18,62,41,46,95,1,-93,-31,-26,-19,83,-27,11,-88,39,-33,3,76,-14,2,80,-99,40,65,-37,-63,-99,-3,-36,47,-34,-67,81,70,-58,-38,-10,23,96,-43,79,10,-83,-41,-34
26,-59,-98,98,82,-72,82,-13,32,-43,28,-54,-14,-96,64,64,63,91,13,82,95,3,-7,8,-34,-56,95,29,-24,2,-84,-15,-42,37,-54,-69,-47,81,-68,-63,-28,95,-3,-22,-29,22,59,-87,-33,13,58,-97,21,-68,73,85,-99,-44,-25,-86,-22,-10,-1,31,-60,-5,-87,-77,-76,26,-19,-97,-46,34,-84,-94,11,28,80,53,-32,-58,-71,15,-16,13,-89,86,-6,2,-8,-33,-82,41,-61,13,91,-33,-32,61,90
-93,5,87,78,90,52,-8,-19,-52,-100,35,-89,28,-73,-71,83,91,-38,9,-13,82,4,30,-66,41,18,-57,-51,30,32,13,-53,97,16,80,81,85,-24,89,81,24,-6,-54,21,89,85,-25,-96,-94,-57,-59,32,-36,23,-59,-92,67,-17,-64,10,-8,58,44,51,0,63,13,68,65,-88,87,-96,-28,41,-95,-91,99,-69,-2,86,91,57,-41,9,89,-90,-58,-53,51,21,41,77,34,21,83,82,78,60,10,62,72
-58,45,50,-42,77,-61,-79,2,-52,18,58,-17,-19,61,53,94,-81,-13,14,-67,87,42,-9,25,-62,-99,22,57,-13,-65,51,-34,66,-100,30,-10,13,33,33,77,29,-84,-48,-23,81,71,71,-66,60,-31,86,44,-98,81,-27,-50,41,51,59,15,96,4,-90,75,-25,-42,-93,-12,-4,-17,-76,-41,96,35,82,-48,-64,-96,-8,87,15,-18,73,76,3,34,-81,-35,-36,-55,12,-46,40,-96,-32,39,66,-47,10,-91,-34
-54,15,-51,-60,38,-78,32,-75,56,23,-68,76,0,41,61,81,-97,-58,43,42,16,48,63,71,1,-47,-84,25,-3,20,-81,-31,99,-14,69,-77,79,73,16,-39,-67,81,53,88,3,-78,-48,98,96,31,53,52,85,17,-44,-20,16,-98,32,-99,20,-15,24,-13,-48,82,91,-20,97,-77,29,-39,-94,84,-63,49,83,35,17,-63,44,84,-76,-75,-5,10,-65,-26,-14,73,-54,59,-51,83,-75,41,96,-22,99,-41,84
-40,7,26,-97,-74,-34,29,84,24,-22,71,22,-10,94,53,-91,-3,84,36,23,2,-88,100,-56,62,-35,-89,86,-88,-84,-24,-26,56,64,22,16,-77,-44,52,80,-53,-12,-77,-88,-45,96,90,88,0,-73,94,-92,-11,9,6,-32,-5,24,8,-82,-64,-52,43,58,67,2,40,7,14,-17,-47,11,-44,87,32,47,-3,-21,11,44,-21,-6,57,-83,15,-77,-8,24,48,45,24,87,-64,-49,67,-51,-91,99,37,39,55
-40,-11,53,47,-54,-91,5,48,31,43,-49,-36,-44,-55,13,-85,-31,67,28,-90,-12,52,-20,54,68,-19,33,-87,73,41,-45,-68,-39,-73,15,-95,23,8,-20,58,98,10,-72,-14,-34,87,-12,-36,65,35,-49,63,-58,2,-24,5,62,-62,87,-80,89,-19,25,24,19,37,84,74,99,84,18,-61,-85,1,48,-20,55,99,68,-41,73,-37,37,54,-26,43,-26,-69,35,-23,-70,7,13,60,5,-7,66,60,94,13,17
61,0,-68,75,10,-40,-36,-2,85,-97,-85,-3,-58,-13,69,0,-58,7,-2,5,7,11,70,47,78,63,-30,-12,-7,92,96,99,-32,-51,-73,-23,35,-57,-62,61,29,-39,22,84,-82,-31,-73,-14,21,-8,55,92,-100,3,73,-54,-57,23,79,19,83,-79,-3,-89,14,-84,-17,25,70,-92,47,99,71,-77,68,36,17,70,16,44,-15,57,21,-57,92,75,-42,-12,60,15,38,78,11,-74,-34,90,-22,-16,27,-19,-32
34,89,9,-51,-25,-59,53,87,95,69,57,1,66,25,92,-39,-14,46,54,-63,-41,33,-27,-54,14,73,78,-55,70,21,48,23,-8,89,95,-97,53,-76,55,-24,-3,99,30,-26,-27,0,-34,-5,-51,16,-13,0,67,-86,-97,-83,-15,-87,56,-81,-87,77,-48,-34,61,-14,-49,-17,7,27,17,6,79,92,-2,-51,-97,-41,4,16,-2,58,20,92,12,-79,35,50,-18,-35,-1,63,-25,-47,11,81,43,97,-67,-84,59
21,92,-98,-69,-90,-26,69,-82,23,46,71,72,-31,16,60,-73,52,-58,-100,50,-45,-87,-57,-53,-18,95,67,8,54,29,38,-40,98,25,-73,-42,-51,-1,83,-44,92,-74,-62,0,-1,97,-18,-17,-21,-38,99,-40,17,68,49,38,59,33,-40,-65,98,41,-9,37,44,-94,-80,-3,-43,-92,52,44,-20,-70,-23,19,41,-42,38,-28,3,62,-98,-74,62,-9,-26,55,-26,95,-19,8,-10,49,-22,14,78,-91,69,3,-43
59,-25,-52,7,-71,-55,12,-72,2,28,-15,-44,17,57,-12,-57,27,-60,-31,-20,-48,-17,-91,90,65,68,17,-85,28,-8,51,-65,34,-78,93,99,29,27,-22,18,-79,35,-23,-66,-48,33,-70,97,-81,-75,42,25,-82,99,8,-43,26,-86,34,45,-45,-51,45,-27,-64,-75,4,-51,56,1,36,68,-4,-30,-24,50,-18,27,45,-45,48,100,51,-48,51,98,96,-41,-98,13,-3,6,82,67,-98,91,70,-36,-56,-12,21
63,0,-93,9,-6,63,-24,-2,55,-19,-42,-32,47,-47,58,83,-70,-7,57,-57,23,29,-18,-97,7,49,-16,45,7,-47,90,15,-95,-59,-43,-17,-44,58,-100,93,-62,-2,-1,95,-27,-42,69,91,-40,-70,-90,-16,94,79,58,13,-40,54,-83,-1,-40,48,-51,-93,-67,-11,24,-79,6,54,86,-92,-78,63,-60,-31,34,-8,-84,49,33,13,63,46,-21,-29,-93,4,67,-89,-62,33,-47,25,57,-67,2,46,24,-53,-86
17,-32,66,-27,-26,11,85,-54,-28,-57,36,95,11,98,16,-53,-23,-88,97,26,-11,-25,-90,76,-92,-23,-57,87,-48,2,17,-93,12,-1,36,-79,-43,-71,89,-73,43,18,9,-37,42,-93,-56,-14,26,-32,51,-76,99,-55,60,-85,51,-36,-90,12,-59,-70,-6,-45,-70,-55,-88,-2,-26,37,-14,-68,-19,72,-6,-67,-12,-19,55,45,58,-51,96,-34,-77,68,-4,-22,20,91,-56,68,-43,-91,78,68,-28,47,-24,-46,-86
32,-26,-41,53,-82,-14,-68,26,-27,15,-1,47,-70,66,-54,-87,46,53,33,51,58,91,29,46,56,-53,-37,82,0,57,70,-76,62,-21,-75,-85,-72,-39,24,-23,5,-95,-36,27,-59,56,67,-80,-9,51,7,25,38,-67,42,72,-75,-59,-18,66,54,-99,82,35,-51,-100,-47,-65,62,-36,-18,21,28,-84,33,-29,17,-71,90,-91,91,-20,-25,50,-69,87,-16,-51,60,-27,-16,96,4,37,14,77,23,-60,-34,6,82
-14,27,32,-61,3,70,-50,16,-55,-32,20,86,71,61,75,51,-57,45,56,-8,-64,-58,-86,32,25,16,7,-38,-9,27,79,-94,-96,54,49,-10,-46,-64,-92,18,35,14,-99,38,41,75,22,-34,4,-14,0,84,49,-93,-17,36,3,-11,-92,-20,-28,62,99,-41,82,-81,74,-78,98,-63,-1,37,-26,-60,-10,80,75,29,56,59,-15,-46,100,90,32,-74,-48,-12,2,77,-86,87,-8,-27,-8,79,99,25,-34,-52,67
-42,46,-53,-34,65,22,39,-54,-37,-91,-8,51,10,-90,-36,-77,23,-73,-62,5,-98,-57,-75,-97,86,-34,69,-89,77,25,39,71,-98,75,91,-57,-8,-64,95,-66,-25,-54,-39,-91,8,36,20,-65,76,94,-95,-23,-3,96,-1,89,-21,-36,30,56,57,-78,-69,-79,-35,70,-25,87,-54,17,58,35,7,-52,-78,27,-64,-85,44,-5,-61,42,12,96,47,-10,-46,63,-75,-98,-59,-21,-91,-18,98,-19,-33,21,-15,-93,-56
-2,-7,-24,-78,-88,88,26,-67,-7,76,60,-52,-14,23,90,-61,-21,-15,51,86,-23,-73,86,42,24,9,88,-79,79,-53,93,-21,-37,-39,-26,-33,-73,-36,56,-85,-84,-64,73,51,-2,71,17,40,1,-17,41,87,-53,-5,84,-89,-63,86,33,-56,84,76,72,-73,11,-70,-91,49,58,33,-48,89,-63,-34,65,46,92,94,30,24,-87,-64,34,-76,-9,-73,-60,88,46,89,-58,39,91,33,-62,86,75,56,62,79,68
14,-33,88,-53,-39,51,36,-87,-86,49,-11,60,91,-10,-49,-48,-63,-27,2,71,10,-100,-37,26,96,9,-23,86,-96,85,-35,2,-96,0,-45,100,91,61,-49,6,16,-17,-72,-39,35,-91,-53,15,48,-76,-5,38,-25,-28,-95,12,12,-80,-36,97,22,-81,40,11,-71,18,86,-23,-2,14,65,-77,-93,72,93,-10,11,-61,39,-6,39,91,-74,-90,4,48,47,-98,21,-59,94,-84,50,-3,43,33,-22,-38,80,-47,38
-80,98,-51,-37,-49,-23,-60,-68,95,-32,0,-4,9,34,52,-99,-26,10,-25,57,41,55,11,-85,93,-19,-39,-69,-9,0,37,55,-70,29,61,-79,-79,47,-80,95,-69,36,77,79,55,-18,-22,-46,52,74,-12,59,45,-69,9,-80,90,49,-82,29,-69,-96,50,69,-82,46,14,-9,58,-81,-42,-51,31,-65,-61,34,-50,-86,33,93,-93,-83,-53,67,38,-51,-54,84,2,-33,-37,-2,38,-45,56,-63,-27,-99,62,15,-29
97,-95,-68,-33,-30,-22,84,27,-17,39,15,53,75,-73,-88,97,65,-30,-48,36,-15,46,22,-2,8,-79,12,-31,-80,12,-36,-74,-78,-34,-35,-21,-3,62,52,-70,-17,-37,-89,58,-53,-85,10,50,-62,-30,-37,37,53,-53,22,-97,59,26,32,-70,-77,18,16,-34,17,-83,50,92,-73,64,38,27,-76,74,-78,-34,21,-14,-49,-67,-4,-57,-13,-17,-65,36,-99,29,-62,49,-65,20,39,68,79,70,1,90,-38,94,92
13,13,1,88,70,-97,30,-26,11,39,-73,17,-34,96,30,-93,63,21,100,-73,46,-14,-1,36,-55,68,-62,-14,-4,63,34,-14,-96,29,28,57,-20,-99,83,-20,65,-68,-66,35,-10,95,48,91,5,-38,-31,-64,2,-77,-69,28,79,-30,-31,-36,-4,-28,71,65,13,7,-7,6,77,84,-62,-46,64,-92,-24,-29,-75,-95,94,82,-69,-25,2,-39,-74,75,74,-14,61,67,26,61,73,84,-9,39,-37,43,96,47,-53
