-18,-83,-10,-35,65,58,-23,71,31,-96,-83,-8,41,-13,-28,82,65,-69,-22,-88,18,-19,35,-70,-92,43,63,34,83,-73,-42,31,75,-36,80,-72,-29,8,85,22,-14,57,-63,81,-49,-64,-46,-60,-18,-13,-78,6,-64,-88,82,100,-7,-43,18,-28,-99,1,100,5,-53,-23,1,-99,-89,43,82,-37,-29,55,4,-9,-81,90,3,14,-15,-29,68,38,-99,-55,-80,20,68,35,-71,35,40,88,21,-29,-99,-58,-79,17,-61
-72,-44,67,7,-59,-22,-38,-19,-90,26,9,-94,-69,-36,-66,92,74,16,72,39,-48,90,82,-12,-39,99,78,66,-84,93,-48,53,-9,40,-79,99,85,68,23,69,0,64,76,64,-40,31,-69,-37,-92,68,41,23,-87,99,54,-97,-64,92,94,-58,10,-65,9,-85,-20,-54,-99,-64,78,-45,2,-98,-24,-20,-80,-76,-80,43,71,-61,80,-38,-1,45,-76,13,42,91,-71,14,33,66,19,75,34,-97,-17,-28,69,-58,-16
93,78,-1,74,52,-20,-58,-99,1,-70,3,81,-74,-100,62,30,43,-68,-98,-99,49,90,67,-19,50,41,-52,67,-10,-6,-97,-89,13,98,20,17,-13,-46,2,95,99,92,36,46,-77,-41,-41,-11,87,79,22,67,93,-18,-75,-36,73,7,33,73,-79,-42,76,-34,22,30,47,82,4,55,-3,-72,-45,-81,81,-32,20,19,-18,18,0,5,-58,-19,31,-7,32,-99,-8,23,-90,11,69,3,-76,33,-41,-21,-5,-16,27
-14,-65,64,-45,-55,55,-72,9,85,31,-43,39,-100,-37,-56,-50,100,99,-86,-44,-80,65,-5,56,-90,-14,36,13,-3,-92,37,11,-100,44,62,-58,81,8,-68,-59,38,62,72,-11,64,78,64,8,-94,43,-28,-46,55,44,90,-14,-85,2,-98,-69,40,-21,76,38,17,-31,-87,-37,89,-24,69,4,-17,-53,50,92,68,-44,49,43,-77,25,54,56,-9,-15,-78,-85,-86,17,49,-99,25,-64,-63,33,28,-36,90,95,-56
46,20,-72,71,29,75,-1,53,34,-2,-52,-65,29,40,58,-19,82,51,-66,-99,96,95,36,69,-4,3,51,-45,78,4,-62,78,-47,67,-78,32,58,39,6,-15,33,-5,-4,-71,36,6,70,71,11,-17,-19,7,-27,-84,-30,-38,-87,-63,-13,95,35,-61,-60,-8,-60,66,-91,68,76,-3,-29,77,-88,-79,-15,28,20,90,-57,26,10,-83,-30,82,70,92,65,-51,-10,43,58,79,17,-15,-77,80,-5,76,-54,67,-90
-46,-68,-82,-90,63,63,-79,-97,7,23,-69,19,94,-5,87,9,81,34,15,28,29,-67,88,-45,71,-87,-97,-86,78,-18,-86,-22,53,-23,73,-94,-77,-82,-79,-73,-43,-88,79,-27,-53,-55,-9,1,-28,53,-17,21,-42,-24,-23,-38,-62,55,83,-20,66,-35,-74,-83,33,68,67,33,50,43,67,69,-30,-60,-92,-37,-36,-44,2,-70,-25,32,-62,19,-58,77,78,-9,-91,-14,-72,12,-83,20,-96,99,16,60,-78,17,1
0,-8,-90,14,56,-66,-73,35,87,19,49,-2,-6,98,-59,-70,-50,50,23,-79,-35,-81,5,81,49,63,69,-71,90,-14,19,-78,-97,57,-62,18,-87,-3,-34,34,-57,25,32,-7,-67,57,92,15,-85,-10,40,37,53,31,-47,-1,-19,91,-5,64,-99,82,-72,-40,-1,39,-18,-15,65,-19,-84,-67,19,0,-4,-13,26,32,68,49,-98,-32,-87,-19,69,-17,-47,-36,-35,58,-61,-49,-14,15,-72,53,-64,97,18,-43,83
56,-38,-11,-40,-86,-83,18,52,57,-72,-27,-68,41,15,-19,83,-93,-59,20,22,29,29,-34,-52,-78,38,47,28,-9,-22,-67,59,38,47,-32,-69,-7,-34,59,-21,39,51,-56,-75,-75,-31,-46,-57,21,5,-32,71,0,10,-51,72,-22,16,6,-43,-71,66,28,-80,94,91,-6,79,-79,86,26,55,-96,65,83,-26,11,-65,60,67,-6,-24,-88,-59,-24,68,58,-12,-48,83,-11,19,88,-46,-67,14,57,-96,25,-1,-33
-17,-51,-23,-39,-31,-74,-40,16,-35,74,-14,-90,50,-58,-21,32,-88,15,-19,86,77,-64,-44,-16,-97,-89,15,-63,66,95,-59,48,56,74,42,53,-7,90,-66,-81,-3,88,-59,-67,52,48,-93,-8,86,41,24,26,90,-53,45,66,67,68,-63,35,91,-70,-91,92,42,-68,56,-58,34,24,-17,0,37,-50,82,-91,72,85,-87,-52,90,-76,17,55,-7,30,-96,100,86,-11,-29,-72,-58,-62,7,-8,-55,-98,78,22,-92
-65,-21,-81,-93,-78,82,18,74,44,-8,64,-94,9,46,63,-72,-51,6,-81,77,24,27,-2,75,-86,-90,-38,-76,-89,48,14,3,-54,-98,38,-67,98,86,6,-24,-36,48,-37,62,-33,22,94,43,17,25,-48,96,84,-23,71,-33,84,75,19,37,-5,54,-48,-40,26,-22,52,-25,-18,-28,40,-10,-78,45,81,27,31,24,-60,-52,-17,-5,83,-39,30,-99,78,79,15,39,-16,-10,5,-38,18,-15,75,-21,10,89,-42
42,20,-7,-47,-47,86,14,65,98,51,-47,-70,91,34,-33,75,-50,95,-46,35,-76,-84,-46,-56,-47,-24,11,-33,-78,35,-20,-62,7,-24,-34,-84,62,76,34,-41,60,-23,-26,-59,57,12,3,-62,21,-3,-22,65,82,35,41,-94,-42,-82,80,4,-4,32,-81,-36,-75,-60,-57,-5,60,-55,-54,12,37,-14,28,-64,48,-56,1,13,-89,3,-84,-60,-79,-65,79,37,-92,48,9,-99,87,-73,39,27,-70,-39,37,-57,75
-61,55,-15,-78,18,-23,-60,61,49,48,73,-50,96,100,13,22,3,-40,-91,-90,-39,26,4,36,96,1,-10,48,85,49,-49,58,-13,-93,-53,-42,30,-30,6,73,80,22,46,-67,-58,24,62,-18,-50,-21,9,13,2,-75,-9,90,60,76,64,32,-62,29,71,-53,69,2,-93,-63,49,-83,-34,81,34,-45,-24,-72,-62,-17,36,73,44,42,-75,-58,38,-48,80,62,-21,-92,62,-58,-96,-27,-61,57,7,1,58,31,69
33,67,-23,-81,-5,-16,-74,-65,15,-14,65,97,44,-83,-79,5,-82,-38,72,91,66,-88,-98,95,37,-79,40,-86,9,-38,-37,21,-92,-17,-84,39,55,-40,57,90,60,20,-10,84,98,-61,-94,47,5,-44,-80,43,-50,-64,6,-56,-13,3,56,-73,-98,4,67,-81,-32,-48,-25,-28,-62,-17,10,-73,3,42,25,99,55,42,84,35,-92,88,75,81,-47,-44,-82,64,-47,2,-57,-74,-41,-14,82,23,96,35,97,-65,-59
4,-27,-27,-2,-18,67,-89,47,-15,48,99,-73,-9,76,41,-38,-55,49,8,89,-64,-86,61,40,61,62,6,56,-29,63,67,44,-80,48,98,-58,79,82,-71,-60,-82,86,-96,-58,-22,26,82,-21,-6,32,-64,-38,64,46,57,64,84,-34,-67,46,-53,-40,35,-54,-45,-14,-33,-54,-80,-100,-91,-71,79,-65,29,-93,35,24,-65,-40,79,77,-25,-86,36,57,14,-57,-90,-44,-74,69,-11,-45,-92,24,-50,-58,-52,-5,62
67,-18,-48,42,49,70,77,-18,69,-81,69,-96,-54,-63,-18,100,53,61,9,8,66,-64,47,89,54,26,43,23,48,-37,-41,-80,99,8,-73,45,39,-71,-1,28,-22,81,97,38,52,28,-47,50,-82,-21,36,-93,81,-43,-54,73,74,-9,-33,98,27,38,-85,0,-43,-89,84,-39,-19,7,94,-50,-35,-68,81,-54,-8,-77,-65,42,-72,-8,21,84,48,42,-2,-13,48,-91,-35,14,97,-46,-18,-56,-18,-20,-92,-67,-68
40,62,-12,-49,32,-24,-2,-83,-20,-76,-57,79,-84,96,-17,81,73,20,-97,21,-39,-29,-37,83,-20,61,-39,-86,66,88,74,80,73,20,-8,-58,-7,31,12,26,42,-95,80,-87,13,-3,40,80,85,-26,1,-18,-41,-49,3,-66,96,55,-93,41,45,51,71,-73,33,62,-11,22,-27,-42,-85,22,35,13,65,-18,75,65,-49,20,82,53,47,60,-90,-59,-86,82,60,-74,-23,57,-99,85,-9,-16,-77,95,-22,-66,-50
-55,12,79,31,89,-87,6,51,-93,99,-92,20,93,-14,-9,-42,-96,77,92,67,-72,-82,-42,75,64,-15,72,-24,60,-31,93,17,32,-2,-90,66,-2,-67,-28,-11,-52,36,11,-69,-98,-54,35,-61,-45,-90,-7,-78,11,66,37,-80,-88,20,-55,-88,39,-97,-57,40,95,72,87,-28,48,52,15,92,92,100,-81,-91,74,84,-29,55,59,-87,84,-18,7,73,-82,-25,-7,-10,12,-77,53,4,-98,-97,-82,80,42,-95,-39
60,9,22,-96,-15,-63,-99,93,-52,-12,-31,-82,-47,68,93,14,-48,82,-70,-61,-25,95,-8,-86,-36,-75,-26,-48,50,-74,-53,-80,54,-38,18,62,92,-34,19,62,-28,-9,72,12,-91,47,-66,-42,23,-78,14,-2,3,-94,-28,-58,-71,43,20,-37,44,26,-39,25,-18,-15,63,-69,-19,-89,-88,-29,59,-84,-89,12,-13,-38,87,21,96,60,-42,-92,-71,6,-29,77,47,-99,53,93,-90,22,82,-38,-42,-70,-36,-82,-84
61,-80,-61,-60,-61,52,-67,-49,49,-39,-23,-23,69,-43,-87,24,63,58,-41,27,-44,3,88,26,48,23,43,-53,-10,-11,-14,-7,-94,-37,-10,-89,53,26,30,-51,-23,-58,-67,-58,-5,-80,-4,22,66,-43,61,-6,-9,-34,28,-12,54,-94,-64,0,66,85,-12,-12,-64,-70,7,-39,-65,-45,63,75,9,-24,-90,-74,-56,-38,-58,-29,84,-60,13,100,31,24,46,-62,-18,-95,-64,-33,10,43,18,97,-54,80,-95,45,-55
-91,67,95,21,44,-20,-83,52,70,2,57,-66,50,3,-52,-36,73,-36,38,26,-78,8,-14,18,4,-34,37,-49,-21,-88,-44,37,-94,35,15,70,-9,-66,-60,-15,-44,-10,-65,-21,-61,50,10,-97,-35,77,-92,27,-76,21,-94,-26,-53,-2,60,63,-61,-73,-44,64,8,-81,80,-74,-75,7,-97,-93,-48,17,44,0,37,-15,-61,53,22,-31,-98,7,-3,59,-63,65,42,48,23,-80,42,-11,80,49,32,-68,73,-28,49
68,78,41,-13,32,12,-58,53,43,77,59,46,-23,15,42,-41,-59,-23,7,-53,56,77,47,92,-79,100,-53,53,-96,84,13,90,78,-16,-19,13,60,96,78,-98,27,-67,-84,13,2,86,9,88,84,11,-49,22,17,19,26,56,-97,-37,-81,88,-98,-86,-34,-9,-81,-50,67,64,-8,-82,60,94,40,-97,-11,46,-82,-19,95,7,-4,-27,30,100,94,57,8,-1,-54,56,-4,-51,69,69,-12,30,90,-89,-56,25,10
0,-86,-34,-77,-86,49,70,-20,-53,47,56,14,53,-82,83,51,-9,-17,83,-85,-84,-59,-76,79,-79,-45,30,14,62,-26,-78,5,22,45,89,-65,44,45,6,100,-70,-64,54,29,-48,3,-16,-90,78,-17,76,76,-87,-89,-56,50,-32,55,53,-14,9,-17,67,-29,95,-15,82,23,-75,-9,64,-94,57,-29,54,-16,-93,54,-13,-26,28,97,30,21,88,32,33,-58,-16,27,34,-27,-50,-16,45,42,38,41,15,-44,91
96,-28,35,21,-7,-69,8,79,-43,-61,-61,-66,37,97,-62,-77,-16,-26,-26,27,26,80,26,-60,70,94,92,22,38,73,46,-35,-44,-99,-45,96,-94,-30,-28,27,27,-19,88,-7,-4,-85,98,8,-13,19,-2,-93,-42,-80,-70,-24,-64,90,-44,-41,-73,18,-1,-29,-32,-5,95,5,35,-5,3,-7,-29,-66,-85,-31,54,63,46,15,-57,-48,-84,-3,47,13,94,90,5,40,-83,-66,70,17,-49,74,-55,-28,41,-48,19
53,-66,-35,24,-30,73,66,92,6,-30,5,18,-84,-94,-44,-93,30,-95,13,-88,28,5,-27,88,-83,-93,96,47,94,-98,-18,-39,29,-28,-25,-13,-81,4,32,26,52,77,-54,-53,-100,-75,24,-97,68,6,-49,30,-51,42,-66,64,-31,-81,-60,-24,-88,-49,-73,84,35,-55,-43,100,8,8,-55,25,-46,-36,-7,-54,-81,43,86,38,35,35,-42,-72,77,5,-18,-68,38,22,-47,-32,26,-2,8,66,11,32,36,-100,-85
-11,15,-14,56,-7,-10,-75,-29,-28,-29,23,-48,-67,26,-76,-17,15,-71,1,85,71,74,-66,-63,88,34,-71,-73,-95,-46,14,-49,-44,96,2,11,-30,-67,23,77,3,-87,-9,16,7,63,-78,24,36,-86,66,72,-34,-31,14,-64,55,78,64,-13,46,38,39,5,-99,-3,-53,14,83,-25,-10,-4,-95,10,-5,-59,50,-41,-14,0,56,-52,-44,-2,19,47,68,67,-31,78,-56,-90,-27,-83,-100,74,31,-5,-7,-60,25
52,-99,87,-87,-39,60,30,-42,35,-1,47,57,54,-68,9,-14,53,84,12,-42,59,55,-70,63,-97,56,65,-34,75,59,38,-16,-61,-99,72,-13,-63,-85,73,-26,-21,3,-77,-56,-20,-85,84,9,36,96,96,30,-59,-42,15,39,22,66,-89,30,36,-76,-1,-97,-10,93,-18,49,-31,68,-3,-78,-98,7,13,77,-3,-48,66,75,-72,-36,-22,81,-39,57,-21,90,-39,-86,16,92,88,-31,42,-99,47,2,-53,-29,-7
-7,-21,-42,83,-54,59,48,-39,57,-17,-22,-60,-31,-49,-1,52,-3,62,80,7,58,27,95,85,-52,8,-78,-88,33,-68,52,77,-17,39,-97,-46,12,25,-91,-15,-30,1,-85,-52,47,-50,-29,90,-88,6,-38,94,48,50,35,71,-84,-77,56,34,58,-90,1,-2,-11,47,-34,94,83,-31,93,-24,23,-94,-82,-7,-98,-57,-57,-74,-66,-16,28,-71,57,-50,36,-2,-62,49,0,52,26,20,-53,81,-99,88,34,-24,78
-96,-36,16,-62,-54,82,98,-67,37,54,-13,-57,61,-9,-55,-50,15,-4,-39,56,-9,6,59,88,-17,62,100,99,51,77,31,-96,59,-8,-84,19,-35,-16,65,79,-94,-44,46,27,-46,-20,77,-17,53,5,-41,-80,-58,-83,69,-73,70,5,54,-29,52,45,38,-52,55,-43,37,71,-100,55,54,49,1,-72,-6,4,79,65,64,-22,18,76,6,-28,-65,32,46,57,80,96,-22,-17,98,-30,87,-98,63,69,78,59,-63
9,-89,-83,40,-16,28,82,91,71,-43,-60,64,46,77,-59,97,36,7,12,-61,94,-17,62,-99,-82,14,22,69,8,19,55,1,0,-91,84,66,-33,51,-76,8,8,-52,-38,-5,-35,-44,42,85,-19,-52,2,-37,30,-4,38,99,-87,33,-30,49,45,-20,59,49,-79,46,9,-11,-7,85,-16,69,-47,-99,-85,70,14,-59,-84,52,-59,85,78,-30,76,1,70,-95,87,39,98,-96,62,94,77,90,-33,10,-20,98,-60
33,3,52,-67,-25,-20,-34,-36,63,-75,26,-26,85,-100,71,-77,-46,30,-91,54,-67,54,52,78,-14,-23,-78,-75,36,-45,86,-22,51,-7,-61,-83,89,85,62,-36,1,54,-10,65,43,86,-27,-96,-98,13,-70,76,38,-1,83,-93,-6,-33,-8,-66,-7,81,-90,81,-46,-15,34,-17,-58,41,-2,-96,-63,-1,38,18,-68,-89,96,-57,53,5,23,53,8,58,-63,91,-27,-45,74,76,85,-52,94,-8,92,100,29,57,74
-26,34,-49,95,11,40,-21,90,50,-10,-4,-65,-10,100,-57,75,-87,-55,-8,30,-53,-27,-7,82,-73,69,-75,86,-5,-3,43,-48,-3,19,-11,-11,-86,-33,66,-78,96,10,-32,-70,-36,-77,100,30,-84,-27,41,91,-51,-87,-48,-17,73,72,41,-32,-1,-47,-61,6,-67,59,-98,44,14,-53,-11,-36,94,82,24,-43,-94,48,-68,-97,60,6,-41,-3,-47,-15,62,-80,82,61,63,75,-9,-71,53,58,87,-38,85,28,37
-4,-91,-41,-81,48,-4,6,-43,76,-9,-60,-43,-93,-5,42,44,7,-45,-65,-1,-82,19,53,31,-10,34,-49,57,-65,-67,-24,-4,36,28,-10,9,-15,-96,49,-79,38,23,-43,-28,35,45,55,34,-63,-68,-53,86,-96,84,-9,16,15,-47,37,-8,0,-70,-72,-84,-60,45,7,-13,7,-33,18,-98,37,26,-83,76,36,19,-86,-81,56,-61,-82,-64,66,-39,-97,-61,48,16,-22,-31,-75,-22,76,-2,-34,94,-98,10,44
-89,-14,-87,47,-17,47,-5,13,52,83,41,-91,51,30,-41,21,-22,-33,-41,43,20,-71,-6,-21,26,1,-34,-18,92,49,-77,42,2,-94,18,50,59,-88,84,-71,40,-48,3,8,52,-49,-89,-16,46,-91,74,78,-16,22,-81,-46,-58,89,83,-18,3,-96,-94,-59,30,-98,-100,-59,96,96,-67,-98,-92,88,49,23,52,-9,-22,-50,30,84,80,-85,-74,-64,87,68,9,-5,-61,94,-12,71,-92,57,-76,-35,96,66,-48
-39,29,28,50,-66,58,87,93,93,0,44,-39,27,12,-31,-34,19,-93,61,24,-91,-62,-54,30,85,37,52,43,91,-77,1,26,49,-72,15,13,24,-83,-24,5,-59,-100,-5,17,-89,-1,13,-11,51,92,-95,60,-56,58,-88,-34,-43,7,11,54,-17,8,88,83,46,-65,-92,-11,-74,53,-29,-70,56,-23,17,7,-37,32,-50,-33,-62,-51,14,79,-93,-11,-31,36,34,32,37,-77,58,-1,-4,33,-21,-56,-44,-5,8
56,3,-41,95,-46,-48,60,-13,22,59,30,43,-46,47,-99,-90,37,-63,-86,98,-48,15,61,34,-31,-26,100,-46,80,47,40,-34,-72,-59,52,-45,-13,80,-52,-13,11,-63,28,-57,-97,56,95,95,61,68,42,11,3,-67,73,-32,6,-59,0,77,89,-12,-16,-54,-84,-36,-91,3,33,70,79,25,93,-60,86,-16,84,71,1,-45,70,-19,-85,-97,29,-52,-84,75,-47,57,-36,79,14,-73,83,96,-59,-91,-54,-50,-97
20,-85,82,-91,11,12,67,-14,-64,-44,48,50,-35,-32,28,-12,71,-77,-92,97,95,-77,22,83,74,-96,77,13,73,-81,45,98,-53,-9,-23,82,-6,15,-77,-33,25,-5,82,34,-51,34,-38,-28,-33,47,-97,-82,60,3,-38,86,59,-67,-38,28,-7,91,48,85,-23,-32,-54,19,11,-72,10,62,38,90,24,66,60,-99,-95,35,-45,-27,54,-99,-45,87,-82,52,-96,-24,-52,-15,33,69,-100,26,-70,-80,-83,93,63
-71,24,-12,-26,-100,1,34,-41,-58,-30,38,84,-13,-11,62,-37,-68,-34,-94,-10,-11,79,14,-48,-77,-58,70,37,79,59,-100,-85,43,-73,87,-53,84,-5,-13,71,-89,-69,75,-2,78,-12,7,-7,43,19,-5,70,-30,-33,93,-37,63,-27,41,-36,-22,34,-6,63,91,-68,-92,20,23,-71,26,-88,-61,-82,61,-35,-100,16,93,6,39,-11,-64,74,25,75,69,88,-34,6,18,-83,99,-58,87,22,49,-50,-55,-64,-10
77,89,57,-68,62,44,46,8,-78,-94,74,74,72,-82,34,-83,-92,54,-84,-16,-48,25,51,26,86,36,58,82,81,44,17,93,5,36,23,62,45,11,-72,42,94,-11,86,77,12,11,46,18,-33,22,41,-90,-22,74,-37,29,-11,72,85,-69,91,51,0,74,32,24,60,16,44,-67,9,-12,42,-79,-69,90,-45,-29,-3,67,39,7,-32,10,8,-53,-2,-20,-33,-24,-4,-81,23,-10,-90,14,-12,-4,60,-92,-95
-93,58,-59,-7,-98,-55,-3,-80,55,36,12,-43,24,-92,-37,53,49,-80,52,1,93,52,-4,22,-68,87,-81,71,-8,-60,-59,-76,13,-16,47,-71,33,78,54,-54,-79,33,-22,75,9,15,-17,53,-54,-8,79,78,-93,97,-27,20,-20,47,33,22,-82,1,25,35,84,-78,-74,78,83,-19,64,88,-94,19,38,-100,80,93,-69,-65,49,-61,46,-37,13,29,-75,64,39,-93,-46,58,-93,-74,72,17,83,31,47,-72,3
-5,28,-18,-60,5,-41,52,22,-54,-16,-31,-96,-27,-27,22,36,33,5,-93,-22,-15,15,-58,-11,66,-95,-55,-53,-88,-68,57,99,94,-98,32,-43,10,-65,38,-48,-90,-86,17,99,-88,93,100,35,-20,-59,-71,-70,-22,25,6,0,-62,17,-17,58,-2,-32,80,96,-81,-64,99,29,56,-40,-52,-51,-36,70,55,14,-61,12,-35,83,29,84,78,-25,-28,-33,-74,-68,2,19,65,76,22,-87,44,67,63,-50,89,71,-28
-47,26,66,-38,-29,30,-68,77,-58,99,-23,-88,100,79,-53,-100,-37,-79,0,-4,-15,88,94,-68,-60,-26,-84,53,-7,-48,-56,36,-59,-69,-3,38,2,31,-76,-5,99,89,-51,-89,-29,97,-73,-14,47,-37,92,-56,93,94,-47,39,-58,42,43,7,1,-65,-18,-33,33,-90,35,-46,64,90,-10,64,27,-47,65,2,47,-66,-13,-24,20,89,-86,-76,35,73,13,93,-50,-74,86,-99,-51,77,3,-9,-12,-71,-7,-39,10
89,-42,-6,12,29,-33,35,15,31,-42,-90,-57,79,-25,-38,99,43,-88,93,-79,87,-71,-28,-64,34,-23,84,-61,-29,-94,-17,74,-21,-95,54,-87,-96,-56,-52,49,-31,-41,25,-88,-46,-97,-73,39,16,73,-68,-35,-48,83,31,-94,-89,-51,-34,-15,24,-42,-93,47,-19,-68,-12,-26,-26,-40,-98,5,1,70,10,0,-91,15,85,65,-42,-73,-82,-6,35,82,15,-35,-79,41,12,-57,-89,-45,-46,-28,-55,-21,24,26,18
5,77,90,20,44,-94,60,63,45,-60,37,-22,67,-96,20,-10,-12,-37,14,-68,97,95,19,10,-8,-44,45,7,-9,58,77,65,93,-52,38,94,-55,56,2,-63,85,-100,35,7,-7,-58,-68,37,-11,-22,38,-90,-80,90,39,-55,8,-76,4,69,-30,97,92,-65,100,-97,23,-86,-82,25,96,-61,17,-83,32,-99,-30,69,78,-98,100,36,51,31,-6,26,34,-99,-20,-5,40,-95,59,-18,-92,33,43,49,2,95,50
-64,50,-85,-92,67,-35,18,40,64,-64,26,25,-61,39,-33,89,62,-70,-67,17,35,-65,-11,-7,-41,-29,84,85,2,38,95,-98,47,-69,-20,-28,59,-94,-15,-6,-29,85,-36,3,-51,-94,65,-15,-97,-16,-100,49,57,33,88,-26,-92,70,54,57,24,20,35,-54,-26,88,69,-38,28,-28,9,-18,-25,34,-89,-78,44,-14,10,-69,49,-61,75,-94,99,-54,72,-74,21,-99,-32,32,81,-14,67,10,33,60,-63,-32,89
-45,4,23,-63,-72,-17,81,-36,54,86,-94,-82,71,-59,19,-50,85,-83,61,64,87,49,30,-59,26,-47,29,-13,15,12,62,-97,-32,-58,-20,-10,-24,-7,-29,15,73,96,-31,-23,58,48,-31,77,-92,-42,-12,71,96,76,34,99,97,-97,37,18,76,-78,-96,-5,-82,-45,55,-83,8,69,42,-57,12,-43,95,-30,-100,28,59,-56,35,-56,-26,-11,59,-90,-69,18,-50,-14,-81,63,23,95,-99,-55,-10,-42,-16,-79,-42
78,89,-51,-84,-92,-66,8,-14,43,25,44,-5,-35,94,-72,-50,-41,-5,69,-44,-24,79,-47,73,-81,-45,-48,45,39,85,28,60,4,-41,59,49,-37,-22,-50,-91,-100,-91,41,-98,4,35,1,33,-26,-24,34,-85,-33,-30,-68,-60,-38,-89,-6,48,-54,14,90,-35,94,64,52,47,68,-85,-32,-100,83,-18,98,-94,-74,-35,-68,-40,65,-40,94,57,-20,-13,-29,49,95,39,-100,18,3,-57,85,54,-93,59,-42,63,16
78,18,38,70,-12,-29,6,-92,93,6,71,20,30,-59,-26,-76,-5,73,-45,100,-23,49,-29,90,-9,11,31,-21,43,33,-1,-68,82,-62,35,80,-16,-79,-71,-38,-14,49,-30,36,0,78,80,-93,-33,-39,-21,5,-50,34,79,-70,67,-82,27,81,-35,-14,-16,-94,93,-99,91,-9,-98,-64,-24,-51,41,-74,64,36,43,36,93,36,-28,39,21,-75,-30,77,-40,-69,12,-99,-5,-28,-79,12,-73,-62,23,85,78,41,-64
-41,30,-2,60,-20,32,57,-62,-37,-89,87,40,92,12,25,-76,-79,12,89,57,3,-26,-76,94,-24,18,-90,14,-28,93,15,-56,-10,81,16,-93,44,-64,89,47,-94,14,24,37,-81,2,12,-87,-85,39,-6,14,56,-94,77,66,-81,94,0,-5,19,-8,-90,-68,99,-45,34,23,-72,-90,-26,-42,65,11,14,-25,56,32,-55,-77,10,93,50,22,-36,-43,97,-23,94,32,-90,-24,-60,-90,-76,12,-78,71,73,-36,19
24,-42,83,-62,64,-14,34,25,-75,-8,-53,-65,90,88,15,9,-2,18,20,-30,-78,100,-4,-61,93,70,-7,-12,-44,-69,67,-62,-18,-36,-98,98,23,-24,-70,-17,46,11,-7,-89,-43,-96,98,79,-68,85,-71,10,93,94,-24,88,-29,21,31,-35,89,12,-38,55,29,-44,-81,-1,78,70,24,51,4,91,63,-41,-18,82,-42,72,50,-47,56,99,70,-5,-48,-76,94,-37,65,100,79,92,90,-27,65,-90,-60,67,-20
-84,45,16,-98,52,-24,-33,-5,74,31,-52,24,-37,-38,44,25,-60,57,65,45,-88,84,33,36,-90,-13,44,54,-39,8,39,62,-14,88,18,-26,-53,22,83,92,60,52,-97,75,-81,-92,5,54,-83,7,63,23,-59,-41,-35,-4,-53,35,-72,89,-98,6,71,76,-17,-47,-33,-79,-91,-19,59,99,23,79,-4,-72,65,-68,78,-32,28,34,59,-68,18,-4,3,-16,-69,-90,-45,48,-82,-35,-61,-36,59,-19,52,-23,-13
33,-55,69,-10,-64,-41,-33,0,-5,-65,62,-24,58,-92,30,11,-25,44,100,-23,-51,70,78,-50,90,27,62,75,65,88,11,-38,-85,-39,-13,-97,-31,-6,91,-69,3,-12,64,-52,39,46,-22,28,91,-76,95,-60,61,-51,94,-18,37,-80,-9,-52,-26,45,-28,58,-26,-21,38,18,-32,77,-98,28,-67,6,-83,-40,-78,-100,-93,-41,89,-17,-67,-10,-79,-36,-3,55,39,96,20,66,-10,-35,32,-8,78,-98,-99,90,65
43,-4,96,-98,44,-51,67,-12,5,6,59,-43,-18,68,16,88,100,43,-26,-30,-4,-66,-38,-60,36,-19,-87,97,68,-57,21,98,92,-29,91,-69,-63,-18,-84,-40,-65,65,-42,-98,88,66,-52,-61,-86,87,34,-73,38,69,73,45,81,32,-75,-9,-98,60,32,-20,4,-3,-96,38,64,-49,-27,56,-83,-84,79,-52,-68,81,-55,-21,-91,-90,11,-84,-45,-43,68,-47,89,43,-33,-54,6,-14,5,-18,34,69,22,-56,-19
-2,30,35,49,54,-57,-92,66,12,-7,76,-56,30,69,-43,91,5,73,-75,-68,-78,-42,19,-1,19,89,5,-65,54,82,9,-69,93,59,-32,-19,-6,-21,44,98,-20,-94,-1,-32,6,-20,88,80,-66,-36,50,15,-13,45,-39,-77,86,-74,51,-100,63,-77,-78,-66,94,-89,72,82,-50,-27,-66,62,-57,-22,-94,0,96,25,-47,-88,-10,38,-76,40,-16,-13,82,26,-75,9,32,-78,9,-39,50,33,-22,63,12,-75,-81
-25,47,24,-25,-4,-1,-1,50,-93,-50,77,49,18,-37,-17,-33,-81,56,100,-11,-64,56,-99,-34,78,-70,72,23,-9,-95,3,74,-90,-32,-64,9,30,-79,-10,91,25,-6,-50,81,-7,66,-70,-30,80,-87,43,62,-58,-84,56,49,20,-58,59,-27,-89,90,13,93,-99,86,-38,25,85,-89,93,-48,-44,20,-28,-70,44,48,26,-6,7,47,32,26,94,-61,-35,38,-58,57,93,-25,-79,-54,68,36,-72,98,-52,-60,16
-30,-43,-36,-25,-1,50,100,19,56,-48,31,49,87,-37,22,94,55,-52,-34,5,96,92,-31,-71,-13,-54,59,-6,-81,-16,77,-74,15,2,23,74,18,35,-90,21,96,-61,54,-87,-15,-1,82,79,-67,85,-43,-37,-14,-32,-36,-3,-81,-91,-55,15,-64,-8,-74,-9,97,-2,46,61,52,-73,10,-60,12,60,11,-12,48,85,62,15,39,-56,-85,-18,-16,100,82,31,37,-64,-39,35,85,17,46,-33,-14,-20,14,40,-94
-15,95,71,57,54,-41,-79,-90,-94,-39,3,-24,-73,89,-36,24,-11,-20,52,94,64,-84,42,18,99,-96,-14,-80,-3,35,-86,-85,71,7,23,47,-13,-39,69,23,-4,29,29,-60,-40,-10,20,-15,5,100,88,53,31,22,78,26,-77,16,-98,-11,-25,-50,-56,-42,47,-88,71,-25,-89,88,-96,70,36,36,-15,76,49,33,51,-24,72,38,-60,-31,-60,-22,84,45,41,48,40,90,4,-29,10,-61,14,18,58,39,87
28,21,14,100,46,13,51,-5,72,22,-58,-54,83,11,98,60,-53,-62,-9,-3,-27,-18,-9,-73,-63,-64,14,-89,78,-37,46,-12,-69,-90,-79,43,-15,95,-70,-6,85,-45,93,-89,-81,-69,34,-73,-81,-5,-58,63,-11,42,-69,-53,-27,-80,55,-97,-5,5,-93,-46,-27,20,-73,79,-45,34,52,73,77,58,-19,-86,30,-3,-56,82,81,-5,-53,-55,63,-8,-100,-65,-68,3,57,-91,-89,91,-67,92,85,-84,-42,-73,20
-70,24,40,29,37,39,-46,5,-6,95,16,-18,77,51,-81,42,-36,-54,-37,32,-34,-84,-95,-93,-27,59,-87,43,-70,12,65,-53,52,-1,-65,3,96,72,-59,-78,-15,-5,-35,69,30,77,100,-18,45,47,-7,-39,56,-84,-47,5,-30,-3,-4,-70,-42,5,74,5,-52,82,22,27,99,70,49,-67,58,27,21,-52,4,25,-93,51,14,-65,17,-42,44,80,-45,-57,76,72,-21,49,91,-68,16,-85,32,-42,-97,-2,-53
-65,14,98,39,57,-21,47,92,-97,76,39,-41,5,27,13,45,-84,-26,86,54,-28,33,-2,-89,-85,51,39,63,98,39,-86,9,20,96,16,39,56,38,21,-61,-12,-75,-89,5,-81,-48,-76,-95,54,61,40,-2,-62,14,-19,59,41,-64,-53,-77,97,48,-83,38,2,-12,-95,16,-42,69,12,53,-28,13,21,-51,84,56,-36,-66,-34,-84,2,29,-32,-17,-54,-23,28,24,-95,-4,65,-97,100,6,-42,-59,-31,-72,-36
-30,-42,-82,-89,-58,-22,-3,51,83,-6,86,21,14,-18,9,-31,100,3,-65,67,-25,-85,74,84,-49,76,-96,62,55,55,86,90,55,-73,-28,-90,-62,-92,0,-44,80,68,-94,54,4,98,63,-100,16,96,71,-68,50,-89,32,-34,-53,-78,79,-41,11,93,-86,-76,65,-31,7,33,-98,12,-99,-65,-74,12,36,-30,12,23,45,-8,12,-29,-99,38,94,-67,17,30,-5,33,13,69,89,-77,-53,-90,57,24,-97,100,69
-49,19,74,-77,-80,38,-77,-19,-6,18,53,-100,-95,80,24,61,-46,33,1,69,94,0,42,-55,-7,-51,61,-20,10,-100,41,11,73,67,9,12,-53,-76,-8,35,-71,63,29,19,47,9,53,-51,85,75,61,38,3,-51,-37,11,16,-1,-76,96,-94,21,-74,99,38,-31,51,42,37,58,-40,-35,38,37,-80,-6,29,14,-39,-25,12,-89,25,44,10,5,-94,88,53,27,-44,97,21,73,-89,78,-81,-7,-88,-11,22
40,76,13,-56,35,-2,89,68,16,82,26,-65,-88,54,83,39,48,-88,-32,-50,-55,76,52,-98,15,-75,-31,78,98,-49,17,-96,40,33,-13,71,-9,91,73,-65,62,-65,-22,-97,92,-88,87,-33,80,-99,16,90,-50,80,-79,-57,25,-84,-41,21,1,100,27,35,70,-100,-86,74,60,33,3,58,-58,-75,44,-100,-66,-35,44,-98,14,43,82,3,-94,12,34,-34,-60,-37,-71,-80,48,89,-98,-10,-92,45,53,-83,7
19,60,-25,13,80,-67,-22,-4,-14,-33,-56,68,54,65,-43,-6,-95,11,49,41,-93,3,86,-48,93,49,11,-1,77,86,-86,8,45,80,83,62,39,-83,-21,43,-86,48,99,85,33,-96,75,-19,-86,-20,54,-73,19,-64,11,83,-54,32,23,72,-13,34,-93,-61,-77,75,81,56,-31,-89,-43,32,54,-80,75,-45,-46,-51,84,-38,-15,-78,61,26,-60,-13,-95,-67,80,31,54,40,50,-40,20,-67,76,-41,-23,9,-40
-45,39,-47,-39,-93,-44,-23,-83,-65,16,26,85,-5,-68,-82,-18,-25,22,-18,-46,28,79,56,64,-25,11,21,-20,91,55,39,69,-76,13,-92,-50,-34,-86,53,-50,92,-39,-98,-95,-88,-49,1,11,70,-13,-28,-17,57,-98,15,72,-60,-35,51,-88,-17,-92,55,33,95,17,15,42,70,-8,20,61,-92,-49,-34,12,26,84,91,53,43,99,86,58,-42,-61,27,86,72,81,51,-79,-82,38,41,90,26,-62,93,52,45
39,-72,-65,-73,-50,-67,-10,23,-8,11,95,-91,67,-67,-49,-64,33,67,40,-99,75,-7,43,26,-26,-3,97,-49,26,-21,-10,84,-33,-65,-30,-1,-82,-79,43,-68,-34,14,-59,93,100,91,-44,-39,-90,-14,-46,-25,-18,87,-85,16,-81,56,30,-54,-93,-76,-46,20,-36,-79,52,64,37,-85,-42,35,44,-61,-23,46,95,-26,57,-6,-84,-60,18,-97,72,-65,99,-28,-47,-79,-93,-100,53,-56,87,90,-43,56,68,-81,78
67,19,-18,5,58,-7,8,-96,-46,41,76,83,47,-61,33,-100,4,-56,-96,2,-30,-70,-87,59,-57,46,-66,44,75,73,11,36,41,-78,-39,-44,23,-39,-32,5,-61,-72,36,-92,-59,23,-72,17,-65,-31,37,-44,-6,-54,16,-70,77,-23,-23,-88,64,-87,87,-34,-15,-82,-46,50,-77,-48,-45,-100,-33,-10,70,-63,63,-41,22,63,-7,-74,47,40,-53,-24,-43,-53,96,-51,34,-6,100,-32,-48,45,21,80,-81,-45,31
83,88,32,9,-79,40,69,68,-19,15,-16,59,38,99,6,54,-72,-96,67,34,-93,-34,-90,-11,30,-71,86,-27,21,-62,58,-20,-89,85,47,68,42,23,-2,53,55,-7,73,22,98,93,17,-69,-75,-57,68,67,-60,42,78,-81,68,-54,-49,98,19,-31,71,-98,97,-10,37,-80,31,39,62,-30,95,31,53,-70,-49,-8,87,54,-8,-61,-35,-39,93,-30,-91,3,-66,-35,-19,-81,-52,41,-41,82,-5,33,59,-32,-7
8,53,-18,-98,72,-40,100,77,-36,-13,-9,-16,16,-70,40,-7,-79,-100,-80,6,15,58,88,4,53,96,-47,21,98,-34,-64,8,-73,-72,-3,-54,59,-65,16,-65,73,-51,-3,-95,-57,-18,31,-51,4,-24,-65,0,0,-57,78,51,-31,-8,56,87,-63,-51,52,32,-90,-80,59,11,-90,9,-10,-88,-96,92,6,59,42,-60,-22,52,67,63,10,-58,-7,-77,88,49,8,-74,-53,50,-93,41,25,68,-74,-12,54,95,-2
34,-19,-81,61,90,49,-44,87,26,-67,91,-62,-77,31,-69,38,10,-58,-78,33,-81,100,92,96,-54,-86,-37,72,100,100,-15,-8,-42,97,-84,14,-53,44,38,-5,22,-48,5,94,-49,5,80,-23,50,-76,-73,-40,-58,-95,50,89,50,-2,-59,-24,51,90,75,-75,74,-3,16,-1,81,2,63,-93,71,-71,-90,-63,-69,71,-52,-88,-2,-53,-37,74,21,88,-93,55,-5,-94,-72,47,45,47,87,61,43,-93,19,-65,-57
24,34,78,-71,48,70,-29,10,-95,31,-100,30,2,5,62,-11,-82,46,-66,40,-46,90,-90,32,49,-61,-48,-19,-61,4,-72,-89,-68,-81,37,8,-87,27,19,-6,43,47,20,-19,-21,-76,16,48,-73,7,-11,-15,39,-75,-76,-9,25,-63,41,-14,-79,17,100,14,-48,-57,34,-32,28,-33,13,32,-92,-3,28,12,-54,-80,-98,-64,-36,82,56,-18,60,5,56,-84,-75,9,63,63,45,37,47,53,12,68,70,83,-100
98,83,-14,86,-48,79,-29,49,-52,70,19,58,73,7,-81,-46,24,86,-12,26,-13,96,21,14,-33,93,57,-44,52,27,-94,-94,-89,99,-96,-92,-81,-3,27,82,26,-41,38,26,90,-45,-38,-23,-15,-66,62,-21,-48,7,20,49,79,57,17,3,-33,-3,-43,-38,27,-85,70,-84,41,81,60,-19,42,-39,-42,21,97,4,77,-76,-63,-39,-26,61,-24,-92,-47,98,-25,-2,42,-29,-64,-6,4,34,21,-56,6,-61,25
-42,80,-21,53,-91,-82,44,65,-93,-73,-20,-38,-46,-47,27,-16,-91,-60,65,-90,-82,50,-96,-11,78,-26,-62,1,-2,-41,79,36,-23,66,44,52,49,-3,3,49,-11,-26,84,53,96,32,-87,91,-72,16,95,95,-8,46,-50,69,83,29,48,68,-82,-59,-87,19,62,88,-19,-24,93,79,-66,40,46,-29,3,-76,84,59,59,0,-24,-34,-15,38,-59,97,-86,-67,2,93,51,-45,41,18,-77,-11,87,-74,70,-3,-23
-86,25,-77,80,23,-56,3,-40,-21,93,-11,-34,-25,-33,-22,-3,-98,26,83,-71,19,-5,2,-33,-41,90,-31,-82,64,-47,37,67,21,-63,-25,-55,-4,68,68,24,45,16,-13,52,-23,46,22,-37,-65,-64,-65,1,-77,0,-36,-42,8,-78,28,72,-20,-98,-44,-78,69,65,-71,54,-88,-39,73,23,-38,-61,-39,19,-91,93,23,57,97,-4,47,92,-74,-81,-20,71,92,64,-82,8,-47,-3,2,-56,-14,100,-38,23,59
93,-35,47,-9,-39,-82,-93,87,-39,-70,60,57,-14,-16,87,11,-65,-46,-67,-1,26,32,32,-97,-96,49,17,1,-70,6,-37,-70,-55,-64,24,-9,-15,-86,-82,-27,-81,-13,-10,-2,60,86,-17,80,81,-76,-27,-1,56,-74,-63,-18,58,-33,-45,-34,-13,-72,23,-84,-42,-67,87,89,-99,12,-82,-57,-2,-38,-5,-36,30,-46,-97,-22,37,-61,-66,-58,-52,73,65,-34,80,-6,-74,14,-17,-61,57,13,74,3,-27,-6,66
-48,48,-5,0,-54,64,-69,44,73,95,-3,-14,8,41,-10,48,38,-40,-81,23,78,85,-61,-100,-46,50,0,10,60,13,-59,61,-70,35,-50,-4,-22,-71,28,-49,-98,86,31,60,74,-10,97,-69,-30,-1,-73,49,-93,-81,-17,91,-41,97,77,-4,-48,99,-22,-35,-82,-6,78,56,78,87,7,11,-81,86,-81,-52,-26,32,-41,-30,-30,7,-14,-8,23,-66,84,-18,86,32,53,79,24,-69,-66,-24,78,38,71,-41,68
14,-78,79,78,-58,-39,33,36,2,8,-93,-55,71,56,-67,86,29,-78,84,13,88,-11,97,33,-59,-82,98,56,11,-85,83,-27,91,-58,70,86,52,62,-92,77,66,99,-20,22,-79,12,-74,87,-63,32,-9,81,53,-81,-81,3,30,-99,25,-70,35,-74,-49,-77,-40,23,6,-86,60,41,57,79,-86,99,-2,87,-1,95,-73,2,-60,-31,-67,66,-5,-57,89,-47,-89,-26,-69,-24,-13,56,-87,-24,59,54,28,-73,79
65,83,10,-51,34,7,-1,90,15,-17,26,-72,-49,-95,-26,21,14,-68,21,42,74,75,-97,-38,-97,-67,22,-38,100,-88,1,-95,82,59,-80,4,34,-19,60,-93,-30,-46,-76,-63,-96,40,-28,45,-66,5,-65,76,7,-21,17,69,10,43,-81,22,76,85,23,-20,51,-14,78,-66,-8,-69,-63,-17,-7,57,-83,39,-19,64,14,70,23,68,48,-11,69,-19,50,30,82,64,24,56,49,51,92,89,53,-49,94,56,87
11,16,-10,-14,-48,12,62,-70,91,-9,-10,-12,-26,14,69,-77,36,-96,-51,26,14,-99,49,-14,-44,37,-60,-16,-49,57,11,26,-11,89,-59,80,87,41,-92,25,95,-16,47,-5,90,-33,64,-69,-71,-64,-29,-20,-85,45,-72,44,-96,-13,55,4,-17,12,33,37,65,47,-31,-29,-4,-47,-24,-50,7,-89,-85,2,-37,-50,-88,-92,-20,73,-42,32,-91,-75,99,-97,-63,-73,-35,-46,-23,-82,2,24,-87,4,72,-24,10
-73,20,37,-64,0,-78,-73,-58,93,20,16,-65,46,84,-26,-3,83,81,75,29,82,-76,-29,26,97,58,3,-62,-74,40,98,27,57,-40,35,-74,67,46,17,-27,-69,7,-15,66,-15,65,64,42,-78,41,79,68,35,-65,80,66,-9,48,50,83,-85,55,-72,-14,41,-39,-77,-59,66,-66,-91,86,-61,-58,-98,39,34,-39,41,-15,65,31,100,-82,90,-71,22,97,22,-4,91,-15,-34,21,-19,-91,-25,87,54,47,69
69,-66,46,46,83,-45,46,-51,1,-67,68,97,-94,42,97,-25,33,-23,28,-36,50,-65,84,-52,51,35,51,-64,57,-73,90,-80,-99,78,-46,60,73,-66,74,-79,2,-37,-33,-83,74,62,-19,-33,49,42,-88,60,48,3,-33,55,-9,42,-48,43,-39,17,65,2,44,-80,3,92,89,-2,6,-48,-31,-59,28,53,-29,30,-61,69,-73,44,26,47,46,31,-39,99,37,-20,82,4,95,-39,28,-15,49,-90,-29,71,75
-34,0,80,9,66,-8,-79,-3,66,-30,-49,-11,-56,-1,69,-93,86,41,37,6,67,-68,78,1,-7,-63,66,-91,59,-18,20,-65,44,82,-69,-83,72,67,-29,70,-95,16,-14,-45,-42,42,62,-87,-20,87,-73,-87,-80,87,93,-10,16,-37,34,-91,-75,87,-53,76,-98,-15,-75,19,-67,54,-34,-63,49,24,24,-38,-31,92,83,86,32,-57,14,15,-40,80,100,2,-79,71,-79,86,-12,3,26,0,66,-53,-22,-86,-48
-7,21,-5,96,-67,-70,84,-16,47,94,62,44,-93,-97,36,2,-45,84,-45,56,15,-20,-78,-47,-3,43,-86,30,68,-76,81,44,-53,27,86,34,60,-92,-48,14,79,9,35,-2,-97,6,-39,-9,-83,71,-65,59,43,-42,-6,26,-43,15,-40,34,37,47,23,60,-4,-62,-15,-48,-27,-4,-88,21,-71,-56,-5,-84,-18,-9,-32,-15,-25,55,94,9,-27,4,-68,-71,-27,-76,-55,-26,-73,58,85,-72,44,65,-33,43,-8
-27,-83,49,-70,6,-20,2,-43,-75,-89,-52,78,39,-78,-29,-14,-38,83,88,-17,-85,15,-48,5,-55,56,42,-88,-91,-21,-82,48,-83,7,24,-84,13,-7,27,98,-41,38,-77,24,-37,-52,-12,21,-21,-14,6,-95,-68,-10,67,-25,62,73,-64,29,-16,76,-26,-72,-24,-23,-91,-31,87,51,-65,43,75,45,10,90,-84,77,-14,-26,-34,84,87,77,55,30,-42,-8,-79,-1,-65,-80,-15,15,29,93,12,10,-81,-91,-29
15,-24,-20,76,9,3,-54,92,-86,-44,64,1,-2,-32,-28,-93,24,-30,-88,-73,68,89,-92,31,-30,-20,-100,71,49,39,95,9,36,87,-1,-65,4,73,-78,-62,68,78,-36,94,41,-81,52,17,70,75,49,65,92,78,-68,32,-70,-23,-45,63,-28,-90,93,32,68,-47,66,38,49,-86,48,-54,77,38,-63,-70,-78,-63,49,-43,9,-5,12,-84,-27,-76,-87,-23,1,-48,88,-100,80,44,-2,32,41,-45,34,78,-46
-9,98,-96,-97,54,100,23,13,-40,-36,-41,47,-21,-35,-24,-16,87,81,-43,54,40,-85,85,8,82,10,37,13,100,-84,-78,39,8,71,-74,43,39,-89,-76,55,54,-86,-67,66,-31,41,28,-40,-97,-50,97,-54,-21,-4,-16,13,-59,-30,-67,11,15,23,-82,83,54,-87,33,-94,52,97,96,-19,41,98,46,99,-35,-7,-44,-23,71,92,95,-56,6,-40,-36,-81,-92,35,50,70,34,-75,77,-44,18,-18,82,-67,52
58,-93,-94,35,-95,-97,26,97,76,34,-96,69,-83,83,-65,-17,22,23,-50,-19,-52,60,-52,15,-7,74,-21,70,15,-12,-74,34,-57,69,52,-99,-17,-100,-39,-94,28,52,-68,-68,-48,41,-68,-75,79,-71,74,-82,7,84,49,17,-89,-72,31,8,-68,75,16,62,-87,-88,-87,-8,-60,-48,16,33,-11,28,-1,76,69,3,-56,44,-25,23,38,58,-100,43,51,-73,92,-19,-50,-22,-87,60,-77,-88,80,46,-46,62,77
-14,-1,16,88,77,-9,-85,-94,-23,45,64,-91,-84,-100,-44,-66,51,20,17,-27,34,-8,47,-97,76,-72,-80,-37,-70,47,-79,85,36,-23,1,45,-32,16,-77,93,29,33,31,76,-1,-77,72,75,92,-98,-61,56,-46,90,7,-79,87,-13,-23,-79,-97,-39,-29,-43,19,78,-3,-31,-6,71,43,25,28,-69,-40,-65,94,-95,-99,49,2,52,65,99,-8,34,-47,6,7,-19,59,74,17,7,95,-47,91,54,38,-79,50
-65,-77,58,-62,34,-52,99,16,50,-28,45,23,-100,-97,-28,-12,79,54,45,-83,20,-33,61,93,80,-48,-41,34,8,-60,-2,63,61,61,-55,32,93,-4,24,0,85,95,-33,82,69,-34,81,8,62,85,48,84,-17,-49,29,-24,66,-95,-5,0,-68,76,-74,52,46,-13,-100,-89,-38,6,-14,-14,-89,78,-48,-8,55,-84,-52,37,88,48,-25,-49,-29,-1,-58,5,14,59,84,-23,-22,-49,3,62,-27,55,47,58,-65
39,38,87,46,-77,-79,-70,-38,-79,40,37,32,48,-78,5,52,34,39,-85,-39,-9,-99,-5,19,69,-50,-98,63,26,26,76,-32,-2,-76,-35,-98,-61,-93,90,-27,-40,75,-9,-91,-15,-46,88,29,-24,49,-99,57,97,49,29,-26,-50,9,19,-67,53,87,39,41,-48,12,-2,-27,-59,7,-31,63,-81,62,-95,96,-86,-32,34,16,-90,27,6,94,-60,-15,24,-80,33,91,-54,-30,66,41,-28,87,47,-85,-79,97,51
61,34,53,25,-75,23,-20,-52,-83,-2,76,86,-74,51,30,86,-53,-44,-39,18,3,-14,-93,-3,81,-70,-53,-34,24,3,12,65,-56,59,-20,29,2,30,2,20,32,-16,-47,-48,57,62,-62,-60,21,-4,-54,-66,-65,-12,18,95,25,-3,68,73,-52,-68,-60,-56,-99,-94,-95,-98,-81,10,-5,-79,-68,-51,21,91,-76,57,-60,53,45,-72,54,-84,-17,29,-9,-85,-79,10,-42,63,77,-20,70,-10,-78,93,2,-76,21
9,90,-83,-19,87,-85,32,-36,27,24,-45,20,75,-1,44,-20,-77,99,-50,-96,-18,45,-82,80,-87,55,23,-3,54,55,4,90,-94,-85,81,35,-7,92,-9,16,-29,47,-46,73,62,-70,-55,-81,-23,-44,-52,34,69,63,-36,42,-24,-11,99,-66,-72,-83,-28,-9,-45,78,-10,76,-59,39,15,-81,90,76,-51,11,-64,-8,-63,30,-57,-32,63,-58,-57,-95,-10,-93,-1,-25,-19,44,-8,-23,77,31,94,19,75,-50,-59
-92,21,55,-12,78,-67,-36,-31,91,-26,72,22,11,-89,-54,79,50,20,17,54,17,77,-73,-44,11,79,-14,8,77,17,-63,-36,-17,3,-76,-27,29,-77,-40,81,66,-92,-31,-65,12,53,-32,12,62,-92,-17,79,12,64,-70,4,-32,-35,52,19,-31,-94,11,47,53,-55,7,47,-22,-18,12,72,-68,-85,86,54,32,56,-87,-47,2,-76,-7,-49,-53,-4,100,50,-37,100,44,41,83,-40,35,-100,-60,57,-31,-74,-96
21,79,38,-23,-50,-16,-11,-65,6,-41,78,-29,-39,87,88,-14,-44,-72,-30,-23,71,40,-11,-41,-83,-28,7,-93,86,-94,68,32,-11,-18,-51,5,-15,29,-97,-87,-63,-40,95,-2,-80,62,52,64,82,44,67,76,48,-30,1,-24,2,-11,0,-33,-88,-11,19,-20,-39,30,7,-39,-5,74,-28,62,23,-40,-64,21,-95,-31,-17,-60,-12,-8,43,72,-20,-29,-40,70,-83,60,-21,-21,33,41,0,39,50,-91,-10,52,-68
27,12,65,-80,38,31,34,-49,7,-30,63,4,-89,45,-44,-17,-83,-9,-7,-59,-31,54,0,36,-11,50,-6,-26,-76,66,-99,-91,-20,69,-42,66,85,84,-9,41,-44,-45,-17,7,-5,7,48,12,-38,-17,25,63,46,48,-13,-39,-4,54,80,-55,82,-4,10,46,32,-90,77,-66,-98,25,54,-25,-85,74,-46,98,-39,-65,-7,78,-39,-32,-47,75,-23,57,100,-61,63,63,-44,-68,-81,24,-76,-91,-69,54,-25,42,-30
-28,-35,-96,64,-12,24,30,-66,-36,-75,-32,-72,-49,-1,69,-67,-27,-86,85,-88,20,63,-80,-85,79,66,-10,-76,86,-51,87,25,44,-11,-62,-82,88,-26,-21,-77,80,98,0,-60,-59,-58,95,-21,87,88,-36,-72,88,87,34,74,0,-6,-27,-26,-64,56,-21,96,-55,-87,-30,26,-88,91,-50,-22,97,-94,-96,-30,-58,-62,21,-5,91,-78,13,64,-7,0,-99,94,-94,56,99,30,-8,-46,-26,-91,-75,-90,87,-27,47
-67,20,-73,96,5,58,17,-6,94,-26,-71,-94,-87,92,-15,-39,75,55,-78,-85,-61,-95,-38,-13,-51,31,42,23,68,-21,-67,-85,-59,50,83,-52,-69,20,55,100,-32,46,-25,-15,68,-61,-68,72,-13,29,61,-63,-80,-25,-57,36,-73,-69,-23,26,-62,-59,73,92,-62,87,56,78,30,54,-22,-59,81,68,97,-18,-51,-80,11,51,58,-7,28,53,74,44,29,-85,27,73,86,81,6,54,-13,-97,56,-23,-69,-96,-37
23,4,-81,31,32,43,14,-71,-38,19,-74,83,-80,-18,54,36,41,-33,92,29,-40,51,28,69,-63,39,26,-14,78,99,-43,-19,-56,80,74,-92,-82,59,48,7,-24,69,-8,-43,48,74,94,71,89,91,51,24,41,62,-15,11,-97,40,85,-14,35,-91,-5,-49,23,-23,-21,68,-98,-60,-61,14,-52,54,-11,65,82,-76,54,12,50,27,-4,1,15,80,-38,-32,-17,-23,-99,96,90,-76,-70,-45,4,1,79,-6,-76
81,-43,-87,-10,-41,87,54,-65,-45,-31,-52,88,2,84,19,34,-22,-9,-100,-50,-55,37,-94,30,-63,49,-74,58,-46,-2,51,-10,55,-20,-44,-40,59,5,-4,83,6,9,93,-18,-38,-83,-76,-3,-55,-71,-41,0,-22,-60,-15,-99,-27,15,-73,71,-7,-68,47,-25,59,95,90,2,-92,28,32,-14,-93,46,4,18,-73,76,-16,90,74,-47,-11,80,-3,8,-61,17,-52,-11,84,-53,30,27,-49,-28,26,-85,-84,-17,16
-93,-46,-95,-66,70,12,41,0,37,-18,47,-46,-43,-78,-70,27,66,76,52,81,-19,-33,-3,56,22,-24,-8,5,25,-20,41,-54,18,-14,-45,76,21,-89,61,-95,-83,-94,75,85,48,16,-82,100,5,-27,80,-22,11,100,-61,8,84,82,-60,16,75,74,-14,-48,-73,-68,11,-29,38,4,11,-17,38,-84,-8,30,-50,49,61,-4,0,-10,-91,-44,89,62,-18,33,-3,99,-38,15,77,-64,-26,-83,-98,-52,15,92,18
37,68,84,21,-70,74,-5,-80,96,2,-67,-87,-4,-78,-44,-1,-90,-24,26,-83,-95,91,97,32,-85,-62,9,37,84,-82,93,-57,31,-10,65,-6,-96,84,-12,59,79,-77,28,70,-34,-74,-16,38,-64,-13,40,12,-12,92,35,-27,-83,-53,74,-31,-38,64,-4,73,-65,-14,-53,-85,42,74,-42,60,-24,-61,30,-19,34,18,73,69,66,24,-32,32,68,-63,65,87,32,-8,27,-64,84,22,-54,69,36,-13,-93,40,-46
