-60,-17,100,78,-7,85,91,-40,-99,-30,-87,28,89,18,50,-40,64,6,70,26,38,-64,-33,85,-3,71,-63,-74,-32,10,-64,-50,47,-41,-42,2,37,25,-50,56,48,-55,-83,18,-62,80,99,24,34,-84,-31,-93,96,46,5,-17,0,79,61,-99,-14,60,-63,-10,96,0,77,-26,-61,29,14,54,-78,-70,46,85,27,61,-33,53,-70,62,82,2,-3,-38,-77,88,24,60,-73,74,-13,-96,-89,-43,21,88,26,66,78
12,9,-20,5,90,-41,70,-33,-60,63,-23,24,99,-53,-68,-98,-73,46,-14,-60,-52,-83,0,-69,-59,64,80,3,-68,-92,-13,-35,6,-58,26,-59,-3,-70,-64,2,84,-62,-32,-71,-45,17,9,15,40,68,-75,32,-89,13,-96,98,-93,1,-11,11,83,72,83,-53,29,11,57,34,-33,33,-85,48,-44,58,97,74,-63,61,63,32,-64,37,-98,76,94,45,-34,-16,51,88,61,61,36,-31,-51,34,34,66,23,73,89
-57,-15,-41,-48,85,-3,-45,-10,-29,-97,97,-21,-83,-84,-42,-95,-59,10,-76,54,-76,-89,80,-4,-21,-10,-82,45,29,-44,4,54,-71,92,-20,50,56,18,-77,-35,56,30,-5,83,36,-3,100,13,-85,-93,33,-47,38,-53,84,54,-3,-42,-72,-4,47,-12,-35,-88,-60,2,-95,73,10,-21,89,-64,41,29,36,-8,-36,27,-35,-70,-62,6,-36,71,93,58,30,-11,70,-84,14,-95,24,-86,11,-56,-73,17,-55,32,-88
3,92,-20,97,6,0,-81,-44,72,-67,53,-95,51,78,63,-24,-69,49,67,22,29,-79,31,-28,-87,72,60,-18,55,-43,-39,1,-85,64,21,36,30,-87,51,-44,-61,-42,-87,-1,-49,56,47,-24,-41,-40,60,86,-69,-81,69,65,-17,-81,-63,-82,-53,-76,64,5,63,47,-43,-66,-92,88,-56,-50,-5,-59,60,-33,-17,-78,73,70,-5,58,-65,-58,69,-40,74,-84,-63,40,22,73,76,-37,68,-41,5,29,21,-37,-17
-86,36,91,98,58,-70,-66,-8,-62,77,99,73,-90,34,-65,54,42,-16,-34,89,89,-61,87,33,37,-97,76,7,-73,32,-83,-9,-81,-37,-96,-1,50,69,3,-26,-70,-38,-36,-79,52,-46,60,88,79,-35,-29,62,66,-38,73,-99,-29,80,91,-87,-20,83,1,-90,76,-20,-88,100,-61,-49,-50,92,-55,41,10,66,74,33,-100,-37,25,35,-43,79,54,67,64,-36,-1,-51,-32,-31,41,-15,40,92,88,15,-17,-15,-23
-98,-88,-61,-78,0,-93,42,-37,-52,52,87,-54,90,-44,98,34,44,-89,-32,56,37,-40,-1,1,-26,86,-23,79,-94,14,88,68,-75,-79,-7,-58,87,85,18,-61,33,-96,-77,10,-72,83,50,100,44,16,-43,45,-82,-62,-42,51,91,-89,91,50,-16,50,-87,32,78,77,18,80,70,-27,22,68,79,-67,37,-52,21,-53,8,-70,-56,-78,-40,16,-76,75,-89,-4,46,-24,61,81,-82,88,-90,-40,-43,-42,-91,35,-85
-94,-80,-65,-24,68,16,-29,-39,93,93,-90,34,-95,73,60,87,66,82,-70,-16,92,-67,87,72,65,1,76,-61,42,82,86,-55,58,-3,9,-2,-14,75,6,-41,42,32,45,-34,-27,-82,-10,-9,27,-67,-26,-92,-40,-93,70,40,26,-12,-97,41,-20,8,1,93,-65,-19,68,-6,88,81,-5,-22,-52,-48,-67,-91,71,35,-84,-24,-52,58,-74,-25,9,-72,-67,55,-19,-88,6,46,-52,-19,73,65,-27,15,30,49,-23
8,-27,-49,12,76,72,64,46,98,-76,100,-18,-44,-58,-14,40,9,76,-57,42,-27,81,-46,-77,-97,98,86,-58,-76,61,-76,36,89,65,7,17,-52,-5,10,10,-20,-55,88,-48,-47,-47,-88,-90,-9,75,62,36,10,98,-55,61,92,51,-93,-17,-64,-8,-37,-61,-67,30,33,-5,2,-36,2,-5,-3,-72,-66,-18,-87,-41,70,67,24,-54,-88,-56,-92,64,-65,88,-54,17,93,-61,79,-6,74,45,-19,43,-34,-61,-64
-81,-1,35,-99,62,90,52,-9,-31,-71,24,63,-33,41,-3,-21,-76,73,-33,25,37,-28,32,11,-39,58,-47,63,-27,-32,11,7,-41,-55,-86,99,-79,41,72,-87,-70,-36,-56,-3,7,-53,6,33,90,45,-85,-3,87,29,63,12,0,74,-51,-90,-99,17,20,89,78,49,90,-24,64,-16,64,-15,-40,55,-88,-39,75,-67,-80,-60,44,-76,3,-22,59,-98,91,-46,86,58,-92,-97,92,-54,86,95,-53,-27,-42,-70,-81
5,-19,36,78,2,25,35,53,63,49,-5,73,-73,-67,-49,-90,-59,-14,66,52,-42,59,-43,10,56,36,70,-72,-66,46,-88,-28,-30,41,-72,43,83,-24,66,-61,7,86,58,-46,21,-11,99,-45,-49,97,-38,-62,-85,-77,1,98,-53,76,52,-34,-56,-95,43,61,-17,-65,-7,-65,-87,49,7,33,40,-17,-82,30,68,-19,-50,66,39,86,-79,-53,3,37,-73,-95,-40,30,-1,60,88,56,12,19,-63,-29,-7,27,44
71,-93,-56,81,-98,-7,10,-32,-35,94,-73,-88,18,73,72,-81,-11,-52,-38,-71,16,-72,-7,-25,100,-64,26,29,-34,-19,88,-24,-32,21,-95,-76,4,-73,72,93,-42,40,-61,-65,-67,-42,97,-67,10,14,59,4,92,100,-33,2,82,-80,-57,23,34,69,49,7,57,-22,59,-23,-63,-76,1,34,92,-50,43,-58,42,-43,37,89,61,-85,30,-23,98,33,-5,31,20,52,79,36,33,19,96,75,-36,9,-60,89,38
25,-48,-92,-39,91,-10,20,-37,68,65,-8,-20,-92,-93,-78,-75,87,-42,-12,54,-53,-87,-84,88,-27,12,81,-70,99,-41,-70,-39,-74,29,77,10,92,-63,1,46,98,-42,-35,39,6,44,-4,-24,-71,78,-12,-80,34,-95,14,32,26,92,-70,80,75,87,-44,-62,21,6,-25,79,-32,-63,62,29,-38,63,-2,75,6,-10,-51,-38,90,41,-68,9,16,-27,55,-25,12,-53,-75,93,30,19,-26,-25,90,-69,-91,-42,-20
-80,-9,100,76,58,100,97,44,-76,-7,-6,-47,-2,39,-46,-11,30,-99,37,-80,21,44,-3,-14,27,-98,-16,-15,43,7,83,6,-56,41,-37,-13,57,84,-11,-96,18,29,-29,-50,39,47,75,33,-36,-38,93,-88,26,-36,-39,-88,-43,-94,99,-17,-99,19,-93,-84,-14,4,-14,41,-56,45,9,-77,-90,-47,-5,-99,-65,49,0,-68,78,29,27,-30,-97,-11,-89,43,22,-25,50,58,47,-80,-74,48,46,-31,-33,-50,-21
-50,6,-78,67,31,-93,-91,96,19,-20,41,32,68,44,-77,-54,-71,14,-2,-68,-19,-28,-43,-8,13,-91,8,-22,93,26,92,-29,62,-10,-84,-53,61,-22,84,31,-80,15,-31,53,89,5,-74,-62,63,-16,-72,44,71,-43,9,100,84,40,-55,42,-68,42,53,81,67,-96,-76,-91,-99,-42,-13,-12,-93,-84,99,-34,54,24,61,-46,88,-99,91,87,-23,7,3,66,30,-54,54,-100,55,-29,94,12,-9,63,-71,-83,39
92,28,-61,-99,77,-59,77,32,6,-75,84,-50,3,-33,-75,-83,6,-65,-46,-40,56,99,61,-56,31,49,-88,-70,20,-66,-84,-21,64,-51,-65,60,-99,85,-49,75,68,-40,-40,61,-58,64,43,-69,-55,-10,75,93,-49,47,51,51,80,41,42,-61,85,53,68,-8,89,-49,-1,53,-37,-49,79,75,-42,-26,-97,66,-24,2,-37,1,-11,-54,-48,67,13,-32,94,56,-59,2,-59,-93,-57,99,20,-71,53,35,-76,-45,-65
78,-97,-78,-9,42,62,-1,67,-94,32,-42,-11,-78,56,3,97,1,64,85,-18,-65,52,-40,29,62,-1,-49,-52,-45,-8,-68,-66,-37,84,-34,-78,66,14,-63,-22,-86,-14,-76,-68,53,-27,-42,46,-18,89,90,70,-40,92,31,40,-35,93,64,12,48,84,-67,91,-62,73,-97,-19,-36,-58,-23,-98,11,1,-97,69,-10,-41,-53,-13,76,-30,0,-40,62,-31,25,97,-4,62,-94,3,-85,88,7,-53,23,-10,76,92,-45
-44,41,-1,77,91,-19,-98,97,70,-50,-70,-81,-44,66,-72,-28,-7,37,-27,62,-34,48,89,69,-6,-78,-11,-4,-29,-71,20,-4,-70,-94,-78,94,-8,9,-91,8,-82,70,-45,-15,-57,92,85,59,74,-85,89,-93,23,2,-39,9,86,25,-95,-35,-72,-54,9,100,-46,21,-49,6,61,-95,-29,9,-32,97,62,-55,46,27,60,82,96,-87,6,-53,-95,-52,-5,-85,34,-22,-93,-50,59,40,-90,74,44,-22,47,27,82
-48,-10,84,-69,-1,-9,-99,6,-98,66,36,13,91,-77,-100,18,66,68,-95,21,29,-75,71,91,94,45,71,24,55,32,-30,-41,91,54,62,-37,-84,71,-92,36,32,-16,72,-83,70,64,1,-95,-31,74,39,38,72,-32,-47,-39,-22,-23,73,-40,31,13,4,21,-17,20,75,-75,63,20,-27,98,-11,-67,40,-70,10,15,-3,7,80,58,-50,98,84,45,-91,23,28,-27,-36,71,0,38,75,61,-83,77,-83,59,72
-9,-85,-28,-42,90,30,32,39,-79,23,-63,-52,-24,-82,-95,75,51,-39,-28,-32,-15,75,-70,22,-28,-64,68,-77,45,-37,-53,-62,-13,-99,-43,39,55,79,-55,44,-44,-1,-21,-32,46,88,-29,-85,-82,50,-42,-74,9,45,-70,-12,-38,36,63,96,30,65,39,-20,-21,-43,-5,85,62,-70,-55,-16,24,47,-56,96,-35,-99,54,5,25,96,28,-32,30,40,-95,13,68,66,-59,-57,22,-47,-58,43,42,-57,-3,-43,55
-70,72,8,30,-71,12,66,-47,-8,-87,-37,-93,30,96,-72,-21,-36,-25,85,-66,-72,-4,-67,-12,-42,-95,66,3,5,4,13,69,80,-30,-4,22,36,86,38,58,-16,15,75,-89,33,-71,-68,77,-12,45,57,-95,1,16,-80,-86,74,-83,-10,-53,-95,55,-43,-30,-95,-77,45,82,99,53,78,19,49,91,57,-14,13,62,94,-11,84,60,-11,35,88,89,83,12,42,7,-54,-71,-6,55,79,83,-2,93,99,79,-79
-44,48,39,86,60,-41,81,15,-16,23,-70,57,83,94,-98,-64,0,96,81,55,-91,72,69,35,-81,-71,83,-59,-68,16,41,-25,-28,-84,19,-47,-34,87,65,42,34,-31,25,-82,-34,-73,-100,74,48,48,-33,-4,33,-94,72,-79,-57,83,43,-51,96,1,21,-54,-69,93,-33,-64,-83,81,17,-33,0,-43,18,-98,-99,54,56,98,23,65,-1,-72,-65,-45,76,79,-15,-100,-4,49,58,65,-100,1,47,71,-4,74,35
43,-80,24,27,78,94,31,-1,94,-39,-69,-99,16,-87,82,61,52,-63,-54,-19,-65,22,49,-14,-33,-97,11,63,-69,-7,11,-39,-31,-50,-42,97,71,-13,-48,-87,16,-22,16,41,-84,90,-35,-100,-50,-37,-24,-3,-11,-15,88,-41,5,61,-4,26,-73,4,-62,79,3,-44,-85,-54,82,74,-33,97,-83,69,-35,-72,47,-67,-93,-77,65,-42,63,-81,58,71,65,54,-48,15,28,21,-21,40,86,-36,-79,37,18,77,14
94,-72,-61,19,63,40,-76,48,30,1,-44,-33,50,44,-40,66,-19,-90,75,17,6,26,-33,-58,-67,27,56,60,56,19,54,-24,-20,-94,22,89,56,-91,1,39,52,75,2,-26,-48,-65,-28,84,80,2,-21,-80,87,67,3,79,63,-8,-36,-89,-68,-50,-68,32,85,66,80,-88,-20,57,-73,61,6,93,-99,44,-61,-74,-92,58,-39,-88,-85,35,-21,-94,31,50,-47,23,70,-42,39,95,4,-83,-3,84,46,54,66
84,-84,52,-41,34,-62,-22,8,16,-3,-31,60,-61,71,-100,-51,48,-75,-30,-1,29,49,-3,-38,56,-93,77,55,-98,-76,-88,-9,48,-89,45,78,-64,1,30,62,-17,-6,69,-78,-50,62,-45,29,-89,58,-74,16,88,-43,65,99,46,-84,64,10,42,33,-22,-49,85,-63,98,28,19,-86,80,-83,9,37,81,-88,42,-67,-72,-77,94,11,40,81,-16,39,12,86,34,42,2,-70,-60,42,-50,-98,8,-48,90,93,69
-65,77,-51,-77,-25,91,-82,82,57,-60,2,-83,-62,-66,99,91,-83,-99,-42,-11,11,23,3,36,-97,-7,-31,-75,-18,28,-4,30,7,14,-40,14,-77,-100,40,51,-55,11,-83,-87,-8,-90,-84,-60,42,-33,17,-35,-53,74,-51,99,-23,9,25,37,74,89,95,-36,-25,85,70,100,-67,-10,-51,-24,-50,43,93,-30,-17,-65,-3,90,35,-24,-76,-17,12,-51,-47,93,61,34,-58,87,-98,16,14,-21,68,-1,-93,26,29
-18,-25,26,-53,22,-26,-4,-7,6,93,-92,54,97,33,-90,71,82,98,44,-65,-62,-36,29,-64,-51,-24,84,90,-80,-97,39,-69,-60,60,-21,-64,-85,-15,50,-20,98,19,54,60,-68,-27,-92,-79,25,-58,29,40,-1,-77,-43,-48,86,-88,26,-40,62,22,-21,82,2,-80,92,-89,14,54,-20,62,-45,68,-83,-75,37,66,22,-42,90,71,-22,-11,-50,9,79,15,50,-51,-76,35,33,45,88,63,-61,-69,-23,-97,-11
85,55,94,71,-79,-63,-16,49,59,50,81,31,-11,65,-84,31,42,-25,65,-17,64,82,-85,74,22,62,-2,-93,-31,5,45,-32,96,-79,73,-44,-93,21,11,14,14,10,9,0,-21,-17,-55,-88,67,-12,12,96,93,20,-6,-65,31,52,97,16,-47,-49,-94,-97,-65,10,88,29,28,33,51,15,-65,-4,88,-50,57,-42,-71,31,6,-22,81,-40,-61,74,90,39,16,79,51,-77,-3,43,51,79,-30,52,16,44,-78
20,-21,16,90,63,51,-25,26,52,80,23,19,52,20,40,7,39,64,-36,97,-68,14,41,98,-87,-23,69,-11,-85,-53,55,-53,74,-65,58,73,62,64,44,11,-9,82,-60,-86,-1,31,72,32,-31,6,-45,10,67,90,78,38,95,-77,-75,-19,-66,17,-26,-64,75,47,-79,40,-86,2,-42,73,90,57,-20,27,55,21,92,73,71,22,9,-11,-89,-73,-7,-96,54,73,-39,-52,4,3,-25,-34,35,85,4,35,-24
-100,61,-38,-27,93,-47,62,55,18,96,-70,-72,-26,-54,-31,-84,-66,-31,14,-73,-97,31,-12,-73,19,23,-38,69,-44,-22,-68,50,3,-56,48,51,42,69,-77,98,18,-98,88,9,-65,-41,88,25,22,-91,98,-57,49,12,61,55,17,-14,75,63,-99,68,-56,25,45,-13,-32,25,74,58,-82,25,-1,71,-82,-93,38,-91,-80,-33,81,3,48,-88,-87,13,-15,4,70,-64,47,-32,5,12,-39,-57,-40,48,-92,-36,54
-68,10,-65,-36,-51,55,-73,-59,46,-75,31,-95,-44,-18,82,43,-76,-23,76,1,-25,16,3,92,-74,37,-76,-7,12,-61,-73,14,49,-95,-98,-37,-7,83,-60,-6,75,-12,-24,81,44,51,1,93,89,-39,-84,63,81,-34,-68,71,-66,-13,75,63,-93,-80,40,-87,49,-42,-90,88,-83,-89,14,-49,81,83,48,45,-27,95,-61,-53,-10,54,87,70,-66,-67,-59,45,-34,16,56,32,18,37,78,-99,-22,-22,13,-26,18
100,13,-63,-48,-6,48,4,26,-35,26,88,59,-47,58,98,-73,38,-65,-48,-44,-18,-67,-64,58,-5,-13,15,-53,3,64,92,-74,62,-27,-81,89,8,8,58,-79,-70,-10,-16,-21,-95,-48,57,1,-71,-78,-3,-29,-15,20,-20,-80,75,48,-83,76,28,37,72,16,52,-7,-83,-93,79,-84,40,-75,-30,86,-9,90,29,87,-26,-28,-77,-83,51,31,15,3,69,-90,-99,-75,-46,17,-76,-16,-96,-91,-34,18,-83,91,24
-30,38,-25,-79,-9,59,79,43,-24,-44,39,46,23,50,84,19,91,-98,78,11,-60,-41,40,27,10,-1,19,-14,-76,74,54,15,71,53,-72,55,54,-8,32,-78,-12,40,-65,-85,-68,-78,-86,24,49,81,-30,64,8,5,-59,11,-87,-93,-46,-86,-40,12,-13,42,47,-56,-84,-44,-62,-98,-43,46,-75,42,27,-92,84,-24,-55,-55,74,74,-49,-92,99,10,-54,6,75,93,81,84,-70,6,-39,34,93,-89,10,15,42
98,92,72,-27,-90,70,66,-90,34,-92,89,-34,-92,-36,90,33,9,-50,2,-9,60,63,-52,-86,33,56,-85,-81,58,33,49,40,40,-71,8,-7,-86,8,43,-84,-5,74,71,-68,-92,-92,-68,3,28,8,41,-33,56,93,44,-8,-63,-58,-32,66,-33,45,90,86,-76,26,82,-48,68,21,85,52,-18,-42,81,-29,90,51,28,-42,95,-53,96,-22,28,9,-87,-99,-68,96,12,-31,-7,-51,84,-53,-42,98,61,-67,69
80,43,0,-58,97,-49,-3,57,55,8,-15,64,11,-82,-82,97,-94,73,64,86,52,-56,68,13,-87,54,64,-15,94,16,51,-63,-59,18,69,-11,-63,86,59,89,-78,-91,55,-55,-6,-47,-45,-21,45,-46,-81,41,63,96,40,27,8,67,-15,-59,-94,-68,-22,-34,62,-44,-34,-85,-31,94,27,-12,-69,19,62,89,21,-12,82,-29,-34,-86,71,-47,97,52,-23,25,-60,-77,-62,27,9,-92,6,-37,-47,13,-35,-52,-64
-64,-53,95,-58,-10,10,63,-16,-74,15,88,-98,-1,15,-100,-30,27,33,82,-73,-83,87,89,52,-58,37,-52,71,27,3,25,-26,-42,13,-84,92,-74,-71,22,38,21,25,-72,-31,-53,17,54,-8,-5,-18,13,15,-26,86,-95,-32,-42,16,74,-12,49,22,2,-52,-37,-41,-41,-44,20,-98,11,-73,-29,20,29,-23,1,-10,-11,72,-44,-42,6,-8,49,85,-96,-30,64,92,-52,62,-41,-73,94,68,-84,-50,86,-34,-58
57,-84,31,10,6,-90,69,97,-33,-22,36,10,-31,-91,-93,53,71,-61,-100,-53,-89,-20,-28,6,70,-43,-39,-84,30,21,59,46,7,-36,-4,-36,-35,-71,-23,18,61,71,65,-11,49,-78,-41,55,-84,-13,-66,1,-58,-19,-21,53,-91,90,-3,31,-32,-21,-46,-20,90,-26,40,-80,-12,-2,15,-73,72,-28,75,49,-55,-66,-68,38,97,-95,-80,-19,97,62,-45,93,37,31,-65,12,96,-53,38,-21,49,91,-8,82,-14
56,-18,23,-8,20,38,8,26,-92,-28,90,-1,57,30,31,29,-79,-80,-44,-34,-27,-74,-24,-6,25,81,-79,67,-53,-42,-81,-77,13,17,-30,71,-97,-80,-92,97,59,85,32,35,-89,77,-4,-62,-48,-44,21,97,16,-55,32,45,70,18,89,21,-7,-60,46,-30,-33,49,68,-29,-24,-67,76,33,-88,-5,-50,-70,-62,69,69,76,-5,-3,97,-74,6,-21,-42,21,-85,49,11,-28,24,52,17,56,35,7,-18,54,76
9,48,80,32,-25,82,95,-9,-49,98,-35,95,2,40,-39,-17,94,99,-12,-46,-8,88,-70,-28,-60,-62,-59,-57,79,-44,33,-42,35,-23,-22,-24,-85,70,2,31,80,29,-49,47,-97,35,71,-88,64,53,66,9,86,-34,26,-65,-7,-83,56,92,19,83,20,9,20,33,99,-67,96,29,-28,-65,-68,-25,-22,-70,-2,-69,-35,14,56,45,-97,0,-93,-27,-4,80,46,-99,-40,-29,-49,3,14,12,-48,3,45,-19,-78
-3,69,52,-6,80,-36,29,60,89,-56,22,-85,-55,-90,16,57,90,-57,-64,8,-9,7,43,-24,23,-1,-3,56,-58,73,14,-66,47,-31,-3,-28,61,49,-1,-74,23,46,-23,82,78,71,-48,-47,62,62,77,-14,-83,46,-7,-9,-81,-60,-9,80,-57,-56,88,37,43,38,73,-36,82,43,87,0,-41,45,-71,-45,92,100,76,25,54,-93,85,67,-81,50,-5,-94,-81,-35,-26,-66,2,85,71,-47,-23,10,44,-70,-53
-59,70,-81,75,100,61,-30,-7,36,-17,20,16,-82,70,-96,-5,74,-75,-4,-45,-45,17,-12,36,-56,-54,91,89,59,10,43,-88,-88,49,44,84,14,3,-11,-73,-20,-92,14,-7,41,7,-57,61,-26,-48,-4,51,-92,84,-7,43,-34,-61,-82,91,28,72,-11,48,-15,-66,-58,-93,-27,69,32,-9,-33,-90,48,-30,23,15,13,-97,62,28,74,-11,29,81,74,-20,-99,-95,40,-17,91,-4,-65,7,-82,-27,99,-61,-74
85,-90,91,-27,-13,77,23,31,-8,-84,71,33,-67,-51,99,-10,-42,-75,62,9,-40,44,-62,-43,-100,34,-76,45,15,85,-58,-27,62,-94,72,-44,-73,57,33,-58,71,33,-51,70,-94,-50,24,93,-66,62,61,-86,-53,96,-86,18,-22,-86,74,-35,-64,65,-49,-92,-31,17,-23,-24,12,39,-77,27,81,-40,-45,8,-90,-16,16,-75,100,69,-74,23,82,70,98,-74,-30,-61,26,89,-52,-73,-56,-97,5,37,63,-20,100
52,9,28,-90,-4,54,-62,-55,-18,7,-30,-84,-47,14,66,64,-52,55,29,75,-61,22,62,78,-16,36,-22,-68,18,9,-82,42,-69,-74,-54,49,12,78,-26,-3,47,-89,-73,3,81,-71,-49,89,19,60,-18,-60,-43,-90,9,-11,-33,-17,95,75,58,-36,9,56,60,-44,72,-30,-4,-48,-4,79,11,60,-18,82,-14,-92,72,0,-86,-73,-70,-92,39,3,49,66,-31,-82,44,-50,44,36,85,-13,13,31,-17,-76,-37
-16,66,74,-27,55,-16,44,-30,-51,82,33,53,-79,17,53,-33,-100,-88,25,-42,61,57,-86,90,50,95,-9,91,11,-86,80,-99,31,-88,91,-50,24,15,48,-4,81,94,-83,45,-16,80,37,35,-89,73,-25,48,7,70,93,-21,68,-73,-21,-69,86,70,10,-27,4,54,63,51,53,28,-39,13,81,38,-37,47,-69,-18,-96,-26,82,-72,38,-26,-55,-7,-71,19,79,-80,62,-64,-48,-88,65,-58,-85,2,-33,33,57
28,-47,34,97,-85,-28,-51,-25,-79,24,-68,21,-69,22,90,-84,-12,-76,76,61,63,-10,-80,81,65,-48,74,63,-64,62,93,-26,-97,-75,93,53,-92,-100,44,77,41,21,-34,97,35,33,79,-80,21,95,-79,-35,36,-11,-50,34,-74,46,7,-29,-70,-53,62,-82,50,-19,-75,94,49,-30,11,69,-81,62,78,-61,22,-67,-8,-15,93,48,-99,34,31,99,51,2,-39,-6,-67,10,13,-16,33,-50,33,52,83,9,50
-44,-83,-38,66,38,99,58,-44,7,66,14,99,-6,-35,-49,52,-81,57,-32,-37,-78,-33,-12,-66,100,7,32,-56,97,8,-41,-76,92,-72,48,35,7,-95,-24,-81,8,2,3,-47,-98,4,-14,-79,57,-76,84,-45,64,-66,-43,-96,-36,96,-71,-6,29,-93,72,-12,39,-57,-44,39,-61,-48,74,-55,-13,5,63,83,-61,13,-39,-20,17,5,-36,28,-12,-50,55,89,-95,-8,50,97,-88,35,22,-3,45,-98,67,62,-72
-3,-97,-72,1,61,52,25,-90,75,55,-65,26,-43,-5,34,-8,-29,-61,98,-65,88,-49,-29,75,81,-85,-23,-57,46,-62,13,-30,-45,-49,-48,72,85,-61,-63,74,67,20,-60,65,16,-100,21,76,-60,-17,21,10,26,57,-85,18,-21,-30,47,-24,-31,91,-7,15,-27,-33,25,-26,-58,54,-31,-42,72,-100,35,-41,-33,-29,69,56,-95,94,59,83,53,75,-77,76,4,-23,0,-31,93,3,97,-62,9,94,61,-82,7
21,-62,22,63,45,-71,-30,63,65,-6,-60,70,1,47,18,-81,14,-21,46,57,-52,4,44,6,60,48,-51,-58,62,-51,90,-39,-40,35,24,-29,-89,-59,100,-41,-35,0,1,37,83,26,39,71,19,-85,-46,23,-53,-92,-57,-48,-29,-3,-51,-75,-49,35,72,-44,100,-33,41,22,-80,-11,-4,-69,-86,11,-34,-73,-42,98,-96,-47,-82,7,62,91,-51,-67,-36,38,35,33,93,-49,32,-77,-33,-12,79,-84,-78,-3,-56
-64,-87,-93,-13,-93,7,-75,-78,-44,83,42,-29,72,-39,-94,-21,-6,-3,-73,-62,71,-63,-6,-49,97,58,75,93,77,-38,98,-4,-97,-76,-82,-73,10,80,49,-18,-81,88,-37,-6,92,-14,9,83,-84,-25,-56,64,2,-58,32,-46,-63,49,20,-70,53,15,66,70,-25,-92,-88,-71,58,25,87,91,-29,41,-34,-70,-20,2,-91,-25,-63,-43,12,-95,-54,59,30,-2,-92,-39,67,-87,20,60,72,-66,4,-58,67,96,99
48,-28,-58,-32,43,99,45,48,78,56,-100,95,24,92,-88,34,62,-92,4,89,53,45,-41,80,-82,83,8,-8,-34,-89,-51,76,-64,45,89,39,51,60,23,25,-30,-76,-100,-36,-10,93,33,55,-51,93,-38,57,-81,87,74,3,39,-63,-80,-90,20,-8,-49,60,49,61,54,11,65,41,59,-39,53,-97,8,-71,48,72,-5,69,6,-7,-38,18,41,-2,-25,89,5,-94,-21,14,-18,59,-94,19,-21,-10,-45,37,57
-24,23,15,61,97,-37,-42,-75,-11,-46,89,-25,45,1,-48,-84,-71,-84,-67,6,-20,-54,-73,-3,31,47,55,17,-69,-72,-45,-14,38,-25,47,-57,-94,87,-51,-35,-69,62,74,37,-79,-8,1,-60,-88,-46,91,43,-67,94,39,42,-91,37,63,62,60,81,-16,-100,-80,-43,-84,36,-25,87,86,46,-98,17,-98,40,69,25,-44,55,-38,73,43,-97,73,-21,-99,-38,-11,26,89,-22,39,-12,-86,-99,-85,1,-36,-52,-15
56,-65,-16,-35,-95,-53,73,70,95,16,-100,36,-1,-85,-22,-62,18,-27,-54,41,-97,-86,-44,75,-44,-18,54,-18,86,89,-10,20,-46,55,55,21,-91,76,77,24,80,65,94,54,-40,-98,1,27,81,-86,66,85,4,-86,-88,-73,38,70,-46,76,46,50,-49,58,54,-95,-69,-51,7,30,-98,-40,6,-56,-53,-83,7,75,17,88,-32,-100,31,44,-57,93,41,90,-37,-81,-42,69,-20,17,-13,79,-93,31,13,-41,95
-38,-38,-26,-45,7,-93,81,-56,-19,-40,-58,91,-27,-43,-45,-48,-21,90,31,-82,36,-98,99,-45,9,-7,-7,-90,46,-49,20,75,91,-49,62,-76,-11,15,-13,89,-26,28,-58,93,-3,1,-6,21,82,-92,70,-60,100,84,78,-96,-6,-54,83,-87,-18,-14,66,-51,27,61,41,-33,-4,18,63,-8,-23,60,-84,-44,48,-2,45,-50,84,12,88,79,81,35,-76,14,-52,96,54,66,-33,32,80,17,10,14,9,-90,-95
-27,40,-1,97,88,19,-84,-88,34,46,38,-68,-66,-9,-8,-74,34,42,21,33,-51,-58,33,56,-12,63,2,92,96,9,-86,-37,-98,12,-81,-24,21,-34,99,-55,-65,30,-55,-45,-39,7,72,98,-81,-25,18,-98,-25,-17,66,89,-57,84,-53,-26,56,-76,96,70,-45,88,-64,15,-96,50,-24,-36,-61,91,52,-54,-58,74,61,55,-96,-15,47,-92,-71,9,-70,58,-57,1,-28,-42,-20,-73,81,12,-90,4,24,88,95
-95,22,84,95,46,81,60,-54,-11,12,-80,-7,-87,-54,-77,-54,88,12,57,-47,23,-88,-57,-96,36,34,-6,-76,26,-91,-98,2,-58,-27,91,-46,70,-35,-89,13,-33,31,-77,3,53,-88,51,-59,-74,-9,60,-17,70,96,18,56,-96,-53,92,-91,-56,-49,6,-70,8,-22,62,20,59,-32,-16,-54,64,-69,-25,79,28,33,-15,44,-79,-93,-2,-64,75,-62,89,96,-23,-12,51,78,25,-50,86,-68,33,65,-80,43,8
14,79,-45,-98,28,72,59,39,-49,83,78,-99,-7,-39,12,-91,63,93,88,15,9,80,-95,-78,7,37,-36,-16,92,46,36,86,-33,1,-74,-63,-11,91,35,-44,46,-11,-74,5,7,-18,-19,-6,-75,-92,-5,47,-100,90,-35,-92,-53,-18,14,31,-72,-60,53,66,-23,2,-38,-65,-69,16,-81,-31,64,27,-35,53,19,37,-79,38,-53,-50,-64,75,28,-23,46,-4,6,84,58,-71,97,-60,9,-6,30,5,-46,-83,-54
4,12,48,-54,-69,-3,50,55,-86,51,90,59,-82,-22,85,10,-100,-39,-48,27,92,-49,-97,-3,25,-100,-87,-5,-75,37,-2,87,92,-76,-97,96,57,2,17,-34,-70,19,64,-78,-17,72,-10,-98,43,11,26,-60,-43,65,53,-78,-89,79,-62,22,55,-5,3,5,-76,-98,-41,-93,-17,76,-40,-36,-94,-97,25,15,62,-16,15,74,42,29,60,-45,71,-62,52,34,88,-83,-52,69,-97,100,5,-47,-38,47,4,-11,-95
-91,-40,-29,-52,-25,50,-47,-3,50,-31,48,81,19,-88,-23,-63,73,66,72,-34,64,-58,4,-76,-78,-85,9,53,77,83,-5,32,13,57,45,-79,-20,69,23,77,-1,75,-29,-69,3,7,-10,0,-64,-48,-92,75,-20,-67,-59,49,-28,-61,98,65,45,-91,4,-39,43,-44,17,7,-24,72,-69,79,-14,85,-57,3,-87,49,-70,-14,49,-71,76,25,63,-7,40,53,-89,-46,55,-64,-41,57,-12,25,-62,-86,41,66,-18
3,-3,-34,-25,-28,-94,-66,46,-91,9,-94,-51,62,25,82,60,30,-76,-56,79,68,-1,92,36,-83,-21,84,-29,74,-58,53,47,93,39,-85,-69,-4,-96,-29,68,-97,-85,-89,100,-79,44,94,-84,-24,21,55,-98,-20,-38,33,51,71,74,100,5,12,95,22,42,15,-69,-94,-36,8,-68,-58,-76,38,94,-14,82,-50,99,-74,80,-30,86,45,76,-74,-20,-84,37,-11,2,8,-98,9,9,86,43,-59,12,-57,-7,-58
23,-55,-1,-12,56,38,-95,-37,26,75,-88,-8,-60,74,87,-56,85,-14,-72,61,44,42,5,-69,46,-20,40,83,-37,25,90,-40,38,79,16,-16,-28,46,-29,-81,91,47,-32,60,38,64,-69,-100,-45,-77,-67,60,-47,81,81,-25,91,-82,-40,73,-93,33,-40,-69,-85,-67,83,-62,-3,-7,51,22,39,-22,90,-6,34,-86,-82,24,-53,-59,-64,-45,94,-85,55,65,16,-63,-45,71,-77,94,64,3,-67,59,-44,72,-42
-4,63,14,76,-99,-32,-5,-72,-29,-45,-75,21,41,44,14,-41,66,91,36,31,62,-2,-15,-8,-51,34,81,40,5,-100,-48,32,97,-5,-46,-70,21,38,7,-35,94,97,-70,10,-40,-7,32,61,12,-38,-47,-32,64,-36,-95,24,79,-83,52,78,72,77,43,83,19,-91,-41,68,-8,-86,85,69,-95,-24,31,-96,-80,92,-14,94,-25,-91,-31,-44,35,43,34,77,-71,51,50,-48,-88,96,5,-39,8,-1,-15,-55,-1
-43,-26,5,-84,-90,16,-70,60,-78,10,-63,-84,85,-97,82,-76,-64,6,-91,-42,85,15,-76,64,41,53,52,-95,-20,59,24,-100,-21,73,-15,-6,-78,45,22,-17,11,68,-92,82,-49,33,11,-63,20,-85,66,98,79,-42,17,68,26,46,-87,47,18,-27,56,-40,81,41,99,62,29,80,-28,51,79,25,-35,-6,77,14,-27,-78,16,-72,-28,63,-74,-39,-51,-19,-17,13,45,-83,-2,99,62,-93,27,66,6,-66,-85
23,3,-55,-72,73,-24,-73,-56,-39,-41,5,-16,-100,82,-20,-34,86,8,69,-70,-13,-26,12,9,38,64,5,3,-72,-79,-65,76,-37,-78,40,84,18,-63,83,-66,19,-26,-72,90,-54,78,22,9,-71,9,24,64,-25,32,-24,77,92,-84,-12,72,-51,-49,25,-30,1,-44,34,-52,-43,52,-72,99,-66,-15,56,48,-85,-18,35,-89,-19,23,77,10,-12,-8,-1,-51,-81,-48,-7,-36,-81,30,77,-6,98,1,21,53,68
28,65,-42,-31,-1,44,72,41,-75,71,11,-31,-16,70,36,-90,-17,-28,-86,11,-5,71,18,-60,4,36,-70,31,-91,-62,-31,41,-60,-62,18,-67,11,-25,-47,-79,-56,99,25,67,-93,43,87,-94,-46,-18,30,80,-16,-74,93,-47,84,-13,24,-7,-34,-33,-91,27,3,34,-47,-26,-37,-89,-74,82,27,43,22,-78,-39,17,12,28,-45,-93,29,-96,-67,51,10,37,-72,41,21,-26,-85,2,70,49,3,52,-16,77,-67
-38,-93,86,44,-24,85,-76,-28,85,33,52,-62,90,-50,0,-81,-33,89,37,-96,-40,19,-33,-58,33,83,59,-70,-37,57,80,25,-91,-96,85,10,96,-78,-88,-27,31,-76,30,4,-48,-12,-64,17,61,-88,-88,-57,-14,-50,1,72,58,75,20,-11,93,44,-4,-72,47,83,-53,2,-51,95,98,-90,29,-83,93,-41,-72,-81,5,-48,91,-15,-13,5,-72,-32,-15,68,-17,-95,-85,63,-28,-4,97,28,-53,-68,-2,16,-62
52,28,74,-30,-56,29,53,39,32,-98,-14,-45,99,6,76,-54,-29,82,-92,69,51,47,72,64,60,-84,63,-32,84,-69,-67,79,-39,-94,79,77,24,-86,68,71,-52,92,-80,-94,-56,78,48,92,4,-56,57,-76,73,-23,-97,82,60,59,-62,25,58,-56,4,-20,-56,28,33,7,36,22,20,-39,53,86,83,78,-44,37,56,-19,81,2,100,-57,-40,3,71,84,97,-38,-58,-18,-74,-48,-13,84,46,45,64,71,62
-30,9,-45,-79,7,9,10,75,-30,35,20,-21,33,-66,76,32,-37,74,-4,49,36,-27,39,-55,-60,-19,2,-76,-91,-60,43,7,37,-37,-65,-26,36,-81,-77,61,38,-42,3,1,-63,-100,-41,-2,65,-76,14,-89,-1,4,92,-30,26,83,-1,88,16,39,43,68,-59,-24,54,28,30,1,-68,-4,-41,-9,6,-86,-81,-14,-1,43,32,35,-4,-46,59,29,-72,45,-52,-96,83,-28,-78,6,-37,10,-14,-47,100,57,5
32,40,-61,-97,35,-80,50,4,-20,59,85,-21,46,-94,33,-41,-27,41,60,-87,61,12,14,-31,37,-32,-89,-87,13,24,-98,64,-72,-75,-24,-21,85,38,-86,13,55,86,35,30,-29,34,-6,-35,52,-66,-32,-17,85,58,60,-79,2,-71,43,80,76,99,-92,-79,-72,-7,-8,-54,62,-34,-86,-83,53,63,-63,-21,-46,73,-74,-45,94,-86,14,-94,-1,21,-3,62,-67,25,-91,24,-83,59,-35,-27,-43,75,98,-74,47
-36,100,3,-65,-5,25,-24,-25,-95,-38,-56,13,-85,47,19,-60,-8,21,19,-4,-43,-98,87,15,20,-100,28,-12,27,57,78,-86,-73,-60,96,37,-52,-95,97,94,-5,19,-70,45,2,-24,66,-52,-84,-73,-96,-92,88,-9,77,7,-98,18,6,44,83,-43,92,-83,-49,72,-7,26,-6,-12,5,-8,71,58,-24,-51,81,98,72,-40,58,20,11,-23,22,-50,-53,-98,13,-40,-80,-60,34,-89,36,50,99,-73,41,-90,-10
-89,-84,-75,-7,25,92,14,96,74,-62,52,54,52,-41,17,-97,-62,-93,47,94,24,69,14,-55,15,-14,11,-27,74,12,-42,-74,-37,62,56,-68,-43,52,-77,57,-27,-62,69,-83,-71,97,-74,83,-9,93,-86,-87,55,24,-8,94,75,99,60,23,71,-67,-75,25,26,-38,86,4,40,-95,-26,98,7,5,59,-60,-83,85,8,32,-63,-63,63,-91,28,-99,41,29,-11,-100,18,100,-63,14,10,93,-59,19,-73,-94,54
-58,-37,73,-40,-23,47,81,10,90,-89,11,17,-36,13,-11,-19,-77,53,-39,-15,50,-95,24,-85,-95,85,91,90,-52,-66,79,-34,-83,43,-21,-57,20,-6,-62,90,28,-18,-98,-13,72,-31,-72,64,-100,-27,-13,93,57,-85,-38,44,18,79,70,-10,69,32,55,-88,4,-95,77,-79,25,92,85,36,-70,-76,1,57,23,-72,1,-27,-75,-67,-20,-64,-61,-20,-23,41,91,95,-7,-27,-99,60,-77,-44,-34,1,-4,-96,13
-32,-13,-2,60,-76,98,-38,25,59,56,-33,-18,48,-78,-88,24,90,-7,-72,-87,-15,39,-85,22,22,-92,-34,-39,80,11,22,-41,-31,7,-1,16,95,-69,31,-43,-50,-98,-94,-26,71,5,-57,-43,-9,-68,83,-1,-83,21,7,-24,48,62,100,25,1,67,-57,-24,21,-57,-69,-17,-11,-72,-33,87,-87,86,-7,84,-34,43,25,88,82,50,43,-63,-29,4,98,-32,-32,-2,23,47,73,52,66,36,0,-17,88,-88,80
-16,-84,-43,43,-14,87,30,-51,2,-65,12,33,-99,76,-60,-7,29,-80,-61,19,-85,-26,-100,-36,90,-72,50,83,21,-63,96,39,-83,-29,91,65,-52,-24,-19,27,-77,6,-1,65,44,-11,96,35,-20,-92,0,-99,-76,-7,0,18,-72,84,-63,63,71,1,-51,-72,-33,97,-10,54,-77,39,84,50,-18,25,-88,-88,85,15,95,-76,-56,69,-54,-27,-46,14,-29,48,-93,-45,98,80,-37,58,-27,99,93,-52,-83,-59,12
-26,-5,-55,-85,52,64,-83,13,-96,-48,90,33,97,-48,71,-33,26,14,-86,44,34,21,49,62,-100,-6,-15,-83,-32,-94,53,92,-51,-50,89,-48,-5,36,1,86,32,54,-68,19,-72,23,-99,32,-62,-98,-54,6,-33,25,-94,-49,19,-65,-42,29,-55,91,-4,-8,83,-61,18,-49,30,-43,-46,85,39,9,-71,-73,-41,3,42,74,66,58,-23,-18,-50,67,78,-30,-32,-87,-13,25,64,-58,-51,29,-86,-76,-2,82,22
59,-73,24,-70,78,-94,-82,-34,77,-84,-77,68,13,-51,21,48,-31,85,-76,86,-4,-10,-49,-95,-35,-47,14,14,-9,92,66,-57,43,100,69,49,-51,22,-35,-19,89,-71,-76,81,39,-20,-31,51,-79,49,-86,13,-94,-41,-11,73,52,-42,66,83,-61,83,-99,21,87,-59,1,77,-65,12,-36,-100,-65,84,33,45,46,42,-78,-53,-52,95,-90,-85,-4,27,18,96,-56,-43,-28,77,38,59,-40,96,-28,-49,63,23,9
-98,43,87,-67,3,-81,-92,-80,-73,-57,18,-50,-75,-4,-82,-96,70,-99,60,71,89,-28,77,-10,-38,-14,100,-39,-51,-19,-14,-20,2,85,-62,62,0,-42,-92,92,17,23,-16,-65,61,40,-92,-2,20,-40,-22,5,21,-72,58,-87,100,69,67,63,12,35,-29,4,-25,-30,14,-3,-29,80,-25,-23,80,-75,29,83,13,18,-45,76,-47,-1,-11,14,42,-63,42,65,-38,-66,-50,-9,98,75,10,31,-50,28,6,88,71
-27,5,94,26,52,-33,-5,-88,79,-63,2,-33,65,-17,2,-2,37,-19,85,62,-51,-75,28,38,56,14,76,-94,61,-82,57,-31,33,23,-76,2,-32,-61,45,90,-57,-98,85,-45,71,18,21,-61,-4,-86,43,-56,-13,-45,56,-92,-22,51,-91,47,-87,-96,19,22,-52,-65,14,-21,-65,31,90,94,7,-72,72,84,-1,35,-52,89,10,38,-30,-55,25,-10,45,-76,-51,-61,-64,65,-8,92,63,48,55,92,-54,65,-95
21,-45,48,90,-91,-38,-25,57,-61,-98,60,-6,-75,-16,-55,54,91,-32,-44,-66,25,-20,-54,-62,-62,-76,-34,42,53,25,-19,-94,-66,74,-22,-29,-33,-58,-36,9,95,-11,-63,-50,-10,8,29,-89,29,100,-7,91,50,-68,67,35,-91,38,34,86,3,4,22,-54,-29,37,-58,-83,89,73,-72,79,-42,94,-77,-33,-53,26,76,90,51,89,69,55,-17,-27,-4,42,-15,-46,-7,-40,66,-59,-58,-29,83,66,53,-4,74
-25,24,26,-60,37,24,-82,-88,82,79,94,25,-19,-15,21,8,0,-44,50,-37,68,93,-56,73,69,-65,44,38,-67,26,54,-47,-73,-82,-68,-35,63,-50,-16,54,1,8,16,48,44,58,-22,-77,-36,66,16,-32,-68,-92,-73,-81,69,-53,4,-73,93,50,-19,16,-38,96,59,-32,-48,19,70,34,-34,-93,-24,17,-18,-90,-60,-7,-97,-66,-17,-72,-65,70,-44,65,70,-94,-97,17,26,-34,-87,39,-71,-65,-82,-53,59
15,9,71,36,61,11,-3,-70,13,65,-24,18,-92,32,34,-48,59,-90,37,-49,-7,63,42,-8,21,-80,65,-94,53,-68,27,-81,88,-84,-8,89,-51,-100,8,84,44,-97,95,-40,59,-61,38,-44,11,-85,91,-7,48,47,-33,3,-15,7,56,91,-28,-44,-10,40,-33,-65,-58,-79,26,-11,69,55,25,-70,60,84,-78,98,50,-36,-15,39,-8,-25,70,-78,-49,30,70,-22,66,-56,91,-93,-22,-84,-50,-71,36,-41,-32
-5,88,10,20,-87,0,20,67,-89,-80,15,10,-80,86,42,54,85,80,-73,-91,-24,-63,1,94,14,61,55,49,90,23,-69,-3,-80,-87,-7,-35,22,-82,13,-23,-18,84,-9,-9,-21,4,58,58,-64,52,-17,36,70,99,34,18,29,70,33,70,-69,91,1,41,51,-89,62,-72,16,-31,-40,-93,-98,17,73,83,-90,-73,23,83,33,-52,22,40,-20,-69,-71,50,18,-42,-87,-57,-84,55,-48,77,19,51,-40,-30,46
22,-44,-50,47,-29,47,39,-85,-61,80,94,-37,-41,19,-29,3,87,41,-13,-38,-78,97,-5,99,-34,-82,74,-93,22,67,-94,-29,87,-37,44,28,24,16,24,-48,96,15,75,-61,29,22,-92,-95,78,-68,-50,-85,-98,17,-2,27,-22,56,-7,58,-76,-91,74,-12,-88,-16,66,-30,0,67,26,82,87,-90,48,33,3,84,74,-37,26,98,0,-36,-79,-42,3,-98,-26,76,-72,92,28,-43,0,80,10,-1,-25,60,40
21,-75,3,-54,-25,-77,-42,-11,-6,27,24,7,-64,72,42,61,-22,-10,44,93,-85,2,98,83,69,-51,2,-87,89,-83,-98,-16,16,10,-50,35,37,-64,-8,-2,-64,-97,58,-12,-97,-81,-84,14,-97,-78,78,-11,35,48,-58,25,-47,-72,14,11,10,34,-42,67,-64,-84,24,41,-75,-87,14,-57,3,-2,-32,43,-84,-68,-32,-77,38,3,-27,-49,42,70,53,31,36,13,72,-67,-10,48,48,45,-91,68,53,10,15
-99,86,0,-60,-83,45,82,-83,44,-61,-80,11,27,78,96,-4,-66,75,-22,48,75,-78,65,-3,-68,60,78,-87,63,-66,89,-87,-2,97,44,-72,27,48,-12,-73,88,-86,83,-9,76,12,30,-59,73,31,56,-99,10,-14,-41,-39,-72,56,22,-35,-4,-2,65,-37,34,-42,30,95,-68,89,0,51,35,99,43,49,62,2,44,31,85,49,-41,-10,79,-90,-95,32,50,3,93,31,21,95,-96,19,-63,26,28,-69,-39
33,-82,-14,-89,19,34,25,-4,6,62,68,-80,87,32,-62,-11,34,99,-93,71,43,-24,-13,91,-71,46,-70,31,-36,-56,43,4,25,42,-23,48,62,-30,11,3,91,-21,-63,20,-94,12,-15,19,-77,23,56,-5,52,-84,0,-3,-12,78,39,-85,81,-83,-14,59,-74,-69,-41,46,-71,-55,-86,23,53,49,-22,-6,-41,93,-66,76,-40,44,-66,-78,97,-25,22,-1,-24,62,4,93,-61,52,67,21,-55,19,-56,33,40
35,70,-63,27,31,10,45,-85,72,91,13,-2,-89,-52,-24,-33,31,-94,92,96,-72,72,-20,31,-49,-38,-75,-80,24,65,-93,-74,77,74,71,39,61,-17,40,24,42,39,41,-77,-57,52,74,-41,91,20,67,-59,-68,20,0,-29,93,44,-52,-42,-99,-33,-33,78,30,48,-59,45,30,88,26,-29,-74,-69,19,30,41,-42,5,36,-61,65,34,67,-97,63,68,37,-72,94,-61,83,-100,-83,0,-40,84,-5,-20,91,-20
-93,-26,59,29,-92,-14,-23,-24,38,55,-18,-38,49,-54,21,44,28,-83,18,-81,65,96,27,35,68,91,17,-65,-99,-17,81,93,-81,-71,17,80,96,-34,-95,-47,85,-53,72,26,-43,72,-12,18,56,14,23,-94,17,-95,43,75,13,29,26,-88,-59,-7,33,30,-24,2,49,26,-59,-99,-10,-36,42,-18,65,-25,-81,61,40,-25,-45,-96,-25,-12,70,65,11,-82,-50,40,62,64,14,-15,-11,32,-66,-17,75,70,94
49,-26,-90,50,-32,17,-55,27,-32,15,-91,27,15,46,-13,56,90,-8,76,6,-59,-51,-50,97,61,13,-75,-76,-62,-90,-58,-23,61,92,96,-33,-59,11,-85,81,34,85,-12,-40,-17,30,86,67,4,63,47,35,8,-64,65,-66,-61,-47,-19,-76,53,-63,-48,-54,0,-67,-89,-5,-87,-96,11,15,-93,-56,-58,-80,-64,-11,38,-11,90,24,-51,35,-13,8,84,63,35,-97,-42,2,33,-33,-97,42,-51,11,26,33,-99
-84,-37,53,12,-29,29,-18,-49,7,-3,21,24,27,72,-44,-51,-66,-88,60,-30,22,80,12,-17,100,61,-85,-28,51,-88,21,-58,-96,43,43,40,64,43,39,-60,-13,-98,33,68,-21,31,-76,-23,97,61,-73,-59,33,-15,71,-20,45,-12,85,-13,-6,-83,20,-7,76,21,40,-22,63,49,-61,-50,-1,-38,-7,-3,-68,30,-2,15,-34,-98,84,15,87,29,-57,-59,-89,66,-73,47,44,-77,-100,80,4,-8,17,-67,76
78,30,-78,-8,-52,18,34,-95,-81,94,-86,97,-22,-86,45,-43,-92,-50,45,20,-71,-5,25,-24,-15,-20,51,-16,-7,92,-52,-48,-14,31,-11,36,-2,77,-68,-8,27,24,78,-67,25,68,-47,-67,-13,-90,-73,-25,45,-91,37,90,96,-25,66,-8,-31,21,-84,61,83,84,-71,-29,92,-17,-61,-41,62,75,16,-99,55,-81,26,51,-65,77,34,-5,-73,-80,99,19,45,-34,-4,-99,69,49,-94,74,-6,44,-65,-85,-68
-26,63,-94,-6,25,4,-39,-67,-95,-61,4,-26,74,-67,32,-78,-53,-34,-50,11,-68,-61,-69,5,-81,87,80,12,94,-63,48,67,-19,35,20,57,44,-98,29,-50,-47,18,64,-79,44,-55,53,24,71,60,-29,90,66,-80,13,-54,1,24,7,18,-73,39,-75,21,7,-11,-70,-15,-78,-3,-89,-77,-36,-41,-50,47,24,46,-27,62,32,81,54,-45,-91,96,-60,77,90,-36,-29,-53,10,-13,-88,-54,-62,2,-18,27,-44
38,100,7,58,25,84,-30,-55,12,-75,61,58,-44,63,28,-45,-93,9,-50,-17,-99,-17,64,58,27,84,-43,39,29,-65,-43,-29,-64,-50,-90,-10,-5,-61,61,59,-75,64,72,-51,52,96,3,-14,31,-59,-52,95,8,22,73,-66,1,74,-73,-33,18,-28,-60,-86,-38,-81,-61,86,-43,7,-61,-94,-71,-75,78,-27,31,-91,52,38,81,29,76,-44,-81,-17,-49,55,100,-65,-89,77,-60,3,-80,12,5,85,48,63,29
-43,-7,-100,10,75,-32,46,2,74,5,14,-4,-62,6,40,90,58,-16,-41,61,-13,-99,26,-2,81,-6,36,-88,-62,53,16,-44,2,7,18,-56,16,31,74,54,41,-6,-59,-9,-38,46,52,-45,-88,20,88,-25,-43,54,-79,-99,100,44,77,-87,-75,-5,-61,-14,95,81,-32,83,1,89,55,38,37,-3,-42,-92,-76,75,-97,-76,-73,13,-21,49,33,84,-27,-98,57,87,-27,-87,28,-20,-61,38,62,97,-48,18,56
-97,83,82,94,-3,100,54,-34,-96,-24,-52,15,80,0,25,-35,41,14,25,85,-97,-2,87,20,99,-16,66,-44,-70,-36,91,91,61,-77,-75,54,68,17,-39,50,77,-35,59,17,67,-43,10,75,-26,-51,21,72,-31,98,81,-76,2,-8,-34,88,17,82,-85,-92,44,-45,75,-20,99,77,47,87,-15,-9,-40,73,-61,45,37,-51,99,49,4,77,-33,-81,-82,3,21,2,-23,89,-56,-3,-8,-67,-90,-8,77,-25,8
-61,-40,98,-19,37,-43,-81,-97,-61,79,-17,93,56,50,-43,-10,49,-24,-45,8,71,-61,52,70,34,83,56,26,23,46,-3,26,14,-70,14,40,20,-56,51,85,-6,-22,55,27,96,21,25,-50,57,-38,88,78,-12,-75,-18,42,96,89,91,-22,-25,80,40,-84,30,39,34,-92,48,96,-18,-73,-33,-2,-49,72,-37,-46,83,16,79,4,86,72,-93,21,7,-99,60,1,84,-58,59,-51,-55,-37,-89,78,42,61,48
58,-61,16,6,80,98,89,-85,-19,10,-99,19,62,90,-87,-33,-4,2,53,-71,43,12,39,-52,99,41,10,-37,-26,-16,67,97,-69,67,26,-24,-40,97,84,36,-73,17,73,-21,23,90,-8,61,-8,-45,37,55,-93,-68,-27,6,44,-80,65,-67,100,49,-22,74,-56,56,-9,50,-64,14,42,-10,78,-91,98,-82,-26,-63,27,35,-32,100,81,53,-57,-22,33,-15,-70,-37,70,-66,90,-83,54,24,97,-13,69,-87,58
36,65,-89,-29,11,-11,28,14,66,-24,-89,72,-76,-12,69,62,-72,59,60,34,-26,-36,-81,32,52,-18,71,54,-51,15,-18,18,79,-8,-76,-1,55,-5,14,-41,-57,98,82,-86,63,63,85,-39,82,79,-14,-55,76,88,-43,16,76,7,88,-64,53,-97,95,3,-36,-79,86,77,25,19,-49,45,32,-85,12,-34,-49,-7,-85,79,-49,91,-86,63,-61,31,12,-90,-15,23,37,-59,100,-48,59,-83,-65,86,-1,-37,-54
43,24,23,76,-79,58,63,94,40,-5,-48,-81,12,-51,-17,-49,-80,58,-3,80,-72,79,-98,19,-63,-7,15,74,-88,-5,-9,-78,-54,-9,-28,-43,16,-40,-96,11,-19,-30,-99,73,45,95,-90,51,-39,84,35,7,5,87,55,91,17,85,-13,83,-9,-45,-14,32,8,-98,22,-2,-85,64,70,100,-31,-74,27,1,-86,80,72,-50,-54,43,-23,-54,-60,57,-9,67,45,60,-31,-20,-40,50,-71,68,26,-3,11,-1,-64
17,74,98,53,-89,78,-47,-89,-41,50,5,69,54,16,20,20,32,-69,-30,71,-62,-80,72,10,86,-9,-27,46,48,-11,53,25,66,11,84,-98,-30,-39,75,68,12,-70,62,63,-97,-44,100,3,72,81,-13,-52,-53,100,-28,-82,2,-56,-6,35,-12,46,40,-100,64,5,5,93,43,38,88,-74,40,40,-22,33,84,-55,-50,42,50,-62,-21,-6,94,58,4,-27,-69,45,80,-91,-75,-51,44,-88,-24,-70,88,-97,89
62,48,-1,-24,30,-87,0,-69,-65,-4,-52,69,27,-72,33,-97,-4,46,78,67,54,30,88,10,66,-86,13,95,87,55,52,-71,49,-34,2,30,22,54,30,-34,-3,-22,34,-87,-81,-79,30,44,-73,-28,30,-31,-36,-4,-41,61,72,98,44,87,45,5,-69,-47,34,91,-54,42,27,21,12,-47,95,75,-2,81,84,13,-92,94,-26,6,64,54,-78,59,-10,-94,77,-66,-34,-82,-67,-1,-69,-78,61,63,7,-11,62
-28,-63,-50,69,26,12,-69,-3,72,83,-56,90,80,83,24,28,23,53,-23,55,-44,-6,0,-42,-84,-56,61,12,-44,-95,84,100,77,78,-24,81,57,-62,-11,-75,-86,-100,-83,12,-93,28,95,-39,-23,-34,-49,2,68,-37,-16,83,-13,-38,29,50,-71,7,-86,56,60,-3,-51,11,37,23,27,-95,-67,-100,-28,-85,-52,42,-67,35,54,-77,-93,8,-28,79,26,82,-52,13,-1,35,66,-64,5,-12,46,-27,51,-47,60
