62,56,-90,75,12,-51,-92,70,100,74,-1,-93,80,-100,-63,32,-21,45,23,67,5,-61,6,-63,-63,7,5,12,73,-6,79,-85,-82,-44,60,-88,-5,-88,38,-75,56,-30,56,-39,-6,-54,-78,85,-44,97,22,-81,44,-73,-57,0,-11,-28,42,-12,7,11,-26,44,69,9,52,39,-41,34,-77,-19,-4,18,45,-50,46,-77,-83,66,54,38,-95,92,-18,2,10,74,53,7,8,-28,-28,61,23,71,-54,24,45,-7,-89
-39,69,82,-59,19,-62,-42,20,-81,77,86,-16,80,-63,92,12,51,35,78,-92,-10,8,-77,82,80,74,-62,-100,84,31,-76,26,-88,100,99,-27,80,-92,53,-25,52,57,-35,-92,-55,56,93,91,-81,-9,-43,44,13,23,-81,86,36,-32,36,-35,-97,33,35,52,49,-81,-97,10,17,32,-25,76,-65,-82,53,84,-40,-49,32,71,9,-53,56,-39,-68,-94,50,67,33,-68,-64,-43,-50,89,42,13,-78,-92,-61,1,12
-79,-71,30,-89,-61,-53,-63,-73,-73,-54,75,78,-80,91,-36,12,50,-3,6,-93,9,90,32,-66,79,44,-80,39,-84,23,15,-54,-36,54,7,9,-11,-4,-16,-73,75,-48,-27,-76,0,-75,-87,-84,-35,32,39,45,-64,71,-75,42,-23,-45,81,-1,-49,-96,-41,-63,33,40,-63,30,-49,91,-95,2,67,79,23,23,-54,27,12,-61,-93,41,-24,23,-50,-58,-48,21,37,-99,92,7,62,-9,-53,87,43,95,2,35,40
2,59,-60,-43,-15,57,-17,-50,-79,-67,38,-53,-60,-49,-1,8,26,81,-57,-59,72,-97,-16,1,45,39,94,51,66,-48,75,92,-82,-34,-36,16,-58,-83,65,93,-98,-40,36,21,70,15,3,-3,19,64,-79,-48,-43,47,-41,-10,-80,27,19,-94,-6,77,44,92,69,50,72,-64,67,47,-86,-66,65,92,-68,17,80,-94,7,80,26,-52,-22,94,95,-89,94,-59,-63,-65,-17,89,-7,46,-73,60,-41,-12,33,98,-13
36,100,40,-36,7,-99,-47,-80,0,7,83,86,67,33,-90,80,19,75,-8,-8,-27,53,-9,39,59,61,-75,13,1,-54,52,63,54,-55,8,64,-15,-78,75,-14,-79,51,-79,75,5,85,15,-84,57,95,-93,-85,10,-36,31,-36,52,98,-35,-36,-89,30,39,-10,-46,29,26,-44,-69,-51,-19,-71,52,-78,-44,29,32,14,81,77,24,23,74,-47,-65,65,-67,-45,-91,-43,-44,-36,95,11,41,73,74,-2,7,56,-83
63,-24,-76,19,-13,16,-23,79,6,-6,-89,-52,-100,-73,-84,35,2,86,-37,-80,-31,-18,-85,-49,12,-11,-100,-7,3,-82,-38,-30,-7,-39,-29,62,88,-9,-71,72,-10,46,11,64,-43,94,83,-48,89,55,75,8,-22,20,-68,-12,76,-63,4,89,-60,76,-54,-78,21,89,71,80,41,79,-81,-57,62,-81,59,48,-79,55,-40,92,-29,14,94,-99,-44,6,-13,-24,64,35,59,-93,-16,52,-34,-85,-2,39,-53,35,-11
20,-73,-45,-92,-89,52,-2,77,71,-11,34,-26,-60,77,73,39,-66,-84,2,-24,61,46,-25,-9,49,85,-47,-40,66,16,96,-27,22,26,36,-51,7,-40,97,-48,-4,-21,70,21,-71,98,-82,-21,-77,-52,-46,43,-7,28,6,82,1,69,36,-32,49,-79,34,-91,-26,-67,79,8,-37,37,77,56,-7,-46,45,-40,59,17,-44,-66,-92,57,65,11,-99,34,-81,-8,76,81,63,6,-6,-89,28,61,-67,-87,47,-87,-11
-23,-24,4,-71,68,85,91,-89,65,3,2,-61,-82,6,-37,60,28,44,-46,-55,55,53,-75,49,30,-23,-40,52,-47,64,11,-17,-64,40,16,-43,39,-82,-2,-89,37,-54,53,100,47,-9,-17,-58,86,40,50,-26,82,-74,-99,100,-56,-6,-81,-56,-57,-93,-17,53,-36,72,9,-75,-62,48,-32,38,-28,46,55,-70,42,92,-39,0,-95,-51,-77,99,-22,-20,65,-35,15,-98,-32,16,21,-83,97,-100,-35,-63,97,-87,94
67,92,-1,14,19,43,30,95,56,73,58,30,-36,96,96,-12,-82,1,-81,25,11,-49,-47,-57,-72,71,33,-69,-66,-19,-83,66,38,-8,96,71,29,-73,8,56,24,2,2,86,98,78,-8,-62,44,51,64,-4,-31,70,-77,-5,-74,-60,-61,29,-3,-7,94,-64,95,77,89,12,-78,37,-61,92,97,20,-73,-72,21,47,29,87,-55,-72,-38,-31,94,-52,12,2,-7,62,-5,89,-7,10,82,-9,-77,-5,-47,-37,-91
-70,-83,47,-69,37,26,60,-59,30,18,63,37,-93,-74,-97,-21,-4,-85,-28,8,-4,100,93,-30,72,73,55,52,-93,49,-69,66,-17,96,-55,-6,47,68,-57,42,83,-77,55,29,48,-2,30,16,13,22,-75,72,-1,77,-26,-50,92,-30,65,-68,-7,11,53,-3,-100,-64,-26,-22,87,9,-82,21,-37,-3,21,37,61,15,-88,27,45,11,94,16,96,6,-61,43,-46,-90,44,26,76,-2,-47,55,-39,30,-3,-63,29
39,-92,82,23,93,-10,38,-36,-88,46,81,96,17,60,41,-49,-76,45,-19,37,-54,59,-67,-76,81,-31,-33,-76,82,100,-28,11,93,7,78,-2,-80,-60,2,72,47,-38,61,7,-25,84,86,74,-100,-99,35,9,71,-47,-44,-21,24,62,12,42,12,-56,47,-90,12,-71,-96,87,81,69,-38,49,96,40,28,-98,-97,-18,-33,-29,-79,-18,-72,-39,-67,36,62,45,-80,55,33,-10,-81,-64,37,49,100,80,95,-74,21
-93,-12,51,5,-15,26,45,-97,-20,56,60,23,-40,74,49,42,5,-69,93,89,-35,40,45,-48,11,-62,-20,-3,-55,23,-83,-47,-62,-45,9,85,84,32,57,-92,22,37,50,84,-49,21,-4,74,31,-65,54,-23,-69,-56,43,-24,-76,100,96,74,70,28,87,-52,12,-85,-96,1,36,-36,43,-66,90,-51,25,-32,47,20,-65,32,14,-54,46,-27,55,89,-2,68,-4,-86,83,74,40,95,-13,-36,23,77,70,13,-51
11,-10,43,-71,12,0,96,95,-10,-64,83,88,-59,-10,-78,7,-20,39,18,22,10,13,59,37,-3,-58,-7,-7,71,50,4,-93,40,-67,-6,-53,51,-66,-6,19,-27,-39,-90,-8,57,-43,-21,13,-47,-26,-81,-36,22,67,-56,4,45,-46,-32,97,-91,-43,8,88,30,-88,-3,53,73,-11,58,40,-85,-7,-81,76,-49,82,-20,11,-70,-37,32,-56,-83,-27,85,33,-38,78,-71,-67,-6,-38,-42,84,-18,12,-6,-83,-75
-38,58,9,35,-35,-51,39,-62,4,87,-43,14,-50,70,34,-78,8,-31,-71,43,35,-60,25,61,-57,25,70,-59,92,-41,79,-92,49,20,-70,2,27,91,48,-53,66,65,67,-14,-23,-71,33,65,-37,15,23,-24,70,-66,-81,-39,-21,83,-32,-9,57,-90,12,-62,86,-81,6,-5,76,43,-23,31,97,91,-39,49,-18,84,15,88,25,28,-90,-11,16,39,29,1,-87,-73,-31,13,73,99,-14,63,-72,22,-58,50,67
-94,59,-45,28,-17,-22,-48,89,51,48,-86,100,-44,54,-48,12,94,89,76,-7,61,44,-49,57,-95,-15,9,33,51,-38,32,4,92,42,-11,-22,27,-15,-31,-78,-17,84,99,-18,80,59,70,-95,-71,52,29,-6,-74,81,-52,31,76,-75,-22,-75,99,-99,30,25,-17,-4,86,23,79,-75,-60,10,7,-73,-63,0,-3,-84,61,93,-62,4,50,-59,-66,51,92,25,53,-5,-100,42,-40,-16,-67,63,-43,-53,-19,-84,-27
-30,23,14,-23,21,-73,-75,37,78,93,-88,-95,71,-1,20,-20,-61,73,93,-48,-98,-39,46,-83,-63,-17,66,-35,-42,71,-96,31,-47,-66,21,-67,1,-22,-85,7,67,-99,82,92,98,64,70,-51,62,-59,-91,-50,54,-95,4,-60,-27,-41,29,-57,-51,17,-22,26,14,64,-87,-52,-30,40,15,-82,73,-84,48,-45,24,-98,29,-100,60,86,-84,-4,14,-59,70,-52,64,77,-37,42,10,36,-52,-17,73,-34,-7,33,-36
-58,-89,57,-81,-39,-6,-85,-24,50,-96,-50,-87,-29,-36,-91,75,39,59,-40,31,79,-12,-75,88,26,31,14,34,71,67,-79,31,-32,98,-42,98,5,-89,35,-93,74,-16,-41,-55,18,26,91,55,-29,-18,39,-1,74,36,70,28,12,-13,-32,-32,-21,19,94,-18,61,-3,35,-88,-17,78,32,-45,25,51,38,-87,-82,-49,-4,-98,6,5,-42,-89,19,-96,95,-10,23,-57,-94,-47,79,88,67,-71,-99,48,69,-65,93
17,-43,-52,-59,22,-30,33,18,-66,-16,-1,74,-60,23,-15,30,-23,37,-31,-60,13,85,88,40,27,18,55,-84,-59,-16,2,26,64,23,-2,99,-71,-33,-3,13,-84,-93,-58,65,-74,-44,6,26,-27,-9,-58,57,54,87,86,37,-39,-29,52,-33,-48,73,21,51,-40,-71,-67,7,-38,-46,36,-27,25,17,15,-36,-80,79,-16,-14,-48,77,53,-13,53,54,48,70,-97,-86,85,-18,40,-28,-95,14,-68,-68,-28,12,42
38,29,41,-51,-31,49,-6,20,-27,32,4,-46,-54,62,37,97,-94,-5,-59,83,17,-75,31,-16,19,62,33,52,-3,-77,-55,-47,95,-10,-1,-28,53,-54,-68,-27,77,59,-35,-87,49,54,-23,51,-40,-69,22,97,-83,61,58,44,-25,51,22,-31,25,12,-37,81,99,-80,34,-26,-87,-28,-40,70,74,85,73,71,60,-38,-98,-97,50,-8,80,-34,-83,-26,24,-57,-2,-99,-19,62,92,47,-39,-28,-32,-72,12,-18,-59
-84,69,-86,54,92,52,-67,5,13,27,1,-38,-69,-87,79,64,56,21,-58,61,41,9,100,-49,65,61,42,70,-38,13,67,76,12,4,-38,72,91,-36,74,-84,11,57,-34,-13,-38,-59,6,11,68,-20,27,19,-3,9,-80,48,81,-21,-21,90,-37,3,64,92,-37,65,59,66,87,31,45,54,65,78,-36,12,-31,95,-80,-58,-61,-6,-30,-76,-10,31,28,-39,-93,-66,-14,-25,-71,57,-16,-16,-59,-38,20,-45,98
3,-98,-12,-23,-99,80,-14,-73,-67,-48,73,62,57,-20,-62,57,-16,-45,-71,79,85,-19,-61,-70,-70,79,-16,7,31,30,9,53,96,75,91,99,54,24,-64,-39,7,-72,75,-51,1,97,13,-60,-78,65,93,-91,-53,69,65,-90,1,54,73,-48,14,62,32,12,-64,91,-36,-86,79,58,-85,88,-68,-53,61,-34,-77,-18,96,-21,-80,100,-95,-29,20,-4,80,63,-33,-42,96,-89,-17,-44,-92,55,56,-13,-9,91,14
-6,29,-32,88,37,44,95,-64,19,-23,37,82,-29,-72,59,72,1,-3,-63,2,-33,98,-80,-82,24,83,-89,95,-39,-15,-78,33,59,98,-54,-73,-99,63,4,-22,62,-30,-60,-16,33,20,-69,-45,-77,23,-48,33,-75,44,12,-66,-96,-24,45,-50,-51,-30,39,53,-79,-3,17,69,33,73,0,40,64,10,-75,32,72,-23,-29,29,52,30,87,-26,-52,-54,29,29,94,-23,-9,-63,-85,-61,55,-54,-83,85,27,-78,62
65,92,-72,55,20,-8,43,54,-68,36,-1,-10,-36,41,73,31,20,53,55,-95,-96,42,51,39,91,79,0,8,23,64,-48,-72,71,81,-82,-94,-20,41,54,-16,27,72,15,33,23,-97,-91,63,-18,81,87,-9,84,-44,-18,-18,51,79,-8,-46,-32,64,96,11,-6,-100,-17,23,7,13,66,-58,72,-40,-78,-13,-49,61,-49,-18,-91,-69,-98,-54,-63,-67,-18,-42,21,65,-28,-41,-12,18,-95,-13,48,-97,-60,3,5
13,-15,67,-59,49,-77,27,-6,-1,-90,69,7,-48,-48,27,5,-19,15,28,83,63,13,-6,15,93,-24,-86,48,31,-68,-36,84,95,87,67,-63,-69,-16,60,-89,33,47,-6,32,85,-80,97,-60,-80,-81,-50,37,-13,-22,73,10,-92,-89,7,-10,-27,-40,1,-86,59,-25,-44,-52,-99,13,61,59,77,-88,-6,82,-45,83,5,63,41,70,-1,-37,31,51,94,46,15,87,-93,-97,-20,-36,-82,50,94,-4,-54,41,66
64,69,98,-6,21,24,30,-15,87,-54,-62,-92,4,30,56,-18,84,-95,37,24,-43,33,-69,-69,-1,39,25,94,21,-33,-81,-96,-68,-98,-82,-27,33,-39,-54,18,-67,19,11,93,-48,-64,-35,31,58,93,36,56,38,-41,-81,44,-47,-46,42,48,-48,96,72,44,73,12,-27,78,14,29,-70,-81,64,91,84,-19,70,61,69,-16,-26,-39,-15,42,-40,4,-92,77,-25,37,54,-78,70,-70,14,32,85,-3,95,-40,-95
-17,18,-12,100,78,15,72,-76,62,-62,4,86,90,-4,-74,21,-88,-24,-65,-13,86,33,-82,-19,-9,25,47,-51,38,76,-85,74,77,-66,-40,-67,47,-48,-58,-19,-59,30,68,-72,96,94,47,-56,-91,6,33,18,-56,-71,-33,0,12,74,0,41,77,3,45,66,30,-93,-44,99,53,4,43,53,-80,-10,-41,-56,-79,10,78,-83,40,84,-33,89,-16,-25,-19,-34,61,-84,13,4,-51,-24,93,-39,-27,-25,-39,71,75
96,-76,-17,8,-54,93,-15,56,84,27,54,84,-50,-68,-94,-55,-67,-74,33,-7,83,95,2,42,-80,-58,-24,4,-86,24,-11,50,52,68,50,59,-6,-58,65,-45,3,90,40,65,-89,-60,-97,-26,65,-57,-39,99,89,-94,51,19,-7,20,-3,37,-5,45,7,-72,-56,-35,-27,99,7,64,-29,32,-15,-17,53,-81,42,48,98,-72,-45,-36,47,-81,-17,40,7,-20,51,35,-80,-79,93,15,-10,26,-40,9,-36,84,28
6,-95,43,-60,92,81,87,94,73,7,-86,-73,-73,32,-2,-33,72,-73,37,-55,26,-61,-58,-71,-68,-70,-33,-7,88,62,93,-2,21,44,-87,47,-1,90,15,-53,82,-32,-13,37,-54,43,25,-75,13,-38,-25,-80,-5,55,-11,92,-49,68,-78,-51,-16,92,-43,36,-75,-10,5,10,57,-36,61,45,-63,72,2,65,79,-6,-83,-87,94,-34,28,-98,8,77,-48,50,-10,56,36,44,-28,-91,8,21,73,29,98,-24,-22
-27,61,-97,85,70,-50,53,36,91,28,69,-69,-85,-26,-58,-85,65,-19,66,68,-9,27,-5,43,62,-59,-85,77,-5,0,54,-88,-5,27,-95,-46,-29,-34,-92,-48,31,66,57,21,-85,84,-67,57,5,43,-11,33,21,16,78,93,-25,34,95,-85,85,71,46,-9,3,-62,2,-85,94,99,-71,-15,75,52,-23,88,-93,68,6,-99,-75,43,-75,-90,42,32,-9,-35,-22,-98,-46,-36,-36,37,-96,-6,95,-48,40,-93,73
-63,40,-55,-97,92,-13,-6,-73,24,-53,3,41,42,99,-38,-20,-64,-42,19,45,23,-81,12,-59,-66,-56,24,-72,-37,74,30,-34,63,25,84,-83,-85,-60,-44,-66,-32,93,-51,-34,-13,-54,-24,-21,47,11,-78,75,-50,43,-79,14,-55,-42,67,51,25,15,17,-42,-23,86,-37,91,-21,18,32,-32,-67,-74,-97,-61,62,-12,43,71,-12,58,33,72,77,-49,26,88,71,-68,87,35,41,94,-21,-57,74,1,75,-74,-68
-95,-8,-48,-14,-80,69,59,96,24,-57,90,83,35,-75,44,47,-43,82,-41,27,-31,37,-25,-36,-95,41,100,44,29,68,-53,15,-26,59,88,-29,-7,32,83,21,8,55,6,37,-72,12,-22,-29,11,35,0,22,6,38,30,81,48,14,16,-19,50,-30,-53,-22,19,99,40,-29,-4,-31,20,-50,-86,77,-22,-8,50,-31,57,65,38,25,-18,-62,-36,68,40,26,-14,-44,4,64,-84,-53,36,-7,45,91,56,40,60
41,-25,-99,-53,53,79,54,-32,95,88,-15,86,-4,13,32,-39,68,23,14,-14,53,-20,84,3,38,-32,-12,93,23,10,-1,8,-20,-42,89,-49,-45,36,52,-28,1,27,65,80,-18,-11,19,-5,46,-80,-93,80,-64,-19,89,-82,31,-80,28,-18,31,36,-22,-45,-42,15,83,67,-63,-12,-52,47,-84,-29,-36,34,-32,-54,-55,71,26,-81,-27,-9,-58,20,45,76,-100,-43,20,-43,-79,46,-27,-10,-20,20,-62,-95,-91
-98,-63,0,64,70,14,46,-72,48,-97,66,26,-100,35,-49,-60,-33,97,-91,-19,2,-93,-48,18,-79,-39,-78,78,-83,98,91,53,-32,75,-3,70,-88,77,43,-79,14,-31,97,87,-45,-92,-57,-78,-61,25,-11,26,14,-80,-88,4,63,-47,-23,88,91,-84,81,-21,-57,79,44,-19,71,100,-45,80,-5,-66,-43,9,-31,-17,73,24,12,1,-49,74,-56,21,59,93,90,-27,-87,-44,-80,-98,9,-37,25,20,60,-9,17
-78,-84,73,93,-38,56,87,63,30,83,-32,14,5,30,-5,64,-2,-9,-22,54,-9,-37,-46,-14,-43,50,15,-53,-55,-26,-7,64,63,94,-13,-27,24,66,-17,-97,73,18,79,-37,16,-83,76,-48,24,-26,32,-57,-94,-61,14,-52,-17,-79,32,-88,-4,-16,42,-31,5,-73,1,76,11,-2,11,87,75,-41,-20,-75,-85,3,-36,-93,-5,81,24,-65,33,-70,44,2,91,62,-61,98,24,73,-96,-59,29,-96,-89,-45,-65
80,-33,47,-42,12,44,86,-39,65,-73,2,78,-44,-94,-14,-87,-39,-24,35,35,-96,-95,29,-42,-15,-39,2,6,-16,-16,-74,-40,-29,31,-44,-77,78,-68,-78,-51,76,-69,-60,-78,16,-86,13,28,-4,-32,47,-82,80,-87,-91,-14,80,49,-66,-50,-37,-31,-84,51,-57,-34,45,63,-12,6,-94,-53,-63,-18,33,87,28,96,-67,-38,-16,80,-94,79,-66,-68,-50,-69,69,29,-37,-12,-67,-10,81,-41,52,-65,-38,-29,-72
-24,-97,-8,-56,91,30,61,-35,-69,93,-22,-22,-70,68,-57,14,-92,60,73,-55,68,-73,-59,40,-48,40,54,-54,-36,19,-18,-81,-20,-78,7,43,-36,29,90,-35,-83,6,-3,-81,75,-35,-87,14,69,-38,56,17,-2,96,-80,-96,37,96,13,33,-100,-22,-61,-97,72,48,-48,-74,-20,-90,65,-32,-62,97,-32,-94,29,-50,54,60,-12,52,74,79,55,-62,-71,-67,100,54,-36,1,5,-43,-35,33,0,69,-48,-85,88
-72,-4,9,73,46,6,-35,-71,55,82,-26,76,-28,-99,52,38,-82,-95,84,12,-42,42,3,61,72,25,-77,-42,-30,69,-19,26,1,-9,80,51,-86,-96,62,-37,49,40,-98,63,-73,23,61,-88,-60,-76,-20,2,100,68,-49,58,26,62,-15,63,56,-86,-87,-54,4,53,-41,-33,-23,97,-65,41,-2,15,-85,-82,38,-24,5,88,100,27,-7,42,-45,8,71,-53,-26,-79,33,90,-37,7,-78,30,78,82,-27,-77,-5
26,78,-98,-93,-92,48,-64,-67,19,-35,-32,33,-69,-35,84,-57,80,9,7,14,5,76,60,-58,-88,-85,25,-8,27,-80,18,-69,26,-76,-93,48,78,-77,92,63,-38,-16,80,-29,-34,-81,-31,-76,65,-16,35,-7,60,-18,23,-74,99,51,-28,-6,5,-56,38,-54,-100,41,55,20,-35,74,-86,63,63,-76,34,-51,24,-64,46,30,86,14,-67,-98,53,-66,-65,-29,5,16,65,-91,55,-18,82,-23,89,61,85,6,12
-38,-36,15,85,-19,62,-63,-48,-38,-70,32,-83,-24,-26,80,-77,-48,-74,79,35,-3,46,59,2,2,75,42,72,-22,-42,81,57,94,66,-51,64,-3,-8,12,-66,-5,-70,-60,83,-23,-98,-11,56,-58,91,35,-46,-4,83,68,66,1,43,-23,-55,-70,-80,8,84,3,-42,-65,72,-87,-73,77,96,85,7,-93,-84,50,-59,93,-8,61,10,-92,-83,51,-57,98,-74,-89,-29,-93,85,77,-73,4,-90,-87,-75,58,-39,-8
-37,38,-64,79,-84,-32,-31,90,98,99,21,85,66,77,10,4,59,-36,-85,51,-69,-8,9,93,-44,-61,80,61,10,-60,-62,37,-88,-74,-28,-62,41,-92,-44,-49,-57,-27,83,-36,3,-7,-93,93,-88,27,-20,28,0,-13,-30,95,-77,-32,-67,-71,90,-11,73,65,39,-77,76,48,27,-27,-91,-42,19,-88,-68,8,30,97,93,27,14,97,-53,46,-6,33,-82,31,88,0,-53,-14,61,41,-68,10,87,-41,-83,21,-80
-70,-63,-36,73,33,28,-95,-85,35,47,-14,43,-15,-24,-49,83,57,92,1,33,-2,33,24,-57,-14,-85,-19,6,16,90,73,-9,20,-30,-98,83,-18,-86,-14,-21,65,58,-61,-22,46,-36,87,-54,20,43,8,6,94,-81,-94,13,-70,-2,-63,-59,-96,-78,-86,-2,67,-75,-71,-35,-9,29,81,-46,34,-50,-92,-40,-7,-29,-13,-12,-9,-12,-34,-31,98,14,5,-96,-53,-95,54,52,-15,94,-87,72,-90,-88,-4,39,40
-72,-13,4,-19,-63,44,-59,-3,-30,8,-8,73,-71,-73,-56,-86,-33,87,87,4,-40,-4,-13,-81,2,-95,-61,63,-18,87,47,-44,-42,-60,-78,-43,3,-14,-100,-62,70,-94,98,44,44,82,38,12,-63,-45,-26,-9,20,20,-65,72,-21,34,58,15,-5,96,80,-44,50,-72,18,94,-53,81,26,46,40,-81,90,-16,-87,33,38,-34,29,32,-68,47,29,55,69,-78,8,-48,-56,-100,24,26,-61,59,-65,26,-40,-16,59
-38,32,-92,-14,58,-76,-81,-50,-48,-1,-38,91,5,-27,-15,32,52,-69,38,34,-89,-12,-73,74,-13,35,83,28,-54,-97,6,-12,-3,41,-26,80,-65,-67,97,-45,72,-6,-30,60,8,-29,46,-18,-38,64,66,-79,15,53,-68,-96,-9,-79,-54,-50,37,76,7,-47,-58,64,-11,-72,85,-7,55,-67,28,71,48,86,49,91,97,78,-71,-83,-32,-55,65,18,72,-46,6,74,22,-2,69,-36,26,-55,-15,-51,-71,35,-8
-27,-16,-19,-54,-83,28,50,-51,-13,44,-63,57,49,75,-54,35,-36,-64,53,-8,-42,46,-61,-27,61,73,71,30,62,-80,72,-25,-31,-31,89,-72,70,85,92,26,94,61,21,60,33,-45,36,87,-31,90,65,36,41,77,18,-13,-78,-64,-21,-33,-82,-10,84,100,-19,-76,95,-2,66,-93,-81,84,48,69,51,53,50,61,27,84,2,-95,-70,-30,-88,-76,22,91,52,49,-79,79,-40,86,99,-59,26,-16,4,-20,47
-19,11,-93,-82,86,27,-36,-94,-12,-16,-95,74,86,68,-5,56,-22,-94,62,-90,46,-11,59,-14,-95,-33,-92,-26,37,51,-31,44,-33,40,13,48,-1,16,-46,-75,-20,18,-78,-47,24,73,-41,97,43,-80,-23,-100,76,23,-36,-32,17,-56,-98,66,-78,-47,-60,43,-51,74,75,-94,27,-9,32,19,-43,11,66,100,34,-4,30,68,78,-76,-86,-32,63,-57,-41,77,-78,-8,42,-70,77,7,-67,57,-73,-94,14,97,-100
44,-70,-50,52,2,96,-81,54,53,26,74,56,-90,57,-3,-93,-42,-58,35,-16,55,10,56,-66,-65,9,9,-77,-60,-80,5,83,45,42,-17,-94,29,-30,85,87,66,10,-88,-25,74,18,-89,-44,-36,-50,16,-100,-55,3,-32,44,60,17,51,-90,30,-47,46,-83,56,-1,50,-72,-74,38,42,-24,40,-80,-7,86,25,15,-85,5,89,99,-81,-38,-54,-41,91,-85,27,-3,-81,-48,45,-68,86,63,37,1,41,57,81
-50,-65,56,-61,-58,62,90,-61,34,0,-11,-48,50,-5,22,0,84,49,-28,-85,51,87,76,-79,-83,87,84,31,46,-73,66,85,8,12,27,93,76,25,-89,71,44,41,-57,53,-98,17,13,89,45,71,-26,40,-44,-42,-43,-29,-24,-75,4,87,-82,-83,83,-22,-87,-10,-35,-73,-1,27,16,-27,31,-53,51,76,81,-51,9,99,-44,-76,57,74,-6,26,30,-93,5,-43,-43,91,19,72,59,-28,-5,86,85,-64,-69
-95,31,-75,-71,-22,-3,85,77,20,69,-55,42,-4,54,15,8,64,44,53,5,-90,34,90,89,16,49,-66,-29,-36,-33,39,21,10,-74,51,4,-78,-10,51,-61,-55,-3,-89,-9,80,38,-65,5,58,86,-61,-21,-87,-50,-92,-87,-3,50,75,97,98,-25,-52,99,0,39,-57,15,94,95,58,-90,56,50,-2,49,32,-64,-63,-12,-32,-69,71,-52,11,100,17,-69,92,-77,93,-57,-52,29,-11,81,22,99,-75,-62,98
68,-46,-24,23,-56,87,47,82,-40,15,21,-38,-39,27,-24,-34,-47,6,88,-52,-53,-72,66,93,59,-42,73,-11,-77,-77,-24,-24,93,-23,41,-73,-40,-7,44,63,7,-15,95,65,-48,-18,56,-22,-20,39,7,2,34,53,67,24,70,82,-54,96,56,-10,25,97,58,74,-5,19,-13,29,-89,-42,-37,-67,83,65,-34,79,-73,-85,-71,-71,-73,-32,40,80,73,-92,-76,80,32,-4,-4,-46,96,-73,78,52,-87,-42,-30
-11,69,59,93,-16,-52,99,-92,-54,-2,55,-48,-65,-95,44,25,67,-76,40,3,100,-98,1,24,87,-69,69,50,-5,-55,20,-48,-28,-42,-1,-89,91,61,-23,4,70,100,69,82,-7,74,-4,-76,95,20,-7,-94,-14,28,30,-60,28,40,61,-24,24,-5,85,-69,-66,25,-62,2,-6,-65,5,-55,54,64,66,75,-6,-70,-22,75,-13,-40,23,-98,-12,1,-86,13,30,25,38,45,-63,16,50,9,4,-83,-41,40,41
15,30,-34,-2,-86,24,-64,84,-100,25,-12,-71,-82,-72,14,-49,34,99,29,-22,-36,-70,5,0,92,56,98,65,-16,22,85,-99,-51,11,-13,3,26,-38,-74,57,-17,-99,61,-84,-61,94,6,46,-99,-11,-48,50,-100,-31,-49,-81,30,-72,43,16,39,87,65,-13,-30,-42,69,-34,58,74,-96,12,93,26,-10,-68,-15,-73,41,-41,94,-56,-36,-13,-72,-47,-80,-97,-80,51,-29,92,48,-2,60,4,-69,44,-89,-73,-30
89,-53,39,55,-37,-18,-10,97,63,81,59,-6,-40,49,-40,48,28,-56,-3,86,73,63,60,3,85,-61,-100,34,38,44,-95,-15,61,93,-29,-92,69,30,-37,-100,-81,88,-90,-61,-60,-85,34,-93,-74,-90,0,54,-1,3,-62,-53,-69,98,38,2,-34,-14,66,33,-62,-61,-9,-8,-22,16,-92,-52,61,6,-78,67,-47,-30,-65,-75,20,78,81,83,-66,-77,-9,75,92,34,-92,23,39,-45,-87,93,87,-63,91,22,84
-88,-52,-20,24,-10,2,0,59,-8,-44,7,-78,-29,-6,61,19,-97,-92,24,-77,93,-94,-28,-3,-49,6,-33,-61,-90,62,56,-77,5,94,23,-4,-98,78,-82,-66,25,-8,7,-23,76,0,-43,-48,82,77,-10,43,-50,22,-34,90,9,66,7,25,-66,23,-38,-75,-97,14,99,-58,-16,81,-64,-78,-46,-12,-71,-72,-2,-31,-73,90,55,-28,-79,13,24,8,-40,-3,51,-4,88,60,-64,-89,83,1,-100,-71,-81,-17,38
-56,80,-49,-56,85,44,-23,90,-35,-94,10,81,23,-41,7,-13,-81,-34,-62,-22,-75,-39,-64,-83,82,-34,-39,34,66,-54,-70,-65,-83,74,-44,-78,91,51,58,13,11,-55,60,88,-53,74,-47,-70,98,-79,-94,27,61,77,-9,3,-61,-77,-52,-79,20,-72,-72,27,40,-4,84,-32,-11,-74,-81,87,-26,11,15,22,95,95,-88,94,-72,69,46,-99,-57,57,-23,42,18,50,49,24,45,10,-54,36,63,84,-30,91,3
-13,50,42,21,-26,-8,80,-56,33,-90,67,-68,99,-17,98,-86,5,70,-50,22,-7,-43,-75,73,-94,-78,-41,79,-13,64,-21,52,-54,-96,-19,64,96,16,23,-72,66,-10,-9,48,86,6,-34,-79,60,-14,9,25,-51,91,79,-8,-76,-6,76,-10,-43,-38,68,-7,-73,64,57,-55,-21,0,-95,51,88,90,32,29,-37,-14,89,-53,43,18,-99,66,-45,19,72,-58,-32,-25,8,44,68,-83,-30,61,77,14,74,-87,43
42,92,63,-9,-18,-43,7,-47,-14,-74,-72,-16,99,60,-72,95,-56,-50,-67,-91,-58,31,-37,-23,-68,82,28,4,-81,-28,-50,-57,-64,-99,70,-62,32,59,-61,-75,-18,90,-1,13,27,-32,-70,-55,-37,-32,85,85,-78,-66,-14,97,85,79,-9,93,70,70,-19,96,-25,75,30,89,-81,-18,-47,78,-34,11,65,46,92,-38,25,-30,29,-94,59,-16,-98,40,45,-5,-35,-91,-39,35,78,-94,97,-22,-99,36,-22,-3,96
87,-82,84,35,-63,-41,-37,19,-19,-70,-49,-65,-13,-71,95,65,-65,74,93,55,-3,6,-42,-55,-58,84,73,-64,85,-83,-86,-19,-3,-11,93,-53,-37,81,-62,85,-58,-85,-35,16,24,-100,-11,-49,-74,28,19,-29,-40,-38,40,-39,41,-75,-90,10,34,-61,71,-45,67,7,-18,-43,80,52,90,-4,89,78,-77,80,-48,-63,-54,-1,-60,-56,9,65,64,38,76,39,-69,15,-57,-93,9,-18,8,17,37,3,96,-4,-70
100,38,-14,48,31,61,-93,8,-56,0,-98,-91,-35,-18,-1,-74,-79,58,-46,-96,36,-45,-47,61,-45,11,62,79,74,43,-18,40,44,7,-86,-66,80,-84,30,-1,36,-11,-30,27,-16,68,61,-40,83,-13,91,1,41,-80,-3,99,19,-46,-34,-94,-73,-42,67,31,100,-86,42,-62,71,-9,-60,-55,-25,-52,-51,-2,45,-85,32,41,-64,77,17,74,-29,53,57,-18,-47,-40,-56,5,88,97,-5,-46,-70,55,98,-75,-55
12,97,60,-33,64,36,-27,-5,49,-21,4,-44,-95,74,-23,37,81,77,-19,-6,-32,-40,-66,47,97,5,-66,44,48,-22,-68,91,14,-23,-11,-56,94,71,-66,-9,86,55,61,-63,-33,91,-28,-14,17,67,60,59,-81,82,43,46,90,89,59,-39,31,-46,20,-82,12,3,49,82,-98,87,-6,-49,-11,-75,-67,-62,-100,-66,-85,45,-45,86,0,59,-84,27,71,11,83,99,64,0,-66,-26,78,-10,-60,18,-26,36,-87
76,-86,-82,44,-91,-78,82,-73,-63,32,67,-69,41,-40,-11,-37,-69,93,72,73,6,-48,-98,-30,-75,42,88,90,-90,1,66,40,97,-33,-51,-80,-8,72,6,30,-21,73,-6,-43,-65,34,66,69,-74,-69,-19,95,-72,-55,83,-80,46,68,-33,-56,-81,-77,-23,96,-32,-84,-36,-79,-82,-60,-28,27,97,-13,-51,96,-85,-55,-73,34,-84,79,-84,-89,12,51,2,-6,-4,-87,87,11,-47,-14,13,91,80,-17,41,91,34
-53,-80,-97,-2,42,-36,-15,6,0,81,82,42,85,49,-25,-87,-13,-54,-32,90,38,-78,-30,-78,71,40,24,-60,-87,-59,72,-51,42,37,0,-61,-41,5,-90,-43,-96,-36,21,-6,-8,57,13,50,-64,-66,-97,43,66,-61,86,71,-88,-10,96,-29,-15,85,-48,-77,55,44,43,-89,86,19,-24,-32,-98,-32,59,-57,35,71,-19,49,8,30,-82,91,99,77,61,42,92,-67,-65,25,54,-89,-47,-31,44,96,40,-67,3
26,-5,8,-20,-89,-71,85,100,24,-81,56,99,64,2,-22,51,-77,-15,-56,-22,43,45,-99,93,-10,61,-37,11,75,31,-12,5,-81,30,76,-14,-67,34,-42,-70,-67,34,-62,-96,-33,-53,100,-13,99,87,-92,69,-97,-89,-22,72,69,-52,31,42,7,-29,-16,70,47,-23,-1,17,3,-25,-41,39,-54,74,-79,-66,-7,79,56,-29,62,-67,12,62,78,5,-17,30,33,52,-39,27,53,-3,-46,-30,-40,-43,37,71,74
80,57,52,24,-45,22,-32,9,31,-15,-78,-95,75,62,85,54,-3,-72,-14,-21,33,100,-80,60,100,-98,49,-63,-42,-8,-94,-10,1,62,71,-62,-97,-70,59,-37,-9,12,-18,20,40,-40,-69,-72,-89,59,-95,-15,-53,5,-95,81,20,17,22,-21,-80,69,-36,-46,-60,-50,13,-23,-59,-77,-58,-3,-90,-88,-17,1,56,14,-97,7,-14,-85,55,-24,74,30,-14,-28,37,27,42,-50,-66,8,-97,9,-88,34,62,-46,-72
22,-13,-73,81,13,53,66,-85,90,51,-51,-20,-37,41,33,-99,-66,-2,-78,-98,70,24,51,33,96,-9,70,-4,-14,-17,-97,-98,-90,-12,73,43,-50,-21,-68,-2,-40,34,10,40,70,-99,7,-14,-70,46,3,31,25,-40,-85,64,86,-68,56,34,77,76,72,-14,-50,20,65,50,-55,-85,-14,70,-86,-27,83,-71,60,75,4,73,92,98,5,86,-58,-10,51,5,87,93,24,74,-6,5,81,-92,72,-78,-8,31,76
23,-65,-49,-36,-69,29,-62,3,-29,-15,48,-17,-4,-72,-68,-10,84,-64,-4,71,-8,-91,5,21,46,-81,32,-100,-84,25,-95,-12,54,-33,-79,-35,57,93,18,-67,-60,7,-76,-55,-21,-96,-88,-78,-31,26,-58,44,66,-69,-4,90,-32,-45,80,-31,-87,-95,10,83,58,-2,-90,90,-62,-62,69,98,-29,20,98,-36,-75,85,16,49,92,89,52,49,-36,-71,68,21,87,24,-5,-83,66,95,82,56,-65,-91,74,85,-28
-24,29,-52,-33,56,8,-41,-52,93,-73,-89,-42,39,12,62,-58,2,-21,2,-3,11,-41,40,4,47,-75,52,-98,-86,45,-9,64,-11,60,63,-94,-11,-22,-62,44,22,35,-100,-24,-31,-35,81,33,76,39,37,97,18,23,-22,-83,-47,48,-17,-82,-46,31,-100,82,-37,-52,57,-63,-21,76,-68,54,85,8,1,46,-96,98,73,100,-4,-60,-33,16,-93,43,-7,-38,-94,43,-51,-62,-61,70,70,92,-23,-26,79,-19,83
10,-3,43,-53,46,-99,-46,56,-16,-1,16,15,-20,-41,-50,51,67,42,-92,-90,27,-75,-46,-36,-72,-67,90,39,-28,-99,-4,-40,-90,11,65,-42,90,17,-90,-49,66,28,75,5,9,-42,-59,96,-30,5,40,39,-61,93,-43,18,66,100,27,-1,87,-88,6,-27,78,-57,39,0,-52,0,-52,-85,-15,-2,-17,-11,100,7,-74,-2,-88,91,-85,-93,82,-13,89,-49,-44,-88,-22,87,-68,50,98,-15,52,88,69,-33,20
-77,-39,98,-38,-49,-84,66,66,27,-73,-78,-11,54,-75,32,66,-86,76,6,78,-73,41,27,-75,-59,3,-30,9,65,82,53,-29,-64,-96,-17,74,91,-95,-24,-84,-23,69,29,38,-45,-19,-22,-24,69,-37,81,-66,42,-48,-34,-57,-40,14,-77,59,96,-79,-47,37,46,-12,-96,43,10,-64,-72,-4,-7,83,-1,8,4,71,100,34,-1,10,66,-15,72,-78,-4,-12,-93,-49,-4,-100,-91,37,-61,79,-11,35,32,19,-95
73,-97,42,33,-93,33,24,84,48,-37,-4,-72,-10,-13,7,-44,-91,5,4,66,-46,-23,-3,-87,-96,-99,15,27,-39,-30,-97,-79,91,43,-11,-92,91,73,-34,-15,-12,100,79,68,20,20,54,-3,9,76,40,-63,41,13,-21,53,-37,-94,-16,13,-5,-2,-77,83,-17,-9,19,-80,-18,58,-90,-72,23,36,88,88,-22,89,21,74,43,-66,23,-41,42,98,-38,-76,-42,-40,-9,65,58,79,44,85,41,49,-96,-31,28
-6,-5,-94,36,-21,-47,-32,95,-73,19,35,84,12,42,20,-8,71,-31,-26,51,-97,56,-75,-88,87,-52,17,29,18,-27,-62,89,-31,15,-61,-62,69,-34,79,27,10,36,-49,-65,66,17,0,14,45,-3,-5,-79,13,-72,69,95,39,-33,71,6,-84,13,78,52,-96,13,-68,36,-98,29,-97,90,61,69,-85,48,13,10,-34,-14,-27,-92,72,-12,-48,-74,-9,86,72,-30,13,-49,-67,62,-39,-11,-58,82,67,49,-1
33,-77,-65,20,-32,80,91,-67,64,91,-31,-80,67,-6,-86,54,53,50,-10,80,-41,100,96,61,-91,19,55,-60,-68,-7,42,25,-34,80,-43,17,-93,16,-43,76,11,53,25,68,-25,25,40,22,3,-97,-39,-45,-65,-86,39,4,50,-47,-15,-78,-87,56,-32,-46,-81,-63,-51,-85,11,-91,30,-42,8,-74,41,-26,21,56,-91,-79,-30,-81,-18,-36,-36,31,25,23,-18,24,-91,-43,-25,99,95,-85,98,-61,51,62,-90
-12,-100,-9,-47,56,95,6,-5,22,-64,86,34,76,-25,74,-75,-6,28,100,15,0,0,4,-2,-70,37,79,97,-43,-18,-23,97,-81,96,-8,-35,79,-28,27,11,45,86,-29,-4,-14,37,33,28,11,-29,-20,77,36,99,-6,-58,-31,19,36,-16,-7,-83,50,84,-15,-26,-27,-59,-68,63,58,21,82,82,2,62,87,-27,1,62,-79,-19,-41,-77,-88,-74,56,44,86,-92,1,-19,-26,-18,-80,-25,-29,-93,-59,54,-82
21,-89,-72,51,-98,25,65,22,-69,100,-36,40,59,62,39,-93,84,-96,-25,-16,11,-17,-71,85,64,-1,35,30,3,15,-20,-48,56,11,87,-21,-94,-18,-91,98,-56,-16,36,-83,-89,93,70,88,44,11,-83,26,20,89,14,-46,80,25,29,-25,-92,-28,-88,-61,-81,-81,22,100,-21,-64,48,-39,58,-1,45,22,96,94,34,93,-18,83,5,-11,30,29,-56,60,-13,20,-12,15,50,-38,-45,67,-62,84,25,-19,-69
82,67,24,-56,87,-19,-11,-79,13,13,17,33,-65,62,0,38,-85,-27,75,42,54,-96,-73,-43,-32,34,73,-24,-34,-80,91,-11,37,-5,63,-40,-91,50,-26,-87,53,-52,18,25,87,54,42,70,-35,-43,44,6,-67,24,67,65,37,17,51,-87,85,-5,-41,-23,-12,-24,80,33,29,-91,-39,-76,29,-27,46,67,98,46,19,-50,82,54,48,91,-57,91,-58,-28,-54,-52,-57,18,-98,-36,14,-69,20,37,-95,-21,-23
-87,-25,36,78,-91,-95,47,-52,36,-84,-14,37,-78,-94,69,79,-2,-29,60,95,86,80,62,7,-34,-46,-96,81,-25,97,-20,45,50,-3,-79,18,-9,90,71,-34,-40,58,-37,17,81,92,-84,0,-88,-82,7,-75,76,7,65,36,37,-77,0,-43,66,-33,13,-14,34,-43,-57,90,38,99,91,-12,-66,-59,-99,-9,-80,-52,83,-14,94,25,-71,-66,7,-65,26,56,-45,57,-61,8,39,97,41,74,-49,98,-5,-58,89
83,68,80,-67,78,90,-9,-32,-67,-32,78,83,-35,-58,-19,36,-39,12,56,-9,39,83,18,-11,-63,36,-64,-65,-45,-53,-74,75,89,-98,25,-74,-54,-3,-93,94,41,40,-45,34,29,71,46,62,14,35,-22,21,-12,58,-29,-32,-75,86,-48,86,24,27,77,69,76,-15,-94,94,71,-83,-19,86,66,-44,43,-29,-92,-14,79,-15,-86,66,-80,-96,-22,-91,0,68,49,93,-71,-24,92,-39,83,31,74,-61,6,56,5
-25,-93,75,1,-54,-9,-56,55,-82,75,-64,-50,-26,18,38,-92,-30,-77,37,-31,76,-41,41,21,-63,39,-34,-62,-97,-8,78,40,-90,-24,-83,39,9,79,-8,76,-66,87,58,18,87,-91,-25,37,-26,52,-15,2,72,-81,-56,88,50,-98,20,45,64,-78,27,82,55,-43,33,90,42,89,-97,-94,100,-33,-41,46,28,37,71,41,36,100,37,-12,-63,-28,-15,18,-64,11,-68,1,-72,-58,-3,24,30,-99,-57,53,43
-8,53,98,-5,-14,45,13,-32,-37,26,89,-99,-93,-84,10,-100,58,12,27,-46,23,-78,-61,-64,-17,-64,-81,26,-67,-11,68,-13,-61,70,37,-8,59,-51,90,-31,-11,-77,-11,-37,-74,-34,42,86,53,-30,87,54,-28,-3,96,-21,-62,-37,12,-71,65,-62,-18,-47,-10,80,-59,61,60,-41,50,13,-76,-73,-62,49,-82,28,-72,-80,-75,17,98,80,-10,-73,43,-97,-29,99,34,45,88,40,0,-80,-5,-52,76,84,42
-52,-37,78,32,27,37,-52,-70,75,-9,-28,-24,-61,74,-59,28,27,37,-51,-95,49,-81,22,-6,-28,-95,-71,-30,18,90,77,26,-35,36,-59,14,41,-68,-68,50,-79,26,-89,33,1,-4,22,59,55,-32,26,-27,-1,-97,-28,50,47,-16,19,-34,35,-98,-84,-78,24,60,10,10,-78,16,32,-4,-76,2,74,-20,-1,-33,-96,-95,27,-39,2,-35,-46,54,-26,-73,-90,-26,-41,-64,-3,38,-82,64,-26,45,99,-63,-99
35,-99,37,-82,40,-3,-4,69,58,-94,79,54,100,82,26,38,32,90,-42,41,75,88,-38,6,74,66,-1,87,99,-18,5,-26,26,-32,-98,-35,-16,-21,29,-95,-85,-4,66,55,-8,68,50,-9,-16,-92,-98,19,53,-60,-33,94,-88,-87,71,-94,-95,-40,-42,22,80,62,-74,-50,56,-27,73,55,-29,3,-80,49,16,-56,-63,22,-87,-83,41,74,39,-2,19,-74,79,90,79,-78,86,67,46,-31,39,-66,-76,-20,4
-51,-62,-8,-37,-93,-99,97,99,53,-71,5,-35,98,90,-79,-49,-81,96,-36,77,95,86,59,-83,52,85,-2,87,-66,-69,49,-90,89,8,-4,-92,21,99,38,-84,-53,11,-88,67,-54,-14,97,-72,48,2,83,-23,-8,-10,-92,-74,-18,8,-40,87,-77,76,31,73,76,-65,-54,81,-72,11,-49,-30,23,-17,87,-32,-27,68,18,-17,-92,-25,53,-31,-64,67,75,-66,42,-58,-58,3,45,-73,-92,-76,-62,-36,-75,84,-36
62,-85,25,-91,8,21,-8,57,-85,-28,71,-2,95,-3,-31,54,55,32,-30,-24,75,-49,-30,-2,13,16,-50,-71,32,-65,-73,33,24,98,-25,43,-37,-1,-6,55,-76,81,-30,25,65,51,7,-48,-100,-8,-87,-17,-93,54,-55,-9,52,-69,-46,-6,-76,48,41,76,-18,78,-24,81,64,48,38,98,61,-76,-71,-28,74,-70,-93,-67,-7,-93,-33,-33,38,-11,8,-47,-89,72,6,-14,60,-28,-63,-47,67,20,-75,-6,-30
2,40,72,2,-31,-74,84,90,-10,-16,61,-12,-73,-41,54,-83,-47,12,-53,-30,-95,-30,56,-37,-26,-17,-50,-73,36,57,36,40,-46,44,-51,62,90,-17,62,37,27,36,-83,-30,-82,-86,93,-45,-4,41,2,-51,73,-22,94,-86,-58,67,36,87,-76,-95,28,55,-23,-47,-96,-17,10,-2,-35,32,-35,-9,-31,-52,52,20,-26,0,41,72,-72,9,-16,-58,77,38,-97,-75,25,-46,-100,-13,-31,7,-38,100,63,-93,-99
58,-50,-94,-25,35,-75,-71,47,-55,-36,-49,-42,-50,-61,-99,-71,-93,16,57,-49,20,12,88,-66,-25,-93,16,-17,24,-71,-23,20,-16,29,-85,-95,-16,50,-10,-25,-40,-47,91,59,51,-5,100,-50,-57,-50,-64,64,-25,-64,-32,9,-12,-94,100,96,22,89,-3,-77,-1,82,16,-32,34,-52,72,-47,71,69,-21,16,96,14,-87,38,-37,97,92,49,64,-33,-53,33,-17,-8,3,31,-55,44,-47,9,59,28,-60,-1,-89
-55,81,-25,12,-96,-51,-40,42,-91,-70,-92,-89,35,-51,83,-82,-96,25,36,-44,-96,-28,-82,-37,-11,100,-32,-40,54,10,-28,-9,-41,81,89,-19,94,-46,66,69,-78,-30,90,-4,87,-48,-13,69,71,69,54,-53,10,-48,-11,-33,-39,-24,-25,79,-21,35,-100,31,64,36,53,-19,-21,-64,-1,-37,-10,-59,-2,92,77,2,77,-17,31,-89,-73,-64,16,36,-32,31,-8,-24,-100,63,70,88,-81,71,3,-31,-31,-78,-4
21,-34,-47,-2,5,15,-34,63,14,81,-63,-2,14,-35,-25,24,-63,-20,19,15,-95,11,-33,33,85,-48,-68,-84,16,-1,13,-77,-61,56,16,16,-48,-35,92,77,60,91,17,-11,-78,-23,12,15,46,-16,-13,-84,4,-31,-29,-39,-49,-67,38,100,-55,-58,-66,47,-70,-56,-76,-9,-84,94,-96,-36,-85,-30,23,-83,-80,2,-35,86,-52,35,51,-4,-51,-32,30,-63,-10,-98,16,81,56,66,-22,10,58,46,-24,-24,34
64,-76,-47,53,64,88,-93,-38,35,-85,-64,83,57,98,10,-21,87,13,-2,92,99,-38,-66,3,-48,63,-90,52,38,-10,28,-83,-87,-14,37,-79,-12,25,33,-35,-30,-90,-76,63,74,72,73,53,10,-99,96,-99,-43,3,-75,-13,29,-11,3,-97,-23,10,11,-52,44,93,-68,-32,48,82,16,-84,-58,-26,-15,-1,55,57,-48,-60,-75,-15,-16,-54,15,3,7,11,-4,-2,-6,47,5,95,92,21,-92,-2,3,-44,-59
57,-66,-81,-44,70,-36,-29,-21,43,-74,-35,-18,88,75,4,28,2,49,-64,-58,-75,57,90,40,-53,88,-83,-65,67,-67,46,11,15,80,-55,75,-9,96,45,59,5,-9,49,-42,38,42,64,50,-10,98,-2,75,-70,-36,-43,79,-30,-82,-61,87,9,31,63,-65,51,-25,7,-14,-16,82,-36,-98,56,36,-35,-78,18,-47,-56,-24,-18,38,-43,46,-98,26,-80,-31,96,-55,36,8,-73,31,-85,-57,16,-64,-15,95,-1
53,-58,6,-75,-100,72,73,-43,83,84,32,0,-98,-13,99,89,31,76,-51,98,50,-46,14,-30,23,36,88,-18,-70,56,12,82,-33,-17,45,-59,31,-53,-58,25,-57,-59,22,-82,3,-8,64,51,-94,-78,-79,-6,28,-78,4,-42,-58,-12,1,-14,-48,92,28,-19,-62,-40,43,-82,45,-30,-21,13,8,5,91,-94,-92,-27,57,99,88,75,27,-42,6,64,37,12,-47,8,-43,-13,90,-8,-98,82,40,-69,-43,-62,-70
85,0,-61,73,68,-66,32,-42,24,97,51,79,68,18,76,61,-100,19,-18,-34,84,-35,-97,81,-82,17,86,-19,69,91,-23,1,50,-68,-42,-1,-53,78,-11,28,-95,-4,97,-93,37,47,-23,86,-1,66,-7,-93,82,-97,65,56,-36,79,73,-57,-53,-16,-3,-42,-97,-11,-63,34,12,64,40,72,89,91,100,-99,60,-43,-40,-47,-93,-100,-53,-97,-89,-32,-71,-88,-29,-20,-3,-24,57,-5,28,45,18,72,94,78,33
6,78,-35,-89,-59,-84,-45,9,4,-82,-69,35,-92,-43,41,-33,-44,22,-47,-64,-41,-25,13,63,-29,61,-65,40,-34,17,-36,-82,25,93,44,88,-45,17,-74,-36,28,51,-68,-7,-14,-46,-2,-8,-97,57,0,-98,96,90,36,59,67,-41,-47,8,44,41,90,-56,-55,-3,20,-63,-78,-75,-70,-73,-90,92,89,-74,59,-12,-37,86,-41,-60,43,-7,28,25,-31,-2,27,67,-67,76,84,58,56,-1,-55,80,-69,19,75
-50,65,-33,-14,-74,11,-97,-83,61,45,-19,-7,71,27,-90,44,-51,-28,-23,-74,7,-88,44,94,-56,93,100,6,-2,-60,52,-90,-9,24,33,92,35,-42,-66,-81,-32,-4,8,53,-22,-31,-53,-74,-53,45,4,-14,-37,-98,59,14,-17,-51,59,34,44,21,53,-16,24,-26,43,-96,-73,59,99,-43,-59,-82,88,-36,28,92,48,93,13,15,-56,-42,7,45,-6,-51,4,-16,72,-64,-51,48,94,-72,97,45,19,38,-2
-23,3,44,85,31,84,-31,-79,-24,42,-16,76,-23,-7,83,62,44,58,-5,-84,83,35,-46,51,99,87,45,62,5,64,-32,9,-57,-15,-47,-66,89,27,-65,64,-45,29,61,-100,-68,72,-37,-61,-56,47,-98,79,8,-80,43,-90,-49,-51,13,-58,60,-22,2,72,11,-61,-41,-3,-59,48,-36,6,-65,10,-78,-27,78,-35,24,-16,-51,73,69,92,1,80,87,91,-60,70,-70,-7,0,-94,36,95,-1,-64,-27,64,-7
-30,66,45,94,-34,-45,69,-76,42,-77,10,71,-59,19,-90,-99,11,0,34,-98,47,-68,-67,-39,-39,-100,96,-56,34,67,62,89,6,-33,87,91,82,38,90,26,69,-1,-32,80,39,76,41,19,34,-70,-84,-84,19,31,-67,-72,41,-92,-33,36,35,-58,73,27,-40,7,98,-66,-74,94,-88,95,-95,-43,-31,64,29,-92,-55,33,0,-65,-43,-10,-21,-22,-64,39,-28,47,58,43,55,61,-67,-72,-21,-68,91,-20,64
67,77,70,-81,-67,-51,26,-58,57,-83,43,89,-12,-73,98,-56,68,-52,-67,-98,36,-71,83,67,77,97,82,59,-87,73,51,25,88,-37,32,26,55,42,-70,-93,-42,-70,-24,15,-41,-93,58,14,71,44,12,3,76,70,-96,-65,-56,-71,-5,35,53,49,57,-17,23,-7,81,81,-27,88,49,90,21,86,28,-96,-84,38,43,74,3,1,-39,-5,-31,-86,40,-31,2,84,-83,-10,-73,-6,37,79,49,-100,-22,60,-22
4,78,-69,57,49,95,-34,-26,-13,34,46,90,-46,-82,-75,42,-47,-73,-36,87,-76,-56,95,95,-30,8,-100,-68,-87,-14,54,3,71,31,-4,-95,-40,36,-32,-86,81,-88,28,68,-1,-9,5,5,-85,79,17,100,-86,78,-3,-25,36,-22,5,-81,-95,79,-37,98,-48,64,-22,-2,18,-67,20,-12,72,16,60,-79,66,82,-65,16,-83,-81,53,-18,77,43,57,27,-1,96,30,-39,-76,35,21,-3,62,-6,-57,-28,-8
62,-40,14,-21,60,-11,97,-29,99,-27,-60,-13,71,64,-81,70,-89,-2,-70,74,47,98,-45,-43,-3,-93,-65,94,76,-68,-81,-3,5,79,-72,16,-79,-96,-99,29,2,-19,-58,65,88,-78,-16,33,-93,-24,-98,88,-86,4,-50,35,-100,-66,61,74,-76,89,92,-36,52,59,50,57,-89,50,41,-62,82,-80,50,89,-1,-41,1,40,8,-1,-47,-39,-6,4,97,-4,-56,51,-30,2,26,-90,71,46,-90,-13,32,29,72
-96,-59,31,-54,20,0,-57,-15,63,-74,83,-7,95,-98,0,-58,-43,-29,37,-27,44,95,94,-19,-43,-21,85,31,1,76,-4,55,80,100,-24,-63,84,4,39,45,-8,82,-51,25,-35,1,-69,-96,-14,80,37,62,-96,37,66,47,-20,60,-95,26,-63,-82,-38,99,-74,4,0,27,-75,-91,-42,43,-88,-21,90,82,7,69,-83,9,67,62,-89,27,60,38,40,35,-61,-78,73,18,-7,-41,14,3,38,68,6,28,-71
-74,-81,66,97,92,-50,1,61,78,-35,57,-95,-39,6,-84,-37,96,47,14,-62,-96,-90,6,-2,21,-72,88,36,37,-85,-10,13,-30,50,42,29,9,-48,60,-49,-11,98,-71,-31,-42,-42,97,-1,84,6,31,-74,-96,-23,-83,99,93,20,-98,87,-17,-22,-12,-2,59,-75,-93,-33,59,-32,-53,-4,-30,41,66,-78,34,-35,57,98,-23,-76,-48,-95,46,61,-6,-23,20,-49,84,39,93,-26,26,-38,88,-17,-100,62,53
-72,13,6,-15,32,8,-33,-23,52,-46,-47,59,-9,-93,13,22,-13,67,91,-43,49,46,84,-20,91,-64,85,54,26,-30,30,95,-86,66,59,-20,69,-93,95,7,-2,4,-7,-86,-8,36,24,-67,-45,56,12,24,-4,82,13,77,-94,-10,4,36,-74,-5,-35,-51,-53,82,54,-6,36,99,-10,36,-11,65,-15,-43,68,-43,-88,-98,66,72,50,15,93,31,-35,-63,12,5,68,88,-6,-63,-52,67,-97,54,91,69,-60
