-32,-42,-13,-57,-71,-69,-61,-18,-57,39,2,59,13,-75,-69,30,50,27,72,-85,-26,96,79,-68,95,-30,95,27,-1,-63,-68,61,-83,-21,-100,25,1,54,-21,63,-85,-40,29,63,7,-65,35,-51,59,-74,7,51,30,10,21,-26,-82,66,-77,48,60,-48,-60,42,-92,4,-35,69,-34,64,80,-75,58,60,-72,-20,9,-40,99,91,71,28,-48,-80,-89,-55,37,44,-24,14,-42,78,97,21,91,14,49,92,-71,-2,-10
37,96,32,6,-7,-8,-56,63,-56,-1,-64,36,91,-65,15,-10,-2,-13,-28,10,-58,-49,41,-60,86,70,-39,58,75,-43,-96,-93,39,-20,73,35,51,-31,-30,-17,75,-39,-41,-50,-53,3,-50,5,-79,74,99,-71,-52,40,-9,-6,24,79,94,-24,99,-1,90,-93,84,92,11,-39,-63,17,97,2,-10,8,38,65,9,-49,-51,-62,90,92,44,-72,36,-85,-14,45,8,-33,49,-33,-58,-37,70,22,-36,54,-33,-35,60
56,-78,-79,-2,61,-27,14,94,-35,-53,35,57,74,2,-10,-40,-1,76,-59,77,35,-85,9,65,47,16,92,22,-80,-20,38,-44,92,76,91,-98,-54,92,93,46,53,-16,-83,47,-73,-100,-3,39,-24,-52,79,-38,67,-88,69,36,98,22,-86,66,-94,-37,-40,57,52,61,-25,-25,-75,-53,-52,14,-68,19,-86,-45,25,6,22,-98,-74,2,-48,68,70,76,2,22,-62,-12,-72,82,-27,-74,94,-20,-6,-88,-96,-26,-49
-90,-35,-16,-82,2,46,-48,-25,51,92,42,50,66,24,2,-87,60,-88,34,-63,-38,-29,-28,25,92,-17,-78,67,-41,-27,-14,-96,18,2,-59,-39,-80,-79,-5,25,49,87,-29,-58,-51,10,96,22,-14,50,56,-59,-58,-46,94,-26,47,46,-66,72,-30,21,90,-95,-13,12,52,-81,90,-96,17,8,8,68,-42,13,62,-9,72,57,80,-100,25,75,-67,-94,-52,-9,64,-49,-28,-10,20,93,-2,-76,-50,-2,27,2,-97
85,12,46,-90,15,21,-18,9,-93,-82,78,43,0,-37,79,68,50,-6,62,-25,-39,-22,95,33,92,51,82,63,-97,-38,48,26,58,-39,-10,42,46,78,-54,-50,47,-66,24,-8,-13,-71,30,92,40,96,-30,44,54,1,-57,-1,-78,-78,-64,-47,40,6,54,74,-57,-64,18,19,14,-31,72,41,40,89,-93,-51,-99,74,96,11,44,-90,-16,38,8,-65,49,90,-57,-24,-19,-96,66,60,-58,40,49,8,-72,-31,-35
-58,23,-100,-16,-36,86,78,-30,51,83,2,-2,-100,89,57,23,-31,-63,-31,34,7,13,-78,-98,-77,-7,88,-96,89,85,-98,60,12,-69,-1,70,29,-52,70,82,-17,4,-48,56,-60,90,-58,60,75,44,-12,-16,-61,-43,-86,86,-58,81,-73,-59,-26,96,65,12,-11,-55,74,41,56,-84,-58,-30,28,81,-77,-27,90,-36,-41,-61,-57,-96,36,27,54,-66,-50,23,-54,-26,55,91,-79,-10,51,20,42,83,99,-59,-13
94,82,-56,-8,37,-4,81,-42,96,73,92,-32,49,-88,-30,-37,-95,-75,28,8,-31,4,20,19,-92,-41,-99,-47,43,-44,39,-41,-59,-2,-51,-56,-41,26,-16,80,-57,78,64,-82,-8,-7,25,-43,-90,-23,75,76,2,75,-1,66,44,-1,-33,-55,-68,51,-88,9,92,18,-57,82,67,-70,-18,-18,74,-47,-5,-71,26,-8,13,-52,-68,85,-13,-89,-38,86,67,-79,-96,4,29,87,78,19,25,-58,99,90,-8,79,47
-30,24,-2,88,34,88,-55,80,50,-17,-35,-5,-28,-21,62,99,-96,87,52,-38,-93,-100,71,50,-47,64,-39,-84,-43,13,20,73,-51,-44,70,67,84,18,19,8,34,54,56,48,40,48,61,37,78,-72,-65,29,40,96,51,-7,-15,19,-77,14,81,-10,-27,87,78,1,82,96,-86,-8,2,-1,12,49,-62,96,-76,-37,39,-5,-97,88,57,23,-47,-46,-60,78,95,-53,33,-87,-24,89,34,-55,17,29,21,82,-91
-66,98,47,-28,29,-31,-53,-59,23,18,3,34,-98,-16,-86,-13,89,-51,0,-84,72,-28,-59,-1,-94,-7,-72,-50,-52,-42,-41,-36,-1,94,-26,-34,-81,-81,72,76,35,77,-77,-50,95,-85,-58,79,76,61,-43,-9,-55,-100,28,-39,-73,-39,77,-22,57,-26,3,48,-4,-3,25,75,-71,54,-41,92,-42,1,-10,-3,-59,80,58,53,-34,-63,-34,14,36,37,-73,-13,-34,58,38,34,-24,55,16,0,-20,-57,54,-82,24
-35,-56,-50,68,64,14,-40,4,-49,-93,6,85,-52,40,-7,46,69,5,16,-31,-11,-39,75,70,-7,-57,-26,-80,-99,-70,-22,11,64,-15,-99,-93,64,-81,4,-57,-84,29,43,33,-82,67,66,-14,-74,-94,-49,0,90,84,49,-96,-33,66,-24,-94,6,76,-50,47,-90,-75,73,45,-24,-36,9,-83,-56,-33,-19,32,-29,-39,-93,33,-42,-84,-64,-75,-41,42,13,-27,98,86,26,-84,69,41,32,76,24,96,23,-49,-15
95,-91,61,-23,-8,-59,-6,34,-2,93,-26,-39,28,87,-23,61,-5,-99,81,5,64,-92,1,-96,46,43,-92,-45,32,-32,-52,-32,-29,75,73,9,41,-10,69,-51,-70,-24,-43,-1,-37,-85,45,44,7,-72,91,98,34,60,-87,-74,-91,78,-61,-31,69,13,48,-72,-24,-3,77,72,49,-2,80,-61,-24,88,81,-84,93,63,34,15,35,33,17,-38,87,57,-48,-7,-61,64,47,82,29,91,34,-15,15,-27,70,-78,0
21,74,-93,54,-52,-36,-49,53,-34,-95,77,73,74,51,96,95,-22,57,81,-63,-100,-81,-10,68,-66,22,-58,-9,32,58,43,37,-42,40,-67,71,73,-1,48,61,76,57,24,-38,-42,-30,75,77,-26,95,68,42,-28,6,45,56,18,-68,-44,46,51,-66,-84,37,59,-71,-46,41,-76,24,8,72,80,58,41,-82,14,-2,-6,60,-61,-25,21,-7,-77,-39,82,-99,12,94,55,-25,21,89,-18,46,-46,56,19,-67,-33
68,-35,88,-62,90,-92,-57,16,-19,-100,94,85,-7,-97,-29,-99,-94,81,98,-62,-90,92,-30,34,32,-34,23,-36,-29,-18,-98,-88,8,-1,93,-25,66,-39,84,-41,43,71,99,29,-100,34,44,-84,97,34,-98,-3,59,-47,64,-93,1,95,12,-73,10,-82,54,97,-96,25,-52,-79,1,17,79,6,88,-53,-59,88,39,-42,85,84,93,-54,2,48,-77,75,-43,-17,-89,-36,-18,97,-86,-1,66,67,97,73,36,23,-71
92,43,-99,25,-74,62,-23,10,90,11,-90,26,-72,67,9,75,59,97,62,29,-98,67,92,52,15,35,-18,-40,94,80,-83,0,-10,-48,-75,5,-49,23,31,100,-72,-60,8,-50,3,-56,67,30,91,-26,33,-84,93,41,-87,-62,-79,66,-79,-82,-11,-42,41,-3,19,-75,-39,55,23,-64,-69,23,25,-28,-63,-10,-75,42,89,94,29,-22,46,96,-33,-97,-72,92,53,-1,4,12,-25,-61,-48,45,100,-69,74,-13,-60
-58,26,-70,76,-39,-63,35,-69,54,47,94,-39,42,4,41,73,-15,33,-69,66,97,-47,-86,69,-100,-6,85,22,-44,-53,24,-74,-58,-72,44,-30,-20,-37,-19,-87,28,88,87,-81,-81,81,77,-89,53,-83,54,-77,46,-92,85,-90,-13,66,35,-12,12,-2,-26,-33,12,44,-3,-73,45,27,22,-45,-36,-53,95,35,-27,18,-76,11,4,-24,-91,12,-72,80,84,2,-59,-3,48,-34,55,-21,-66,73,-96,7,-66,46,-57
75,-68,-24,100,-48,48,-37,-67,-68,59,98,6,-33,12,29,76,-22,-61,96,-99,57,-50,77,-32,-20,55,79,91,14,83,-57,86,-89,-85,-29,-89,-92,15,-12,-90,-58,-60,-95,-46,38,-4,18,71,-11,-46,-19,73,21,-100,69,62,-16,6,93,58,-72,-90,71,-33,-29,-9,-98,-9,33,64,44,40,-16,-59,-62,-64,80,-58,17,89,38,17,-11,-51,93,12,-46,65,73,18,-96,87,8,-42,-10,34,-13,32,-60,97,-78
93,45,21,65,74,40,99,100,-92,-8,-4,-79,-71,-30,76,-8,91,38,3,3,-50,-53,-18,83,-50,-57,34,89,64,71,28,38,89,53,18,-68,-88,-27,79,-59,23,-51,71,-10,89,43,86,5,-48,95,-13,94,-28,-64,95,-73,-87,-30,-60,98,-28,18,62,83,-77,61,4,89,64,43,86,99,46,84,71,23,-71,-9,64,23,-16,-42,20,-91,-92,35,35,94,96,-37,-63,1,76,98,-41,-46,-29,-92,2,-21,-89
-93,-30,-97,-18,-29,-87,-52,-94,-90,92,-37,83,77,37,51,-42,-100,32,9,-20,-56,-22,71,5,-70,-92,-17,-100,51,-92,-21,-95,-42,-55,-32,-4,-87,13,65,80,16,54,-41,90,15,71,-91,-73,-46,52,-10,-1,-84,21,-28,-36,81,71,-35,28,56,-82,-59,-76,82,-50,10,-49,-17,48,94,-84,48,36,34,-46,-1,37,-27,-67,-64,38,-68,-59,-65,63,-63,93,53,18,11,69,35,27,-35,31,-59,-80,-17,43,-73
43,-93,-49,87,40,30,-19,-89,-10,-41,-28,95,-59,-69,-81,90,-63,-40,3,11,-81,22,-5,-87,42,-73,50,80,68,57,-9,-4,66,-44,-55,1,-2,-37,76,98,-40,-97,-71,97,-37,43,-52,-47,98,-36,-29,-32,46,42,91,26,59,-59,-26,-27,91,2,78,19,13,7,-58,-74,24,80,-23,-90,43,-81,24,-33,54,-40,-41,37,-51,81,89,81,11,-22,-92,-74,-67,-28,-57,5,17,21,51,50,86,-62,-75,-93,-67
-63,99,85,73,74,-55,-56,-84,-97,26,-70,-40,44,23,3,-33,60,63,96,71,-66,0,-52,59,89,27,-61,-65,64,-58,3,-92,90,-29,-46,-67,-1,-21,-77,35,7,52,-68,-44,-18,-77,-12,-87,-56,-84,-31,80,86,-96,-57,51,65,33,-14,31,-9,45,58,-68,45,15,65,35,47,-70,58,-1,-100,-37,-33,-86,-40,65,5,-59,32,-100,79,83,62,71,40,89,13,-95,0,29,-47,-51,65,-77,-14,77,-67,6,59
69,-72,-88,-75,75,-46,13,-21,-86,-28,-69,-73,21,-21,19,-43,-53,51,-63,57,23,-91,24,-6,46,85,-100,-10,9,-2,23,68,-9,28,-99,-64,63,-49,18,-64,-57,-31,69,6,52,39,-95,-96,97,49,28,2,99,12,-61,80,-66,49,-93,19,72,17,51,-43,74,92,-48,11,-52,-52,14,-4,10,92,-55,-10,-97,-33,25,-78,-18,91,-71,63,-34,-57,12,-80,-14,83,-90,48,21,97,71,36,78,-22,88,34,-46
-33,88,-93,-40,-42,-45,-57,-11,-27,53,26,-40,-74,27,90,-53,-28,-66,40,-41,7,5,20,25,12,-34,43,56,-22,-62,-37,47,-62,71,57,38,0,100,-84,-44,-64,11,36,-23,96,-13,19,10,7,-30,11,97,-35,-52,76,-92,-5,37,-51,87,-46,-61,35,30,13,35,-21,-93,-25,64,-49,-50,-68,-86,-78,48,98,-15,-76,-74,-99,41,1,-39,-62,29,86,-22,-29,-57,-70,16,-23,41,10,-19,-32,-75,52,-62,-43
24,-83,78,85,67,-49,-18,-68,-22,-88,-15,81,-90,38,58,-67,-63,-69,-49,-74,-96,-75,-33,81,20,-15,18,15,6,-51,-27,27,-2,-56,-21,-52,91,-100,-29,-11,7,-4,88,49,57,69,83,95,-84,6,-64,-100,-80,71,-26,-74,1,79,-17,58,-88,80,55,-51,-79,64,-67,-5,69,44,31,-57,77,24,-65,-2,-64,-15,-83,58,-35,24,97,25,54,96,-41,-8,-90,-87,60,-36,11,55,50,92,82,-51,-57,93,-49
-91,-80,13,-30,99,38,-72,99,26,-54,48,28,48,-78,-52,66,36,84,-40,78,-99,49,-17,87,-93,23,49,47,37,-31,2,20,20,-59,33,99,97,-35,-69,42,-48,81,-52,-4,-52,54,70,-87,-68,-76,48,-91,39,11,-94,-64,-81,-39,-34,96,-95,-87,-12,34,25,62,-93,14,96,-82,89,82,-46,-24,25,-45,-28,33,-4,-4,53,77,78,1,-1,-64,100,-82,94,59,28,0,4,97,79,62,-95,4,46,-51,-20
72,52,71,74,-95,-35,-34,95,74,-55,39,-3,17,7,33,25,9,-96,81,-11,-12,-88,-80,-12,36,99,38,93,-39,-33,-69,-16,14,45,-55,-11,-77,-78,46,-3,73,-46,-67,16,-81,-85,78,-85,-45,89,83,-1,55,4,-28,15,-71,87,-26,-12,79,98,37,46,-88,-43,8,5,-35,-19,7,23,-81,88,80,-66,84,-81,-73,89,-36,-40,93,34,-83,3,18,29,88,-88,12,-31,-18,-34,38,28,-61,37,-77,79,63
76,60,-63,53,34,22,77,-82,25,-90,-18,91,71,-41,-11,-77,-28,-16,6,17,-41,51,-82,-49,-97,87,32,7,-81,-34,9,22,-78,96,-83,92,54,56,47,85,34,64,-7,-89,27,3,58,79,31,-74,81,-31,-62,-20,-99,32,-14,74,-93,-71,-95,12,-54,-42,-92,-14,-35,-88,-19,-17,20,69,-73,-98,-32,-13,-85,88,73,-68,-68,60,-59,85,2,-53,24,-4,35,37,37,-85,99,-45,-64,99,-93,-48,-87,54,-30
-70,88,50,38,17,59,83,52,-36,35,44,92,-2,-46,25,75,-46,59,23,86,69,68,66,88,98,40,86,66,-20,57,38,4,69,-66,-62,-49,68,71,40,93,-2,64,-26,-85,-42,-9,10,53,-96,63,37,-55,60,21,1,-26,30,73,93,6,31,54,26,-33,-18,21,14,-32,9,-68,35,-32,35,-78,-30,-93,64,11,7,45,74,-58,-4,72,-91,42,3,27,2,35,97,22,-54,43,63,27,50,-34,41,67,67
45,-39,-94,28,-37,65,7,60,-31,19,71,34,32,96,35,-60,-54,-68,3,-3,-79,64,-62,-18,85,82,27,88,66,90,67,-27,-45,-32,-69,-36,16,-87,-95,57,65,-21,71,35,57,-14,-33,12,15,-90,-68,-58,29,-25,64,-8,-35,-12,-11,22,41,-82,39,31,-15,-41,70,31,41,21,75,20,-59,-12,9,-4,-14,33,30,87,60,71,-31,40,36,-77,-82,26,-66,78,33,81,-20,39,5,90,-97,42,50,-65,-24
-65,66,96,-88,-21,90,-27,-52,97,93,62,47,40,-59,77,61,-50,36,-76,37,12,11,-11,-15,-54,97,-98,46,29,51,-63,50,89,74,25,39,91,-17,-99,1,37,-6,52,98,66,-38,-89,-75,-69,0,-6,81,55,15,-34,-56,-86,-72,43,-28,66,-35,-71,17,87,-79,84,-92,98,24,15,-53,48,75,-51,-61,44,-89,-95,90,89,-78,12,-95,-33,72,79,-93,68,60,40,75,-14,34,24,-38,79,-38,-54,-80,0
-1,90,-94,10,-56,30,-86,27,32,51,-75,3,-85,-19,-73,3,33,53,-88,95,83,95,-86,-27,6,-31,57,94,-71,-6,-50,-8,-10,-88,-29,56,-32,80,14,-99,71,-47,78,-75,-32,-3,-78,-89,80,-89,-34,36,-49,48,-80,-38,67,-24,-36,50,-25,-39,-48,-9,-53,93,-84,34,82,15,-49,-82,-47,-45,0,-54,18,67,32,36,-39,-68,47,25,13,0,-41,100,66,-70,92,-86,19,-99,63,-88,14,-1,13,-75,-76
-21,58,-93,-98,-62,-72,29,31,-42,76,63,68,-28,19,-50,-14,9,71,-52,-22,-44,59,69,76,19,68,-3,59,61,-29,-73,11,-80,33,30,-63,35,28,-53,17,8,-54,-71,-67,8,92,50,59,43,-75,11,-56,-36,47,-53,-11,16,25,98,-15,-78,-96,0,-95,-78,36,55,0,-10,-49,-100,-24,-81,52,22,19,43,-3,15,20,61,-88,-24,26,-98,9,-33,-38,-60,46,-27,95,-71,-51,-97,54,-85,-85,-46,73,66
-29,8,-76,61,-61,-30,-51,3,68,-67,-86,50,80,15,-20,5,25,-68,-40,26,-42,-32,9,-2,14,-11,-82,81,15,-32,-97,-51,48,5,62,41,-21,70,97,-20,60,-65,7,-34,-51,-56,82,85,-48,-15,78,100,59,-93,90,100,35,7,1,-64,55,-4,56,28,52,67,91,29,-36,-59,97,-90,41,98,-36,38,93,48,66,-86,45,-74,28,98,37,50,-72,-10,-42,59,49,-79,69,-78,-8,-21,-54,21,25,-57,53
-58,65,-60,-55,-76,-43,5,-23,-39,-46,12,-22,26,62,73,-63,-52,-83,-51,-8,21,24,-47,-55,21,52,-39,-54,-2,-59,-68,-79,56,42,-74,-66,21,68,-63,54,-51,-6,11,-93,57,78,-55,-23,28,-94,-31,-85,7,-33,-96,34,91,14,91,-49,-32,18,22,29,19,11,68,54,-36,-32,10,-88,54,-31,36,68,-88,-57,23,92,-53,11,-80,-22,-78,2,-14,-51,-24,0,55,61,74,92,44,89,45,92,-88,26,-29
-55,8,22,-96,-89,81,65,-69,-20,52,-93,2,-95,-80,-48,-95,-68,64,-36,43,9,22,-24,38,-48,35,-1,-96,-76,52,49,-50,81,-93,-37,-68,76,46,-92,21,53,-70,43,-24,2,54,-43,54,72,88,26,-67,-4,28,55,29,85,67,20,-3,100,41,-92,21,20,49,16,19,-41,71,-90,6,-18,7,51,84,31,3,-70,-12,100,79,93,-10,44,2,17,18,-56,44,-36,38,-38,-65,-57,59,-16,-16,-37,-41,-80
84,99,100,39,19,100,91,-43,78,-99,-62,-3,-36,66,78,44,-73,-6,-76,53,-69,-4,-72,0,36,25,25,-75,1,96,-58,-71,-43,-3,47,63,8,-88,-79,-85,91,87,33,83,-98,-49,26,96,23,50,-25,8,-26,63,-79,-28,96,-94,-76,63,-49,-48,-8,-30,-67,-35,75,-31,-96,-62,-54,-69,-88,25,98,76,22,66,23,-19,76,-64,21,41,92,68,74,-61,-19,-6,76,87,-7,-76,22,84,12,-58,81,1,-1
36,65,61,-45,-89,-97,-50,-29,24,-61,-53,4,-57,47,-89,39,-77,48,-74,-31,74,9,2,-56,35,84,-13,79,-100,-35,54,99,-96,-99,-2,-71,-99,17,-90,-59,-46,-44,37,-60,84,21,17,70,11,-9,-36,88,75,55,15,18,50,-100,88,56,64,33,81,77,43,-39,78,-95,93,18,-9,-72,-88,93,76,22,-38,-49,-87,-95,-41,-88,48,-78,46,82,-61,83,34,55,57,18,49,42,-80,15,-51,43,-99,67,-75
-28,-23,71,73,51,-91,80,45,-48,19,1,-38,-91,-27,-64,45,-7,-5,-93,-63,74,-43,10,-13,-39,-79,-83,-23,55,-42,-33,-45,23,33,-97,-16,-12,-54,31,-15,-66,84,-6,94,-56,57,48,37,70,-92,-28,-62,-56,-100,-2,-49,19,-1,-63,-75,56,6,42,-96,95,-14,98,-51,50,3,86,-60,76,-26,-34,38,-40,-59,56,1,-75,67,44,45,66,47,75,60,-68,32,-80,21,83,59,-88,-59,10,-52,-25,-41,53
78,-93,-44,-65,-35,-49,55,91,-59,-96,-90,88,-49,-40,40,-80,-46,70,-7,31,-98,97,-12,-51,-54,69,59,-84,88,-55,10,77,61,56,-93,14,81,12,57,8,21,-20,37,-78,-34,86,-14,81,-47,67,-79,-82,-95,-92,-16,60,46,-15,-98,-21,-12,-39,-87,-84,-21,-18,-16,-80,-8,79,-25,23,66,-47,44,32,-35,29,93,19,47,-21,-77,-61,-99,30,70,87,-86,-52,-77,-7,70,80,51,-59,68,61,25,-80,86
-24,49,32,-2,38,-96,-57,77,-65,-70,28,-46,75,54,-13,58,10,-84,-88,33,52,69,-7,31,-71,-33,78,-95,-82,47,-5,-10,60,-50,-1,-67,58,-11,66,-9,-65,-17,38,91,-88,-6,29,-92,-73,10,9,78,-82,12,81,-56,-36,-94,-21,-100,-81,-75,70,60,-64,56,14,66,-68,100,-18,-15,-85,44,-90,41,26,-78,-49,19,-87,31,-46,91,35,43,-1,44,38,-54,68,-50,-41,19,-12,48,-63,-54,19,70,-73
-78,49,-88,61,55,3,69,-52,30,-12,-26,78,-12,-39,-21,7,99,-8,70,-64,-27,4,-36,48,-87,-50,-56,-64,-75,86,-2,-88,8,-30,96,70,58,63,50,80,15,31,77,51,-71,-75,-36,-15,-19,61,-61,23,82,-32,37,-3,74,-17,-57,52,-70,-73,-83,-29,44,78,-19,16,80,-75,-61,-94,-62,-83,76,-2,37,-20,-42,-40,0,-76,89,-85,27,-95,-75,-70,-6,-73,48,67,-8,-99,-21,-49,-31,49,-54,-54,51
-21,-17,91,22,-83,65,30,-45,30,-8,-36,-8,-78,-61,-91,-69,100,-14,60,-53,-44,51,68,11,74,55,5,-78,-84,59,-29,-7,95,-81,63,-29,-58,52,100,26,68,97,-15,98,54,0,-69,-77,75,49,6,89,-88,-98,-28,45,80,52,-29,-13,-71,100,-96,34,18,-9,61,18,82,45,-100,-52,-37,-26,-66,-14,12,-78,76,44,49,11,-35,36,-90,51,27,35,76,-30,97,61,-88,77,56,27,-1,16,31,80,-17
-13,-94,-9,-29,-69,42,-51,-22,20,-79,-62,8,-97,-35,20,-61,8,14,-35,63,53,53,59,26,99,-43,44,56,-77,-18,78,41,-23,9,55,-3,-80,6,-49,95,-48,-56,6,74,-52,-86,-42,38,-68,63,45,17,-28,-6,-87,61,-63,-62,-81,35,-80,80,-11,61,12,-96,54,66,-14,16,62,-91,-61,-11,-92,-76,-67,-50,100,-26,42,-57,-32,-67,-5,-55,25,-32,38,-24,-75,65,-81,-33,50,20,-64,-42,-88,28,-6
23,73,-4,-33,-80,68,59,86,92,-11,80,82,88,-46,6,82,30,-59,-96,-48,26,68,15,23,-19,-55,37,39,-7,85,66,62,10,9,-34,-34,-51,31,-63,-57,29,-69,-25,9,-61,-83,-74,-61,20,-20,80,11,36,-14,-72,-80,0,-86,16,-17,12,-61,-93,-79,55,51,64,62,18,-11,39,-1,54,-38,7,-97,-90,22,-14,-80,-70,93,40,8,-33,7,21,15,-60,-11,52,46,40,-61,-58,-74,-60,23,26,-64,56
64,-17,-85,-3,-10,-82,-61,10,17,-4,74,-60,84,100,1,62,-20,-44,-34,-31,27,-58,42,-40,-3,63,-100,-86,34,0,84,-62,51,-100,30,55,2,-10,96,95,-19,1,-52,10,20,44,81,54,-33,-73,64,-75,83,-51,-45,32,-31,64,20,16,-46,80,35,-32,88,-58,-84,19,62,0,37,37,-4,-53,32,-46,-54,91,32,-1,-29,91,57,-19,78,77,39,-91,73,-64,-25,12,-48,-8,62,-85,-4,5,-40,-99,82
-55,37,55,-12,1,32,-13,-49,-10,-67,-9,-91,-32,97,-24,4,-42,89,-14,-99,78,59,55,-37,-2,40,52,-1,55,-9,13,93,-19,-71,55,15,35,46,83,-30,-28,65,67,44,-56,-97,60,-55,-7,-96,83,95,60,-21,3,55,75,30,23,57,66,43,84,34,38,57,-51,-4,93,27,73,-41,11,27,11,-21,30,62,-24,-3,-90,-44,4,-79,79,-31,-49,-25,-3,-28,80,49,-45,43,9,-62,28,32,-57,-88,14
-59,40,34,-53,-87,30,21,61,-19,-18,28,-20,-44,77,-82,83,-79,63,-4,-31,-76,-86,60,-69,-54,34,62,-72,-32,-8,-31,-74,98,1,-39,-33,12,44,97,-69,49,70,69,-72,99,77,37,-47,-84,-27,-50,-60,56,-41,40,44,52,30,-67,58,8,-38,42,25,-96,11,79,92,-47,-52,-16,-65,39,21,58,41,5,45,31,-67,42,-81,-29,99,61,-25,-49,68,-100,99,77,72,-44,42,-23,0,74,-21,-95,-78,83
91,-52,-31,13,87,62,88,-36,-84,93,-14,1,88,-9,70,-63,28,68,-62,-27,-90,-46,-85,71,-3,-100,-3,-46,-82,81,-9,-33,-10,37,98,86,-84,-5,40,39,-2,50,-25,-24,-31,-20,-60,29,48,-64,88,55,38,5,65,94,-68,55,63,64,23,2,-12,-10,24,86,-47,-66,22,92,67,22,-14,39,-32,38,38,58,15,-26,-54,-3,5,72,53,-47,-100,-47,83,-36,62,77,-5,-73,-3,70,80,-86,-73,68,33
-32,9,-61,2,58,-54,45,41,-100,-57,-53,97,24,99,-15,-42,7,-1,22,32,0,22,37,38,84,47,-2,-76,-28,40,48,-89,9,66,88,-54,-42,66,39,-17,45,19,45,99,-46,28,21,86,50,-84,-34,99,-32,-81,-74,-12,44,-88,7,-64,61,-42,-51,18,68,64,-24,92,7,30,19,63,50,-68,-67,89,65,88,-52,-11,-17,19,-95,53,-47,68,29,4,-70,75,89,94,-93,67,-80,50,38,-65,-54,73,91
44,-75,84,-42,68,-26,-94,-57,7,6,-39,5,-82,-17,-57,-85,-58,85,-41,2,94,75,22,-90,-99,87,-38,-16,63,-8,-42,-45,-94,-25,-95,-100,37,82,-17,96,32,-86,-24,-71,63,36,51,-37,-47,-63,71,74,-49,89,87,89,-58,-8,-42,-86,72,62,0,61,-56,-40,-76,-4,31,-19,48,-19,38,53,-33,-85,23,53,98,65,95,14,-78,37,-82,-35,-6,64,74,94,35,47,-36,-68,-98,36,45,-71,-74,-15,63
82,40,-63,-15,61,42,-69,-4,33,-88,-45,-80,98,44,-29,61,-98,53,85,-13,63,20,-63,-92,-26,-97,59,-60,75,49,-46,-16,-81,72,42,-44,67,-83,44,34,38,44,-11,-99,-17,55,15,-60,50,36,-76,-59,3,-48,-6,72,-54,11,34,86,94,-10,23,83,-99,28,-1,61,-37,30,-28,84,55,-53,23,-75,-24,35,44,-25,-88,53,-54,8,46,40,47,-55,45,13,-10,13,-84,93,-34,-64,70,77,-24,66,-60
-57,47,-41,-71,-50,52,4,-4,-52,13,-86,29,-63,30,82,-29,-79,3,-70,11,-49,-63,-3,16,100,-49,83,-59,19,-4,70,-16,83,31,-36,-82,-39,27,51,49,87,46,-58,87,79,61,-45,25,10,59,82,12,-93,34,44,-80,81,69,94,28,21,77,50,22,-67,69,57,66,-24,38,19,36,46,29,49,36,72,-40,-13,-34,51,90,-12,-29,64,-15,12,-86,78,-72,98,-17,-91,61,86,39,45,89,1,37,-39
26,91,70,-91,-5,69,-41,5,-97,24,69,48,13,9,58,-20,2,81,65,-53,-73,69,22,-36,-26,99,-94,-72,-29,-47,90,77,-72,-64,-94,75,20,99,38,-91,38,17,-73,-82,-43,12,40,93,-19,-66,37,70,100,-99,-75,96,27,-82,-57,3,15,38,47,-31,-79,-99,-27,-50,-60,-32,40,-37,79,76,-97,-15,18,17,83,-58,-55,24,-82,-88,-91,-95,16,6,30,94,-6,-75,89,-49,41,-73,74,86,77,-35,-5
17,-61,25,-15,-87,-67,-40,55,-73,-76,27,-74,25,60,-53,-64,1,34,70,-73,27,-53,-74,-37,21,-24,85,35,-5,-80,-40,58,-13,7,67,-53,70,35,39,18,92,34,83,-27,12,99,69,94,-75,59,-90,-78,40,-21,-74,-22,-64,-37,57,71,-46,16,-35,-7,47,3,11,-70,50,93,-28,-61,48,14,-37,86,-8,33,-3,56,12,0,-25,-53,51,-41,-40,64,100,-58,39,93,-57,-91,-71,-64,-55,-75,42,-23,54
-54,57,-88,-55,-71,-56,53,12,66,-26,0,-13,53,3,-44,78,-1,-40,-89,-24,-75,-39,-63,-39,-54,32,-34,-44,-77,93,-24,-72,-5,-13,30,5,60,-58,98,24,-58,-2,-32,-8,-6,-97,12,25,67,-7,42,-26,-14,-83,68,-97,-77,56,88,-72,-29,-64,94,-100,53,-9,-11,73,76,5,62,29,35,-60,96,-40,-50,-40,26,-95,-20,57,35,60,-62,12,72,96,-38,-31,46,60,-94,47,-12,-100,59,79,43,-86,79
55,-35,-26,1,-14,66,-9,56,51,-7,-6,-89,-58,-61,-62,16,2,77,-9,74,-55,63,-12,42,-95,85,-79,22,-65,92,19,31,89,-68,4,-99,93,76,77,-59,30,10,-55,72,-58,-60,78,48,-50,-28,-42,45,46,64,45,-67,33,-40,89,-89,-89,-99,-43,19,73,-19,-64,-77,-26,27,21,-20,97,28,-100,-98,86,83,76,51,63,69,-16,58,58,-60,87,-29,-14,9,-56,47,-39,3,-62,53,78,97,61,5,-98
-60,80,83,92,-92,13,-67,63,-3,-73,-23,-69,-66,50,37,-52,-83,-77,62,-30,22,-91,55,-35,-47,-35,-38,-49,-31,11,84,-47,-75,77,-14,54,5,3,-79,-24,82,89,85,-80,71,33,-40,-72,30,-93,-16,-69,-49,-92,-12,66,47,26,16,20,-43,-30,-33,-37,50,-16,-14,-31,28,87,85,22,-53,-90,30,69,-17,22,71,-52,80,-9,-45,-93,-30,98,40,-79,55,-29,-17,-77,39,-71,11,71,35,-48,36,-60,-85
74,-55,-91,49,31,-80,-99,-14,-24,83,-28,-99,-87,-52,-61,-25,-67,7,11,23,29,-28,-34,-35,43,63,-5,47,19,-58,-41,-11,-70,-74,-68,16,-43,82,32,4,-73,2,-81,18,7,-53,7,-71,40,69,15,21,0,71,55,19,10,-69,-66,-1,18,97,-53,66,-92,-7,98,72,-16,97,-97,-100,72,4,-41,31,1,-52,-64,-33,-1,-19,-61,56,-4,31,-20,63,-94,-89,51,-35,47,9,-61,85,86,56,88,-40,83
60,-77,77,-84,-71,-78,-15,60,-37,-40,-4,64,-87,-66,83,58,7,56,34,-22,28,-83,84,-60,-10,89,27,63,-74,36,-52,-17,79,-20,-18,65,-14,96,-15,57,-11,17,-14,98,62,69,-51,-51,84,77,-83,-81,81,-69,-25,35,25,-18,21,-2,-17,-70,34,68,81,-22,20,48,25,-91,-35,14,59,-97,63,66,84,-23,15,65,71,53,86,96,82,40,6,1,-76,-90,-1,-36,-6,-85,36,-58,-8,80,85,5,18
84,-42,-79,-28,24,18,72,-82,11,7,-98,5,80,-100,-47,-70,78,25,-89,-73,-65,77,62,36,50,-78,-42,-11,48,-68,52,39,91,-10,10,-16,63,-26,-93,-81,63,74,46,-86,78,65,52,21,94,56,76,25,-61,62,75,-30,49,-86,49,45,10,-61,-31,85,53,-29,37,-16,35,-88,-79,80,89,-81,-27,43,-43,-36,-76,51,-74,60,76,48,-87,-85,-70,-29,61,10,78,-78,-98,-58,-63,-33,20,-80,59,83,13
-69,98,-67,73,-92,37,23,-37,31,-80,69,-75,-25,5,-67,40,56,94,35,100,-26,-27,-5,-16,-53,94,-36,25,-5,93,-29,-24,-12,50,87,-30,11,34,29,74,-30,-77,-78,53,-38,8,66,59,71,-55,99,29,-73,-18,91,-57,-45,47,21,-71,-38,-37,95,-71,34,-97,-81,-35,-89,-5,64,46,72,35,-39,19,40,-51,-62,3,-60,88,35,-40,93,43,-64,-2,5,28,83,-29,5,74,92,95,-56,-73,73,-9,83
-55,29,-6,-66,2,-18,-59,-3,-2,64,7,-10,55,-92,-26,9,28,25,-63,15,84,0,100,57,87,59,-86,14,-15,30,-70,-15,-44,95,-14,72,46,-42,-51,23,-86,-10,-17,6,55,-52,-12,80,-32,-24,27,96,-9,68,-51,0,75,-72,42,66,29,5,-19,95,-22,-71,-50,47,-60,98,23,-4,34,67,-11,-4,-11,-17,-54,-36,-75,5,55,83,78,7,56,44,-61,91,-13,-92,21,-67,-8,80,62,-100,-17,76,-67
-35,16,16,-57,92,95,73,47,97,-89,-20,-19,-26,-100,-48,82,-26,-55,-64,-25,-60,78,-16,-93,63,67,31,-37,-81,-40,27,83,33,90,43,20,64,-29,12,-78,-45,-90,-82,46,54,58,-55,37,-46,85,93,5,-7,-3,32,38,-10,-30,30,-30,57,63,-98,38,-3,49,-14,-70,-25,61,-47,-70,-45,-66,-82,-22,27,44,-9,-86,-47,-67,-9,24,74,-95,28,5,-40,6,-23,37,47,37,91,41,72,19,-87,41,-49
-59,2,-19,42,-56,74,-15,-94,20,-33,-69,-46,5,70,-59,-55,-6,65,-59,-54,-20,81,36,38,19,-19,44,-63,58,-49,22,-90,-84,-8,-48,22,47,47,15,-27,67,36,91,10,-37,-20,-83,-91,-29,85,91,-76,-44,6,-93,-62,-57,-65,-78,19,-45,-30,20,72,98,-55,-19,93,99,80,96,55,82,-45,-46,-68,-93,90,44,27,-38,-18,7,52,0,99,-45,1,62,79,45,-65,-55,-44,-76,-16,8,13,-55,-39,39
39,-48,-35,50,59,30,-39,75,42,69,60,46,57,32,59,-12,72,-50,37,-62,90,-6,-7,87,98,69,-64,-24,-12,-68,-6,58,3,-4,-56,-99,32,54,29,36,53,81,9,23,82,-94,78,-94,-45,-76,-55,26,-57,-81,89,-90,53,30,-55,49,8,-97,85,62,57,-32,79,40,56,-20,5,33,-35,-31,54,-100,-74,-3,27,-24,54,-98,32,-12,-81,29,-7,14,-80,24,-14,-49,-21,-60,-20,44,63,56,-2,-24,-84
-16,-55,34,72,-23,-18,-67,-31,48,-98,-79,5,-35,48,67,-85,-99,29,-73,93,-9,-62,-3,90,72,-3,-3,7,31,-2,88,11,37,-91,-68,89,-78,49,96,-43,-75,-9,42,94,95,-30,92,-4,54,40,65,-85,-39,-79,-35,2,-17,53,19,-27,-8,-18,27,19,71,44,-34,45,90,-94,-27,37,-97,93,6,13,-45,43,-55,86,24,-20,54,31,42,-72,-42,76,-53,-62,-41,25,-17,94,34,-72,63,-94,22,-87,-21
30,36,-57,-2,98,-76,-57,49,-95,-14,65,15,31,-69,0,45,23,99,3,64,-22,53,100,29,-71,3,-74,33,4,-51,84,88,-61,73,23,58,-28,-76,-63,6,58,-34,-28,73,-32,-38,-93,-65,-82,-26,34,84,61,-92,66,88,93,-72,68,17,-16,-49,-50,42,-22,-27,-43,-100,24,59,16,-69,-58,-8,-65,-71,94,-18,-60,-38,-79,5,6,-66,61,10,56,3,-10,-19,-92,-25,34,19,71,20,1,-22,-55,34,-42
-4,16,51,-20,-2,25,80,99,81,-8,98,13,7,-72,-66,-73,-79,29,95,80,42,75,-76,-40,18,-4,-83,-94,-56,-89,-25,-16,13,-52,-9,2,-9,-1,-52,-32,-94,90,-64,46,-36,-62,21,-94,7,47,-95,-6,-33,21,-87,-98,-38,86,-97,-18,67,3,35,-6,-16,73,50,-36,-78,-79,72,-91,-19,-4,22,-89,36,63,92,77,44,-54,-63,-9,41,-85,27,14,60,-12,-81,67,-46,-35,-73,74,-60,70,62,58,41
-61,-41,-20,14,-20,-87,81,-46,29,-40,97,-70,22,37,88,-26,-72,-14,9,34,-29,-16,62,98,71,81,74,26,65,-78,30,8,50,72,86,-58,33,-2,-41,-57,62,-8,57,56,16,71,11,66,-71,31,-78,-71,6,-27,73,37,84,-59,18,-65,11,-29,-36,9,59,74,-55,78,-75,-55,-90,48,19,-12,-94,100,62,-26,57,72,-56,-43,-78,-20,74,37,-69,-62,8,-47,-68,52,-22,64,93,46,-28,-36,30,9,90
-61,-90,-51,-76,-66,-53,-88,13,54,89,-15,-44,-76,-29,-52,59,-78,-46,-43,74,90,34,-88,-77,52,-61,-51,83,72,-38,45,-15,17,91,56,-78,69,72,0,-68,9,44,-31,67,46,-66,1,-93,-17,-53,-7,75,-18,-83,25,64,1,-10,-96,94,14,75,2,-79,-9,19,-89,-76,-23,-65,66,93,30,-49,-48,-97,91,60,74,-7,-47,-34,2,25,22,-26,12,-46,-53,-95,-44,-69,25,-24,31,38,69,-16,-8,32,-30
37,96,100,54,91,92,-91,-93,-21,79,-42,-62,69,66,-81,-10,-32,28,88,93,36,18,-40,-75,-6,86,-47,-79,-16,-17,-56,-100,25,96,88,-31,22,-63,31,-78,-44,88,-10,-65,31,-35,77,35,53,55,1,-60,61,-39,-16,-62,98,-56,51,-66,20,29,-27,-69,62,-50,53,38,27,-57,87,-20,-22,18,0,-52,-46,55,-72,-71,-99,76,99,13,32,-72,-85,-65,28,37,96,-59,6,-97,-36,-60,90,-71,-7,-9,68
95,-23,-92,-74,-99,66,88,92,-70,-16,31,27,-52,-34,46,-11,-65,-79,79,54,-48,-39,-55,-32,84,-100,6,-88,90,6,-51,24,95,43,-43,60,-16,100,-55,29,-82,-64,-30,-16,-23,23,72,33,78,62,59,-56,91,-87,82,8,5,29,39,-82,-67,50,13,-30,46,57,-81,-9,54,58,88,88,20,48,74,14,-43,-21,59,-54,75,76,31,64,68,41,45,59,26,32,-60,38,-21,-30,-37,-36,-77,-11,-32,-63,-18
52,-3,-34,-97,-61,56,-10,35,87,-7,52,-28,59,-22,76,-90,93,87,-13,-6,38,-13,57,35,66,5,22,-30,74,-72,-16,51,11,-90,-54,36,23,7,-41,94,62,61,-29,-16,-44,-74,61,14,-91,98,-14,63,54,68,-72,-22,-64,-80,-63,-97,53,27,84,-21,-14,59,-33,-11,70,-65,-36,-52,19,31,-68,-99,-67,-2,52,-72,-10,-19,6,-73,-33,-95,-96,24,-32,-11,27,10,-58,-66,-17,-56,-30,-67,-32,28,50
-36,-14,-17,-21,-23,-30,-96,-90,-97,2,47,44,32,46,84,71,-29,64,30,-1,-13,76,-69,92,15,-100,-98,-22,-2,-39,88,57,55,18,79,52,84,-49,-31,-25,-3,36,-78,45,-73,-41,-66,8,-36,-60,18,-18,14,31,45,-41,81,70,50,-50,51,79,-76,-9,47,-39,-77,-37,-75,40,91,52,92,-94,-53,-80,1,18,100,59,-50,-1,4,80,47,44,-24,18,54,-100,71,4,94,38,-99,38,100,90,32,59,-69
-78,-12,-92,-47,-71,73,14,-99,0,-14,44,-15,-50,-53,97,-99,-14,32,-46,37,-12,100,-68,81,-50,-53,23,75,-33,57,48,82,14,-76,79,11,21,59,-48,29,43,33,-73,-61,-29,13,-82,24,-74,-45,-59,-52,40,30,64,-1,-93,57,-52,-88,-83,-38,43,-72,71,67,14,42,79,-2,94,-57,-85,12,1,-45,55,57,-100,82,-22,78,-33,55,51,94,-12,6,86,46,-77,-19,79,29,-89,13,33,54,-13,17,3
42,64,-72,98,99,41,-81,11,-82,91,-84,40,34,-37,-50,65,-31,-15,99,-7,29,-98,-54,-64,-41,60,32,58,86,85,-41,32,91,30,-25,87,63,-10,-71,-52,74,19,39,21,-12,-6,-22,-53,-83,91,48,-67,83,86,59,71,39,-32,-51,-36,89,23,38,-28,-39,67,88,83,66,100,39,61,-23,-46,42,-17,71,82,-29,77,-42,-71,75,-42,-36,-72,11,25,-80,-39,-59,-100,-7,18,-81,-74,8,-81,32,64,46
-25,-54,28,5,94,72,-59,46,85,-49,23,-8,-46,6,-77,66,35,80,-40,-59,96,90,-13,-64,43,89,46,-31,-18,54,46,8,51,-46,92,36,-10,-10,4,76,-41,32,75,-12,87,-39,46,-69,-85,-62,89,-89,-7,-16,-66,-34,-41,-61,-47,3,-31,61,51,39,21,91,-48,45,-86,-91,26,-42,1,-41,-29,-53,40,54,31,30,34,-55,-81,-30,70,18,-16,58,-57,-54,-25,-4,64,-46,-22,9,-1,57,-79,-39,15
90,-48,-5,95,54,37,64,7,-17,-65,14,-2,96,44,-40,1,-99,36,42,66,15,65,-39,-20,99,-68,-63,12,14,76,-22,-24,-66,-42,18,-58,38,-13,90,15,-78,-68,39,84,-2,-48,11,-95,-66,38,80,-72,87,20,93,-86,-85,-87,-58,-59,-99,-84,-2,-5,84,84,63,72,65,-88,-63,-10,32,-53,53,-91,63,23,17,-27,-79,39,5,86,-13,45,53,32,36,-81,94,75,-89,66,-96,37,-57,-46,85,74,2
-59,84,-90,30,-17,-12,-63,-99,12,-84,33,64,28,44,-65,-36,-77,-39,-73,-83,-49,62,-48,44,-96,-55,51,-99,-66,10,-51,86,16,73,95,55,-7,-37,-71,-12,59,39,17,21,91,95,8,28,46,17,6,-78,73,56,31,48,-53,-42,-21,31,1,63,-5,27,80,50,-62,8,-28,-21,69,8,67,-64,-78,87,-74,-28,-55,-39,-29,-25,4,12,-9,57,-20,-87,78,-28,-42,63,50,41,0,-71,-76,-67,-28,-41,39
-75,-83,-11,73,-69,-27,-34,-8,-74,-12,98,68,11,-49,3,-60,-86,-68,52,-19,62,70,21,-35,17,-73,93,-99,-95,-80,32,-78,55,20,37,-15,-20,74,-31,74,-86,28,-43,83,-47,60,-92,21,-72,31,-4,93,-33,66,-20,79,-4,-100,66,29,-3,-21,64,-3,-15,45,-27,90,-100,28,82,-88,-64,-6,28,-39,-13,8,28,65,-52,16,-58,16,22,-92,32,50,-55,73,19,-2,70,91,-80,69,51,61,76,-16,-39
18,-75,-80,95,-67,70,-56,-100,-97,-74,-12,2,60,44,75,27,73,2,54,32,93,-69,39,-23,67,20,53,-89,-92,-30,-53,60,-76,-17,71,-46,77,-18,-97,32,-71,-30,-99,34,83,-88,-33,34,39,-88,-17,32,-47,52,-99,-9,84,61,82,18,53,93,33,-1,-67,79,91,-64,16,94,-62,65,-85,-19,-32,66,60,-83,-27,-79,18,51,-63,27,-31,-30,20,-37,-35,23,-8,-93,59,-17,-18,-58,-20,86,-20,-55,-35
-28,-42,-19,-10,1,-57,-100,25,63,-83,24,-30,-4,-55,17,53,88,-46,91,75,-66,6,56,-88,-22,15,18,66,19,16,-89,-22,2,-83,24,75,-38,54,33,-39,44,66,-98,-11,-47,0,0,81,-65,34,22,-85,-22,80,-5,11,-71,11,-67,-65,-1,73,-39,92,70,17,-53,-78,85,67,94,-30,41,-76,91,73,33,43,-54,53,-7,-69,-77,12,-68,91,25,-47,-41,-67,-53,-1,94,-76,-25,77,8,-49,84,-85,-37
-97,-74,-86,5,28,9,49,-18,91,-58,-61,-18,55,-92,-13,-56,58,26,33,43,25,44,-87,-56,-52,-55,7,-52,63,92,99,-17,-68,52,47,100,-87,99,-100,-89,35,-85,0,63,31,60,-79,68,-93,-77,-14,-16,75,-55,-51,69,-92,-85,66,2,-78,-11,-11,51,27,52,63,80,67,-12,-50,26,35,-64,-4,-16,100,42,-68,83,92,92,-35,-53,86,-38,-19,-50,-26,-94,88,-91,5,-76,-99,53,35,-47,-12,45,-47
-85,-40,9,-86,35,10,78,98,-8,-7,-25,76,66,-92,-80,25,-90,-65,4,6,50,-3,87,76,69,37,16,75,-7,-55,-88,70,-90,-32,-30,30,-77,-16,19,64,50,60,-7,97,17,-20,15,95,49,-9,-82,3,25,-92,-68,42,-2,-88,-79,-9,-51,52,-84,38,51,13,-17,18,44,-13,11,-22,73,-37,-89,-53,-56,15,45,87,38,3,-85,39,48,43,46,24,-29,27,54,17,-42,9,6,-1,11,81,-41,29,-100
1,9,62,29,-50,70,-87,55,87,77,-12,80,6,48,58,27,-54,-56,5,60,16,-24,-54,87,43,86,-80,47,-20,28,-1,-6,65,15,-32,14,44,-98,-32,17,35,-74,-79,1,-44,29,98,100,-72,28,33,-71,12,40,-48,-86,83,-11,-40,93,-24,38,-11,-86,33,77,-1,-45,25,-98,21,-96,-37,-27,31,-69,-27,-63,16,13,66,-97,59,44,-63,79,-97,-45,13,90,97,97,-15,4,-21,89,-47,94,-89,24,-67
-70,30,-37,-8,73,69,-84,-77,57,96,-91,16,21,-42,29,-22,69,18,34,16,33,-77,-5,-55,73,-88,-30,59,-91,-30,100,75,-72,-7,-24,75,-62,32,-30,12,39,38,-63,-76,26,-70,8,26,37,-21,-27,69,2,91,-63,27,29,-89,85,5,90,-13,-73,-82,-31,-74,-13,-11,-78,-66,9,-20,-31,86,60,50,-100,-55,99,-56,67,95,-62,42,-39,-27,76,-13,-38,1,-92,3,-38,-7,65,93,83,75,65,46,58
4,73,-35,-25,-95,2,42,6,-28,85,-11,-4,60,58,44,-94,-90,-51,-9,-60,-89,-67,-61,46,-25,35,51,-93,91,-94,-61,-83,59,44,79,33,-14,75,-99,-10,-29,44,8,20,17,51,-41,16,-29,8,-94,12,-4,20,-10,66,-80,60,-8,12,94,96,-31,67,-36,36,-5,-99,-12,75,77,-98,-77,100,-26,-87,24,-21,-23,-61,-70,-41,-26,25,-66,-1,-49,-4,96,93,-83,-75,-44,57,46,-100,48,-71,68,-92,-37
-37,-60,33,-55,-96,36,-72,-53,76,12,-59,96,7,-2,45,7,-92,56,-10,-61,-68,-69,13,-31,6,63,81,-35,-52,92,18,34,40,9,41,-69,90,60,-87,66,-20,3,34,54,-21,-44,-97,-24,49,-14,45,73,-12,10,55,30,-90,4,79,-31,36,83,51,-87,85,-85,78,42,-15,91,-55,17,-49,-6,84,-31,-42,-4,45,-15,66,-2,-26,-11,-64,-76,-72,-82,-100,-63,54,-58,5,-23,-35,-57,-75,-82,53,65,-34
-24,-67,-72,21,-86,-2,88,18,-17,-33,48,-27,-44,-32,-66,-34,-82,-6,2,-33,79,-38,52,-58,63,-57,38,-96,-15,85,17,-96,61,82,22,52,32,56,42,-93,80,51,-61,-70,75,33,-23,-94,-49,-50,-58,-81,-58,58,-28,14,68,74,13,-25,88,82,-80,41,-84,-18,-27,-54,-52,43,99,75,-33,96,-14,-3,34,23,-52,85,53,-4,-2,-85,-1,-100,53,26,24,17,77,-35,83,34,-8,-18,-99,-30,33,-68,32
-60,-63,-37,27,22,33,-90,42,100,17,-94,72,-11,-22,-28,6,48,-35,-30,-6,-98,-58,-86,-8,-84,-77,-14,-26,-21,57,-21,33,-68,-45,35,15,97,-2,-12,87,-92,73,58,46,46,-42,44,-58,58,-25,12,58,100,-16,-53,-55,-64,38,38,45,-42,84,-4,67,-54,-65,-66,-6,-8,27,22,0,46,80,-56,-4,46,-42,9,-60,100,19,-43,-24,-41,-48,91,-15,-26,2,4,33,-62,-62,-58,71,50,77,27,82,1
-74,29,11,-58,24,95,-76,-97,-76,-37,78,-17,-92,-37,72,67,-50,58,-58,-27,8,5,-64,67,34,85,-93,-10,37,-54,49,-48,13,-31,-62,-5,-16,-61,-4,-94,6,33,80,-43,-6,-33,43,45,-84,-15,-61,72,-85,-50,100,-32,-92,-73,55,-99,-22,14,-24,64,55,-10,-24,-69,28,52,-11,6,45,71,-40,-4,-71,20,44,97,-69,-23,-100,3,48,51,-91,-42,-91,62,-19,-56,40,63,-31,49,-88,-58,-80,69,-91
-98,-28,-57,11,-88,-89,56,49,-2,9,36,-41,-41,-69,-78,74,51,-42,15,51,35,23,75,9,-10,-58,-59,-8,-98,44,78,-55,-76,89,99,-96,-83,-90,45,64,-90,27,-48,-85,-63,18,-11,-50,-37,-34,-44,-2,-59,60,40,34,0,80,-39,0,-58,-5,-30,95,51,17,15,19,-89,27,5,96,93,46,-51,-76,5,-78,-73,22,39,43,67,34,-32,12,-46,-6,38,-66,90,-47,-53,-36,14,-20,12,82,-25,-95,28
-61,62,50,-51,-20,-97,49,15,28,-87,-83,-80,-5,-29,-37,-77,87,92,-2,14,-96,-4,44,87,88,-63,43,17,14,-75,-80,1,-35,54,-95,64,-54,-23,-24,18,2,-54,24,44,-36,73,-64,82,-43,36,18,7,18,61,89,20,-81,-3,85,42,-20,-74,-76,-36,58,32,-7,-42,-63,-76,-30,-99,59,-66,39,96,-18,58,-23,-38,-37,78,-23,83,84,-38,-88,100,41,2,-92,-52,96,-66,18,-76,-34,99,85,-65,98
59,2,-57,-15,30,29,-62,-95,16,97,-39,7,14,54,89,2,63,-33,-53,88,23,-89,-57,-99,15,67,61,-84,84,10,-80,35,10,-24,26,-56,-31,35,-54,91,-74,64,-12,74,30,89,19,86,-13,88,-28,60,-41,15,60,-40,35,-46,-49,-27,55,-100,-12,100,28,-100,-16,-14,-9,-98,25,46,-90,-98,-31,-69,-14,-52,98,31,54,16,-66,-97,75,-62,-68,32,26,1,28,-97,17,-4,-18,-85,-46,-81,48,47,2
33,-90,-100,83,98,-13,-27,-17,-72,1,14,-43,77,-31,60,19,-94,0,40,48,12,-30,-44,-39,-74,64,11,100,-39,89,-61,44,65,-48,-39,57,-87,-28,72,83,-32,96,82,-74,-22,-11,-32,-78,97,-7,-73,9,-54,75,97,8,-12,69,37,51,80,-91,-76,56,24,-80,49,-53,88,-98,-64,39,-23,-49,-63,100,56,55,69,-62,-78,83,-41,-68,21,39,38,18,-59,56,-69,13,-28,57,-63,8,-4,-30,97,-70,-28
70,-46,-81,32,42,-59,-46,46,97,-11,-55,-58,-14,-97,64,78,-1,65,-78,60,72,-12,96,-52,-86,-87,69,75,-40,-27,18,-55,-34,86,-94,86,78,60,62,95,-86,-52,0,-5,89,70,-99,-5,-55,90,95,-40,23,68,-53,-95,-74,-98,-90,91,-11,25,-78,15,-89,-32,-70,79,43,60,33,-60,-76,-31,-73,-36,32,36,-69,74,98,17,-58,-90,-80,-57,-50,22,49,37,88,18,-99,29,98,42,87,5,-47,-86,-73
75,31,84,-45,18,-19,84,-45,62,8,89,-39,-42,-34,65,-100,-60,-66,-16,-51,18,35,37,21,92,-44,-6,71,4,-12,-7,61,99,99,-85,-45,-80,-38,76,19,83,-63,4,-74,58,-21,98,-91,-45,27,-70,-38,-33,22,-99,-90,13,50,98,56,-62,39,7,-54,32,-3,69,-89,70,38,-52,5,-15,16,-63,-56,50,31,-68,-93,-87,-94,69,34,-58,24,99,14,-43,21,-37,-83,72,8,46,32,15,-71,-74,49,-71
-12,91,62,-24,-30,66,12,-13,48,4,39,5,59,44,18,-45,-89,96,-38,-98,-96,5,39,30,-68,21,33,-77,40,-24,25,72,-33,-80,24,43,49,53,86,31,-32,75,-43,-19,-51,70,-39,19,20,37,-66,93,80,-11,-65,-14,16,29,76,19,52,40,-80,-5,-70,86,48,-25,-100,68,28,-85,55,50,-22,-80,49,-32,40,-54,-59,-24,-55,31,25,-18,16,-33,-45,-37,-18,-46,95,-26,62,96,46,-28,72,-17,-2
-27,-93,48,31,-23,40,-36,11,97,97,2,13,77,81,60,75,85,-56,-31,4,0,-77,57,38,10,-40,28,-6,0,36,-90,-12,-90,6,49,7,-94,-4,-47,17,31,77,-19,71,57,-52,40,-54,35,78,-99,-17,-42,20,-35,24,9,31,-23,93,69,-71,-42,-73,31,-20,4,-10,-80,-37,7,82,65,54,59,-50,-82,41,-54,-83,-5,-20,-94,-59,-36,83,68,8,99,89,86,53,-45,72,23,-44,-14,41,27,-24,18
-41,97,47,46,-6,-88,-16,58,7,74,-58,-38,-25,5,82,15,-15,-66,2,-68,-25,-41,-19,16,98,73,26,-49,36,46,70,-18,-67,28,-4,-27,88,49,93,-13,41,75,63,16,43,-4,-15,-23,-81,-14,21,-80,8,5,-44,76,-30,-92,-12,85,75,-1,-71,-49,83,41,-84,-58,46,39,-86,15,-62,-2,-92,-29,80,-93,-15,41,39,13,-46,37,-90,72,27,63,-70,63,-51,-62,-98,-47,11,67,-54,-40,67,81,-51
-91,-63,-45,73,-11,-70,56,-21,42,97,-74,-20,85,-22,-95,-25,-17,-86,55,100,-35,-3,100,-51,-80,23,-14,-9,-43,-59,30,-58,-16,-83,-91,-29,55,-11,-33,8,-57,24,-66,20,-7,6,51,-25,56,13,-8,-58,-47,-53,-82,3,14,-77,-18,-44,-84,-31,-24,78,-85,-18,-58,-91,33,71,-97,54,-37,-44,-28,63,61,18,22,-99,92,2,-26,48,-17,25,39,93,72,98,21,-23,40,83,-57,-6,40,-100,14,96,-92
