-43,-28,97,64,32,86,-77,90,-40,20,-80,-74,-98,-99,-83,53,63,43,94,11,-86,-43,-59,-16,73,-26,-52,-34,-61,60,51,-14,75,-70,-35,-90,1,-9,28,-59,77,-37,51,-29,-23,20,21,84,-100,0,43,-7,-50,51,-19,-60,100,-9,-94,5,-48,34,68,-36,42,1,43,-75,4,70,-98,-33,54,64,99,56,35,-24,31,-19,-54,27,3,-1,72,78,54,28,-85,-14,33,34,40,62,2,18,-38,65,-95,21,-75
-24,87,-53,-42,6,48,91,-92,23,23,-72,14,57,45,74,-4,88,13,48,89,88,-10,38,-96,61,-12,-61,16,-48,-5,84,21,-6,-41,72,-76,-4,-13,74,20,29,-84,91,78,39,-69,-39,25,-50,-7,65,4,86,15,-32,-68,-18,-61,61,-37,93,-10,1,-92,-6,-12,-91,2,-33,89,-27,61,77,-41,-26,78,-86,43,-12,18,18,77,98,-68,-18,9,85,13,53,-2,99,-41,16,-90,7,-17,-100,12,57,56,-99
70,62,37,-91,58,-81,5,79,-19,52,-99,-48,86,-27,23,-92,6,60,-96,31,35,16,82,-16,72,4,63,-97,-66,27,-60,69,-95,32,81,24,92,11,57,-58,-2,-8,41,-35,73,48,-7,6,9,21,5,33,77,-12,26,11,84,8,-89,-37,0,13,-52,29,-71,78,70,-35,68,13,-59,14,-65,-61,34,86,-65,43,21,-71,-46,-7,61,-78,70,-72,66,11,67,92,-98,81,-97,-77,14,-65,21,26,-77,-88,83
-33,-39,74,-8,-39,-19,21,-7,-16,69,55,-15,-64,43,37,-89,51,75,47,94,-98,-84,49,-21,-88,10,-91,-69,-13,-3,-37,26,75,24,81,61,77,79,-28,50,64,48,99,-80,64,36,-75,13,-61,-86,90,-89,26,-17,80,77,-63,14,39,-45,-6,21,-51,-11,-39,-54,69,42,-84,71,-25,86,-59,74,31,-33,25,38,78,-45,-72,-91,-73,9,63,-38,85,59,4,-73,-64,-84,83,68,33,25,-8,16,77,-59,7
7,-3,68,-45,20,-48,88,9,-91,15,-54,85,16,-87,56,-53,98,34,42,-46,54,27,-18,-1,-37,24,-79,4,-69,-31,29,65,-91,59,-81,65,-80,70,-83,91,27,92,69,-52,-63,-48,-39,73,-20,-45,-26,-24,-56,-84,-20,68,86,94,-56,-27,100,82,72,-67,-82,61,93,-99,0,-13,-8,-87,-81,91,70,-60,-54,16,58,-25,50,15,62,52,-76,-8,-72,-55,29,23,56,-11,56,-49,33,65,73,-41,-19,-2,-25
63,10,-64,70,-94,-58,91,42,33,29,-8,18,87,97,35,70,-57,96,-73,-82,65,98,0,93,8,12,-58,-35,81,22,19,5,16,-22,72,96,-18,-41,-27,43,7,-43,80,-63,91,-76,-86,55,-48,61,-79,37,58,-62,-15,0,18,75,-71,37,70,-96,-79,84,-20,-12,-97,-90,-84,-4,-5,-16,1,-8,-29,41,83,30,-64,-96,-84,-74,75,69,-59,-81,19,58,77,43,14,90,-20,-61,40,61,-81,86,-13,84,-34
93,52,-94,-43,-87,97,-30,80,75,-35,-85,-37,-57,71,-83,-55,-9,-77,16,-60,68,-50,-80,13,17,-54,24,19,95,-8,-89,-44,13,17,64,-82,10,72,-27,-99,62,-60,2,46,-16,68,-60,59,-27,90,-92,65,-3,-93,21,68,-83,3,-51,-13,-42,-25,76,-90,7,0,-100,81,62,82,13,-45,1,40,-50,-8,28,47,62,-28,46,-69,-19,-60,-91,-74,-22,-33,19,70,21,50,-89,-86,20,26,2,-12,55,-15,9
-34,66,-75,6,10,-2,81,-85,-63,28,-4,-42,99,2,10,8,-61,61,-20,42,-57,-19,66,-22,90,50,58,18,78,-49,71,-7,10,56,32,-5,18,-88,0,-51,92,-96,-22,-45,-49,100,62,53,26,92,41,94,-30,66,-23,45,-3,-46,100,48,20,-59,13,78,-31,66,76,42,18,79,96,-83,26,98,-61,67,-71,83,61,-43,-77,-89,-23,12,-61,55,62,-23,50,-38,-34,-59,70,20,3,64,86,98,-98,-68,5
96,-79,7,-12,-35,68,70,77,-70,-5,33,-46,-12,-61,-55,-81,-20,33,5,-11,8,44,-59,71,80,-19,-64,83,-32,-50,35,-59,70,52,77,-8,-73,83,13,-20,-84,-100,-79,-2,66,31,67,-14,-15,-75,-33,80,-84,46,-44,90,37,-90,-97,-95,92,-26,-26,99,-69,7,67,30,-35,-34,2,-40,-10,87,-22,62,-17,52,49,64,-33,-99,88,90,-53,21,-41,88,-14,68,94,53,-74,8,-74,-44,52,-88,-73,-18,-92
86,59,9,91,-50,-78,-41,-34,97,59,4,99,58,-68,-28,-11,95,68,-16,79,-83,-28,17,28,41,-70,-54,-7,3,-30,-17,7,95,-72,-83,95,28,-57,72,5,-92,93,44,0,74,45,4,14,-91,-59,23,-40,-54,-39,84,0,-13,68,36,71,-34,100,-62,-26,43,-14,-14,-19,-14,85,48,98,-19,-62,99,0,89,17,-83,78,26,7,-46,-18,-89,-60,87,13,-63,54,90,-47,60,72,-10,-31,33,-87,-61,-59,-46
-84,-43,28,-90,58,-90,-44,-48,50,-1,58,-4,-43,8,-41,51,38,-73,-99,58,89,-48,72,63,-100,-75,4,29,-52,-74,-35,40,-63,-22,-100,-99,93,-42,45,-50,-79,-5,-35,-75,-73,2,87,78,-15,-55,-27,-9,-99,-9,63,20,65,-25,-27,58,41,-21,13,57,66,8,33,-60,-27,93,29,52,19,50,27,54,20,-27,11,-17,70,-6,48,-6,-6,24,-55,-63,-86,-62,76,-70,62,-76,-12,18,-65,30,22,7,-83
-53,-2,17,-16,-38,83,-89,48,76,79,77,65,84,-75,-86,-79,-59,-19,69,-6,-76,21,24,-35,-40,66,-8,28,-93,81,53,84,60,-84,29,8,-6,4,53,55,-66,16,6,-73,-76,-57,18,-23,-8,-82,4,88,-61,-59,-26,78,-64,-84,13,26,34,-46,-71,12,38,85,25,-17,47,40,-24,-22,37,68,96,52,28,57,98,-68,60,77,75,37,-37,23,-81,-85,38,-58,27,-5,90,68,38,83,87,-10,95,71,11
-86,-33,-9,-14,-8,-14,-34,-25,9,34,79,-97,-50,-55,66,53,-83,11,89,25,43,-69,75,19,13,72,77,71,-41,-82,4,-3,-8,-14,46,42,-56,-8,-49,-53,35,26,47,-34,20,-69,-98,-85,-33,-99,39,86,-7,49,55,56,-79,76,-42,-43,-77,85,-82,-36,-87,-30,99,-4,-30,-69,-34,-65,58,90,79,-85,1,-90,-1,41,45,21,-58,-5,-37,59,12,65,82,67,-36,85,99,-73,-87,55,26,29,-14,-85,-6
-62,-21,63,47,-92,26,-61,-21,1,48,79,36,10,52,36,-94,-69,-87,59,-25,97,19,56,-59,25,-74,-48,-81,71,-37,-56,87,-8,-6,90,74,57,91,8,26,93,53,36,38,26,-33,36,45,-96,-50,35,73,-58,9,81,59,-32,81,69,8,94,57,53,97,-19,-6,-43,-28,-66,-31,61,67,45,-3,-22,32,71,-23,29,59,35,-86,-43,88,-40,-79,2,-1,-16,-12,-57,-31,20,-27,33,54,-99,-36,-4,-52,78
-48,-13,45,67,-62,-11,-18,-64,40,-83,90,6,19,0,69,39,-78,33,-15,-1,61,25,67,87,-11,50,28,-54,13,45,67,15,-83,-27,-11,49,-29,67,75,35,4,48,-94,-63,-74,-97,42,17,-5,-99,-69,-81,92,-1,-9,91,99,-65,-39,-73,-96,20,37,35,60,13,-45,2,71,-44,-60,-63,-3,84,12,55,39,-55,-11,-99,67,8,-77,-37,57,36,-9,-68,-81,-13,-46,9,19,50,92,37,-62,-51,9,23,60
-44,-99,-1,-3,0,26,57,-39,84,33,15,-52,58,-100,-76,-54,-39,94,-86,24,-29,36,-7,-98,-86,12,-20,11,12,-59,-54,-66,12,90,55,14,-23,-45,32,49,-28,31,51,-29,-64,-66,97,72,76,-39,-28,-100,-87,-68,-47,96,-21,-57,-35,49,46,99,-75,-76,63,-66,-51,-12,-92,65,91,27,-66,-2,-35,-98,54,-88,17,100,40,-13,78,-63,0,73,40,55,35,19,-93,83,-63,-14,-68,-46,93,34,-70,-22,32
-10,-11,-93,67,-34,32,59,47,-48,-80,99,-64,-16,5,29,-89,-2,85,-33,-4,-37,100,-27,-75,98,98,38,42,69,-97,-43,-42,42,-66,29,-91,43,95,-90,82,-64,-43,65,38,90,-1,-28,-94,15,-39,52,7,-20,79,87,-65,57,-2,93,-36,-86,-42,59,-73,-12,97,86,60,16,-87,-69,-7,-29,-52,39,72,-1,36,55,40,-47,-87,-39,-80,73,34,39,-9,-80,-18,-69,54,6,20,-75,10,-94,54,-31,33,36
-56,-86,79,23,9,-7,-79,-12,-61,-6,-82,57,-11,24,12,50,57,62,-87,79,23,-9,-87,38,26,-91,54,-8,-63,-28,15,36,44,5,-92,-41,97,17,-13,10,43,-89,25,13,-29,-92,-97,-31,-87,37,68,66,8,9,40,-99,-59,-21,-11,41,-39,95,-34,14,4,-13,17,-36,94,13,-22,-37,86,-74,-87,29,24,26,-18,9,-14,73,10,-15,-95,-26,-69,-29,-74,-100,-20,45,78,21,-66,-14,62,66,84,-30,-66
-79,35,-40,-67,62,21,65,-17,31,34,7,-4,71,37,2,-93,-49,69,2,-89,48,0,80,12,13,15,-85,66,70,-21,-87,61,-28,33,-15,100,-13,-44,-97,-80,68,4,-12,78,5,36,-74,52,-29,7,18,89,-73,32,68,-56,51,41,97,-64,-66,42,89,70,56,-92,65,-40,-54,3,-63,5,74,-53,30,-16,-53,-90,-43,-97,56,-57,13,-70,-10,-30,-77,-30,-89,79,37,-72,-3,-19,55,40,-13,45,-41,60,-20
-31,30,-65,72,45,-50,27,63,-34,-22,53,65,-6,-76,-3,-6,85,18,-8,61,-4,-27,100,-90,-71,80,17,7,-14,-91,4,-83,-42,-58,57,-85,-18,-13,8,-8,69,-27,49,-50,91,95,-64,-37,-28,-18,-66,56,2,-52,-42,78,-55,-21,20,-21,34,18,-51,77,72,58,-60,39,2,30,-78,-7,-49,7,-90,0,-93,21,-37,-96,27,-13,-77,76,-61,-73,84,4,-51,-51,24,9,-73,-67,-3,-85,78,-64,82,-74,80
-31,81,68,100,9,4,-2,74,-9,-1,31,-66,-90,21,43,-27,59,69,-35,-31,-55,87,79,59,-97,4,68,-56,57,28,-95,58,36,-45,62,59,59,53,36,80,-21,-64,30,-42,-91,35,-76,-6,41,81,50,-95,-10,-83,-77,-64,77,59,-74,-49,-20,-67,71,-17,77,-11,-1,-26,91,-44,63,68,-28,17,19,67,-29,-37,2,-4,23,-11,-52,-31,79,-95,34,-81,85,-85,54,-44,-61,-3,-7,-9,-98,-19,-93,96,3
59,-37,-69,100,-53,40,4,41,-1,51,-46,7,-40,94,82,-3,-40,25,-35,-96,-55,69,60,93,56,-80,-3,18,-20,83,-79,39,-38,-33,-50,93,83,-100,-34,61,67,-29,83,51,-87,-36,81,-16,-21,68,44,-58,55,-40,76,37,-84,23,-82,20,-91,92,39,92,79,99,-19,-97,96,-77,-5,-84,-31,-54,-22,99,65,-65,42,17,2,-98,-9,95,21,35,68,73,31,-69,14,100,34,49,-47,58,-52,69,55,1,0
-74,-15,33,-38,93,51,-98,-5,-68,-19,-91,-4,42,-87,56,-8,-81,-74,-1,54,2,-85,-6,-72,-72,-31,-98,-66,85,80,-54,71,54,6,25,49,70,96,-43,81,86,-71,15,-2,89,16,-28,-37,-99,-98,0,67,-1,-83,90,16,-67,-78,31,-23,28,64,-100,-92,-35,-94,76,73,-44,69,-39,-7,-11,-23,-59,-67,-78,52,55,41,-92,93,-33,94,-92,-52,2,-13,3,-43,-53,80,-7,-89,59,-56,75,-68,9,-91,-61
-60,-10,-80,-89,70,13,-56,-59,28,-38,0,-49,78,10,-50,11,25,-92,-49,-30,5,-76,-18,41,14,67,-71,-37,74,-92,84,-95,-13,-57,-49,3,36,-31,-57,39,-7,-6,-60,32,-52,-73,-32,7,8,-29,19,89,15,52,-18,-34,21,-96,93,70,55,22,67,82,-76,-30,-7,-62,-63,56,74,1,78,-74,-77,97,8,-11,100,-63,33,-68,-29,-30,20,-20,-99,90,-34,59,67,-39,46,-98,-83,-93,99,-87,-8,7,13
-70,-93,55,90,-49,68,1,70,53,4,-93,10,-39,57,-83,10,55,-85,85,-36,8,-65,49,-3,-88,67,-42,-53,-57,-73,-83,-73,-27,-20,86,-75,50,93,-51,84,-33,72,-70,-1,-96,-89,-97,38,-38,-93,-94,-67,16,-16,-96,-65,-58,-50,65,62,-54,-10,84,88,-99,-65,72,-47,-86,58,-20,80,0,11,80,44,82,64,-91,33,-88,-16,-70,96,78,-32,24,-32,-33,58,-88,93,-78,68,97,73,99,-54,-74,22,-38
69,97,-36,77,-69,-89,39,89,37,-81,-37,25,0,-30,27,-42,-84,-52,-75,47,60,-46,-53,75,29,-68,68,-21,79,-22,97,56,-100,23,-99,-27,36,66,-21,-24,57,-62,-31,-16,-99,27,55,-24,-55,-50,11,-54,-43,-82,-73,-14,19,68,71,-37,-64,70,6,-66,21,-86,-25,37,-78,39,-45,-87,78,53,-85,43,91,-14,-85,-39,-66,75,-31,31,-57,55,83,-91,-27,-65,-4,57,-53,99,89,-62,-26,16,-39,-27,86
-15,-29,36,96,50,-52,69,-28,-81,-92,-37,1,-32,78,-14,17,-33,19,32,-1,-12,-94,44,-29,-15,55,12,17,-12,3,75,63,20,59,62,59,-98,63,-42,51,-9,16,-57,53,13,-62,82,-98,65,27,74,-70,-40,-86,-19,55,-9,2,-77,-33,8,41,41,49,-74,77,13,-21,-93,-20,87,-16,40,86,-11,-84,-62,15,51,64,86,66,-13,-12,-31,85,89,-10,-34,-56,61,-39,48,-40,44,-60,-76,85,73,-94,3
-85,37,23,-23,-43,-34,-84,-81,-54,64,87,16,83,16,-87,15,-18,72,-44,48,-63,15,-41,-43,21,-31,98,50,99,58,-24,-40,83,-86,15,76,-42,-63,-66,40,49,-31,-79,74,2,9,-82,88,-82,17,-91,-61,-47,-43,-83,-60,-45,59,-63,-21,99,-54,-93,58,-76,-47,-11,25,25,63,-21,-54,76,-95,36,-7,43,6,84,26,40,82,48,-7,-56,-1,-23,5,-100,-22,58,82,-1,-74,45,23,-84,60,32,35,2
87,-63,6,50,-45,-36,47,87,-59,-89,56,70,84,67,77,-79,-10,-8,-89,87,-55,97,-20,83,-43,59,-73,74,46,-17,-91,13,-40,27,-2,-43,-93,19,87,-15,-2,-59,-24,-24,-5,40,10,-93,-67,53,53,11,-73,-33,-47,57,43,11,-79,-68,-61,-61,78,-3,-56,47,-48,94,-75,78,79,72,100,-95,54,-81,24,-64,34,-18,-67,-32,-93,-56,-64,13,2,83,-77,-18,-32,90,-68,24,-76,58,-49,37,26,66,7
23,-11,-58,95,64,-10,17,-51,-54,-49,1,-97,3,83,-25,-74,93,77,-16,38,-51,13,14,96,-32,35,-87,-40,-44,66,-38,-53,91,26,97,-97,-26,-31,-25,-25,80,0,58,33,-40,97,-23,-14,-5,68,10,-91,9,24,-67,-81,-39,50,5,-32,61,81,-75,-85,-24,-62,-50,-53,-78,18,-29,-38,-63,-88,16,59,-31,34,87,-86,79,9,75,45,58,-44,92,-88,17,26,28,-81,-35,86,-63,2,-12,39,-53,-83,-55
-88,-11,-2,-62,15,81,-87,-56,89,51,-90,81,59,-75,-26,-94,89,67,20,-15,73,-66,-11,93,-29,-44,92,46,84,95,-76,-23,94,-66,-69,10,42,6,-76,85,96,-60,-4,-46,-54,-94,43,-99,-12,-66,-78,20,-90,56,-70,57,99,63,57,66,-49,-61,52,79,-19,-81,-16,-67,-99,-33,44,-48,-94,4,-98,50,83,67,71,-26,-21,-62,-70,-8,-28,10,43,-31,48,95,26,-37,-45,-32,97,-38,-53,-56,71,31,39
56,-72,-32,24,30,12,-83,4,-67,51,29,86,-29,1,-59,1,28,13,-33,16,70,-59,49,-90,-18,27,-39,24,-37,-72,87,-30,-6,16,55,-4,-25,-33,-48,-60,65,82,-85,16,-65,59,36,-89,-81,-85,-49,51,-9,12,-76,-67,62,27,-86,58,-46,-9,-7,-23,74,-47,80,-25,50,74,18,47,-30,48,-24,-83,-94,29,-46,62,1,-25,76,91,91,9,-56,24,75,-90,-36,-40,8,20,-98,-64,-49,-54,97,78,77
90,51,-78,-100,13,-24,86,10,46,45,-48,93,50,58,32,16,35,64,67,55,-32,-19,3,56,-31,-65,-100,-96,74,-84,1,59,88,44,-50,40,97,41,-39,-12,92,77,24,-89,-23,-39,84,23,72,39,-4,-46,1,86,-6,-13,-61,-96,33,-12,14,20,-91,-41,78,53,56,-50,94,-24,-76,-82,-36,67,71,-78,-90,-62,-96,13,-48,-29,-40,-90,-76,0,52,-55,-85,48,28,48,-42,-30,-100,-98,-99,25,-40,90,80
56,-75,-91,-31,54,62,47,98,-95,25,61,54,-29,8,65,-50,52,70,3,45,-34,11,35,97,-76,-44,85,-15,-88,-55,48,-72,-58,-65,-54,60,55,79,53,41,56,-11,-48,-34,9,-72,26,41,86,-17,-91,35,-45,-6,79,61,-73,46,-82,46,41,-34,8,89,-72,90,28,67,26,-77,-14,-15,60,32,-50,53,53,-93,8,-36,-80,-84,-15,86,68,-7,-38,66,54,60,-36,-93,31,10,26,60,62,-60,89,32,-48
-55,35,87,7,-95,66,1,41,21,-74,37,87,10,-44,92,-90,-54,50,99,21,-14,72,-4,-56,62,-79,46,-90,5,13,-89,-53,-91,34,56,39,26,38,84,22,-93,92,-38,-45,-29,-25,-98,-4,37,-51,97,96,-63,91,-82,93,-85,60,-10,-88,42,40,53,16,-46,-99,39,-96,16,-56,44,0,-95,31,0,-73,15,54,-81,-31,-78,54,-52,-48,-1,67,-65,21,89,53,-73,77,86,-21,3,-1,-56,-93,-46,23,43
-79,89,72,-50,-41,-62,79,-20,36,-64,-10,34,-21,-65,-61,29,-54,49,-38,-48,58,-48,-32,48,-82,24,-24,-16,3,-12,82,-15,-4,-51,-57,-73,-4,91,-66,28,45,62,42,79,68,-52,43,-94,1,86,86,-31,12,-6,-11,-84,-41,77,71,-52,-87,46,-39,-32,-82,-88,-53,-68,-18,-67,-81,-79,-57,-68,-48,-51,17,-40,-57,47,-58,-78,65,-41,79,82,54,59,-54,-27,24,16,40,-29,49,-73,48,-9,-44,4,52
-100,4,50,49,62,-71,80,21,-60,-34,98,89,-2,-35,-35,-27,-20,-1,-72,-43,-45,-89,-10,82,71,79,0,-93,20,48,63,50,4,-33,-9,-95,-79,24,98,-12,-49,-47,54,2,49,52,36,-56,16,51,-83,97,81,82,-74,-86,61,-31,-21,29,-1,-75,-89,-26,64,41,40,-42,-2,-55,84,11,10,6,-8,-23,-54,-75,85,-49,-85,-99,91,95,82,-78,23,-35,-63,-60,-36,-37,-38,32,-42,-79,-36,0,-43,-24,-70
50,-69,-47,85,74,97,65,-52,97,24,-2,25,27,66,-84,72,64,1,10,65,-25,69,81,-16,68,-17,78,-57,-4,-16,-22,-73,39,-16,79,-19,-34,-82,-51,-96,-27,-5,-66,80,53,-79,-22,34,-72,-85,36,39,-82,-60,-49,20,68,-72,12,34,-96,-31,-12,-87,18,-82,-51,-13,99,-86,-55,83,75,-7,-5,88,-99,37,65,-31,87,79,92,-95,-93,100,8,15,84,15,61,-36,55,-69,17,-60,39,34,-17,-31,20
47,91,94,76,66,72,-65,6,49,77,-50,57,-71,73,91,59,-42,-41,26,-68,1,99,5,-75,-73,-84,93,4,-69,-2,88,67,-83,22,21,-46,86,-16,-14,90,-68,-40,-74,-45,-14,75,-43,50,-97,-54,-45,-1,20,40,35,11,79,-42,8,-11,-47,-97,-44,-69,16,7,90,21,92,-2,37,-41,13,-40,94,72,36,-99,-98,55,67,49,57,-17,99,48,-77,-96,43,6,93,-79,-91,54,19,37,-48,-95,-51,-50,93
89,81,-93,-71,21,40,25,89,26,-23,18,-31,-57,70,-93,-31,69,63,21,-89,-80,47,42,23,-62,-92,-100,-1,-96,17,6,72,-94,-71,-93,40,-90,-31,-52,-81,-71,79,-37,28,56,75,-72,2,-53,-35,83,1,18,94,69,45,-72,-30,94,-93,77,8,29,60,95,-26,-27,1,94,-93,20,-90,0,99,20,-62,-46,-40,-29,-99,-96,25,-46,90,3,-87,50,64,-79,99,30,-64,93,-32,-72,-48,41,-45,-93,-71,52
49,47,92,-83,-79,-91,59,-62,-70,24,-12,57,31,4,-28,-74,40,-99,-43,41,15,-49,28,0,88,34,17,44,-75,11,64,-24,-70,-100,48,-73,-87,-3,-54,-33,-85,94,16,-86,86,-89,68,-67,-69,60,50,-52,-37,26,42,33,62,-98,-96,-52,-83,-1,-69,-23,-80,-26,-85,39,10,52,77,9,62,21,53,-95,-99,-17,80,-61,66,-84,42,-46,23,23,-5,88,51,-79,64,20,19,42,33,-39,-31,-31,-16,53,-33
-19,-66,-54,-100,96,9,-74,-84,38,-28,27,7,-52,17,16,-66,-68,94,-11,-93,53,-95,-31,-70,-92,-46,60,71,-29,80,-64,-7,-80,-87,-69,1,79,32,3,-32,65,-16,-52,20,-62,97,-80,-68,24,-98,-5,11,54,-86,-1,54,82,-33,17,95,-59,13,-15,-94,0,53,25,57,-23,64,12,-37,22,76,40,-74,74,-40,-84,42,0,-96,73,-21,-28,-57,93,-61,80,-49,19,92,54,47,25,84,-33,29,15,-75,95
12,-59,79,82,-60,15,-37,72,95,100,-92,82,84,-2,-64,-94,0,95,-32,52,-65,83,99,90,-32,26,62,16,27,5,72,-27,-53,89,-63,-36,82,-1,40,0,15,80,-100,-55,-56,78,35,-96,68,29,-28,62,60,85,-99,64,-97,77,-86,-70,-67,73,30,90,24,-75,-97,-8,100,74,56,-15,-12,21,-35,65,-77,21,10,15,99,-18,54,-36,93,70,78,-39,19,-88,-10,-79,46,100,-95,-32,-14,67,83,85,34
-27,-93,86,-59,-47,-4,90,92,-31,-72,98,84,82,-74,52,57,-59,-34,31,-33,-4,39,-47,96,-71,52,37,55,40,24,42,75,-82,-19,-51,-40,53,19,-5,-16,67,-29,-35,60,-6,15,-22,-71,4,-28,-71,-100,-42,23,95,-88,21,40,69,-15,-70,26,71,-59,-38,67,-40,53,-8,76,-18,-92,40,-21,-10,64,-5,12,50,36,-36,20,94,-54,28,-41,83,64,44,80,45,-43,6,76,1,65,-49,84,-28,-53,53
6,-53,38,9,-43,58,-64,-35,-58,44,-57,65,97,-27,-62,92,85,-74,-65,50,-63,59,-7,-4,-6,-17,77,-14,-95,5,-53,37,-36,-35,5,26,11,63,-10,55,46,41,87,-11,-18,23,76,-10,-44,65,-39,89,43,92,-42,94,-84,55,-14,21,68,-89,-31,-85,-53,-15,85,24,-2,100,89,-68,-91,65,-17,-49,21,2,-15,19,-68,30,9,74,84,-52,-64,-71,64,54,-95,-91,-28,-86,78,14,-50,47,-83,-25,-66
-31,32,77,32,-3,64,84,74,67,-59,35,-48,-83,70,-51,90,51,91,-83,93,29,-56,53,-7,10,84,19,-68,-60,-63,-7,-55,-67,21,12,15,-16,-18,-6,95,36,-21,-18,45,-94,-82,31,-5,53,-38,86,76,-50,43,80,71,-68,-47,43,65,7,-23,-86,61,-21,-82,96,-89,23,2,-97,83,-28,-57,-25,55,57,-58,-74,-97,-99,3,-62,-36,87,73,-79,81,-99,91,63,-71,54,67,-16,87,-23,28,-68,-57,-45
-34,12,27,71,-66,-63,11,-23,-42,5,-73,-72,-33,28,-83,-57,42,12,47,37,12,71,48,64,-65,-88,55,-58,56,73,-90,100,-56,-38,42,-76,-3,-82,0,-32,-23,-64,-81,62,-82,-90,70,6,77,-28,-21,-6,42,19,39,80,-60,-2,83,74,-15,14,-40,-58,-25,19,22,-83,-38,94,-26,-93,41,-97,31,-44,15,-20,-36,5,-88,72,-10,-38,-89,99,37,-88,-5,32,-29,-75,60,-38,99,-20,62,54,-39,12,37
-31,-8,-22,-90,-11,-43,-84,-2,38,24,84,-62,-51,48,-7,92,38,-11,30,-16,60,23,-26,87,-45,88,85,-10,-20,67,-5,-62,-51,-20,-19,-64,-34,-77,-94,67,57,-44,-48,-67,-51,-35,42,-35,-95,-38,100,-40,-19,63,97,-42,-82,84,-89,7,81,22,90,-52,-30,-50,-78,29,9,34,-8,60,32,-25,77,25,44,84,-4,-29,-10,43,14,-12,61,-14,-63,66,14,71,-35,-21,-57,33,71,78,9,-20,-62,-41,53
-45,-71,49,-74,93,-16,100,13,86,-76,-74,-25,31,-79,100,-100,17,71,1,45,55,15,-100,99,43,48,86,5,-7,-38,6,68,-49,92,9,-49,-45,84,42,3,25,-84,91,45,-74,94,-49,20,98,-24,-78,98,-50,-86,-43,-28,-92,35,-56,31,14,-85,-42,68,-5,-3,92,38,22,68,-98,45,46,-23,-74,91,24,-92,2,-18,-36,-3,-18,20,55,-5,87,92,81,31,-31,-21,60,50,72,-6,41,-43,8,81,-96
6,-60,96,62,-88,-63,-59,-63,-12,20,-29,-70,56,-71,60,-71,11,60,60,-3,-66,-32,-53,-51,-54,-70,-45,-20,-64,57,16,30,-66,-95,-70,38,10,-100,98,73,-2,60,65,84,-45,38,-26,74,-22,73,-96,10,-83,13,-99,61,34,57,-89,-39,-34,-65,-96,76,29,55,82,64,52,-93,19,-41,-28,0,-89,-1,-14,3,-80,96,67,-42,15,-82,-6,-42,-13,19,55,-27,-79,-72,42,-35,35,-39,-41,-80,92,13,-58
46,67,-76,-10,93,-52,65,4,-48,-59,88,0,46,76,-87,-32,-1,-66,66,16,-59,93,21,-32,0,99,-85,100,45,-6,-79,24,-66,-12,72,38,-40,-6,-89,-16,91,65,92,92,-77,-97,-6,11,9,7,3,25,-52,39,3,-15,-48,95,-76,29,-34,0,-38,-50,61,-30,-77,89,-82,80,43,70,-40,-80,98,-21,61,60,-8,-77,-1,6,72,-38,-54,-72,-96,-1,75,51,48,-39,-97,17,16,22,61,-46,41,45,69
-35,-83,-82,-19,39,-27,45,82,-35,-8,40,-61,-59,43,-8,4,-98,18,86,-76,42,44,-98,-64,-51,-90,-38,-80,2,-25,4,-69,-11,-22,83,-56,-77,65,6,-41,19,3,-48,7,40,99,31,-78,85,9,-5,29,-100,-37,86,-59,37,-68,-36,-36,27,67,-26,62,62,-75,-56,-49,99,38,-6,-48,26,-29,-69,-1,7,-11,-31,23,93,66,-43,-25,-53,-7,67,49,87,11,58,60,50,70,27,-37,-21,56,82,-84,-59
-64,-54,-53,-98,-74,47,-51,-74,17,86,24,-42,-98,89,82,-27,-10,-61,-9,-88,96,-52,-1,28,-44,35,-33,-1,-82,-46,23,53,-98,-76,-7,-86,38,84,57,-18,85,98,-38,6,1,60,-22,-26,-30,-27,-86,27,-88,-63,10,94,50,65,-40,-64,-85,99,47,52,-7,-57,80,30,20,92,-82,98,82,-24,61,-14,61,-73,-52,-73,-25,32,-2,63,-34,91,83,-87,-83,-23,8,97,64,-82,-100,-100,74,-88,-39,-12,33
-94,-74,76,-11,-34,-43,32,-41,68,-73,-71,-44,100,-86,-63,47,24,-1,86,93,93,77,95,-15,83,8,61,-98,-95,97,67,-5,-67,-19,77,-87,1,-53,-70,-70,-71,-77,-77,75,-24,-60,-44,7,-55,-47,21,36,-26,-51,12,-8,-20,-9,-55,89,-32,-49,26,-55,-10,-1,-41,-27,85,49,-71,77,-98,21,-52,-38,-54,-1,43,49,9,77,57,-58,27,92,5,-29,98,18,54,63,67,15,4,-82,-88,-48,65,-6,-15
-57,-35,57,-64,54,-85,-38,-2,-98,62,-23,18,35,79,92,34,-77,86,-5,-94,-75,51,48,-12,97,-53,100,-95,69,56,-50,-74,-73,3,71,-76,-66,-12,34,94,-27,26,90,96,97,38,50,28,87,68,13,19,-58,-98,-2,-14,-19,-91,-88,72,78,-41,57,-87,-83,73,-16,55,-39,-28,-6,24,29,-17,26,-3,33,38,22,88,-34,8,36,81,-77,51,10,76,38,-57,-70,11,-33,-86,-53,-49,-99,69,3,39,52
-46,20,-70,85,50,67,-80,45,-5,-15,-2,-95,22,85,13,-47,-16,75,28,23,-97,7,35,85,-31,-99,-19,76,-92,-27,55,-65,-16,-94,99,60,75,-48,16,-39,-21,-87,45,-5,84,-53,60,-55,35,-29,-19,-96,61,-70,67,-21,-39,-3,96,-84,72,-25,84,-34,-14,43,61,-84,37,21,-39,-58,29,-41,51,-61,-100,-83,-44,-57,82,69,77,46,-40,6,12,85,86,-62,-41,-21,-98,-38,17,19,57,-35,-44,25,-75
60,-25,-73,-64,65,24,48,-19,88,-78,-10,63,-94,31,27,98,-70,72,86,40,84,64,73,-97,-21,74,98,-99,77,78,-17,8,-80,-9,37,-96,89,62,100,53,-46,-82,13,-96,-84,85,-74,39,5,46,-81,67,36,-79,-31,-81,-57,-44,-10,61,66,-33,-18,-23,-37,-87,-79,87,-21,21,-9,37,37,-71,27,54,70,1,83,-69,52,-98,-59,-41,-71,70,-87,-2,84,13,-64,71,20,100,-88,47,25,34,-95,-4,12
30,-53,-60,90,27,-71,100,36,-74,-92,-7,-24,91,-67,74,64,40,61,38,22,100,73,-83,-16,40,34,-16,-81,-44,94,-96,-53,-91,-9,-35,-18,-84,-17,-64,93,75,-27,67,47,-47,-7,97,-70,92,86,10,16,27,-31,91,92,93,-44,98,-43,24,-85,30,13,70,64,-45,-77,15,-88,48,-70,22,0,8,26,-20,-36,89,-59,-27,52,-32,-80,7,-49,-13,-65,-73,-16,32,82,31,88,-66,-24,44,66,-83,3,-79
36,81,-9,-34,-31,-7,-49,35,50,58,-45,-2,72,-68,-1,73,20,83,18,34,-77,66,-14,8,32,-30,56,32,70,29,42,96,-6,19,-66,25,50,100,-87,57,13,47,82,72,-98,-30,71,-75,-85,-70,15,-25,-14,-9,-16,-83,7,-75,-17,-45,44,-71,-27,-62,79,72,-75,-17,-42,77,50,-23,54,7,42,61,-35,-36,-26,-68,-34,98,-30,89,-98,-50,-73,95,64,-16,-77,58,-33,-91,-99,23,40,-29,-49,89,84
6,-27,100,-2,-59,24,-45,-75,-59,-65,24,-22,-64,33,30,-23,88,-16,-93,85,-33,49,-11,-71,-28,28,-28,15,85,-99,-79,44,48,-14,-61,2,39,48,-83,-76,97,33,-25,69,82,83,46,40,99,92,-70,-22,63,-95,-86,-58,58,44,96,28,-94,-47,-87,-96,-99,100,-26,-53,-46,38,-61,96,22,-56,41,72,-2,62,24,-70,-35,-64,-35,-58,-91,7,-6,28,-94,-10,-49,14,-4,-8,37,10,75,-92,-37,68,-11
-89,-77,7,-77,88,-49,33,12,-25,-98,17,-63,64,28,-78,23,55,-22,54,-10,-24,19,10,-100,86,-94,84,-23,82,-70,-52,-7,-62,96,-80,27,97,-71,-39,50,-5,-24,-51,-51,-33,-14,-75,35,35,-65,-68,5,-93,58,-80,-47,83,55,-46,42,23,73,66,43,-57,-97,-92,86,-91,88,-62,80,-88,71,-45,-79,-62,72,39,-56,96,-83,-77,4,39,84,-4,-80,-74,-89,-60,68,95,-79,-88,60,15,76,-53,-76,2
-40,37,7,60,14,18,39,93,-83,-8,-41,-65,50,-65,-96,-59,72,37,70,-18,12,39,-52,84,54,-59,1,-74,-57,41,-82,87,96,15,-55,92,-14,16,-67,-43,56,31,76,-85,-16,59,-39,-44,-50,55,61,-48,99,88,-55,22,66,76,-29,-11,68,-22,-9,-48,75,-83,1,94,66,-3,48,-26,-99,21,-27,-25,0,-89,3,-92,27,2,48,25,48,27,33,-1,83,-60,-85,85,80,38,-58,65,-83,97,-9,0,92
-36,27,-35,-58,69,-77,84,-39,33,60,-4,-48,-6,40,1,-65,93,25,-10,-72,97,-8,11,57,83,57,49,9,-34,52,92,-17,4,-83,-28,-100,93,72,-79,-17,29,58,-74,-57,24,100,-36,94,50,-69,35,32,-92,-29,97,53,-32,-100,-57,-71,-29,-28,-5,74,-16,-88,-58,-100,-91,-66,21,-47,-46,-97,-59,16,21,32,-37,38,-83,63,14,11,-7,93,70,-37,16,30,86,-100,-76,-31,10,-32,-40,-34,-17,0,-18
92,7,-85,-94,54,70,-91,25,60,-7,-66,-33,-74,-71,86,64,-22,-70,-94,-50,37,-13,28,-32,-5,-8,44,-10,56,-78,-64,71,-30,-55,8,61,10,-70,1,-76,92,-43,60,90,36,-28,45,43,67,19,-59,91,-45,-79,21,32,-4,18,-47,63,-85,5,-95,65,52,-62,-35,59,58,-72,-50,-98,-50,-61,-28,21,4,-70,-60,-47,-52,63,-15,-3,-58,-38,-32,65,-85,-51,-29,-52,8,-65,29,-80,70,-79,-92,81,81
-46,8,-74,70,-97,75,75,-61,45,7,-40,1,51,57,-75,97,54,48,82,39,-8,82,-22,44,-96,83,-40,72,-1,29,38,-78,99,-90,-13,100,3,-62,-58,8,66,67,-75,94,-74,15,-9,90,75,34,19,-9,-99,-5,41,-1,-87,-36,90,59,2,68,-66,45,-46,34,73,-99,-35,82,-3,62,-70,23,-50,-11,63,-58,77,-27,-41,73,-72,-81,-23,-48,-13,-61,-71,-41,-58,-46,12,-70,-81,79,-77,63,92,29,-60
42,25,93,-36,-98,68,73,-6,-39,42,83,51,-23,27,17,36,-95,-72,-65,-94,33,-4,-53,-8,53,38,52,17,-7,24,-98,-40,26,-53,27,37,-76,-56,75,-86,-93,-63,6,54,-92,-100,26,-13,-66,-63,30,33,-78,27,76,-74,48,-18,65,79,74,10,-19,74,-19,46,90,-30,67,8,-89,-84,-69,24,12,33,24,-86,94,41,27,-8,46,-68,-8,-5,-68,26,76,40,-52,7,-33,-94,-51,16,-94,-98,51,-91,-3
19,16,-5,57,34,-28,-73,-29,-87,-13,-88,89,80,33,-79,-92,13,-50,27,-9,-3,-81,13,94,97,13,10,-28,27,-42,94,-8,-90,-18,-9,64,-60,-72,40,79,-100,8,42,87,-29,-74,0,41,-20,-97,100,82,0,-1,44,-6,77,75,-64,-39,87,94,27,-86,74,90,53,-70,57,-88,96,36,23,4,-37,68,-38,-88,53,89,-62,49,-19,52,-95,-59,-33,-1,81,17,7,9,89,-5,-13,-8,0,29,5,37,11
89,-9,36,-5,54,-46,-64,46,70,54,-34,38,-69,13,-20,72,-16,4,16,-71,68,27,10,46,-41,-60,29,81,-80,-10,32,34,-66,-62,98,-15,-1,-1,23,-66,89,-9,99,3,-10,-66,-85,27,29,89,72,51,-5,44,-1,-92,-18,11,8,40,-22,-96,61,-61,58,-68,-87,-33,-96,11,60,15,-52,36,57,61,-74,-18,6,-53,1,-76,20,-10,-40,99,60,71,78,-9,-94,-78,-25,-5,-64,70,-100,-21,-67,6,20
-27,97,-72,74,97,60,31,-66,7,-23,-1,-62,29,55,-95,31,-100,92,-40,80,12,-99,20,-20,45,25,-94,-31,-35,98,93,-72,61,22,66,-94,90,75,62,-49,-56,-55,-78,-7,-65,10,65,-37,2,-44,-57,-30,-75,83,11,-38,-45,-65,65,-89,10,63,-100,61,-32,47,76,-48,21,-15,51,82,-40,-85,70,59,9,2,-69,22,41,5,26,-58,0,95,-55,71,50,-19,-77,59,-86,-40,-71,78,-36,-64,98,-45,-32
6,75,53,-7,-80,36,-79,31,-15,-50,31,3,-27,15,-17,26,24,66,-90,-60,93,-92,6,81,-64,-9,59,-71,80,40,-86,4,5,-2,-13,35,-92,-21,-32,20,-11,18,-53,44,70,20,89,-11,4,93,-11,26,-45,-33,-28,-21,79,24,-41,-63,16,-88,89,-64,8,4,20,50,-27,-6,9,62,81,49,-82,-13,87,-93,80,-36,-56,-43,59,-18,81,43,-76,33,-45,-81,-93,5,-26,-55,78,68,23,59,22,-95,10
2,-1,99,-71,96,50,86,65,-4,14,-51,68,3,-22,-45,-45,-54,42,-54,-10,-16,-5,17,-60,-16,77,6,-1,-18,43,-32,47,16,-66,46,-64,71,75,-9,-12,-50,-57,81,42,-99,31,-23,24,-100,87,-7,37,-27,-93,31,40,98,-45,-67,60,-50,82,8,12,-86,38,95,-8,45,-70,-86,96,-16,-5,-90,-5,-20,-86,98,74,-35,-20,90,5,-92,-81,48,94,40,28,55,-43,-23,57,92,-75,47,29,33,-17,19
73,-32,99,29,-50,33,37,-33,-41,-88,-12,13,-33,8,46,-13,46,-95,-34,70,8,22,-42,8,86,-23,16,21,-74,-37,74,-29,52,-51,7,80,61,28,27,63,15,-25,-56,77,-91,-77,14,-25,-78,14,-19,-33,-84,54,77,79,0,-92,58,70,95,-29,87,-91,41,33,93,-50,-44,-36,42,-93,48,75,55,51,98,31,0,58,27,-82,81,45,92,-11,74,58,-97,5,74,-66,76,8,76,88,95,59,49,-81,-93
-84,66,51,-57,-27,9,-29,43,15,53,80,31,28,51,54,52,-21,-10,-40,80,-52,-38,-22,-97,54,-83,96,-30,-59,-68,40,-89,-31,-83,0,-91,95,-33,-56,57,84,62,-81,-53,-73,-42,-87,-14,-17,33,-71,59,6,-25,25,-10,-73,16,71,14,-61,-87,-21,93,36,-34,60,72,-15,-58,-3,-85,-34,67,59,-91,-13,66,-83,-15,-87,-84,11,-9,-75,10,24,26,-6,19,14,64,7,-45,-51,-89,40,-50,-45,6,-34
-69,-74,-49,97,76,-74,15,76,52,91,50,-48,-53,86,70,57,-84,88,6,-67,-80,-74,73,-56,-16,-21,67,-1,28,17,-33,-70,66,-99,-23,34,-66,62,14,-70,60,68,18,94,2,-48,-87,36,-47,36,82,53,-54,47,-86,88,64,23,16,-64,69,-37,94,26,81,-49,-49,85,-25,11,-99,-94,-77,2,-79,-62,-31,-60,-69,-71,88,-31,100,-98,62,52,-89,54,-76,-87,77,-71,-37,-1,-70,28,-11,85,-76,81,30
-91,10,-7,-99,54,18,-58,-76,-12,-91,-61,39,-32,15,-90,-26,56,-96,54,0,50,-7,5,-56,1,75,25,-6,54,56,82,-14,27,-12,-47,61,18,87,4,80,86,-31,29,-40,-32,37,100,-54,79,-85,11,26,-67,-48,-73,-96,40,-19,3,-53,-56,-44,-27,65,-67,-61,69,48,-60,65,-81,7,89,-45,66,98,-92,94,-25,53,0,-42,100,26,15,-41,91,44,67,-19,-26,-14,49,89,-42,-14,-64,-99,79,-6,36
-28,-46,71,7,28,-13,-94,29,-55,76,84,93,97,34,-84,-5,-51,88,-19,31,-24,-35,-15,-2,-62,97,-47,-95,-2,-86,43,23,-27,96,9,57,-41,-14,93,-62,-45,80,-26,-46,-9,12,-52,81,-66,-64,29,-81,97,-24,-38,-53,44,64,-57,-33,-14,-25,40,-76,70,23,43,-26,27,-90,11,-54,-73,-19,-6,-85,71,-79,-33,8,50,98,62,-38,-95,-21,-26,17,95,-39,18,72,-73,-15,69,9,95,-24,-45,-63,-52
-75,12,-65,-72,67,-75,-2,-62,-82,-15,-80,69,-17,53,-75,86,84,71,15,80,37,-36,-97,28,47,-15,-64,-38,85,-3,-74,-9,42,41,-12,10,-44,-24,94,10,88,69,68,90,-15,-86,44,82,34,-50,-90,14,-57,-85,-8,8,-94,57,-22,47,77,59,-12,-66,89,-98,-61,9,-43,-70,-55,100,19,83,39,-69,20,-89,8,-82,85,14,-91,-98,-65,48,-46,-69,-68,20,-87,-78,14,-84,-22,-92,67,0,-64,-63,97
-41,-74,0,57,79,-93,-55,-20,6,84,-97,93,48,-10,86,90,10,-96,-74,-90,23,-60,54,57,-46,-82,-91,57,-58,72,-62,-15,-86,85,32,64,56,-92,-29,90,59,-77,-56,17,-87,69,-78,-81,37,80,-25,11,62,-59,29,6,-32,-7,-42,-67,88,-23,42,-4,12,-63,-10,-70,40,95,-39,37,52,95,-85,86,-100,58,8,-66,-54,-79,69,-64,61,50,25,-39,-35,-76,94,-83,39,-3,-90,29,70,12,-22,48,-27
-65,-60,-49,74,75,9,88,45,-21,-74,13,-20,78,29,-57,6,-68,-30,-10,87,84,-39,-67,-90,-48,-98,3,85,64,65,-62,56,29,37,74,-81,-3,-68,-73,59,-50,-58,2,-73,97,28,-49,-63,-24,-37,-64,37,-4,10,-40,51,-46,86,-8,28,-2,-44,92,76,3,44,84,-52,-72,-60,-96,42,-3,-51,-21,-38,-49,4,-32,-22,94,45,55,63,-43,89,-72,21,93,-88,-12,-83,-65,53,20,-46,64,82,70,-10,95
-49,-10,-83,-15,-77,1,97,96,-86,-43,49,-22,51,100,25,1,-75,-98,-70,-57,39,-51,16,-85,59,99,-86,-14,100,-5,46,10,61,-98,-60,-2,-34,-95,-92,-46,73,-93,88,-9,-11,-1,-98,-53,1,14,-56,-26,-82,-79,-49,-85,55,67,79,-39,56,-72,80,71,-28,-5,-22,63,-89,72,11,7,-23,-21,-14,1,74,-70,-50,-20,-37,7,-2,-68,64,-78,33,-74,48,-4,-31,1,-49,97,-31,100,-70,89,89,3,-7
-10,94,42,81,19,-79,-90,-34,51,-94,68,-38,-8,-10,29,37,57,-81,67,77,96,64,-33,-61,53,-80,-86,-90,68,-19,-66,-32,-9,-78,36,-95,-26,-81,75,74,55,-93,17,8,-79,-33,-40,-81,-32,-8,-15,-13,-14,-100,-8,-6,66,-27,-13,-17,-69,-70,55,-94,-99,-98,46,69,-2,-27,-85,-69,-39,-11,-69,9,57,-9,55,-51,41,76,-43,16,42,-84,-25,29,-11,-66,28,96,-62,-53,-4,-73,20,47,56,-11,-75
-4,51,-2,-51,47,54,60,-55,-74,38,44,-47,-83,75,-14,80,83,-82,-13,-65,-84,3,69,-72,26,19,2,67,8,64,6,-36,-57,47,45,19,62,-95,21,22,57,-98,6,-20,-72,50,-18,5,-57,75,-16,32,8,-61,-96,52,-20,11,-83,74,-67,40,65,76,19,23,60,57,69,-35,-86,-78,96,-5,44,-57,-20,86,-91,13,41,85,27,-76,11,39,10,85,-93,47,24,-43,83,-57,54,-62,-17,-99,47,45,60
25,51,-1,37,-46,-59,-36,-16,8,-54,-78,-61,-70,-54,32,0,-73,21,61,-77,-29,67,-36,-45,-83,-68,-74,-16,49,52,72,-27,-77,5,31,34,-91,-37,26,71,-64,-49,-94,2,-28,68,88,37,-17,78,60,43,85,-61,-92,17,-81,-57,-31,5,-30,7,72,-76,-61,-13,3,-54,-60,85,71,25,-50,-66,-28,-83,44,100,-38,-7,27,17,84,-58,-17,96,-31,71,2,79,22,38,8,81,38,71,20,-17,-94,-88,27
-35,-95,-24,-57,71,-1,100,-98,-64,-13,10,-41,47,-98,10,32,11,99,74,-31,-41,-91,-72,-48,23,-93,28,-56,-87,-10,76,69,84,46,95,-20,-37,-67,20,55,-22,-83,-47,-17,66,-89,18,46,2,4,-60,27,-97,-100,-30,-37,76,-48,-16,-75,-39,-28,0,-33,63,75,-70,-42,54,17,-86,41,21,56,9,39,52,-52,-55,-84,44,33,-98,-94,89,-5,-48,-30,37,-52,33,80,77,91,68,22,-46,-62,75,-66,83
-33,-1,-67,1,-19,-45,88,-80,92,-78,-44,-61,-1,14,55,1,-32,-40,84,20,2,22,-23,-11,81,-84,84,-7,-60,75,74,99,36,27,17,78,27,-16,-73,68,3,-55,-87,10,-100,-40,79,-50,39,-48,16,18,-78,-12,-82,-37,4,12,-46,39,97,82,-77,72,-43,-18,-22,-62,9,91,-99,-36,77,-77,-73,74,80,84,-14,-9,18,-62,-24,79,-47,-84,-18,33,14,-53,83,-72,72,82,-67,-60,-5,-88,10,40,60
89,-14,37,-72,20,-54,61,-30,90,56,-65,-24,91,-49,88,11,-36,-54,-56,-48,27,12,-64,5,-50,-15,-66,14,-51,-36,72,-3,51,-51,81,19,8,-93,-48,-5,-87,-78,63,90,99,-63,30,-65,-12,-39,6,4,-62,-60,25,-20,-92,35,55,-47,30,-21,-26,-70,-26,-32,-5,-77,34,-21,-12,27,56,20,-12,-19,-15,21,23,57,-4,95,82,-38,20,-20,-21,0,100,97,60,19,23,21,56,1,-39,79,-50,53,-39
13,0,-29,23,-30,-25,-76,-8,-13,-97,-35,-20,21,-94,92,34,49,-25,19,74,-68,23,-87,-8,56,-11,82,-41,-16,-99,-71,-22,55,13,74,-12,-22,-51,46,41,-88,31,70,31,93,64,99,-64,-72,82,65,88,57,59,-86,-58,46,70,-54,96,66,22,59,16,25,-86,-64,26,9,82,-18,-99,5,-13,66,-12,7,-91,-47,-65,-64,0,-69,-80,9,7,-18,-97,25,-24,-48,-8,80,-92,7,51,-61,-91,-48,58,21
-67,-63,-74,-55,97,-91,35,-83,-61,-10,61,35,83,61,35,25,-8,48,-79,54,-95,-67,0,-60,59,-32,54,11,-65,-14,-83,34,14,30,50,42,-55,2,13,97,28,-25,50,-66,-51,-89,19,-29,37,89,62,70,-69,-39,95,29,67,21,-14,-50,-5,80,-92,47,76,53,-81,-85,23,-72,-50,-39,49,83,10,91,94,72,-9,-49,-52,72,-39,75,-26,4,47,62,-84,-14,41,-9,26,-26,-50,55,-98,58,19,-7,2
-21,14,-55,-76,5,90,-70,75,-27,54,-19,89,-95,-29,-7,60,-82,-47,20,91,-34,-4,99,1,35,-41,-7,49,-73,34,21,-66,-61,-97,83,-97,-40,89,67,40,39,-72,-15,54,-46,-16,100,-60,-34,31,67,66,-68,-35,-89,-84,-67,-99,90,31,-4,-8,14,83,18,-47,-22,2,69,11,81,-46,2,43,-16,97,44,-26,74,94,88,-80,45,-60,-47,64,23,-91,-93,21,74,0,56,49,54,42,-30,-63,-93,-91,-56
93,58,-54,45,49,48,53,-62,82,12,80,78,85,31,-57,-72,28,-36,-89,-43,73,-84,42,87,-57,-72,28,-86,-43,-61,91,80,9,-45,-9,69,27,-54,13,55,-4,4,-44,86,-27,-31,39,-54,-50,-32,25,-31,19,-43,49,33,-28,52,-94,-51,24,45,44,-33,-14,41,-84,39,-71,-36,-6,53,1,-82,-29,53,-5,6,95,-52,10,-48,71,67,16,-36,8,59,69,-11,-61,-4,-55,-42,69,-19,-91,17,98,-54,95
68,-76,93,49,35,2,70,-70,99,-89,4,81,-67,16,68,-35,-57,-33,-16,3,59,17,-82,41,-21,-75,31,62,40,60,-69,-4,-91,-76,100,-19,69,-8,95,69,22,-19,-3,-21,-90,-12,74,75,-92,-42,84,30,89,19,69,35,-9,-92,34,-8,77,-13,13,58,32,35,-72,-19,-52,-52,69,-14,51,-31,-8,85,-100,-13,-98,27,49,19,38,-30,-56,-70,-66,23,-75,-10,48,-43,-96,-23,0,17,16,-20,-80,-18,10
90,71,-53,50,86,-49,-23,65,41,20,-58,74,96,-34,40,50,94,-41,36,70,-10,70,22,65,56,34,98,-95,-48,5,-20,100,-61,-85,40,-79,-39,-32,100,78,-47,-46,1,23,-46,4,-66,-96,-64,80,-64,-92,85,-32,64,26,-87,79,-14,52,-90,16,-46,56,-72,-42,92,-52,-67,-14,48,94,6,14,-60,99,-13,-1,65,87,-32,-73,-9,73,-15,-88,11,27,54,23,93,66,-39,-97,66,-77,-27,-69,78,84,68
49,80,-67,-50,70,23,4,-87,-72,-3,21,50,47,-99,54,81,-38,-51,74,63,90,-39,-48,40,-44,67,67,-91,100,-48,74,30,-29,-5,8,65,99,66,73,-92,96,-72,-38,21,-38,-87,-67,-60,100,83,-81,45,-74,7,47,17,63,53,-94,-99,-30,12,-46,-63,62,70,-59,-90,-23,-55,-81,31,93,22,-10,-60,43,-60,-4,44,4,-18,-6,93,54,-96,-12,-23,-68,-92,-92,-77,-58,-27,-18,-7,18,-85,-23,40,4
-71,-99,47,53,-80,13,19,6,-93,97,26,48,-59,-8,-12,87,49,68,-88,30,70,-70,10,81,7,-53,-74,-34,93,85,-48,-71,-90,94,-81,85,-58,90,68,77,77,-63,-75,-46,-57,25,27,-78,0,48,2,-64,-43,70,-79,-87,32,-70,49,-97,-48,51,-91,-74,1,-28,29,-34,-1,25,89,-25,2,45,-34,-67,-23,1,42,-26,-55,35,84,-61,29,5,-99,-42,-14,95,-42,32,-49,95,-72,89,-44,-75,81,60,-72
-8,73,-89,-93,-2,-20,-98,49,47,-83,-76,37,92,70,-52,79,-14,62,71,48,71,-59,93,27,28,42,-55,-46,22,-97,10,-81,96,-9,96,-43,61,-33,-81,21,34,-45,-76,-30,38,72,-75,-21,49,-64,54,98,0,-75,20,94,-90,-30,-18,17,3,-22,-52,-5,-13,-69,22,-95,-53,78,90,-4,-60,-83,64,9,55,-54,-27,29,-25,48,44,-20,9,67,-18,69,-80,-58,-74,-10,31,33,-13,16,36,56,-7,74,98
93,-65,20,-100,15,88,44,-85,-50,59,31,53,-67,-5,22,-81,-79,53,70,92,-94,74,-56,-75,91,-51,-61,-67,52,-21,-42,61,-44,22,-78,14,28,-66,56,31,-60,-34,25,16,98,35,30,-32,47,39,88,12,94,59,-35,-24,96,-13,-14,-10,76,31,7,47,-11,-36,57,39,-7,39,83,27,20,-20,-28,75,58,-36,45,51,-86,63,-34,-78,-82,68,45,-47,64,7,-32,8,75,-40,50,-98,-23,-70,66,-77,76
31,-30,-71,-57,-87,50,4,93,45,-64,-70,21,-59,93,54,93,58,-8,-68,-68,-95,-43,-88,13,-85,-1,-9,-77,-19,13,-3,-55,55,-76,-4,-23,11,25,100,98,-6,51,-60,60,2,96,33,57,-13,86,-54,73,-43,-82,-75,44,78,-64,-92,85,21,99,-53,-9,-47,-9,-45,68,-25,21,-27,88,-49,-55,96,61,33,17,4,-35,14,-6,69,23,69,-33,88,19,71,79,-90,37,86,0,-85,69,-80,0,-45,-1,-23
0,-26,-41,-78,83,-62,-49,26,-19,-41,85,-53,-87,-81,7,-44,-24,-23,-27,54,60,9,23,46,99,-50,-54,-68,-76,-28,0,2,-15,79,-13,1,-85,-15,36,-7,-25,29,48,-98,14,-47,35,-34,65,49,33,97,-50,-29,26,26,49,23,-99,-67,82,-91,83,78,88,43,57,-92,-51,56,39,99,84,-34,16,-57,-37,23,3,60,16,-14,92,-70,7,79,99,79,96,-52,84,-68,-70,61,-95,59,85,-21,-59,89,77
72,-57,-80,93,-73,93,-2,28,-59,-100,-65,1,37,-38,-93,11,-16,61,72,-75,45,56,-70,1,-6,6,-32,-96,-17,-10,20,-99,-92,40,-23,-82,-56,21,-22,-82,81,55,-78,-91,-32,84,-36,75,82,80,-20,50,11,-67,14,15,-92,2,-67,41,-59,14,-59,-64,44,-7,-20,-3,-58,-8,97,67,-26,35,2,95,68,18,100,52,55,52,25,-84,-49,7,-37,14,-91,-24,92,-82,-48,0,76,-59,-70,-51,-74,-87,-13
-86,-1,48,50,-32,-39,38,26,15,-55,42,74,-88,-43,87,-57,81,56,68,-95,83,27,-68,57,-35,100,-11,43,63,41,-71,-42,-39,-98,69,-15,-36,13,-29,25,-47,5,48,-50,19,39,69,-72,-90,42,94,-44,-94,-50,-31,-90,-39,-55,-22,20,53,-31,-78,-85,77,9,-13,-20,14,-45,83,-19,59,57,82,-99,-60,96,28,-30,24,-31,18,-3,54,70,-75,-78,12,70,65,-70,-22,100,-87,-23,59,59,30,-19,86
