-55,6,-9,37,47,43,82,-75,-63,31,12,96,55,-61,94,-77,-1,33,67,-27,59,22,-68,-75,58,12,51,9,84,98,-39,-45,81,-91,61,100,49,53,-78,9,-84,-44,-63,-78,-55,-27,-64,-5,-17,7,-79,-23,47,36,19,91,-50,-36,-48,32,81,-78,53,48,-9,81,64,-50,10,-90,57,-35,24,41,-84,-52,-5,8,-11,-11,43,67,23,62,-57,74,-81,-26,-96,-20,-87,62,40,16,34,-84,59,96,-33,-69,-91
-12,29,-44,84,80,72,-52,-70,-41,-39,63,28,14,-12,14,-93,17,27,30,85,49,89,76,73,3,51,31,50,12,56,43,1,-45,-47,-86,-10,99,-90,-95,43,6,71,81,-24,-76,92,49,31,89,84,96,-18,66,94,-75,-17,-45,64,-36,-1,41,-31,24,28,-90,-70,58,-96,45,61,60,-97,-42,19,-86,-5,34,-64,-88,-43,72,26,38,-67,-65,-65,-36,20,100,56,-21,-39,24,-57,-95,32,-9,-15,67,56,85
44,16,44,-21,-74,44,35,-97,-44,-23,-55,-27,-59,-13,-53,45,75,-73,22,-43,-22,63,-45,-26,-59,-44,-60,59,-2,4,61,-77,-83,-29,-4,59,-8,-80,-12,-14,7,76,46,56,8,32,20,-74,65,62,-44,18,-15,-86,-60,-74,-9,-25,-10,41,11,37,-42,-44,76,62,-31,-51,-7,97,88,-87,67,-90,27,77,78,-17,-70,22,-39,-25,39,-44,-37,26,-4,80,-11,58,-23,-90,93,32,86,91,41,71,-84,-30,16
-32,-7,-14,-18,-56,58,26,83,-2,29,-64,-11,-67,76,15,18,55,-81,-13,63,-43,-11,-60,-26,92,96,-21,77,35,20,-91,-85,32,-9,-59,-85,-9,44,11,-87,96,5,93,18,72,-3,-22,10,49,-22,-40,1,-42,96,-28,-44,-65,-56,-6,-21,38,0,-97,99,-50,5,-65,-84,-88,31,28,33,-86,65,-83,-85,-43,79,-68,30,-17,-2,-11,9,-4,68,52,-45,-99,-96,-14,32,-55,26,-56,33,-87,78,-37,41,96
-78,63,-49,-22,-53,-10,65,100,-40,-7,-63,-73,-15,61,-5,67,-98,58,-13,54,-31,-51,30,88,-69,51,95,7,-42,-24,47,-99,-75,9,45,20,96,-57,58,57,-69,-8,-8,-23,65,-84,58,16,-67,-72,-87,51,40,2,55,92,93,72,-4,-34,7,8,93,-94,43,-60,82,-70,93,-91,11,-1,-7,-38,98,62,49,70,-96,91,32,-3,-85,19,-76,-83,-76,-43,-47,20,19,25,-33,47,44,25,-71,38,-2,17,87
12,-11,74,18,13,42,-35,-11,78,-4,37,-57,-39,7,-56,27,-72,-49,-20,-87,59,21,-27,-65,-10,-65,72,-95,68,80,9,-39,-40,99,-15,64,70,67,70,71,41,4,-7,55,-70,95,-58,-18,27,-69,-50,-11,61,-20,-56,75,17,34,-82,9,-76,78,-88,-56,-68,59,15,2,8,-36,-21,21,-27,-40,2,-34,-42,37,48,-54,83,41,-5,-14,53,-90,-97,55,34,41,-49,57,-95,-8,17,64,-11,45,3,79,-12
44,-56,-29,-6,69,24,42,-47,-85,11,-48,-10,-59,8,93,-60,42,-59,-66,-98,-69,-26,-11,84,-37,59,77,8,-6,98,-43,41,-53,71,-80,51,9,-93,58,-91,44,-83,-8,-41,69,-80,-22,-68,-5,-8,65,97,67,-57,-62,-80,17,-89,-68,9,41,-7,-42,57,-86,45,-25,-70,-91,-35,-44,-3,56,25,95,-64,63,37,7,-59,83,10,-44,3,46,54,24,60,29,-1,-10,-94,-15,-6,-62,-13,9,-13,27,-81,-70
26,93,-79,53,-43,29,38,59,62,-16,-22,-100,-35,-49,63,-18,23,-50,72,-84,-60,-11,26,-69,-87,-64,-50,-6,-48,90,-37,-44,-26,27,-57,44,9,74,10,87,51,-81,36,-80,-58,18,-75,-13,-74,60,-70,30,-37,-34,76,54,60,92,15,49,-81,-66,63,-33,6,-6,-51,-25,-14,-63,-81,-89,-55,-94,77,-3,35,28,-74,-27,-45,86,28,97,5,14,67,93,77,-91,-43,92,55,48,12,-67,38,5,66,16,-16
85,-71,-38,17,91,-8,75,37,83,-60,93,-64,70,-2,17,90,-84,64,24,95,-27,7,-28,74,-34,-66,52,10,6,36,-32,28,-91,-70,12,17,40,9,18,100,21,-84,83,-36,-81,-17,-12,84,-42,83,45,68,94,-96,-38,-43,-57,21,-60,-57,-90,-3,-13,76,-46,91,6,5,-82,13,-66,-93,-60,-83,-63,-57,-43,-71,8,97,53,-52,41,-36,-66,1,-65,38,-16,-8,-30,14,49,-30,-98,96,66,96,14,60,18
-54,99,21,-43,-1,39,-60,97,1,14,-55,-20,3,-50,71,40,-96,5,-4,-60,19,41,6,77,-40,17,-88,48,-67,93,33,-24,30,55,-93,99,-47,88,86,-51,87,-3,-40,-53,76,15,-43,16,-37,85,-32,-26,22,-11,11,68,-20,-13,-35,-73,-64,27,20,-7,-87,-70,-98,93,78,-60,69,-86,4,76,-81,9,51,28,97,-15,95,-85,-66,-35,-82,24,-72,-13,86,-100,12,98,98,74,-93,74,-88,62,16,50,94
9,84,-46,-59,-62,24,-16,-29,-28,76,-4,9,20,47,63,-60,84,19,-56,-26,8,31,-28,-27,-4,36,-75,66,15,50,68,-38,58,-63,-66,-28,83,98,-43,91,-84,-19,96,67,-21,66,-93,-11,-50,41,-73,-74,-14,-89,-66,-38,-21,42,86,61,-92,-19,-78,-17,-19,92,96,72,51,-30,-10,-55,-40,89,96,100,32,-99,59,21,-37,-95,-85,-82,-49,-69,-66,56,30,-43,83,42,-1,8,57,26,99,-17,14,-36,-17
-97,-22,94,16,22,82,-32,-89,34,6,-54,40,16,-74,-96,-94,15,-48,77,-20,51,-77,-40,-72,-41,-35,15,84,-22,45,58,-33,-64,-25,40,20,-83,-93,-44,50,41,-72,53,66,37,-66,-87,38,-29,-22,89,6,62,51,-47,-7,62,87,-87,-32,47,-68,-93,92,-99,86,-27,27,-3,1,-59,-78,-32,-29,-46,-50,57,-95,87,-78,67,34,36,-17,-83,-5,-21,85,28,80,-91,19,34,7,-97,78,43,45,20,56,85
-59,8,55,-81,-83,53,47,-2,-28,-56,-62,-9,-66,77,7,-58,-92,40,4,-51,92,-75,60,34,84,-3,6,8,-25,-13,-27,40,-58,-76,-7,-62,97,-8,87,60,-88,63,-20,-64,-38,-50,-53,51,81,-66,52,25,-72,39,35,-11,-97,-25,-39,46,54,-4,-64,-84,17,-34,-7,-50,41,27,49,94,12,38,59,-28,15,-11,54,-86,27,-58,70,-100,-24,-96,-93,-30,-28,29,61,77,-70,3,-26,-24,56,11,73,-53,-48
53,35,21,14,-24,20,97,-11,-5,75,15,26,86,25,43,-70,97,83,-8,98,-94,-88,-81,-83,38,49,-13,-90,60,27,10,79,-54,28,-23,-85,-73,-94,58,-67,-28,63,-23,-56,-44,-5,-97,-80,95,-65,39,99,6,77,46,87,68,47,23,-12,67,-38,24,-83,-93,41,28,-6,37,90,-93,52,-82,100,-92,6,-43,28,-67,-71,-77,-6,-4,62,-23,-96,57,-39,87,29,20,49,-24,-70,-41,78,-5,88,-73,53,-32
5,10,35,36,70,-98,22,97,74,2,71,63,42,70,85,16,53,-49,1,-80,64,-46,0,15,-92,-85,-96,-76,-20,74,5,85,-89,19,-36,-70,-23,37,-56,23,-69,48,-3,71,-25,-53,-78,-49,52,43,-13,-13,4,59,78,-65,-9,-19,12,-86,-99,94,87,-26,-32,43,-2,82,-47,7,-71,-90,-77,100,-41,-90,44,26,-28,2,50,-28,1,-4,66,-84,57,89,-87,74,99,-65,-48,43,3,-88,24,54,-39,3,38
27,87,6,46,-39,52,35,73,15,1,-63,-59,-19,-43,64,-86,-4,40,-35,22,27,1,-44,10,39,-82,60,-52,-7,-3,85,-10,-57,87,79,-60,-47,75,-6,12,34,-67,-60,48,88,-3,47,-28,-45,-95,-12,-50,19,71,-37,-25,-97,-63,53,34,-43,42,-41,-12,13,-37,-76,-38,40,14,19,2,14,-56,-56,72,22,51,5,-24,-6,40,42,-87,-50,61,-83,76,-45,-67,-89,19,85,50,-34,-17,0,-89,-66,-36,52
-37,-93,72,-88,74,35,59,-77,-58,23,-96,-99,97,-52,-11,-51,10,-72,77,-42,-17,50,-28,-57,-68,-84,-32,-24,45,9,39,-75,22,-94,4,19,38,-85,-53,-54,-36,0,18,44,91,-27,-3,-100,-53,67,-79,-33,0,55,-44,94,86,-98,-44,-31,18,15,69,17,-93,-85,34,-85,22,-60,-18,47,-19,23,-51,-3,15,-68,37,31,10,-23,-59,30,-93,-2,-69,54,-60,59,-98,60,-15,-2,1,51,-74,84,18,-99,-66
-42,-34,-90,49,21,-89,86,-51,-63,82,70,15,-48,-54,80,7,-43,74,-30,-12,-52,-10,-64,-50,14,59,-64,77,93,-59,-45,-37,-5,75,46,-18,37,11,93,44,-18,-21,44,63,13,-95,63,39,-94,25,-92,-24,14,-84,30,21,-32,-46,62,81,4,37,0,-21,-35,82,-54,88,-82,-7,-41,-13,47,-63,3,33,78,-51,42,81,3,-3,-100,-73,68,89,-29,73,7,47,-13,-39,-19,-5,49,-67,97,-9,17,13,2
77,44,-30,31,-17,-35,64,-85,80,-64,-45,-60,8,70,-82,37,77,-47,82,30,-78,28,-48,-100,-58,15,-76,44,-62,-35,33,-4,27,35,96,-63,24,-23,46,-22,5,76,67,54,-32,38,37,83,30,24,-35,10,41,17,-89,38,-99,78,96,20,15,-25,11,54,-88,-96,44,65,-74,-43,-63,-98,98,-32,-11,87,80,100,48,-88,-54,16,93,-8,-21,92,-12,-100,-8,90,94,-97,51,-72,71,42,27,3,-40,77,3
23,-54,43,2,-62,97,-76,-26,-83,-16,-15,-5,77,12,-72,-73,-93,-48,-51,-2,28,72,-21,-80,-31,-12,-7,84,-91,-91,1,-26,-79,12,19,9,6,-46,-29,-28,-52,18,76,23,78,96,-39,60,-42,-64,-25,11,-69,69,45,14,-95,27,31,8,-82,62,71,-54,-83,65,23,88,20,33,70,7,61,-85,61,98,22,-68,-23,68,-42,83,-23,59,-55,76,-79,48,2,-72,60,-16,-47,-3,-51,-6,-43,1,-88,-61,53
72,-43,-31,39,-10,-41,30,-21,5,-70,41,-52,58,49,55,22,-50,-21,8,81,-54,49,-21,-82,100,10,-90,60,-18,-32,-1,32,27,5,22,62,-20,34,90,54,25,37,-10,-39,77,99,7,50,23,35,5,-76,65,97,-95,4,-15,6,31,49,42,-75,51,50,91,-57,68,6,-67,-15,-52,-99,-47,87,-7,28,-39,78,28,89,-19,-21,90,-3,-86,47,4,-61,17,21,-16,-72,-64,72,-3,66,-18,-40,-73,78,36
-54,-80,-57,88,-21,74,-15,-26,-98,-47,42,-8,18,54,-64,29,-56,64,70,-80,-41,-99,72,-17,20,43,-51,-6,14,-26,-10,45,74,-83,-11,-9,59,-73,86,-3,-39,-33,-6,-29,77,48,-14,60,-52,-87,-7,67,65,78,-89,-56,-87,-51,-65,10,63,57,65,35,15,81,-8,76,6,-68,6,7,47,64,79,-20,34,-59,-79,87,-75,4,-43,-65,77,-44,46,-36,-48,-94,-41,74,97,-32,39,-3,95,-30,-92,-80,59
-82,12,95,-76,55,-19,67,-54,40,83,-19,-34,-35,-16,-42,86,64,-43,8,96,-87,-81,-56,33,-33,62,-79,-96,85,-91,-4,-22,-66,-76,98,-8,33,43,-47,22,-92,-42,-16,-61,88,-43,49,-79,8,-24,94,-66,-3,-66,55,78,97,-19,-100,99,23,-20,83,-24,45,-42,68,-29,81,-17,-96,-66,58,71,90,-25,66,95,-8,90,68,-22,-63,5,-1,-28,76,-44,16,-58,4,48,98,-36,59,16,-27,-44,77,-79,-84
6,21,60,-3,66,-4,98,-87,-39,-25,-73,91,68,9,45,-99,56,-30,14,-48,36,-75,23,-74,-18,48,-77,64,-52,75,-23,84,94,26,-77,-52,12,40,-14,100,-52,16,44,-74,52,-9,-5,-27,-68,62,95,33,49,-17,24,-62,-37,56,-65,34,-87,99,-94,-50,49,-92,-28,-8,-54,-21,17,78,-22,3,-36,-73,35,-89,63,-52,-36,-34,-44,89,1,-54,70,90,-83,-37,-26,68,-66,76,51,-84,82,-75,-67,36,59
-40,-95,7,-67,2,-85,58,-71,38,-11,7,24,71,14,30,-81,4,23,-100,89,98,7,-42,100,-2,2,-55,-73,-96,13,-25,60,29,-87,-83,99,58,78,-13,-54,-3,12,-6,85,-70,-77,-79,65,54,-61,-89,51,-54,34,-40,77,-45,90,72,-42,-54,-20,-24,79,85,-60,18,-51,42,-10,-67,7,29,-86,-4,82,-10,-29,-57,85,-67,41,-83,93,-27,36,33,78,13,71,8,-7,-25,31,-57,62,60,95,-83,-30,-60
-97,-80,-66,-8,19,70,7,-65,19,-73,-39,-37,97,2,94,75,-45,59,19,16,-53,6,85,-46,11,71,-17,20,-5,40,-69,-2,43,-79,-70,10,10,-19,-86,44,-53,39,8,20,-38,-35,-12,62,-35,19,11,12,-15,-32,-22,7,-88,22,35,-97,45,-74,33,82,-99,42,-79,10,43,70,-85,-52,14,87,47,-68,-67,-51,92,30,97,-15,99,-98,53,-17,9,66,28,-37,-18,96,-23,-12,43,-50,-12,50,-16,13,-68
-88,15,14,-63,-23,49,-1,18,4,46,44,85,77,-84,-29,18,10,9,79,-62,38,-22,-56,-53,93,50,-16,3,-19,84,-27,15,-71,92,67,68,-91,14,-54,47,18,-75,-57,22,35,-25,90,-8,-94,81,-72,-28,-9,10,46,-20,-38,94,90,89,85,30,13,87,54,-70,-79,-27,-30,-70,16,49,18,3,-29,95,-30,-15,97,-62,-25,-15,93,73,-25,-83,-57,-81,7,-63,-1,17,64,1,-12,76,-31,63,-18,56,96
-12,-8,-51,18,-71,-69,17,-34,-43,-73,45,78,-45,-73,-80,-8,-49,0,8,22,-81,31,-3,75,59,78,35,-68,77,-89,-29,71,37,48,62,-96,-56,-26,-18,20,-42,-94,-94,-84,99,-5,-32,-78,53,11,-42,-11,4,-49,-76,-31,39,83,26,5,-16,95,-84,43,64,-79,-25,-95,-77,-70,83,29,-87,64,39,75,-15,-27,52,-12,-1,100,-73,-8,63,47,26,-86,-8,69,-31,54,-72,8,-3,50,-18,82,-60,37,66
-79,68,6,51,-14,74,60,-47,-11,-58,54,59,-56,-41,-51,-73,39,-89,50,2,-4,58,-84,70,-34,52,82,99,-94,-9,-29,-66,84,62,26,-84,55,81,45,57,-67,11,55,-86,-92,89,84,-2,44,-36,-86,63,-65,33,75,29,50,-90,77,-25,-46,-24,90,-31,-54,16,11,69,-18,63,-12,-14,-84,90,34,15,11,5,56,-62,-90,-37,93,-5,-18,11,-90,98,47,-73,-12,99,5,12,19,18,62,-65,-73,-36,90
5,24,-90,-26,-54,10,37,-95,-66,-35,-15,-64,-87,63,-12,-29,20,-45,-42,-83,47,62,-38,32,-86,44,-21,-89,-14,16,8,23,-45,59,-38,12,-92,-84,99,65,48,60,58,43,-74,29,-48,-51,-67,-44,-34,-88,44,-36,45,-68,37,-13,45,25,-63,-83,15,8,19,61,88,31,-88,-8,-18,95,-66,-90,-6,-76,28,60,-15,88,-15,-34,67,-65,-47,-97,-35,-24,81,71,-29,-85,-100,5,-20,96,90,-22,61,59,-64
86,-28,87,96,-77,-4,-93,22,68,95,-16,51,41,74,-82,7,-78,10,-4,88,-72,88,40,78,82,59,53,-16,-22,15,86,-22,83,15,4,12,-50,64,-82,-65,4,-88,82,12,5,-34,87,-52,50,-82,30,-74,28,-69,6,-40,1,-54,92,26,-23,2,-47,-28,-45,95,39,27,-6,-37,96,-92,-24,-41,-94,91,-3,26,-93,37,23,63,-94,-19,6,78,-86,-50,-14,1,-58,56,-25,-53,88,-7,13,3,-39,-70,19
-14,-17,86,23,-96,39,-39,23,33,73,22,94,87,29,79,97,-94,-14,-85,15,-68,53,-98,-48,65,-36,2,42,-75,91,12,15,-46,56,37,-16,79,-92,-63,-66,56,-95,-79,49,48,54,91,9,3,51,61,19,-54,-54,75,66,-10,53,55,-39,89,34,-33,41,-56,-71,-14,-62,51,12,-1,-5,-24,-84,29,-66,-61,-86,65,43,57,-15,-16,90,16,56,-7,90,-17,91,-49,-71,33,30,-26,61,-45,49,83,99,56
45,-30,54,59,-16,-76,27,57,13,-12,25,-38,-91,-82,-8,-6,-25,-94,49,45,47,-97,21,-26,-55,29,8,-63,93,-7,-30,47,-36,-38,-24,8,5,-87,-96,73,51,-73,-83,55,-33,-16,3,93,-24,-58,84,9,27,19,33,-20,5,-50,-28,14,-58,-68,32,-45,34,-60,-83,0,-10,89,80,21,7,-68,14,20,-98,22,-46,24,-66,-17,-89,-78,34,18,-14,72,-32,-59,-45,95,-34,38,-10,92,-36,32,-97,39,55
55,-64,-60,4,-82,15,-9,20,-8,-48,97,68,78,45,88,50,-31,22,-69,-34,-7,45,-47,55,23,-31,-4,-98,-75,30,7,75,97,-100,-53,51,57,-83,23,-24,-44,-65,-28,-56,46,47,-32,75,-99,-53,13,89,77,81,8,-45,71,61,14,-35,73,-77,61,-62,-78,-61,85,39,-43,93,-47,-84,21,-56,-6,-48,74,-33,0,-60,6,53,3,-44,36,-16,100,-30,-95,61,71,18,-73,57,91,-83,-42,76,77,-100,48
66,30,38,74,17,-98,94,-17,-8,-85,-26,25,68,-94,-64,2,56,3,25,-19,15,88,-36,0,-34,-46,96,64,-62,-94,79,77,-85,-66,-19,-9,23,-26,-100,40,-60,36,-77,93,31,-60,-73,8,35,34,-64,39,-57,-50,21,-16,-84,-69,-66,-18,-41,54,-97,21,-9,67,-99,-86,44,66,65,-68,25,1,-75,23,-57,-13,-28,10,47,-6,-77,79,-34,40,41,-45,71,39,45,9,-76,-50,97,13,88,63,-36,-65,51
-56,-96,-88,-3,43,-77,16,-43,27,41,-49,78,-23,-80,-88,11,63,-10,18,-13,-80,-28,-9,2,10,-12,-31,-29,66,67,24,-54,52,4,9,60,50,-79,54,-71,52,42,24,98,87,-70,-66,56,17,91,-5,99,95,75,44,53,-13,-88,32,-33,48,-79,-100,78,40,89,-91,86,-73,-41,-53,52,-49,-54,-66,-91,42,-84,-60,24,14,-74,-88,5,-76,-18,-63,-69,60,55,-33,-6,99,-22,1,87,-52,97,-39,-84,-28
-93,95,35,89,90,-30,-68,-33,-47,-60,30,-19,-93,10,-38,-72,8,89,-31,-64,-54,-73,79,23,56,50,-21,82,35,18,85,-90,-16,79,-28,56,82,-95,79,-29,-92,0,-97,-20,52,24,44,58,37,-77,68,81,72,-81,-86,-36,83,51,-82,23,40,65,-85,-76,3,7,88,20,-100,-10,-90,100,-40,59,-81,-33,-14,10,45,-29,-55,18,-41,-52,-93,-7,60,-45,-32,6,-74,-41,-41,58,-90,28,-32,-82,77,-13,50
24,47,95,-58,-95,28,-19,60,-4,4,43,-21,-57,40,62,93,69,-100,-9,-89,-13,73,-4,4,16,-94,-60,-11,-38,-92,-1,-88,6,12,-20,50,39,-25,-71,-21,48,68,-66,56,97,-84,-77,8,-92,22,63,39,26,-29,36,-66,4,23,59,36,47,88,-65,0,94,34,29,-34,39,-47,-42,-87,100,27,53,82,92,2,47,65,72,61,17,-95,-88,-3,96,41,21,94,64,-3,76,64,-51,-15,-87,69,-56,-90,23
-51,58,-48,-59,99,-64,-19,68,-76,-28,-18,2,-56,66,43,-24,97,31,-95,-64,-57,4,-16,68,15,-99,-9,-58,19,-76,44,91,91,-4,-15,15,-68,93,-95,-22,-77,10,2,40,-37,72,28,-11,89,1,12,62,78,87,55,-16,-9,-85,25,-91,-32,44,-63,85,-40,52,-51,-93,-52,20,-16,-86,75,-94,-6,71,-21,88,-63,-10,-43,45,8,29,-5,67,48,96,10,-63,38,-23,-15,-32,-6,81,-62,-12,-89,45,-45
24,52,82,71,7,85,-65,62,10,32,48,-76,-1,67,1,41,-78,-62,-93,99,-62,-42,-80,-15,-32,13,-58,-77,92,3,-1,-40,71,7,-20,100,-51,32,54,-97,36,10,90,-56,1,0,68,-2,38,-4,15,-55,77,68,30,-65,94,29,-35,94,-98,-2,4,30,60,72,70,7,-69,29,-57,-14,38,23,62,-81,-49,-88,33,-14,29,92,71,55,-18,-84,34,-6,-23,-9,98,14,-57,64,44,70,50,-28,-55,-62,-22
-80,13,50,70,-37,88,7,68,81,92,-19,-26,-62,56,16,99,26,15,98,-55,96,60,-40,-48,-17,51,-26,-94,-19,-72,62,21,-17,0,-17,-96,82,88,-2,-89,22,-57,67,89,-24,-51,30,-56,65,98,-59,-44,-54,6,46,-42,-80,-6,-30,69,-93,-16,-83,-23,-37,-58,-17,67,16,86,-63,-47,-82,-21,4,73,89,22,52,72,32,-99,-28,42,57,-86,-33,-63,81,88,79,-82,-8,52,-18,-77,98,55,67,41,-2
55,-1,49,49,73,34,-78,-71,82,97,61,12,-92,84,-43,-5,-83,-93,-87,-40,17,-14,-77,-100,27,38,48,36,-38,13,-88,13,47,5,-19,51,-58,-25,64,97,10,-22,12,78,91,-66,12,-59,-19,-78,97,-52,17,-28,-57,39,-72,-25,-34,-30,-42,-15,-74,-40,-53,-19,86,96,-51,-59,82,19,-54,-14,-74,-59,46,84,34,-54,-70,-63,18,44,76,41,62,-100,-70,15,43,-26,38,40,87,-86,-100,76,-84,-94,83
-74,30,100,-81,-44,-35,-68,-50,-1,-30,-1,72,50,-41,55,-20,-80,45,64,-44,-94,33,-42,89,1,50,66,-98,48,60,-73,-24,90,95,-4,55,47,27,-85,95,-1,4,-68,-86,-74,-36,-5,99,-34,-81,-60,96,-10,28,-77,11,46,-23,-4,-68,13,8,98,-94,48,18,59,87,-67,84,-38,-36,-22,65,-84,-91,-64,-21,19,-61,83,63,97,72,-19,59,-99,-46,52,63,82,61,40,21,-15,62,92,-85,75,-85,47
-46,86,64,57,-56,90,37,-17,96,-44,0,-83,79,-30,52,42,-58,59,-78,86,49,-67,-73,25,-100,93,47,72,82,-89,14,-9,-19,77,99,-92,-10,69,11,-35,-71,8,66,69,3,84,-56,25,-90,-80,34,-14,90,34,-71,-50,-34,49,-38,65,14,-6,92,-43,42,55,-32,-2,-14,-77,-56,59,22,-94,-48,-48,-57,-11,22,-42,25,-56,81,-56,25,74,-41,-8,-67,67,-11,25,-57,-37,93,42,12,-92,71,-83,59
-76,6,58,22,16,99,-52,62,-11,-81,-42,4,-83,6,-17,69,83,85,-52,17,83,-38,-14,-57,51,-30,-85,-78,4,-39,35,84,81,42,51,-44,-20,-42,30,70,-86,49,31,88,80,-43,4,-41,-23,-35,-82,1,19,87,57,60,-79,87,-76,-75,66,-48,56,46,95,37,44,-6,-47,48,10,-69,20,66,42,-29,56,-60,-31,41,-80,-67,-93,97,-28,-37,-3,-39,83,2,61,33,54,-73,89,39,12,31,41,-13,-49
52,5,59,-54,86,51,-54,0,52,-9,35,98,-3,47,91,96,-82,25,-95,40,-73,-30,-93,38,-13,21,58,-88,67,-28,93,-85,53,-92,33,67,88,-4,19,-50,29,-49,-68,25,34,-32,-95,25,57,-36,-58,50,54,8,-74,-8,10,-12,-2,-30,-64,-32,-10,38,-36,-70,-1,-86,81,72,9,-81,38,80,-48,-62,-74,-34,-42,31,-82,76,-69,6,-46,41,-26,-95,30,77,-47,-37,-87,-16,91,-14,60,-4,64,63,-70
50,-51,28,-40,78,67,85,18,-23,26,-92,56,14,-59,6,-100,2,58,-49,71,-28,83,-44,-71,59,56,45,72,74,31,86,48,73,-50,21,9,100,80,75,84,-23,15,-54,55,-73,12,-11,40,-68,10,24,-73,85,-26,-58,31,31,-70,87,98,67,49,-28,-16,-1,51,-93,-76,-86,-15,-19,-11,-96,-52,76,-60,6,100,-1,-15,16,31,79,51,-6,50,100,-84,-95,81,52,-14,67,-85,-93,-42,-33,-49,43,3,96
-40,-85,-17,93,-68,98,-56,24,-43,35,-39,-91,-41,45,74,71,-75,39,-19,40,79,-95,-70,84,-80,92,-62,-49,-46,12,-50,99,12,38,66,-64,-73,-66,5,64,6,70,-68,88,-32,81,-14,-46,-59,-5,-96,-69,61,65,71,70,39,52,-31,4,76,3,38,85,-31,93,94,87,79,37,-43,-66,100,-23,-93,69,17,-68,-34,57,-68,95,85,-64,84,20,-7,10,-53,59,-77,-54,40,97,59,64,90,93,74,-70,17
12,28,82,42,62,54,-65,24,50,79,78,51,-16,44,15,-6,-87,72,56,-68,-14,100,0,-54,-8,-52,6,27,-87,15,-11,-15,46,18,79,33,-36,-85,-1,-91,25,2,86,20,47,-50,73,-70,86,-84,-99,-21,88,-67,50,-79,-85,-59,58,45,-94,-84,53,-63,90,-71,58,-91,8,-20,-95,76,-16,81,73,93,-17,-27,41,42,-96,-88,-45,-99,-22,17,72,60,-13,-54,-26,-45,75,0,-40,27,-89,-26,12,79,43
-17,80,74,25,84,11,6,88,-60,-28,27,-14,-24,-61,25,41,-10,91,-88,79,-61,-56,-50,3,-53,-80,61,-75,-33,66,92,45,60,-47,89,-58,-80,8,-33,-88,97,-3,1,51,-71,79,-5,-31,-35,-55,72,0,82,28,14,24,41,95,9,28,43,48,90,-84,80,48,-97,92,-25,37,77,20,-26,16,-94,-49,44,31,3,-70,-28,-3,79,28,-86,28,12,85,-74,76,-51,54,-43,-69,-6,80,42,52,-90,64,-8
18,11,-83,24,-5,-58,-67,43,-40,88,67,-42,-30,-26,-2,-76,4,-38,-87,-10,-58,20,39,-83,-60,-57,-5,-18,10,-63,-11,-35,-83,20,25,-64,-83,5,81,100,-90,76,73,-57,44,49,33,47,16,81,-73,-79,88,34,-14,-92,79,-80,45,-25,-100,60,41,-24,-22,-36,59,23,-76,-4,39,-44,31,52,96,-70,-80,71,-70,35,-63,-76,-67,-4,23,-35,-68,11,99,-41,-72,-98,-94,-14,12,100,80,-19,29,-70,1
72,-5,70,99,75,61,91,43,77,4,-67,13,-36,2,-70,89,-86,-80,-81,22,58,40,41,42,-46,-12,-64,49,-78,49,-39,-50,56,28,61,-76,6,34,-94,-94,-2,29,-41,-51,64,-79,41,87,76,-24,55,-45,91,-87,2,-66,81,75,-8,-48,86,-90,-20,3,17,-30,21,65,33,98,52,-22,81,16,85,80,-89,23,20,-59,59,26,61,-76,-70,-14,63,22,-88,12,78,81,-58,-52,3,-71,12,-78,-11,-47,-98
5,79,26,-46,-81,-48,-8,89,91,2,-17,54,69,-39,31,-44,40,-35,92,41,-24,-28,0,40,-7,-77,13,22,-7,-6,61,87,-76,-37,-73,12,-15,-70,-27,48,78,18,37,-31,61,74,44,-59,34,-64,95,44,-57,92,90,-33,50,59,51,26,74,-92,-1,58,-89,25,78,9,-50,-57,66,-5,95,0,-57,25,9,34,5,-1,77,56,-25,-85,-76,19,-9,56,-57,93,-57,17,89,-57,-45,-73,74,97,81,49,4
81,-31,-11,92,72,-89,38,87,11,55,77,25,13,-82,-78,19,-82,39,9,59,-16,20,61,95,-97,-29,31,-15,-37,-76,-29,-1,-33,-3,4,74,76,-53,17,-76,84,-81,-3,18,-94,48,-32,-44,84,88,-40,38,81,-25,4,-92,7,20,-46,37,-67,73,-43,89,24,10,-64,-73,54,56,70,-75,92,-34,58,70,-92,61,-36,-2,-25,-44,69,0,0,-11,1,4,41,-89,61,-71,77,62,66,-67,-75,46,58,-24,-20
83,-22,94,-22,-26,24,42,0,-83,-4,15,58,-62,-23,-89,32,12,11,-42,71,-5,68,-16,-1,-55,69,-51,-64,-3,-55,29,90,56,3,58,27,-14,-92,72,80,-20,11,83,-34,-29,-68,-27,-92,-83,-80,-94,19,38,56,3,37,-10,-100,-53,-30,22,23,69,37,-12,40,-31,-27,43,89,-93,-74,39,49,54,28,-83,40,-2,12,-69,4,-64,25,-69,88,98,-34,-28,-87,-73,80,-5,80,11,-7,45,64,55,42,-30
-41,-99,-98,79,93,-41,16,71,-69,-95,-64,-43,-18,74,-4,-68,29,-58,11,-2,-89,64,-15,-45,76,-37,28,-5,-32,-61,42,-2,-28,57,74,-91,-43,-21,83,-82,29,-23,-37,-54,80,52,20,-17,-19,56,-62,81,90,-9,44,67,59,-58,-27,-15,-75,-94,-12,40,-64,58,72,92,12,27,-16,-54,-34,-62,27,86,-91,51,-71,-94,-3,5,36,32,29,73,-95,-24,-56,50,82,24,18,80,38,-82,-33,49,19,-97,-73
-68,-46,75,-88,-81,-46,86,97,59,-93,-79,-19,-16,-98,80,43,-57,27,-96,75,67,-100,-24,-61,9,73,55,-22,-65,42,-53,-88,-84,90,52,10,37,67,-7,-65,46,-27,66,-73,66,7,-37,77,-35,-1,87,11,-64,-64,-91,80,60,-12,84,-7,-48,-100,-46,-37,-73,-68,-91,-33,-5,78,-41,46,-25,52,-94,-39,-49,7,-26,87,63,-77,-83,10,-90,-41,-60,-19,-30,8,72,81,91,-80,56,63,38,-97,31,56,-65
-5,17,-77,-5,56,11,15,-69,16,-46,68,27,64,-96,75,-99,-73,38,-51,-35,-97,-1,-79,15,-95,62,70,-46,4,-14,35,29,-83,-67,-27,10,53,-59,-29,-87,12,25,-88,7,18,-67,41,33,6,76,-24,52,-94,95,77,33,92,28,39,2,-60,-77,54,-62,-63,-78,57,-35,31,-13,65,-69,-2,-21,18,56,86,0,83,-7,84,17,-8,-70,-74,-42,65,-53,62,-31,-56,-38,-33,-80,-80,-31,73,49,94,-77,-89
-23,59,-50,8,24,-35,100,-52,64,-55,10,58,20,38,-88,95,-43,-54,13,76,98,-40,91,44,32,-4,-31,-12,-56,-76,-10,50,26,87,-48,24,41,-23,-40,57,-74,61,21,33,-17,51,-1,-75,-75,-8,30,-26,-44,17,-74,-4,9,77,19,-93,-20,-90,55,-92,58,1,-89,8,75,7,-53,-20,-1,34,-39,-30,-54,93,64,-41,-51,-83,32,86,4,55,-47,-73,85,-28,-1,-5,-97,-28,-76,-20,97,-9,85,-61,67
75,-42,-54,-22,-11,2,-43,-60,27,-14,1,-10,-60,68,69,-37,-66,25,-78,26,-44,19,36,34,-54,-16,-54,25,52,-51,-7,-4,87,-2,-60,69,84,31,-38,97,77,-32,-15,-35,13,-86,-93,75,21,92,25,-80,79,25,49,16,81,-68,93,49,-100,67,-66,11,81,10,-2,-26,-75,6,26,-57,14,-85,87,-36,-64,-4,-85,27,88,-89,-11,86,47,8,81,82,-77,-94,72,27,-22,-71,90,31,-82,96,12,66,-36
-13,84,0,-78,39,-58,-45,30,53,-81,56,-4,-92,-26,82,57,-3,84,88,-7,47,46,-22,43,11,71,26,-62,99,-46,-47,39,-78,-79,-42,-71,68,-13,-5,54,93,4,-77,-92,-63,-34,41,15,90,87,36,87,-67,32,96,59,-29,30,-17,-56,-38,8,71,-90,94,-11,77,50,98,68,39,35,18,69,-57,-82,31,68,-80,65,-54,-23,-4,-24,100,76,79,-72,-13,28,94,71,38,45,26,-1,-58,-87,-85,-43,42
38,31,50,93,-10,88,-88,-38,-55,95,-62,-10,4,9,-1,35,71,5,-94,1,19,-21,83,49,-75,-19,-51,-59,19,-15,-38,61,-29,-99,-74,-50,-47,-68,-66,58,-29,-14,-28,81,-8,-58,-58,-100,-28,-51,39,64,-33,-44,-39,82,93,71,-28,60,-69,44,60,14,-29,16,-83,58,-84,16,-73,31,-9,-83,23,11,33,-12,-98,45,-97,-82,-45,-1,-10,-80,58,71,-58,38,-59,7,59,42,31,55,-97,26,50,68,-15
-29,39,-1,29,94,4,65,-74,84,40,-71,-99,72,93,32,-43,-72,-4,97,38,-81,-2,57,-20,-46,68,49,-5,-51,-10,-79,-48,48,-71,-60,58,-23,1,-94,19,-73,94,80,19,98,-42,-42,-86,98,72,56,-2,4,74,78,97,-20,48,-7,75,-34,18,58,31,-43,-1,15,-23,-41,-25,50,-13,-30,-43,-41,95,-26,-88,-97,50,62,-13,9,-95,41,38,-15,31,-54,57,-67,-29,-65,-86,-90,-76,-26,62,70,67,33
-76,-52,81,-93,-82,0,24,47,-12,76,77,-2,-10,9,82,50,78,84,-21,7,68,-75,75,-15,-98,65,72,99,-15,45,-75,-12,91,55,98,71,78,57,-61,11,7,70,-8,1,-80,98,-82,-32,29,-49,46,-66,-24,-53,-78,19,-85,54,97,78,-93,-86,-73,37,54,30,-66,1,43,-35,34,-10,87,85,14,-54,17,99,56,61,58,65,32,30,-54,-100,-44,95,-74,-35,-85,-93,16,-20,-95,-38,-94,26,-76,98,77
-73,93,-2,30,-16,-70,-2,-91,-43,-53,-34,-21,2,-91,-7,-66,-85,-58,5,44,-42,-12,-5,-79,33,67,-38,28,32,-56,53,70,87,-90,21,-99,14,95,58,11,-74,-29,-63,-41,55,62,-17,74,-83,27,-11,-16,51,-12,44,98,48,-61,9,70,5,-80,-2,45,18,-87,92,31,-38,79,44,-91,94,12,-27,-94,-57,16,-53,37,22,40,7,-30,64,40,-42,39,83,72,36,79,48,76,34,64,-82,-50,67,-43,86
58,-76,-68,9,76,-29,90,-88,-51,20,-57,3,71,51,-11,-11,-87,-66,-77,49,-46,3,15,15,55,-69,-1,71,-29,48,-90,-51,-30,99,-22,-75,89,-55,90,-89,-9,96,-63,-29,-96,58,-76,-87,65,18,-18,-66,93,-19,-87,-97,-27,80,48,-55,96,26,-81,69,88,-43,90,-23,38,-77,-88,64,-63,2,31,-59,-97,-28,-45,56,77,-75,-11,83,-30,-38,99,93,79,95,33,-93,-53,78,-62,-41,-72,-43,85,-13,-91
78,17,25,-41,36,-63,2,-40,0,-88,67,-4,9,-98,82,-4,-7,29,18,87,-89,1,94,10,41,71,-51,7,-53,89,-74,-95,49,82,75,10,67,95,-33,-40,87,-18,57,72,43,-83,40,99,36,24,-87,47,-98,46,-31,-51,17,-71,-52,71,44,0,12,-3,-100,-43,64,-28,36,100,-52,86,62,-55,50,-85,2,10,13,34,-63,0,-50,32,-61,6,61,92,-92,-28,-29,-25,56,15,48,-31,45,41,-47,-52,59
-4,7,84,27,53,-63,-12,-18,23,64,-42,-41,82,90,18,-63,-58,-97,44,-51,100,69,30,25,-13,-54,-93,-18,78,50,-18,52,-29,-63,72,72,60,84,34,13,-83,8,-90,-80,53,-99,-8,-60,63,-14,73,23,7,-3,100,83,-36,-96,-26,-65,1,6,-35,57,65,12,-85,96,-13,26,-15,-55,30,49,-22,11,-98,89,43,13,20,63,34,-87,10,-21,22,-52,-32,-59,-31,90,20,-74,-52,-72,-85,-57,-7,78,66
75,37,-96,90,42,73,54,-40,56,-58,-44,15,59,52,69,-54,43,-69,69,39,9,16,25,36,41,-49,-82,64,-82,-64,57,-1,30,61,-39,-98,-20,41,12,-35,-47,-22,46,49,38,91,51,-65,-89,71,61,21,55,71,13,87,87,-97,43,-16,-5,64,-48,-11,51,-56,37,-81,-13,16,-61,81,43,-81,-24,-14,-61,83,-45,56,-28,-24,-70,83,1,60,-91,-91,-58,-36,-68,-79,-30,-77,-66,-61,-2,-38,51,95,5
-14,-90,51,65,49,68,26,74,-73,82,17,-84,-23,94,-3,-1,-86,92,48,95,-84,9,-28,1,-41,-52,50,21,23,5,-83,-25,-38,-84,-99,51,4,-77,97,88,-18,-42,62,-41,76,66,-43,-14,84,-44,85,21,35,-79,-2,45,-60,2,-75,21,12,29,-62,-28,32,10,-100,-5,-19,15,-36,-63,-62,47,-59,-17,71,-65,22,-48,-18,83,93,-35,-83,-90,92,-26,93,-89,16,-14,-93,-92,-28,-32,69,-67,-95,-68,-78
21,35,-7,46,91,3,89,50,56,-76,-34,27,80,-93,10,91,61,-89,-1,50,11,-78,-40,40,-54,-96,-38,-95,77,32,-60,-87,-62,74,-98,-5,33,-70,61,75,-65,-40,-70,96,-10,40,-32,-31,-82,69,-56,99,71,90,5,77,-28,55,-23,91,2,72,-26,31,-46,81,-76,21,83,100,35,-36,-88,-19,-74,-4,55,95,-23,82,-82,14,-89,74,7,-76,-55,70,48,-45,-2,75,90,-6,97,35,37,14,-76,-92,63
-58,73,44,1,-44,80,-87,55,-71,53,29,-20,-82,64,-35,-72,-68,-40,-83,-100,100,-92,15,-68,-77,14,81,-5,93,-33,-33,-76,78,62,47,15,-45,-91,-89,-74,67,76,48,-43,46,29,-23,50,72,82,-59,8,82,-67,-58,-94,-25,42,-14,-20,96,-28,8,81,36,3,0,-10,6,-63,-84,-3,94,-96,-8,80,-54,30,32,75,67,50,22,-13,88,88,-64,43,-65,25,-43,-62,-66,-22,-53,11,-100,56,35,45,-20
68,-58,73,15,80,-50,-60,-9,-80,29,9,-92,-77,64,-9,80,49,32,68,-32,85,6,99,25,62,82,0,-76,41,-48,-28,67,35,-22,-34,-7,92,70,-5,-53,-47,-80,50,-77,30,74,23,-2,66,10,11,-36,-33,23,70,-39,-99,53,76,33,-53,-77,-89,25,-85,32,-96,2,-61,-7,-64,14,77,-39,-15,-3,-12,-63,-16,3,49,44,-45,26,10,-83,-52,21,-2,-71,54,-2,-69,21,51,-20,71,-9,-78,36,30
42,21,-15,5,59,35,15,-92,75,-75,-80,-62,57,-76,33,86,-86,34,62,-52,-73,-57,-1,82,-35,-3,44,9,-49,3,87,-16,96,94,49,19,66,-6,88,-89,-22,-40,40,73,-47,13,-78,-58,18,90,35,-43,-96,-9,-13,-37,83,53,-59,-96,27,6,-60,55,-88,17,-82,34,46,66,-90,79,82,18,60,-71,-46,-59,23,36,-43,24,-11,56,-14,29,-43,78,-65,-55,-18,10,76,92,-18,-44,8,-44,69,-28,-46
48,-53,33,48,55,-55,-98,83,-6,-24,-34,41,3,53,46,81,-69,-77,-5,19,2,-85,-19,82,-64,74,40,31,-7,-22,-43,-48,13,55,7,37,56,-46,-8,76,43,-84,97,-35,90,0,-29,-37,-55,98,-81,-71,-40,-47,25,10,-6,70,-65,85,-89,1,70,32,19,-7,-80,-14,53,32,-52,-64,56,89,34,-35,-37,57,5,-32,41,-43,72,-3,51,-23,-18,86,-89,66,-12,87,-7,-47,-83,-86,-27,-72,-91,-81,-97
-81,-83,-40,97,-99,30,-36,11,73,6,52,-10,74,14,66,11,84,-66,0,-68,79,76,-63,43,3,-85,-20,-23,-90,-92,98,-84,43,91,-58,-13,-82,30,-72,-97,-76,-11,8,78,4,-95,-65,-81,-61,-81,17,69,28,-70,11,-81,14,25,-55,63,-80,44,-53,80,-25,-70,78,-31,-53,22,59,-85,6,-2,-57,87,98,10,-90,-44,70,75,84,99,-2,66,7,-13,87,81,4,60,43,-97,10,56,-51,67,-71,-59,-39
100,-65,29,29,-24,90,-81,23,-99,-60,15,-53,94,35,-49,44,-65,32,-41,75,-6,41,5,-96,30,100,80,84,6,76,-27,42,28,-44,-80,82,85,42,97,51,70,-84,-56,97,74,94,-85,50,-25,-45,-47,93,89,81,61,-94,19,-7,-63,-26,-100,77,-16,70,-13,-56,28,-73,-95,23,6,55,-96,-66,90,-26,69,-59,53,-5,43,84,98,79,33,-91,-40,3,91,-66,-23,-86,-37,75,19,25,99,-22,63,72,99
-85,-28,8,58,26,-23,47,37,-21,93,3,72,-52,78,42,38,88,-39,99,84,-12,-78,49,-75,18,79,-42,54,-96,74,70,-24,-67,2,20,90,-75,-22,14,99,-87,-34,64,-56,49,-41,96,89,84,-85,-13,18,-49,-14,-15,-51,-5,-74,-28,54,63,75,87,28,-37,33,2,-29,33,-90,60,-100,-75,52,-77,90,-95,-74,86,14,25,23,75,-78,-54,-39,-65,36,35,-52,49,-75,-68,65,-30,-92,-53,-80,-19,81,77
61,-32,86,-52,76,-33,-74,-69,35,13,-3,-45,85,-79,32,63,-14,54,67,-85,61,-42,-4,71,-87,44,15,96,91,43,-71,60,-91,97,80,28,-62,-49,80,61,-48,26,89,-37,100,92,47,-63,-49,-3,8,-31,-26,-68,-5,-92,-85,40,22,-2,67,44,-76,-73,-100,-87,99,95,5,89,-43,60,94,-23,48,87,5,-95,60,-38,95,13,9,-92,23,18,55,-90,7,30,23,91,-83,70,-69,67,34,58,-68,58,-53
23,70,-26,-62,41,-18,47,-36,-18,-2,29,-35,-44,90,81,59,-38,38,36,-56,100,34,48,-74,93,-46,-22,22,-10,-54,-74,-50,-82,84,-31,-13,-32,99,-65,-14,-36,0,95,-39,23,-14,49,86,-5,-92,49,-76,94,10,-1,-18,-59,23,-27,49,89,89,18,-95,-89,19,-52,-50,-69,76,95,70,79,20,61,9,-20,17,46,-83,-97,59,16,-35,-36,19,-67,11,-83,98,-55,92,81,59,-28,11,-6,8,74,71,14
11,-41,56,84,33,81,-84,-63,64,12,50,-22,61,-28,73,-19,-2,86,24,49,61,-43,78,50,45,88,78,-97,77,-55,70,-86,19,13,-54,-20,5,66,57,49,-100,64,-59,31,38,-93,-18,-39,59,-10,31,-27,-35,82,80,-79,94,94,-16,2,-12,75,-47,-21,24,47,65,16,-63,-99,23,32,70,-62,43,-53,69,-89,72,9,-89,11,34,-92,80,-57,-1,-34,-32,-63,-5,80,61,-39,28,78,31,-75,-54,61,-88
99,-13,-50,-3,91,63,-14,-95,-20,-58,-62,-43,-97,-81,-98,-17,9,23,-17,30,-42,-97,64,-62,84,25,56,-78,-86,88,-8,20,63,23,48,-82,-73,4,13,47,96,61,58,-67,-96,-54,70,-24,2,-69,-56,75,-41,-41,10,-65,-82,20,-48,14,43,-34,-11,96,60,22,44,98,-12,34,30,-59,-4,-86,22,-76,70,-48,79,53,-54,96,45,1,-51,-4,0,14,77,85,85,-15,57,74,-92,-42,-3,-64,27,12,-12
69,56,22,-39,-43,68,69,-8,-55,68,39,29,-51,31,-7,-26,-38,23,62,-46,79,-76,-19,-49,-21,-98,23,-72,-80,-95,-42,9,-91,56,-93,90,-10,18,55,97,-45,-74,-52,53,-83,15,47,28,57,63,-69,28,-37,58,-64,-52,53,-55,-47,25,-21,-17,97,11,-26,59,25,-39,-39,90,71,-22,-87,11,33,-27,44,-25,12,47,-87,56,36,66,0,-7,-52,-30,18,97,53,59,62,78,36,52,-48,-59,50,6,45
-65,25,42,-30,15,-35,70,81,57,-4,-16,-74,-96,-3,68,65,2,-75,56,-59,22,82,74,-80,-32,5,67,66,65,71,13,-10,43,-69,79,-45,-44,-46,85,47,-67,93,65,65,66,-63,81,41,29,21,17,-93,-43,88,-57,-20,-94,-12,99,94,52,-98,-97,-75,91,-18,95,9,-52,-39,-55,100,-87,43,96,-87,3,-81,-39,-90,-79,-13,-19,90,78,-47,-43,-61,91,17,83,-95,86,38,77,-74,14,-39,-100,-56,36
36,-61,52,100,72,-57,91,78,-100,-47,-62,47,74,-35,-96,10,-9,61,-91,100,-86,-35,41,59,94,-8,-21,18,-83,-35,-85,19,-28,-35,58,97,8,-57,-22,6,86,91,-38,48,76,25,49,2,-33,-62,87,-56,60,43,-11,94,88,-54,-11,-26,-57,-26,94,-65,-17,-68,60,-97,77,90,-3,85,-6,-96,-36,-28,11,-3,83,33,12,-61,-49,-18,-36,-46,-35,60,-85,-19,90,100,-85,-3,-94,-31,-36,-66,-39,57,-25
15,66,49,58,12,-95,-74,-62,87,-75,-9,-65,-52,-60,-5,-99,19,-4,-72,23,-90,-4,-6,-89,-59,-73,-57,-48,-19,-13,-56,-69,10,62,61,-72,-12,-1,-89,-98,86,-11,-84,41,81,9,-85,-92,-17,-94,64,89,88,88,49,60,43,57,-92,-86,-84,-40,84,19,10,-4,29,19,-34,-39,12,-78,77,76,34,38,97,-39,51,21,-41,-89,22,-48,59,-69,84,-46,55,95,73,45,-95,-63,0,66,-50,-59,43,-22,-24
14,60,22,-77,61,7,-85,-82,-91,85,-46,86,-29,-35,-3,-91,38,-44,-93,-75,-99,32,13,-22,92,99,-82,-13,-27,73,-46,-66,-26,-25,0,27,-39,37,94,-29,3,68,-29,-72,42,-45,33,-61,-46,59,-23,57,68,25,-47,-33,75,-9,99,44,0,59,-98,-41,54,-29,-18,69,49,9,-49,-96,-54,-15,19,8,28,24,-29,-28,93,10,-4,64,45,-26,13,100,59,23,-53,-59,-39,-81,-12,-93,-89,39,-77,-38,-13
29,-70,66,64,-34,-10,2,-99,-57,-30,39,-60,44,1,47,-42,-72,12,-77,2,-72,-32,-52,-25,-39,12,68,81,42,-8,37,11,17,-8,75,15,36,-44,56,-84,-90,-35,-55,62,-90,-94,2,91,-48,-22,58,-43,78,16,90,46,34,-91,17,18,44,42,19,-65,-10,-10,-10,-9,-39,64,-80,80,16,-93,72,24,-8,-89,24,-90,-100,-99,3,-9,79,-94,-54,-67,92,-76,-26,74,92,-35,89,1,58,25,45,-31,-5
4,69,41,1,-89,30,11,5,-47,22,-25,-23,-48,55,-4,-67,58,-29,-77,82,-55,-50,28,39,-23,97,-100,81,89,-24,-15,67,-54,61,-13,73,52,19,-57,-2,19,45,88,-72,-15,-27,2,78,51,-22,-29,-6,16,56,-67,-25,44,-78,100,59,77,75,16,97,26,-42,19,-95,17,88,-89,-72,-71,-75,29,-45,-82,64,22,-13,75,-15,-10,-26,-88,31,-45,51,-51,-34,95,-50,59,27,90,-31,-40,-82,-51,29,18
-42,-62,48,60,37,83,44,-52,81,-62,76,-26,-39,-7,76,-97,41,-17,45,-19,17,-77,-6,43,81,17,59,7,-84,-52,10,-67,-74,80,44,30,-65,40,-23,3,39,-6,68,3,60,-17,-25,-10,65,-36,84,90,-7,73,5,19,-89,91,70,43,36,-26,58,52,-7,-8,76,8,-91,86,64,72,58,97,68,82,-92,-30,57,-37,-90,-19,-96,94,-10,-68,61,-23,7,55,-59,53,75,29,88,4,75,-9,-58,-93,-48
-29,-84,63,-63,2,-36,68,59,49,-97,-61,-18,90,33,100,30,27,-63,55,60,-100,-72,-95,-36,18,-36,-20,56,-64,94,19,34,-6,23,41,76,0,-75,-13,-65,42,42,78,-58,3,-9,-57,-78,-71,2,34,-14,-94,-4,-32,-39,-85,30,44,73,-64,-93,-88,26,-47,-75,-56,62,46,59,1,-84,98,-84,-41,-10,45,64,74,92,23,-32,88,91,-79,55,-20,-77,-54,-63,69,-72,-67,34,21,8,78,74,-4,-91,85
-90,100,-83,-43,-50,58,21,-37,81,-1,64,85,-91,-38,89,-79,12,98,52,21,-97,-31,-29,24,70,12,-30,-91,84,43,-44,91,97,77,-52,69,-38,-63,-47,-62,22,-29,38,70,-100,-13,23,-4,-29,30,-46,55,-3,-57,50,-25,38,-53,-15,66,-22,78,93,11,-71,-79,-86,-12,-79,24,88,-77,96,58,8,67,38,-58,-37,85,83,-74,56,98,-13,-7,-60,-78,-60,-86,5,34,-63,29,3,29,75,67,-68,-80,-81
-8,-69,-35,84,-29,75,11,88,-3,-94,-90,83,11,-91,-72,-31,-98,78,27,67,-83,-88,-21,68,5,97,90,78,-3,47,-56,94,-35,-78,55,-29,-99,5,17,69,-92,-33,39,-60,-96,-59,22,-18,-47,-71,65,-47,-50,49,79,84,3,-48,-97,-16,13,-95,95,95,92,69,-31,73,83,-33,-34,-30,53,88,15,69,38,-19,41,9,-88,-94,-92,36,-32,21,-95,-62,-96,-31,8,-26,-32,47,6,41,57,13,-79,-99,-58
-42,72,50,-27,-48,61,-3,0,-1,70,14,40,85,48,94,14,2,-92,-98,21,5,13,61,-38,16,-71,86,19,86,45,-79,-59,-56,-91,-98,80,87,-46,-91,100,80,42,-30,-37,-9,-16,-80,-90,-36,-24,26,-24,50,-74,-44,-4,100,55,9,-86,75,29,-20,-60,11,-31,7,-57,-94,-77,100,-5,22,61,-5,63,-36,-70,61,-2,-48,-47,83,-57,-18,-100,8,93,8,-50,-2,-91,14,-73,-15,-38,75,33,-12,-49,-83
-23,73,45,-10,-92,48,-68,-81,89,-55,6,-72,-40,-23,-20,91,2,-22,67,-96,96,70,-20,98,-83,90,-65,-58,60,67,88,-75,2,-79,59,-65,64,-28,-3,-92,-51,14,54,67,-99,76,-5,-21,12,90,92,9,69,-63,19,56,-53,-42,-23,-16,-25,-98,35,37,-35,31,-58,2,-40,59,0,98,93,-11,91,42,59,91,-52,38,-65,-37,15,-96,-57,30,56,86,68,73,47,52,69,64,-85,-13,38,-33,89,4,39
-26,-100,75,47,100,62,19,35,11,-83,82,-18,-37,-99,-53,89,83,-98,46,28,-63,88,-90,95,75,-75,45,-92,42,-74,-17,-28,-31,-81,-25,-40,-28,-81,92,99,-47,30,-27,83,-62,53,73,-16,16,-8,86,17,-75,-23,48,83,-82,57,39,84,-4,-25,-58,13,11,-92,31,-21,-39,95,-31,46,26,14,85,51,-6,-74,-53,9,54,-53,-51,-35,-35,87,88,-74,-94,16,12,8,77,-15,64,-25,-96,-28,16,96,39
-61,74,7,-35,-67,21,13,-5,-59,-81,77,88,-41,-49,9,44,-96,7,43,4,-88,0,73,8,94,-64,93,-38,7,-88,-39,68,-97,-93,-93,-86,-87,-42,-7,-55,95,-14,51,-94,-7,-63,53,27,-87,-34,40,73,-14,-10,2,-76,97,-42,-76,-10,26,76,10,-92,-45,-98,22,-62,77,-17,12,85,-46,18,-12,37,-51,43,-70,-55,100,100,-6,12,-93,47,11,-7,88,-7,-26,39,27,-35,-77,16,-41,-2,51,83,26
55,-7,-54,-79,32,20,2,-51,30,-79,16,17,-77,-21,-40,-17,-18,-17,52,69,-38,-92,41,-42,-79,70,32,65,57,72,85,61,22,80,-63,-89,71,-80,-4,-22,16,-16,-23,35,-31,77,-44,-13,-82,-41,45,-82,0,81,-14,78,89,68,-94,11,-73,39,-10,-85,21,-2,75,-30,-17,27,91,9,-57,-25,-35,-7,11,74,14,-42,-3,73,54,-60,7,15,3,-91,-50,0,30,10,-45,98,-86,-67,-69,-62,30,41,-13
-71,97,-32,-42,-26,-73,-4,-67,59,65,9,-97,-62,-39,-41,-99,56,11,32,83,-72,39,-56,66,19,23,34,59,32,100,-24,85,-91,-94,15,-17,76,78,76,46,-3,50,57,-60,51,31,-63,43,-22,-31,83,29,72,86,-62,-16,81,-54,48,38,49,91,95,100,23,28,1,97,-25,5,-4,-85,-81,-81,35,-16,-45,-62,-10,77,48,5,-89,-32,10,-67,3,-56,92,-83,59,-19,-39,32,-57,34,-38,77,-36,-62,-82
-1,-93,-86,65,-65,48,-29,2,61,-98,-70,-78,-5,39,-29,-19,-73,-76,19,41,-15,74,12,-62,-52,53,66,87,-28,95,50,-88,-63,-83,-23,39,8,-71,-4,-23,8,-8,87,-3,-62,72,-1,-43,59,77,22,83,-82,-1,-83,-81,87,29,100,31,30,39,79,71,46,-79,93,66,-21,-66,67,-55,44,66,-87,61,88,69,-23,70,20,-15,6,-64,-37,11,-64,35,6,-59,-95,-37,43,50,80,80,74,-99,-52,88,-46
