36,-37,71,78,69,40,-53,59,7,51,12,95,-50,58,17,-89,57,-12,33,-17,-37,11,88,-94,-30,-94,-79,-6,-54,-89,-17,4,-83,83,72,-75,19,81,31,-88,-24,-27,-37,-99,-32,11,57,100,-63,-10,62,69,100,-37,-65,-11,-96,-44,12,-30,-10,37,15,-11,-89,-69,-54,-89,14,26,-43,-86,40,-96,-48,-3,0,-23,-9,-15,-79,-82,7,65,-40,61,-84,20,97,-49,54,-90,37,4,-90,7,32,81,-16,-34,-15
7,58,31,-52,-22,-88,51,76,65,-16,-11,82,75,29,78,97,-74,-62,-52,-98,97,56,74,4,-32,-69,-90,-29,81,81,47,-20,-46,-8,-18,-79,47,60,-23,4,-81,-73,6,-12,68,87,-89,84,80,-99,87,-34,-88,63,70,20,-65,-37,-74,-7,1,51,86,-44,96,-20,-89,-18,-35,-75,32,2,20,-77,18,-25,14,-64,66,52,-74,58,-83,38,-32,24,36,-21,25,45,42,-87,95,57,-60,99,-87,-46,-37,20,11
14,-27,-84,-76,58,-88,-1,67,83,33,-48,-20,-27,100,-7,-16,13,-41,-54,-77,-40,-74,51,-48,-78,-16,85,-30,-36,42,14,-54,-91,60,-31,-37,95,-86,-77,-81,13,28,-49,-29,53,39,-61,17,87,-23,-2,53,-19,5,-47,63,91,-54,-56,-76,-1,74,34,-25,18,34,-82,100,49,95,99,19,11,47,-20,19,-80,22,23,73,-13,-36,93,-63,-89,83,-100,-14,59,-4,88,-1,-29,-5,9,-10,-29,-26,-82,36,64
-96,94,-12,-86,-65,-95,84,-59,-48,9,35,89,-21,-38,-73,-91,4,8,-39,-39,63,66,-64,-88,85,-42,49,12,-49,55,82,24,-69,-85,13,98,-60,31,-67,-93,-45,-32,-68,-86,-55,43,54,88,39,-36,-2,-2,-19,22,73,-38,35,-71,-99,83,-32,-50,67,-5,8,-24,-75,-73,-49,87,-34,42,-39,90,-50,-46,26,14,44,-44,66,-3,-40,-59,34,17,-89,18,-92,-80,-53,16,-73,-4,-48,72,88,22,14,71,43
87,11,75,-11,95,-92,-57,-42,-5,-20,31,71,-37,26,0,-52,11,-68,-53,3,60,92,-35,57,81,-88,86,52,39,25,88,-54,26,-26,-61,-63,-98,-94,78,-40,11,10,74,92,71,-9,63,12,18,2,5,22,-71,8,19,2,81,-36,-4,80,82,-94,-9,-51,-17,-50,17,79,85,-54,-81,-89,0,98,19,-45,-32,-81,62,-50,33,10,-38,25,6,38,35,88,64,-84,80,53,-10,100,-70,5,-100,69,-42,-57,-88
-76,-67,-86,-22,15,49,-32,-9,-2,13,32,-52,-78,74,69,16,63,-84,34,-81,-69,-23,96,91,-71,-47,29,-63,72,-85,-47,50,73,73,-67,71,-18,-66,52,35,-15,-51,99,-19,24,-47,17,-10,-86,70,-67,-89,66,-40,55,-39,-4,-76,65,-100,-35,-91,-4,96,74,-18,30,-63,35,3,56,77,-73,-28,-71,21,-80,3,-86,53,-23,-1,88,-58,26,85,48,83,98,38,80,41,-57,78,-17,37,-74,-49,26,96,56
52,44,11,-82,1,49,-18,74,-70,91,80,43,51,18,53,-23,33,8,-67,-47,-71,20,-27,-12,-11,-20,-46,-7,-91,-8,-80,93,-39,-75,77,70,-17,-36,0,77,10,13,53,31,57,77,14,85,47,96,40,17,53,-89,-19,92,3,15,-78,-36,39,-75,27,-10,84,98,44,40,81,66,25,33,-47,37,-80,95,27,-12,-79,-39,64,-99,78,-91,-59,-77,-45,82,-36,-56,-56,-37,-34,-60,-9,43,-84,89,29,49,10
18,3,12,-28,-88,-5,61,46,-51,97,79,94,3,-79,-69,-44,88,-91,49,14,-20,-57,67,-55,-66,81,84,58,-93,-64,24,96,33,-71,-63,-52,-20,-73,82,-17,4,-92,9,-100,50,-96,-94,-24,-43,56,-23,-63,-12,33,38,-87,17,-14,50,63,95,-10,7,31,77,-76,75,44,-16,18,-66,58,86,96,87,-16,100,24,-24,-98,13,30,86,-22,13,44,18,41,27,52,40,-60,-78,9,0,-14,42,-90,-81,99,-2
16,30,86,-44,-76,-89,76,-50,94,79,72,-58,32,56,61,50,36,-66,-96,63,-82,-35,56,66,94,37,-96,3,30,-12,73,48,35,-84,-37,-3,50,-27,-13,-79,-91,-47,6,17,90,60,-39,73,38,54,-16,70,20,79,40,-24,59,-53,78,-63,54,38,-37,29,43,-4,18,-71,-29,-96,94,0,-22,91,-71,6,96,50,53,97,-74,-73,-66,26,35,2,-97,93,-40,27,55,-96,45,23,-25,68,-64,-46,-27,60,26
57,-51,-13,92,27,91,-45,-20,67,-5,16,1,34,-76,52,75,0,27,73,42,12,54,11,-84,92,-11,82,12,-21,60,-99,29,20,-27,-49,14,-84,48,0,35,-77,82,-42,-6,-88,45,-71,-71,35,2,53,70,59,98,-20,-32,24,-95,34,72,-50,78,32,-58,-12,91,-90,-7,-3,-94,6,10,39,2,-68,92,-75,-28,6,-72,-97,-46,53,97,-14,-98,85,-46,-54,-90,13,2,92,-69,46,39,22,-64,13,-47,-72
100,24,-48,-8,7,-53,93,35,-75,-96,23,-67,-17,37,-1,-75,-10,-92,-19,56,-27,88,-72,-18,26,-28,-61,-79,5,72,32,-100,-19,29,94,59,42,-11,-80,-98,94,61,69,-38,-88,16,-83,-89,49,-22,-22,53,-41,91,96,-62,-41,54,31,-13,49,99,0,26,99,-98,-65,33,-84,-67,-7,-52,-13,-35,79,78,-6,27,-35,-34,35,70,28,-69,-38,-16,55,-35,17,-70,-60,12,73,-42,-52,74,48,-91,89,-19,29
-8,-97,-20,69,60,51,52,28,62,7,-47,-61,-10,-99,-76,-84,-69,-32,74,-72,31,22,88,29,-72,1,3,-8,66,-79,63,-83,43,91,-32,-12,27,12,-86,11,38,-19,-16,92,-6,87,-50,48,-88,-75,-66,-78,-22,81,-73,-19,49,9,-84,80,27,13,-72,-1,19,-92,-51,1,28,53,-21,-63,91,13,-13,97,48,11,-34,68,10,83,15,66,-59,-40,-42,84,11,54,-83,-95,93,-72,-81,-31,-75,-1,-50,-68,91
84,81,-54,83,-96,20,-50,13,41,-31,92,64,63,60,-26,18,96,-82,-74,-67,-91,24,84,25,31,77,70,45,61,100,-53,15,10,92,68,-82,55,62,-7,11,19,70,-67,-51,-5,-56,37,-27,-77,97,-56,-72,-93,15,30,52,-91,21,-47,9,-65,-58,36,3,8,-79,46,56,80,42,63,13,-7,-19,-75,-71,-67,-79,92,69,-43,-20,-48,7,-95,-25,82,29,-49,-14,-49,82,93,-8,-75,-82,-46,27,56,26,93
62,16,9,-62,16,69,-73,-88,38,-34,-85,-61,-60,-2,-45,-63,-72,-2,27,-54,7,84,40,10,93,-19,18,-34,2,14,-59,-42,-65,48,23,-37,-67,-64,51,-36,38,-52,44,-16,-60,-38,49,-97,-70,65,15,81,-30,86,19,80,-9,49,98,2,-19,-13,-2,-93,0,-72,9,61,-30,-58,15,35,7,71,26,73,-69,-63,12,-61,76,28,-8,-48,30,60,-73,43,-30,-18,30,21,79,-29,39,55,84,-61,83,-13,32
-33,97,-65,57,79,50,100,-50,-65,-56,-24,64,50,-68,36,99,20,-86,43,-81,37,37,-3,15,-45,-30,-99,-74,-27,87,-11,5,-45,-52,51,-21,54,-22,-15,-69,84,40,-99,51,41,-2,31,44,31,69,-86,-82,-93,-87,-92,53,55,57,49,5,4,-78,-65,17,-19,-86,-1,-82,-82,12,45,-8,-60,-76,-1,-23,84,24,-49,54,-3,-29,-41,79,-67,-62,-36,-43,-74,-33,69,-52,-67,-39,77,-20,-19,58,24,-2,-64
-92,-81,-61,-61,45,15,-99,85,-43,-15,-8,82,-89,52,-67,-7,-95,83,-23,61,34,-33,-31,89,-93,-7,79,-37,-6,24,52,20,-8,-89,-24,25,48,-98,-84,17,52,-88,81,-2,-73,-87,-24,96,54,-50,32,-59,38,35,86,-9,-18,86,-27,-39,69,42,-29,64,54,-75,16,20,7,-44,-9,1,-45,36,77,-27,72,63,-61,-91,91,43,62,12,23,-52,54,74,-72,-82,-51,-28,32,39,-98,52,-37,28,-20,48,-24
-2,74,-41,86,-48,-20,76,93,94,-89,-51,-15,19,-92,68,7,98,-34,2,42,-89,63,-28,-41,11,-37,88,-96,100,65,0,73,54,72,-81,-88,-98,72,-88,-78,95,-90,-83,-46,-52,59,34,17,-20,77,32,71,-89,-67,-34,-13,97,-60,-61,90,97,84,95,25,44,45,-47,-11,78,-54,59,-77,93,8,-26,61,55,86,-31,-90,40,49,65,-3,55,-56,80,-56,-86,-62,88,-21,22,-12,52,35,91,-10,80,48,-62
54,-75,51,-25,-85,3,35,-82,-25,39,-46,-1,-89,34,53,-11,-74,-2,-1,97,47,95,-43,-66,-93,-14,11,-55,-32,57,-33,-83,20,-41,23,-64,100,-60,25,-19,53,-70,3,17,27,-91,91,30,35,43,69,-72,-5,89,13,80,-95,26,75,100,-87,81,3,15,-6,-5,-88,-75,-1,-44,-31,-26,-42,86,-21,50,-30,-75,-40,65,-90,28,9,71,27,-40,61,-56,-94,-92,-75,86,-20,-76,35,48,-58,7,72,-21,37
88,-53,-28,-26,-54,-15,55,74,-42,58,-80,-18,-27,50,31,93,39,0,-12,50,-24,91,99,47,67,-13,-73,-28,-22,-53,-88,31,70,-93,73,-6,-35,-99,-2,-10,-59,48,33,13,-27,-82,89,88,73,29,55,34,-4,68,-11,84,-28,-20,-14,61,-16,-90,37,98,-53,51,43,97,-36,80,63,-68,25,-49,83,-44,-15,7,48,65,41,14,45,-95,81,1,27,40,-11,74,21,-94,32,36,20,-98,64,28,-40,15,-68
100,54,39,-44,-14,82,-2,-88,-93,-82,-16,99,40,-22,22,-67,-13,37,43,81,-15,-20,-7,15,-41,64,96,70,30,11,1,89,-17,-71,-45,-13,-99,49,-44,-47,89,69,86,-36,-63,69,31,-98,-92,16,38,5,72,-70,27,50,16,92,-76,-55,59,37,-62,-64,86,30,-10,80,-83,-39,26,-38,-97,-46,97,-87,-8,-66,-85,31,-32,-42,-28,70,-2,77,-84,-15,-71,-14,12,-40,-87,-22,-35,-41,47,67,-67,-74,-24
53,-58,30,7,90,50,95,72,42,43,85,70,-33,56,1,-100,71,-23,34,67,-12,83,95,-87,53,34,-66,-43,91,-86,-11,53,-26,-16,-55,-97,40,-22,-55,88,14,-75,-85,-62,33,-62,36,13,-76,-14,85,-51,-79,-18,6,-14,-98,-1,-84,-63,97,-81,-40,-69,-27,90,45,-32,39,-28,-43,-43,-88,-19,68,90,68,-94,76,82,-84,-5,44,-64,-88,-1,61,23,63,77,99,82,-79,-19,-100,53,67,85,59,-41,10
43,86,-7,-24,-20,41,48,57,50,48,-28,77,30,95,-54,-39,-78,56,-16,-26,-73,3,-71,-11,-37,30,39,-20,-2,18,-24,-39,19,33,-33,-81,-6,-42,-11,96,65,50,-38,41,-68,4,23,-67,23,63,73,-86,-41,-63,98,-97,-32,-6,98,13,22,-33,81,-10,22,-93,29,58,87,-62,-96,-89,76,52,-11,-33,-64,8,-16,44,-76,-71,65,-39,-82,92,62,-74,97,-9,-21,98,46,53,36,-66,-53,68,-32,-3,-18
78,-17,-40,92,-31,-3,79,58,-51,-58,-11,-27,-34,87,59,-21,-66,-89,14,-51,-5,-61,-57,-10,-17,-20,-49,-32,-3,-22,92,41,-90,-80,-37,-67,99,6,48,52,79,-70,-77,71,76,-27,57,41,-90,-16,97,14,63,23,64,33,65,-51,77,-46,-37,85,63,40,-43,64,66,-27,57,-36,-47,14,-87,-29,-26,-76,55,-20,58,-47,-90,-31,-1,51,-43,-38,-90,56,64,-88,39,41,-86,28,-19,-22,16,72,0,17,-39
34,65,-50,-71,-70,-65,12,94,81,71,91,72,16,-2,97,19,74,39,-16,-93,20,-29,-53,46,83,94,-88,28,-54,-82,-16,-11,-15,17,-2,8,76,74,-24,33,10,97,-28,44,-49,50,58,34,70,-69,83,82,91,91,-81,51,35,-2,-21,-10,-99,-21,-8,-14,38,32,93,16,72,-94,-17,-58,82,83,-71,-31,-61,-80,53,-59,-47,42,-39,-44,-37,-19,-36,89,33,-38,99,-82,58,45,18,64,18,42,-60,-33,-66
91,-31,-20,-9,26,30,15,-21,-84,57,31,-100,0,-94,-80,-5,-66,19,-93,33,-43,-48,16,-97,-22,-32,56,11,52,61,-37,24,-93,-94,58,96,-98,33,-14,62,-10,-20,22,99,-90,42,-52,-74,-86,91,74,46,70,-76,41,75,-58,33,-57,-91,-6,68,-14,-87,-45,1,49,-33,67,-41,72,-96,-12,97,72,-100,10,12,-28,82,28,-66,-45,-95,55,-20,-98,49,46,69,41,-74,100,35,-37,69,3,77,-70,35,-55
-59,-66,25,80,10,-8,-93,5,-83,-7,23,98,28,91,-15,37,51,32,-40,-44,17,-68,-23,74,71,3,67,31,3,17,87,86,-79,2,-57,64,94,-4,8,50,-2,41,-35,-22,6,-9,-66,-85,7,56,-92,-53,-84,2,-65,2,54,-27,-42,12,47,-27,63,-46,18,-9,-70,-3,-81,48,-38,84,-3,53,51,-36,-42,89,44,-4,-53,-13,-10,-77,-82,66,53,-92,-22,-93,-67,-84,32,-5,-46,76,94,9,98,-22,38
-10,5,59,-16,7,-71,-6,-19,62,49,44,57,50,45,-37,73,-4,64,6,-77,-56,7,4,-49,27,82,-14,10,100,-63,-54,-67,-93,-55,-85,97,-53,-18,-80,-23,86,24,-2,88,87,-93,-30,-43,-78,-33,28,-3,66,-18,78,79,-98,85,88,-85,-35,-59,38,-20,94,95,-89,-99,-77,-52,-73,39,-5,18,6,-24,78,36,-88,8,59,-2,-21,24,20,-62,-52,5,-69,63,-1,34,-47,28,99,-1,-17,-42,39,72,-80
76,88,-77,29,-72,-39,91,-62,71,45,-79,55,52,69,31,-61,37,-36,23,32,-78,82,-79,-2,-40,-62,-67,29,-30,74,95,79,67,73,-81,65,60,-82,-44,76,57,100,-55,12,56,60,-14,100,-99,-82,-87,26,59,51,-77,-6,26,-98,23,-17,60,-34,-43,-47,93,-76,-47,-43,-69,14,-48,-33,-71,46,-28,32,11,-15,-47,73,97,70,61,10,-5,60,30,62,-50,-77,-37,-62,63,0,83,-32,39,96,51,-95,-63
-14,-93,8,45,-11,-11,-37,66,43,50,40,57,-41,5,74,-79,-85,92,-9,3,26,-44,90,3,-47,-94,-77,82,-77,-16,-53,-17,60,35,-24,-72,19,9,99,-67,63,-54,-98,87,40,10,-83,82,45,12,-9,98,77,66,-38,-7,47,-99,33,-8,-98,-81,86,-57,-96,98,-78,-22,53,-18,12,80,-69,74,62,-21,-28,91,-5,-80,-2,3,43,-88,-31,-53,-72,-7,-40,-84,40,-26,6,22,8,39,-48,19,44,96,-19
31,3,-84,-25,-93,-54,54,-88,30,-12,95,-23,-100,57,91,77,64,-27,-56,-74,15,-92,26,-70,35,93,13,-53,-57,-60,81,69,16,48,6,57,-38,-12,3,-10,-6,-88,-52,-26,-55,-36,4,-4,-70,41,-59,-29,-77,83,-36,-74,-85,21,-36,-29,-23,-9,-13,5,50,17,-64,-97,83,97,-17,-23,38,92,-72,31,29,18,63,45,63,0,37,63,-67,20,66,49,-58,4,67,-7,26,42,52,69,-25,-86,67,-92,-46
-62,72,64,47,58,-3,46,-29,-15,72,-79,-61,-50,-3,-7,26,-25,21,-12,-42,-84,52,-21,-39,-87,37,-14,-99,76,96,-20,-92,-1,-85,-2,9,31,-11,-4,-3,-100,-38,64,95,-96,-4,-71,-81,-94,47,-67,0,31,-83,45,46,-31,-76,84,-43,70,79,-65,31,46,-25,-100,-33,75,85,-64,-35,84,-47,-18,93,98,61,-100,53,85,-79,-9,-66,-1,-59,-72,-54,-39,25,66,94,-71,-93,-54,77,88,7,-18,72,80
86,-28,-3,-2,-24,-61,-11,-20,-73,7,-4,43,19,48,34,93,62,-26,36,23,24,-64,45,-89,-72,-77,-20,-97,-50,25,-27,66,64,45,65,56,67,-61,-95,67,97,-92,43,75,-94,-1,79,-9,53,29,-79,14,-87,20,18,94,33,97,28,21,51,-67,79,91,-42,-58,23,-97,4,44,28,-76,-97,96,66,44,-61,-33,-48,14,54,64,-57,56,-19,70,13,16,76,89,-36,53,89,-46,-76,95,26,67,-7,76,-12
46,-45,-60,76,61,74,82,95,-36,-43,15,80,51,-82,96,-59,-84,-83,-75,-52,-84,32,9,-57,49,-36,99,-19,-5,-29,-32,57,73,-100,-27,-73,93,23,-53,83,13,-17,-41,45,37,37,-78,-57,20,93,-42,-21,36,81,61,-87,73,98,-89,52,-81,-68,74,-68,-11,-63,90,-49,32,-19,-67,10,-30,-73,3,-40,89,-77,-72,17,32,-58,24,-45,-36,-93,-85,-45,-14,42,-36,-91,65,-44,88,-60,39,88,-2,-29,-99
33,36,-41,-40,-43,72,61,-8,24,-29,-38,-73,-53,-34,97,-83,3,98,-79,73,-35,98,16,18,-86,15,38,-33,-95,-29,70,-73,-11,81,-4,100,88,93,7,90,-72,-93,-42,-66,-92,-98,-91,16,36,-54,-47,93,-88,-98,-32,0,-29,54,-18,7,-90,-98,-4,35,-80,-39,95,-51,25,3,-22,9,-2,-32,-61,6,-31,33,-44,-73,-58,50,53,-96,35,79,-83,-3,-66,39,-94,81,-63,-53,9,52,-22,74,-21,92,55
-8,90,-92,-53,-80,18,-2,-23,-70,79,90,-62,17,11,31,-55,69,-15,74,55,-6,-52,-35,-95,-63,-4,-9,88,64,-8,-57,-27,92,-15,86,-22,-84,-26,3,-67,26,-9,30,-81,-61,9,46,94,-13,5,65,-19,33,-39,74,69,-51,-42,-12,7,35,-73,-63,9,-97,48,7,11,84,90,74,-56,-70,-35,63,53,75,-46,12,53,-38,95,-77,-54,-51,61,-79,-84,71,96,-57,-12,-58,-97,84,20,25,93,-41,-87,9
-33,-84,-93,95,22,23,1,37,72,-33,-51,62,-7,-30,-34,-6,0,-4,-45,-30,-89,-56,-65,-7,-51,77,68,-28,-78,19,19,20,-64,-54,-50,-13,-47,-95,79,19,-42,-46,-95,-75,-49,84,-15,-70,22,-70,-43,-68,-87,45,61,77,-6,-92,-47,7,35,1,-37,36,20,39,-51,-20,-24,77,30,-6,59,-35,86,-78,-81,-85,82,10,70,-11,76,-4,87,94,-9,-22,17,-39,-85,54,40,-93,66,-64,-56,33,-85,22,-79
-58,-95,88,70,62,-2,73,-54,-50,-16,-31,32,-8,-57,-92,-3,-5,-45,83,-87,43,99,-42,-45,-71,33,30,63,81,72,-30,-52,-34,29,26,74,-44,55,-82,67,-18,-59,-3,29,-75,11,-44,92,-11,-42,33,-98,-46,47,92,6,86,64,-31,5,-99,92,30,-71,81,50,-7,-41,51,-4,-20,-72,-28,10,-39,-27,-56,-39,90,-83,-87,-49,57,-10,89,-56,-7,-88,-8,-43,73,49,-5,90,-56,7,-28,-54,11,-81,-94
40,38,55,-17,75,-69,24,37,-95,93,24,72,56,-99,-54,-42,50,34,32,-89,-41,-19,-71,-4,93,-45,-27,86,-70,31,1,-86,93,-45,6,-60,3,37,-100,80,37,86,21,-55,84,22,2,86,68,70,-82,75,64,27,-95,-92,-46,58,-53,-33,29,-2,-30,51,98,18,94,30,-84,-62,92,-13,53,78,85,32,-89,-26,-76,-80,62,-71,-3,47,71,-49,18,-47,96,15,-96,-70,92,43,27,22,80,-18,22,-57,-99
34,79,98,36,96,84,-16,-46,59,-78,50,-16,2,-82,75,19,32,47,65,-4,35,-28,56,52,-52,32,16,-23,59,5,-10,-35,56,73,-45,3,-22,18,89,-67,-33,68,-36,77,-41,-48,80,-37,92,84,55,-46,-75,89,77,-90,-69,10,-100,-38,-70,-18,27,-36,12,14,24,78,39,-18,-40,42,75,-69,-53,24,-79,-95,-17,-38,75,61,-8,-53,-25,-66,17,-47,-74,-3,95,46,89,-34,59,15,26,71,-3,-69,-28
34,-55,65,25,28,-78,90,90,-35,46,51,40,34,-16,17,48,-57,31,-24,32,-75,-92,-82,64,46,59,68,42,-52,-23,-86,22,51,66,70,1,-38,69,-80,-37,7,-26,52,40,73,-18,-33,73,93,73,81,1,46,-35,79,-42,-24,17,-96,77,-8,43,91,93,-9,29,-39,-97,0,64,-84,90,-48,41,-50,-26,72,54,75,-16,48,-19,-23,-52,-56,17,78,17,-61,-40,58,52,-93,9,-16,85,-98,7,66,83,88
-49,-75,99,-61,-48,-48,-57,42,-11,-92,-18,0,65,11,53,84,70,97,-89,39,-9,51,-70,-52,-31,-94,14,-84,68,-83,-59,1,93,41,52,89,62,46,-79,-4,-8,29,-95,-54,71,-42,57,93,88,69,-62,18,17,-1,29,-61,-88,-36,-18,-64,64,-28,-49,38,-21,44,23,-23,16,84,55,-83,79,-64,48,-32,65,57,70,-58,26,77,-31,23,-47,-94,-67,-39,-9,-67,49,-20,-12,-39,96,-31,80,3,51,41,-92
11,42,-37,-48,-54,41,44,-75,-64,-51,-38,-73,-90,84,78,-9,52,41,30,77,-64,-86,-9,-10,-7,63,67,53,-43,82,-14,4,-77,-37,-6,-84,-95,-52,-37,73,54,-57,11,39,33,54,74,7,57,-23,-59,-40,-40,89,-38,-8,70,-12,-37,17,-71,-2,75,-75,-4,-39,56,-89,-98,9,31,-63,-91,23,32,27,92,9,-34,19,-46,27,-50,-86,-96,-71,-67,-55,-52,32,96,78,63,95,-73,-61,-45,-20,30,-7,-6
-63,-59,-41,-23,32,-46,13,-87,62,19,90,-63,14,-29,-46,24,-52,58,-67,90,-60,-33,-63,59,-28,-1,-34,-87,-14,-1,-21,78,-25,-35,81,-76,63,-26,-92,42,-42,-30,-100,-92,-7,-40,-64,18,-91,-73,-25,-52,15,-83,-50,-34,42,-79,61,-80,-59,41,-72,57,-28,27,-70,-53,58,-56,39,-81,98,6,-23,-37,-99,70,-21,-49,64,12,2,-85,-20,-85,40,-56,45,1,-12,53,-61,-87,-87,19,-35,62,39,2,69
-15,-37,79,83,-20,-92,-88,18,-20,-41,64,70,27,94,-54,-83,-93,-50,21,-20,-40,18,-28,-61,-10,15,28,-77,41,-98,48,26,45,18,-100,19,-62,9,76,79,17,63,-71,69,-28,56,18,48,-25,29,-11,6,24,-76,-57,59,-53,-51,30,77,-9,91,51,-69,-10,45,-79,-98,-75,11,-28,-16,10,-41,-13,-43,78,71,8,-85,31,99,42,-37,8,0,90,14,68,-7,17,-60,-34,-92,42,-54,37,-47,-72,-2,-97
13,-40,-30,40,58,-65,-78,-32,-46,75,-75,85,-42,-71,46,3,51,36,-97,40,11,-75,-91,4,-47,35,86,45,-57,-84,4,-2,33,-84,-47,48,-83,-61,53,54,11,24,71,55,99,-98,-84,26,-14,20,3,-54,-75,-83,-21,-12,47,-57,30,-28,34,-93,-74,-33,-85,10,11,-72,-41,-16,-51,-69,60,-22,4,95,-50,-12,56,32,-85,8,83,-57,-7,23,-100,24,33,37,9,38,-83,-72,-40,8,-29,-99,-17,73,-85
73,27,13,-76,-1,-92,75,51,-59,-77,44,-11,50,55,-61,-51,8,26,44,-83,-61,78,48,1,97,-45,76,17,-45,0,9,17,-34,64,1,-77,-58,23,75,-92,-30,-57,-42,31,25,87,-25,-7,73,-17,72,42,-92,10,-57,-62,97,-75,82,-4,53,3,-93,62,-40,-23,-96,-61,71,1,-95,82,15,-37,-56,40,-23,15,52,87,63,37,-96,81,64,-5,10,42,-82,96,-27,-63,-7,92,72,-50,-89,30,24,-19,-93
-84,-79,-59,77,71,-42,97,-26,51,1,-74,-64,-92,45,18,4,-95,87,-20,-21,-24,-42,-81,-41,56,21,20,63,50,58,-13,-69,-33,-98,-67,75,-52,63,8,90,-51,-39,-15,23,-31,58,-27,62,-83,93,-26,-52,65,99,93,-57,-44,-23,-44,70,-80,19,-7,-15,65,-51,24,-87,-83,68,-18,37,-10,64,-16,-21,83,70,-28,73,-28,88,-48,-7,81,77,-99,66,66,-50,63,5,72,37,-5,20,-10,-83,49,60,-97
53,13,46,-3,91,68,-30,-80,-91,-28,88,15,-2,97,7,-72,-77,14,82,-6,-66,15,-72,46,3,8,-21,73,-59,-93,-79,-8,-34,93,-72,-36,67,-81,56,28,6,-84,72,96,-88,69,-30,-92,-31,-18,-20,-96,54,8,31,-94,-55,-22,43,-91,79,6,-69,-15,56,-91,-9,27,2,11,-47,39,24,-69,-36,-90,-13,-82,8,3,7,-6,-24,76,-82,82,81,58,-26,19,67,92,0,-77,-46,98,-59,-87,-82,-69,24
-80,71,-36,53,58,-22,89,63,-79,64,-72,-36,-99,12,51,-62,4,75,-93,-58,-21,61,34,-80,-42,45,-41,33,-31,-2,22,-70,-79,13,51,-52,-95,-21,51,-23,-72,91,97,-80,61,49,19,-70,-20,92,79,45,14,-5,-37,77,7,-90,-74,65,99,4,37,39,-83,-93,-61,47,29,-29,29,45,31,41,76,94,-99,-64,59,76,98,67,30,-87,33,-100,-21,6,-83,-72,-29,-53,65,-74,82,12,40,-1,5,-55,-10
89,20,18,-44,-48,71,-25,-87,-54,-80,-60,81,-46,28,-52,-11,81,18,40,87,-47,83,67,45,-11,-73,16,43,-69,9,49,-27,53,31,-13,79,58,63,-73,-36,86,19,-95,-36,-50,14,-38,-91,-69,20,-20,-48,7,5,-83,-85,-68,36,-69,-47,37,-10,-81,-30,72,51,-35,27,-8,79,-59,-30,-56,42,-62,56,-62,-9,0,-34,89,-50,-99,-88,-49,51,-23,35,79,20,29,-67,-58,-81,-26,100,70,30,-93,-38,97
-74,91,83,3,-50,-15,59,87,-100,-34,-27,-56,-21,-61,45,-71,-63,-2,-7,-95,-73,-38,54,-52,-84,-62,33,-68,-93,93,71,-43,-97,-78,68,-47,20,-86,-31,-57,-99,-77,-38,-50,97,-74,-55,76,-1,-81,-60,-31,-69,-76,-27,85,-26,-63,82,-20,-16,-51,-85,-36,-78,-19,8,-60,-88,24,-72,-89,-90,16,-28,52,-69,-99,87,-70,-67,-75,0,-73,20,91,-47,-65,-51,-37,77,-20,76,-26,36,-30,-78,62,23,82,-73
73,-62,40,98,16,-52,12,20,2,-71,61,88,-58,95,36,3,8,92,-25,32,51,28,20,11,24,60,-19,75,96,-5,-94,82,-35,58,-36,7,-70,71,47,-7,90,73,-30,-49,64,2,61,-74,20,93,-18,12,61,74,-53,-95,-59,-80,67,4,-50,-53,73,-94,10,-75,-10,-96,69,58,-68,-41,-71,-97,-29,36,-73,-57,2,64,99,-40,-32,-45,79,49,-41,-65,46,-85,-25,-61,20,-82,-85,-42,-2,59,-67,89,-88
-62,86,3,-56,91,92,-97,-82,52,80,-55,-45,-25,27,97,-26,-10,28,38,73,70,-46,41,39,-92,82,-22,-2,1,-77,-9,34,-81,20,-42,-100,86,20,28,-20,57,28,72,-41,59,83,-90,25,11,-63,-91,34,-21,83,60,-98,22,28,-22,53,-19,-70,-71,-18,-1,-92,-98,65,-42,-17,-27,-71,-84,79,23,95,-51,-13,-63,86,76,60,-74,10,14,-42,-39,-53,64,-18,-54,-94,70,-66,-81,12,-29,-97,-81,65,9
54,12,-58,-50,-9,57,14,75,-62,98,56,69,28,-3,-15,-49,-38,-79,5,-62,100,-60,69,-39,35,32,-10,-96,73,81,93,31,75,83,-15,-28,12,-31,-2,-34,52,-46,-18,100,7,-99,-44,-81,76,-31,48,-86,71,-40,-24,6,2,-61,72,-80,-21,-83,-67,73,51,-3,83,-20,-70,-41,14,9,-75,-31,-39,-96,60,2,25,-79,96,93,38,-31,-10,49,34,-17,93,-63,1,-79,-82,-56,-78,-1,-36,-13,-68,-4,-100
-22,-45,-48,-26,-16,7,4,-16,-78,43,56,-14,-39,11,-69,84,-82,-7,-30,-18,-42,-35,-42,-34,-39,21,-77,-43,93,-37,-49,30,50,-7,-72,47,100,-5,-17,-61,77,-72,97,-85,76,49,33,-53,-50,-33,-74,-33,-19,48,-34,-71,-97,89,86,-36,-80,8,17,25,-60,-9,97,-91,-47,-64,-44,-48,17,67,-98,-77,59,61,-86,2,-88,-56,32,93,-64,-6,-22,100,70,55,-53,89,-73,40,-94,-18,81,13,-93,72,26
-41,46,98,3,0,-96,-90,-17,-28,42,-58,-49,71,-75,-38,-45,-35,-35,29,-91,85,-99,-55,-85,-36,33,44,-3,-63,-52,84,85,91,38,63,25,35,-4,2,-87,-97,-69,-26,-95,46,-5,-45,58,-95,-3,100,-95,-100,-58,10,13,-65,-85,-82,0,43,-94,53,55,45,-37,-29,5,77,27,5,74,-77,34,-35,37,12,-41,0,-23,99,93,-25,17,31,35,-55,-87,49,-7,-94,-79,1,-59,-33,51,57,15,14,8,-14
75,-1,56,99,-52,-99,27,78,67,-98,-49,-2,39,-33,69,99,-86,-63,-70,36,15,-65,-78,83,-21,37,-6,-88,-90,85,-46,44,66,-90,-89,71,-5,86,48,27,98,-3,-61,-53,-73,-6,-55,94,69,67,-24,40,-68,-96,9,91,-29,99,76,-11,-3,1,-99,-57,4,-27,30,-67,-7,77,28,-80,85,78,28,18,-81,30,65,26,-43,-39,10,93,-26,-43,16,-22,65,-74,16,-11,-29,34,48,0,1,17,-62,-76,54
-12,-22,-42,73,86,-32,83,55,-8,-73,74,-86,-63,22,-22,39,8,80,11,-24,-46,-85,-22,49,-35,-76,30,-63,-62,-96,3,100,43,91,71,49,63,24,47,-76,-40,26,-87,-94,85,-21,24,95,63,78,-33,8,68,78,-49,79,-69,-67,67,-12,74,46,-74,89,17,18,-48,-36,-47,-88,-99,-68,-58,-96,99,17,-64,78,-40,-91,73,-51,-64,-54,-24,-85,12,98,-15,-32,44,34,-24,48,-21,58,-67,-84,2,-39,65
53,19,35,-38,33,25,-8,-9,89,38,14,31,24,-59,74,-44,70,11,-8,-70,54,58,0,-7,-47,97,7,-42,-85,-49,59,66,-21,74,-14,-48,-1,86,26,-79,15,-13,13,-44,22,-69,-32,-55,72,28,73,-75,-99,-87,41,69,30,-53,-77,-24,59,-91,38,-78,-87,65,84,45,22,25,-5,-69,-24,83,-10,-89,12,67,-63,-36,-58,-19,29,67,19,-61,-81,59,45,-94,81,-81,-46,-69,-13,-59,61,11,25,77,23
-31,49,-36,-18,-34,82,73,-5,-63,-25,46,12,65,44,99,53,12,-31,-7,23,55,60,-53,-63,1,-76,-96,-22,11,-83,-16,-99,-51,-18,74,94,-31,27,61,-91,51,-44,73,79,3,-7,-8,-76,-28,-59,56,-53,-35,7,-27,-63,36,-28,-13,28,77,-82,99,-26,15,-39,-41,81,58,52,-80,85,-50,-96,-79,37,-97,-82,-92,73,-14,81,-35,-15,-63,-81,54,17,-53,58,-61,-15,60,-95,25,82,90,-13,-60,82,-45
-19,80,69,-76,88,-68,-100,-62,-51,62,82,-82,-55,4,-27,-85,-44,-18,86,-6,-27,69,-74,48,38,45,38,-31,-9,42,88,4,88,82,-63,77,-7,32,-78,20,59,68,37,81,91,55,48,73,-24,3,98,6,-70,30,-40,79,-100,-49,-63,78,63,-59,96,0,41,-31,-39,-44,74,-62,49,99,-53,-76,97,-2,-89,-85,-77,94,7,59,23,15,26,38,-73,96,79,28,-91,-21,-89,-60,-95,88,38,64,-7,-33,-3
47,-84,-72,50,-90,-66,84,-23,-63,25,10,-39,32,-54,72,38,-92,85,71,10,-69,-85,65,97,100,43,95,58,98,-33,-76,-65,-88,-78,-5,86,-34,-13,-6,-58,-6,-79,-99,-2,85,-82,-4,-40,53,87,58,19,82,-91,-16,48,-73,63,-37,29,15,80,-57,11,-13,36,83,-81,48,-7,8,-69,-43,53,-63,-6,-54,-91,-77,-50,44,-71,-30,61,5,-45,-33,-2,98,-95,53,73,88,8,-76,-58,-70,-33,-6,74,89
-1,-70,-96,-46,10,72,72,88,34,-90,-59,92,81,-96,40,-37,90,55,54,-66,44,70,0,77,13,11,24,-15,-79,63,71,79,-46,5,22,-32,-67,13,34,-7,11,73,71,-92,-93,11,18,-48,37,4,-92,61,92,43,-80,-93,-77,85,25,28,99,11,-14,-33,-4,0,-95,-79,-28,38,-18,4,7,-20,2,20,-87,79,-68,66,96,44,-46,-100,-4,-54,-96,68,5,86,-60,-32,-74,-86,24,92,8,81,80,-73,19
96,55,-55,87,6,-4,39,-22,-59,-20,18,34,80,32,92,-6,-71,-62,28,-73,-66,-19,62,46,-43,73,71,25,-82,-6,-56,-62,-9,-31,39,56,93,-47,34,94,-57,90,-48,12,-58,14,-6,36,63,-44,56,77,34,-69,-87,-68,-10,48,87,72,-10,-1,41,23,85,-63,-55,86,-60,59,83,96,35,-35,-55,-94,-19,52,-32,-34,-54,60,-18,11,78,-47,87,-13,-44,62,-6,-25,-60,-39,-71,-36,-90,14,5,52,-25
-67,-37,73,-16,61,-20,-86,-50,-18,21,61,-60,13,-41,-99,18,95,-44,13,-79,3,-19,20,-90,-82,31,74,72,-40,35,-45,95,91,5,-58,26,-3,99,-20,21,-88,68,19,-92,-81,94,-94,88,-85,-84,-12,30,21,-27,80,9,60,-46,82,68,-49,69,-77,-100,77,30,1,7,-4,-79,89,-39,68,100,5,-30,-2,-86,44,-66,23,75,-45,68,-90,-63,56,97,-81,-96,66,59,-3,51,3,17,38,-9,-85,2,48
33,77,-95,-49,-4,90,-5,8,-70,-90,-29,-38,64,53,100,-42,19,90,-14,-74,24,-23,84,-88,-68,-93,76,95,-96,-11,99,88,4,-100,-63,-76,-71,-38,-19,-61,14,-99,68,-87,1,9,-66,52,23,-83,-11,23,61,22,-74,5,-52,62,18,-3,-81,-35,-72,7,-88,38,-67,61,35,64,-15,94,-44,-51,23,1,70,-58,-11,-75,-79,-82,34,-11,81,56,5,-18,35,54,-62,-4,-76,83,89,-16,66,-65,-18,59,45
67,-82,-38,-12,-36,40,38,-42,-23,-28,-91,-92,-21,52,4,27,27,92,-14,-30,51,40,35,-6,-26,71,24,85,-52,-98,24,-76,76,-42,21,18,87,-23,23,18,-89,20,8,50,65,-61,90,84,-55,40,72,94,-92,-54,49,-5,-66,69,-85,-58,72,-34,55,-49,65,17,2,-99,32,71,90,-71,-65,-53,81,-29,-1,-63,-2,-40,5,-5,-78,-15,-38,-46,-66,35,-17,-22,11,38,90,-78,2,99,94,-27,72,57,31
-45,-12,72,-17,5,-69,60,-75,29,0,-74,57,85,-100,42,-14,-70,2,-56,-90,-83,-86,-24,-44,19,34,-34,-23,-69,61,42,38,6,31,-18,54,-30,-95,-68,16,75,85,-62,42,-55,41,-6,63,-49,-96,74,-17,-6,-86,-55,92,-48,19,58,-25,-46,24,-49,77,55,58,-64,-68,2,29,85,-45,-59,-52,-41,38,-66,-55,-12,-37,60,23,14,66,-86,95,81,59,87,31,-79,-16,24,-55,-51,-63,65,99,35,-79,70
58,-1,76,32,40,45,-95,-59,50,28,-30,83,-85,21,-32,-77,78,-61,0,18,64,-23,-20,-98,-87,72,-42,-58,42,3,-63,56,48,44,92,-37,37,75,-9,-60,-94,77,-8,-31,36,49,-40,-44,-14,-96,-83,48,-85,41,40,-14,32,-49,83,-71,73,66,-15,-70,14,82,-94,56,70,37,18,44,-74,33,-40,-10,51,-27,73,-79,97,95,-2,47,-40,-41,39,93,36,77,-53,-11,90,46,-29,-43,-6,84,-61,84,90
-22,-72,51,94,-49,32,-59,-9,59,5,15,55,-58,-48,-86,-27,59,58,-62,10,79,77,77,-52,-35,40,-79,-16,-11,-17,70,68,-7,-14,82,-89,19,-27,-61,38,42,78,-6,73,-29,-42,-5,64,71,13,-56,-65,23,-82,33,-14,55,41,-74,-98,-39,64,-77,-63,72,-33,-89,56,67,63,85,-57,40,-31,80,41,-61,32,-3,-16,6,67,0,87,87,17,41,-86,-34,-87,-100,-100,-32,-21,-44,-32,-73,-28,70,-33,-44
-32,-66,-68,33,-66,-68,18,47,-1,-21,-71,-62,8,-50,-84,-31,-21,57,-85,2,-97,30,37,-5,89,65,29,98,-65,16,-43,-42,18,66,-58,49,-71,-29,45,22,-15,-58,-74,-81,-97,-54,98,81,63,-72,-94,52,31,-77,-30,-21,29,1,-47,41,-66,-89,-56,1,41,28,93,-6,32,16,-51,-21,54,33,-49,16,-95,-19,35,-95,-19,41,96,-98,85,98,5,-21,16,-12,82,67,-69,88,-31,41,44,66,58,-13,38
-61,-40,-73,20,-45,-82,-81,-34,38,81,-63,23,4,-31,24,-91,56,48,-62,-7,87,-63,51,83,-79,-31,22,-44,6,-88,92,-83,-69,-62,-69,95,92,-54,-10,23,-82,-41,5,38,81,-93,3,95,33,-71,83,59,31,76,20,-39,35,-58,83,-44,100,-14,-68,54,17,93,46,34,-55,-55,-60,72,5,72,-5,57,-86,-4,59,86,-88,-69,-7,46,-68,25,22,-98,-57,13,39,-22,-68,-82,95,-42,-16,-88,82,-82,-45
-90,-97,34,-46,62,24,-43,83,22,4,-47,-37,-69,-17,-8,10,-63,-53,-24,39,-35,-92,39,57,-75,-65,-4,89,-69,-52,65,96,86,-62,-29,-59,59,-30,-54,7,7,2,-28,-32,-48,28,13,-10,-86,52,38,8,32,-4,-37,-64,-40,59,-66,-95,58,76,-53,54,-53,-96,-9,-24,0,80,-95,11,-47,8,-92,55,44,86,-35,28,51,89,-48,50,-71,46,0,77,91,97,28,-86,35,-19,-31,-68,-90,-53,64,-82,43
-14,58,23,-32,-59,64,-35,-15,67,-96,-91,-52,6,30,-87,-62,48,-14,-5,85,36,34,46,-33,-80,-95,-69,-77,-3,98,-62,98,-78,-78,-28,60,8,79,23,36,-21,-9,81,-13,-84,-21,40,47,70,-37,2,-78,30,-88,-17,55,24,37,36,10,77,-44,34,-98,-73,87,40,-59,18,73,-39,-23,-13,76,87,4,72,-25,-18,29,32,77,-18,98,-80,-19,-86,11,73,58,-1,-79,-94,41,-14,-76,-64,-7,5,6,-71
-33,-97,5,-19,83,68,100,17,21,24,-12,96,-61,62,-13,-48,10,-83,15,-84,79,81,-43,75,-24,-42,-53,-20,12,-37,-10,-17,91,16,-50,-40,-20,32,80,48,-63,-13,86,-78,-35,31,-90,-48,-83,65,97,-74,-100,-28,-43,49,54,80,-100,80,65,79,6,82,74,-36,48,-35,-19,-7,-85,-77,39,28,31,-91,69,48,-4,27,75,-56,-49,70,84,5,10,-41,-20,36,94,-38,-4,-84,-89,-6,21,97,-65,52,-60
-76,-41,-89,-100,-93,81,-81,17,-58,-90,-91,10,80,-33,4,45,-75,10,-39,-99,55,-44,64,29,-60,-50,-44,22,68,-46,50,20,5,47,86,-54,-81,-46,71,-76,-27,26,12,-41,58,-96,40,93,1,-95,-37,-89,41,-51,-79,34,27,-88,-39,8,71,51,46,-18,0,-59,-39,-80,3,-90,-25,72,41,-53,83,43,48,81,61,-41,98,47,-26,-37,14,39,10,34,66,38,-52,-55,43,-71,-37,-37,-12,-20,77,2,-62
-86,-69,-7,88,30,34,67,-62,-100,-71,-81,-54,-67,92,-18,-59,100,4,-32,29,53,-98,30,-85,-61,-83,-47,33,53,-1,58,-42,-79,-94,23,-45,35,-97,-23,-30,-39,63,2,-25,63,64,89,7,5,39,13,87,87,-79,68,7,-78,94,-70,-41,-100,-92,-59,33,15,84,-65,28,43,-65,21,9,44,-56,-89,-20,-95,-87,51,-96,-56,-60,-19,-74,-79,-59,-9,-98,13,-65,-86,-64,-29,53,-86,-15,48,-74,-22,83,-50
87,-80,22,-27,72,20,18,-32,15,-10,-55,-14,8,-13,63,-75,-25,49,-67,75,-97,38,40,-64,-46,47,-35,16,69,19,54,-49,60,57,-48,3,-69,21,-1,62,98,-80,-15,9,2,59,39,95,-7,-13,-65,-56,-87,-16,93,-84,100,5,90,1,-9,91,-28,-92,2,18,-98,-95,-14,83,78,-44,100,38,38,-27,30,-88,-43,-33,-87,39,-26,-59,-44,32,-19,-89,80,86,98,-54,-11,-28,99,82,-78,-75,34,19,-60
15,61,-74,48,34,73,54,-41,-8,82,-96,-78,-19,-15,32,-52,-31,22,100,-17,78,23,44,-48,4,-60,99,-50,3,-93,5,-52,45,-70,3,88,52,-50,-62,38,37,35,37,96,88,-87,-83,50,37,-95,-99,-80,42,-54,37,-5,30,89,93,70,-61,-33,28,-6,-79,-54,-53,53,-10,-53,16,-6,-65,58,-9,-9,-39,-97,-58,49,22,36,-96,79,-34,33,55,23,-92,63,-79,-46,12,26,-46,19,-85,32,-47,-16,11
96,-24,-61,-46,62,-10,24,49,-84,35,-11,65,51,-1,-82,-91,25,70,19,-44,64,-79,79,-1,82,25,-92,36,-38,43,71,100,0,-22,40,-54,-61,0,59,82,93,85,-27,-22,50,83,21,-51,52,23,-57,-27,80,-97,60,69,-82,-86,-20,83,-36,-92,58,-57,-27,85,-12,-10,-80,42,-86,9,-38,25,-49,-63,-30,-30,32,85,88,-69,-73,71,5,27,36,-29,-55,84,43,-83,63,-83,35,26,6,30,-99,-69,-92
37,-93,78,13,9,-5,9,-97,-50,93,-29,38,24,42,-96,-16,76,-56,89,78,-74,-18,-35,81,-64,65,37,5,-98,87,-5,62,65,85,94,47,-55,-4,-5,-2,-79,77,-13,28,95,17,60,-14,45,-80,20,-29,66,31,83,40,8,-59,-77,68,-91,25,97,33,-27,-84,17,-88,-65,-50,78,85,-83,69,-69,-5,90,58,-94,74,-18,54,-59,-84,30,86,53,-25,84,86,-28,46,22,-23,99,-4,35,-3,61,-79,51
57,-36,29,8,28,-69,-26,-33,-40,56,-70,-79,97,-30,65,-80,24,35,-29,-62,10,63,-16,-93,-80,-22,76,-14,-21,27,99,-67,-53,88,62,45,-69,53,53,-92,-25,10,66,-13,12,-29,-36,58,-90,47,68,5,86,78,-100,-50,13,-23,-69,-50,78,83,81,-18,27,-60,-47,10,-28,-38,4,34,-7,31,89,75,65,-7,33,-63,-66,94,2,80,-57,23,-7,5,74,-9,-57,-99,83,84,-85,64,-3,2,34,-82,-2
42,95,-78,41,-26,16,-42,10,2,50,-96,76,-54,78,-72,-34,5,-32,77,6,-75,-62,7,-3,25,96,40,8,-5,-27,-98,7,23,5,71,-45,43,-46,11,87,91,98,39,-42,-83,-56,-25,-51,68,17,72,13,-59,0,-30,-58,56,81,15,76,65,92,38,-99,-52,81,-13,-25,53,-73,13,-72,-100,-53,52,8,23,-52,30,57,92,11,-68,2,-40,52,-90,-39,-14,-94,40,27,-23,-58,100,-46,-11,89,55,-75,72
21,78,-47,-51,83,-42,-74,23,33,92,2,-57,-96,-6,48,-49,74,75,8,52,21,-46,-38,46,85,94,-82,93,-31,-91,-76,-54,-91,37,99,-86,-62,7,-51,64,-95,-35,-62,-19,80,67,32,0,76,82,-55,27,-50,-2,75,-22,-29,35,-26,-97,62,-46,-38,-10,-66,52,71,-77,15,-44,-98,63,35,-3,38,-31,-2,13,-86,10,72,-25,-41,-68,-1,16,76,70,15,-66,-47,-80,-97,1,67,-42,-22,47,40,-82,-36
60,-71,83,15,40,55,-38,-60,13,-19,58,15,-40,-64,69,5,75,-62,99,6,-34,-36,25,67,30,85,-36,88,59,-23,21,7,-41,-93,-98,81,-17,5,-54,-81,17,66,16,-47,-60,-32,-1,-40,72,36,-23,64,87,-61,-74,59,88,64,-42,44,36,-55,-16,-62,-46,55,-79,3,94,-68,-58,30,-18,6,-79,-85,-44,-71,52,73,97,87,-52,-87,-28,-55,60,47,-81,-38,34,-14,32,90,-35,63,21,-88,7,38,5
-21,-16,-57,89,100,-78,-63,7,91,26,-91,-30,-59,-16,96,53,7,46,-67,21,-18,-92,-18,30,68,28,-100,1,-31,-24,-36,-50,7,-69,95,63,-54,-93,-27,-46,54,-6,68,47,89,7,56,19,86,67,-9,-80,90,59,-57,57,-17,-93,-3,83,-59,-60,-85,-34,-24,84,44,-29,47,50,-34,-16,8,38,-63,-99,80,-1,-90,-77,-51,2,16,51,-41,44,-24,-47,98,-16,64,58,30,78,-30,-92,-100,93,-96,38,-94
0,-91,42,-42,32,-15,58,12,99,95,-37,-10,12,-93,-46,-5,92,-60,1,-86,-80,-88,-42,35,5,-47,30,-1,23,61,50,-93,-34,-36,97,25,16,-31,-39,-5,-21,53,-64,73,27,-47,-79,-6,16,-40,-8,-58,75,50,99,83,38,-53,22,-28,-13,28,-81,100,-2,-99,-52,64,97,-55,-66,45,62,-36,91,93,86,-38,-96,-13,-45,46,-35,-52,-62,-91,-57,99,48,6,23,100,-49,37,59,-26,13,-38,71,15,-100
-66,54,57,-11,100,96,-35,-59,25,64,-78,0,-78,23,90,-67,-30,56,26,-76,10,66,35,-73,85,-71,43,-54,-48,8,-64,-74,37,-4,86,-11,30,46,77,-75,83,86,-89,-27,-86,20,-63,-74,-7,-14,33,80,-13,49,24,41,67,-54,-47,84,-59,43,89,-37,-92,-11,36,-80,-19,29,-98,75,-68,-77,84,99,26,11,-68,72,-65,58,76,40,41,3,85,-33,72,31,-93,-28,75,-44,-95,20,22,-24,16,56,80
-48,-82,-20,-1,92,-30,-33,67,70,-63,39,-60,-88,93,20,42,46,-14,-9,-90,-30,30,-12,85,-59,9,60,-91,-92,-55,-47,-21,-61,68,85,-16,49,-9,79,-70,-40,68,-96,-19,-30,7,73,-42,-88,-40,-56,19,-8,-34,-70,-41,20,27,29,32,-16,-10,-53,-65,98,-72,22,-100,-17,-71,3,-22,52,95,88,100,-56,-58,93,40,-4,-6,61,10,90,58,-89,-10,-82,36,-38,87,10,-71,92,24,-42,47,-99,96,-87
97,-58,-6,67,-76,-47,46,62,92,-72,90,-8,-70,26,14,34,86,42,-84,50,-65,30,-14,-36,-17,84,-45,-62,38,-38,60,-14,4,60,-63,-83,-45,-58,15,80,21,3,-54,75,23,70,-81,-9,55,42,-73,-44,-81,-34,79,-34,-52,50,-58,39,-42,-16,-3,97,38,-3,-85,3,27,23,-21,-68,-63,-85,56,44,97,38,24,-55,94,79,-34,-59,89,42,59,59,77,-99,21,81,27,-69,-9,10,81,-59,-34,84,34
-33,-99,25,33,-47,0,-49,-18,-20,-13,-17,-30,-50,49,47,74,20,-84,-87,-37,57,-5,-81,-58,36,88,-21,76,35,-30,0,-52,-71,-76,-39,40,-31,-27,-51,-34,-11,-90,-42,88,-41,-67,18,-78,-52,78,-91,-36,75,-49,31,-40,61,92,17,-5,18,-32,13,-16,-86,-100,-55,-93,-43,-84,41,-58,10,65,-43,-83,-71,-78,-9,50,76,-21,-55,51,-74,-98,-50,-89,5,42,30,-98,-97,45,-4,-97,-63,-71,70,-63,-16
69,57,-11,-72,89,-5,2,5,-26,-24,-97,-66,53,26,-58,32,-44,26,-51,-61,-56,44,-24,63,-23,-4,31,-70,-53,-29,2,-56,39,49,-81,34,62,-26,-37,-52,87,-14,50,-95,77,-74,-100,-73,-19,-63,-85,-47,-50,-52,-35,-25,-90,2,-44,-56,-31,11,-77,93,-93,-73,82,64,62,44,-78,73,46,64,-17,-29,-82,26,-74,36,40,-28,-23,67,12,-34,100,94,-3,-22,-63,-89,-21,17,-71,-36,-45,70,70,95,42
-53,-97,50,-71,-35,39,60,-30,-48,9,-57,93,69,-10,90,-20,18,-49,95,98,-76,-33,13,45,-18,-56,33,-4,-22,-93,60,-94,-74,-14,55,66,97,-80,14,-37,31,19,-42,92,-53,-61,-13,12,27,-97,-36,44,-73,-30,-12,78,48,64,22,-70,-6,-90,-76,34,14,88,-18,-4,-44,78,28,-2,21,83,-10,97,85,-63,23,98,60,-71,-84,-77,38,-45,18,-63,9,-33,-13,-24,22,14,100,28,-54,45,-33,-46,64
-83,-60,73,52,94,-82,-93,72,81,70,59,-39,94,-100,73,-44,-45,-66,79,-93,-1,65,72,82,-75,58,-30,-3,75,-41,70,-36,72,-37,1,42,-50,-85,42,49,-41,-86,-69,1,-40,18,60,-16,12,-44,76,-87,-15,-36,-39,39,25,-38,-93,9,-63,97,-42,-87,45,-93,-51,74,43,-18,-85,-57,-47,-46,-6,40,88,-39,21,-59,-88,100,-61,92,81,33,-29,62,-79,18,-50,-59,9,-43,-81,-53,22,-54,-65,-97,-7
86,74,44,-74,26,18,-48,-1,-42,79,-64,79,61,-88,39,-90,-98,15,8,-26,-70,25,-95,51,49,-63,-76,89,35,-89,33,84,84,-29,80,-43,-27,25,-56,66,-62,84,-27,70,-29,33,68,1,-96,-14,-5,13,-96,35,-85,27,28,87,66,-14,-20,15,49,-82,92,83,15,21,-24,-29,1,4,22,83,-86,73,-57,-84,47,97,7,-79,-53,-95,78,87,-57,69,-91,-85,-16,15,-3,76,-58,39,30,-24,99,-27,-70
-60,31,57,-34,-98,-83,43,68,26,42,26,31,2,-96,34,86,-16,-54,-7,39,29,-98,75,98,-61,-28,-2,-88,21,-14,26,99,-87,-91,58,-20,62,68,-25,-39,20,-67,94,-80,4,-100,-20,85,-9,49,36,98,74,-49,-20,3,-68,7,-90,-70,29,99,-41,-84,-44,-57,-9,-44,18,78,-55,-47,-69,99,-96,-82,-83,60,-18,-74,68,34,66,-49,-73,81,21,-67,-93,-93,-92,14,13,76,-74,-56,85,-33,47,-10,91
20,-95,86,-67,-15,64,58,-51,46,-62,59,-83,-39,-76,40,21,-91,-22,-25,-28,96,97,0,-95,93,39,-83,-3,22,-21,-29,26,40,-80,-42,-6,44,62,-33,-6,-55,-98,14,46,-23,-1,-33,-33,82,-21,83,-14,-51,40,25,-59,-59,-67,-93,-47,-20,-68,14,-80,-61,59,96,47,-28,85,-66,-22,-94,59,-17,33,-87,23,97,-43,-54,66,21,17,-69,11,-16,94,-60,-18,40,-32,-78,20,-46,-85,73,25,64,72,35
-60,80,95,-83,41,-49,74,67,-30,-57,-40,-80,-81,62,51,-24,17,68,7,-32,91,46,15,-37,-100,5,47,40,27,36,48,-83,-93,-95,-34,-15,22,45,93,-59,51,73,-76,-40,77,75,34,-75,70,-50,-16,-46,-97,-76,70,26,65,38,-40,-32,-65,88,68,-4,70,-85,-61,-54,-90,21,-60,82,91,-18,35,33,-28,23,50,57,65,4,-79,-88,-9,19,-17,-77,76,2,-1,-54,19,-49,-23,73,-93,-16,12,-6,-39
22,-5,88,-28,100,-96,-70,-49,89,62,-15,-75,20,84,71,87,-87,-52,50,55,67,1,-36,98,67,-60,-36,85,40,28,-5,-71,49,10,-41,40,79,-21,27,-29,-97,27,89,-11,27,2,-15,61,-50,23,-49,-84,71,7,-19,-88,-56,-4,45,52,100,88,95,-27,27,2,32,50,45,-36,-85,-8,-46,93,65,29,-34,54,-47,4,20,-31,-3,12,-19,-88,-31,-55,78,50,-74,-80,87,-52,-67,-75,-4,1,-61,24,18
-36,64,-64,-99,-38,-32,91,-87,57,-32,-96,50,84,24,-75,17,29,76,-1,60,54,-49,96,10,-69,-46,-63,-64,42,76,-53,80,88,-37,-51,70,-5,6,58,56,-80,90,87,-70,5,-31,67,-19,99,6,-85,6,85,25,94,65,74,28,51,-64,46,-88,84,88,-35,73,49,-30,94,-99,-85,22,35,20,-44,87,-10,48,-85,29,-6,62,92,-3,-47,1,-63,36,59,83,32,-81,21,-1,-21,27,-87,-38,59,40,-63
