-71,-17,53,-63,-44,86,-100,-53,86,72,42,39,-39,-68,18,61,-38,28,41,27,83,67,19,32,29,-61,-35,45,28,-34,-15,80,28,-8,-83,17,-72,-22,16,-49,92,53,88,-83,28,19,13,-57,58,-18,65,18,-69,-93,-36,-39,48,13,43,-25,46,9,-83,-56,-60,-6,-77,44,-51,51,-93,-45,-22,36,46,-30,78,46,-72,38,14,-45,27,36,-24,-94,-35,-38,-92,-56,-54,-47,-9,-89,21,80,-29,-77,-39,-88,-13
67,-70,-80,-40,-38,-87,84,72,100,41,79,-10,-49,96,88,30,-35,93,-24,34,-14,15,-51,18,68,66,-62,53,-28,-10,15,-97,-76,-54,-62,28,63,66,60,8,44,77,34,5,-39,-43,28,97,-7,-66,-95,-87,-77,62,-48,88,-86,82,-27,25,-62,20,-44,11,-55,44,-46,-90,25,-85,83,-48,-58,-7,-48,92,-79,44,-11,42,-92,90,7,12,21,32,95,-34,48,-8,88,-10,6,-81,-78,-83,77,18,-15,-64,-97
-75,-7,-21,-65,-17,-46,-86,13,-84,13,-7,67,-56,5,-65,85,-59,-2,-16,-47,12,-17,-91,15,-96,-77,20,64,71,70,-44,18,-54,-62,55,-97,20,67,68,25,-19,53,56,71,-88,61,38,-63,41,17,-22,67,64,33,33,-82,-2,42,17,79,76,36,9,-14,-45,-61,-33,-25,50,42,-38,72,-53,-22,-23,-18,91,17,64,73,-83,-56,58,-32,0,-27,-15,66,6,25,-56,31,12,-22,89,-44,-64,-33,97,-92,97
97,56,-90,24,-38,-37,7,-21,-61,-60,-6,69,71,52,-8,-33,-18,-1,12,17,32,-11,49,11,36,-6,-27,73,21,45,37,54,-47,-9,4,21,67,-87,81,46,-49,95,31,43,-77,72,-69,-8,19,55,-52,62,92,-51,61,-49,77,-47,85,-44,-19,21,-49,-41,18,38,86,-77,57,33,59,-71,26,22,-38,34,-100,-8,-71,72,-12,100,-50,95,96,16,20,-13,-27,-43,90,-89,-58,-48,78,-6,98,28,-28,89,98
-15,64,-64,68,-93,48,-56,35,-19,1,-13,66,-17,-29,38,-37,-92,-48,86,-94,-70,37,-60,52,-97,47,43,-31,13,-35,36,14,54,-11,-74,-46,18,-39,-19,55,-18,27,-2,32,70,99,-99,9,-100,38,55,33,-82,22,0,64,-53,-58,-21,-27,88,-51,-40,57,-78,-58,37,61,76,-39,93,23,99,-64,99,16,8,36,41,-94,14,-54,7,72,-92,33,54,-3,97,20,-74,-16,-62,2,-54,57,-67,47,-50,-69,95
-61,-51,-55,-100,59,-91,-24,29,18,7,-85,71,79,33,15,12,69,40,-14,89,-80,46,28,-76,-68,73,-93,-51,48,-81,70,-7,-85,36,25,85,-95,-11,3,44,-52,-9,-99,-68,15,-2,80,-21,95,-31,-26,30,-19,-68,31,-44,-30,-52,-16,-93,94,71,5,42,31,77,-31,-95,-32,-57,-68,40,3,67,-100,6,81,-17,58,-42,30,62,0,-74,35,98,-22,44,-82,-8,-8,-24,77,-31,-64,-73,-36,-75,-67,-79,-80
-70,26,-36,-9,44,65,-31,90,42,58,57,67,-91,56,-32,-92,-53,35,67,-45,5,-28,-9,7,-77,-37,50,-45,-28,12,44,75,69,-82,-41,95,-98,-78,75,85,55,-73,59,-20,-55,-52,-58,-8,-55,41,-80,-6,21,93,-4,-59,-47,-48,-97,42,98,16,-23,48,98,-56,70,-23,-95,99,94,-71,77,-5,47,-42,-75,-9,-5,-15,32,46,-35,-66,50,-90,-56,-62,-48,-34,8,83,11,-59,-46,-88,-17,67,35,-82,48
-28,-90,48,60,-15,40,-15,47,81,12,7,84,54,70,-26,41,82,84,-11,-35,-80,45,-13,-49,-23,-59,-91,2,83,90,1,-88,-62,-82,-59,47,48,81,-11,-23,26,-8,99,-12,3,-94,4,-26,-56,1,88,-30,-4,-57,60,-33,56,-42,-44,42,-28,-57,30,77,-45,-91,72,-5,-79,77,65,74,-22,34,53,-6,68,10,-38,97,-69,91,-80,-3,12,67,-66,-23,2,-95,-28,-76,-17,-55,-39,-22,93,29,20,38,11
45,-47,-76,48,57,-8,88,43,53,-70,-83,1,26,-69,52,25,-51,73,-75,73,-1,-81,-70,94,-84,89,-60,-1,18,-76,13,-15,-27,7,-75,-92,-20,51,-5,89,80,35,-83,3,-98,-57,96,39,-55,19,-4,-23,2,91,-32,27,4,-10,-2,6,-57,0,-99,5,1,20,44,55,-62,82,-76,-73,34,-98,20,-33,87,-74,93,48,36,-56,63,-27,-41,73,-50,21,8,46,24,-71,-15,-73,72,-49,-8,-7,-3,82,36
70,83,-40,-45,69,61,8,45,-78,45,82,57,69,-17,32,-6,62,74,-45,-97,-12,-2,-49,-96,67,23,-55,9,30,79,84,95,-50,-19,-97,6,36,45,75,14,-30,38,-47,55,16,-12,79,55,27,-88,59,81,-15,4,-74,-60,23,-15,81,-18,13,-56,40,-9,-37,-45,-94,78,-50,24,-73,-51,13,32,-88,45,96,49,21,17,-45,98,-90,-72,78,61,-59,49,22,-45,-36,42,64,100,-27,-70,-58,-22,91,-12,-30
50,75,67,65,-97,83,-84,-78,30,-73,-89,-62,-100,96,21,-84,-11,1,62,79,51,69,54,23,85,95,-9,51,-87,33,-73,-11,52,-76,10,-41,-6,89,85,-45,96,-84,98,33,-3,-74,27,-50,69,6,91,31,-63,71,-49,73,24,21,15,-26,52,-53,-50,60,-9,11,41,51,79,77,-44,28,-40,34,-27,-51,-82,6,-61,-82,40,30,54,25,80,-44,-17,-93,25,-89,-82,69,68,-60,-80,51,71,-51,-74,94,-66
-95,-15,-56,15,-69,37,73,43,-61,-29,-7,22,-98,-37,84,71,-65,-46,-36,10,43,-91,78,52,16,97,-24,-91,-21,74,-57,75,-21,-81,-68,-20,25,-53,31,-55,64,63,-27,60,88,-98,-76,-68,97,25,-94,-55,-70,94,-69,91,86,11,56,77,55,-64,-81,-93,-44,98,-50,-21,-80,-15,-5,-10,-16,-72,63,52,-65,-30,50,20,17,52,6,63,81,-15,-40,-76,-24,-75,100,-76,93,35,-79,-73,-88,64,-21,-62,76
-12,-68,-14,-21,-3,31,70,90,56,93,11,-27,-87,47,71,82,37,-46,-99,54,71,37,-4,-19,23,58,25,-24,35,67,89,-20,32,93,-80,-37,100,-95,-75,76,34,-31,-98,-95,-18,-91,72,-5,-49,22,-58,49,-57,83,90,-90,-52,-80,2,-54,42,100,52,51,83,27,47,-8,-25,96,16,-10,-18,16,-20,30,4,-47,-73,94,-1,71,62,-1,55,6,28,75,85,56,9,0,84,49,-6,-14,-42,-40,-6,-89,-21
-22,33,-43,-89,-8,-83,76,50,-68,-36,-7,-5,-96,48,-62,13,47,-59,5,-69,74,-43,23,92,37,-89,1,-44,-8,95,-63,-89,-92,-37,70,87,54,60,44,88,16,-75,95,-73,-88,-59,-46,-70,-32,54,95,90,90,0,89,-30,-48,40,68,-1,-62,96,-39,30,54,-4,43,41,-98,-93,14,37,8,-96,60,24,51,-32,-83,-44,63,-11,-54,-37,0,-92,-13,92,69,79,-23,-24,35,-82,11,64,48,85,-47,35,7
87,-5,75,22,100,-54,14,-27,25,95,-69,-1,77,71,29,95,-97,36,14,83,-91,73,-41,-10,-61,-35,3,-5,26,91,-76,-93,-89,-20,49,-89,76,-55,92,-44,-22,-74,48,-8,-40,-82,-73,-28,-9,13,-65,-21,-27,-70,53,-52,85,-1,-100,32,97,-39,-76,56,-6,98,-4,-33,19,17,10,41,-60,6,-14,-5,-87,-4,-71,42,47,52,-67,-81,-21,17,38,1,-15,-62,81,53,40,14,9,78,-10,90,28,76,27
71,-80,95,-85,79,-32,52,-5,-36,32,-11,43,72,6,66,27,-43,15,-94,37,-65,58,46,32,-69,-43,-13,-33,79,-100,26,-32,75,-98,98,-88,-69,65,-6,64,75,69,85,96,-64,-4,-78,-75,92,-17,47,-30,-88,-63,-7,22,71,60,24,59,-51,68,-57,-80,-18,-7,12,45,-94,50,-15,-64,-22,-96,20,42,27,51,-35,-21,-9,-41,60,43,50,-4,16,-4,-85,-100,-77,100,86,15,23,-96,-72,-66,-83,76,-48
-31,-42,-2,11,42,-17,-95,62,-92,-84,-95,91,0,-21,54,62,60,-12,9,-72,76,-51,63,44,-37,-16,77,11,-64,12,-17,3,76,33,-19,82,6,-11,-90,-76,97,-4,1,15,40,15,-6,93,53,-46,-62,-62,-28,2,-27,-96,2,-60,-1,59,-89,-34,-34,34,36,10,-61,-66,25,-75,-58,41,-81,36,94,32,-70,-36,-95,-48,6,-12,-6,47,-60,-23,81,-93,-50,-87,-31,-60,71,71,-19,-28,95,-32,-8,93,-89
-60,-86,-97,-79,64,35,36,-99,43,-33,8,-4,-69,64,85,52,-90,-95,64,50,-28,45,64,-97,-88,92,43,-29,34,-67,-89,-80,19,-42,-83,-88,-8,34,73,-29,-10,45,-99,-24,-85,39,-77,-50,-19,82,94,11,-4,20,50,53,93,-29,81,25,12,62,37,42,-66,2,-31,27,-63,-92,88,-88,-39,64,83,-15,34,38,-94,67,57,-95,32,11,48,43,-88,-91,19,-47,61,88,-98,69,72,-62,4,7,-55,-52,1
21,39,-46,91,-21,97,86,-70,31,18,30,-25,22,81,-23,-91,13,-29,98,-56,-96,25,-25,-78,48,70,27,99,-79,0,35,-43,88,-42,84,66,-26,24,48,81,-39,-94,-43,-40,74,67,1,39,-20,-31,-2,24,11,33,39,-7,-40,-69,-88,-31,-2,-35,33,100,29,-96,-19,64,80,53,63,-11,-64,-70,97,-99,96,72,43,57,-65,59,73,-18,45,5,-8,90,73,28,54,73,-56,8,72,14,25,6,35,9,-29
26,-38,99,2,-18,28,-62,38,-43,-99,-39,60,-87,45,-80,-75,5,82,-64,54,47,47,-20,56,69,-60,-77,91,-77,-3,-30,12,22,-51,7,100,98,-28,-42,-37,-71,28,-35,63,29,-53,-62,-98,-64,-98,10,30,-82,-46,16,-17,90,-90,60,12,-42,-13,-83,59,-67,19,85,-87,-89,14,14,-97,-84,67,-23,-20,-84,-48,-88,-54,32,-74,-63,71,37,62,50,57,80,-55,-90,79,-99,-10,-60,-97,40,64,-21,22,-92
-57,-31,-59,72,10,0,-98,5,-50,-61,33,-66,-20,9,-58,38,-21,87,-98,-91,59,55,-38,45,-69,95,0,-51,-12,-17,-75,86,-46,-74,41,82,60,-91,-83,49,-50,59,-8,-68,-36,36,23,-94,-32,-18,-34,79,-21,35,-51,81,-54,61,-83,-44,81,41,-96,-30,-14,23,-8,5,-70,-49,-91,-34,-99,-53,16,71,-18,98,83,18,-54,-98,9,13,-27,70,-75,-20,20,42,-99,-84,-74,-28,-41,30,6,83,-40,77,88
-73,28,57,-67,-11,8,73,29,46,-47,-6,-21,53,58,-48,-45,50,-78,-60,-4,23,-92,-14,-90,59,1,64,99,-44,47,-80,96,-85,-17,-28,-60,-91,91,37,-96,65,-7,-16,56,13,3,11,41,-44,-34,-39,4,-13,-9,19,-58,65,8,-94,-7,-1,15,75,-60,60,-69,24,-16,25,33,59,38,56,-98,-63,92,-57,61,-67,23,-88,72,-52,-36,3,4,-1,-41,-32,93,-99,0,2,52,-91,19,41,75,-61,53,55
-53,4,69,98,-48,-98,-47,-80,55,23,-64,-79,90,-73,-61,58,-75,59,-50,-12,-76,97,67,5,90,86,70,-84,64,-65,-7,50,-67,-81,-85,45,18,15,-42,-54,-41,63,-73,-51,-7,-94,56,-46,-50,9,93,48,-12,97,-68,-16,51,0,-57,83,-41,59,15,-87,-31,49,49,95,-8,8,63,-53,96,67,20,8,-70,-51,67,-26,100,18,-1,74,-4,22,-8,79,-22,34,83,-100,98,34,69,4,52,-75,80,-42,40
-27,-96,80,-80,-50,-27,-25,-58,-47,70,-83,-59,-67,-25,57,92,14,43,75,84,41,-55,35,75,62,45,97,-97,87,88,8,12,-3,47,-44,-57,39,-14,-76,99,10,1,36,-90,16,-97,6,-39,-79,-66,-88,-72,36,49,-42,57,51,-33,35,81,-98,17,-36,4,-13,-97,83,-83,81,-39,-79,60,79,40,52,-17,-6,-96,80,-78,-46,-67,52,57,-98,-16,-60,-94,-83,-89,-25,74,85,90,47,-42,28,-41,-87,45,16
64,75,93,-25,97,-16,10,39,93,85,-8,-67,-24,-1,29,64,-91,-21,-65,-3,-51,-82,20,-25,21,-70,22,54,100,87,94,52,98,-48,-87,31,-37,70,92,58,98,-89,79,56,10,-68,-64,-22,96,-72,-66,23,94,20,-41,-65,-30,55,99,5,14,9,-78,-3,-41,-89,19,94,65,91,60,22,27,-23,-14,-92,6,-19,-77,73,72,-82,-16,25,81,30,-78,40,-17,7,33,18,39,-73,-80,-29,44,39,-73,42,99
-22,15,20,49,97,-50,21,81,-40,44,-2,57,86,-94,-64,-60,-57,-62,-82,93,-53,61,-50,45,-94,26,-95,-71,-33,69,-15,-32,-15,34,-13,-80,-24,37,12,-23,-88,68,26,92,51,-39,89,30,73,38,-95,-21,53,-45,94,32,-74,56,30,-45,8,-53,-11,76,87,-37,-42,85,65,84,9,-66,61,-82,-79,-41,-90,-6,-18,66,-79,-3,-31,-65,71,-73,-61,-66,-64,75,78,-28,-14,85,-86,27,51,16,-68,48,-64
18,90,0,13,78,-16,91,-97,-7,-4,94,-7,18,-60,76,-67,13,30,4,19,-22,16,-94,-49,-27,-96,-12,-77,-38,-22,-66,87,-55,-3,10,23,-13,-53,87,-30,69,69,66,-4,18,83,72,-56,71,-66,55,-100,-8,-78,60,-86,-12,-58,-59,-61,5,-14,0,-39,70,86,66,-38,-9,-24,-6,-55,56,93,15,-90,23,-75,-47,77,89,68,12,-39,-29,-95,15,46,84,81,-52,25,9,63,6,80,45,57,-86,60,-24
16,18,85,-68,67,57,-100,19,63,46,33,41,97,98,80,-23,47,72,95,-47,81,76,-38,-83,33,54,-78,5,-4,-75,-51,-47,82,91,81,56,-44,-22,-11,50,46,42,-52,-13,-74,-71,-22,-57,100,27,-21,65,28,51,-1,95,-50,-68,99,-83,42,-92,10,-49,-81,61,-70,-99,3,-10,-88,-55,-89,-85,-31,-54,18,-31,33,-10,-56,-58,9,-78,-6,89,61,61,-72,41,-95,56,-6,-21,79,-94,-36,22,88,-95,-81
-25,-42,61,8,86,31,35,84,-58,27,-93,-51,-82,31,-26,-7,31,37,-78,-64,28,-3,63,-95,-13,74,10,-48,93,62,-19,-13,-87,-89,5,-58,64,42,93,81,-83,-17,85,-54,-54,50,-47,2,2,3,-90,-90,86,7,-76,20,20,-12,-59,-28,19,-56,52,92,40,18,-62,-12,71,75,-36,21,-69,-62,-21,-65,41,-58,-91,33,97,-64,-9,53,-25,-64,-4,11,61,12,81,-63,68,-43,-6,29,-43,-10,-23,74,-14
88,54,-43,95,89,-3,83,-77,23,44,86,18,-20,99,-67,10,75,51,-29,-43,59,90,-21,32,-71,-92,-71,27,-63,-71,-6,-97,-85,-77,74,71,-82,97,-91,-33,79,-53,88,-20,72,-62,29,5,-39,-79,12,79,0,49,7,23,96,-97,-15,-52,-29,-1,-35,97,-60,-1,-7,-100,56,27,82,-77,-9,-2,87,84,-72,19,-93,5,75,-41,36,-7,100,-60,-92,-8,6,-32,-54,-72,-88,81,90,-6,-13,93,20,-53,72
44,38,96,68,56,15,-13,-79,36,68,91,-2,-53,-4,32,-47,-6,-14,39,-13,-60,93,-42,-89,-65,46,-74,-14,-31,69,11,89,-93,-86,79,-83,-19,4,59,10,76,-91,99,39,6,1,13,-84,-23,-61,-22,38,-30,24,-60,-61,65,-74,37,66,-10,36,-90,10,-13,83,62,-65,-22,-6,-28,-69,-96,-91,-59,-92,-69,-54,13,59,-93,-85,-5,100,-33,24,-55,29,-36,72,34,54,26,-85,-2,-38,95,83,-33,51,19
-52,-12,64,-76,40,-12,-95,61,-16,84,-34,-61,-72,-54,52,-37,-28,62,12,0,-87,73,49,23,-71,-34,39,93,55,45,-57,65,73,100,80,-67,26,-46,98,34,5,14,99,-86,-94,49,-71,60,69,-15,-66,64,-41,37,-38,95,27,-68,7,-8,47,82,58,-30,-94,38,76,36,-31,-50,-81,-39,-53,92,24,40,49,74,19,32,90,-41,34,25,6,34,-89,81,-23,94,-27,-76,25,0,63,-91,-75,-83,52,15,-56
-21,14,-96,-2,94,71,-72,-91,-68,-25,23,18,60,-63,99,-15,-8,-57,-81,-28,-93,38,-89,42,43,-72,-51,-48,46,-89,-65,-87,-57,-79,28,-1,-28,56,99,46,-59,48,82,18,69,52,-17,20,-75,-80,61,69,-25,60,63,64,-52,-58,-10,-20,-79,31,54,-8,38,-83,45,-91,97,73,87,2,45,-13,20,-25,-61,-5,26,53,-90,-64,0,-36,-53,29,-78,-89,91,-2,65,84,37,-21,-76,65,11,85,-62,22,0
66,-35,-82,-90,-45,-57,35,25,37,92,-95,41,-10,44,20,6,-88,22,64,-95,19,61,-100,-38,81,39,-96,-46,39,-5,-30,-55,-45,-79,-55,92,-43,30,-61,-16,-12,37,87,-61,-24,31,57,73,-26,57,-90,83,-2,2,-73,55,45,-84,67,-22,-35,47,-83,89,-12,11,-94,-26,76,6,-88,-13,60,53,-51,100,-15,44,73,-11,6,-9,47,-74,36,-1,-56,-58,-24,5,-84,59,-84,45,-55,3,-62,-64,-71,-4,-93
-8,-77,22,21,-49,-45,40,40,-93,-92,88,-90,21,81,1,82,-70,19,93,24,-97,8,56,-51,34,-25,-22,-62,-9,5,-17,-18,-88,-85,-97,-69,44,96,-42,-35,72,12,51,90,26,-90,-31,-51,-83,72,37,-57,43,-44,-32,-68,3,43,49,-7,-4,99,99,82,66,8,95,53,94,-15,-84,-45,4,-94,-94,-93,71,-36,90,13,-46,6,-1,40,73,-31,13,86,57,21,86,30,-18,42,46,-74,17,26,33,-77,-71
-66,36,-33,-18,38,-14,-68,51,-53,-58,77,44,-3,21,-63,0,47,-98,-58,-79,-2,-2,-32,79,-26,51,-32,-45,35,99,-79,-85,-59,80,-31,62,-87,64,81,-52,-27,-17,-48,-48,97,-79,-64,31,87,-29,79,36,28,-76,-51,-7,93,35,-69,20,-74,-28,-19,70,-67,-12,66,-82,86,-37,-43,-3,21,50,79,50,63,20,-66,42,-23,-53,-91,50,89,0,-85,-40,-90,-43,7,-20,72,80,19,17,87,93,55,6,61
16,-100,57,41,-96,2,-56,-100,-57,24,24,-34,15,3,47,-41,91,-7,-77,-21,-49,-17,72,-48,-8,-86,88,-53,75,-6,-78,-81,-72,24,74,-2,-92,46,-73,14,51,-9,65,45,38,-25,31,-19,-17,43,-52,-91,-30,81,-10,-89,-66,89,23,87,-7,17,-56,-78,95,92,-45,-14,-86,-88,43,68,-2,-45,94,-96,7,50,38,-17,-64,-90,100,-57,2,-47,-99,-90,65,-58,-91,-15,-60,93,68,-60,24,18,-1,79,15
-19,6,56,-29,-96,-92,90,-80,-7,1,39,-2,-62,-88,79,76,62,1,-32,-69,15,-81,87,-80,35,74,-34,-50,7,-65,-1,63,-88,48,71,62,-30,-94,-9,18,92,89,-1,-53,-3,-15,-40,-18,25,-58,-63,-12,-27,-46,74,-1,66,-2,-45,92,61,97,61,90,60,39,-99,-43,100,66,80,58,-35,100,57,-89,-11,72,20,-20,2,62,20,-69,87,94,-82,82,86,-97,-5,9,-65,38,-100,-88,-17,-99,100,-8,-22
88,-71,51,-96,-93,-99,-23,-14,82,-74,8,-71,79,-28,45,-27,-89,38,24,-100,93,-2,58,97,-19,25,-90,-8,-76,-4,-27,1,-19,-15,-65,-72,-95,20,-60,-81,53,-95,89,16,-71,-77,10,95,2,-62,61,-23,-52,50,-12,12,-42,94,43,-9,-53,10,-7,-11,40,34,68,38,80,62,-42,-50,10,100,19,97,58,-87,-53,-65,-18,-97,87,80,18,-17,96,64,-3,39,87,2,13,30,81,0,-45,36,12,-75,67
-42,-84,44,10,-1,-56,-38,91,-42,-32,94,-31,47,73,-86,40,80,45,7,93,-41,-73,-70,95,65,79,-51,-33,-65,22,-80,-57,40,-99,-71,-23,-55,-56,99,-25,6,-100,28,-80,46,-45,-7,73,-80,73,2,89,0,-85,4,59,-73,63,-73,61,56,-65,-14,80,99,-12,-68,79,80,-52,48,-2,70,-86,76,0,98,38,-94,2,6,92,56,-5,-73,28,-44,-62,98,-32,41,-54,13,-17,-4,-93,72,53,60,-88,-28
37,-38,29,-2,84,-84,-19,56,96,-53,-26,-32,43,-10,-53,-60,-17,28,-27,83,-70,86,-92,-86,96,-43,56,7,-68,-62,73,7,99,19,22,-81,-79,-2,-54,28,-91,21,-50,52,95,-20,69,11,46,-11,28,15,-5,54,-85,-84,55,86,25,-68,-60,-49,85,-60,-53,15,-64,-62,46,-76,97,23,-28,-85,16,87,5,-44,77,-98,86,-49,23,85,50,50,33,50,30,-27,92,-69,-52,9,71,-19,-55,9,-98,81,86
48,52,-81,5,75,8,-71,-46,76,-44,44,-43,45,-43,82,-100,-56,89,-28,17,96,-77,66,48,-60,55,-99,-67,-26,-9,46,-99,-51,19,89,13,16,-92,100,27,-98,83,48,14,86,63,51,92,-15,-61,-23,92,66,72,-66,3,35,-48,-5,92,35,-32,45,78,54,-88,-1,-8,87,17,-31,-3,74,77,-28,86,-90,-58,4,87,-91,-39,-35,51,46,29,79,-93,45,-68,59,55,96,76,-12,-63,-13,30,-69,4,64
-99,-24,-15,-22,91,7,-11,78,90,64,22,62,-42,39,-90,95,22,54,94,45,8,-78,16,88,9,-9,38,-40,-53,-14,-71,89,-86,-1,-54,-35,73,-3,35,-94,25,56,-26,20,-38,0,73,17,-75,81,96,-3,80,32,-100,-70,-59,83,-100,-17,14,95,-23,86,85,53,87,35,-98,-13,37,98,0,-25,-70,-73,-92,42,-55,-6,-96,30,58,81,-89,68,-84,30,8,93,-26,-14,19,6,53,99,17,49,52,1,67
47,-58,45,-85,-56,9,93,2,14,73,19,-17,78,-54,82,81,-47,93,9,-78,-51,40,-48,51,98,-55,-100,91,-80,78,-66,-94,15,76,66,-20,-39,-16,9,-21,96,96,36,-67,-61,-17,-30,62,-42,68,-27,-32,75,87,50,-94,4,50,-28,48,69,-61,98,7,7,-35,49,31,-45,-12,-59,70,4,89,-8,43,64,60,-49,35,98,-19,-82,26,68,-24,-41,11,72,53,-42,-54,-21,-16,-19,52,-28,-35,-83,-90,-8
74,-47,29,-43,-5,67,-83,-39,51,10,10,-67,71,95,9,63,54,-92,-93,0,96,-35,23,-17,-87,-62,100,93,30,-78,59,-42,-16,-73,21,-24,-7,-70,-86,71,30,66,3,78,94,85,4,74,-66,-59,53,-12,-36,56,-83,-71,-95,32,-33,-24,-9,87,-71,83,-3,97,-85,-90,-64,52,-2,15,7,-19,86,22,71,-97,40,88,53,-57,99,-92,-13,23,-73,19,40,51,-68,-70,-96,-24,37,2,41,30,-68,-3,-37
10,-73,52,80,21,-69,-53,16,23,-8,0,-24,-80,-91,-96,-75,-13,-93,87,80,-92,-22,-44,46,-23,77,35,13,-97,77,8,-93,-36,-23,17,37,-59,52,-91,22,-99,17,6,11,7,9,88,68,-18,49,23,86,83,98,-35,47,10,-98,-45,-39,31,15,73,-51,43,-95,-53,82,-84,45,-39,-87,-54,-12,20,58,33,31,-31,-71,-8,-25,38,70,58,-24,-76,-47,95,-48,-57,-22,59,-59,98,-11,70,83,-39,-7,25
85,-66,34,49,89,-77,51,75,-78,-42,68,54,16,16,-18,-2,-65,-94,86,54,-59,-85,95,-43,19,-52,-35,40,-2,-33,-14,-76,-46,59,39,45,25,-83,-75,24,81,-79,-5,92,-35,29,22,78,99,40,-40,82,-24,-75,-68,56,60,21,1,94,-96,-24,-64,-48,82,-86,17,14,-46,2,-46,-9,96,-77,-92,-70,47,-33,33,-45,-37,-86,-78,78,-53,36,-21,-43,82,-72,12,42,-66,-26,-10,86,-98,54,90,14,76
73,-12,15,-39,-11,-80,72,97,-91,100,-8,53,-76,1,-54,54,25,-45,-13,-59,-33,-61,-67,-18,-88,47,-58,-12,-31,-42,21,-10,8,95,-23,25,12,91,-58,-65,-29,-74,15,13,-52,30,-11,-67,-53,-87,-61,-52,-59,38,-89,-1,33,-48,33,-96,-80,-64,37,68,-76,-66,-61,12,77,26,11,61,25,37,99,-71,-91,-71,11,51,30,-33,84,2,8,-88,-92,91,-22,-87,-41,68,34,72,2,79,87,89,-42,-24,-43
60,24,63,87,37,-40,99,-63,1,-2,-62,-74,-19,-31,-16,77,21,-59,-1,94,-30,-75,-17,38,85,-19,81,-46,60,18,-67,6,73,6,-41,-60,-42,73,35,-65,55,68,-47,-79,85,-90,-96,-55,-44,44,-49,42,-2,17,-41,24,88,-53,-18,91,-79,-94,0,63,-91,-50,99,49,13,-18,-6,-67,68,-66,44,75,5,-61,-61,85,-53,-19,-3,86,-28,97,30,-91,-28,-85,38,-87,-58,77,-32,41,-55,47,78,77,-56
-58,-75,82,-10,28,-76,37,-54,95,31,-21,-75,34,45,-23,64,58,-12,-46,-15,43,-79,55,98,0,13,-86,-73,84,26,78,24,-38,53,-84,67,97,-5,-66,-40,-34,-9,67,-1,63,88,-35,21,62,71,32,61,62,19,15,-85,-97,-67,87,-39,26,76,-4,70,-21,47,-15,-93,-26,-21,-67,36,-67,-5,54,43,-2,-93,19,15,-67,48,29,53,-22,14,-7,-28,26,37,-82,-81,-86,5,-43,-96,90,-2,-33,-8,7
-39,85,57,-50,82,-36,-37,55,94,-45,-88,35,37,90,50,55,-65,14,79,84,-93,-62,-57,-19,70,5,-68,36,25,-21,26,30,-62,-42,-75,83,9,88,33,6,-22,-89,38,90,-22,-91,63,66,46,-33,47,-44,-25,-88,-18,-47,60,53,99,61,15,-3,32,-55,25,77,-84,-32,-4,88,-38,95,-38,93,-62,-35,-54,50,-88,20,-31,-35,0,98,79,98,91,18,31,6,-78,32,89,97,-83,78,-22,-54,54,63,-45
-66,37,67,-86,-78,91,-98,-35,11,-6,-71,-67,-99,-26,-47,66,61,-78,24,0,81,4,-27,-26,-40,96,-96,89,-96,-69,-27,44,19,-34,45,-90,-67,-69,-11,60,33,-28,5,0,69,-36,0,-9,-92,68,-49,-59,-45,69,-84,-34,2,-100,-50,17,52,-90,47,45,-36,-55,-33,40,-16,-45,13,-1,-16,-52,-94,-76,73,93,90,-36,-81,-98,-58,35,-27,-27,-13,18,-90,100,-38,86,19,-38,-32,44,-58,22,-13,-96,-47
-97,-5,-67,100,49,-45,9,55,9,65,22,35,62,-64,-12,-81,81,-18,-47,100,-82,-60,51,-40,-9,24,-2,-14,-30,79,15,52,94,90,-67,-61,11,87,-55,-22,-85,-82,82,74,21,-37,74,-57,48,-56,-22,45,-93,1,-7,-83,23,72,-33,93,-80,5,-8,-27,-88,72,-90,-4,38,-36,-51,-18,66,9,4,-14,3,-94,-53,-70,55,29,-90,-28,-43,-24,-43,-82,40,78,84,61,-18,45,29,98,84,35,75,41,57
46,-71,19,12,30,-2,-81,84,16,97,-2,34,40,-41,-62,-96,-83,-2,-100,-6,-61,-40,-51,-75,-74,40,92,87,-58,38,79,81,-69,93,-3,25,92,52,74,-55,68,-8,-100,10,30,65,-11,83,-34,93,90,-8,-5,54,71,91,0,-18,-21,79,87,-88,-65,-66,-65,59,-46,-98,-24,-11,18,-79,2,3,-84,-66,21,-47,-54,64,5,69,26,-15,-12,-27,-89,-58,-93,41,68,-46,30,99,-47,53,100,-27,94,-44,85
54,19,90,-71,-10,0,65,-97,33,98,62,-76,-67,-85,50,32,-35,63,-45,-91,-54,-86,-4,24,85,-62,31,68,29,-60,49,-89,-94,-85,63,-97,-17,68,14,-2,38,27,-25,64,-34,-44,-95,55,48,76,23,-55,48,16,-93,-35,67,89,-25,-38,26,73,-36,100,-68,-13,-49,-92,-7,29,-57,-96,88,-18,-76,14,98,91,87,-78,-12,-79,57,82,-98,-82,80,-15,41,-42,80,-39,-51,52,-8,88,2,40,-37,58,7
-10,-71,82,37,-50,54,86,-12,2,48,60,32,21,-90,-54,-29,62,-43,-58,-62,15,9,-46,97,15,34,-78,-99,55,69,-29,0,-46,-34,-26,-67,80,-89,-12,-47,-71,-26,-50,21,-22,70,91,-75,21,25,-72,-83,-72,1,80,-5,-46,12,-17,-97,-73,93,-32,-20,-37,-84,11,-8,-55,-16,-17,92,36,2,-4,-69,-76,78,-6,13,65,85,-68,95,41,82,29,20,91,8,-40,42,-67,60,-12,-8,-14,-34,84,17,29
-84,66,-98,55,70,21,67,-42,-35,-21,-74,-26,-43,-63,13,-31,86,70,0,-26,18,-7,68,-7,46,-50,21,-77,66,-9,31,43,71,22,-44,59,48,-31,-36,-48,-5,77,57,-64,-29,-1,-34,-49,-18,-56,3,47,43,1,-93,100,-61,89,-88,85,55,-76,-51,-60,-99,-26,72,-85,7,82,51,-49,63,-45,65,46,37,4,-74,-33,-36,33,91,64,-9,-40,-96,97,-56,14,-18,57,50,-6,-59,-99,-65,23,77,70,6
-38,-65,27,-74,-89,-76,-11,-6,-98,-100,-11,39,-27,28,-13,-36,75,-51,9,-37,60,75,-86,60,-25,48,67,-100,24,-20,69,-10,-76,26,88,-43,-56,28,16,75,72,-4,53,98,-79,-6,-24,-49,-97,28,99,-88,89,-34,-74,44,-82,-49,-81,-26,28,-1,72,70,-89,-16,30,-36,-79,-31,19,-69,37,71,2,-65,-99,-99,-100,11,-9,10,-14,72,-52,21,-57,-66,-33,1,-3,68,-33,68,18,-67,85,-49,-23,-76,-58
39,-63,-5,5,-85,44,43,84,10,-54,48,1,45,42,-15,82,46,7,96,-61,95,-31,46,36,19,73,-29,-23,32,-57,-89,89,-87,100,29,77,-71,-48,17,-98,-58,-55,80,87,-87,97,75,-1,71,-99,-91,-93,-2,7,39,-59,7,47,27,-38,74,-47,-85,80,75,-4,45,-78,47,28,-3,-2,-69,90,-67,73,-3,83,74,-14,59,49,-28,93,77,-74,93,-9,-64,-11,44,-23,7,92,-81,77,-22,43,-78,39,-90
40,76,-99,-59,-41,46,-24,63,98,18,10,100,-46,9,40,-67,28,-4,-68,-33,-55,-83,-45,-24,-2,-32,60,3,37,21,-23,87,-10,-41,-35,46,-88,-61,-7,25,-64,-6,-51,32,-67,-21,-80,-95,-82,57,38,-12,-51,-46,-14,-14,-44,-62,71,-21,19,-82,66,-86,-98,6,93,-92,-89,-7,-51,46,-33,-8,-64,47,-75,93,91,79,38,33,77,32,-68,72,15,91,11,-66,51,75,23,41,61,39,67,-69,99,-65,-95
86,-71,16,2,-20,77,84,-52,-92,-82,-45,46,-77,52,66,21,87,-76,-52,-76,-81,31,4,-47,-47,66,-62,-27,-42,-48,-21,16,48,-72,34,53,-16,44,51,-74,35,32,83,57,75,45,82,48,-70,-12,97,-70,81,-95,4,-30,21,69,10,5,-40,47,-28,-29,-70,19,99,-51,96,83,-100,-30,60,-19,12,74,56,19,-25,-53,-95,21,99,20,36,-24,-2,73,-24,26,34,-96,38,-66,-79,-40,-71,-77,-63,93,24
13,31,-76,64,-25,18,49,80,22,-51,-90,55,-89,-87,-34,93,-27,84,-21,-24,-27,-5,54,1,9,93,-22,26,-68,47,-66,54,-83,28,53,5,-12,-84,-45,-78,14,-66,-64,39,-45,94,-85,79,83,-78,-76,73,-5,87,60,2,43,-36,-44,-32,56,-90,36,86,-94,-93,-63,20,86,-31,67,91,5,-87,-87,98,-56,-99,-96,-26,99,54,-59,-97,96,45,17,22,73,-8,75,62,72,-58,31,30,-80,3,-85,100,-37
-84,18,-7,-77,48,-22,-6,8,34,98,-98,66,-89,-77,91,-42,94,-50,76,49,-41,66,19,68,29,-15,25,37,-93,-23,-50,-77,-45,15,70,-52,-28,-94,7,42,79,36,23,26,-77,22,-20,39,-18,-72,-26,-87,-12,-85,71,53,-77,12,95,-34,-50,94,94,7,85,76,-35,-57,-84,26,73,48,-28,72,86,50,-96,13,33,37,70,-92,-1,37,-17,-4,51,-37,17,-4,7,-79,74,42,15,33,26,90,-70,-67,-84
60,-29,81,-99,-9,72,-91,73,54,-49,42,80,-92,-56,-28,9,73,13,-46,-67,-37,-85,-87,-46,88,46,95,41,28,66,2,30,-29,90,-48,-31,-94,6,84,-35,-40,99,-78,70,77,-17,-17,88,11,50,-25,-85,34,-36,-69,-85,-4,15,-83,-11,-60,71,-43,89,30,-60,90,-1,-87,41,-48,78,-46,-14,0,83,-74,7,33,-43,23,22,62,-23,59,79,-21,2,20,32,-95,47,36,-45,-50,-19,-88,-83,26,37,10
-65,-58,87,-59,-15,16,90,-66,-12,-43,-80,-36,-89,-6,-44,79,-54,-71,-43,99,57,-55,-13,83,-62,56,56,-46,77,58,95,34,-41,66,83,6,-37,-58,83,39,36,-16,-81,-81,72,-41,2,56,-89,-72,38,5,-59,4,59,-4,-71,39,9,82,57,-35,97,95,40,95,-47,8,-15,9,47,33,85,34,29,-20,9,54,-67,-71,18,22,33,-79,-85,75,-20,79,-17,-5,-81,-95,-75,-84,99,-96,-20,-74,-14,-56,78
32,-41,10,-45,88,71,90,6,-61,98,-59,-96,-69,-31,-30,-8,63,33,81,-43,52,29,-22,-41,30,14,-2,82,-94,35,-86,-10,-84,-52,-19,-50,-77,-46,69,80,-25,38,93,-21,79,-99,-43,-30,28,-28,-35,9,-17,-22,65,5,-20,-92,-62,85,-30,-48,66,51,24,-87,7,-20,-21,-20,4,-9,-97,37,84,-95,-15,86,42,-96,-100,-82,21,-64,-49,56,55,32,-74,-49,98,-30,88,-4,-18,-38,-5,73,-67,47,68
-44,13,8,-58,11,-85,79,18,-15,4,74,23,56,-28,76,45,30,-90,-80,4,-86,-83,-81,-79,20,86,22,12,-12,73,-14,-67,14,51,-8,16,11,10,48,90,-20,78,-42,-58,-82,48,98,44,64,-77,63,96,-88,30,-14,-95,62,-47,-100,72,95,82,14,-90,52,91,3,-35,69,-5,14,-26,65,-60,37,-1,96,54,-99,84,-52,-55,-30,30,99,53,94,100,-57,-9,-78,-39,4,-48,39,80,30,32,-95,32,59
67,-55,-78,-97,30,11,-54,12,69,-65,-92,-10,-62,90,-42,7,-64,60,1,30,-84,36,-53,24,-16,-55,-16,60,-33,40,-49,-9,-52,56,85,-82,28,-51,68,-44,-92,30,-56,24,-66,-34,92,82,58,-68,-52,-45,96,-4,-9,-92,61,93,10,-70,58,47,46,-17,28,68,28,-30,46,74,-17,-46,-96,18,85,51,-84,15,62,-51,41,79,66,-72,87,-26,-89,13,55,68,-57,-61,-31,27,-81,-13,82,73,78,-19,40
86,33,-40,95,15,-49,36,-48,-95,-99,-90,46,-66,-38,-92,64,68,-98,-21,97,98,-57,-75,62,69,59,-2,-63,33,71,52,-73,42,57,61,12,-72,-34,97,55,46,5,48,-32,68,63,72,47,66,-49,-97,-98,22,57,76,-31,-10,-49,90,-96,-12,63,1,-90,-88,-94,-21,-8,-2,-62,-73,17,-70,-20,94,-73,-25,-32,-27,-94,33,-94,100,94,-60,-38,-36,-66,-18,-93,-52,-2,98,-29,1,98,90,54,24,21,-60
63,19,45,0,-56,-62,-15,82,20,79,-100,-34,-12,-21,37,64,-14,-89,-70,71,-80,-25,83,-67,-70,32,-88,-2,-48,59,-14,-88,-44,28,44,-23,-23,62,-46,41,84,64,32,-79,49,46,92,-96,28,-91,-33,26,32,91,12,42,-25,80,15,-68,60,-96,-63,15,54,-63,55,-46,48,-2,-24,-99,11,30,2,-44,41,96,67,96,-31,-41,-14,-64,-96,-55,-36,70,23,68,-21,77,-59,-16,71,14,78,-36,44,-59,99
56,75,-38,28,30,57,25,-10,-39,79,-3,5,94,-45,52,-96,71,-85,4,17,-79,65,-35,6,34,62,-7,-18,-77,36,-73,-38,91,-86,59,-57,40,20,-68,43,-48,43,-97,41,-25,-70,-85,-2,23,36,99,-4,79,69,-79,-3,92,31,76,49,-76,73,-15,32,54,19,3,41,-100,-6,-91,94,-36,51,-94,42,69,11,64,-6,20,58,-95,12,65,24,5,-99,27,-100,-89,-45,32,-75,-36,-97,62,81,-44,-5,-29
-33,19,-13,94,39,-83,30,58,-67,-80,-89,16,38,61,-76,-54,-41,-43,-67,1,79,-5,-66,-97,61,16,-85,-39,35,68,4,39,31,-93,-59,43,74,-78,-34,38,-52,-88,-16,-37,94,-21,-57,15,14,57,70,40,-62,-52,-11,40,22,15,-6,57,46,28,43,-47,97,30,-1,-26,-53,79,88,-86,3,1,-2,-71,-7,27,-96,-39,-33,42,25,8,-53,-88,30,-67,-36,96,29,-18,-57,89,86,95,-42,-46,-47,55,46
-11,-99,59,80,13,6,88,3,-46,-76,38,-38,-95,-99,14,-3,19,-67,-1,-38,-78,-65,48,84,79,-97,-13,18,86,-90,16,-17,-5,-83,93,36,-17,-82,72,-45,-34,26,17,-8,-39,-88,77,55,-50,-64,-11,46,-58,-20,-48,26,47,26,90,-26,-37,-98,24,97,-21,92,92,-13,-73,-8,-1,-37,36,86,38,42,-6,94,5,-21,-8,93,40,26,-19,-75,33,57,-23,4,72,13,-18,35,59,8,15,-95,24,-92,-99
93,-38,85,89,16,97,44,30,69,-51,25,81,-53,17,51,56,-90,22,-100,-90,-65,-32,85,-9,-69,93,95,5,-51,72,84,-88,70,90,-76,-10,19,-25,-30,77,24,-39,-34,46,-13,24,55,63,-24,82,-17,-11,13,65,-53,-1,77,-6,2,78,29,35,83,85,-84,-3,-61,7,-86,10,-45,26,-3,-61,-78,14,-10,29,-16,-64,71,-100,-17,96,22,-24,-4,-89,-12,-91,-1,-11,13,53,20,-7,-31,81,53,2,-95
10,-69,-33,-21,24,-53,-51,-9,17,-74,8,88,95,-62,-48,92,82,-8,17,-45,72,-78,-28,-74,6,19,1,-66,-46,-8,47,-19,-37,-1,88,-36,95,0,-23,-23,-95,52,-93,11,25,-58,87,-88,66,-2,-18,-70,13,48,41,-35,33,-18,55,85,-84,-40,-87,-36,-88,-36,-78,77,-16,9,47,82,36,-47,-80,30,36,-62,-91,-4,-90,67,-21,11,27,42,77,21,57,93,84,27,-22,57,62,-43,68,-93,-59,72,-49
-34,-75,-6,-14,68,3,-58,-62,14,51,-14,11,-71,91,-57,-68,5,-57,-9,-45,-76,4,43,67,4,6,-65,-17,-1,-7,-5,77,71,-96,67,-98,47,33,-42,44,-52,54,6,-25,-22,37,-29,-52,32,-22,-23,-65,-2,-18,-12,-74,73,85,7,23,-12,-55,-9,25,-83,-66,16,-1,87,-69,-24,-47,59,-66,-77,93,-79,-87,100,32,-49,9,1,-89,64,84,54,-30,93,81,-29,30,36,-3,-61,-97,5,25,-28,93,77
45,-95,61,-68,25,-29,-47,23,-84,5,33,22,69,-96,-31,-39,81,26,71,-89,-74,-66,45,-79,-30,2,29,-66,-10,-67,-58,-23,-35,-61,-16,8,-57,-26,18,-1,64,63,-74,-11,6,-66,88,19,-35,47,46,-65,82,-12,-2,-65,15,-89,32,-51,1,-78,-20,7,23,-54,-27,-73,62,-94,-57,58,20,14,82,28,86,4,-92,91,81,46,69,-73,-80,47,-4,85,70,65,-25,69,39,-32,-61,23,16,-14,49,-28,-79
-53,86,55,-14,-34,-38,-54,-77,-74,32,55,36,-3,-31,-84,-4,49,-57,82,13,92,55,-92,2,77,24,-29,-3,40,-37,43,-32,22,82,63,-41,-97,59,-64,92,7,-92,-22,-4,-99,1,-9,45,58,-31,24,54,12,-98,-72,66,-80,95,-95,82,54,3,-45,25,-41,-74,98,43,74,-43,40,-37,6,61,-82,-93,-65,-99,-68,33,-8,-65,89,3,-97,-22,-59,86,-91,48,-41,30,91,81,-9,-36,50,-95,-28,-65,-12
-88,-60,-86,0,-57,85,32,-67,-77,56,27,-83,-86,-7,43,-52,-23,56,-74,-5,2,4,-55,51,78,-42,34,-63,-78,-100,-27,91,68,55,-45,37,-56,56,37,-24,-42,-89,61,45,55,9,-41,-84,11,-75,46,-7,-90,68,-70,93,1,-67,-19,58,84,84,14,75,-12,-17,-15,87,-72,-12,49,20,-83,-73,89,-89,7,-75,37,26,84,-91,50,-75,-7,-2,-6,91,47,-99,-64,-75,37,-96,83,-96,-18,72,-83,-100,43
-80,-6,1,5,-45,-30,10,61,21,6,-94,38,-20,-95,-45,-13,79,21,83,-99,82,92,-45,62,-56,52,36,26,94,38,20,2,40,-53,58,-44,91,-69,-37,1,28,-36,97,4,-10,-39,-17,-48,-51,17,-16,88,-70,-33,28,64,2,70,59,13,31,100,-39,15,-22,9,-1,67,49,46,-28,93,30,-23,-18,-89,-74,0,26,-21,75,79,10,-4,-13,43,-78,3,64,79,76,62,-48,-73,26,32,41,48,21,-54,67
5,80,11,89,-41,29,-75,91,-20,-86,-7,-58,31,-72,17,-4,60,-74,-12,-56,-73,-92,94,16,53,-27,-11,13,-32,3,49,-83,-19,-54,68,-27,85,-3,-18,82,-93,-54,-16,-73,-45,64,56,42,-86,-51,-64,-43,65,27,-4,7,31,18,11,-55,30,87,-29,15,-56,9,-43,29,-32,-60,57,-13,84,-83,20,-7,15,-85,70,-89,-29,54,32,-43,-24,-41,54,55,46,65,90,-98,-11,-13,-21,59,80,-34,-10,-21,55
-55,55,-31,69,-95,56,56,-30,-86,32,-82,-88,56,59,-47,57,-48,6,-76,-24,78,-48,-27,67,60,18,-37,-76,-100,-44,21,-69,39,39,-84,66,0,-21,-13,-88,82,-94,-20,-94,-69,-43,-45,-99,-82,19,-67,-79,-43,-10,-63,-73,28,-29,82,-21,-97,-15,6,94,-21,82,90,-99,-83,65,-85,-48,-89,32,28,-23,-89,25,-26,-31,-93,-6,-41,4,-38,18,79,43,-87,-87,1,-12,83,-30,-92,100,-84,91,-1,-60,12
-23,70,-36,55,35,86,-35,45,87,12,74,-73,-34,-68,37,-10,92,-10,7,-33,-82,-68,-61,65,-12,-100,-39,35,10,97,19,79,35,-67,36,-70,-32,-23,-88,79,16,-77,-34,49,12,-6,5,37,-33,34,74,-6,-86,17,95,82,-86,-92,-21,75,-74,24,34,55,53,91,-93,4,-98,-34,-8,62,-13,88,-88,62,-20,-59,-34,-43,-30,50,-91,17,-20,-61,-19,-73,63,-81,-59,46,-23,51,10,68,60,-79,40,28,-40
11,78,-66,28,91,-26,92,-56,-60,-27,-69,1,47,-84,-11,50,27,24,-36,78,77,-94,88,17,5,-19,38,0,20,-29,74,1,54,7,50,-28,72,81,-68,-99,88,28,-11,-55,41,72,20,-43,8,78,-43,-73,68,57,54,-75,49,53,-19,-32,-34,40,-30,-95,95,30,-68,5,-80,12,-83,-41,53,-73,-30,28,-57,-92,12,-3,-5,7,80,-89,60,19,83,13,-60,11,49,-74,-50,-37,99,-15,78,-31,-35,92,-86
-35,-2,80,-81,-80,16,43,-8,-22,-78,43,63,-13,62,41,-87,51,-95,-56,-54,57,17,41,-76,-26,-66,81,-74,3,30,-66,2,94,87,54,-16,86,-64,-28,43,85,-77,-100,-15,-100,4,32,83,-12,-86,48,48,-95,-91,49,-37,-34,90,48,66,-51,-30,-75,-40,-67,-11,68,-39,-100,13,22,-60,-70,97,83,18,50,99,-2,-97,87,4,52,6,-94,-84,29,9,-39,-97,99,-6,81,62,-85,23,-79,-67,27,61,-34
-59,-27,60,32,63,-66,73,62,-3,-36,-41,45,-96,10,96,-8,-43,57,41,28,92,-89,49,26,5,-42,3,62,70,-62,-43,-96,-38,-67,-51,-37,-96,66,-85,41,48,11,-66,47,-83,68,-53,-5,31,27,-53,88,80,-74,-24,-86,67,100,-66,69,-78,14,34,49,12,92,15,99,93,18,-95,-60,-52,-74,54,-48,-21,-32,0,32,21,85,-73,-67,-62,-54,-43,11,-12,-71,-83,-46,-9,84,-40,-10,-91,7,22,-4,-69
-15,21,-23,-23,19,12,47,-95,-87,53,-54,-38,-54,-12,-31,40,-16,97,-57,-37,0,-81,26,18,67,-8,-43,-95,47,91,-100,25,100,55,8,90,-13,-16,-50,87,69,35,54,70,-37,9,-5,-4,-16,21,-13,-55,-52,78,-17,-57,44,-100,50,61,-12,10,-9,37,25,-47,69,35,-10,58,-92,66,-59,-13,-71,89,-59,-99,91,94,-65,-12,-39,-94,-56,-13,79,92,-43,-74,15,-89,11,1,93,12,87,66,-35,-13,58
26,20,34,-99,-85,89,31,11,89,-81,42,-36,73,12,17,68,-98,40,35,-87,74,-76,29,24,7,98,-63,-58,85,-29,-38,71,-18,-93,5,-46,-73,-56,7,90,-70,8,54,-56,62,69,33,61,16,-90,-48,12,-37,-7,70,75,-53,6,-2,-28,-68,33,77,96,-72,-21,80,-1,13,-16,-56,-80,1,36,-72,93,-22,-79,88,-15,74,-38,-6,93,-51,-10,83,36,79,37,-73,88,-55,19,90,-35,30,-19,92,85,-35
33,67,-50,30,-33,22,-18,-83,-46,20,31,-100,59,75,60,-83,-76,-72,77,-50,-72,-13,39,-91,-12,-77,26,-10,-23,-57,-10,67,-10,-75,15,-2,-99,18,-29,93,-78,-68,91,-1,-2,35,-4,-18,-4,-5,-13,63,20,-52,38,-90,82,23,-11,-57,53,78,4,-3,-46,2,20,-20,-49,38,-48,-58,7,94,46,-85,77,33,-31,-36,-26,34,-15,-77,-26,-55,32,-30,90,-57,93,35,-45,95,-68,97,-58,42,-70,-95,100
-14,97,29,100,72,-94,49,-41,-71,-75,-18,-40,-86,-13,46,52,26,-74,-73,17,79,54,53,11,-64,31,56,51,-8,65,-80,74,-10,62,-94,-2,37,32,85,-92,37,74,19,-31,-63,-20,-5,81,45,-12,-89,69,89,-75,-46,98,-65,-18,-1,-87,-73,-72,80,-61,-98,-71,-94,-31,-27,-80,82,-15,23,79,-49,-91,6,23,-93,-47,88,32,-98,57,-53,-98,-7,-91,-20,63,97,-91,-58,4,51,79,14,-74,73,72,41
-97,28,-27,11,25,-18,60,-47,87,-26,47,-5,-5,7,-78,80,40,-25,-16,-61,-49,-54,-21,41,-25,-81,12,-62,14,85,-78,15,-16,-72,-72,58,27,10,-2,85,9,-76,38,12,67,27,-22,83,-22,73,-18,10,75,71,-77,-99,50,-39,-83,18,86,-86,-85,-29,82,50,-24,-82,-64,-11,56,100,-41,99,51,-21,35,-24,-71,-41,12,-8,-64,-81,96,66,-32,-48,-38,13,17,-9,23,-89,-15,67,57,94,-68,-82,-8
6,16,-49,70,-32,20,-88,72,100,-81,-58,-87,83,62,35,51,-41,58,3,71,14,86,100,16,-91,-45,-32,53,-87,71,35,63,40,-94,66,-1,95,-95,-60,-10,15,32,-95,38,12,-41,2,29,50,-4,94,9,21,98,14,68,44,-8,74,65,100,11,-37,34,72,-30,8,22,7,-34,84,-46,11,54,10,49,81,62,-87,81,-40,-57,-19,25,-7,18,100,-20,-80,-29,-52,52,-75,69,27,-88,70,42,-85,22,56
64,78,49,40,6,-49,80,-64,37,61,22,-40,65,-83,-61,2,83,-12,33,77,22,96,-41,-68,35,18,40,3,16,59,74,-64,49,-35,88,-97,-82,-42,23,95,-60,-93,91,-15,-86,-88,-83,-100,77,97,-80,24,76,-36,-90,73,-17,-40,-35,-95,98,20,-77,-61,79,-9,-13,61,-89,37,64,-15,91,81,92,17,-79,7,65,61,-38,-84,68,-79,-61,5,-8,-97,-5,-38,-43,-93,22,-4,-43,7,76,-69,-61,-31,84
-95,78,-22,53,45,50,85,42,-69,4,-56,-90,19,-72,72,-17,-65,22,-24,61,89,74,-19,-49,-79,5,44,80,-37,-28,83,77,49,-74,11,63,19,31,-27,-37,82,-89,73,-80,-85,55,-28,49,-48,79,25,-37,-50,-20,8,4,-30,34,84,99,-10,-93,75,-71,-49,-25,66,55,-7,16,12,28,6,84,20,98,100,-43,72,55,36,-53,92,-72,23,-55,40,71,-100,-36,26,75,-98,34,59,-40,25,-70,33,-93,18
28,-66,-1,-29,-76,-54,87,70,-62,-29,91,-3,-5,-86,-24,-43,25,100,-34,77,-46,-40,-33,22,-74,-11,83,41,74,-11,-12,-94,13,100,-83,-79,18,-37,-14,-24,96,-99,93,-75,84,62,33,-54,83,33,-50,-6,-96,45,62,50,95,7,24,-18,-90,-32,35,-76,70,-26,-97,68,-84,-21,71,-14,-73,2,83,70,34,76,-89,33,-94,-17,-13,-96,58,-60,31,-71,1,57,81,87,-50,20,82,-56,-73,1,-4,-26,-24
65,6,9,71,59,18,50,-12,95,31,-69,-29,-86,61,-48,53,-89,-40,-63,91,-16,-11,-13,68,-64,-90,-51,-96,39,68,38,-50,-84,-32,-88,98,-58,81,-38,-23,17,13,-33,73,-50,39,0,-21,13,44,-51,-91,76,10,49,-88,25,-79,-72,-80,23,71,-51,-73,-56,-25,-61,23,-54,8,22,8,17,50,21,89,-76,49,-39,41,27,23,34,-32,-57,-63,-35,-13,96,-52,61,72,-51,4,-16,-74,38,-53,89,-14,-30
39,-92,54,-82,-13,33,-60,-87,21,95,-72,-51,74,-64,21,69,-30,58,-3,93,26,61,41,72,80,6,-36,87,33,84,49,-33,-49,26,-42,45,-17,-96,-39,-10,13,87,49,57,-72,57,-68,53,-62,76,-22,91,66,77,91,80,-68,14,-83,33,-65,-1,-58,40,0,-89,46,23,-81,-89,-85,-100,-40,59,73,80,100,20,-90,-81,6,97,-42,-19,25,-40,85,-25,-63,80,-47,40,7,1,5,24,-69,-44,-56,-29,97
81,-56,87,9,-21,48,-83,76,-82,21,-11,55,12,42,71,-94,-7,-10,99,-33,81,-86,-98,8,-85,51,-42,93,-19,-25,66,81,75,-71,38,-94,-36,42,79,-41,57,-18,-50,-58,13,94,53,-28,-91,-55,92,-18,-30,53,7,-9,-3,-82,5,-100,-19,96,26,-11,64,2,30,21,-74,63,-11,21,-19,-8,-2,-58,56,-17,20,96,42,43,-81,63,2,-29,-61,10,-76,17,-96,-22,42,-70,-39,-75,83,-44,85,-25,47
55,76,-90,43,71,-74,-14,-32,-67,-60,78,30,-18,-87,17,-22,1,68,-1,12,-3,-57,-16,47,3,1,-28,-64,0,14,-82,-8,-41,-76,-96,95,76,-85,-17,-86,65,96,78,-70,75,-29,11,0,37,-76,98,-18,79,59,-35,-9,-49,89,42,-66,78,4,61,89,93,-73,83,-98,58,6,72,89,32,10,-3,71,-88,74,13,-55,-89,-49,-52,92,61,-28,-77,93,-83,-55,45,-28,-37,-41,45,85,-64,0,-83,-31,-61
21,-90,30,-20,-93,-77,-42,-26,34,-65,-26,42,67,39,37,-98,-38,-41,-93,-77,-70,-6,-60,-23,-78,31,-79,-95,-6,-78,40,-15,41,26,82,33,-39,58,6,-43,-66,-84,34,81,68,-95,86,64,-26,12,-89,100,6,-67,-48,-32,82,-40,-32,96,88,-51,76,-80,38,35,6,-84,-94,-47,-55,12,63,43,-75,12,-5,13,-53,-49,96,90,-55,-72,96,15,93,53,-54,52,-74,-12,-78,-7,-38,69,1,92,77,25,3
