-40,85,-16,46,-13,82,21,-25,-98,-45,27,-90,45,-10,44,-62,-65,92,78,-37,-19,-85,-91,14,97,51,-63,-51,-47,-90,3,94,40,73,-7,-28,29,23,-52,63,-62,22,65,-70,8,-34,61,-11,-15,-94,83,-69,87,-46,25,-58,-13,-7,-27,-22,-100,-39,91,75,77,23,92,2,-50,-64,-54,94,5,-60,-55,-79,-69,-100,-46,53,-83,7,-69,-18,-12,-8,41,-13,-3,81,-47,-82,-47,21,-73,-86,-49,-5,-65,80,-9
-99,61,-75,-70,-88,-43,35,-60,69,92,53,-1,-34,-24,-90,96,-53,-97,30,63,-91,59,-73,-2,3,-40,-88,-85,-53,-51,89,99,-74,86,-59,-11,-81,-87,99,9,100,74,-76,-29,-24,7,-63,37,38,-60,-21,61,-27,44,100,-32,77,81,26,-60,-69,-66,-16,-60,-41,-22,-15,71,16,-94,-98,52,-24,-33,-37,-42,29,-79,-12,-4,100,65,12,84,-99,-27,-51,33,77,89,0,-61,-53,-58,-14,-60,-94,76,-45,74,17
87,-27,-68,-31,-10,-80,-49,39,83,-17,17,72,-42,-16,73,67,-26,86,-87,-69,75,-49,85,-43,-69,86,53,-52,-38,80,-63,-39,-85,-61,72,-76,-24,4,-54,18,-94,100,50,55,93,13,62,-35,58,-73,71,-72,71,-33,19,-72,-71,-40,4,-14,-74,52,-81,42,-84,30,18,-25,44,87,6,86,-55,-61,-57,-4,63,-23,96,62,-58,99,0,-62,-28,66,45,85,-9,-19,-100,27,21,-27,-1,88,-35,52,-93,-78,-73
-35,71,-63,15,84,-61,90,84,91,48,16,99,-71,62,-100,57,-97,70,-59,-90,-30,-88,34,-98,36,35,-53,50,78,-58,-63,32,-66,51,35,-64,16,-56,-59,-23,-81,-99,98,-25,-44,-29,-54,-53,-80,-95,-2,18,9,34,-34,-5,27,46,-59,3,-82,59,80,-1,54,94,46,32,59,94,39,-3,16,-9,-78,-69,-52,36,-63,27,35,-70,-11,43,-4,31,42,60,26,84,8,-87,-44,60,42,66,-68,81,12,-20,-69
69,12,-84,48,-32,10,10,18,24,50,-26,3,-24,80,-39,23,53,-17,-85,58,55,-29,11,-9,7,72,70,16,37,-35,91,-77,-95,-100,-76,-55,48,89,-5,-21,-90,-29,-24,9,1,-74,63,-20,-36,-22,20,35,80,86,83,-97,16,-28,95,-98,48,81,-5,-79,-56,-25,97,-3,2,-36,-42,9,-86,-2,97,-13,-23,18,-99,62,83,-59,-61,55,13,-80,-45,34,-66,-97,90,95,-8,97,54,-13,73,59,-6,-45,-55
-44,11,-28,-1,55,-64,-3,57,-96,0,86,-14,83,-8,-45,-74,-25,24,25,1,-8,-44,18,51,-89,10,-48,-91,-53,68,-22,90,84,5,18,43,94,83,-1,-42,-51,56,-14,-6,-52,13,100,17,-37,-46,34,6,48,-4,77,6,92,-30,51,86,-81,-31,79,-57,66,24,-29,84,-72,-20,-65,-4,-97,-96,33,97,49,-2,-28,-21,-77,50,-96,-48,-44,4,-97,-82,72,-9,-77,-23,-29,78,70,-26,96,78,46,37,-3
-36,-35,-52,-56,-58,87,-92,-50,87,61,49,-77,-49,7,-95,95,31,-53,6,-1,-99,-49,-88,-59,-65,-85,65,-14,-69,-83,-80,-89,-19,96,-3,-31,-9,89,-39,-13,91,26,9,95,-68,47,82,38,-95,-12,-9,-86,-90,73,5,-91,87,-20,-30,-52,-19,-64,25,-88,73,46,45,-63,94,82,-71,-63,31,32,-41,-81,-43,-93,-31,-70,18,-32,-97,-86,7,-87,-51,58,-93,3,-39,-28,-85,-39,-58,71,88,28,-42,72,47
-55,33,91,36,-66,87,-61,53,-51,28,-4,83,-90,24,9,53,-43,19,99,-83,-59,-2,-20,13,6,-72,-54,-98,-3,-85,65,18,-67,20,21,-11,95,-69,6,15,-41,46,91,62,-80,100,48,15,-97,89,48,22,66,-98,74,-25,74,-28,43,17,93,-5,-16,82,70,-37,-88,22,37,1,-52,57,61,20,85,61,-63,83,57,65,26,-82,-85,95,75,-36,63,1,17,-27,69,3,66,7,43,-21,17,17,79,-97,-2
-47,87,60,32,-26,-84,-50,37,59,81,62,23,73,12,-11,14,82,-24,-5,-22,39,-95,43,-6,77,89,98,66,-44,-29,10,92,-93,66,-45,-23,99,-65,33,71,-96,-7,-19,-85,94,97,-26,-60,-83,-67,-91,-5,-93,9,-43,-30,54,90,-82,-3,-51,53,35,100,87,-39,45,-8,-14,-68,-46,66,-31,11,-72,-78,-96,-3,92,58,98,6,-46,54,-61,31,-1,-98,-80,-6,-6,87,-72,-23,64,10,48,78,-52,76,-55
-16,-95,65,-90,12,-34,-96,59,0,-82,7,-88,-36,-3,-7,13,59,-65,-27,0,-64,-77,-31,-74,32,-99,-95,84,64,17,-18,-75,24,18,-15,70,-37,2,-89,91,-42,11,39,-68,53,59,-22,46,-13,-2,82,-75,35,93,-56,17,-43,-18,-31,-37,43,-70,-5,-47,-25,57,33,-73,90,-34,60,-57,-68,96,59,-83,0,72,4,94,-77,-93,19,30,-12,-89,55,-92,-47,47,-45,-73,11,80,-68,80,-14,89,-25,83,-28
-38,-40,-25,21,29,49,-85,-73,-9,-56,-72,-33,-6,-33,98,-21,-96,-4,79,-93,34,21,3,-4,-33,-12,90,-27,59,-24,50,71,34,56,-94,80,-3,85,-72,44,-32,47,94,-23,-17,-73,-52,-8,67,-76,34,-27,-29,-25,-8,70,-50,-37,-89,-35,60,24,18,-89,89,36,51,-80,16,36,-11,14,88,-4,-60,-5,34,-90,51,-97,98,56,43,-70,-25,5,57,75,-81,-28,-7,-5,-17,-41,54,23,-33,92,18,-43,-55
-4,57,-61,16,-93,-1,3,-100,-57,-67,-2,-44,-40,-95,-61,-14,78,54,-99,-69,-13,46,-6,-93,97,-59,-55,15,-68,-13,-61,95,-26,85,70,-44,-78,-29,32,-8,-79,-97,23,-77,-55,3,83,-78,14,-35,-79,84,-4,99,8,-47,-6,93,-91,1,-8,63,-31,-93,-61,84,28,-9,3,47,92,72,-71,9,-54,-11,49,13,-48,-5,-81,-70,74,75,72,-99,-21,100,74,59,-53,27,-48,-12,-80,68,-40,-1,68,20,10
-69,66,54,-51,-8,24,-39,100,-73,-11,-65,80,58,-85,-8,-77,-59,69,99,35,20,18,83,30,-51,55,-100,-68,72,86,-1,-10,24,-18,55,28,-97,85,-8,0,76,-9,-6,47,76,-7,89,-32,-80,-73,24,-46,-36,45,-9,6,77,-93,-11,-95,-11,44,44,-65,34,-41,34,46,80,-15,-89,-20,-38,47,27,-3,47,84,-81,85,74,-63,-99,-17,3,47,-63,51,-87,58,85,51,95,-26,-64,-71,-40,-77,96,23,29
-86,-18,-11,-62,-90,-56,55,24,45,-68,12,66,-34,70,88,-97,97,83,-51,93,26,-69,-95,-27,0,64,90,-13,-21,-1,19,97,21,65,73,82,-4,-93,39,-31,-15,-63,-45,-58,-62,29,51,-14,-71,-43,60,-91,51,-12,95,82,-96,84,36,0,-80,-88,-64,44,-27,-43,-60,88,100,12,-41,-92,-94,33,-7,-3,-14,63,-25,-16,71,-7,43,83,-85,13,77,32,-46,-80,88,88,-9,75,-63,-28,44,66,41,49,59
-16,41,-7,74,58,19,-90,82,-65,34,-35,-41,86,49,8,48,95,-55,-29,-98,-96,-96,47,-48,-46,-24,-20,-89,-80,47,-58,-57,-63,74,-5,8,-100,50,-84,-60,-90,-34,73,71,70,55,23,16,84,-26,54,59,84,28,25,-36,23,-74,-10,-42,95,25,-100,97,73,25,92,31,-62,-72,73,26,-10,66,-96,7,-2,2,78,75,-13,82,87,7,55,33,-33,-57,-75,87,-97,-33,-14,34,-40,68,-69,-98,89,46,8
41,81,-92,11,93,42,21,-63,-95,81,-55,-43,-24,-37,-64,57,92,43,20,99,-30,91,24,55,-55,31,-90,15,-15,-8,20,8,48,59,-47,-60,-58,60,-73,35,37,-63,44,96,-80,82,33,-52,52,80,79,-1,-94,81,-54,10,13,65,-54,1,-9,98,-96,-19,-39,2,-58,9,96,66,33,39,92,-77,-5,-97,94,-11,-96,76,-9,-13,-76,-95,38,79,-96,-95,68,94,-60,-98,-33,94,85,-82,-55,8,64,97,-19
41,30,-29,21,24,96,48,67,-33,-73,57,-13,-96,98,76,-90,95,-19,-84,3,8,-75,-48,-91,-92,-55,-99,51,47,-45,-80,6,-96,44,-20,-80,-76,90,-86,49,8,-46,-67,-47,-92,51,59,-13,53,-17,-47,81,-36,51,-24,-69,18,-13,-82,-25,15,10,13,-16,-87,14,28,-22,64,24,-10,1,71,82,-99,40,-20,91,-100,79,82,-79,-100,-31,49,-87,94,-6,-7,10,-75,-52,-86,34,-59,45,51,24,47,13,1
-70,53,90,29,-90,33,-27,-26,-47,-79,-55,62,9,10,-99,-86,-56,-78,-11,46,-18,76,-32,-26,-80,-28,51,23,12,-35,-71,-64,-34,51,-70,50,96,20,57,77,31,38,-71,-31,40,-97,80,-18,-89,31,63,-33,-17,-98,91,2,-91,-15,55,-82,58,-41,-92,-23,-53,-99,66,-67,17,-44,-53,-37,77,-56,79,1,-13,-72,-3,-49,80,-54,46,-57,60,-77,-1,91,-12,22,22,43,-73,-72,-19,-46,60,95,-69,-7,-90
-41,-57,-38,-99,52,-100,-31,-44,12,-90,-51,-10,32,-14,-83,-4,-15,63,10,-74,79,13,37,-77,-92,79,47,-8,-52,46,-17,-81,94,84,48,17,-12,89,-31,-48,-56,-99,-39,63,13,-12,67,-80,-89,-54,-26,-98,-83,45,-31,0,-33,4,72,-25,5,60,-48,-83,64,2,-60,-91,-87,-46,-15,46,10,20,-8,22,-84,33,-93,90,-82,-37,88,38,-16,-71,59,-13,57,-51,88,17,40,55,-37,70,-47,87,94,-38,25
-67,75,-5,37,3,93,-21,-62,9,81,0,67,33,-25,86,-27,88,-57,3,-68,-94,69,75,-41,49,32,3,-98,-24,23,79,-21,74,36,96,83,29,-4,-13,78,-67,2,36,-37,74,-73,46,3,80,61,-12,-81,8,-32,92,-32,-93,73,3,-12,-88,0,42,-79,50,93,94,-79,65,7,-21,-98,-56,-59,39,-67,34,-94,-70,38,-28,-73,-18,-91,43,81,-31,-15,85,-35,31,-53,-52,-75,-10,-19,13,31,-99,-84,-19
66,44,-96,-16,76,61,-54,87,-99,7,10,-15,86,-61,55,21,-3,-99,58,24,-54,22,-62,92,-9,9,3,32,90,38,98,93,57,39,-27,-11,98,-13,60,-32,88,45,31,-46,26,74,-99,-9,-3,-53,71,46,97,-70,28,85,-92,-25,40,-72,-11,1,-9,20,2,-69,75,26,-41,-38,-48,-72,-32,-76,-25,-91,77,-47,-2,72,0,-58,-67,18,44,65,47,-38,51,-38,61,92,-8,6,-94,88,-47,-37,16,-61,91
7,81,-14,-92,73,77,-19,75,-54,97,-14,43,-73,-29,-23,52,-16,25,-34,-2,-86,36,18,63,-86,50,0,-24,16,32,67,-61,-27,55,0,23,29,-24,27,-92,-12,55,-85,49,94,37,-27,-21,38,-79,-89,68,-74,87,-17,-11,78,50,17,-30,93,63,-97,-62,-62,40,19,-20,-44,-35,80,-46,51,40,20,-22,48,5,74,58,-97,63,84,-72,84,65,60,98,-31,-26,-42,65,-17,-79,61,-52,-97,-65,72,-46,-28
-69,-22,66,78,20,-29,33,11,95,53,19,91,42,0,46,75,49,13,-54,-7,-27,73,-7,60,57,7,59,-13,-99,-6,81,79,-70,22,18,-6,-95,-19,89,-29,-73,-28,3,49,32,92,-26,13,-6,-56,-76,-65,55,60,-2,7,79,-11,-77,-17,-80,41,31,-17,-47,-44,90,-80,-99,-5,99,-85,32,50,-35,-13,-81,32,8,-99,35,1,-37,-11,-58,87,78,-59,15,53,-34,-27,-5,78,87,-78,27,69,41,-76,-7
-43,-83,2,-96,-8,1,33,70,17,78,88,-97,-65,-14,-91,-32,71,52,-16,-85,67,-10,-51,0,-34,51,-36,19,99,-86,-64,-62,79,78,46,-46,-97,-11,-71,-83,-81,-71,85,-78,-94,-76,-3,-11,-66,-61,-98,-1,-55,-16,-58,58,-90,69,37,-26,-31,83,39,-44,33,57,92,-99,80,-98,-89,53,-49,-55,-23,62,-89,9,-67,0,-71,45,9,-81,15,-62,87,-20,21,-50,-68,-1,7,-35,-37,37,-69,56,56,-71,-15
5,-6,-89,-89,-68,-46,64,56,-60,-15,-46,-75,35,-66,-15,-31,4,6,-47,80,-99,31,34,-64,-63,-84,-37,-74,3,80,47,87,40,67,-94,-89,-70,0,-24,-24,80,11,-28,-78,67,-7,-98,-72,-64,-1,-19,93,-18,-36,61,-99,-79,28,-15,-48,-3,-23,38,57,-6,-13,-83,-83,65,-36,-37,-77,-54,-1,78,89,39,-1,15,-99,-35,-43,-95,-67,-92,-89,-45,13,32,93,-9,15,15,43,-75,45,-82,-30,39,42,51
83,57,-21,52,-38,-69,-47,90,36,92,66,37,70,-48,21,-87,7,-67,-62,-72,23,-11,54,69,-69,3,-56,67,-68,28,18,-96,31,53,-68,-88,13,-74,36,-42,-53,23,-35,72,4,94,-33,-9,-69,-93,88,-45,82,-77,-38,-52,-38,-76,-15,-71,19,-99,-95,-5,10,67,96,49,66,18,73,-3,-53,58,-49,79,6,18,-17,68,-41,-83,30,89,66,-26,32,67,-93,-9,1,-32,92,-14,7,70,-12,72,-63,-69,98
6,96,-96,32,91,40,-16,24,-19,-33,-13,-6,59,-14,59,-83,-61,-41,34,35,-72,-7,-61,3,64,-87,-74,-73,29,-9,47,-23,-66,-3,-11,-89,95,-88,-25,-69,17,29,82,-9,-99,60,-15,34,48,100,31,72,-69,-52,28,79,-12,33,-89,39,-86,48,-12,84,-8,95,-24,51,-10,82,89,4,-68,22,17,62,-46,58,-18,-51,2,41,22,53,-36,-83,94,-78,-1,-42,61,89,-51,2,-82,84,-75,-90,49,-31,-30
-27,55,57,77,27,-87,-43,-21,30,58,-57,97,-27,-43,-97,23,-17,-3,-19,48,69,-94,2,14,-88,42,93,42,32,1,-9,-9,53,35,-17,0,6,-36,77,60,79,-48,-94,-55,11,91,-50,72,-65,-58,-7,82,90,-59,-17,82,-16,-81,-54,-43,-100,-70,21,-55,16,-97,-21,-39,-81,-33,8,69,2,49,43,-1,13,-62,98,69,-54,-11,68,14,41,29,-44,-41,-37,-85,-74,52,18,-33,-40,-38,52,-54,25,85,23
30,76,25,-79,74,-70,-37,-71,77,51,95,-96,10,53,98,18,-21,-79,85,56,-78,-89,-18,6,20,-15,73,90,-27,-41,-1,66,-96,-39,42,-50,100,-13,76,97,10,91,22,-58,80,82,29,96,7,-38,-13,97,-77,-44,33,49,42,-4,-48,-37,-86,-24,57,20,-95,-13,-70,52,81,100,-95,58,-17,61,-100,39,10,-8,21,98,25,64,-53,97,7,28,-81,99,64,100,-73,-55,38,-4,-25,-100,95,37,-2,3,58
-17,-20,-93,57,-72,-55,-95,63,-22,83,-79,53,-87,45,14,8,21,-22,72,-76,9,-86,32,52,-20,-56,13,80,71,61,68,-50,94,59,-22,-77,-58,57,-13,-90,30,31,37,-87,75,-80,-8,-14,65,-83,29,57,67,-80,81,-99,-49,55,77,65,-94,-88,-29,80,-39,-38,72,-77,-59,40,-41,-16,-80,96,-1,81,8,16,-97,-62,-32,-52,2,29,82,67,-40,3,17,-24,-2,-92,40,-17,-84,-61,-7,-16,39,86,-57
-20,-62,24,-84,4,-90,85,-39,40,-35,84,16,3,-77,-9,-12,-96,-33,4,41,11,30,4,-29,56,-81,-77,-2,22,-81,70,65,-4,25,-14,-54,23,-69,11,58,-84,29,25,-1,86,18,-93,-46,79,-32,7,-54,-60,-18,-79,0,-51,-34,-35,-51,9,-80,-69,39,-17,75,-93,-35,-55,-69,-14,28,-45,-87,3,52,33,39,-33,-91,79,53,47,-51,-7,-62,-39,-88,41,-33,73,-37,48,5,-92,84,27,-25,-90,71,23
11,66,48,50,81,3,-38,-33,18,69,23,3,87,86,-37,-2,-89,-64,5,26,-46,78,13,51,-1,70,-91,-14,11,-8,30,66,-89,-23,95,-94,2,68,94,-99,-63,-18,-96,32,6,-70,62,-25,67,-51,26,38,-84,43,33,82,-25,-3,-48,-4,93,-75,13,-28,16,97,35,-75,29,-27,-21,-62,28,-97,38,-45,-61,23,-9,4,-1,-41,65,-70,49,18,-2,57,9,87,-58,-22,80,66,55,-48,19,-55,-33,5,6
-64,-8,99,71,-6,25,5,-24,-28,23,-34,-94,-80,30,-51,-30,-39,-61,-35,-60,-49,3,-72,-22,-93,-40,-34,52,-86,24,74,-37,-45,34,-9,-74,-49,-90,37,67,90,79,12,7,22,87,-25,-45,-82,-88,9,26,11,-62,15,16,70,78,60,-11,64,81,54,50,-58,-42,86,5,-71,31,12,58,-60,-10,32,23,39,53,83,81,-92,53,72,72,4,40,55,-83,-17,47,-95,-47,62,-59,-6,-17,3,-32,97,28,-7
51,-28,10,88,-28,8,24,95,7,-17,73,-16,19,-50,-81,-71,-38,-33,-59,17,-89,42,-62,12,6,-67,6,32,51,-4,89,-55,-41,-88,49,52,47,55,96,42,1,-50,80,0,-72,-37,13,-75,98,-77,1,5,79,93,87,-93,21,-16,-43,-73,-63,-61,0,-13,27,-69,-95,41,78,70,-48,-60,-25,55,-40,80,60,50,-12,28,76,63,-45,41,-62,-26,-63,-74,-94,-5,38,-15,-90,-19,-48,40,-95,66,-95,55,62
76,-18,-100,-6,64,-92,-4,-58,-7,-99,-34,-77,95,80,100,36,-88,-5,93,-31,-80,81,-64,16,-99,24,6,-2,65,-90,26,-2,47,17,92,85,-83,-82,65,-78,-51,6,79,-80,-6,-87,-5,30,9,59,-94,-2,-18,56,37,48,31,-84,-13,-65,44,3,-36,32,-79,55,-92,59,-6,-67,79,13,85,85,-34,66,-12,72,-28,-63,-54,42,-12,86,-96,-12,23,-5,78,6,-40,-85,-36,7,-67,-78,-28,-82,18,-3,8
63,-37,64,100,28,70,86,92,-40,-25,53,12,70,29,-47,48,92,-16,-82,-83,93,11,-11,-77,72,92,19,69,-94,-26,96,-53,-7,11,26,16,-41,-60,85,52,-94,-33,84,75,14,99,-3,49,92,42,-75,64,-96,28,-22,49,91,13,38,-93,-82,92,71,87,-14,39,-23,-40,-30,-5,38,80,64,-27,30,38,28,-96,-51,-49,8,43,79,-74,-81,2,22,-11,32,-2,-94,61,-16,-22,8,60,-100,-1,-77,10,-54
98,82,53,23,12,-32,-100,19,19,93,-10,-97,43,5,56,-29,-97,-2,-36,-18,-86,-33,4,-11,45,84,-19,-75,59,6,-47,-95,-1,-26,87,78,47,-82,-26,83,8,42,-33,-60,46,96,80,3,-70,-69,52,40,49,-26,2,-7,13,64,77,-2,68,-31,40,-86,-30,75,-76,-61,-21,78,9,-18,42,26,17,78,92,35,-40,12,-49,81,-92,-73,11,-55,97,34,43,89,-20,95,93,8,-35,-70,70,91,69,-10,-86
86,24,-13,-45,-76,-19,-26,-31,38,-16,-83,51,74,-39,48,0,64,-58,-46,41,0,59,51,24,25,-32,89,15,-99,62,84,21,-50,-92,-74,30,57,6,22,-82,-33,82,13,5,-15,48,91,-6,77,-89,76,40,-29,-49,-38,9,-88,-54,-13,-32,-18,-7,-8,48,8,48,-89,-53,55,29,-37,-54,19,17,-84,52,-45,55,34,-92,-14,64,-44,14,4,88,65,76,-51,79,-80,-9,93,-64,40,-13,77,60,-75,-57,-73
-31,78,43,1,64,-88,44,-50,52,80,39,65,-77,-54,42,-65,44,-60,-15,-5,-85,-44,35,-81,54,50,35,71,13,75,98,59,-74,-96,-77,-10,-70,26,78,55,44,97,11,-79,3,43,-15,37,73,33,-98,-56,62,-13,-78,-13,67,81,-24,-92,-98,-53,42,-93,48,20,-96,6,-10,41,56,10,20,-63,-88,-5,15,-23,-26,14,-72,-45,-83,-98,-77,20,-27,-38,82,-98,-94,24,80,63,49,-17,-54,-49,-90,-40,87
-27,-100,96,94,61,34,-79,-65,52,-79,21,51,-58,-61,98,67,-95,-51,-4,-4,72,13,89,-24,11,-21,49,-41,22,84,-92,-99,-11,-26,46,-6,-86,-58,-6,-54,-42,-9,73,-78,-35,-17,-5,42,-20,-55,95,9,-2,90,-34,15,27,-92,86,15,-32,34,88,-10,31,-22,-44,66,16,50,27,-45,4,94,12,31,60,-97,-21,16,-85,-45,31,-82,20,-69,-9,91,-28,-98,-9,-4,91,-28,22,-16,55,61,78,11,-19
-77,-99,11,-18,-34,-4,10,-26,60,65,8,-98,-34,-89,-91,-95,37,-9,-32,-36,64,-86,-79,46,33,75,-27,-65,45,-48,73,-40,83,58,-39,99,-80,-39,-28,16,65,-60,48,25,85,65,36,-38,-10,-37,87,36,-70,24,-21,95,-76,47,72,71,88,-11,23,22,-28,4,-40,37,26,-42,59,-32,84,-54,23,-66,44,-79,66,-28,-79,-32,0,88,52,-41,-66,42,-68,1,70,46,-47,51,39,43,-87,-50,-85,-68,-14
68,-97,-21,-72,61,93,-63,21,-75,-32,47,77,100,0,-25,-88,-26,-48,-80,-74,-82,-84,-49,-35,66,99,-95,92,-53,55,55,54,-98,95,51,-26,-39,-13,69,-78,-40,92,45,-99,1,-95,93,-51,-7,-77,63,43,-72,48,-44,-96,-20,-17,21,18,-4,55,59,95,-54,-39,23,-27,-99,81,-26,-42,-61,-15,71,69,66,-91,85,42,-26,-25,24,-63,31,-2,90,3,35,38,70,54,-89,97,-24,-59,44,100,25,-27,-28
10,51,57,-8,-93,46,86,-84,-83,8,-98,8,-3,-95,-100,27,46,-83,49,-64,-6,-39,-76,65,95,75,-1,66,-32,65,94,18,58,76,69,-51,93,-94,-72,-45,79,-55,-28,70,80,6,100,-27,-15,-12,22,10,-24,-83,98,97,15,0,-78,-59,-73,79,52,-35,-32,-53,50,43,59,-92,-18,-11,65,-24,-100,74,-1,-32,9,91,-69,45,93,100,50,16,30,1,-55,13,-72,-34,18,7,-14,68,4,11,-83,45,-34
-51,-18,-31,-15,98,-71,13,79,-2,-43,-42,68,-7,76,46,43,-33,94,-87,-3,38,-12,-65,88,69,6,-73,31,43,89,56,78,-29,-70,61,-96,-21,22,-28,-98,42,-100,-97,-83,94,66,80,89,20,-59,47,-8,-96,-29,60,-7,-76,39,-98,41,-57,-49,43,-5,-91,-94,-6,22,-97,8,-14,53,-48,55,-87,-52,20,-20,-16,44,-98,25,15,72,-41,-47,-39,34,-49,66,87,-90,-84,-55,9,44,11,-30,-12,29,37
-39,79,-21,74,12,7,27,65,89,49,-47,-27,28,22,49,-51,-1,69,89,-54,100,-76,67,-50,-1,-38,68,-91,-62,-14,-9,46,-51,-84,70,49,86,-64,20,-89,18,-31,41,40,4,-45,76,40,-69,-73,-55,20,0,-81,-36,-45,80,73,-50,52,-2,-21,33,91,-30,49,-30,60,62,30,-84,6,-32,93,-69,67,100,-37,98,-45,-25,16,-18,-79,-85,51,53,-70,-100,-89,-77,23,-67,84,4,17,-34,20,-96,86,-92
-54,-76,97,27,-59,87,-51,-37,12,-32,27,96,40,-26,-60,98,-42,-46,85,46,-12,-59,-29,79,24,34,97,5,97,46,37,-29,69,-52,-53,83,27,50,76,-25,86,43,-28,-16,-74,39,-27,-5,-56,-14,-100,45,-62,4,70,-58,-91,-84,27,22,-38,72,-31,-24,-9,-92,-90,43,35,41,-29,80,57,27,36,10,-38,-23,91,91,-87,66,2,-7,13,-85,8,96,91,-74,-75,-59,-94,-44,-79,-86,8,-24,33,-90,17
57,-10,-82,-49,-97,38,-46,95,-33,-65,17,-84,34,31,43,-42,84,-9,-65,28,35,-55,5,-14,-42,57,99,-19,29,-42,-4,56,-22,-9,-82,-46,73,15,-68,66,-77,94,-80,65,-81,-3,-52,-8,-29,-73,97,12,-7,-4,-4,-29,37,79,19,-66,87,71,63,-22,22,-40,-84,-8,-5,-95,-94,76,20,84,-84,2,-94,-91,-91,-1,2,11,1,-62,-56,-58,69,-8,-95,45,-75,4,-62,-28,-64,-98,-41,-32,83,-12,6
-50,67,-27,-75,-55,9,-33,-97,22,83,-25,-45,45,-38,-27,81,-83,-69,28,-96,32,90,80,28,-18,-82,-43,-2,62,85,-81,-55,-6,3,-67,-33,-77,-35,-62,-8,-12,52,17,62,-56,99,-80,58,-56,88,99,-100,-30,52,33,-98,58,-3,48,27,81,99,27,-85,88,30,95,63,83,72,11,65,5,68,-78,19,94,59,50,-9,-13,-73,33,-55,-66,98,67,-6,-62,78,-61,69,-59,-37,46,15,-31,-40,22,34,93
-61,19,-76,-48,-61,-54,92,29,62,84,-85,-15,56,82,20,34,-45,81,1,92,78,99,-71,-30,-34,92,-15,-50,86,-92,-18,-9,6,12,-31,-64,8,-33,-72,-86,-23,-72,35,83,11,77,71,-32,57,-47,-46,-36,4,28,49,21,28,20,-73,50,35,-52,63,27,-46,57,68,-48,-93,-19,-49,37,94,26,3,-4,16,9,11,58,6,17,-22,79,4,-28,-30,-94,-78,0,35,-28,-2,-32,-48,11,-25,-67,-1,94,44
-69,17,74,-100,-95,-9,-11,-46,79,97,-98,-40,93,-74,-79,35,-1,39,57,64,30,35,62,-54,-34,-14,-40,-30,51,-31,-39,37,-7,97,78,-77,-54,100,-25,-11,23,0,10,-27,2,32,-43,-74,16,-6,53,20,-37,36,36,94,13,-49,8,-29,-86,86,-57,-68,40,24,-29,-98,-65,-54,-22,69,23,41,89,82,-41,-21,-6,-57,19,-14,-75,28,96,-14,75,-2,68,-18,-3,95,-66,54,-76,96,10,88,-23,-80,-16
-61,-91,5,54,-19,-26,77,-73,95,26,50,74,-16,-19,-21,51,-16,66,38,93,31,88,-46,67,45,-19,-83,90,-99,65,37,-53,9,36,-87,80,-70,-31,29,63,50,80,-80,-24,30,-18,34,1,-15,-90,26,-7,95,2,-91,-99,17,20,24,83,-1,9,-31,-9,64,-17,-25,-67,-10,-95,49,51,-33,-35,-67,20,-90,-67,-46,-24,93,-87,-35,-89,97,39,69,93,36,39,53,-5,1,-53,-36,-20,-84,13,65,15,-5
64,-25,66,-62,-42,31,98,48,8,5,-4,6,-92,31,6,40,-42,-54,15,-54,-44,-17,93,-10,23,24,-80,-66,-55,43,-10,24,-9,-93,2,-70,-37,93,70,-79,90,97,-30,-12,67,49,60,-43,74,-94,47,-46,42,73,-23,11,-37,-17,65,-27,23,7,53,47,14,43,-7,-47,-76,-75,18,-9,-78,47,33,34,87,-79,-88,14,56,71,-75,-75,-93,-63,-87,-50,-20,-13,62,-84,-77,-90,-82,-88,-58,24,48,-20,91
-28,79,-60,40,96,65,50,-39,-46,21,-88,-1,-72,88,-92,-5,-43,30,29,44,28,-18,8,6,-39,-82,40,99,85,-31,-53,76,100,48,-55,73,68,35,63,-11,55,-27,-76,-100,28,-22,-67,78,-53,90,-51,-75,27,38,36,98,84,89,-12,-81,3,48,-28,-60,25,-69,80,-5,36,-59,-14,97,45,-97,45,66,-57,83,-2,77,52,79,5,-11,28,-17,-51,27,99,-3,-97,25,-41,64,-58,-56,62,67,11,-6,-64
56,24,-80,-91,-49,-70,-60,68,-96,-21,-16,-46,18,53,28,76,82,-40,90,12,-70,76,4,-17,-12,33,13,-6,-52,-28,46,83,-52,-70,-9,-30,82,-86,51,25,14,-61,20,60,-3,15,-70,-9,68,-9,42,-32,-31,-97,-100,73,63,20,68,69,-55,80,-33,64,46,-48,31,6,92,11,-42,69,70,52,-25,-83,-16,-76,68,7,-4,-22,-70,33,9,-22,-12,97,-22,88,-97,18,-80,83,14,42,-18,-42,-46,-55,-8
-30,55,-24,75,4,79,11,-92,-76,-85,-28,-38,84,-82,-56,-73,57,22,-14,9,26,53,25,59,-19,-8,-64,-3,-62,58,84,-77,-44,9,-53,57,-53,-76,22,31,-41,51,9,-21,-100,-9,9,71,-92,-12,-22,13,97,-42,84,47,51,16,63,1,17,-53,34,-48,-68,43,-30,88,-87,75,12,-45,-35,72,-29,-1,-83,23,-3,-82,-70,-59,14,-26,37,-78,95,65,37,-51,24,93,-18,-31,-3,-26,56,-99,97,21,10
96,-24,11,91,59,-42,-11,42,90,-80,26,44,-92,82,-23,-21,-25,-30,-12,54,-100,61,-66,16,39,50,24,13,-82,87,67,-8,52,70,-51,-72,31,30,34,-92,38,-20,-41,32,9,79,100,33,76,-13,79,-42,76,39,-71,3,-13,99,-20,-9,89,64,-79,-64,-92,-8,-80,85,-64,-67,5,-21,77,14,-68,-55,-36,-75,100,-12,7,-97,97,31,98,34,-80,-20,98,74,90,33,-68,32,-66,87,-17,57,67,93,24
-92,39,67,-47,-69,60,-33,-43,-45,-46,-63,-100,-83,56,-44,84,-55,37,-78,-28,94,-27,41,-63,-70,-42,-70,18,-83,-76,-28,-4,-83,-82,40,-3,1,-8,-45,79,-66,-41,87,-59,-27,90,-28,99,64,-1,34,-53,-25,-27,-10,-46,-17,-12,75,21,66,61,32,9,92,53,79,24,58,3,-30,-13,-30,-22,86,-71,12,-73,-97,94,-31,-94,-22,-93,-18,-62,-80,35,-5,76,36,-86,6,-47,64,-20,-84,96,-42,-22,-53
85,67,-57,-72,99,65,29,-21,32,13,-22,28,94,47,35,-43,43,90,-22,-34,-36,-32,85,-13,-27,-16,61,78,-84,-57,-54,91,16,-22,45,35,-34,-25,-64,-96,40,10,-95,-41,58,15,-74,-26,26,-95,-45,-9,97,-69,67,45,-81,-33,-44,-42,47,-77,-55,86,37,30,-86,97,56,-97,76,-39,-65,33,19,-89,96,-34,-53,85,-69,79,75,-21,78,95,96,-13,62,66,-90,10,40,-42,91,74,-24,68,78,-5,13
89,10,50,-80,83,50,61,-53,38,-98,-16,74,-95,51,66,-31,-12,33,0,48,-68,58,51,-66,-44,-10,69,-92,-85,-16,-53,3,35,18,4,48,88,-52,63,-17,14,-65,-77,-51,55,-93,-10,84,80,-40,-20,-3,-44,59,-81,98,-63,-92,67,69,63,-47,-21,-70,-2,-81,-80,12,-68,63,30,39,-57,70,3,-69,-75,-26,34,78,86,-72,10,-37,-72,81,-46,-9,-80,-53,-59,10,-16,70,87,-50,69,-31,50,46,-82
-95,18,19,60,-1,9,-33,77,-83,-42,-81,36,-98,43,-15,39,60,-20,12,31,-2,69,-82,41,-90,18,80,28,-63,19,86,99,-51,70,44,75,-1,-5,-31,59,-43,-30,-69,-50,93,73,-54,-40,-77,-41,-50,87,50,-12,91,71,-100,-64,-24,-71,-86,61,-79,-39,-3,-90,51,-56,-2,-10,30,56,45,-68,70,2,14,43,22,40,-61,5,3,83,-2,20,41,60,-1,-34,-70,-40,-33,83,10,-11,22,-27,-26,-55,13
1,-76,-60,11,74,-76,74,-10,16,-78,19,82,-91,-82,-14,34,-45,-27,-56,79,14,-38,78,50,3,18,17,5,-31,-63,-53,4,60,62,-21,-88,-57,60,-61,9,-37,46,11,0,-72,-24,61,24,-100,-4,-15,-48,-96,20,-27,-97,1,-99,3,5,23,52,12,39,-34,7,-33,87,57,28,71,-77,-57,60,95,50,-95,-31,84,-86,75,46,36,-37,1,-99,-12,15,29,-88,70,-18,22,2,63,-15,-23,54,-70,-34,-52
-66,82,2,77,73,77,-68,-12,-82,1,21,-33,-95,97,-33,44,52,-90,-75,95,57,-84,-38,-52,-36,-11,-54,-44,78,88,-42,-26,-54,-49,66,2,-9,70,18,-60,-46,36,-7,-26,-56,73,25,70,-21,-30,-41,-52,-23,2,-72,100,-30,-65,65,-70,-2,-63,-14,93,87,27,-66,-15,42,16,-82,-2,42,28,0,16,-14,52,95,-28,-53,81,-81,6,45,-44,-52,-82,35,38,2,90,85,-69,-88,71,28,-39,-27,57,67
-48,-92,-31,-12,90,-100,72,-49,-16,93,-90,-95,50,-70,6,63,-1,0,41,-51,-61,-43,7,7,-70,47,-15,0,-94,-35,-36,-29,-17,34,69,-36,84,32,-77,88,5,-38,81,83,38,-32,24,55,-38,51,-35,-16,59,74,56,-1,48,-62,29,-83,15,-6,10,77,36,-46,46,-50,26,25,93,5,26,49,-12,17,-21,98,37,34,48,83,-45,-77,-95,31,61,92,26,71,-12,-57,-71,36,-92,45,61,-51,-32,96,-14
43,22,1,69,-41,76,42,27,-33,-4,7,78,-100,43,-87,32,-2,25,-72,-41,19,33,48,12,69,10,-60,81,-1,11,89,-77,89,34,76,25,-23,-21,35,53,-76,-36,-24,98,9,-34,-92,98,-82,23,24,42,-95,45,33,69,-37,68,91,-91,-14,23,37,-94,88,12,-20,26,-100,24,0,-23,56,76,-75,-19,52,-81,14,54,-9,-100,-60,35,-34,-35,51,83,-30,91,-46,22,-23,73,-32,100,-20,77,56,94,97
41,38,86,-49,36,-89,0,-9,43,81,-45,-32,28,-46,-39,-85,94,-76,-11,-95,44,-5,-88,73,59,-14,7,-58,-97,59,67,64,38,-51,-85,-24,82,-24,93,85,98,34,-24,-73,25,29,18,-18,18,-10,-37,52,-78,-56,13,8,76,-41,73,10,48,-64,-5,-77,-93,-85,64,-26,68,78,-51,98,8,-36,-62,4,25,55,30,-74,72,-78,47,-24,30,52,-32,84,-100,-63,19,-44,-7,-58,-68,-79,-21,-29,-81,-67,46
15,-39,-3,-83,96,81,-63,4,-40,59,91,24,-51,29,91,56,25,-88,38,52,-95,7,-61,22,-30,16,37,-53,-77,75,-69,-52,57,44,-82,19,-19,98,92,-49,-33,-95,-71,41,-78,71,-92,-11,2,-33,-54,20,-78,-57,-89,14,-78,89,-17,-68,-66,84,-25,67,25,6,-17,-60,9,-82,-52,94,42,-79,50,72,20,-78,22,59,13,-96,-18,-81,99,-90,-89,-66,-81,6,6,-59,-21,29,-9,-78,-74,-63,56,-23,-31
79,-33,82,-92,-66,67,38,98,-99,-72,-67,41,-88,38,-40,60,25,51,-58,-3,-91,45,2,27,13,93,-54,24,-69,-47,-97,-88,68,-9,-3,-46,60,-85,-68,96,30,97,-98,51,-9,-33,31,-86,65,77,49,-39,10,-54,34,16,67,-18,35,-39,96,-37,-24,27,-62,47,-18,79,14,-10,-7,-30,-16,77,94,96,75,-62,-60,-56,-10,-41,33,46,-56,-34,83,-15,-48,66,2,-13,-61,59,-13,-85,-93,68,-5,-95,82
-76,6,45,-58,10,-78,-18,33,-56,-68,64,22,89,82,74,-14,6,79,37,-93,17,34,55,95,23,-50,70,-32,23,32,-77,-92,-93,-14,52,30,75,-34,100,14,28,-45,-89,-60,96,82,99,-66,-63,28,89,26,62,98,18,35,-41,-46,-30,-98,68,56,5,-23,-25,62,-88,76,-94,-81,1,-84,-86,84,57,-93,70,4,-21,5,99,3,-42,93,-2,26,93,-30,-9,-18,50,-14,-80,-87,61,-49,1,-93,60,-1,21
-51,20,83,87,-52,32,-15,-57,-80,-78,2,-44,-80,70,36,91,43,84,59,-39,-53,28,7,-12,-96,-53,84,10,-88,81,-64,-80,19,22,25,15,-52,-68,36,47,-5,31,-33,-8,-85,79,82,-40,-28,-63,12,-33,-41,56,-50,-32,-2,46,-52,83,-66,24,-9,-60,75,-89,91,-31,44,34,95,-43,47,27,47,94,58,-97,67,74,-2,-3,42,43,34,19,-69,7,12,53,69,18,-72,70,25,-39,92,-76,-86,46,78
88,40,100,-20,-65,-88,10,33,-10,61,-53,5,9,65,-81,-52,46,11,20,86,-7,37,-80,56,8,3,-24,49,-43,16,-11,42,49,-24,-54,58,-58,-22,33,-26,-81,-40,-43,-19,-47,-26,-54,82,30,-1,75,17,54,97,-100,-86,4,69,-97,-59,-82,-43,-96,-75,6,59,-20,80,95,-79,39,-20,-58,-19,-90,10,-69,-41,14,-60,-46,90,-9,34,-31,-83,-18,3,88,-22,-28,-76,-91,10,-44,4,12,-84,-99,87,-21
-19,-8,76,-68,7,-2,-29,44,21,-2,76,-30,-40,48,45,30,29,-14,-82,96,47,83,-66,-35,-28,-35,46,-3,-51,-40,-92,-53,20,-71,-43,33,30,-59,-24,39,27,80,-43,33,21,34,62,95,19,-53,46,29,33,88,7,-94,61,-66,12,81,-62,-74,76,8,70,34,-80,-56,-54,83,-82,-73,-60,45,17,-80,-17,-3,-65,-79,4,-1,-27,41,-55,-14,-12,33,26,82,-15,-29,74,-20,95,-90,-91,-54,34,-34,65
-49,1,-44,-32,86,-99,-9,47,-37,89,80,-11,-1,3,9,-56,100,-58,-75,56,-53,-4,-75,75,-72,-58,5,100,12,98,42,-34,-37,-55,-34,-92,-55,56,-79,9,84,41,-94,-51,-50,73,-59,-22,46,-45,25,-69,48,-82,85,12,47,-17,-28,-65,-8,41,-93,-17,-46,29,99,-100,15,11,-2,72,82,-9,41,59,-16,40,61,81,-84,-48,-81,48,-6,0,-59,9,34,-27,23,-26,3,-37,-15,-16,84,-67,-25,77,-6
12,-97,58,-78,-44,-33,-9,-68,-17,-55,-95,-25,2,-85,9,51,39,-67,-61,87,-84,-78,-74,-69,-77,78,-7,92,94,-88,99,-84,-77,-54,64,-84,-50,11,0,-52,-84,37,-11,-49,71,-3,-89,90,74,57,-93,-80,53,-95,-37,-49,-69,-78,-30,87,22,52,72,-19,78,12,-1,72,-82,38,-83,-95,-1,64,20,92,-90,-74,54,-32,98,98,47,98,88,-49,64,42,-22,77,67,84,-50,97,-5,-90,44,75,43,-77,-95
50,-41,-44,81,-32,-44,-52,12,-30,-29,-25,-32,57,-41,-26,-74,20,46,31,81,-86,-29,-35,81,5,-1,-96,-73,-81,-11,5,-85,75,49,20,-29,-26,-41,-67,-2,-80,-14,33,47,61,97,-23,21,-30,-89,-12,38,-39,92,28,-50,-39,-14,31,-84,29,-60,23,-2,54,9,22,83,-87,-78,24,64,24,-28,45,-2,86,-69,-87,-88,-42,-21,-23,-70,91,83,21,43,-62,51,-31,20,-29,-89,55,15,-87,52,43,-49,36
-79,-12,47,-40,71,33,47,28,39,62,-92,56,-79,-72,-59,-54,-26,-9,55,-51,72,-25,-48,35,-86,19,58,-26,-22,-100,-96,85,-53,3,-11,7,0,-99,-32,60,42,57,-85,-28,-48,-13,-4,-87,-72,-90,-9,6,-67,-82,-5,32,-87,-97,-78,-18,-80,-66,-29,-94,-56,-65,-32,-100,27,13,-8,-77,34,82,-81,37,-43,32,91,-47,56,-76,65,-57,34,39,-13,58,65,-83,56,100,62,30,17,33,-55,64,38,-12,30
0,8,46,81,-62,16,-99,-13,17,-97,-49,-94,-76,-67,-70,6,-73,84,75,31,-46,-60,31,-19,33,8,-44,-13,0,95,-26,-3,79,-38,66,55,41,83,34,-100,-1,10,7,96,-3,76,-94,-3,-63,13,-62,83,24,-88,-11,-13,-97,89,64,-34,-31,-10,95,38,-88,62,-12,-22,-83,-87,-77,-14,51,-18,61,67,25,62,85,-50,75,99,-57,48,78,40,-50,52,-52,33,-55,-68,-28,-66,17,-89,76,17,-90,35,77
36,-57,-5,18,-38,-1,0,9,14,-1,-76,-4,-73,22,21,91,-23,-57,95,46,-77,17,-43,92,84,21,-7,-46,-74,21,-46,43,-37,-36,0,10,21,39,93,7,-20,-80,-56,33,-45,-79,-80,68,98,35,6,-39,-16,-7,-31,93,50,-11,-7,72,-97,-47,35,-54,-84,-55,21,-21,72,-40,-87,56,67,8,-65,91,5,6,-66,76,91,87,81,-52,63,-94,-85,10,-15,-35,56,-55,-50,74,-73,-31,-31,-26,-33,39,90
-57,16,-38,-50,0,16,-1,-74,-59,20,-94,-87,-85,-74,-58,83,40,96,65,36,50,20,5,-44,75,17,-55,-85,3,18,-66,-49,62,28,-60,44,25,-38,-38,-29,-66,46,83,39,-49,-29,-7,16,61,88,-57,-33,-63,-63,85,58,9,-100,29,-76,35,-50,65,-14,46,-19,6,-37,35,78,-3,-12,59,62,-15,-88,51,-61,-6,73,21,-30,93,39,89,19,-90,80,-55,18,-36,37,26,-13,37,-72,-80,67,95,33,17
-82,23,27,18,-38,-84,6,86,-36,41,-45,-42,-72,68,55,-38,97,-19,25,-73,-9,100,-69,-85,15,-8,93,19,70,-76,26,97,57,91,-96,100,43,-3,-48,-2,-66,74,91,86,62,-53,-10,86,93,-36,73,-9,-61,-19,-18,68,58,-63,5,-45,59,61,-52,94,-99,71,-35,-44,-53,90,70,-8,-25,-17,77,-53,-72,-86,87,29,13,56,32,-2,10,14,88,-6,-86,-81,41,-82,58,-59,64,-86,-83,-4,-25,-19,95
61,49,16,75,13,-72,62,20,-32,27,-15,70,-63,31,-29,-23,29,38,74,-38,45,-11,5,-43,2,2,-59,57,5,41,-21,100,60,-76,-98,-22,31,63,-83,32,58,68,-21,-8,38,-49,75,-99,-62,68,-87,-28,-92,12,56,80,-44,-61,93,-79,-94,-43,-65,86,-48,-61,-14,-52,-20,59,90,-14,83,-29,-89,-72,-93,-98,33,11,-56,8,71,74,-50,16,27,71,84,-80,30,23,25,14,-49,78,27,15,48,-21,59
3,-35,-82,-88,74,-55,-63,16,-63,-46,-50,-49,98,-6,99,-38,7,-94,-6,-21,-40,86,95,-25,50,17,-11,-48,-69,90,52,66,-93,0,54,54,1,-10,64,-32,64,24,100,42,54,21,-15,-86,100,-86,39,-55,31,10,75,-62,89,-13,15,39,-56,-13,-20,20,49,-90,92,12,4,79,58,-56,-35,43,1,-32,-49,43,-64,48,-20,9,-73,14,-84,46,76,53,-64,-36,44,-63,-29,82,4,9,83,83,15,-61,-91
-18,-54,3,12,-45,-94,-100,35,32,-43,72,25,-77,56,19,-78,-83,46,-21,63,-38,-12,8,-13,-4,62,76,89,-12,-97,-71,38,29,85,23,53,47,27,-9,-90,-38,75,-17,51,-88,-66,-76,64,50,-77,56,38,-61,35,-71,-63,-92,89,55,24,-77,41,-63,71,8,-77,96,5,-59,26,-30,74,-40,60,17,32,-40,-25,-63,76,-61,6,-38,76,-56,9,45,-63,-18,74,-4,11,3,78,-6,-47,80,15,1,-91,52
91,-97,55,13,-16,-55,91,-53,23,10,-18,71,9,94,-85,-42,15,-94,92,40,46,38,63,-4,16,-34,-6,51,36,-73,-61,36,17,-85,99,94,95,100,-78,72,-80,-91,-87,38,-3,20,11,0,-44,-72,23,-42,6,84,-35,97,-56,-88,39,-46,-31,49,-37,-38,19,-76,80,96,-11,-78,6,-72,60,54,-6,43,-22,-9,76,-46,-100,-93,91,-34,96,-17,19,76,75,14,36,22,-64,-18,-55,74,98,85,4,-49,62
39,73,17,-3,36,-7,-36,24,-33,-39,88,-62,90,57,18,88,54,96,30,-21,-28,-78,57,97,-81,-61,-25,28,18,-84,6,46,31,29,-73,60,73,23,78,-40,-64,-97,23,-10,96,-13,-48,28,36,32,27,78,-41,13,-38,85,26,9,-48,-15,23,-33,-81,72,93,-34,29,92,92,40,43,82,48,-11,-78,-85,77,-83,-2,-90,77,63,-74,-42,-90,-1,26,-12,-72,-63,-42,2,-54,22,12,71,81,10,-71,96,-85
18,67,62,64,-94,-57,-21,-90,-86,-34,-55,-49,-88,93,62,66,-19,-21,28,89,-9,47,-61,-77,93,29,72,-52,-87,-14,-20,42,82,92,46,23,22,25,-84,-11,76,74,-84,-85,-13,80,-32,37,39,5,-55,40,-61,-85,-89,-71,37,49,-26,17,-7,4,-55,96,-16,79,53,-28,-5,-32,73,-35,-21,30,24,0,-1,-18,54,57,50,39,100,85,-76,42,-31,-60,-91,14,-70,-40,26,-38,24,6,26,-51,34,96,-9
37,89,-48,87,22,60,100,7,50,86,-23,-5,37,21,-56,-87,87,-76,-73,84,-74,34,25,46,29,24,79,-88,44,-89,-9,-16,37,-35,53,-82,-92,-6,45,-27,18,31,25,-76,-53,-75,-28,17,-47,-98,39,-51,17,-83,-24,51,24,-28,-35,-66,-91,2,-53,-38,86,93,-1,-61,33,74,3,25,64,-60,-66,80,71,26,-99,99,69,44,-83,-91,-58,-14,-99,42,5,-29,0,-54,-70,-4,-12,38,77,-62,14,-52,-99
59,29,-42,-12,-21,10,44,-15,-39,93,1,67,-70,85,100,82,27,-32,-6,-43,-82,-6,98,-40,42,-89,99,-27,-81,66,43,52,-5,-80,37,1,-86,43,-51,50,23,54,91,-88,51,69,-67,-4,32,34,-39,90,-70,51,-87,-98,-64,-21,37,-2,20,31,46,-63,11,5,95,-69,10,-13,11,62,-33,98,-19,-68,99,-5,2,9,-30,-49,63,77,-60,-53,77,-42,80,21,-32,76,61,-43,-49,-27,-43,28,-16,1,-84
30,9,19,-59,28,95,55,-55,66,-100,-60,-82,-86,-4,14,0,-34,-76,-83,26,-38,59,-31,-61,-93,-62,61,-57,54,14,64,-34,51,-48,54,-47,-51,22,26,31,-24,-30,100,-82,-22,-9,-32,-26,-9,38,-79,78,16,-58,-21,-55,-33,3,-65,60,2,24,-90,-18,84,-18,-71,-16,-28,-59,14,31,69,-41,-85,84,56,-5,67,12,-45,79,-71,-37,-73,37,88,-29,14,81,-63,-10,-11,-21,52,-84,95,-38,41,66,42
-40,-1,81,29,66,-46,-78,13,11,-100,-47,-53,-82,90,-57,-2,89,-37,49,-26,-92,-38,100,-19,21,-4,-29,84,-8,-38,-66,-82,98,-37,13,-72,-92,80,-68,86,30,32,53,-62,-98,24,71,-91,77,-90,-1,52,-56,31,77,37,-81,-64,-76,39,85,4,-12,52,63,42,67,-70,-100,32,-84,40,42,56,34,-98,98,-82,-79,59,52,-61,41,-25,62,38,24,-30,92,-21,57,22,53,-59,-68,8,-84,82,32,-28,100
97,-40,-23,-30,-48,-65,0,-76,-88,-57,-19,-33,75,-22,-3,62,38,-84,-40,-92,-55,30,87,32,-28,-42,87,-61,59,-29,17,-62,-54,-74,81,78,-18,38,5,-51,15,-96,-89,-38,-5,-1,-66,22,-29,10,-19,-5,-71,41,96,-71,78,33,99,-54,-5,-8,33,-39,62,45,-24,-92,-3,-50,-34,56,-51,32,98,90,29,-62,-69,-76,-93,22,-47,-54,40,42,-35,63,-11,25,-16,-41,-1,-67,85,-57,49,100,-24,70,8
68,-27,45,-58,-49,44,-46,-75,85,19,-4,-94,35,-23,61,38,-88,73,-52,-69,11,61,93,8,-22,75,13,-73,-96,-100,-43,-84,-32,-97,-47,1,14,82,39,-98,-42,31,-90,59,-7,22,48,66,80,-87,3,97,-80,-14,29,28,-79,89,-35,-70,-45,-29,-63,-28,-78,-89,-52,16,19,79,45,74,19,26,-43,-54,-100,7,28,95,-100,-35,-19,84,60,-7,-34,50,-20,16,90,79,-100,-39,-67,-81,-45,-1,-15,53,32
62,-13,-88,-50,-93,-79,54,28,-89,-8,-18,29,-94,-93,-65,-48,29,-25,-90,-55,-61,96,-71,-18,95,-99,-5,-77,-69,-20,-74,96,-53,83,36,82,27,71,-29,20,-45,92,-25,87,-2,83,67,-89,-46,-64,-42,-61,-94,58,25,-93,-80,-79,32,57,-96,-7,-47,24,-87,70,-22,25,60,-55,-83,-70,60,83,74,38,61,-64,66,-4,78,-15,36,-1,-18,-52,48,35,-58,-26,13,-11,-48,-5,-92,-100,5,-36,2,18,70
99,-52,13,8,45,-87,-85,-64,-9,-96,-70,37,94,10,-18,-92,-68,44,44,16,-52,43,34,72,81,-7,51,-3,-89,3,-88,-92,85,59,26,14,-71,-26,-88,81,12,24,28,-42,4,-77,-57,15,-85,79,-11,56,46,10,-84,13,-11,-31,23,-11,-58,-21,12,31,68,-78,69,93,-95,81,-61,-34,-25,38,59,-10,-99,-82,-75,46,28,-15,-82,-92,43,-83,71,-59,-91,87,-13,78,-20,-3,-47,86,17,94,-3,75,46
88,90,-85,-50,-35,-25,80,46,-64,-72,95,64,91,-10,-13,-9,-47,63,-20,-50,-55,-47,45,66,23,-87,66,85,-64,9,20,-16,-19,12,-68,-89,-78,-93,-18,36,-63,34,19,-70,39,36,91,-79,-20,7,35,-60,97,-41,-73,-100,8,5,2,61,13,80,-67,-51,73,45,-93,-14,23,30,43,82,-47,-14,-57,3,-95,13,26,1,71,-88,82,-58,54,-86,87,70,62,29,-24,-18,54,-59,63,-77,-37,-20,-66,-33,100
76,-4,-59,52,-56,0,-91,29,50,-94,6,24,-68,-37,81,74,-36,63,84,25,-72,20,41,-39,20,45,-72,56,-35,-10,5,19,-43,-42,93,-22,37,54,60,-67,45,-45,-20,67,-40,100,63,90,-43,26,48,-7,-77,-47,-4,-89,17,47,97,-92,-64,0,-16,8,-89,-82,100,2,85,-20,90,41,80,-5,96,33,-24,-76,18,84,-41,-35,-63,85,-48,-41,-86,98,-51,-52,-61,25,-22,-56,22,1,17,-27,-1,-9,-3
-64,42,-81,-70,-50,36,-1,-21,26,-72,70,75,-99,-85,29,15,-39,-52,-14,-8,89,-81,60,51,43,33,-69,-79,-48,17,-72,77,86,39,52,100,-86,0,14,58,-29,84,74,-90,-74,-44,99,5,-23,8,-1,-12,-43,77,33,-43,-72,46,-100,-80,78,-29,40,79,36,30,78,86,-4,37,-92,-46,-8,59,-81,-86,29,66,63,-55,-26,-14,-15,-74,83,-1,15,13,-19,48,62,-93,4,-71,-49,-92,16,-24,67,58,-63
53,1,57,8,74,49,-92,26,-49,99,28,67,-32,88,98,96,-65,-9,-93,35,-68,-88,-93,54,-74,-39,-54,55,-76,65,-21,-61,-68,-68,-68,-83,66,18,83,-72,42,-7,78,-1,-20,-86,-99,-12,0,-92,-44,31,-75,-81,-29,23,97,32,29,-90,59,92,78,-81,19,80,78,47,-74,-37,78,-22,87,38,94,94,23,40,1,40,54,22,-54,-21,22,-56,-79,83,-51,-99,-60,87,21,33,49,84,-23,-58,4,-76,-25
-73,43,73,52,-42,-57,79,47,12,-49,62,76,-21,46,3,-76,-79,18,-35,7,-13,38,92,-57,8,-23,-31,-26,30,-89,-70,90,1,72,58,1,81,-18,-80,-41,55,29,75,-25,13,-95,-31,94,38,31,-100,-39,72,-92,10,30,87,15,-88,-16,63,-85,99,-19,-56,-73,-70,19,-8,85,52,-47,-88,6,48,-93,-7,83,7,-48,32,3,-91,-99,33,60,25,79,-77,71,-2,-16,-8,-20,73,96,-92,-27,-27,-47,-53
-34,-40,81,27,-36,-68,23,19,27,-42,11,-7,43,-60,23,-76,18,79,-49,42,83,14,59,36,-99,68,71,3,-16,98,-98,11,19,-56,54,-5,-84,31,-83,-11,65,-26,-7,90,-87,27,-86,-1,-82,-51,79,-41,-91,17,54,-84,-79,75,-25,2,-84,89,-27,-62,67,36,-50,-44,-81,19,82,96,-10,-4,14,-5,44,69,3,-62,-57,17,75,100,62,-55,-38,-32,33,63,-45,64,-22,-6,12,35,-39,-57,-44,20,-33
-93,-67,-48,4,-72,-54,0,-3,41,-18,-44,-66,-71,38,39,-92,-2,-76,-68,94,-21,67,-13,21,81,-73,22,13,9,79,-20,58,10,58,-79,-46,-20,-35,67,5,-46,40,95,86,91,39,-66,-42,-58,23,89,-53,98,39,-100,-34,-2,-61,16,42,-2,96,-98,47,-32,-10,36,1,-20,7,13,69,-13,22,77,65,22,95,87,-78,59,73,-11,-8,-72,-59,33,-31,-11,-69,17,-11,65,99,24,-41,35,45,61,13,-76
