67,-93,-3,-89,-48,54,-92,71,3,96,67,-55,-44,18,-54,1,-9,-46,60,37,-95,89,-59,-51,-98,-88,-62,-67,-79,100,-70,-19,38,-96,25,-56,43,-24,-57,67,-95,26,6,-90,-84,34,68,25,-82,-63,-18,26,83,-40,-56,-24,-86,36,81,4,-15,40,-87,-86,-7,17,-96,99,34,74,46,-98,0,46,-41,-58,-43,-39,-88,68,-27,-23,-30,95,-58,17,77,15,-74,-60,-92,37,-76,7,58,11,20,2,4,12,-32
71,24,-34,42,-38,90,-76,-70,2,-34,90,92,-21,-21,66,92,-42,49,53,43,61,-33,27,61,-2,73,52,57,-54,26,30,-90,36,19,-32,-77,-68,-42,7,8,71,-56,-47,-58,37,-24,-4,32,85,-72,-66,72,-54,16,-73,-55,44,-11,-47,16,15,33,-27,59,35,-73,65,79,-91,71,-55,57,20,-71,16,-58,-31,-42,11,47,-61,45,-31,-69,23,4,-74,-19,-29,40,-12,-46,-20,-4,-15,24,31,-15,71,85,-54
-45,-32,26,37,91,-63,-15,63,24,100,23,-55,94,3,16,6,-50,1,-93,94,27,67,-84,-22,-74,-9,19,-41,-88,1,-13,34,30,90,89,24,50,-9,-45,-60,-84,-10,27,8,-37,77,-33,52,-73,-37,-100,-50,-94,-23,-47,68,-57,-99,-72,56,-34,-41,45,-13,80,87,90,-33,-48,-57,43,64,50,65,14,-65,46,34,-8,30,-95,-76,5,88,-84,-92,27,-69,52,-44,-90,61,73,-2,80,20,71,-32,0,-26,-100
-11,5,36,-56,-22,-100,96,-88,66,-44,-10,23,6,-70,-88,-72,13,-9,-14,-57,-11,-53,66,-71,62,0,94,82,90,61,-23,-32,26,-71,95,79,-81,26,-71,-25,60,-95,-13,78,95,58,-66,-52,-37,-42,-82,63,48,-18,-11,-21,-91,85,49,-61,94,-7,48,71,-31,10,-38,12,67,-16,-64,-14,29,97,-17,37,93,-34,-91,99,-94,-16,51,-36,-96,40,-32,-17,-66,5,-80,-19,-13,-57,4,-63,19,-60,92,-38,-64
28,37,-92,-98,-75,80,22,-56,-71,-26,57,-70,9,-28,-51,-30,78,-96,-19,-87,-80,-90,57,72,53,6,-69,82,63,-91,26,34,16,-7,84,-68,68,-62,18,-92,94,25,-29,-47,76,-43,-97,31,-31,18,-43,-56,14,64,-58,65,-46,94,82,-20,76,50,-31,46,74,44,-73,-64,-24,-88,-41,-15,-43,-49,-8,82,-39,84,-75,-49,88,-54,-97,42,99,34,10,65,52,64,63,-18,-49,-7,-6,-10,-70,84,-9,-79,-60
52,17,40,22,35,68,86,84,-69,-30,45,-93,-54,-81,31,10,74,58,15,-93,43,-10,24,61,-13,61,95,-55,-66,43,26,29,-3,80,43,-6,-49,23,-63,41,-71,7,21,54,-94,86,61,-72,-78,-98,-55,27,-13,-14,66,-7,-29,55,31,57,97,-36,13,-20,-46,-89,59,41,36,38,-44,-49,-14,48,47,-42,-76,55,-61,-91,75,-93,24,3,48,94,68,1,6,-51,-10,35,55,-24,34,81,-81,-1,-75,-36,34
-68,-13,-35,24,-74,90,-3,26,-90,-43,-99,65,-40,87,54,-34,-11,16,93,-69,-31,-8,8,-39,97,56,88,64,-30,-81,-15,-92,37,-30,17,-73,-12,-24,-1,46,28,74,-62,-9,-33,24,31,100,-2,-83,-45,-52,39,50,-57,-51,11,-22,39,-6,6,0,12,-96,-93,1,-94,5,-74,63,12,-68,90,56,71,-96,-73,84,-48,-9,-33,-62,78,-75,-65,-39,25,-92,-83,86,7,-76,17,-89,-55,2,-10,92,77,-87,3
15,63,72,-57,-79,14,62,-14,-41,100,-53,65,-9,-1,85,95,60,-22,76,72,-39,98,-8,-32,63,-81,1,15,39,21,-22,11,-57,90,41,-2,77,-84,93,72,-29,-88,11,86,-94,74,-41,-33,-22,-40,39,38,-60,29,-48,-60,67,42,2,-100,61,-52,67,85,-78,5,91,-19,19,-61,57,57,-75,26,54,-56,87,-10,37,15,18,48,-30,-51,55,-51,21,18,51,99,-70,30,81,74,52,-8,-87,-77,-33,-21,-61
5,-92,-44,35,-70,-1,88,7,-75,-23,-38,48,2,-2,-54,29,-17,14,97,-54,10,-30,-32,-77,37,16,-33,64,23,-11,-6,-82,76,100,82,-11,-24,-61,3,-50,-100,-50,-86,-68,80,-94,34,20,-96,-95,84,-93,37,100,79,52,89,26,6,-76,-39,23,23,-61,-54,-11,83,-70,-65,-53,42,70,-30,-42,51,37,-45,-90,-3,-71,87,24,72,39,-46,94,-48,-26,27,93,-64,-89,85,-84,54,-72,27,-91,32,-48,88
-63,65,37,-91,-68,-23,-64,-38,20,28,97,34,-28,-80,-25,84,44,-66,-58,28,57,78,40,-56,-94,20,-39,-34,-47,12,47,63,-72,-51,-33,95,-8,-79,-85,-67,-57,-33,-89,78,-69,-33,16,51,76,61,0,14,26,-44,-43,39,25,-18,-43,-35,8,98,-69,-54,-5,-30,11,-69,-81,36,33,-24,-92,-36,-2,-31,-22,33,-70,-50,-74,47,-80,-73,-59,10,78,-14,-62,-5,-94,-1,62,51,99,12,-88,0,3,-27,29
-78,33,-10,13,66,-12,63,27,-33,-70,-92,84,94,96,-23,2,39,88,42,-82,7,96,-73,28,-19,46,-59,92,68,-53,-55,6,-36,-40,-59,34,32,35,-27,-99,45,-64,-18,-83,29,94,54,-16,-40,-80,-66,-70,-29,-44,-27,61,49,-42,6,47,-16,73,99,14,-78,-10,-82,-69,-72,-44,24,-15,54,30,4,3,44,53,91,-100,-14,27,95,-30,56,-70,5,20,-54,-58,-65,31,-92,-60,-99,37,88,90,42,-56,-95
67,89,39,83,-23,33,96,-28,47,34,91,-46,-8,-42,94,-70,-100,93,61,-25,-100,24,-16,53,-37,51,-50,85,-24,-45,-24,-17,95,41,-89,88,25,21,-24,72,-87,-9,84,17,-72,64,72,44,-16,53,14,51,52,-23,54,-32,-61,96,-83,59,-53,-94,-76,92,-74,-78,-51,-87,17,76,31,-47,71,96,-10,18,31,-42,48,-92,-79,35,76,-64,32,-72,12,71,26,-57,52,-35,-31,18,3,-93,100,-20,45,-75,-31
23,-7,-72,28,-33,40,-13,16,84,99,-48,-21,28,92,-80,57,11,83,59,54,7,88,61,43,-65,92,0,74,-43,44,73,88,-11,-41,54,-90,-63,-89,-61,34,-65,-67,-61,-87,19,-40,56,32,-41,51,-77,16,26,45,-96,26,58,-85,-57,24,-56,-85,35,41,-53,-38,-43,31,19,99,37,22,-70,-34,-64,56,-13,-71,74,85,59,-7,-36,82,100,-74,17,-2,-72,-10,78,-15,-86,-11,98,-55,91,-10,-89,-94,75
-49,-62,67,-76,51,-55,-49,-84,-82,77,16,98,92,57,22,54,-79,-77,29,24,-45,-32,53,59,7,-45,-60,-35,-69,-27,-42,-64,-1,68,-17,-94,-90,-50,94,-4,4,61,-82,93,71,100,5,12,8,33,48,75,43,-33,-16,58,-76,52,-1,52,-91,95,69,-90,39,-74,-92,15,-11,3,0,-78,-50,70,50,31,-91,-45,90,-41,19,61,70,8,55,-75,-83,23,-16,49,-82,6,7,51,-39,92,2,0,74,58,7
-45,6,91,2,-100,-2,-45,79,-28,96,-37,32,-75,-33,-88,-25,-91,13,49,-3,43,90,-89,-62,-23,-70,-80,-36,-44,-61,-68,61,26,45,30,30,82,-18,91,5,77,26,-77,69,-54,23,-3,7,-86,36,-78,54,-35,37,85,-28,98,100,-32,-33,89,-13,-1,77,-51,35,53,26,-70,18,-16,91,10,62,-45,-34,-89,-62,-96,-40,-35,-16,5,-20,55,97,-32,-44,-92,-49,-48,36,73,24,-81,-47,76,39,-33,-80,27
-93,-73,90,-72,-12,-10,-47,-85,7,-66,3,69,59,-38,81,-70,71,93,93,36,82,1,-20,19,61,-44,-6,-41,-11,-67,-50,15,-14,19,-66,80,-85,14,48,75,7,80,-70,-15,67,86,-61,37,-73,-21,-71,-20,-90,-81,97,0,-73,72,-52,-15,94,-52,-57,-92,49,84,-17,39,-26,-92,-88,93,94,-7,-39,72,-12,-19,-17,87,37,-82,99,-21,20,-80,39,-81,13,-13,-74,37,-97,-95,-63,22,-23,-49,-87,8,48
57,-74,-97,28,18,57,-99,-97,-62,26,28,46,67,-7,-91,-77,-20,86,-98,-68,98,-43,-66,-52,12,60,-47,55,75,67,58,61,-29,0,-78,23,-92,-5,-22,-75,27,-77,46,5,-8,36,40,42,-58,-75,-5,-45,-22,-14,40,25,-25,100,14,-33,-1,27,12,-50,92,59,63,11,-24,-92,-65,-98,19,-24,62,69,75,12,-82,87,-83,-4,-18,7,57,-54,2,58,-78,77,-50,-84,38,100,52,39,-98,-89,-72,25,-36
-43,27,-15,98,-2,-78,-74,89,56,-29,-99,-27,91,-67,-85,24,-74,16,-99,-29,-10,-93,-34,-29,50,-2,42,8,-78,43,24,84,-39,-10,38,-83,33,-17,-92,48,-100,21,14,50,14,33,43,89,91,-32,-99,1,57,40,-19,-50,-70,80,-5,41,37,-37,-81,-6,20,15,67,-48,49,21,-12,-90,-26,-22,-86,-56,75,34,-70,89,29,-42,35,-10,54,64,-86,-79,76,26,-90,0,-71,51,71,-29,13,21,-38,-65,52
-11,88,72,-7,36,94,28,100,19,47,89,54,-31,55,61,84,75,64,68,24,62,-35,92,-30,-55,-89,-45,52,21,31,47,29,77,-45,-95,-11,37,-3,79,31,-56,-43,9,-24,28,-52,17,-48,-83,-84,88,79,46,-51,-18,-66,15,-17,55,64,-35,-62,28,15,-10,-64,-25,43,100,-25,98,-94,-62,77,-95,-57,-87,48,-96,67,50,-72,-87,84,75,79,39,87,10,82,-70,25,-32,50,78,9,-96,-80,26,42,35
100,52,-14,49,-46,-49,-52,9,-84,97,18,12,84,-90,-28,48,76,87,69,78,-97,95,-82,13,65,-62,42,-79,-46,31,74,37,-46,76,-24,96,-46,37,88,-26,38,86,-2,-69,50,-38,-74,57,93,38,77,-51,-82,-75,-88,-70,55,50,-4,67,82,-54,-55,88,-54,31,-2,77,94,-49,-10,29,-65,59,21,49,44,-21,48,-44,-20,-90,-24,-32,-48,-3,66,83,-72,44,-62,-61,-67,-71,-37,32,-2,-99,1,-23,85
98,-73,-52,11,72,80,33,-48,-67,-9,48,-3,81,-81,30,15,-19,62,81,-80,71,-52,-43,79,87,52,-70,-96,11,36,-52,80,-10,-76,89,-59,-4,13,12,20,12,-73,75,74,-93,-32,-45,86,-48,-53,53,94,50,31,21,79,99,83,-32,-46,-27,18,86,88,62,-28,45,-71,86,-25,29,-63,52,95,-36,77,56,-12,23,1,-40,98,-73,53,94,-78,63,-45,-52,80,-8,57,-4,3,-69,91,66,97,70,29,-25
-79,-55,-97,-64,69,-37,-20,-84,-34,-29,86,-62,-63,-11,-75,64,-69,-51,99,89,-62,-14,-86,-96,32,55,-76,-55,-22,21,-79,86,99,-11,79,68,4,3,90,22,-35,-4,-93,-7,46,-67,-5,-75,18,-11,-80,80,75,6,-75,98,25,-69,-83,23,52,31,64,-74,58,92,-70,93,-25,10,-1,94,-36,-94,-88,29,95,30,79,41,48,-44,-58,86,-13,-1,85,-72,-21,82,-21,68,-53,20,49,-78,-99,-14,66,20,-19
-78,37,17,12,-24,24,-78,36,-98,-99,-91,100,-77,-89,21,-55,-81,45,-16,30,49,-45,-90,58,-71,-75,-48,13,-18,-6,-64,-79,84,42,-5,19,54,65,51,48,-89,70,-92,8,88,11,-27,-11,-91,-35,81,8,-66,-89,-94,81,54,19,-45,15,-77,-92,-47,46,67,-35,-48,88,27,-75,-94,-24,67,-60,3,70,16,85,-73,35,4,59,-24,-27,43,-81,-3,-51,11,-61,55,-40,-3,-97,-14,-53,99,-77,15,4,76
69,-73,38,17,50,-53,20,-55,10,-72,93,86,17,59,3,35,55,43,62,23,-7,-92,-48,91,100,-64,8,14,18,40,-71,56,20,64,47,-35,-4,74,-44,63,40,-70,-13,73,-19,-3,-79,93,80,-98,61,83,94,88,87,67,-53,-14,23,55,-82,-61,56,47,48,93,-49,-96,59,-38,-87,-89,14,-56,19,-61,47,67,-100,6,9,-66,-13,-58,-19,-88,57,89,-77,36,41,48,-45,-35,-30,-90,80,-26,-50,86,75
34,5,-20,86,-7,42,-4,69,51,-88,-25,-51,-31,71,-7,-99,-75,-79,-92,13,80,18,-88,-95,-42,98,91,57,50,20,64,-67,-42,-64,68,-7,-41,-11,-71,-74,-39,-28,-89,56,-75,-74,8,-18,39,97,40,78,3,-78,-31,23,19,-4,40,-45,-76,39,12,29,73,98,38,-13,-30,14,45,68,-27,-71,46,-89,-62,-49,96,16,2,84,-11,-77,0,100,-67,-37,-37,-9,66,-9,-38,37,-61,-3,35,-91,99,-40,-84
-97,-23,-82,-49,65,20,-81,8,-81,82,-28,-94,33,-28,-66,-56,-39,-62,42,-39,-86,81,-27,-68,69,10,93,5,-5,15,89,-95,-99,35,-88,36,94,67,95,-56,-1,21,-70,98,7,5,93,-48,-32,-1,-89,-57,-43,21,-12,85,82,-75,78,-27,91,0,-25,44,40,-51,66,59,95,16,75,67,-44,-23,96,-26,0,22,10,-68,46,60,-53,70,35,93,-8,54,35,-11,46,82,-22,20,48,-18,-71,8,16,-45,-18
-83,62,-65,97,-89,-23,87,-90,-45,94,-49,-64,23,-25,44,-1,-33,-5,-63,-61,43,-61,-45,-62,15,-43,76,7,-83,61,-23,9,46,50,37,80,28,-88,65,-18,2,43,-53,0,-38,-22,72,98,8,4,1,61,9,-99,29,-94,-46,43,-76,63,59,86,29,49,74,-79,100,21,-60,-15,-27,-74,21,-43,89,28,-41,95,64,30,45,3,72,-86,82,11,-5,-27,88,-10,49,-98,-94,90,-13,90,-47,57,27,-57,13
55,-69,78,-11,64,27,31,14,-20,-70,54,-37,12,46,0,-76,89,-19,-4,74,-28,-78,-61,-23,100,39,-25,-75,69,56,62,32,84,-69,80,-22,-48,-6,22,-71,71,27,21,14,17,-18,6,9,90,54,-56,-70,-79,60,-46,-87,-57,-47,-58,-72,41,45,43,98,-3,44,-13,44,-20,-37,63,18,-9,-17,-42,-3,-42,54,-11,-100,34,0,14,-64,67,3,-96,18,86,4,-55,52,75,4,-72,100,-86,15,49,-79,71
-34,53,50,73,-28,99,85,-75,-5,26,-73,-17,-51,24,-25,53,29,-39,95,60,35,94,-74,48,-92,48,99,97,-54,-63,96,-44,80,43,-33,-45,10,35,76,32,16,-84,-17,54,42,57,-89,-12,4,92,-10,-89,-27,-99,-23,-16,-5,-77,-45,42,-49,-45,-69,-44,-100,17,-75,-57,58,-85,93,-98,91,58,3,-5,97,52,-54,-79,100,-95,-70,-94,6,-70,-29,-57,-57,51,84,17,44,-96,97,-71,17,24,-31,-54,42
13,50,60,91,44,97,58,37,-17,-31,88,-79,-74,3,5,42,60,30,-15,-10,48,-54,-95,18,-67,-7,-67,-23,51,-9,-70,-34,-30,90,39,-83,-17,-53,64,45,91,-53,34,12,-58,-45,-99,22,-39,-1,-53,45,89,-42,-7,28,30,-85,87,-67,-40,50,-70,-1,-34,-68,-41,-47,-44,-92,79,-93,-85,-76,90,57,-86,58,22,54,58,24,-12,88,-9,0,70,-96,77,99,24,-1,9,58,-15,11,-93,14,73,-63,-14
-88,-73,-43,99,-63,-68,-86,62,-5,75,-1,-51,61,-87,-73,-45,-81,24,-26,-57,-69,11,29,-69,95,44,-59,35,-95,2,-14,92,-43,58,82,43,60,11,-73,74,-55,-76,35,-69,-53,-45,-12,-63,-36,17,-70,72,100,-4,14,-67,-89,-25,-28,-91,-8,-30,36,100,30,63,84,20,64,68,-81,31,-84,-45,47,56,-59,-4,-50,31,46,59,88,52,64,66,59,45,-48,8,82,-55,10,-99,98,26,98,14,92,94,-74
-64,76,-18,-71,32,-28,-11,5,90,-38,41,-45,93,28,19,-96,20,-87,86,-41,27,97,-66,-54,16,60,6,69,6,-52,-33,-94,-2,-55,-95,-41,99,-31,-38,-2,-22,-83,12,65,-82,32,50,-9,-68,7,-47,-29,10,-100,9,-48,-2,21,100,32,-61,0,61,59,-71,-87,-54,-65,21,24,-95,26,23,-52,49,59,-22,58,-94,34,-9,-24,12,-67,-73,-69,55,32,26,-56,78,-45,17,31,7,57,76,59,-51,-77,98
-47,-89,-89,46,-36,90,-62,46,-71,-65,-13,1,69,16,9,63,-18,41,-12,-2,-55,70,-65,-47,76,35,90,-21,-1,99,97,-23,53,96,-75,-34,44,-51,-2,-4,24,33,66,100,83,-1,-61,-42,55,-27,9,-94,-21,-94,78,-92,5,54,82,26,-21,-8,-96,-53,-65,-99,50,-66,59,92,80,10,-57,62,83,-16,-16,22,-27,-80,19,87,43,-59,-98,16,66,70,-29,-91,46,39,-49,-41,-92,-41,-76,11,48,-94,-4
-58,53,-50,-32,-39,-88,37,-74,-11,-72,25,-40,-90,-64,26,7,-43,54,-77,-61,-42,-34,91,-57,-96,96,96,96,31,-60,70,11,81,71,-17,-13,73,43,35,-61,-83,-99,54,48,45,3,-6,35,-70,24,-40,-86,-26,-11,9,-6,70,7,88,0,33,44,82,-86,-58,-73,-99,-24,-84,4,-98,-93,21,73,-62,-86,-12,20,88,55,10,-4,20,-59,6,-52,81,-6,-16,-37,-48,-37,50,-96,-96,-40,15,34,-14,86,-11
53,-15,50,-37,59,84,-40,26,-20,71,61,37,-70,45,12,-68,-79,-28,13,-61,45,-40,-9,41,32,-62,7,48,-47,39,61,49,67,0,95,30,79,10,91,-65,-56,43,19,-51,16,44,18,-95,84,37,-89,-42,63,70,16,99,39,-11,-39,52,-6,53,39,-64,7,-91,-36,69,-90,21,30,4,-53,-27,-24,29,-23,93,-24,92,43,-44,-11,20,58,62,11,52,-72,-45,18,-39,31,-9,48,29,-11,76,-40,64,3
76,33,51,25,-80,77,94,73,-19,98,87,7,79,8,-47,63,6,40,-41,22,83,-54,-93,63,72,21,-43,19,-62,-67,-81,-40,-30,-84,12,51,20,8,35,-67,44,12,-95,7,41,29,13,-16,-47,11,-3,10,-13,-70,86,-28,-35,-89,-14,-66,-46,68,1,-58,-10,86,-24,48,22,-57,32,55,-52,-38,86,35,45,-87,47,33,-34,-44,77,-2,-34,48,46,48,-96,68,96,-19,-96,19,-11,-53,-6,-16,-24,-88,65
-4,-15,31,60,79,87,-12,-46,78,-92,-88,-40,-52,-18,87,92,43,43,56,-89,29,-100,53,-99,26,-91,-71,15,40,82,-72,-25,75,60,85,-42,-65,80,51,31,-66,62,-15,-54,18,-78,-56,-90,-80,-93,-59,86,19,57,-20,84,-71,64,23,42,77,46,31,-44,-74,-75,-76,62,-6,-100,-26,30,35,-57,79,100,-43,-87,4,85,-14,-7,-31,12,4,-33,-61,73,-55,45,83,56,-40,6,56,66,11,61,96,-25,48
-7,-99,41,77,-47,-62,4,3,59,-40,60,30,1,61,-56,95,63,-77,30,-68,-9,-22,46,-23,-85,35,-70,21,-28,48,27,-77,-55,-2,2,-43,56,67,51,-26,57,51,91,5,91,-95,3,80,50,-20,-69,13,-95,-89,-8,71,-100,-87,19,46,-24,-22,-53,-24,58,36,-72,-24,-3,-72,43,-39,-73,-13,32,52,-87,96,69,72,55,66,-16,-8,-70,-77,-94,17,-55,-59,15,85,-34,-70,88,60,-13,53,-50,-88,87
-36,-76,55,57,-70,68,-2,-31,65,-61,5,-36,-41,71,-99,-39,4,77,-97,29,39,-92,89,-37,40,10,35,68,78,-38,30,-63,98,-98,81,47,30,48,55,-11,59,-10,44,14,4,16,26,-35,49,-17,-93,57,-29,60,-34,8,-95,-25,86,9,21,-47,-19,34,11,-44,94,-4,-22,-59,6,41,51,76,23,-6,57,36,-35,8,-30,12,-64,56,-19,78,32,-78,-12,-81,-92,-18,-45,27,-22,-30,-1,28,-62,-34,-12
-59,-81,81,-46,65,10,-66,88,49,-96,81,31,43,-81,20,84,84,-16,94,12,24,81,-33,53,12,51,-75,33,13,-46,-58,-58,68,43,99,-90,-76,29,46,81,-27,72,93,62,-27,-43,7,82,-98,-87,-39,4,47,-84,26,40,-96,1,60,-97,-34,-14,-76,-37,-57,-54,69,28,-24,30,30,-96,-2,74,-34,55,32,2,39,71,-51,11,12,89,50,91,18,23,-62,-85,-96,-30,-75,-59,61,-22,-84,0,72,55,49
-17,23,13,10,30,-61,1,70,51,46,27,66,2,96,-16,-34,47,1,-27,49,34,-89,71,66,94,-38,50,-47,-87,76,32,1,83,69,27,27,-72,58,-91,-94,19,90,20,-69,89,-46,-26,-44,80,24,5,10,-65,75,2,-95,9,73,-3,-80,-40,-66,-100,-61,-75,-29,-88,8,30,-58,-52,-19,-74,5,-57,-62,3,30,2,48,-18,-13,-48,-68,-22,19,53,-1,3,-54,74,17,-89,-80,-71,-59,9,-98,-62,-69,-2
-67,83,98,-25,26,58,20,-21,51,24,-76,57,-22,-80,-42,41,30,88,86,91,37,-23,-94,-45,-85,45,-72,56,3,-12,-10,-95,-90,-34,44,41,3,96,-57,32,-17,78,67,55,-83,-6,56,-52,-9,0,-65,58,22,75,43,50,-83,75,31,80,-11,19,8,-34,64,-76,-28,64,48,-76,18,88,-92,-57,18,-66,-67,18,-4,95,40,18,36,36,-57,40,91,64,20,99,35,58,73,-14,35,-88,-55,-43,31,-25,57
80,71,23,-45,97,-98,99,-10,-21,11,1,-95,9,-53,81,39,-3,-1,62,67,-25,77,98,-90,64,17,92,37,64,97,-87,90,75,66,14,-70,14,18,39,39,-11,91,-29,79,42,100,1,-80,-96,-76,-10,27,9,0,25,-2,-99,14,61,-51,90,6,-4,-80,34,90,-98,-7,33,92,47,70,94,33,-47,-67,7,-49,33,-41,52,-9,-24,93,64,-71,-90,-47,96,85,-43,52,-70,89,66,-84,44,-7,23,-95,68
-18,49,-77,44,53,-44,-34,-58,2,9,98,90,81,-72,-100,90,-98,81,63,39,-97,67,58,-48,-32,63,-36,-85,13,-77,57,-67,65,89,24,2,-32,45,-51,21,-11,-72,-10,84,-61,-36,68,78,-66,10,-88,-94,-63,-38,-88,17,78,81,-76,-57,-49,61,-31,5,-50,82,-36,-38,-71,-98,50,-36,-37,-100,21,59,-64,98,-58,-97,97,12,27,-78,72,88,-53,21,-36,-68,-16,-48,83,51,80,-35,-52,-26,74,57,48
27,47,-39,-97,55,-74,-46,52,90,-79,99,-54,78,-5,4,-19,-2,-39,38,-70,74,64,-11,-18,8,-99,71,64,-46,-6,-77,-1,-33,7,-15,-21,20,-17,-58,19,45,-56,-35,62,-72,42,-82,78,-77,-91,-31,19,32,74,31,-65,9,2,-53,80,-41,21,-24,50,-58,-3,-17,10,-92,-81,86,-6,-11,50,-41,-17,-37,25,35,43,15,-65,-1,69,65,-69,14,84,12,55,-83,50,7,-37,38,-26,-32,-91,18,73,-94
95,-77,-22,20,-36,-5,85,-46,-89,-67,-65,99,60,-82,-43,-86,-99,-57,100,45,64,76,-24,49,-66,-32,-33,48,-7,-3,-87,96,77,32,0,-37,15,75,1,26,30,-12,7,9,88,68,12,-75,35,-28,21,-13,90,50,-22,26,97,-21,2,-52,71,21,-16,-63,22,-8,28,84,74,-50,-46,73,22,-87,33,-14,77,75,85,15,15,24,55,-84,25,-99,-49,-60,94,48,-2,-3,66,56,12,-62,-64,-51,5,68,56
-67,61,-26,49,-58,62,84,-60,-99,-38,-70,-3,10,-100,24,-47,-22,-33,64,26,-28,-100,-40,-66,3,3,32,3,98,60,54,60,-97,15,87,73,-98,89,25,-98,59,79,-12,-62,30,35,25,-33,12,58,5,67,11,71,-73,99,35,51,93,28,-75,61,-12,-98,-56,75,54,56,95,72,-40,90,20,-36,99,-94,43,-71,9,-26,-69,3,19,-90,-8,36,73,-41,-11,-9,-66,-43,-61,-62,-86,93,30,-62,87,87,42
-10,58,-77,81,67,92,98,76,-93,-1,-34,-35,50,-23,45,9,-74,83,12,-6,-73,-74,-58,74,-43,28,4,-93,-86,90,59,75,-54,-35,-17,-80,-6,-4,-5,71,-33,-97,9,41,-37,-65,48,47,98,-12,-60,70,19,96,-3,100,-52,96,-70,47,63,12,-91,54,26,26,39,-9,13,17,84,-79,-26,-37,46,-59,33,-47,-86,82,-32,32,-9,-18,-24,2,69,-46,69,77,-29,88,-52,13,41,83,36,-70,94,91,73
58,33,37,0,21,-49,54,-3,68,-74,-29,-50,-30,68,47,-56,-27,-47,62,15,52,-8,-22,-76,31,-36,64,54,85,85,-29,-63,-9,93,33,39,62,-78,0,-79,-41,-64,-27,-51,59,-86,18,-85,73,-30,27,18,36,37,22,66,0,46,80,-80,-7,-20,4,-27,77,-35,47,-67,-36,0,-40,-59,99,72,-90,46,63,-14,55,3,56,-93,-39,-36,97,-90,11,13,54,92,-82,33,-72,73,-45,-28,-60,53,-36,41,89
-53,56,67,85,78,-34,-1,-17,-33,33,26,-49,-67,93,49,-100,-90,-62,57,-85,65,-26,-49,-68,-52,59,-4,-94,-5,-17,70,-52,-6,-65,-25,56,50,96,96,86,-50,-62,-82,-100,31,-24,57,45,1,-1,61,92,-99,-99,-21,64,58,84,96,38,-95,55,-20,-84,-92,-9,-2,94,-45,-90,84,-77,5,-15,-66,-44,86,-56,-43,-98,-2,47,55,44,57,32,-52,-36,-56,39,39,-1,-68,77,93,66,78,65,92,83,20
-25,40,-19,-84,-7,67,-97,-34,-97,-34,14,88,-79,-10,-32,74,58,45,-58,-96,-23,25,-65,-43,-93,-20,58,88,67,53,47,-58,40,94,65,57,-42,10,-43,-50,95,-62,73,22,63,48,66,-44,87,92,37,-89,-33,30,-32,58,-76,65,-62,-42,-57,35,-46,48,-34,79,-39,-81,51,-27,55,-38,-16,-98,28,-13,-52,46,39,30,-42,-77,87,68,82,-54,-91,-18,-66,42,-24,-15,-35,19,26,46,-94,-42,-54,-99,70
22,-8,-87,21,72,64,-51,21,-30,67,94,-42,42,21,-2,57,-97,92,22,-46,44,19,-45,71,25,-49,-8,-61,25,34,-73,25,51,-13,-36,-31,-28,37,-98,-68,79,22,-69,-21,-29,30,81,-17,47,45,47,-55,-47,20,79,4,3,-89,2,34,-69,11,-76,-88,81,62,80,94,-63,-6,-98,42,-65,-55,-10,63,64,42,-50,9,-28,-60,40,-35,50,58,90,-86,-100,33,96,68,75,2,-39,-15,-42,88,-30,66,-23
45,22,33,97,-19,29,23,19,-46,12,29,77,6,26,70,80,46,-28,-67,-42,54,-85,77,18,57,82,57,15,7,86,-34,-73,40,-8,-80,50,78,-36,-72,28,92,-60,-44,24,92,-27,-60,16,50,-11,-57,-59,84,41,47,65,74,-41,-63,-30,-40,-94,-61,-31,88,76,79,51,-73,-11,-16,-20,-31,27,46,34,13,-31,64,-11,-25,96,84,-88,93,-31,-50,-34,90,2,-28,92,-86,16,-22,27,-52,-83,46,71,-41
85,58,31,20,-100,-61,28,23,-84,90,0,82,-20,-44,-31,82,21,68,-70,82,24,67,52,61,96,96,36,-34,35,-60,60,-24,-23,-27,-13,83,-24,-56,10,0,-40,-78,13,70,-63,-10,95,-70,-49,-19,59,85,-53,17,-16,51,-10,3,97,28,-85,74,-18,11,-77,-64,-49,-99,68,-71,64,2,-59,-57,36,31,-81,92,35,1,-63,87,52,-7,-49,37,26,10,86,14,41,72,-78,39,66,-74,18,-1,-29,45,10
36,-44,-66,-91,97,-75,73,30,-66,91,-74,-48,24,-36,91,-87,25,6,2,-52,-41,59,77,93,14,-81,3,-75,-18,29,54,17,-17,-24,-19,-91,58,31,-32,-89,43,90,12,-96,34,-25,57,-35,91,-32,89,-80,-25,-5,-88,-87,-60,69,-9,-80,6,-10,-14,7,28,78,44,-65,4,4,-85,-32,67,-26,63,31,-80,23,92,-25,-98,-93,66,-11,49,17,-28,44,0,-76,86,-10,35,55,-86,54,60,-44,-82,-72,-78
-47,65,15,-38,64,-73,-47,-7,77,-44,45,40,-78,-19,84,89,51,79,0,-73,-11,-47,6,-92,-73,-24,-78,-61,-11,54,-74,69,14,-37,26,33,95,63,70,-53,47,24,89,-42,-66,-37,-31,-52,75,-66,-33,1,9,-75,-42,-88,-20,-22,90,-36,5,-82,-78,21,-79,-61,20,-90,-35,83,25,1,-40,23,-97,84,96,-72,46,49,67,58,-69,16,-39,62,35,-24,90,21,24,36,-97,-11,42,-70,12,90,-6,-56,-84
-53,-54,37,-56,91,97,6,22,-48,-83,-69,-98,-23,-43,98,74,98,34,-32,-92,75,88,-1,-48,93,9,-73,31,52,-11,38,-5,-54,76,70,86,28,-8,14,90,47,26,-52,-13,-27,-3,80,-96,-63,-28,-22,-25,11,8,-45,-25,69,-36,33,35,-95,-86,-2,13,-4,89,-79,27,-7,-11,-3,85,17,-62,17,-62,-57,-50,-16,50,46,-80,-31,67,45,-60,66,89,41,40,95,-52,40,62,4,4,41,-30,-28,32,-5
26,58,77,-32,6,-81,59,-58,-91,44,-10,74,13,-86,80,38,-85,-83,-17,77,48,-25,31,54,68,-66,-94,-54,-41,48,-35,-3,49,-41,-22,11,79,52,-16,-36,85,-28,11,-74,71,-38,-47,-60,-41,-84,-82,-55,-59,-44,-23,10,70,9,-5,66,95,51,85,75,30,-40,-42,69,15,-99,86,-39,-83,-85,-58,-40,89,67,99,-84,-74,21,38,-20,-26,-49,-48,2,-58,74,91,42,10,50,94,-30,73,-75,56,-75,73
20,-85,-43,67,59,83,28,-44,-4,81,-70,88,-57,-4,-67,-76,61,84,87,-38,-86,-69,85,-39,96,-53,58,-55,-89,64,-77,30,59,-92,-94,40,-6,60,83,88,3,-66,95,50,-27,38,22,75,-10,40,-80,-88,10,-16,-89,-8,77,13,-6,-30,-44,-16,4,-62,17,-57,-71,-27,23,-70,-68,88,-88,-45,-97,10,51,-10,98,-82,-18,-73,-97,-81,31,58,-61,-91,13,-31,-36,-64,-69,58,12,-46,12,-21,-21,29,-53
-30,27,33,-41,77,79,-8,93,40,-60,0,-56,96,-53,-18,-57,-8,-83,97,-21,-70,100,-46,-42,70,80,32,-30,63,77,16,-87,94,-23,-32,54,52,92,-10,6,68,-76,80,85,-77,-36,30,-41,82,-14,10,-76,-98,48,38,-32,63,-12,-71,-25,94,100,43,-51,-77,-61,5,-96,-80,-38,-72,-45,-39,46,-34,3,21,-41,-10,22,-4,-32,35,28,47,-55,-41,98,48,-13,-52,-24,-45,30,16,-17,-46,62,32,95,-45
46,-12,1,-88,-24,-62,-29,4,19,-66,-32,74,-47,4,-83,-64,-32,69,83,94,91,46,90,-43,-48,-58,-12,-58,-27,48,85,69,-97,-63,58,-83,-95,97,58,-81,-32,-20,32,97,96,-44,-62,95,-72,-16,-2,80,84,18,87,71,57,-12,35,-18,18,76,-67,15,25,-82,-89,-47,-73,19,97,42,2,-79,63,-99,22,66,20,-48,-15,-91,-15,-96,43,69,-57,-20,87,-94,7,10,-26,93,97,0,-78,5,-32,11,66
84,-90,-82,-63,3,60,-14,-2,-54,-46,25,14,-66,61,96,-87,82,-48,23,34,-12,-72,-20,-14,-41,38,18,62,-33,-32,26,-56,24,47,-14,-86,54,-25,-31,-6,7,21,3,0,95,-42,65,-85,-27,27,24,26,-39,-91,57,94,100,71,12,33,15,10,-77,46,-64,-44,-38,-50,4,-97,-3,-63,87,90,79,1,68,-49,90,94,-56,-66,6,38,7,21,81,15,34,56,43,80,-72,33,0,79,61,-87,-7,-40,-4
-37,-58,-81,39,10,70,-19,73,13,-80,-56,69,-80,-89,39,-81,29,74,-70,53,-22,57,99,-93,-44,-99,-73,-4,47,96,-20,-65,90,-79,15,-51,-31,-90,44,-13,-44,1,-9,-70,-52,96,-89,90,-10,-15,82,-48,79,-8,-89,-32,11,60,17,58,-19,95,-47,-68,-6,-28,41,25,56,-42,19,85,57,-38,24,16,4,-50,-52,-65,-6,-59,-42,-22,-68,30,-42,96,41,-30,-1,-100,21,-91,-99,-5,-22,5,-63,57,80
59,22,-69,-60,-20,-90,61,-79,-97,97,-11,-38,-69,-68,23,49,-95,-87,52,37,-24,-52,-12,72,60,5,3,87,-18,26,-57,96,-62,14,65,93,-38,88,-1,-85,-62,-29,19,-24,-85,67,4,-57,-69,21,-40,-44,11,-89,-65,44,88,11,-99,15,67,50,-31,35,29,66,-8,88,37,-50,97,84,61,-71,9,50,-4,87,-40,-79,-15,-9,36,-38,76,87,-1,36,-4,-40,44,-85,-12,-43,6,-7,-14,94,-77,55,90
94,-79,-1,40,-58,-15,23,71,46,7,-25,75,95,-7,-66,-44,74,-15,2,-8,42,14,62,83,-81,-11,69,17,-16,-88,-81,70,5,52,-19,26,-41,-84,-47,48,-41,-96,29,88,-98,59,-66,7,20,69,-88,-38,37,-26,81,-94,53,-34,-62,-88,-17,-65,31,-9,17,70,54,-46,24,-72,-81,76,1,100,88,-2,39,30,-85,-85,49,31,39,16,-29,-31,81,-45,-35,5,99,-34,2,-4,-1,-30,42,-19,4,25,90
-73,1,-73,50,49,-55,25,84,36,-4,29,-13,-18,-86,-48,-33,93,-5,-61,37,32,-74,-99,-33,-54,89,-77,-28,85,60,41,-26,-20,81,-78,14,60,39,88,-29,39,31,98,-80,-2,-7,33,-27,68,-43,-64,70,45,44,20,50,-91,-65,-36,-89,-94,83,36,-8,-22,-48,-62,95,-84,-20,64,58,100,27,1,40,51,-35,24,85,-19,-30,-16,-24,-36,-29,-44,-36,64,48,94,-82,27,-63,-55,93,-40,-3,71,-27,5
62,95,47,-45,78,-79,-54,99,37,-39,-73,71,-25,88,-39,-67,50,55,-27,-72,62,-25,-98,11,28,-99,44,-24,28,-82,-77,81,-81,82,-18,92,-24,-1,99,84,-34,65,-43,-67,-65,100,-95,91,59,30,45,94,-51,56,17,84,-25,-54,100,37,90,7,-15,-14,-34,-70,76,-73,-17,-85,-95,83,-91,29,5,-22,-40,-67,50,87,-92,-2,-73,82,98,-1,-6,58,-71,33,69,-69,-76,30,-18,-54,-42,-32,41,62,74
-84,-16,19,-41,5,90,-92,71,79,-26,92,38,2,-51,-94,-28,-90,58,-58,91,100,82,52,31,-23,6,-25,-7,17,25,-76,-9,-59,-32,9,66,-35,-70,-32,-75,-5,82,-41,23,-77,-87,8,-57,-35,-38,51,-37,94,61,95,-4,5,-62,35,100,-14,32,-82,9,87,91,83,-15,-46,88,73,1,-48,-70,76,0,10,-46,37,96,-84,48,64,56,-96,94,19,-80,83,93,47,40,-68,-39,22,78,-4,1,31,-6,-67
72,-15,-35,-79,-5,-23,-69,60,-38,-45,71,94,-75,-31,-23,-70,71,-77,-89,15,72,-17,-24,97,-49,99,-17,-29,9,-81,-47,-20,-26,-13,-2,-50,48,13,38,-77,-42,-28,-21,71,-93,4,35,59,52,70,1,-54,-81,-48,53,63,62,16,71,42,3,-80,-49,-42,6,-36,-92,-62,-45,-88,-83,4,19,-1,73,-43,-3,-36,19,-6,-12,-63,-92,83,-66,14,18,73,74,-90,-70,-7,-75,70,-43,37,-89,40,-10,-60,90
57,19,-49,-62,-66,75,71,92,-36,81,-75,16,-34,-23,13,-67,-59,96,-83,75,-58,44,-3,24,-70,-74,97,82,-73,-84,64,-80,11,59,0,77,-58,-47,-8,80,59,76,-12,-15,55,15,-13,40,-22,-48,-30,-86,9,6,76,73,85,-37,-79,-62,40,-35,-35,-89,86,67,28,-35,-81,2,-1,75,56,-60,23,-38,-48,-34,30,23,96,-76,-40,-11,47,100,45,-16,59,-48,-63,-27,44,-86,-39,36,-100,-3,-62,-93,99
-67,-12,-98,31,30,-62,-18,5,-83,77,54,75,-5,55,-8,76,-94,1,63,-7,-13,-87,-8,-3,10,49,-84,12,88,70,82,65,-22,-82,13,-34,-72,43,46,-35,84,25,2,19,-16,39,-95,-84,-9,51,-77,-92,82,-5,86,-28,-49,-55,-19,77,64,-40,39,-9,23,26,77,-95,58,68,-78,89,91,1,81,31,-20,41,7,15,-93,87,23,6,-91,39,94,-29,-76,-15,12,45,41,61,3,-52,100,25,98,-6,39
-4,-100,-43,-95,54,-58,-28,78,97,-44,-86,-54,86,-33,31,-5,-93,11,7,54,-30,-92,-17,-33,54,81,36,86,64,5,-10,33,42,-73,-20,-20,-7,17,32,-28,-41,-32,53,-48,15,-59,57,35,44,19,-62,59,77,-9,-70,-35,30,-91,-1,71,46,-46,66,12,-32,-92,-93,73,-50,6,-94,50,36,30,-25,37,-92,1,-99,-14,95,-34,52,69,84,50,18,63,-17,-98,-22,-31,-97,29,-34,-43,68,-1,83,-65,-76
33,-80,-42,73,-21,-46,24,-79,49,-4,57,-95,95,-57,-10,-6,79,3,-84,62,-73,90,48,-63,-73,51,-1,-70,71,-78,69,-83,24,-41,92,-44,-17,-44,83,31,-12,-40,19,-86,69,-58,42,28,-17,-74,99,76,70,-65,56,-47,40,53,-45,48,64,31,69,80,-10,40,-34,-70,-38,34,-90,-47,-82,85,79,99,94,68,-90,74,-22,83,31,-56,73,69,-42,-13,38,30,-71,2,60,34,-37,-30,70,51,-73,-26,51
80,-63,89,-98,67,-78,14,80,78,15,84,-78,-5,-11,39,90,24,90,6,-34,65,-83,94,-73,37,72,90,0,61,-35,9,-9,-95,46,-8,47,71,-85,68,82,-67,-88,8,-42,49,-74,-7,-11,38,46,69,46,64,-29,88,64,77,47,97,77,-6,4,-67,23,-7,85,91,-45,76,-51,-5,61,79,-82,-65,-69,10,76,-65,75,-35,18,-60,-29,-96,39,-18,-95,62,-65,64,-23,-21,-20,-12,-95,-87,81,23,72,16
-80,-14,69,69,-34,20,-2,-40,62,-65,81,-92,73,-92,74,66,23,-40,-76,98,-11,4,93,75,-12,64,7,-24,19,15,98,87,43,81,44,-57,99,-55,-66,-39,-8,-87,-53,58,-47,53,-35,-76,94,-43,20,-23,77,-73,51,-28,-99,36,-17,-7,60,-1,45,-43,74,34,17,53,18,-26,-97,30,-6,-29,-76,-76,-55,80,-37,31,96,63,65,-86,87,79,-41,21,-37,62,89,66,-8,-28,77,-72,-42,-36,-7,-91,51
92,-51,-71,66,-34,67,-31,52,94,39,-68,-57,17,37,13,0,-59,-13,-10,-15,57,19,-5,-10,-63,-74,6,-21,27,-81,-28,62,7,52,-62,-18,28,-77,83,-27,-81,-74,-61,-38,89,40,56,-41,71,-11,1,-20,-89,-42,87,-44,98,41,-19,-22,-76,11,80,4,-69,-38,56,-45,2,7,14,28,-46,92,20,-88,0,80,-90,30,-49,0,83,90,-74,-38,-85,-18,-54,-90,-42,81,-80,-33,50,82,-92,58,-44,-12,-49
-7,-92,-1,26,32,49,86,-26,57,15,-76,-42,-4,50,65,95,-31,-29,44,1,-10,-86,-34,-31,-57,50,-70,16,87,-57,93,34,-27,86,-64,6,60,-26,97,-8,31,-51,-41,67,-46,25,-32,-6,19,-85,-68,76,24,96,72,14,84,-89,-39,-56,-30,-54,-48,28,86,99,-96,63,-4,27,87,-92,71,-40,92,-63,-76,-42,-68,15,32,24,72,-24,56,39,52,30,-86,76,-41,12,32,-40,-82,-76,-32,69,-57,-87,-19
46,41,-9,37,100,17,-95,59,-14,34,80,36,-9,-33,70,-56,80,39,79,46,-53,-26,-20,7,76,-7,76,-45,9,33,-99,1,53,91,3,-20,55,53,67,-21,15,-64,19,91,-71,-79,61,72,75,88,24,-88,-61,-53,54,45,-5,14,47,-83,-21,16,-38,97,6,54,-85,68,99,-48,75,-94,-74,65,-4,90,61,1,-84,-94,1,-61,28,-99,-22,62,-86,-80,-56,21,-86,96,27,-7,-4,38,-58,-74,63,-34,-43
-58,83,38,86,51,11,51,16,-41,-89,-9,1,53,-1,-62,21,51,-37,-76,-28,90,89,76,-55,-62,62,23,-14,-56,-46,-26,12,77,-57,35,-75,61,-98,-36,-57,97,31,39,-88,47,-48,14,-75,-11,-49,-58,89,-14,50,92,-97,-59,-25,10,-69,-55,-42,44,74,-88,70,-86,-81,80,54,46,-74,75,55,28,10,-14,64,21,100,-73,-88,95,-17,83,-48,-80,-41,79,-28,74,-21,1,-32,40,-24,18,-29,48,13,70
-28,-77,-48,-30,98,-66,-69,89,45,-41,47,93,-46,-61,81,70,-24,-99,-30,83,16,-70,-55,24,-69,91,66,55,-8,95,-21,-24,6,8,-55,-5,68,-94,0,-45,45,32,-38,95,14,-52,-95,32,-13,-19,27,-85,-25,66,-98,-34,4,-37,-88,-78,-39,91,91,-42,-41,84,-47,24,36,-27,-25,-84,-99,25,-28,-94,-32,15,33,-88,75,83,2,-8,95,79,-52,27,-88,-96,-61,45,-47,72,46,-73,99,-7,41,73,-95
-46,-36,-61,-26,-32,-79,25,77,46,94,-32,0,-55,95,30,87,41,-2,0,-22,-6,89,-83,-27,-17,55,99,-99,-14,-32,40,-91,-38,4,-75,-96,84,-25,62,-45,-64,6,7,27,61,-87,14,-98,-56,65,-90,14,-46,-20,-35,60,32,67,15,-58,-34,75,-4,-13,-67,-58,85,33,73,-83,100,-77,-65,-11,-80,-73,86,3,-70,-4,35,-58,72,-10,75,-64,-22,-82,-43,31,-16,-96,66,83,-9,48,-26,-80,72,-93,80
-17,-94,-100,90,-48,-79,21,41,-17,-9,-79,32,55,27,-97,-79,11,36,-82,-41,-77,-94,-84,32,44,29,-80,12,-50,73,81,-33,42,-23,-31,38,-28,-31,-56,58,-14,59,-28,34,-19,-85,44,45,8,75,-57,-75,43,9,-30,-26,31,58,15,-96,-72,-4,-28,-15,6,-21,-67,-48,-34,52,93,24,55,-41,-20,-16,-79,-17,-29,67,-22,-4,12,-60,85,-27,-2,61,-71,30,-43,78,32,26,-8,21,51,25,31,-59,-15
89,-95,-37,34,-82,-95,89,2,-14,-74,-89,-80,-42,13,-6,79,-16,-42,-20,8,30,-76,-1,-5,-12,44,-27,-4,-27,-8,21,59,89,26,21,59,-13,-4,48,58,-99,-55,-13,-31,-99,83,68,20,-81,-88,-78,59,79,-86,11,89,-12,-83,44,-25,0,-52,-39,39,-20,-90,-83,-96,65,14,8,-18,-95,-8,-55,42,25,34,27,70,58,-31,49,-67,54,-32,-29,68,38,-77,1,39,10,-83,-52,-61,56,-80,1,-1,-31
-93,-48,-32,54,89,64,96,-62,39,-85,-49,-13,92,97,-71,74,85,-93,67,-80,96,42,29,46,79,69,-30,41,86,-88,-46,-24,93,-22,73,28,-3,62,1,82,34,-92,11,-44,-57,-98,24,93,89,-2,4,-76,86,-57,-49,-89,12,-56,-19,1,-96,-68,-13,35,-97,44,24,17,40,70,-78,91,-20,51,-90,30,19,-23,-74,-47,-94,-37,-32,15,-13,47,-60,-14,-100,25,-34,57,-26,25,-86,-14,-89,5,5,-53,-57
-75,70,-83,99,31,-54,-24,43,-53,83,59,-88,-87,-22,-8,-20,-4,52,-25,98,-91,48,66,79,6,9,-29,85,99,-20,-18,-100,60,43,4,-20,93,-52,30,86,-57,-59,-84,93,96,22,-36,-97,22,-73,24,-26,7,-65,5,39,48,50,-32,-22,-61,8,-45,-4,35,46,46,-87,49,82,53,50,-89,-53,67,16,-13,20,-12,-73,-17,65,-80,61,37,61,-11,-35,-85,96,78,24,32,89,12,16,-45,29,86,11,-14
65,65,-98,-46,13,-66,39,-75,14,24,38,46,10,0,4,-54,39,-35,-9,-42,-29,3,-47,-6,-53,92,39,72,-92,-2,-5,45,21,60,-9,-51,-51,73,6,46,25,-98,50,-49,-22,23,-28,-56,-10,5,-55,-49,-2,91,-98,5,-27,9,83,31,69,2,44,56,41,65,-53,82,-11,-84,64,56,-4,-50,-25,37,-87,-75,4,42,-6,32,80,91,85,90,-86,-63,92,-88,-15,15,98,-67,67,52,-98,-37,-51,-77,-19
-33,68,14,-12,3,-20,-36,-68,6,-96,17,-87,8,-3,-29,98,-1,1,95,-10,-39,48,-21,-77,28,-59,-95,-23,-53,-90,-48,-88,-86,-77,-72,42,-77,-96,62,-57,-96,-16,45,-37,-5,69,68,45,-3,-15,-33,53,1,18,90,-71,77,-72,-79,-94,37,-92,-100,-40,-38,-5,15,-93,-94,53,11,-91,56,-46,29,-27,-98,-96,31,74,-97,94,45,-12,-8,-77,-60,59,-28,61,26,-88,29,36,78,58,27,-48,10,-18,-65
-30,48,-12,10,-25,-34,94,-8,37,-73,98,-53,-15,11,69,-9,71,-43,21,22,79,-26,54,-68,36,-74,49,-19,75,57,39,34,-33,-20,-88,-49,-77,-76,79,-79,-25,-53,47,-97,-42,85,-4,51,38,100,-1,-17,25,-88,52,-20,34,-25,-2,-65,-42,-84,-61,23,-30,78,7,-2,-70,-88,53,1,80,-76,-19,-23,-84,67,8,21,32,-96,-85,21,-34,21,-76,93,73,0,-39,4,22,57,-54,-66,-70,-18,87,33,17
-43,-92,42,-67,5,90,-96,10,-78,11,68,15,-38,6,-98,64,61,15,-20,94,-4,-30,-36,-10,-24,80,58,0,42,76,-91,-16,-85,-49,-82,-76,-39,-62,65,55,91,7,-77,9,44,-66,71,45,47,71,46,5,-1,8,60,-66,39,43,45,-18,89,10,45,54,-84,-75,12,-22,96,59,-29,7,-63,-34,92,-87,58,32,66,27,-51,-40,53,-50,-34,93,-13,-17,8,5,-9,-28,-99,17,-71,93,-75,26,-95,95,-27
-7,3,-74,-5,-87,-81,39,-100,-63,-50,-85,-14,77,7,-55,50,-6,-66,-26,35,39,38,-20,-75,-68,-24,23,-7,19,34,-36,56,-16,97,-23,-10,-51,12,-29,-28,-50,-45,-55,70,-4,89,94,-52,-38,60,-18,58,-67,-97,59,-59,-78,-28,88,4,-62,-27,88,78,-9,17,-14,-75,64,50,-92,17,-53,-100,-3,54,97,83,-86,83,86,-11,-92,-94,-87,-93,26,-61,78,21,-30,-42,41,-33,-51,47,-50,25,-13,24,-46
-96,81,47,50,60,-56,66,29,50,-21,-90,-32,-2,12,65,-45,78,98,-44,84,45,-31,-19,8,53,-70,-41,-27,-94,-95,11,-34,56,39,14,-97,6,-75,-16,11,-64,25,86,-60,-85,95,4,36,-7,27,71,90,30,19,78,37,75,-24,-23,-52,-95,14,-26,-27,96,89,70,56,11,-48,92,41,-53,57,29,-41,-82,-75,46,35,88,82,-31,-74,16,-91,-4,-6,24,66,47,-53,-4,-19,78,40,62,-26,100,69,-93
37,-72,-39,46,-98,-5,-85,58,-25,85,-24,-31,-55,-39,45,72,7,65,86,59,-41,-34,85,62,98,56,55,-8,49,35,50,-36,-60,-74,44,17,-60,-31,-42,-93,-26,-55,0,-99,77,25,-28,-57,-65,-99,-31,89,-73,-20,-67,23,-57,-44,88,-83,51,-56,-76,-75,69,-77,82,-86,-86,-9,-93,62,-71,-7,-47,94,-82,79,81,-94,56,4,-66,-25,-32,-89,-80,94,-3,64,-100,-73,9,37,96,-40,-15,-16,-79,-16,-38
-97,5,-8,93,67,20,33,-81,40,-64,19,-79,74,-74,38,-13,98,-23,24,55,58,14,-56,-65,72,-5,56,-77,-44,11,-7,-61,0,66,-53,50,26,9,69,84,65,25,-46,-71,-21,-38,38,-36,-17,-19,74,90,-93,35,37,58,68,40,-69,-7,-91,92,-48,-4,-97,-41,-47,-47,64,-79,93,77,43,-99,96,54,97,-64,55,-38,30,-15,31,-62,-70,87,53,67,-24,-9,-62,26,87,80,30,58,-45,-100,-100,-67,32
-52,8,98,49,-36,15,-6,-43,-91,-96,52,-75,50,-86,14,92,-66,-59,80,22,27,-100,-78,-25,-4,18,43,25,-37,26,39,-100,79,-86,-17,-24,-44,-66,-22,-95,-34,-82,-34,-86,29,41,41,-73,-21,51,-88,44,99,-92,44,-13,63,37,-68,50,-19,100,-57,90,1,-19,44,-80,-74,99,67,83,-74,10,-44,98,18,30,85,5,82,80,66,2,-29,-76,-60,44,-8,78,99,-85,13,-83,-5,-43,21,-38,73,-76,-24
-64,44,39,86,-29,33,19,49,5,-84,-17,61,95,62,-57,-46,87,61,-91,-55,49,54,-33,3,42,-90,-94,-44,47,10,60,56,49,-26,11,-34,25,41,6,-68,82,-44,49,45,99,-5,-42,0,-10,-39,-75,32,97,52,43,-78,-49,-22,-71,-49,47,51,-29,17,12,61,-26,71,-54,80,98,-30,99,-44,-20,-74,-95,100,55,-76,54,73,-19,61,-83,-89,-76,-73,82,-69,-96,-56,87,72,99,48,68,-24,-47,-76,-27
97,20,-2,-99,-94,40,-24,-46,-14,-86,9,-53,48,87,62,-25,-40,-45,-64,-99,7,15,88,-100,9,-90,23,37,-88,-64,-32,-46,-96,33,-69,-13,-4,-33,-21,-38,-75,68,-50,-58,39,89,-5,17,-87,-24,-12,-14,34,35,-33,-61,24,49,56,-72,-63,59,-69,28,-73,-49,3,-26,76,-39,-6,15,-17,-76,77,-18,-51,-36,20,7,-51,6,81,-86,-15,-59,-83,-43,92,29,80,35,35,-21,97,-99,-34,-83,83,20,29
41,54,45,6,-91,-27,67,19,-6,9,-33,-62,55,-92,-84,-10,47,-65,51,-69,91,-63,57,-46,-93,-49,82,-93,64,-99,-85,-73,4,-86,-77,-66,-95,-53,64,10,-100,53,-62,20,37,-27,-41,-13,-5,23,-16,87,42,-1,-29,-36,-66,-67,7,-3,8,73,76,88,-51,-7,47,55,64,21,61,11,-87,63,34,-67,22,6,-22,-92,53,-62,-92,44,65,-3,-15,-100,81,-44,61,3,57,16,-1,-51,-24,-72,11,96,12
51,97,43,42,-74,-76,-80,82,-42,-81,-20,-10,-93,91,39,10,4,32,-60,-59,28,-82,75,-24,-25,29,28,-44,22,-89,78,-13,19,65,52,-14,-24,-5,-74,90,-12,-100,-1,58,-26,84,-35,6,84,14,-70,94,-15,81,3,35,44,80,-43,67,68,-40,-97,-98,-28,4,29,-44,41,21,51,12,20,-61,18,79,-11,6,6,-19,-82,-84,-98,50,27,16,62,-70,-77,2,13,37,24,19,-17,-77,74,7,-70,-71,0
-94,85,0,-99,34,-70,-92,44,97,91,42,-87,77,-20,-5,-76,-35,-69,-29,39,56,25,-83,84,-93,47,-44,55,-79,79,88,-78,33,51,86,-37,45,83,67,-39,49,-15,-53,-27,-45,-24,-34,-99,96,36,-79,-83,45,25,98,-100,21,-20,-48,8,70,20,14,21,-13,96,-85,40,30,48,-1,28,-25,44,53,-83,-79,32,-1,38,43,59,-7,-81,-16,41,-70,-95,76,91,99,13,5,61,-82,-24,53,58,-93,-53,-84
-81,8,24,-56,51,63,-40,-34,-76,-34,24,93,12,-14,-64,-99,42,10,-3,10,55,-90,46,25,57,-24,31,-16,54,-7,95,48,50,73,-14,87,-66,20,5,-17,-99,-63,-39,70,-94,38,74,-30,-16,47,46,-47,59,5,-94,-41,-69,5,-1,64,77,65,30,-91,-19,-42,59,96,34,10,-16,-3,71,59,-68,-97,78,42,30,-57,18,-21,12,89,98,-13,25,-21,-94,-51,-93,99,30,15,62,-99,-9,13,-5,90,60
