35,-90,69,-22,18,-22,-97,-44,38,66,86,-56,37,-28,-5,-86,15,73,-22,-25,96,-53,-28,-74,99,15,-62,99,71,-71,-63,31,15,-94,69,98,-51,68,61,-42,87,-88,-90,69,9,-99,-86,49,-27,-94,-52,95,-44,22,59,-56,92,74,-31,-24,-41,19,-41,-52,39,100,-6,-95,-61,79,56,44,98,88,38,-38,-54,-39,84,9,-27,1,-80,40,43,34,47,55,99,26,-4,-67,99,62,43,-43,25,-19,-76,-12,-77
-20,54,-94,-36,77,-68,-59,32,46,49,92,58,-54,-11,73,20,87,31,-6,-56,24,46,-61,-59,56,0,32,37,-64,-86,-31,39,-52,93,-59,17,-31,-27,28,-22,67,-89,8,27,-41,-93,81,4,15,49,-46,-53,21,97,-83,67,57,-26,9,-82,-47,-50,-59,-99,-25,-93,67,-35,-78,47,26,9,-65,68,96,-43,33,-7,-38,96,-20,-10,47,36,-19,48,-90,0,36,61,-37,-77,-68,-15,-46,-4,-63,-93,-12,-48,-38
-4,45,24,8,66,-38,-100,62,72,26,8,-44,59,45,-53,96,-83,0,4,41,94,51,-11,-19,-10,-82,-60,-45,56,-74,40,44,56,13,-71,-80,26,58,-41,-63,-68,63,56,-92,-15,-2,-36,-95,-76,-19,57,35,94,60,-85,-2,35,-23,5,41,-11,72,-77,-27,80,25,28,20,23,60,79,42,57,73,-11,17,81,-5,-42,75,11,-80,51,17,-48,49,30,88,-20,-1,47,-38,-92,-56,25,-53,54,12,-9,-27,-51
73,30,66,50,15,-34,26,60,-41,-78,-75,-30,-93,28,94,47,-2,77,58,-25,80,-86,-42,-11,-89,31,3,-47,-51,14,-86,10,-21,-3,-48,45,-11,-65,26,-87,-2,12,96,-34,-55,24,-3,50,-9,35,98,-60,50,32,44,-76,66,64,50,-27,-78,37,-84,-2,-57,-96,50,-25,83,-65,-8,-81,61,23,-88,50,30,52,-41,-29,63,31,-64,-61,-6,-42,-26,62,46,77,-34,-12,-1,58,8,80,75,-53,-84,78,13
98,97,81,65,51,64,56,87,79,-2,-92,-62,7,14,-64,-44,7,96,98,12,70,-75,4,10,57,-38,-88,83,-16,86,-73,63,53,58,-76,59,3,-87,25,-79,-15,-19,-12,10,18,-15,-59,-12,3,88,-10,91,47,-46,4,-16,20,-71,-76,27,23,-7,-17,48,91,-15,72,-60,-33,-55,3,77,-9,-100,1,79,14,-7,-93,-22,0,5,-70,-4,84,-39,-15,-82,26,-25,-71,-95,40,-16,-32,-74,55,-20,82,-66,46
20,-43,51,-75,41,86,42,12,-58,-64,-40,-87,-78,96,-89,31,87,22,73,54,-85,-55,-87,-47,81,-59,-29,-84,29,-93,-24,-6,15,45,-6,30,73,-49,57,-46,-77,47,-65,-58,96,-33,42,23,93,91,16,-76,85,8,-17,-83,95,-15,2,-97,85,8,-99,-40,98,-15,-24,-14,62,78,95,-23,77,-22,-66,94,21,-59,-76,-36,-69,10,48,-52,-29,32,-86,-53,19,53,19,62,100,68,-32,47,32,48,62,86,48
-39,56,0,37,70,81,53,-17,-72,-62,10,95,-28,-40,-45,-13,-71,83,3,81,-76,-75,1,37,58,-28,-67,39,-99,45,18,17,7,4,74,-83,53,3,-47,-56,-76,72,3,-100,-70,78,-17,72,-1,19,-88,-53,64,50,67,-60,-76,-43,52,-53,-68,-41,17,4,-67,-12,-9,-93,-45,74,-27,-36,-98,25,0,50,17,-46,85,-64,27,32,12,-7,-28,-17,3,51,39,24,-8,-36,-2,50,35,76,-23,20,-73,43,-62
38,-91,49,-93,-88,-47,-90,-3,92,-63,2,70,-74,15,31,-58,-24,23,86,-20,-47,-70,16,-5,14,16,-83,55,-9,17,34,57,-100,-86,84,52,57,13,37,-11,75,31,-49,67,45,94,-7,-59,16,44,28,37,58,63,-38,81,47,-70,-2,-82,90,-65,51,89,96,57,-44,-10,-95,47,-68,82,55,82,79,-52,79,-37,46,-16,18,54,-43,17,-100,-22,32,29,-77,-68,-90,80,42,80,13,-96,-24,79,76,-74,-43
17,82,-84,-88,74,34,24,-33,82,96,-64,-41,-88,-24,1,-12,49,-40,-3,63,-87,-95,-36,-21,13,-10,11,-15,-20,-73,97,-69,76,93,-92,-72,-31,-50,-91,-20,-70,98,-94,62,65,76,-13,34,-3,91,-66,46,-95,47,81,-16,-47,79,-22,-62,50,64,88,-24,-78,-60,-62,-42,87,57,-17,64,-73,-22,91,85,74,29,-18,-29,14,-99,-54,16,56,-88,-62,96,-10,58,60,-32,-17,-31,82,98,-35,-51,9,100,-98
-85,-78,83,70,3,-19,88,34,-1,24,36,29,87,-3,-70,-9,-5,-83,98,-82,-72,9,-100,54,40,-70,55,39,80,-9,10,49,87,-42,-82,-64,-51,-22,-46,52,-9,16,-79,0,11,-83,-19,-23,-51,10,52,5,-68,-98,49,-98,-70,-83,79,-19,-34,39,-62,69,57,-26,-23,-18,-48,-47,-75,36,26,-36,56,48,72,21,-31,17,10,92,-9,-76,9,-47,50,-70,55,0,-51,63,-82,-14,31,68,-84,63,32,-61,-28
31,-53,7,100,59,-69,79,9,-56,-84,-85,92,-26,65,20,11,-26,-61,24,-27,-25,12,-84,-77,48,-72,50,36,-7,47,46,24,-11,-87,-13,31,12,70,-9,7,-88,29,23,77,-54,37,-12,17,-90,-43,-23,41,-75,87,38,-100,89,-33,-30,-86,71,-41,82,71,13,-86,-49,-94,97,29,7,-62,-3,15,79,-99,-68,-58,-20,21,17,61,-27,-36,-57,-19,-44,-11,-62,-51,-96,63,69,75,6,-97,-52,-56,37,-11,52
31,62,-58,-53,-15,96,-27,56,-68,4,-19,-73,-40,-22,-44,80,81,78,74,-59,78,39,-51,-56,-32,46,-44,-92,45,-53,-74,97,31,27,21,-73,-70,0,-4,18,75,-26,-37,88,0,-56,51,31,90,33,-9,50,37,47,91,63,-21,12,48,-42,24,-28,-18,-35,42,-16,99,-88,25,38,3,-65,-69,36,-25,-17,65,33,39,29,-50,81,52,19,-98,-85,-12,27,9,75,77,26,-55,83,-87,100,-38,-76,-73,63,-43
33,-18,-51,99,30,-42,-67,-13,-43,17,-97,22,-94,8,-37,43,46,-33,-36,-30,-46,-1,-10,36,85,-54,35,27,27,62,-43,6,61,-1,-44,71,-59,80,28,-42,56,-11,-71,34,-33,-37,31,17,45,-21,65,-53,15,-78,12,-80,26,-13,-8,80,-45,-8,13,-54,-53,-38,56,19,-27,-93,-99,66,-59,-19,44,24,82,31,83,1,12,20,-97,65,-44,-49,-75,6,81,-61,12,42,14,47,-15,89,70,-90,32,30,24
-50,13,-79,72,50,73,2,-27,-9,-19,-89,-40,-2,10,-63,69,82,-8,66,93,33,-15,-31,2,53,-94,-22,-39,71,-55,-83,-6,-76,31,-64,-20,58,8,-40,-8,57,-63,68,-66,16,98,75,38,-14,-97,79,68,50,3,46,-22,-4,-48,44,64,-88,80,10,28,-38,-91,32,-58,72,25,-88,47,0,-72,-92,-6,88,-93,36,-80,-60,31,-37,-41,78,-21,-47,-72,-88,58,-9,58,77,-44,-44,79,57,91,-75,-31,88
-96,-67,74,87,89,-27,94,-35,-9,-47,9,-35,-87,-77,-1,63,85,-81,68,78,-95,39,36,95,28,31,-26,66,-27,-9,47,-54,-1,-17,-65,19,90,59,64,94,99,-82,3,-84,25,-100,35,-91,40,67,-49,35,-41,-36,62,-54,22,19,-68,-29,-69,-36,-38,12,-69,-15,45,62,73,86,32,-30,10,-92,-37,82,-98,-44,-59,-34,77,74,-35,-84,-55,88,-94,70,-97,-24,-34,5,99,17,65,82,30,-18,-32,96,63
2,-87,96,85,15,37,-17,11,54,-53,-61,-80,11,84,-75,-49,3,-93,-100,-77,-99,-33,-80,38,-50,-88,-16,-20,-17,-9,-41,94,35,-53,-20,54,-57,-53,-74,6,-43,19,52,-47,4,-52,98,-88,56,-83,81,40,37,-17,89,-58,-6,-39,-28,84,78,72,-34,63,0,88,74,99,-68,-41,-75,-24,-52,32,42,-92,95,14,-26,-83,-34,-3,77,67,41,89,-32,-67,-51,-49,22,-60,-42,-80,-59,-95,13,92,-86,30,-31
-11,-67,-65,30,-15,47,-15,-19,8,63,30,54,13,-98,25,-93,58,-76,27,-91,55,27,93,-36,4,-25,24,29,82,-75,-10,-79,32,-74,51,-77,-54,47,-72,79,-7,-58,-18,29,-11,97,-54,80,72,58,65,39,83,27,36,-56,15,97,-3,78,-84,-20,47,-71,-76,-5,-83,-26,-28,56,11,-89,23,27,68,60,-76,93,76,74,1,-57,-52,-82,-95,40,-29,98,-2,13,11,24,96,-29,22,-100,61,89,54,-4,-41
-13,-3,-67,82,94,-71,73,8,-43,0,79,-74,-11,-11,-30,100,-72,-75,-87,-75,-38,78,32,81,-42,-17,-99,-37,-4,-89,-36,43,66,16,-96,-16,78,-95,-75,36,-58,-39,-19,-65,24,-43,-73,-20,-36,-94,-64,-7,64,-33,-59,26,82,-80,46,-3,66,-40,91,-60,63,-39,26,-66,31,60,-1,47,44,-79,-19,40,54,-26,-55,22,83,19,67,58,-83,32,71,96,41,-100,40,-69,-15,-56,28,-9,99,88,29,56,-3
-98,95,55,-1,-47,-44,-82,55,-15,7,-96,44,1,8,93,-74,-78,-83,98,-95,92,-10,39,72,12,-38,-28,99,-40,7,100,-48,-94,81,-98,-86,76,62,85,-13,-54,57,-97,-100,-50,100,25,-17,77,77,2,60,-54,12,17,21,29,89,100,-74,91,-64,35,-75,-54,-61,-24,-88,-90,-45,-78,-84,19,69,-12,45,-36,-85,61,6,-36,89,-84,61,-33,45,37,14,41,-2,40,34,13,15,-23,18,1,38,21,29,-60
-60,66,-55,12,-65,86,-84,3,-25,56,23,61,0,-79,-17,-98,4,-61,23,-59,10,77,-65,82,-58,59,-39,25,-22,15,-17,81,20,100,74,56,75,7,-16,77,53,48,11,-45,7,-34,-74,10,64,35,86,-2,5,-31,43,98,59,67,-28,-29,71,-14,56,31,-89,3,93,64,6,77,-6,-62,-64,19,9,23,27,65,88,69,-78,22,-58,94,94,-17,22,-84,-39,83,-8,-33,-2,-48,-88,-94,23,-20,-14,67,-23
-17,-50,-37,-2,-96,71,-25,42,29,-87,22,83,19,89,62,11,43,42,-73,-27,-6,12,79,-12,78,96,-68,-60,53,56,36,-35,75,57,5,-44,-57,-35,-76,68,-79,-18,88,71,-25,-93,-56,-36,9,-100,-99,-59,94,-78,13,-98,93,-54,36,-91,69,-9,10,-77,77,-91,42,-79,87,96,-44,-100,85,-99,-50,-36,-40,-20,92,4,29,-84,72,-89,-47,19,52,-97,-53,-4,44,11,42,-69,96,95,68,-30,43,-45,-28
-50,-40,-44,-57,5,-16,-45,55,51,-48,-69,59,-65,-67,-26,-42,-48,42,84,97,-95,66,46,-85,42,-27,-18,-19,-12,0,-63,88,-17,50,-10,-92,57,-95,-1,91,-57,-39,5,-65,98,-2,-96,-66,-73,19,-68,-38,73,-25,-50,-5,39,-62,32,-60,96,78,12,-74,75,78,2,8,5,26,8,94,-8,9,-38,-82,21,-58,-35,-82,48,-98,10,49,-43,-57,7,-45,79,81,18,57,13,68,79,75,18,5,52,8,57
9,-98,-67,54,-60,73,91,-61,62,79,25,80,-9,-68,-44,-62,75,99,-59,-76,30,-31,-32,-58,44,92,-42,98,31,16,-52,-82,9,-15,-38,-29,57,-93,40,38,79,10,76,-51,57,-63,-57,-11,36,9,47,23,90,84,-18,32,-37,-30,-49,-59,61,-22,16,95,7,85,75,-15,-9,31,34,-89,53,82,12,-6,3,-56,8,18,-26,64,42,-87,-54,-15,55,22,44,15,-84,30,79,-41,41,97,-71,17,80,50,91
55,-28,78,-32,-63,90,-13,-31,-79,74,-45,28,-98,-50,-33,-8,88,76,-11,-72,-92,25,37,-80,64,85,74,-53,0,-74,56,99,39,-41,-94,-44,77,36,45,-98,92,-92,-100,56,79,87,-95,17,-78,18,-29,-9,66,-28,57,80,-61,-73,16,-94,47,-3,55,26,-92,-37,-58,44,-56,-84,-71,-44,36,27,-100,-79,92,-32,90,-33,56,69,85,-14,-67,18,-46,7,75,-11,-75,-21,-72,-28,-100,65,-65,-22,80,90,-17
18,-85,45,-100,-83,-37,35,19,-40,3,-61,-41,12,-50,2,-95,-8,96,81,80,9,-37,94,-67,24,71,54,-35,-33,-59,-64,-27,89,-72,-41,45,-52,-67,74,13,-62,52,90,30,13,-78,-82,-98,48,-99,-4,-97,40,99,79,-97,-47,-53,-79,54,-96,89,78,66,-6,36,71,48,95,-55,66,-51,53,22,-33,52,59,-55,84,-78,77,-7,34,91,54,32,1,-21,32,-71,-74,99,71,28,16,-76,-18,74,-31,1,-42
81,-58,78,68,-72,-43,44,71,-44,71,-64,94,28,-30,-7,-64,-86,30,31,88,71,62,-82,29,-42,78,54,-68,16,-75,-13,-93,61,73,-51,-78,57,99,70,-92,-31,-72,-72,-66,-84,-87,20,67,-39,-14,-43,54,-38,95,-93,-40,-76,47,-83,90,-12,97,6,-99,-73,87,100,-81,70,81,-100,-47,75,-42,-60,-70,54,-15,-61,32,-67,-8,-90,57,41,-96,66,-12,-11,-42,23,-23,-49,0,17,-70,-90,67,-44,5,4
12,-29,67,69,51,-75,-81,52,57,-53,-85,89,38,59,-85,-34,-92,20,-80,-86,97,26,-5,12,-49,17,66,-91,-80,84,-39,-79,12,92,80,-41,25,46,24,-2,-32,55,0,28,-84,-34,15,43,-53,68,91,-22,-34,52,23,-32,-29,53,-16,-6,-3,94,86,39,-83,32,42,99,-48,24,-66,-1,34,82,92,27,93,19,44,-50,93,-27,-14,-11,5,-85,-76,30,-87,69,-7,18,-5,53,58,5,45,-82,-12,32,-8
88,24,70,-39,-17,10,-28,-80,25,-98,-97,48,70,32,20,60,12,-100,-44,28,-33,41,-4,-15,-91,-47,-55,-36,-33,39,-28,82,97,-94,21,-96,-49,-85,-29,-50,61,74,-91,-71,3,31,75,10,-82,76,75,8,57,65,35,18,-40,1,28,60,77,2,-84,-3,81,-31,-93,78,-100,17,44,-7,-70,66,-82,-76,-5,-70,-59,100,29,57,96,-32,-10,29,-76,28,-9,11,53,21,-36,-76,-57,82,-17,-94,99,-39,29
88,-21,35,24,-55,-37,-14,97,-90,78,32,-78,-32,-26,99,74,25,-6,61,-71,81,-28,-21,16,71,-9,28,37,-40,88,-84,89,41,68,-67,96,1,-68,55,-74,-54,77,85,21,-67,12,84,59,64,-8,78,47,-20,-86,3,-24,62,-15,40,-59,74,-69,-86,-11,-73,-63,34,40,78,-29,92,-96,31,-14,-45,-77,-36,27,-12,-67,42,98,58,-49,38,59,60,-60,-1,49,25,37,85,-97,32,17,24,-69,25,52,5
-40,-97,-73,-96,72,-68,-2,-13,9,-2,-80,80,-47,83,-2,-17,70,23,-43,-12,74,-38,-58,63,42,17,23,-61,25,-61,-43,-23,-34,-40,-97,85,-74,12,-82,70,-74,2,80,-16,-3,-93,7,62,95,34,19,15,-100,63,-95,-60,-31,-66,-45,-11,-89,59,42,62,-87,55,-17,-64,15,-14,-5,12,40,83,88,-11,74,-26,70,26,-74,-93,-74,19,88,-36,9,-11,25,59,37,79,30,82,-61,14,6,43,-19,1,-14
45,52,17,-89,15,-87,55,-87,76,-10,-12,75,-64,67,100,-99,26,7,-1,11,100,71,-100,-73,-25,2,-25,48,-74,-16,44,22,-11,62,96,45,40,-1,-8,-68,-69,83,30,51,93,-57,96,-31,62,-6,30,67,-27,27,-10,39,19,48,52,-21,85,4,23,18,47,-27,-95,-79,32,25,76,39,48,-38,-22,-39,30,-92,89,-2,40,-25,19,-51,76,9,-16,-82,-63,-27,-4,63,-55,-64,60,-61,-50,-27,-84,-39,-51
-81,-54,27,12,-60,44,-80,-30,-22,-94,77,-71,8,21,35,-76,-78,64,-99,53,65,-75,-21,-67,91,34,99,-14,-80,-1,95,-25,-23,-38,31,85,24,-21,-26,36,-43,-70,10,-36,-47,68,-21,0,0,-13,-69,6,-98,-7,56,-15,-66,51,61,-53,-34,84,58,98,-4,-62,74,18,70,50,-98,48,19,-42,-85,-14,-60,-73,29,-35,21,7,52,100,-14,43,52,76,-8,-29,-94,-76,-76,-17,-54,63,9,97,-29,-57,-50
52,67,-9,17,2,-27,-31,-47,40,29,-29,-29,-77,-58,-96,-71,88,-9,9,1,71,-89,-11,-24,23,85,30,-22,87,-82,-80,88,31,-36,95,76,-7,48,-92,-74,-20,-61,9,-39,5,70,-71,-72,34,6,-51,59,-10,-11,90,-68,21,-14,-55,22,-72,-36,-19,51,-82,86,62,-23,-52,61,-79,-54,95,-53,24,28,-58,-12,37,16,93,-13,-74,67,17,41,61,96,17,47,26,92,-51,47,11,93,-17,93,-31,-54,59
-85,53,56,54,-54,-63,-92,-45,-17,-85,42,70,-76,3,-55,-86,80,-5,-95,95,43,92,89,-2,-55,79,7,97,-22,-14,57,-65,29,-46,27,10,76,78,-69,-76,-14,-40,-62,39,-23,13,13,-22,-64,-49,-35,54,-92,56,-5,34,-14,94,72,61,23,-85,29,14,78,5,5,40,-3,61,47,-13,83,-81,-36,-53,-93,-23,79,17,88,61,8,-35,-49,-58,9,22,-58,100,97,-46,-26,77,-56,-37,-91,-42,44,94,31
45,-6,18,61,23,36,24,-86,-91,-31,44,-81,3,-38,0,-67,-95,12,-31,85,65,53,-29,-66,51,-38,-51,98,-31,-39,68,10,-80,-43,-24,13,56,58,80,-25,-22,-13,100,19,-40,-34,-58,-99,-26,-33,96,10,81,-47,-11,-14,-65,39,35,11,16,-26,0,-73,51,-80,-3,80,53,-87,-28,-25,-55,64,-62,-94,96,4,18,17,15,-99,85,-85,-45,71,-41,-76,-16,42,-80,-29,24,-76,51,61,-98,24,61,84,5
-39,50,4,9,27,-13,0,37,-58,56,-58,-35,-63,22,-92,26,51,-52,15,36,-39,-35,55,-43,47,-78,4,54,23,9,43,-39,29,-91,34,-73,-39,11,-94,2,40,-61,-49,-67,18,4,-68,89,-81,-10,3,71,-80,-7,62,4,-68,95,-19,-76,67,62,-56,-8,-12,-69,100,-27,42,-28,36,54,-50,-34,81,-87,-99,66,-71,88,46,-69,70,32,8,67,18,7,-96,-51,-81,85,-2,-84,-15,-55,75,-4,-4,90,73
97,-44,92,-34,17,-50,91,-24,-9,-84,74,-4,-40,10,80,67,65,65,-45,-52,-71,42,9,17,-89,97,78,-24,19,-87,-41,-77,-30,66,39,13,18,89,-59,-75,9,-32,-28,89,-69,-8,-11,-42,90,-100,33,60,37,-88,24,-84,-66,77,52,0,-30,93,-50,53,72,-20,44,-78,-68,87,-2,-61,-23,-93,99,-92,-72,85,-40,-85,79,31,-27,-97,-16,-67,18,39,87,6,11,-43,-83,22,22,80,-17,99,22,-94,-46
-56,-20,69,55,-20,80,65,-82,37,-20,81,-77,-19,-30,91,84,-82,89,90,17,45,-59,-84,15,-10,-88,-35,2,12,-7,-43,-19,30,-82,46,15,35,-77,72,72,29,98,-24,87,22,28,-83,69,-48,69,-77,-3,-20,46,-43,90,-36,-65,-68,-6,-88,21,-29,-73,6,97,46,69,-59,-84,64,-52,37,-26,-5,53,42,-10,53,96,49,-77,-83,10,91,5,84,13,47,-58,-47,24,-19,80,-52,-8,27,-1,-76,31,98
-60,-62,70,-8,-73,-90,44,-59,7,87,91,-91,-14,-57,-50,86,-70,57,-50,9,-1,69,65,-16,12,-37,100,-69,-26,-23,-19,92,67,0,-76,-44,56,-80,-89,77,-56,100,100,-48,9,-12,-73,-45,23,59,-45,7,-5,-29,93,32,-26,57,-86,-49,61,95,-77,-57,-64,72,-49,0,50,21,34,-34,11,-30,98,-4,-46,47,25,0,-70,-90,86,31,88,25,42,89,-67,95,-78,46,72,36,-47,89,-36,-8,-81,-78,3
54,-97,65,19,-65,-40,-31,-3,-61,-100,-19,100,50,-89,-92,81,91,-29,-67,-29,68,-96,-90,-44,-86,-85,-38,61,64,92,-20,67,-10,50,81,81,-4,-83,-40,82,-14,-23,-70,-61,20,21,-19,-78,-82,93,-80,46,-25,83,-39,37,85,70,-10,74,80,-100,98,12,39,-65,58,39,-72,-96,-89,36,-16,90,-32,-75,-35,-4,-26,-65,-39,-6,13,39,-73,58,-77,96,-33,-51,52,-23,-12,-4,78,29,-8,63,46,-2,-26
69,94,-30,-91,65,92,53,-57,-40,-72,-49,23,-90,67,-11,-15,97,-42,-4,-8,3,5,67,68,19,80,-77,61,15,-99,-83,-78,100,77,-9,17,93,62,-99,-22,73,-22,-84,48,73,-72,-70,15,45,60,69,90,50,89,3,-7,-46,-69,59,-41,-91,-51,80,70,58,-5,-49,-41,91,93,-22,7,-40,-50,-25,46,86,-89,-86,-73,-17,52,1,83,-83,-30,-66,95,-35,48,0,80,-87,-93,-2,6,79,-21,-74,31,82
0,29,0,60,-46,-90,88,99,68,45,-19,-77,-6,-89,-66,84,-8,-24,-45,-66,-1,15,-93,43,13,-41,23,46,-25,-15,90,-90,73,35,-57,72,-12,47,46,15,67,94,75,32,-25,26,7,-12,-70,-27,30,-41,-51,2,6,-19,32,-73,88,74,81,-2,-53,82,-90,36,-13,90,-21,30,-84,-38,-54,-34,-47,-38,-11,26,-65,40,96,52,-21,96,-86,-42,-88,23,-50,68,-5,-35,-51,96,3,59,19,33,-86,-16,-65
55,74,20,27,83,-15,66,60,82,-51,39,92,100,70,15,72,84,77,-74,60,77,-96,46,51,-97,-99,-57,26,76,44,-26,-48,97,-32,-66,-36,43,-82,-62,4,-50,41,-57,-96,19,-71,-15,-31,-71,-6,-5,35,7,-83,-60,94,13,82,-78,-86,41,67,-59,42,62,34,98,93,-48,33,72,8,35,20,42,57,-12,-62,-94,-74,-100,13,67,-72,70,79,62,85,-37,13,80,71,-94,-59,44,49,48,12,26,-90,46
-75,93,89,-96,79,66,-63,-23,-38,-7,87,-35,41,-99,42,78,89,86,-8,-9,11,36,5,-64,-54,50,-49,-90,-14,57,-82,83,-53,45,40,-91,-15,10,-83,-53,-52,-27,-23,-58,-87,-9,-59,-50,95,85,61,-41,-73,-84,80,84,84,82,40,52,-61,-57,-77,-68,-51,-53,52,-54,76,9,4,36,-77,-54,-6,10,-9,-37,95,-8,-41,-82,18,15,70,-41,-27,29,-26,-30,-5,-14,-61,15,97,34,-88,53,-69,5,77
-91,85,-91,36,-77,49,-82,52,-67,98,16,13,3,31,94,-95,-65,-9,85,4,-69,90,-61,36,-83,30,16,0,-33,-50,-100,64,-77,-67,74,-70,60,-12,-59,8,42,-75,7,7,-53,-98,-41,-56,-73,-55,-86,-89,-90,63,52,46,-64,-37,-4,-13,-37,14,-33,-90,15,-2,-90,-98,95,-20,-96,-14,20,97,64,-90,-43,-5,96,28,-23,-73,-71,-32,-98,-68,86,94,-71,-20,61,86,-66,-14,39,-35,-46,-62,-91,-33,16
41,-11,-72,-47,29,-42,-37,-5,56,-96,33,-25,89,26,74,40,-47,56,-61,43,-14,-28,76,-6,20,-48,56,93,-7,-62,83,-10,-75,-92,31,-56,38,48,-8,-39,-64,-46,5,10,-85,-31,-43,75,-73,-56,-42,-62,-89,-29,-87,58,55,-40,-87,7,67,73,36,-76,51,-68,-92,72,-67,89,16,-68,68,-37,38,97,29,-1,-80,85,32,28,46,-1,90,76,-3,-76,-71,21,12,-48,-92,-23,-31,36,-96,-90,-72,-100,35
89,-95,-87,92,4,36,31,-71,-9,-50,-97,-49,-43,-12,-27,94,-97,24,3,-34,90,-3,-47,23,100,8,95,8,7,-40,-50,-11,-2,54,-37,-28,51,45,-34,-72,79,-45,62,84,81,35,79,-57,-55,-82,21,-57,94,39,10,36,85,-43,-85,-30,32,12,99,11,-12,47,10,82,5,-40,79,28,43,62,20,31,-81,67,-30,-38,98,-7,41,15,84,96,40,92,-6,23,85,-65,77,25,-1,-62,78,-19,-93,-80,80
3,80,94,74,-96,4,36,26,-55,93,-67,-100,27,85,-98,-77,-27,-64,-8,29,-19,61,56,64,17,-1,71,-69,74,57,85,20,-28,-25,-85,29,43,94,39,25,-94,84,99,-100,-23,-63,-12,39,79,-100,-45,-2,47,59,42,-61,-73,25,16,19,-15,13,-91,-75,-32,-84,-11,41,-43,-76,-29,44,83,83,-68,33,-21,-10,54,60,46,90,-33,-80,49,69,-9,-59,6,-74,63,65,-91,-62,53,-45,-84,-33,3,-19,-3
1,-61,4,-44,-91,23,-53,-17,-78,40,90,-48,-22,50,92,-96,-99,99,54,94,-65,-22,-27,16,38,-10,-44,-64,-24,93,12,-25,42,-17,-68,-18,-74,25,37,45,-27,-77,-44,18,-88,-91,9,-31,-73,-88,-38,36,-8,78,62,43,-92,-59,-27,-77,96,-71,-22,64,-38,-95,94,95,9,70,-75,-70,97,-84,88,-86,55,-18,-98,20,61,-59,-23,-82,56,-44,-81,-46,-1,95,-60,-6,-39,74,34,66,-86,18,17,57,-60
-24,68,-10,-45,-22,9,-49,-62,-60,-37,-41,-41,48,100,50,79,79,3,-64,94,-72,-76,79,89,-20,1,-71,20,-48,0,-68,-40,34,69,79,-54,-42,-85,-43,11,74,73,73,-9,-66,-53,-63,-62,-53,-73,-19,61,9,-94,-87,-85,-37,46,75,71,90,-83,-69,-73,67,79,35,72,-96,-34,-66,35,-52,23,17,-86,-41,50,99,-17,27,22,-26,74,89,-16,47,-93,-83,-56,-8,23,13,36,74,-76,-80,81,-65,57,-32
-44,99,-78,-78,40,-71,76,6,-45,-54,19,28,3,-57,26,-34,21,67,-43,-100,-97,-44,42,-94,-69,26,-2,74,-40,36,30,59,-21,-61,81,-69,89,-6,-74,98,67,-12,61,-85,-47,-77,-11,31,-27,76,-88,49,9,25,35,-37,-51,-98,80,-39,53,92,-84,13,-65,65,-47,92,-13,-57,-49,-16,3,-84,40,91,-51,41,28,5,-41,-1,-67,-22,-19,-57,34,12,23,93,-85,-83,-30,-15,57,-97,69,-36,95,-14,-47
79,15,-44,56,73,-59,-95,33,88,-33,-22,53,-91,-15,6,78,-35,55,98,-80,-2,57,-19,95,23,-58,17,-45,80,-37,80,81,57,27,69,31,-31,-84,-21,0,-97,-55,37,-23,44,78,-19,-76,-39,17,-40,85,84,94,83,48,-96,45,-72,-55,81,-32,20,-46,-19,-11,23,-48,-23,57,81,-34,-70,64,47,39,30,-46,51,86,-16,7,59,-47,-100,86,45,-75,-53,95,-28,-79,52,23,-88,64,45,25,-83,-79,97
-69,25,71,2,-9,42,-74,63,-26,98,6,-20,52,-98,-100,-48,58,-91,-27,91,76,-47,-95,-76,61,-98,-97,33,-54,55,-15,-88,-93,65,-46,-38,-63,-99,57,-61,-1,21,26,79,-9,-19,-53,52,46,-71,19,-46,-2,-94,-4,47,-35,-89,-71,51,97,-45,9,-61,-44,-24,-42,63,-99,-88,-40,9,30,-63,-89,21,35,30,1,-13,-70,99,-63,77,12,-59,-71,18,-97,72,-53,-31,79,-94,38,17,65,83,-18,65,-18
-81,-93,-93,-31,-33,99,39,83,68,26,-77,51,92,63,-74,-55,-100,65,84,-30,-4,15,31,-39,-36,-15,77,42,-30,97,-73,24,-65,-86,88,74,23,91,43,65,-76,23,80,59,-80,78,-56,4,-42,-90,-80,55,53,98,89,-10,-30,-67,28,52,38,80,-48,72,81,66,-62,-28,-49,79,23,-7,27,36,-6,-94,12,-76,-76,44,-62,-19,72,-62,-5,3,-59,-66,-63,-63,-42,-43,-61,23,-76,-23,-98,43,-9,31,28
-5,2,-85,97,57,-95,74,-57,-64,-41,-55,-42,56,42,47,32,53,-73,-4,66,-89,-53,31,-85,-32,28,59,69,18,-97,78,44,22,18,57,-11,-87,-10,73,21,97,17,37,-86,26,-87,2,40,85,6,-29,-42,-87,-45,5,37,-61,90,-94,-43,-42,66,-84,-29,-12,-4,59,12,60,35,-12,73,-68,52,-19,-6,-73,-33,70,-32,-68,92,69,97,28,-19,45,11,56,26,-40,87,-29,59,-28,96,21,52,-42,-59,-82
-64,-63,-51,34,34,31,-11,42,41,97,-89,-88,-27,-33,16,62,36,-23,95,38,-62,-54,78,54,-81,-100,63,-84,13,-3,65,87,-71,6,-81,-37,-86,31,-18,11,-39,-96,63,-4,82,67,25,-40,-26,47,67,10,36,67,-68,-73,22,-3,-85,82,42,-1,58,96,83,-52,-82,-57,98,-38,36,32,9,-85,8,-52,-87,84,-41,1,58,29,95,100,22,-22,92,55,76,9,-56,43,31,-6,0,62,77,-14,100,-90,72
36,87,-72,36,8,-78,-42,-48,25,27,-14,35,94,-57,-28,-31,76,-83,7,68,75,-98,49,27,1,22,-71,52,-24,44,89,-91,76,-57,75,-35,-62,74,55,-63,25,30,-14,89,-3,43,-15,65,-31,22,17,10,-81,-46,89,-81,-62,-58,45,24,8,8,97,-9,67,-71,-78,30,81,-54,-59,41,-97,-17,58,26,54,-96,-95,98,-40,-77,-64,48,-58,-56,12,18,89,0,100,-85,-80,-93,-17,-1,82,-94,-47,25,-97
-53,-94,-30,0,15,21,-53,40,-79,-25,21,55,74,18,39,96,-20,63,9,-45,34,-10,-53,-5,45,77,-89,84,-19,-36,37,-36,85,-51,-85,48,81,34,94,-95,84,50,-95,15,-72,22,95,90,-35,-83,-93,-35,-29,74,7,94,89,47,64,7,-93,-31,-19,-31,-82,76,-73,54,-14,-32,-25,34,82,-27,24,-39,67,74,-98,85,71,-82,-12,-90,13,88,19,-3,9,-59,33,-98,74,22,-29,44,-38,41,2,38,-29
-99,-22,-46,3,7,-66,-81,-70,-92,-66,-92,93,48,40,91,8,75,-91,67,24,16,34,-44,0,-68,-86,19,-64,20,0,80,-93,74,82,16,-25,73,-76,-20,-66,-70,69,-78,51,-81,92,99,-75,76,-58,66,-3,24,-5,90,0,-45,97,-19,-4,35,-54,45,-41,14,80,-12,-79,68,-81,-44,85,9,-39,-54,66,72,-78,-53,-36,31,-2,-9,-1,-60,-55,-59,-73,-67,-7,-31,-61,-38,-2,-24,-41,-94,-19,24,97,29
-32,-44,24,-34,-10,-98,-93,-11,-56,72,78,-54,-43,-36,-38,44,-51,68,13,-90,22,72,-65,27,-16,-76,-8,-46,-19,-13,4,45,23,-28,-56,-7,-63,26,74,43,99,10,-80,-100,-36,-22,96,-40,66,-45,-14,23,-43,58,81,95,-79,58,-17,0,48,-85,-70,-99,-46,83,98,-28,18,-69,-67,-93,-75,-38,71,18,81,-48,-66,50,22,-94,95,-42,56,-80,-19,82,79,-28,60,66,81,16,8,-61,-56,-65,-88,47,-85
10,91,-14,39,94,-26,-26,79,66,-84,4,28,-46,-69,-55,76,-71,-40,-15,89,8,-70,54,64,-2,-82,-14,24,-58,-66,-27,-80,-88,91,-76,-99,-31,6,3,76,-42,-73,80,33,-70,-54,48,-77,34,-70,-71,-21,46,-15,-90,58,16,42,-61,-63,50,-73,-1,-95,-70,-42,11,-14,-46,58,78,-14,-88,-30,-40,55,60,47,38,-20,-33,-35,77,17,1,-39,100,37,-59,53,-57,14,-39,-5,23,-27,57,48,-74,-76,-10
94,5,54,-79,64,-68,-56,-24,-75,-67,31,28,-60,-10,39,41,56,-53,30,-45,-83,-8,31,98,41,26,25,77,-9,-73,-28,-33,-54,-15,98,25,46,40,-59,-52,12,8,-60,-51,-11,38,75,-99,-84,-7,28,-77,-2,58,90,56,-31,-28,17,26,-47,-68,90,-96,-20,-52,56,-81,-14,80,-67,-33,-16,89,27,-45,-22,58,63,-11,-32,18,-53,86,5,15,55,-13,-62,-53,8,54,13,88,-75,78,5,-42,62,-11,-11
-28,-77,86,32,35,8,9,72,65,60,42,6,-51,12,-66,74,100,89,18,-45,94,18,14,-35,80,-40,-74,-4,18,-52,-16,48,-12,99,42,-15,-100,54,30,-61,30,4,93,-14,-1,30,85,-18,-94,97,-11,69,-57,26,-16,1,73,86,50,89,49,-57,36,96,-82,10,-63,-64,-92,89,-84,-57,68,-49,87,-46,-16,39,48,-64,58,98,67,-1,21,26,-57,-25,-100,92,-20,84,32,-55,49,-91,-24,36,64,-62,29
-41,31,7,-77,-15,-5,98,-80,-30,-41,-47,-70,-78,39,-31,-73,7,12,-3,92,-61,-23,90,27,-89,-51,6,62,26,28,-39,-27,43,-3,72,-95,-42,43,-2,-12,-16,-44,-21,-29,-78,-63,-84,36,25,-69,-78,-41,80,-58,29,-95,30,-22,-12,-59,58,4,-56,-97,-26,-35,-91,-79,1,61,64,-25,-83,-99,51,51,13,50,57,79,56,4,53,96,-29,-13,77,-78,-81,-20,4,95,-89,-61,-3,16,72,96,-97,39,12
41,96,-60,-79,-79,-41,-95,-27,-42,-67,58,88,73,53,64,0,85,66,55,27,-20,9,48,-42,9,46,99,52,-37,-83,-19,-98,-8,-42,65,55,-100,-75,52,0,-98,61,-65,97,-45,-96,-44,-17,30,16,-43,-46,35,-70,1,44,-65,-89,93,-29,-31,-99,20,-59,23,13,-79,-75,14,-28,-100,24,76,-94,38,-99,-21,33,-54,-33,-40,52,64,100,72,23,36,-58,-20,-3,54,-56,27,-3,-74,58,-37,-66,90,52,61
54,65,-46,-30,9,35,23,-27,-54,-8,3,-68,3,56,-51,-53,44,-84,24,-73,-11,-83,-77,80,88,-29,-79,78,-32,59,32,-60,50,61,-77,23,40,-8,48,38,15,-50,66,-82,-52,-73,-46,-12,-78,-70,-35,-83,-42,-23,-13,-17,19,52,-52,-84,-15,-92,29,-47,-76,95,-19,23,8,-47,61,-60,12,65,-33,-71,-90,97,10,-36,-33,-67,87,-76,-49,-44,-19,38,-14,11,-15,-2,96,-57,29,-69,86,-94,67,25,75
-88,66,-68,56,-18,27,-54,-13,92,32,18,-43,-47,-83,39,-39,-61,-71,75,-83,69,18,29,59,93,70,-41,-33,-91,-4,-6,63,85,-8,79,-64,-34,17,-72,66,43,32,6,31,88,-62,-33,-63,60,68,-89,66,79,2,98,-81,-64,-78,33,1,-1,18,16,-82,-81,27,-69,9,-34,19,90,-55,-80,-70,-50,94,18,-6,-7,80,-73,-31,-41,-1,31,-43,80,98,-46,-53,-25,-94,-19,14,-97,98,63,73,97,-91,29
-26,-4,47,-80,70,-71,-56,-23,5,67,16,-82,-1,87,92,-55,96,-95,-60,46,52,-16,1,89,-76,65,86,2,-80,-32,56,96,47,-81,57,-20,-82,-98,-38,-93,12,-71,-6,-39,94,46,32,2,100,33,83,4,8,-51,-8,27,-88,-62,-99,94,-26,-59,21,-72,11,-28,42,26,53,-44,47,30,-92,70,-84,-73,-9,8,-85,39,72,94,85,39,-68,63,-52,41,-32,-87,-4,24,-87,-93,-89,-13,-59,-41,79,78,-34
85,-34,-95,-66,-90,56,2,-11,-12,20,79,-91,7,23,39,-71,70,32,30,25,97,-58,95,-83,-22,-17,49,14,-17,-35,3,-56,-86,94,98,45,-26,-14,-26,-39,18,-66,-59,-91,-73,4,-5,-5,-64,47,29,-70,24,8,23,-68,-78,13,32,-95,30,-74,-92,86,-53,59,51,86,82,-68,4,69,64,-76,-93,61,-94,44,-49,97,-60,49,-53,87,-30,-80,84,9,-98,-73,-13,-24,74,-33,-43,-14,42,85,30,-37,-6
11,-55,29,-48,-58,-17,-73,89,-67,63,-76,42,65,82,57,-28,-26,37,8,32,9,43,-75,-70,5,-43,9,-17,95,44,73,-70,79,35,43,5,53,79,-13,82,-47,56,66,43,-87,5,-69,-16,-14,-25,25,-91,74,-39,-20,74,55,49,34,75,-76,40,-28,-5,30,-67,66,8,68,-12,-80,-8,-30,-88,-65,-29,-83,-7,-16,-77,79,42,-2,2,14,11,13,-64,91,-63,27,41,-69,42,1,28,92,-55,-56,60,60
-9,43,77,40,-85,-74,-80,54,-88,18,1,15,45,-33,54,-46,-27,-61,-9,-73,-61,7,-55,96,-49,1,-61,51,72,19,14,89,-46,-44,39,69,76,32,-63,97,86,38,-62,-3,35,-52,-9,-99,-11,79,-3,85,-65,-59,9,27,-6,74,-80,-89,-6,54,94,-9,39,54,29,-77,95,-17,56,-34,-98,-13,-40,-98,17,25,-20,-60,58,27,78,40,-62,-89,97,-67,26,-60,-35,-36,-36,70,79,-76,-88,-71,72,-99,18
100,-11,45,-41,-38,-67,36,95,96,-7,36,60,-58,-42,-28,34,3,66,-86,81,86,52,40,19,25,-85,33,-99,-35,-70,3,54,14,-72,18,9,-81,-16,-3,99,2,52,-50,7,64,24,87,-95,51,-23,-86,8,-32,-25,-58,16,16,-41,-94,48,-24,-21,-37,85,33,-90,-15,98,-48,91,40,4,-96,100,38,19,-83,-63,3,-30,-96,-21,28,67,44,-17,96,100,-64,49,-52,-61,-78,-31,7,40,46,-44,-58,53,1
-42,59,74,47,90,100,-97,82,-30,45,-76,-72,-52,-47,-3,81,-19,76,65,95,-88,76,16,50,32,37,2,-16,68,-47,15,-88,2,98,59,14,-39,-31,55,44,-86,-70,83,-76,-63,-4,-63,-55,-46,45,-61,25,100,7,-69,16,34,-12,95,12,77,6,-37,-8,-32,-64,40,26,-49,-86,35,21,-69,-3,-52,-58,20,9,60,38,78,72,-53,-82,-75,-56,29,-40,81,-33,14,3,10,53,-47,1,0,-65,-81,-54,-39
49,-18,-19,-39,-65,56,-60,-69,-12,1,-43,90,-45,40,16,45,-29,40,-21,40,-21,19,92,52,34,-92,-91,-20,-38,9,7,-67,30,-35,86,-67,21,1,7,24,-82,-57,20,4,58,81,49,-84,-45,-87,23,21,-60,24,23,23,-96,-51,-30,-33,82,86,-37,51,32,-32,11,-59,63,89,53,45,15,95,27,45,-32,-24,10,-10,18,-54,-2,30,-91,5,-6,82,-75,73,-41,54,-4,31,-27,-68,-49,-28,-44,78,-48
95,-95,81,94,-75,36,-99,25,-25,-76,-74,-8,-12,-41,94,-17,42,-27,-77,-57,49,0,-14,22,60,93,0,-5,8,54,-12,48,-1,57,-88,52,-8,-4,-92,6,-100,83,-21,-82,-3,-93,-12,-24,-88,54,-38,92,-30,1,-85,-17,44,51,-1,-8,64,62,-25,51,94,84,92,27,-14,-100,81,0,-79,-20,81,96,13,-88,18,21,40,85,96,-66,-93,8,81,0,-47,32,65,-40,96,53,63,58,-9,6,-59,-78,10
-40,36,-3,-71,11,-76,-95,-61,75,-90,-54,45,-21,-71,-70,-67,24,1,69,46,11,-58,19,-89,-13,-66,45,3,53,58,-88,-7,-97,-63,27,-60,-54,42,67,67,57,-41,-94,39,-5,-40,-29,3,-36,-77,-48,-89,-65,-21,-84,-47,-1,45,-76,84,1,-6,-82,-91,-84,87,24,-45,37,37,-5,-79,-16,25,-88,-56,83,77,91,-87,44,29,36,-16,-24,-17,62,-20,79,44,47,44,-87,-70,17,-7,73,-40,26,17,-78
-64,28,-33,-44,15,36,-80,-74,-37,2,-68,85,5,-88,59,-87,-50,-77,92,-32,-94,-62,-76,9,-80,86,-52,63,-38,-54,75,-68,-74,-45,-94,-97,68,80,79,62,-15,-63,98,57,29,94,-62,13,-37,-61,-79,60,-89,68,-5,-73,-96,-45,56,82,-99,-37,90,-94,62,69,23,-51,78,35,99,41,75,90,97,-23,42,-83,-87,46,17,-68,63,-4,-80,-93,17,-4,-15,-31,62,21,-16,56,-10,-36,-53,13,34,48,29
-21,-85,46,99,-97,-60,-74,73,-87,42,61,-50,-59,29,74,2,-65,67,-8,82,-12,15,-88,87,33,-20,-47,76,-90,89,-31,-49,-50,40,80,-72,-67,62,-71,13,-26,69,18,25,-35,16,61,-35,-73,40,-41,-32,62,-8,-11,-85,-54,-90,-74,91,22,35,90,30,23,61,35,-57,69,-78,15,-33,-58,71,-85,-29,32,25,-16,-24,-32,13,92,2,9,96,-11,68,-74,-91,-64,-19,-84,3,44,28,-100,-76,77,6,47
-60,82,58,22,-32,74,44,73,-8,0,17,-18,-65,84,64,65,-53,98,52,-77,-11,97,-90,3,29,-22,-43,78,23,-60,-9,-29,54,-91,98,-89,-71,48,50,99,-79,90,93,72,57,-5,29,-56,79,-85,-89,-49,98,59,-14,-44,16,-77,-86,-90,-98,87,80,57,-30,49,-31,-6,90,-79,-26,-86,-27,21,-33,-6,3,-33,94,-50,-62,97,-80,44,33,-12,-55,-4,-88,56,46,-98,-70,-86,-10,-26,52,-78,-26,42,59
33,75,-85,40,73,-64,94,-46,98,-32,-37,2,-82,50,99,75,27,-3,-60,-74,9,-54,57,60,-29,37,98,4,-20,8,93,19,85,6,-69,-40,35,-51,-41,-94,2,-14,9,-93,7,69,89,96,-61,16,-55,65,36,87,97,88,-79,-57,59,-14,-16,-34,-69,-92,-18,27,25,-63,-82,-95,-36,-92,23,38,23,33,95,-56,39,31,-15,-23,34,70,-11,3,-34,-60,61,-56,53,-8,-9,79,-83,78,-59,63,83,-12,-71
100,-11,-69,59,-19,-26,57,60,-83,78,28,25,-64,56,-94,-21,-65,56,-30,-50,5,-82,29,-26,82,-59,-26,96,-50,46,39,-65,-93,96,46,31,52,5,67,-6,19,34,-18,50,-28,68,87,23,-4,-74,-22,44,-5,-51,-49,-66,-96,-76,16,97,-48,30,-10,60,-66,44,93,59,-39,3,-16,-74,37,-22,-61,-16,58,-42,-40,69,68,-39,-98,-28,0,93,-14,45,-95,-2,-25,73,-81,0,92,-44,-40,-75,94,11,-17
-20,89,28,-42,-22,45,-85,-45,35,59,32,-42,46,-13,-71,95,33,53,52,53,-14,91,87,-6,-57,26,-3,79,-11,-70,-7,-47,36,-68,-56,6,-26,85,56,-87,-32,8,-1,-92,24,78,32,-74,-94,-29,70,87,-23,37,78,-70,93,0,21,-75,93,100,94,51,35,12,89,65,-88,-35,54,11,-32,-6,-72,-24,59,87,5,-67,10,-2,-51,54,76,-11,57,92,47,55,7,65,-42,-44,84,-15,-10,16,-80,23,66
-16,-98,-97,84,31,-2,-91,-19,-40,40,5,78,-90,-50,83,-71,2,-31,57,35,22,-59,85,58,-57,-27,-90,36,-68,90,89,40,51,70,-30,-11,-36,-40,-71,-82,34,-68,-33,-17,74,47,-8,78,-66,70,25,86,-67,42,68,-37,-70,24,64,90,-3,-12,-42,18,95,50,73,-94,17,9,95,77,48,51,-25,-1,-24,-31,-50,2,-40,77,34,-71,-97,-42,-22,-97,15,-37,-63,-77,6,-43,-90,64,-62,48,8,52,-83
-21,47,-15,-63,64,72,85,-8,13,-47,89,9,52,78,-63,-15,-14,-100,71,-51,-27,-85,-20,1,78,38,-16,92,-91,67,-43,-51,-69,14,-14,2,76,64,-11,27,27,50,-13,16,-83,-47,-52,-59,-21,-35,17,-55,-37,-75,-17,-71,49,-22,20,-90,78,71,-72,-65,79,-5,-89,-53,16,60,-8,31,29,33,56,69,-41,12,-63,-51,90,-99,34,77,-55,75,-40,-55,54,16,-11,30,-76,-11,-46,38,-61,17,-10,80,90
56,-78,-40,-90,-47,98,31,-88,11,-46,55,-15,60,-34,56,-17,25,-94,87,84,69,-53,-1,-8,-41,-41,83,3,-72,68,-80,22,60,-57,-12,-5,76,-76,9,50,-77,-16,70,-62,71,83,85,34,-50,-41,-28,-65,43,-76,-77,-37,-31,44,-54,24,-46,29,-72,-5,-100,81,-91,24,-82,87,68,26,-1,-14,-61,94,-6,46,32,-32,-60,16,-72,-73,-11,32,16,-85,-90,-46,-92,100,38,-3,-67,41,45,58,92,-82,63
81,75,-86,3,82,-65,-80,-6,25,-31,56,-18,40,-5,69,-71,-20,-14,-99,77,-70,32,93,96,91,78,43,0,35,-79,-43,30,63,13,-59,-63,90,53,-4,19,-81,-20,19,-63,59,48,50,-57,73,-50,70,-46,96,57,57,45,32,97,44,17,20,-2,21,-64,-48,-58,-32,9,-48,-99,-57,25,-44,95,-28,89,67,-98,-93,-27,56,-47,12,-38,-15,19,14,-20,26,76,11,85,-58,-57,-35,-100,-57,-94,-23,-72,-55
-4,-44,52,7,-22,56,-60,-11,6,-3,-36,0,43,75,-67,36,-29,83,69,90,42,27,-48,-77,32,51,-95,-84,-31,-5,88,-77,-53,70,-75,-77,21,87,-31,9,-57,95,27,-69,-36,81,73,57,-61,51,9,-69,-21,68,86,9,-46,3,-31,64,-41,-27,-3,65,0,-68,89,99,-64,28,55,76,-12,54,96,16,65,-69,-54,-85,-89,-12,97,82,-57,-24,-12,57,-89,-99,4,-45,31,-71,-98,-58,92,-59,8,-7,91
59,13,-18,49,72,-55,89,-37,-77,-18,-1,-62,91,-19,-42,79,-19,-82,-21,15,-53,-63,-17,-67,-76,49,98,82,63,40,51,69,71,56,73,-66,-43,-64,-31,96,-72,59,98,-55,-93,-71,36,-47,89,75,-97,-31,43,-49,-14,49,93,-100,-24,-64,41,-37,8,73,17,13,-82,49,59,33,-25,9,-93,30,33,44,31,14,88,-13,13,-56,12,18,-24,-76,17,-72,-82,90,-40,49,-10,8,-41,-1,85,-64,-21,41,-67
3,32,-80,72,43,25,46,30,-31,0,74,-99,37,-42,-9,-43,-86,-61,-94,64,-57,87,-87,72,23,55,40,-35,61,43,-17,-67,-25,23,-65,78,-21,20,90,78,47,-17,9,-52,-13,100,47,22,-78,1,38,-33,86,70,18,8,82,73,-96,-25,-20,-76,-22,86,29,19,50,-11,-12,-97,-87,-82,55,94,-93,78,-40,30,30,-47,28,39,24,-95,90,-42,84,84,-74,-37,-81,-53,17,-44,54,93,-17,-5,2,-4,67
-29,55,-72,-19,85,51,52,25,52,86,2,90,-100,-60,-55,-70,-1,-57,61,-3,43,-100,83,57,-40,-98,-62,-84,-36,-88,76,78,-95,95,60,97,-45,-90,-21,-60,-2,-43,64,-4,43,38,-90,-84,90,65,-14,22,82,-13,36,98,-7,-44,-76,-28,32,25,47,67,-2,-34,-99,-76,87,-91,-9,-88,50,-84,81,40,46,90,55,38,53,-20,60,74,75,60,-31,38,-2,31,51,75,3,-1,48,19,-86,-47,-73,-83,74
-1,38,19,-57,-36,50,-30,-6,-15,28,49,53,75,93,-80,7,29,-9,70,-61,-81,72,8,-24,33,69,-51,-57,63,92,-32,-35,-80,86,78,-91,20,-75,47,-33,64,-26,16,-43,-35,39,28,-18,13,79,100,-14,-81,-73,16,33,45,64,-28,-94,-36,10,91,20,24,49,-29,-25,51,-49,-80,-98,-15,85,26,-82,-42,9,52,70,-95,-70,34,-46,-20,-100,-39,26,25,-45,-49,-15,35,26,-91,-83,50,58,9,-62,-24
57,-50,37,-14,-69,82,59,24,44,98,6,-38,-88,95,-59,68,54,-10,35,-42,82,76,-7,99,44,2,-28,17,-57,-88,-39,-85,67,63,-29,-47,-82,-37,-1,17,-90,76,20,-72,28,72,19,40,-55,-70,-33,-96,72,-3,-37,-9,68,79,-38,-34,-48,41,-23,-94,40,32,4,38,-53,89,59,82,-74,-56,34,8,19,-18,78,77,32,89,95,70,60,-19,-39,-76,-74,-13,-46,-79,-51,47,-87,63,50,-52,-7,-13,-56
-99,-32,50,-32,5,30,-98,35,63,58,-57,51,10,59,12,-21,-3,68,17,-25,-40,-28,99,-47,1,13,-76,26,-36,-63,39,-59,10,12,85,12,-4,70,46,84,-1,74,22,-98,73,35,-87,-8,8,19,76,3,-59,-91,-22,-33,37,67,-39,56,81,85,94,-16,-92,85,78,-33,92,-21,-17,-13,23,-52,-25,-77,-47,91,-15,91,3,62,-26,-53,-26,42,85,-68,-40,-61,4,18,43,-5,-100,67,78,-61,87,23,-86
-84,36,-69,98,71,-39,-19,33,-18,16,92,30,4,-33,-17,37,-24,-97,-36,-58,-63,-11,-10,74,-50,97,-30,96,-74,2,18,92,-13,41,53,-99,-89,48,-65,-33,-48,52,-32,-34,25,38,80,-93,73,-48,-2,55,67,-46,7,29,-78,-35,-41,40,-30,14,41,32,18,22,1,-93,-49,27,-2,-46,-5,66,35,-4,6,91,52,52,-42,30,-29,-57,-66,-92,93,26,25,-37,40,-57,-47,17,-76,11,21,-53,34,-11,-16
20,-70,-23,19,-7,-34,-6,65,-10,55,52,-72,-70,3,-92,-39,37,96,-65,-93,91,34,-94,-10,69,6,84,11,-71,71,63,-28,-65,-9,-24,48,94,75,-22,17,74,21,3,-18,15,38,87,-21,-72,-83,-62,85,9,46,12,11,11,85,48,-10,35,91,30,48,82,10,98,42,-58,-85,97,35,-93,85,93,-77,-26,-19,-78,-4,-53,64,-85,16,-15,35,62,-95,-64,17,67,80,-74,16,-25,-99,61,26,37,-24,34
-34,13,-97,75,88,-51,95,61,67,-2,-31,-76,10,74,22,-3,35,-78,33,-88,23,-16,76,53,-65,-9,46,16,63,36,47,-17,-89,57,-72,32,49,-15,-61,-51,-10,2,-24,6,-30,-37,37,-41,-44,9,-28,67,91,18,-86,32,-62,26,46,-86,-53,-99,-91,-35,-12,-19,74,-4,62,54,20,-22,-71,-5,61,-29,4,34,-31,62,-24,76,29,97,-52,85,-22,-11,59,1,87,-80,-16,14,-43,30,-45,9,21,-61,60
99,70,48,30,-88,68,69,49,16,-94,15,-62,-36,36,-33,7,28,-86,-70,10,35,-35,-87,-46,84,12,61,31,-85,-89,34,85,88,31,46,-8,-39,7,-99,-62,-20,-97,29,-94,-83,64,38,18,-84,21,-71,-21,-39,56,-15,43,86,32,61,-83,83,-87,-2,-38,61,-43,-14,-53,-64,51,92,-22,63,-99,60,68,-90,-5,82,-6,-30,-39,34,-24,-42,-66,-98,61,30,-66,74,-20,-35,98,36,70,-71,73,33,-61,-49
-40,-92,16,4,-16,-14,-88,9,50,-60,-39,84,-8,-98,11,-41,94,74,-46,85,50,-30,-66,-55,67,-11,42,61,-63,-75,-91,20,23,32,-82,31,-20,77,-62,-35,-30,80,-70,-50,-63,62,14,-68,-65,71,-81,-17,41,52,-87,-63,53,5,-26,53,14,30,6,-54,-69,-74,74,31,54,22,45,-62,-53,56,25,-26,70,25,-65,-61,77,-66,-48,95,-92,10,-30,83,89,33,24,-32,5,-42,30,42,36,-70,7,-13,-54
-9,-57,14,75,-78,16,-35,-49,-70,65,-16,8,-75,91,-98,-6,92,14,-46,-49,71,-55,18,-47,-47,-89,99,-30,32,50,-15,-40,24,4,-49,21,-30,30,50,75,-19,69,-49,-61,26,71,-88,36,-49,28,85,-49,-19,-80,-74,-44,52,95,2,-71,-45,-76,-92,61,14,51,-32,82,89,-61,-94,-16,55,72,-64,-59,92,43,-77,-28,38,-32,64,28,-46,56,2,-57,-24,10,19,4,97,-45,21,-31,-37,-99,-71,-84,-86
-82,86,-96,-30,73,21,6,25,-90,16,-40,98,25,98,-32,88,99,60,-85,-30,-59,-40,-11,2,-49,54,82,-48,-36,69,-25,-63,-14,30,74,62,66,-30,22,90,91,-76,100,53,9,53,-53,-32,36,-39,-83,-37,47,70,72,-77,59,-49,86,-44,-89,-2,-95,59,-16,-45,18,-36,-41,-10,2,1,-44,-47,91,-43,46,74,23,50,32,70,72,47,19,49,-97,-12,-53,-18,25,-7,-57,-92,-88,-10,34,2,46,94,-6
