9,11,99,-38,45,-42,51,33,88,60,0,36,-36,92,35,-15,-11,30,-95,50,-27,-87,87,72,46,-71,20,-97,-26,15,90,-86,21,-96,28,23,-28,-48,31,15,54,-38,95,-51,38,-55,-95,-35,52,68,-17,-1,-24,-71,60,33,3,-31,-81,74,9,-17,51,-83,7,-76,16,53,25,26,-6,-75,-81,-2,8,15,-40,-9,-16,-45,65,44,48,34,95,57,12,-43,43,-34,36,-12,-82,95,-24,39,-68,-36,-45,12,-37
89,-67,89,52,-15,48,43,80,45,-10,-76,85,-76,9,-81,-39,-10,-45,27,-56,50,26,-57,-48,80,55,-54,-84,34,16,89,-62,49,10,-92,-14,-90,-26,-6,69,-49,3,-54,35,-35,-85,-61,-68,81,-52,48,1,-76,-91,27,87,-67,45,67,-78,-88,67,-4,18,-19,2,-27,30,25,5,21,74,-81,-79,8,0,80,25,-3,-53,47,-54,95,-47,13,52,77,53,39,-37,22,34,-43,-100,-3,78,79,-47,-9,-6,-88
69,-93,-22,-79,96,56,-53,24,-67,97,15,-2,-50,49,-63,76,-22,-72,66,90,-68,31,57,-78,-68,-11,37,-93,-53,99,51,-69,75,66,0,56,-8,12,50,-39,59,-28,-66,26,93,82,87,30,-53,-14,-35,-10,40,-42,53,-17,-3,22,59,12,10,21,3,-13,-68,-36,-75,-66,-17,13,-79,-90,-56,69,-45,34,49,-52,1,-13,-54,-47,21,-99,24,-45,82,80,-84,60,24,28,-79,-36,-15,10,-87,71,19,98,83
50,-51,57,-36,69,86,20,-49,34,26,-96,41,54,-31,-86,13,8,-28,-49,-25,-85,7,4,-76,-87,0,41,-54,70,-93,64,-72,46,-40,-2,84,22,95,54,65,-4,33,71,-66,74,70,-38,-69,29,-34,-22,93,14,12,-65,59,20,37,-49,-16,-84,-43,39,21,22,-66,89,22,20,-67,18,76,-2,92,49,27,-16,-94,44,-26,97,87,18,86,-28,37,-25,-33,-33,-11,40,-45,78,-89,7,65,46,95,39,55,74
6,-6,-17,34,70,11,0,50,68,62,88,-46,-87,-84,-11,-59,100,75,61,-24,76,13,-15,-30,-50,-97,-99,85,-77,-43,39,83,-65,-2,-56,15,67,31,-46,1,58,31,23,-91,-87,71,-54,-33,-9,-36,-2,-76,-74,-71,69,17,77,39,44,7,80,-47,61,81,-6,95,-96,-58,10,-99,20,-8,-3,52,8,23,-90,-5,35,49,-30,75,-75,98,-3,-88,40,-1,28,-92,-97,-6,49,-35,28,65,-27,93,19,66,-82
-90,35,-54,21,7,-46,82,-30,7,18,-33,82,40,-73,-18,55,-67,-74,61,-1,-50,51,-11,-23,-24,29,-63,-23,79,91,96,75,-33,-29,97,49,95,-48,46,-41,59,-22,49,-29,53,16,-32,36,87,-17,-56,-34,-12,-47,-78,-78,52,-39,19,74,12,51,46,1,-87,93,94,31,56,54,-94,95,-12,-1,74,73,81,34,-56,16,38,-46,-29,54,27,37,-54,-86,-58,45,-35,-45,-78,94,38,83,23,-79,84,-87,-14
-60,92,28,55,-52,49,17,-81,1,13,81,-85,69,32,66,57,-1,49,23,39,2,-50,-53,-14,-7,59,83,-89,-26,32,-99,3,-32,70,-81,-48,96,-82,77,-54,-4,-57,-72,55,-44,-40,-61,-44,70,-40,94,91,-74,-94,-72,-35,-41,-15,-2,46,50,-60,-82,-73,-85,-40,-89,-22,24,-25,-54,40,43,-7,56,83,24,6,-68,-43,35,65,-91,31,38,-29,-12,72,-58,43,97,-15,-72,-78,83,-23,56,-37,43,88,85
37,47,61,36,31,-27,3,84,-45,-8,-57,-2,-91,-8,-80,39,68,16,-42,-77,-98,-70,-90,-48,-21,-93,32,3,-73,9,58,18,-10,18,3,56,46,-44,-2,9,35,-18,-9,98,-5,96,93,-67,100,-100,-5,-39,80,-95,-93,-65,33,-89,-71,22,-86,-67,78,40,-46,-73,40,-61,73,-25,46,-8,-96,55,-49,26,-47,50,24,-51,34,-13,51,-84,28,-47,-100,-29,93,-87,38,-84,84,-86,-47,-4,-66,-67,-26,-87,84
28,97,35,97,99,96,-81,88,27,8,66,-76,83,-25,1,49,-45,43,-14,62,-77,75,-27,87,46,-81,-53,54,78,-92,-78,30,-78,-57,43,-6,-40,82,-40,97,-93,-100,75,0,84,-6,-9,65,9,-20,-73,-13,-35,30,43,66,39,26,9,-65,-68,-18,13,10,8,-37,-29,27,-66,-92,-74,-37,-92,-49,47,-80,-37,-94,-64,70,86,-76,38,38,94,-96,98,-71,-27,28,-51,49,78,53,-43,15,81,-16,-94,-24,-35
51,51,35,78,-64,49,64,18,78,-29,79,-45,31,16,77,35,69,70,-66,46,-52,-60,45,19,95,94,11,-80,51,-5,-49,-45,-63,61,-66,26,62,-84,28,-95,-83,-50,-54,-86,2,-94,75,-58,-15,-63,-1,-88,-46,-29,90,-41,-43,-12,-92,-8,-20,43,-71,67,-34,10,-58,-82,-95,13,-91,-82,-6,-60,66,-51,-37,-29,-32,30,88,-6,-22,-98,10,88,-40,-63,-46,67,-94,80,37,-40,34,28,35,-69,-84,6,75
27,-42,-63,-49,14,96,10,4,59,-66,-17,97,-61,69,25,30,-40,-59,-9,56,9,1,-87,-72,-81,66,-3,-87,38,49,3,70,65,-6,78,94,-20,-94,-31,14,55,42,93,-81,-90,-57,-100,-67,51,71,10,14,32,67,18,-69,-72,45,-26,-65,-81,9,83,27,78,4,-1,78,-7,-84,-6,58,-73,24,65,-99,28,-13,-95,-82,6,34,80,-77,-44,12,-64,-88,17,-15,39,-23,-22,60,-15,0,35,-88,0,-92,45
-7,97,30,-79,-90,62,9,95,-5,-73,-7,-88,78,46,-26,-88,-31,99,12,58,-27,3,-26,-85,27,-12,41,-46,-93,25,-53,27,-46,74,65,-19,-2,-38,79,41,-1,-80,-51,1,-29,65,89,-11,93,-72,62,96,97,-60,-13,-24,-58,-53,-39,15,-75,-96,-19,9,19,84,-46,-30,5,-44,0,-24,-10,-57,-41,-74,-18,-28,-13,-92,55,43,-76,2,9,71,67,29,3,-32,-70,57,14,15,15,-85,74,-50,64,-99,-8
19,53,41,-63,-19,19,58,-43,-29,12,68,63,98,79,-57,-25,-64,-99,72,49,-68,89,-100,76,84,7,18,33,9,-64,-11,-97,-32,1,-83,28,-93,64,-73,82,49,-49,-72,13,-51,-10,-39,28,0,-68,71,81,38,65,32,-31,-51,-23,49,64,88,-28,-75,91,-67,-86,-99,-31,84,64,73,-90,-38,-5,-46,-6,-30,54,57,-23,-99,-62,-96,-51,-8,19,48,-47,79,100,-43,-52,-15,85,21,-41,30,94,-62,1,65
-5,17,-28,77,1,47,86,-34,-76,-81,-37,73,47,-93,52,-63,2,-89,85,65,37,9,-43,46,-2,49,57,-28,64,24,-100,-10,-47,-82,32,60,-67,10,17,100,83,77,-9,-11,-7,-87,-7,-77,88,5,87,74,5,12,-1,78,-87,60,-70,-83,-59,26,39,-30,92,39,38,0,9,39,78,92,90,59,51,88,-64,-1,83,-92,-8,-3,-32,-93,-24,8,-66,97,19,96,58,78,0,70,-85,23,-80,61,-72,12,22
-19,63,-81,-77,64,-66,-64,-100,16,59,56,-72,92,-21,-58,68,82,30,-26,69,30,72,74,85,-48,71,28,5,61,82,77,-84,-90,-64,76,-7,-79,-94,-53,-78,-48,52,73,35,87,-61,-43,43,10,-89,-82,-60,61,66,91,-51,-20,52,-68,48,97,-61,39,-5,52,-12,62,67,54,-4,-13,54,88,31,-23,-85,41,-99,-59,-21,38,49,47,-67,-68,-79,-47,-14,-88,63,-78,-10,-75,2,45,-9,92,73,62,69,-99
-70,-10,73,82,-38,-22,-25,58,-53,-76,-28,73,-81,-79,51,-64,96,-42,5,96,-9,-8,11,-23,-76,9,-88,42,52,72,-82,-42,55,77,-93,7,53,7,-75,73,31,-46,94,-6,29,15,-41,-63,-74,-36,-76,91,-13,23,91,-84,44,58,65,-38,-31,80,-38,16,84,-72,27,17,36,95,3,-33,48,45,-76,0,81,77,-34,-17,-56,92,-100,-54,-28,-23,-26,73,9,65,81,12,-3,94,-20,26,-85,1,-53,-31,-82
22,-2,-15,77,-83,35,14,-68,85,53,28,93,-68,-14,-33,-18,-17,39,14,96,58,77,99,71,-3,0,77,-65,10,63,6,44,-96,1,48,-44,64,-44,-70,70,-97,-20,-64,56,-82,13,-13,83,-21,-48,-48,-88,16,15,45,-46,-3,-4,67,-56,-33,-72,-19,-61,81,-99,63,50,-95,-70,-37,29,74,-27,58,-19,50,-6,-32,80,6,70,-7,-62,-70,-75,45,73,45,75,56,-83,-12,13,-30,75,-21,-97,62,-40,-35
-36,93,-89,61,-70,-73,95,9,-52,48,26,-52,-57,40,22,-34,-98,-27,91,-63,74,81,32,-69,97,-20,97,18,62,38,39,100,29,-98,17,72,63,100,39,-58,34,78,8,78,-36,69,-23,-73,39,70,-17,-84,50,91,41,76,78,13,13,-32,44,24,54,-13,-72,54,-97,-34,12,-51,-73,-5,92,45,32,28,-59,-94,-51,98,21,-44,-31,-19,46,16,-23,9,37,-17,69,21,-98,-26,88,91,15,-60,18,53,80
70,4,-96,-89,-38,100,68,9,25,77,35,59,73,-58,82,52,41,-52,-53,53,-98,-29,-47,-58,-32,-12,9,-54,43,51,-95,82,97,92,52,62,-40,47,-22,22,2,-68,-60,60,-46,-50,-53,2,-45,-55,-21,-7,-73,-100,-40,-51,-58,4,-84,49,95,32,83,-82,-70,24,37,-28,52,11,-14,46,-92,-53,-70,-11,-30,-12,-60,-47,-79,100,-73,66,-22,-14,-29,59,82,-81,38,90,-73,-3,-27,25,31,39,32,80,4
34,-19,-4,-76,-48,61,-38,65,15,66,-48,23,50,24,-40,64,38,74,86,65,31,-2,10,-63,-49,-85,27,96,0,-58,-93,34,86,-1,-43,38,-79,26,-69,-68,0,19,10,96,8,-80,31,72,10,-46,64,-75,68,-77,70,100,99,53,-8,12,-88,58,28,-54,-55,56,51,52,-43,51,-63,54,-73,-20,-30,-15,-13,70,-70,-36,40,-38,-90,-22,-23,17,-82,-22,36,-61,91,-92,-16,33,-19,82,-54,-33,-9,34,-10
-10,34,50,-26,51,54,-39,-2,32,0,45,88,-81,4,81,-31,-88,-81,57,-8,-46,-93,56,-85,-38,98,47,-28,94,-43,-61,-2,51,71,-25,44,29,-15,-14,-5,-62,-22,-98,-72,61,-43,-51,14,-77,-20,85,-12,22,36,-29,88,-63,23,75,38,30,66,82,-35,-50,-50,24,19,73,78,39,-73,89,19,-34,-6,96,36,26,-18,100,96,90,68,-49,-42,91,81,-73,69,-55,-68,-11,100,50,-71,-31,91,-91,-92,-43
-84,-99,29,47,-88,33,5,38,45,83,94,43,-66,41,-86,-42,20,78,55,51,73,47,-47,45,54,-65,-99,51,16,34,-19,-41,-72,-47,-56,10,-49,-11,44,11,-71,19,-59,-94,-69,16,86,-4,28,92,34,-64,-49,56,88,93,86,-85,50,34,-73,-93,75,-61,98,66,71,-59,-6,-26,12,74,-52,-28,72,-44,-2,-53,-56,8,-65,-14,80,-2,11,-78,84,75,-39,29,-34,-59,89,-96,96,-95,54,13,19,35,98
76,-99,-34,44,-20,33,85,59,71,10,-47,27,56,-40,99,-52,87,14,-32,55,22,11,79,65,-70,-19,-38,-91,-75,-97,4,-54,61,-91,3,-42,83,20,85,15,60,-6,19,97,67,17,-60,-48,6,-60,66,53,82,-40,-49,-40,39,-27,-94,-52,-27,-84,99,-89,90,67,52,76,45,-83,38,34,-55,-62,-4,88,-3,89,-18,2,-41,100,-95,15,72,45,13,-47,59,42,5,96,17,-8,38,-69,86,-90,33,92,33
-14,-24,-11,47,11,-12,13,44,73,15,77,-1,15,-61,-80,66,37,-50,51,-50,7,-35,-18,-42,-72,-20,0,60,-49,18,90,-84,10,-31,92,98,19,93,79,-2,-22,-99,-10,-91,-29,-88,-64,-34,8,91,35,-45,14,29,-89,77,21,73,63,-41,15,-80,48,-17,25,-76,73,-94,-54,-85,6,-59,-25,-28,-52,38,10,-99,35,14,31,-94,34,25,58,91,0,-52,-9,-60,28,-26,33,-62,-61,70,-21,49,-93,69,-44
2,61,58,81,98,-36,55,26,-67,43,-23,11,-21,81,95,87,-38,96,4,19,14,-50,54,-77,44,81,-80,3,67,-22,-81,-51,-71,9,-95,-48,-28,62,-60,-42,54,17,-11,-65,-15,56,-94,54,65,-25,-70,-24,3,-23,76,-34,17,-65,-16,56,-70,33,-73,-14,-89,-20,70,28,-10,2,51,86,60,87,66,14,67,-20,16,-82,-80,-7,43,60,13,-88,-18,2,-3,-18,91,2,99,-78,-70,-79,2,37,36,51,-18
-17,91,-5,0,-16,48,12,47,27,-76,39,14,91,-59,-74,-28,17,-89,-22,77,98,81,43,-61,-17,64,16,-29,38,-31,-25,84,-87,-79,-69,55,-11,94,94,-13,-72,-68,95,-67,81,48,-91,-18,60,-68,16,-97,-39,44,8,55,3,-23,48,86,-8,-82,38,-45,-85,44,94,16,-55,74,38,83,-4,89,-47,-40,19,-35,-79,-48,23,66,-2,-89,67,-24,-47,-66,40,29,92,-5,86,-65,78,-79,24,-57,68,-74,51
-60,-75,-84,-71,-33,25,-26,-53,69,-12,-97,-100,27,-18,51,78,83,-28,-32,71,34,39,-29,79,74,-76,8,-88,38,69,-8,-94,62,30,55,-38,-64,14,33,-40,94,-85,46,-78,58,-37,26,-69,-27,47,-59,-35,97,-26,-88,-75,-57,2,20,16,40,-65,96,29,-13,43,15,-29,81,-45,-61,97,62,75,68,-88,56,-93,20,11,18,-62,-58,-29,-23,28,-15,-49,37,-68,-62,-78,0,76,76,41,-28,97,-52,37,-64
-94,-48,36,-23,94,-25,-31,-1,89,-96,-96,-63,15,42,48,-88,35,14,-66,75,-16,22,-46,6,-80,54,72,-47,-98,-5,-20,64,-60,-6,85,22,-57,-32,-14,-69,-38,54,0,-62,65,4,-56,-6,-78,-47,50,3,96,4,10,15,33,79,30,0,-96,-62,2,77,-22,72,80,-80,75,41,-20,100,81,32,89,38,-31,24,-96,51,23,-54,67,-75,-10,27,-21,-44,-65,48,20,40,-50,-74,-17,16,15,47,-77,-58,-79
-3,86,18,-81,-82,-75,57,-13,-83,23,54,-18,30,-83,3,-39,-77,-41,61,48,-8,-36,64,11,47,-100,32,25,-15,42,-34,-72,-80,-64,-27,1,66,-78,-11,-93,-93,82,-33,67,-8,69,-77,9,-34,-35,23,74,75,-12,-87,94,57,50,0,-86,53,-11,-75,63,43,-53,-20,-56,36,21,-93,-65,-52,-21,59,21,-65,64,-18,38,4,98,-84,31,-36,75,54,-36,-29,-16,84,-85,9,81,-71,83,85,-41,62,77,-46
2,100,-51,-5,-53,63,-48,-81,-13,-77,-47,-83,-41,15,81,53,69,6,-72,-54,93,-28,-26,-7,80,20,-54,-31,-54,56,12,-99,-88,31,-8,-1,64,34,56,-13,-92,-7,59,62,-51,-69,-65,-20,-36,32,40,-67,-21,-78,-87,43,25,-6,13,14,39,56,100,11,17,-55,29,-54,-21,-69,21,-12,70,-26,-85,37,-1,-92,-45,-40,-56,99,75,-21,53,-95,-90,49,74,-90,7,-93,12,-64,18,-66,-42,10,-29,-61,-46
-56,22,91,18,90,-52,-87,-46,-4,-8,-60,-87,-58,5,4,49,88,84,27,-31,3,60,8,-69,-36,72,79,-23,-94,-23,-38,47,79,-74,-48,-17,53,-56,-76,-93,54,18,-33,49,-94,93,-70,81,-79,75,-80,-15,96,5,-36,-14,-11,-68,98,26,-100,64,-50,86,-60,-90,10,61,17,9,62,80,35,63,-91,-83,-13,98,71,-29,-59,-33,7,-51,-25,-57,-67,21,85,-83,-42,26,31,-17,57,15,61,40,90,-99,-64
-12,75,-54,-100,-60,86,-76,-65,-5,-20,-2,4,42,-8,47,-79,83,53,-9,-87,86,-78,74,-53,66,-88,-9,-6,99,30,-100,-41,-70,93,-81,5,75,-52,56,58,-3,-39,61,-61,57,-41,-56,74,31,-4,-4,-21,21,47,-69,99,22,-79,66,2,-23,-17,-73,-4,77,29,12,-51,14,6,-81,-71,34,45,53,80,18,43,-36,-100,11,19,34,70,-31,-90,66,-52,-92,14,18,63,78,-78,-75,79,-83,40,60,80,7
-66,-55,51,-82,-12,-47,58,73,89,41,70,-18,21,-7,77,29,5,94,97,30,-21,-77,95,-31,80,65,-80,-13,-35,-82,15,98,81,54,79,-56,20,-51,58,-71,-72,-84,7,3,-57,-58,-53,79,94,-44,97,-15,57,85,-79,-7,-2,8,-20,-12,58,-82,-98,-20,63,-19,-17,-45,-84,-77,-49,-15,-39,-8,33,90,-100,-36,-36,33,68,-34,100,-95,-98,5,82,44,54,-62,-7,53,91,59,81,59,57,26,85,70,68
2,78,83,-49,44,18,-29,22,-99,85,-28,87,-65,11,-7,73,73,-91,-75,56,-75,10,46,14,-64,-76,-87,-56,-44,-48,57,9,68,88,49,52,84,-33,83,75,36,28,36,68,1,-99,-20,81,-15,34,61,37,-75,11,49,-76,-65,-71,12,5,-46,1,-78,55,96,-89,-93,77,35,66,-92,18,58,-54,64,64,7,1,-11,-67,-12,-3,-45,-86,-48,-21,-42,-10,-45,12,-59,94,-34,-44,1,15,-13,-35,33,92,14
-63,-51,-86,13,50,-18,-39,84,-46,92,93,-3,33,-1,15,-52,-77,36,68,-11,50,74,25,-37,-27,-13,83,-8,-68,65,-76,-69,77,16,-81,20,-4,-69,-35,-64,-39,2,84,53,-92,-50,24,-77,5,29,-94,-91,90,98,-41,-36,52,83,-74,53,-15,57,-85,-95,-47,-43,-88,22,-58,-5,2,48,-79,78,55,90,57,-50,17,-44,-24,-38,25,23,33,-10,25,-42,-4,59,-97,-79,86,52,74,-42,58,-38,-100,83,-79
-86,24,15,-90,-80,-12,-92,-51,10,47,6,-39,-11,-60,77,-42,27,70,17,-17,-19,-53,61,27,46,41,74,69,-54,39,12,84,92,22,20,-83,35,-78,-69,-25,-95,-41,16,-25,3,-53,-15,-11,95,-72,3,20,84,63,-56,-90,-60,19,62,-21,4,49,33,-27,71,83,67,32,-94,58,-22,57,13,80,18,-100,96,82,-46,12,11,24,-82,17,-57,-65,-33,74,-63,-91,25,-62,-14,35,-68,-96,20,50,-24,79,-33
41,12,53,79,-74,88,-98,-2,-41,-53,-15,45,56,-31,89,6,92,-46,-96,-37,76,94,44,-54,71,15,21,5,58,-57,-1,-75,-53,-85,86,50,-97,-10,75,-28,-2,44,-64,-57,80,94,-77,-74,69,-70,78,27,13,-52,-87,-67,70,93,43,70,37,59,48,-81,37,-58,-29,-59,59,13,51,-32,62,1,-89,-58,-13,44,11,70,74,-28,45,75,-98,25,-80,-29,67,99,-67,-85,-40,-56,-29,-8,-25,-8,9,32,73
66,40,76,85,-47,76,-73,18,-59,-9,88,49,15,-69,83,-10,-7,-20,71,-34,64,68,-11,-63,71,-42,-54,42,46,62,-27,-83,82,-78,35,-92,-1,18,100,-19,-82,-10,0,-10,-98,-12,64,13,96,24,-81,64,-97,-27,84,-40,28,20,-26,25,-32,52,-36,63,7,50,-28,72,-9,-93,-27,-57,74,68,-7,-28,73,77,37,75,79,-88,70,61,41,7,89,-52,-43,-18,-97,-74,-54,-56,46,57,19,99,-94,-5,-8
75,-13,-79,-60,-40,-95,62,69,-34,-94,-3,-27,-17,67,55,20,-58,83,68,66,60,5,-27,4,85,12,32,73,-63,-20,59,50,-27,24,68,-77,84,-86,-66,-23,-1,-96,-27,-7,71,74,-47,-29,69,-97,44,42,64,-64,14,-10,55,-35,11,34,71,-36,89,30,71,100,70,30,28,-49,48,61,97,24,-62,60,-9,-60,95,-91,9,21,-86,52,-9,-82,-30,1,-39,-24,46,-34,-67,-50,-67,-72,-83,-33,29,-83,59
-66,46,7,5,17,-55,69,-56,-33,-3,-75,88,-23,-40,-23,79,38,17,53,-54,27,-24,65,77,-61,-41,93,39,-67,-11,30,88,-74,-55,-88,-83,13,-99,70,48,-7,58,-77,-92,-59,100,35,20,63,58,-54,-62,-1,-1,89,-42,12,82,-86,-29,-27,88,-9,63,26,32,-80,12,-24,65,1,95,21,25,69,-49,45,-35,46,-94,76,-98,-18,46,-88,84,19,46,47,15,46,21,8,-4,-100,68,-86,-83,12,-74,40
63,82,-97,-66,98,-32,-47,30,94,-88,-56,64,41,-6,72,-98,-46,58,76,62,-21,-22,-11,-16,81,-96,92,-21,44,-66,-82,-15,42,-40,-51,16,-63,-10,41,-99,-32,13,23,85,-48,85,-2,-69,43,23,-54,41,20,-39,96,-19,12,-40,-18,-17,-98,-19,60,-85,-2,-65,-95,25,-84,-55,14,95,-96,91,69,18,-46,-17,-11,-40,-80,-80,-66,-48,85,32,-99,-54,80,79,-55,-2,16,42,19,64,-100,2,-96,47,90
-2,-50,-90,92,-65,15,34,92,-89,55,-83,-26,34,-12,-39,61,78,-69,8,-22,20,-25,85,-71,-12,-10,-59,-53,-43,61,41,55,-18,61,80,-20,82,-21,23,-56,73,66,81,-58,98,38,98,9,-30,-24,62,-47,85,45,69,-56,-61,75,23,-13,98,-66,17,19,92,27,79,11,63,43,88,63,51,79,60,14,-19,66,-15,-41,36,-22,-71,12,76,-20,-93,-96,54,34,28,16,38,97,-56,76,45,-66,100,32,69
100,-35,-62,5,-64,-28,-100,42,32,-82,-98,-16,96,18,57,95,-59,79,94,28,-90,5,30,-3,54,-3,-20,-49,7,97,-49,57,-77,91,39,69,33,68,19,58,6,89,-61,-60,83,7,19,95,62,40,-3,6,-71,-94,61,18,65,43,36,-75,38,-26,38,81,-90,53,-37,-57,-97,16,-49,-70,-41,91,-55,-60,58,-25,-80,11,13,-22,-27,-90,-48,14,43,74,-90,-72,-53,-7,-45,2,-64,-21,78,17,68,3,-33
-38,58,27,6,-78,-36,42,-70,-15,67,62,57,48,-52,-92,53,-85,-10,-5,27,-100,3,79,-18,-65,-42,7,41,81,-77,-64,-20,43,100,87,-12,70,35,78,48,-79,18,-82,67,-91,-63,-9,1,-59,42,52,36,-9,-82,-49,-14,73,37,-51,85,45,-32,-27,66,5,5,-54,-41,-88,-21,-68,-54,40,74,69,-44,-47,-70,34,72,5,73,-66,45,77,82,51,-57,90,-18,-71,-51,26,-86,44,-27,-62,93,20,95,63
66,-25,-76,69,36,-54,-18,58,-68,-34,-66,14,12,-45,-93,75,83,-93,20,70,74,56,-100,49,-35,-48,-4,87,-37,-33,97,13,57,-76,8,-38,-21,-90,-61,5,67,61,66,92,25,-72,-88,-13,-10,4,13,36,77,62,-83,83,-60,-96,-20,89,33,23,64,15,7,-20,-91,14,-55,-58,-19,-72,97,77,-36,-67,-11,48,25,-27,37,-31,61,32,-80,-32,84,11,-80,37,-63,54,-37,-59,66,32,73,87,54,-31,-91
95,78,-3,11,58,2,99,-74,45,-16,42,28,98,9,-27,74,-57,-3,65,19,-66,99,-70,47,56,-33,-64,9,55,-49,-46,-53,-43,-99,-27,44,-92,85,-65,-84,40,8,10,-91,92,60,97,45,-35,-60,-79,-71,70,-81,-56,-38,3,7,-45,74,-4,94,-37,26,-46,54,64,-40,-72,-37,-68,69,43,-4,-93,40,-53,-85,46,98,-50,-56,-97,-99,4,70,-32,13,90,-87,10,19,-81,64,35,28,-38,-8,-19,88,8
-87,-11,-76,60,-91,-82,-60,66,49,60,-85,37,-60,60,-2,-62,-75,1,10,92,34,27,59,-64,95,92,-62,-86,62,-93,-48,-53,12,-51,36,28,-92,47,-16,-8,-64,-49,10,85,91,-59,-86,41,-16,-44,-34,30,80,-35,29,-12,-18,-85,34,-28,-2,-63,-28,-60,-17,-47,-80,-56,-97,-33,48,10,76,57,-35,-72,-54,-28,-4,68,-34,16,-33,70,-95,45,-11,83,96,2,86,4,-73,21,-76,43,3,-46,86,24,91
72,3,41,51,57,10,15,89,-55,-32,-92,-36,2,-42,72,12,-18,77,-24,63,2,-66,-52,-98,-33,25,-43,-45,-53,-90,-85,-3,59,-25,-41,-72,79,56,-51,78,99,70,-87,-97,-16,-9,90,64,95,-95,9,-74,-3,-57,30,58,-33,-12,-48,-90,-73,0,-5,-21,-6,-32,94,45,52,47,33,62,-86,67,-47,-85,-60,37,-78,42,-76,-67,88,-15,74,21,85,-65,-91,-41,-41,5,17,10,-18,83,100,87,-21,-4,63
5,-71,-36,-14,-87,87,92,80,18,-98,37,80,7,1,57,-82,35,-52,87,28,81,93,-22,-80,-6,-62,-27,-66,-43,1,63,-60,54,-7,100,-56,37,7,17,-85,-46,-66,-70,41,7,56,-12,51,92,86,-75,7,-36,-84,-67,-24,-96,70,-88,9,27,0,-22,45,58,94,47,90,-58,89,-65,5,12,26,-96,-5,25,57,-37,-71,-66,4,22,-16,-79,-93,-60,-10,40,-48,-52,7,100,-43,-79,-100,-4,87,91,-38,-37
-36,-31,-28,40,-16,-49,-73,5,94,32,64,-88,-58,-11,-78,-100,56,54,5,-22,14,66,78,-96,36,42,1,82,46,-76,-30,-98,-69,-36,-59,-99,57,-37,36,-89,-80,-43,51,70,-57,-78,36,-76,95,-37,-19,-78,-24,-1,49,63,7,76,47,38,25,8,-8,-95,52,-80,-99,1,-62,4,87,-19,-39,66,89,-52,-82,95,-26,-92,96,-87,-15,15,15,-88,75,59,-63,92,48,99,-41,-99,88,-96,-35,4,-75,-92,15
1,56,-40,-9,-98,-14,95,-23,40,-90,49,19,62,69,-39,-78,51,57,-37,74,46,7,-49,-74,-91,91,38,82,-55,-20,-4,-36,25,-74,44,-74,-57,33,-23,-39,96,-92,36,-54,2,74,78,24,62,60,27,60,-87,34,24,13,37,34,-51,24,-86,15,-72,50,61,-80,22,79,85,-51,-53,34,-94,66,47,66,-73,-15,77,80,-9,-8,-28,25,-95,23,-18,8,64,-70,91,94,59,61,-17,-30,77,-80,6,-86,26
87,99,0,-2,-89,-31,69,-84,88,-5,-82,-74,94,-1,-27,23,-100,-55,3,-58,-5,-87,-16,59,-3,-44,-32,-14,92,76,-67,-54,36,79,39,63,-80,88,-49,-52,-21,59,7,-8,-39,-16,-62,-2,60,-32,-14,-39,-40,79,-51,-18,38,76,31,52,-24,-60,-46,-1,-52,35,-75,13,-34,13,-100,34,25,-15,-91,-77,11,-35,-39,57,40,1,44,40,64,-8,35,-37,6,12,-81,-49,35,-87,25,27,-50,-72,-93,25,-22
-59,14,-27,-11,62,-39,-38,82,95,45,-6,32,-26,-84,73,-26,28,100,-45,53,22,74,-99,88,-87,-78,74,98,0,-42,99,-73,-56,16,74,54,76,-23,-7,-17,63,-81,74,56,-54,-89,-34,21,84,-11,72,-34,-43,32,-5,-74,-6,-50,24,92,14,51,32,63,-66,-57,11,24,39,45,-77,-18,-69,-97,-5,58,-84,26,3,26,-88,-5,-57,14,-29,-16,-50,57,-61,-37,79,-17,72,79,4,24,8,2,-58,76,23
79,99,-31,41,64,-20,20,-48,15,-30,74,-14,19,94,-100,-48,-85,72,77,36,-37,-3,-11,-7,75,-49,-71,-76,28,94,54,3,93,57,26,-63,-50,0,-37,57,-65,-50,71,66,-9,-16,-72,97,77,-3,-83,-34,99,-18,-42,41,-88,-85,94,16,-80,-47,-57,-56,99,78,-44,-73,6,54,-29,41,28,-39,33,-78,-3,97,1,-56,-62,52,-61,96,11,-82,66,8,6,-4,-68,-69,-21,-93,99,-67,90,67,37,-51,3
-95,-95,56,-47,49,73,46,24,37,35,-73,37,-53,-12,86,31,13,-81,-49,-42,-46,62,-20,51,77,86,-27,-82,-6,60,-38,-94,-32,-60,8,-99,-69,-72,46,21,51,23,-78,-29,24,13,-70,-85,43,12,-94,-59,-4,99,15,-100,-70,-27,-93,-45,97,-44,30,27,-17,11,0,-10,-41,-73,-46,-74,-44,-45,51,-96,83,-15,94,99,26,80,80,74,-15,-99,26,94,-48,-85,8,50,-73,1,-50,40,12,48,57,44,-88
85,-26,3,-65,-12,-11,55,-34,-62,62,97,-96,-46,-12,-33,-58,-71,-50,95,9,-46,-60,6,56,-95,-85,75,-37,-99,66,-31,89,-90,-10,32,-35,1,-38,-62,-30,-20,39,20,96,-22,-63,-79,-23,-28,38,-81,-12,-15,-29,-67,-80,67,37,-8,-43,51,53,-44,-87,67,65,74,85,-3,0,-38,92,21,-76,-19,25,8,-19,-3,85,100,53,91,84,-50,-24,-74,-51,31,17,-41,89,54,8,-89,-34,-45,-73,-49,89,-65
-72,52,13,91,59,47,-87,49,6,15,59,-78,-57,-89,-55,90,74,15,81,3,-99,24,-31,-6,91,39,58,-44,86,6,77,95,45,-54,61,-24,-47,79,58,98,-76,-41,-39,77,11,-34,38,-76,49,28,-30,-39,-55,-64,-42,-44,68,-93,-5,50,-89,-6,-48,-59,-99,-82,74,89,22,91,25,-25,-92,-54,42,21,-71,-73,45,-45,-5,62,-20,-5,83,67,83,-44,-11,-6,51,-82,-72,-6,14,92,40,57,-95,-82,57
-27,-64,-31,-23,-29,-27,62,1,-89,-33,-80,83,51,-36,-57,-67,-85,85,34,-47,55,94,-99,75,-34,8,-80,81,-77,10,81,-90,15,-78,47,71,-71,62,82,-30,50,93,-44,18,26,-59,21,98,87,95,-32,22,82,-14,10,-70,-44,-23,13,-46,-45,-84,9,-8,-10,12,-81,-60,-58,-14,-11,54,-8,83,43,83,54,73,62,-50,38,35,49,97,-2,45,11,-37,76,92,74,-89,83,63,-1,-64,27,26,19,-24,-94
51,-91,-4,-64,-70,84,-1,52,35,-20,26,42,48,-30,37,-47,-42,-35,-6,71,41,74,-96,74,-45,81,76,30,-9,-50,4,-28,-76,-84,-14,-6,94,-42,-27,-69,53,-99,17,85,-76,-42,63,-75,26,26,-59,-12,56,95,66,78,42,32,33,61,44,-61,-71,16,37,94,19,-23,74,-71,46,31,62,-15,84,-10,-93,70,36,60,40,-29,-59,26,-9,-52,96,2,17,-11,66,-71,-21,-65,0,82,-7,-43,-33,-87,-22
0,37,40,97,-61,73,-74,5,63,28,42,70,-86,-94,40,-99,-24,55,39,-20,-25,-8,88,73,-26,16,6,1,96,28,4,19,79,-21,52,-55,-54,-96,-66,-84,21,-42,34,-87,11,51,13,64,48,81,89,-17,46,14,12,70,48,3,98,19,-83,-30,-61,-11,-12,92,-60,-75,-95,97,-39,12,-72,-49,93,-9,52,-31,44,67,90,-93,-6,-75,95,44,-83,-78,89,83,-54,71,91,-50,77,80,78,-45,23,-48,-79
-6,99,60,89,-24,-56,54,-77,99,-91,4,99,-14,-70,-6,20,36,-72,-51,-64,72,38,-78,76,-22,-95,92,-83,-15,-48,81,81,49,-5,91,-7,98,96,19,34,-25,22,10,-65,4,29,-27,11,-99,91,98,84,24,41,64,-18,-2,95,4,80,-61,8,-38,78,-6,23,30,57,-17,-20,81,47,67,98,-78,-16,-27,25,-70,-90,-13,56,43,45,-51,65,70,33,-36,55,87,48,64,-94,-85,94,-92,22,-18,-22,-67
-79,-15,43,-54,-84,-36,66,-75,-52,-43,-5,-22,-5,-26,-80,77,-26,95,-51,95,-83,-12,60,-19,50,39,79,-86,-5,31,10,-50,94,98,-17,53,30,-24,-33,-59,-69,-34,33,-2,-52,15,-27,-39,20,69,-96,-20,-38,-42,-32,63,-17,67,-17,3,-96,-81,66,53,85,-93,89,86,-53,-80,20,11,69,61,59,47,64,58,17,72,-99,-59,-100,28,47,-34,91,-49,35,18,-41,59,100,-27,-73,6,88,31,-14,-80,17
-21,-24,-67,63,-97,-82,81,-93,2,42,82,79,-57,-4,-50,-11,-46,35,29,4,-64,-37,77,-40,-1,-30,77,70,-26,53,53,-52,-32,44,-98,-12,80,53,25,-99,95,80,-56,-55,60,42,-58,93,-44,50,100,-66,93,85,52,-68,-21,-57,-96,48,63,-3,-12,83,25,-85,68,-70,-96,-7,-91,9,-80,24,-25,8,-73,80,-76,-47,-5,42,-9,-95,100,-77,64,-82,-99,2,0,10,37,32,92,-45,-28,24,99,8,89
71,-45,65,-34,-58,-74,51,9,-17,42,45,-12,-38,-96,-65,-74,53,-14,-12,-9,-2,-31,-21,18,24,-63,93,-98,19,3,64,65,19,-83,77,-25,-14,-29,71,-24,23,-96,88,15,-85,41,-64,-93,55,21,75,-8,-54,-95,-60,61,-97,-40,65,88,-53,93,-19,43,-23,-15,-78,-19,-42,-57,46,59,-74,59,47,1,-10,-28,-17,-47,48,37,33,36,11,82,13,-28,42,-52,46,21,87,84,-66,44,78,-80,13,51,-59
41,-49,-69,-88,-67,-78,-42,72,52,-80,-45,-77,43,25,0,3,36,30,10,76,39,1,10,33,-93,-36,91,-94,-4,100,47,24,-94,23,-78,-53,-2,-24,44,-28,-18,62,16,-59,-55,37,83,0,-40,-45,10,-41,-19,17,0,98,-35,67,-40,19,-50,-12,86,-65,24,-43,-88,17,27,68,-53,23,-30,-4,-69,-78,-80,71,69,57,-42,-77,-100,56,-86,-64,55,42,30,84,98,-98,-67,54,-5,-37,-47,-31,-1,-97,-14
-64,-13,-7,-72,80,66,-99,27,-10,89,-34,56,12,-11,-77,35,-56,-53,-98,47,27,48,-90,-41,-21,26,-48,-85,89,-73,-5,-13,11,-14,90,-66,-52,-54,71,-56,52,20,-63,32,-3,-46,92,74,-44,-73,23,91,-17,-22,26,-95,-66,14,22,81,48,26,-29,-59,83,95,69,-60,8,-52,-96,51,-46,100,-88,-22,-38,53,48,76,52,30,97,47,-81,45,39,-82,-91,8,-44,-62,-97,-65,91,46,-44,40,89,-2,58
-92,-94,-91,-87,69,-77,13,-44,0,35,43,34,-65,-60,25,-81,-8,71,76,35,38,-27,32,-33,64,-59,46,-98,72,74,70,-35,19,71,48,-18,2,-63,-73,-74,41,-71,-39,-74,46,74,-76,-91,15,-54,-19,-63,76,-78,13,80,82,37,72,-95,-71,78,60,-50,-80,-2,-48,71,52,75,41,-73,-81,-20,71,1,15,78,56,-60,-91,-23,75,69,-42,-75,-92,-59,27,-61,-13,-12,-60,-100,-72,69,-100,-98,-97,27,60
-15,13,87,-18,-31,34,-15,-60,64,-8,-56,-54,-50,51,16,-8,92,35,71,72,-53,54,-30,12,-21,-9,-68,2,58,83,18,87,20,-70,-11,66,-11,12,41,-8,84,100,52,-1,-80,49,46,-28,-64,30,81,-29,84,37,-21,46,27,87,3,82,16,89,26,-19,-36,81,-44,94,47,-56,12,-19,72,77,56,87,71,-21,98,85,-94,52,54,81,92,-13,33,-1,93,-67,-43,3,-27,-89,-66,-5,55,56,-92,58,-79
-1,-80,47,71,-56,52,-15,26,-12,-57,-94,52,-66,80,-89,82,4,-57,57,7,63,-1,4,-65,22,-8,38,-81,-98,-61,-54,-47,-65,70,20,73,88,-25,-13,-14,79,15,-6,70,98,-22,-80,7,33,-57,-87,-14,30,64,-15,56,-79,-66,-48,43,34,79,-76,24,89,-26,-33,53,54,-67,-14,44,-24,13,-100,98,-97,3,57,38,-74,-18,-89,12,-74,-82,84,53,52,38,89,-61,-40,-60,61,-97,-40,-2,-75,1,-22
49,-35,45,66,-50,-33,-85,31,-25,6,-61,67,-79,32,-83,-30,31,16,-54,-20,38,-37,-36,71,-6,27,92,-36,-17,-17,20,-95,62,98,-25,37,-10,53,89,-24,71,-74,-82,35,30,-43,45,15,84,64,-19,40,36,31,31,-42,43,-22,-67,85,98,96,-17,20,-43,16,46,-80,-43,-24,-71,-13,71,27,-11,30,21,78,-51,96,-56,50,58,43,94,3,63,2,98,-51,75,-13,-66,-38,-81,-11,42,81,53,45,-8
-42,-23,-60,-21,-75,-20,-28,-16,-94,-51,12,-81,-69,-7,35,-54,-7,34,62,21,35,-61,77,70,1,39,-53,-86,90,-26,-4,-51,-72,39,26,96,-78,34,-40,-68,35,38,-20,-24,23,-22,79,-42,-21,-2,-41,89,-46,-80,-91,-26,-46,47,30,67,-53,-26,-35,52,-17,47,84,56,62,93,-7,-1,-82,5,1,31,41,-97,36,-10,17,39,-85,-9,-89,-3,82,-57,-77,-24,-85,82,35,-49,-18,-69,6,-5,40,-34,-74
-98,85,-41,26,81,-76,-57,42,-100,29,-45,-71,99,97,10,-46,65,-16,84,-39,-46,52,91,-57,47,91,25,-53,56,-8,20,47,40,-96,52,-5,-16,68,-49,-11,-26,21,-3,47,95,81,45,85,-59,80,31,64,-63,18,-83,40,73,26,-7,7,69,22,38,-56,-5,-52,-82,85,-51,-76,64,59,-36,-22,87,-41,-58,-66,44,36,-32,-24,-41,68,-47,15,-95,96,-100,74,-4,-57,-30,91,-8,-43,-13,100,42,-100,92
-26,-65,-74,77,-38,90,-70,-97,70,-37,29,60,-51,-87,-18,-20,81,20,44,35,-19,-45,-73,84,75,20,-52,-30,71,-60,-70,35,4,80,9,-37,20,-55,-85,97,13,80,-19,-68,84,-62,-48,27,16,-61,25,-66,24,72,41,-49,-62,32,-19,46,21,-100,10,56,-54,-44,-65,91,-24,-74,1,-10,-3,-71,-9,39,-90,-84,-66,62,3,-87,-14,27,-90,-76,46,10,25,-53,-12,-77,66,-52,-9,-8,-8,79,22,-30,-7
-8,-100,74,62,73,-57,15,14,51,12,5,-1,33,57,67,-100,26,-91,-29,-15,27,86,-83,15,-59,57,-35,-29,-79,-87,88,91,-6,-33,-100,66,-17,25,-40,1,-5,17,28,90,63,-3,22,-77,-90,-70,52,62,-24,-5,-15,60,84,16,-24,-40,-56,-72,-11,25,-67,14,10,19,-17,-85,-97,88,77,-83,-32,61,-73,-96,48,-50,-31,-49,59,72,34,-90,92,47,-90,-25,-5,-36,45,83,-86,-47,-79,53,-20,93,97
-94,10,-70,46,-81,-95,33,19,79,-78,-73,-65,9,-37,46,49,59,94,-32,9,-57,-24,-63,77,-34,-24,-77,81,-15,-1,53,24,16,-42,-94,-64,-57,-52,-68,-30,-17,-55,-82,84,1,-13,-98,-75,23,-37,-47,90,-19,-74,97,4,52,-59,10,67,11,38,7,68,65,10,-19,1,67,19,95,35,8,-27,-98,64,80,-25,-67,-76,79,-28,32,44,7,8,87,65,-15,-59,-90,44,-8,42,16,2,23,-20,-59,-53,79
51,12,23,-76,76,63,33,-66,6,-1,27,-80,67,45,-80,-41,4,69,-21,52,21,-14,-42,92,-32,-6,20,59,7,10,67,-89,40,-43,-27,4,-39,41,-68,-75,13,86,-59,-48,-34,-44,-5,-31,69,48,94,64,-23,-25,-41,-97,64,16,46,7,12,-76,-47,-37,63,65,-39,-59,67,-50,24,-35,-9,77,-48,-89,-99,-72,-41,90,-53,-84,48,75,4,67,-46,30,81,-7,-98,-93,-26,-44,-83,-90,-69,-100,-89,63,46
75,-69,88,-25,-91,-86,-100,-20,-79,-79,-43,-25,-6,-29,-37,-70,48,-99,-6,-82,13,1,-65,20,-33,-38,77,98,-72,78,0,67,63,91,-52,-37,63,17,50,-50,81,-46,-89,-88,68,53,-21,-56,9,76,13,80,42,-68,-74,-1,91,57,18,-12,-1,59,65,-28,-23,-13,12,-49,-49,47,27,64,42,-86,-54,82,58,-78,38,49,49,-28,-73,-15,90,-30,0,70,86,71,58,66,-86,81,45,44,64,-85,-81,-63,43
70,-41,28,-8,76,-19,98,-61,-76,28,-53,-74,-79,69,-80,-53,-89,-29,43,-97,-84,-31,-17,12,48,72,-38,-85,-11,87,45,-28,33,46,8,-34,84,-65,61,55,29,-1,-58,24,-8,-38,-17,-32,6,96,-93,10,90,-22,-79,49,50,-98,29,-33,14,-1,34,9,-84,62,18,68,-68,-10,-16,-12,23,69,26,-6,-10,34,86,33,-8,-64,-73,-10,74,15,28,-25,-62,-46,-80,-11,-52,-11,-70,-16,50,-96,-76,-64,-96
8,-70,-16,-97,17,-71,-61,96,-12,46,64,-56,-43,37,-59,37,-31,25,-98,-86,-83,-7,-44,-21,82,-99,68,53,-4,36,93,-21,19,25,-11,57,-90,-46,-11,14,65,-20,-7,-90,-40,-18,-64,-53,-20,61,-45,58,57,-27,44,36,-10,81,56,85,58,-76,-41,69,-34,45,-40,78,80,20,-58,-52,-29,87,74,3,5,-76,-67,-35,-23,-58,63,70,83,-91,90,-30,-27,32,-60,2,-59,-54,98,-76,81,-60,-71,66,91
-90,25,0,-89,72,14,70,91,68,44,-32,23,85,86,-27,4,-80,92,67,-6,61,79,-4,-14,-44,39,88,-95,-96,80,38,19,-82,58,12,49,75,9,-83,31,44,-61,-28,5,-51,56,36,-23,-29,-97,83,54,-87,52,-38,96,-36,95,66,-66,-5,-62,-26,-28,-66,91,-4,-26,2,-5,-78,-69,91,-3,27,15,40,2,-26,28,-15,-78,82,-94,84,4,79,-30,-40,-55,10,-78,-19,-43,-52,-88,5,1,82,89,45
77,-55,32,64,-77,77,54,27,48,-9,-48,-99,98,47,70,30,-86,-10,-79,84,0,71,18,-40,89,-80,-34,45,61,7,28,-33,-68,-84,86,-5,46,37,90,95,13,93,-98,-58,-23,38,80,-59,-77,-42,-48,-52,-85,-18,-34,26,-23,-69,64,-22,38,-2,-52,94,-79,0,42,94,99,-49,-90,89,-20,-21,-26,-70,4,-16,46,-47,52,-50,-8,-35,90,8,-84,37,-65,56,95,30,65,-18,17,22,-35,-8,-75,15,-99
-65,-64,40,21,79,46,23,24,25,52,33,5,-1,48,-93,-53,-96,14,-34,12,55,72,67,93,-28,-39,98,-99,-72,-81,5,92,-85,-33,-44,8,-70,15,-89,-70,68,81,11,-55,60,67,-64,-63,50,-91,-61,-9,-88,-2,46,-79,-38,-84,-80,41,65,-68,-21,-49,-96,-45,72,71,0,53,-21,-50,70,8,-96,48,-84,-46,-12,7,-35,-13,-83,19,72,-6,-89,40,-12,-92,52,54,51,80,81,0,-10,2,-34,-32,27
-78,39,56,-88,-14,-10,-12,-13,-73,81,89,73,90,-2,-14,-95,30,-71,-75,-13,4,22,17,-100,16,-91,87,86,50,77,61,16,-48,-38,55,-20,57,-9,16,-74,26,-88,-27,83,-39,-29,-28,-34,61,-72,41,25,49,-21,51,-88,-29,-5,-49,-56,81,69,21,63,-52,76,90,-23,0,-73,-39,41,46,-53,3,9,37,-63,48,-59,-9,40,46,-82,-60,89,-95,-67,-100,48,97,-8,-69,59,4,83,49,-40,-95,94,-58
23,84,-14,78,12,-72,52,12,13,69,-38,-36,-24,-84,-84,82,-70,6,-40,-31,-96,-81,-5,67,-82,-34,-13,17,-13,74,67,98,-19,46,-66,22,45,13,93,-76,21,-81,55,-99,19,-63,-87,13,23,-81,53,92,-98,25,69,-63,7,21,-1,-25,16,66,13,-2,-90,-83,93,86,28,21,-30,0,-68,-87,88,-26,66,31,-21,53,78,31,-72,29,49,-61,-7,90,70,-47,15,26,-82,-15,38,7,97,-7,60,82,-52
14,88,-69,-58,72,-55,-99,-12,48,-64,-99,1,-11,-46,35,20,35,-91,8,56,68,-94,-42,-87,3,55,24,86,68,-90,5,11,-30,24,-83,89,-80,71,-73,-43,68,-12,96,23,86,-100,-15,47,64,41,61,55,27,-94,53,49,-43,-78,87,-79,-47,66,26,-63,87,51,50,-61,-1,83,9,-12,-42,-45,36,-96,76,18,76,29,5,64,-51,-58,-86,-46,3,-91,-14,-82,79,-40,40,-16,57,100,41,91,-31,-85,-27
-46,97,-36,-22,79,-67,14,-14,83,-58,-87,66,-29,68,57,-40,-94,41,-7,-51,28,30,16,72,23,65,45,51,-61,-66,-4,-49,-43,16,-37,2,48,56,-80,40,-8,-93,-22,-4,-52,-73,-78,15,-48,84,75,-81,-84,-11,-98,-25,-87,-83,-25,-39,-53,-89,99,-98,-54,-42,10,-26,-50,-72,-25,-78,4,-6,17,45,4,38,-71,95,53,-22,98,33,-87,63,-41,-9,-52,-35,64,23,33,-18,-47,-57,-53,-28,-32,-1,-27
-47,0,78,35,57,-62,-97,25,59,41,-14,-72,43,-37,67,71,-55,31,45,-66,52,-8,-78,79,1,-88,91,37,95,6,10,38,39,15,-41,24,29,-77,-68,-12,0,-91,94,-36,10,100,-78,94,61,59,-34,-55,-77,-96,-33,50,-76,55,98,-28,-84,-54,-6,-24,46,-98,-24,-20,-60,81,-28,16,-81,90,-96,-35,73,-38,94,-93,12,33,-65,60,31,52,-98,-16,-87,86,-48,-57,65,21,-95,-7,-47,50,53,31,78
-37,-68,60,82,-84,-86,-20,-90,-60,-61,29,-66,86,37,25,78,-10,-37,-20,58,-65,-85,69,3,-94,49,19,27,45,31,99,-15,84,96,6,42,-18,38,28,94,67,-8,-99,1,-36,70,-3,91,93,27,18,-35,-44,75,-27,-91,-45,-83,23,-36,21,22,18,100,-67,-6,-43,-70,57,-32,-45,29,33,44,61,24,53,55,2,50,6,-50,-86,84,70,-81,15,-24,-64,-96,-71,85,56,19,2,28,81,-68,53,-20,52
4,-58,20,-78,-30,25,50,-65,99,-30,-42,-91,-61,36,-79,-50,53,65,-30,35,-49,-62,92,50,-43,5,7,-18,-70,18,60,72,98,60,-10,-39,54,19,-18,97,-34,54,-38,6,-96,46,4,86,-80,-85,-20,-34,70,-99,23,-48,95,-58,68,-73,-16,-66,-89,52,-6,53,67,2,-17,-65,-57,-90,52,-56,29,-48,34,51,35,-14,-12,7,-3,-8,61,-39,-66,-7,20,35,-20,-64,-56,-25,17,85,-69,-93,-27,25,-18
91,79,-7,-52,-15,-13,-21,-35,-27,-79,37,-66,-56,0,8,15,-35,7,25,-83,-16,-23,41,86,96,-76,-64,51,-92,32,-11,-37,-80,6,61,28,57,45,-59,26,2,-3,64,-20,-31,58,-52,-86,20,9,-84,15,95,63,-77,25,-50,74,-96,-70,65,-4,-23,-88,29,-52,57,-53,61,5,-26,94,-37,14,39,-99,-100,61,-8,66,-44,61,3,-35,-97,27,-63,-69,-98,-81,-99,-86,1,57,-54,-65,-91,38,92,-91,-27
-57,63,-93,50,25,-98,-66,-34,-20,-82,60,-37,89,91,-36,-85,-70,87,66,-74,-6,13,-86,-32,47,54,-21,-26,63,81,-91,71,95,68,-43,47,60,-48,93,-82,49,-58,-87,-16,95,-19,72,40,95,97,-54,63,-74,-9,87,-89,-34,33,61,97,-92,-97,-28,72,-86,29,69,41,71,-43,-80,-26,-63,-87,-84,7,21,-79,75,-68,8,39,50,-73,1,-28,36,96,-35,54,-13,18,18,57,4,11,-41,95,-36,2,-99
-6,15,32,-51,-85,23,-85,11,-78,94,-77,66,44,-38,87,-29,-91,91,-46,7,-4,-85,24,-6,1,-87,48,30,6,46,76,85,-62,-20,-7,72,96,-24,-88,8,62,55,22,51,79,88,20,14,33,80,-89,-53,37,76,39,-32,91,-22,73,88,-36,-49,-14,-100,-5,14,-92,61,43,27,-16,-38,-2,30,-83,96,8,45,-17,-23,-90,-38,-31,81,-43,70,25,-20,-10,38,45,88,-88,-21,35,-48,53,89,53,-9,69
7,-85,74,-24,-19,-68,5,98,24,-22,-23,-35,26,-90,-66,-48,-84,68,48,89,44,-49,-41,-82,17,16,40,87,86,-84,37,-9,-14,18,-54,-85,98,-16,-39,12,-9,-35,-64,56,-93,-47,-25,-43,20,-54,47,79,15,-15,-38,6,-9,-76,79,58,-19,-21,74,-88,66,-29,76,-73,84,78,45,-67,18,81,76,-97,-91,68,-34,65,94,81,5,-84,78,42,-4,-95,-41,-86,-46,-97,21,90,-31,93,-21,-35,55,-30,-91
-97,72,-1,23,96,-67,0,-73,15,-63,15,-14,-33,-96,-89,30,-72,-28,-54,13,92,-72,42,-91,6,68,99,-8,-91,-37,-98,65,-49,42,44,20,-60,74,-31,-24,-20,-96,6,-21,-56,-44,-89,44,59,81,-49,-74,41,-27,63,18,-93,-100,26,19,-67,-22,87,-42,27,-12,16,30,-13,30,-96,6,-99,10,30,-4,29,40,-31,-83,-67,-74,-26,-53,67,-73,79,-93,5,-5,-95,34,-17,-25,-52,44,53,100,49,87,-43
60,22,-59,-49,92,-79,77,-48,60,20,45,25,32,-72,69,37,-6,-46,77,-33,53,-81,52,20,-95,-8,8,93,-20,85,-47,-54,-16,-93,89,-28,29,4,56,-52,-46,-98,-43,20,-78,33,33,29,93,-31,-11,50,77,-32,-32,33,-85,31,69,92,-7,-75,-37,59,-62,74,-83,58,-90,62,21,-76,-78,-87,-17,95,0,-90,61,-28,-26,7,-77,-55,-99,-47,-2,17,76,-68,23,50,-31,-25,72,65,38,-96,96,19,61
44,-49,82,78,0,-79,-2,-20,-63,-94,23,-32,-87,-6,-99,-20,7,32,54,67,-65,9,-59,64,78,31,86,-28,-88,41,-84,70,61,-32,95,-76,41,-45,61,69,54,-67,-54,25,-27,96,27,-50,-93,18,-61,-44,33,-15,-53,93,2,-95,-46,-82,-64,-12,-62,-15,98,27,-80,-18,-31,-65,69,45,26,-66,-28,-61,-40,-15,-91,41,100,-78,-58,-70,93,77,-81,67,-71,100,63,-27,-71,6,1,-25,0,-94,59,-52,-100
52,-35,-83,-45,-59,65,-5,92,-26,45,5,-76,20,16,-10,78,75,34,66,-23,2,-19,-35,-93,29,-77,22,41,46,23,8,-86,90,95,19,-35,44,-25,34,37,3,60,80,4,87,-77,-29,76,52,-90,-42,-95,-27,11,-78,-89,-63,48,57,74,-62,62,-56,-65,-75,8,-99,37,-7,34,-14,-94,15,-2,63,-43,-100,27,-79,14,49,6,49,69,14,-39,76,-68,61,-35,-20,81,44,-12,1,-9,93,53,66,-12,38
-63,-5,84,-22,83,-72,-32,-81,24,-13,-87,99,42,-58,-72,88,79,73,-24,-23,72,45,-61,-62,78,-9,-25,-41,-62,-84,26,62,97,25,88,5,-2,-33,73,44,-81,75,98,-87,-96,-70,2,44,57,34,5,76,-86,2,96,7,2,93,38,83,49,-79,-94,-77,84,-56,70,-13,39,75,75,2,37,13,28,88,12,55,-56,59,82,-7,-92,-48,41,-68,83,-5,-88,93,-22,39,-28,-96,12,84,-81,93,60,36,100
-44,-17,-32,-40,46,3,66,3,23,7,-90,-40,-3,67,-5,-97,-83,-31,40,41,36,-71,-85,79,26,23,75,36,-39,-43,6,-19,-98,62,-6,25,50,100,-35,-89,-27,-51,43,-31,10,21,-98,29,-90,81,6,-79,-11,-13,42,10,-41,-45,-18,82,77,16,-53,27,94,-70,-65,71,61,-7,-61,97,-27,0,-74,35,100,31,-1,89,-36,-54,-2,-72,-24,-21,85,-40,82,15,42,27,49,-25,-37,18,56,15,32,-53,43
-94,13,-83,0,-70,-53,-4,-29,-59,-100,69,11,55,-85,-40,6,-46,-64,99,87,-26,-60,-93,54,-9,-29,-64,-29,-56,-26,22,-6,15,-85,8,-61,55,-67,60,79,-26,62,-16,38,-53,37,46,43,-14,-75,32,-44,-50,40,74,-58,60,-14,18,27,-13,9,72,21,68,70,-10,-24,-5,-34,53,77,-94,6,79,-49,3,-100,-85,73,-10,-35,43,-100,-44,-88,62,-91,45,-42,7,-73,37,-85,-89,-93,47,-66,-28,97,-11
