-77,82,-73,80,100,-39,19,81,46,-36,67,-13,29,-15,-48,33,-21,13,-44,-18,-80,71,55,-73,16,25,-51,10,58,-86,12,-76,48,-100,-93,-1,-37,49,28,96,-97,99,38,85,-13,93,25,-67,15,23,-57,34,-11,-82,7,-5,-19,36,-28,-74,-15,-62,63,-37,95,-57,88,86,-79,30,62,-41,59,64,-44,-89,9,58,90,47,-38,91,73,-95,-69,7,-42,-98,31,41,-25,92,-72,-5,-53,95,-48,94,46,4,-57
13,41,59,-19,-66,-72,88,-56,-62,-63,-66,65,-24,-79,91,-13,-23,-8,46,-80,39,-72,-97,84,73,-35,96,-21,54,-39,8,97,-43,80,30,-46,-88,29,70,-29,6,82,-30,32,10,94,-73,-100,2,-96,-1,-92,-47,40,-79,-98,-72,5,25,31,-45,98,59,2,-77,53,-7,-84,-38,-17,40,-2,-70,-97,22,55,83,70,-97,-67,-22,43,-81,88,96,95,64,-95,43,-82,-54,-59,52,-84,94,-67,18,7,-43,46,87
-48,-67,-79,89,-69,2,-88,-3,-28,-87,86,66,-62,-46,-64,-11,-89,-20,49,-55,34,-59,52,7,45,67,22,69,76,-8,-60,63,-50,-35,37,-99,-79,-32,2,-94,83,64,18,-19,56,-49,92,53,-43,4,50,27,-11,-43,-61,-23,43,87,31,-50,-21,-54,98,-60,54,7,-58,-99,-72,18,55,-34,2,37,52,-41,-51,72,-95,-49,46,59,-1,-29,-61,36,15,-21,-56,-43,-91,23,-76,-31,-15,5,47,11,11,89,16
-7,99,-100,-28,-15,-16,-45,4,-49,2,-61,-50,97,32,23,99,14,45,30,-97,-44,-95,-35,-39,41,78,8,-68,-17,31,8,95,-36,59,59,54,-44,13,-98,95,95,-32,-83,43,14,-7,-43,-79,93,-31,15,-57,61,85,23,86,58,-3,-60,-84,52,-85,-63,73,8,-12,-78,-7,-15,-29,-82,-8,-56,68,-88,16,-53,44,-79,42,81,-22,14,-18,1,-79,-43,29,-74,-1,47,-83,-21,-57,38,47,27,97,-27,57,26
72,67,44,-25,2,-63,17,41,71,-51,55,3,-78,17,29,-21,31,4,27,-92,86,-30,-42,84,87,0,-54,69,13,-59,19,-16,-33,12,52,-65,-78,-31,44,-7,74,-72,90,75,83,67,-100,64,91,-86,22,-43,-12,-70,-61,72,-6,-31,59,58,-72,-17,-74,49,91,28,-76,-90,-96,61,16,2,-23,-60,73,-64,-20,-65,-49,4,-70,81,-6,65,88,88,-39,-45,97,-8,-54,43,-84,12,5,52,-8,79,41,49,43
42,5,-96,-40,-97,-84,18,-87,99,3,31,14,-32,-85,1,-52,52,-11,97,-15,27,11,58,55,-6,-28,-43,46,20,7,-50,52,74,69,18,-8,-38,-71,19,-25,-32,26,-87,-1,-73,-26,63,-5,43,-23,69,-36,-75,-89,45,-3,-60,95,12,66,81,80,50,-39,24,96,6,24,52,48,-55,24,-73,95,-61,-52,-12,-2,-67,47,-40,-52,-22,82,37,-65,-64,60,-76,-97,37,-12,52,72,-37,-82,-69,-4,71,75,-57
7,92,-67,83,58,-44,-53,51,-95,18,-45,-3,-27,-90,-46,-23,-96,-49,-63,20,83,53,-91,59,-66,25,-5,-5,-90,46,-71,50,-3,13,27,39,87,-5,96,58,-7,13,82,-14,-3,-27,18,-16,64,52,74,-64,-96,-88,-98,29,58,-89,-24,-96,-25,-74,21,26,-46,60,-41,52,-68,37,0,11,-42,8,59,18,55,-26,-72,79,87,22,52,87,-58,16,29,-43,-51,-38,-73,0,37,29,99,53,-23,72,39,56,-17
100,-31,5,-36,-86,75,39,-25,43,-26,25,-70,38,0,-98,-36,-86,-56,82,-34,40,-95,78,77,-80,-1,-76,79,-80,-55,-62,73,-66,-94,-82,99,24,31,-5,-10,8,-5,-95,-81,-75,58,21,23,-88,66,-94,-26,5,73,-78,-13,27,-79,-14,17,95,-7,32,74,-92,13,-64,-78,-28,48,97,32,84,-33,95,-76,-48,60,13,-33,55,48,-92,5,95,42,-34,69,-19,50,-13,-7,49,-9,-73,77,-71,-68,-31,61,22
-55,21,46,61,-12,-39,-35,-26,76,-43,-41,53,46,28,94,-18,97,25,-97,-38,-24,-40,-67,-25,88,88,-96,-51,46,-19,18,-74,-44,-97,9,77,-88,16,-90,92,-17,59,-32,53,39,-49,46,-87,-34,77,-64,-73,-20,-73,66,-44,-31,7,83,96,-58,-73,15,11,74,81,22,0,-76,-45,-18,82,-96,31,41,92,61,-56,39,-77,80,95,-63,-54,100,-48,-18,-73,74,3,-74,-97,55,-82,-43,-1,-32,-46,45,-24,2
-68,12,74,100,87,20,-76,97,-76,-80,67,-23,83,-69,-34,-99,-80,-96,98,-6,-12,95,-55,-83,-73,-69,63,67,78,-82,84,62,61,73,49,-46,-66,47,33,-71,91,80,-93,54,92,27,-75,52,-92,71,-95,52,9,93,-20,-43,-26,-23,26,68,84,95,56,19,72,-56,34,-92,-28,64,-32,-83,-39,45,-27,96,-37,-4,-96,-82,-94,5,46,-92,-93,42,52,91,18,-89,-11,21,-62,-25,-8,44,47,-64,-98,94,-98
87,91,-34,-52,-55,-39,-87,-72,-5,-36,-84,-18,-87,22,21,-96,-79,27,18,-60,58,-70,-41,-84,100,-97,-78,90,-96,34,-70,66,-94,-5,27,64,-36,60,5,-55,100,87,-30,-10,85,34,-96,19,-20,-49,94,52,-33,-36,85,35,-91,-57,-22,-66,-35,10,-28,30,-99,43,54,-83,60,-24,-93,-24,47,-67,14,24,35,-86,60,-86,-19,72,43,-5,-7,-6,-93,-93,-66,-17,53,-35,-86,13,-88,99,-78,-86,84,-88,-26
44,-91,55,-3,39,-22,13,92,-31,56,75,90,-13,-9,54,21,92,86,20,-98,39,-3,71,-12,-49,-52,-60,-16,-63,-97,71,73,34,-97,26,-4,89,17,87,-97,7,-28,-76,31,-36,-98,-31,-81,70,53,85,42,77,78,77,-18,90,77,69,100,95,-73,-38,-14,58,40,25,47,3,-9,-8,15,90,-36,-36,-37,81,30,-57,34,-29,38,-24,-92,60,-3,80,-18,-32,-31,7,-74,93,-81,-81,97,-12,91,44,68,86
-97,-52,-50,71,8,38,-95,-67,20,-82,15,-57,100,-63,-42,50,99,-50,-76,-93,-16,88,-16,-21,-77,84,97,40,-12,24,80,91,-62,-5,70,57,-13,-39,-97,10,-4,41,-13,-37,-7,-78,-81,-66,27,-47,-73,85,-73,16,19,87,9,-64,63,-22,88,23,-55,57,13,76,0,64,-14,-97,17,88,-38,69,6,30,-72,84,48,91,25,-27,-77,-67,-36,29,-51,72,-26,9,-34,-82,27,-76,-33,38,-97,-8,-50,31,-76
42,87,76,76,-12,74,41,-45,-4,66,73,-43,-58,-22,-78,67,-1,-36,-65,44,28,26,-61,-21,-3,82,49,7,-4,-78,-52,-74,-92,100,-36,63,-70,-51,-100,61,60,-93,91,50,71,-89,45,-39,-21,-39,78,-13,56,71,-24,44,56,-69,-26,-4,56,-56,12,39,-59,74,90,34,22,47,97,-79,-84,88,1,-51,16,-37,-2,79,-51,-99,0,-41,-100,46,36,-67,100,41,76,23,45,-47,-1,-29,79,5,53,-56,86
7,-3,-2,-11,81,-3,96,51,44,-10,20,52,-91,-20,48,-53,-31,-56,-34,88,81,-38,13,94,90,-15,-46,-38,4,88,61,-84,64,82,-10,5,-41,62,90,-80,-68,64,-88,-45,87,46,3,-15,-75,-15,10,51,-3,-96,-91,20,32,37,-63,-53,-100,-83,10,10,21,90,-28,-96,-2,3,-95,6,-32,83,84,26,62,22,-38,84,90,-35,25,-5,13,-46,-73,82,89,-41,99,16,-99,-48,-97,-36,-52,-22,-71,31,41
12,39,-59,-68,8,22,-85,64,-87,-4,-46,-91,-69,-69,-96,-84,15,-6,14,-36,67,23,-73,-17,9,-16,-69,7,-39,-84,-32,43,-14,-53,-54,75,79,-21,-55,35,-66,1,-27,78,-45,-6,-10,-29,-91,-63,-47,1,63,57,76,18,37,-5,-65,-80,31,-51,-52,-29,86,-8,-32,39,81,61,-13,76,-37,-72,-53,94,26,40,2,40,-89,84,-71,-9,-75,-13,48,-90,-68,50,41,98,-51,-83,62,-69,31,85,-79,-55,-5
6,100,-98,-22,-20,-32,0,65,20,5,55,-53,-1,-10,19,-29,-4,-24,-44,13,-81,3,98,-48,-16,18,95,90,70,-9,-80,68,-12,-48,-4,91,-40,18,79,55,58,57,-39,-32,87,100,-6,75,94,47,79,9,27,-54,-78,46,93,-49,-45,-9,13,51,-29,-84,91,-44,-52,-58,5,-72,83,80,-85,-78,84,-2,-90,55,-71,22,-90,-5,-55,-77,23,3,-13,-24,-75,58,50,74,-2,-82,-8,37,39,40,31,11,-41
-1,17,-14,91,-27,-82,-59,83,-99,57,24,-31,-63,-85,-18,-38,0,-27,20,53,51,-7,96,-31,-92,-81,54,-80,-4,-53,-59,-28,12,74,43,-75,56,-70,-48,3,49,6,4,83,83,93,80,-99,29,-72,37,29,-32,53,49,61,19,7,-83,-33,18,38,-42,97,23,-75,51,-29,71,-74,-23,70,13,-16,-92,60,77,99,-4,74,-95,-100,-59,-53,-80,57,-65,-42,79,75,-52,100,-30,-77,9,-10,86,64,-62,-71,-64
11,39,-28,73,31,56,-9,89,-55,14,-23,-9,-93,-98,73,-88,84,5,25,-58,-51,14,-87,-32,-40,79,-25,-94,-99,20,-16,86,79,-6,-51,2,35,-89,-95,-20,97,69,-96,21,69,76,-80,-19,-42,70,-73,-5,94,-35,24,-16,-56,-16,60,63,-74,-94,-83,59,-45,57,92,-23,-10,15,-13,-31,-82,-41,-99,64,-85,-37,9,16,72,-73,13,87,49,-96,66,38,-93,-81,-17,3,-47,-21,43,-44,-18,63,0,57,31
-99,-59,-17,-70,85,62,47,58,42,-86,-85,18,35,-69,-68,-6,1,-15,88,-85,-87,64,99,-54,-39,-85,11,-52,81,42,-60,50,8,8,-84,7,-39,-99,38,74,37,4,1,51,-20,72,68,85,-42,-77,-21,-53,-65,93,52,-93,-15,-58,-25,41,-54,52,55,63,92,8,-38,-29,-74,74,-71,-21,-83,42,-34,41,62,14,17,23,70,94,-1,-29,-64,60,88,-70,-48,-88,19,2,-14,80,-22,88,41,34,-70,-57,94
67,81,46,22,5,38,-67,-10,94,-81,23,-56,-86,-11,41,1,46,39,-23,14,-90,-13,-26,72,-66,49,58,-38,-16,-20,90,84,71,-42,46,-17,42,90,-65,85,-78,-53,-65,53,94,19,-81,-10,-31,-96,-54,-8,7,-77,2,-5,-72,61,-91,-51,-100,38,-59,82,-62,-7,-69,-97,-19,31,-35,21,-90,-77,-78,-84,-92,99,-23,25,-57,-60,-65,-1,-94,-92,98,-2,-15,98,-36,7,87,40,-97,-8,-7,28,78,63,95
30,-72,-2,22,-46,-83,29,-82,85,-14,5,27,-3,52,-14,51,-43,-1,-98,-63,-99,-63,-77,-88,42,25,40,-99,-48,97,81,-79,-26,-39,59,-85,41,90,-16,62,-69,21,-84,-12,-67,-26,-52,91,-74,25,-52,74,-98,-45,26,29,-12,-43,-83,70,36,-30,-69,-57,82,-23,37,-30,58,-37,15,-43,57,75,-96,-30,-26,91,84,-10,87,-75,-2,-64,32,-56,36,74,-89,-44,28,80,6,75,69,48,28,38,-23,-37,-79
-51,98,65,-37,-57,63,-52,33,25,-90,-5,6,40,-60,9,-94,69,4,33,-33,-69,-58,-20,-32,-66,48,1,-46,-83,-62,-55,-21,-30,40,48,-15,6,13,23,-97,36,45,50,87,-50,-50,95,68,-20,81,-66,27,71,-50,80,42,-91,-84,-91,8,76,-56,66,44,-53,-4,-87,21,-48,51,32,-49,0,-63,-75,41,-9,47,12,-84,-95,0,56,97,24,3,-50,36,59,-28,-94,-13,-49,64,80,-87,-81,46,91,-13,46
57,46,-26,-92,-24,79,-62,-46,-7,-8,89,-88,10,67,40,-80,30,11,-56,-41,31,83,-93,30,-99,-43,-45,98,33,58,-84,-9,72,-13,-96,-74,96,-71,11,77,43,46,48,59,42,-10,85,41,-96,72,-64,-36,-73,-96,33,59,-81,6,-50,-29,6,9,-6,-30,-65,-58,47,-59,12,53,8,-24,-17,-13,-12,-28,-84,100,-14,71,-90,-91,-22,91,25,11,-57,-11,71,55,-54,-98,-55,53,-53,-92,-70,-22,58,-20,-70
-77,-27,-60,80,69,-73,-36,-8,-49,-32,-82,94,45,-27,-52,-36,19,51,2,11,16,-96,93,79,-51,-84,73,-100,63,-81,-85,-79,-62,93,63,34,-65,31,96,16,62,-34,36,42,-77,14,32,-78,18,49,-24,100,51,-9,-100,-51,80,-13,-50,-25,-73,-10,96,-82,66,94,-32,93,69,-53,42,38,62,60,14,65,-91,97,-59,100,95,72,-34,17,-65,97,-22,-19,-46,-62,22,86,18,74,-96,-98,-90,-53,-22,52,19
-98,-73,38,-44,-17,-83,-48,-15,-57,-5,84,-11,63,75,-2,-43,-78,92,12,91,-79,-95,-56,-94,-89,-99,62,-6,-10,-56,-39,-83,66,28,-64,-94,100,-84,74,78,-52,20,-57,64,-91,-59,-40,96,11,-24,5,83,-72,81,25,94,-9,3,-71,-33,-74,-57,27,33,85,-23,88,-63,13,-76,-89,69,-13,-98,-96,-63,69,-89,39,-57,7,-48,-20,-39,-15,18,98,64,57,49,79,49,27,-20,-41,90,-27,-91,-30,84,-28
26,19,-3,80,88,24,5,76,-26,-43,-29,17,-54,-1,-2,-20,84,46,-31,75,-36,33,-97,-56,-22,-53,24,96,-95,14,31,58,-25,-64,47,-30,-23,-23,82,-58,64,-11,-80,-5,-20,41,59,48,-79,33,1,-78,82,-1,-10,-68,70,5,54,-94,76,77,-25,-93,-84,66,22,17,16,57,-37,55,58,83,-53,-55,23,21,-18,-96,-43,8,45,-93,-66,23,2,-67,54,-78,-16,-66,-45,-45,30,-4,-81,22,73,-22,-55
21,-90,-86,99,100,-17,-89,-90,69,-22,-25,26,34,-55,59,25,70,96,10,24,-81,-79,-71,11,5,-89,-89,51,-84,-51,98,75,-18,-82,41,67,-7,-37,97,-19,-88,59,-72,31,71,90,80,-2,-46,-1,63,92,19,3,30,-23,90,-1,-86,-33,-3,-74,-20,-95,-35,-28,54,43,-58,-53,12,41,62,-52,23,-59,2,-48,81,3,98,97,56,70,68,10,-4,66,-53,-33,73,-17,89,49,-46,97,85,65,-56,-91,52
3,21,8,-97,60,-4,26,68,-98,100,-45,51,11,-1,-62,-27,-27,15,-10,14,-33,68,-99,64,93,-79,-46,-26,11,-23,23,6,1,-26,54,44,91,97,100,66,-90,36,-47,-70,-59,-29,23,-33,71,-52,-38,47,-48,35,14,-95,96,-67,-92,-61,29,99,-51,-17,7,-91,59,6,23,15,100,7,88,58,-87,54,97,55,-91,68,0,-1,-76,-11,-79,19,51,54,-95,-88,-11,-20,-96,50,-90,20,-84,9,65,71,5
-58,14,-63,86,53,65,23,-11,50,-28,86,-81,15,-37,11,-94,-63,82,18,1,1,70,4,-74,74,-50,-4,-41,37,63,15,60,-37,38,2,-65,81,44,-43,-69,13,-40,41,57,-26,-87,36,-74,-1,-26,-57,-50,-22,70,-58,-70,-45,-65,-43,17,-30,-30,-81,-12,-7,-32,70,71,-46,96,37,-89,90,41,-33,-16,64,66,-10,-13,-88,4,-10,-67,29,34,-80,52,-76,-39,82,55,-57,13,23,-19,3,-51,-95,57,13
-11,54,-84,64,-93,-72,33,-1,-89,63,30,-16,-7,-19,-47,-31,-97,31,76,9,76,-6,-31,6,-89,-19,34,-33,38,-4,-17,-62,26,49,-31,13,-2,25,79,-91,-30,-94,0,-7,-83,-15,4,-83,38,-89,56,25,0,-86,-89,77,42,-12,83,68,59,22,83,81,-79,65,-86,-52,95,77,-71,-100,27,34,-33,13,-74,25,97,-44,-27,30,96,-54,60,-58,88,-64,30,-83,5,-74,56,88,61,-14,-77,59,-31,92,82
25,60,-42,81,34,-43,64,-8,44,69,11,-100,-95,-39,63,55,-63,-29,-21,31,48,-24,-15,-31,-75,-61,61,-51,74,-60,-16,42,-18,-88,50,-99,28,-100,73,-62,-56,-51,-45,10,81,-30,63,15,0,-77,7,-61,-54,26,74,27,80,-31,-20,-45,-27,-20,25,-5,91,-61,-45,69,77,16,-3,-15,76,60,-83,-51,-2,-32,26,48,56,66,67,-46,89,-8,73,-7,4,-12,-84,1,-69,78,87,-59,24,55,-38,64,23
35,-29,-100,-51,38,13,-94,-13,28,97,-60,-59,31,90,82,-32,-87,-61,58,-73,5,-25,51,-94,17,40,-74,-12,-68,-57,-87,-46,-45,50,-97,11,68,-85,-72,-58,70,-65,47,10,54,-37,84,92,-32,49,-13,-87,17,-98,-8,92,96,-55,18,-79,-60,-53,40,-100,-7,-65,13,54,5,-75,90,-68,-17,-72,-73,36,12,-40,-39,48,56,35,55,85,-91,-5,-63,-51,-44,26,-55,-56,-100,59,62,84,-63,50,-3,70,-18
47,-16,-76,63,44,-64,71,-35,64,89,25,-98,-2,68,-89,-7,96,-15,-51,-68,-97,90,-37,25,70,-57,66,-91,60,-88,17,-30,-63,89,3,67,-29,-73,38,-10,-15,-3,-46,-81,-88,44,-52,80,-44,56,6,21,-58,15,-24,-85,57,76,66,-100,53,-56,80,-35,-49,20,-49,9,-51,-51,15,-1,-43,-29,-28,49,-69,2,-46,15,-51,43,-42,55,2,-37,35,8,68,75,-24,70,4,4,71,92,71,77,0,43,77
86,-47,76,57,-22,-42,1,33,29,-90,46,64,1,-53,-14,-65,-14,50,23,77,-11,21,-88,-97,-23,-22,97,49,59,87,96,-49,-18,12,-55,75,5,43,-77,22,57,35,-41,73,83,45,-15,10,14,-57,43,66,38,14,76,52,67,-52,-36,-54,73,77,4,-85,-48,-29,-27,-42,12,57,91,41,-44,-43,-77,-30,-64,-3,2,-27,-55,51,-70,-37,80,79,-78,-2,18,67,95,-19,37,-88,74,-21,34,78,71,34,-40
47,-71,-8,-98,-11,63,-81,82,-90,14,15,56,-72,74,5,-79,-85,59,80,38,94,-80,55,-71,34,-68,84,-4,3,-14,83,97,43,12,7,14,-98,89,76,11,92,26,-57,27,-24,-90,-11,76,-30,-65,-41,32,-24,34,-8,64,69,-55,20,-27,-39,59,98,61,-96,19,31,19,53,18,-18,-3,42,-81,26,-46,-85,-90,33,-8,76,44,13,46,-45,-63,-48,-45,1,66,20,-89,-71,86,-79,-65,-55,71,24,58,72
100,-81,99,66,-16,0,-45,-44,6,-22,24,48,-55,-78,-64,-87,-76,60,51,-94,-86,-52,-35,62,74,-99,-51,-37,38,27,52,8,-7,67,-84,-69,-65,-81,26,-61,8,28,22,-25,1,84,18,47,-95,-58,99,63,-51,3,72,-92,-19,-87,-9,57,-48,65,-97,19,-44,-35,-51,-49,-92,91,95,12,-88,-28,80,32,-65,-21,-90,14,29,-45,26,-87,86,-16,-43,-76,48,9,99,-80,29,5,-97,23,68,15,36,16,49
96,64,3,-39,27,65,-5,-48,-17,-12,-47,-11,-41,-74,-13,18,82,79,-17,57,-46,-52,-46,41,48,-50,89,48,-33,-92,-29,-83,-34,86,82,-22,-6,-13,-33,-47,70,-99,-62,99,-6,-20,-27,-76,6,-3,52,85,-45,34,13,86,11,79,72,81,74,49,-49,50,-77,-13,-7,63,28,-76,-50,62,-70,-22,-73,-47,45,80,-63,-68,-23,58,13,-74,30,100,-31,-58,66,6,-72,23,5,-54,32,-82,39,28,-96,10,-72
100,-95,64,-91,-4,-49,-69,-72,1,-43,-5,67,-84,75,-32,19,25,15,13,-65,-33,-94,37,1,-7,-27,-25,-29,-84,77,-48,9,67,84,-71,63,47,81,-67,-54,53,17,97,11,52,-77,92,7,73,44,44,97,6,-7,60,23,81,-69,-28,-35,43,-42,-83,55,-87,0,-19,19,70,42,-79,-32,83,92,36,39,35,89,-58,93,-84,46,90,87,22,-5,31,11,30,-49,83,37,-78,-42,73,-93,-33,87,36,79,94
8,-23,42,-17,72,-54,-2,42,99,-83,11,-8,-48,66,97,97,73,100,42,-50,-96,88,-43,13,34,0,-5,51,-10,-38,-97,96,66,20,7,-42,-100,43,1,25,-72,36,88,-47,-3,-76,-73,-95,32,-83,94,10,64,30,-7,-3,-97,-81,48,52,-16,-1,-13,-92,91,-43,20,-31,-54,-28,78,66,15,92,-27,-60,-90,-21,-93,15,14,54,-15,22,15,-77,87,14,-37,36,81,-6,-46,79,-63,-27,14,14,91,-28,-98
-96,-24,-66,-31,-41,-67,-55,-13,13,71,-39,11,71,-66,-9,-10,69,-43,-66,-65,-94,-37,-47,-58,22,26,50,70,49,36,20,-2,68,34,-43,-24,-3,-19,-36,24,35,-67,-8,35,11,4,-92,88,-90,-2,-1,-88,8,10,-53,69,-98,48,-97,-21,35,94,-26,-36,13,82,3,48,6,80,8,57,-28,-67,19,-54,6,6,31,84,22,53,41,77,-41,-41,-94,25,7,-21,88,-13,-22,-79,89,5,13,-71,27,30,25
-75,-27,-58,-48,51,56,-65,62,51,-84,-41,62,83,3,22,54,20,73,-43,71,93,-91,15,95,-90,41,-2,79,95,-100,-50,-12,-100,-76,-47,-62,-44,-100,29,-95,-89,-99,20,-9,-47,-30,-78,97,6,67,-80,-2,-74,35,-34,65,65,0,28,14,-84,1,50,4,64,36,27,40,25,-37,-5,59,-85,-5,7,36,73,-3,35,94,-5,-79,-12,72,81,-87,-66,13,-65,-56,9,-57,87,-65,-11,-76,-75,-73,71,14,12
-64,67,-59,-71,-47,74,-44,-52,23,-15,-38,-14,-41,-74,-60,17,-61,-29,-5,8,-45,-61,53,52,-92,31,-36,29,-39,-51,12,51,-39,-17,87,-61,88,-39,31,45,11,-86,-70,62,-28,-42,-65,63,77,-7,56,75,46,-96,50,-74,-94,19,-18,-39,78,29,-17,-76,-79,65,47,45,-55,40,-8,22,-11,71,-51,-76,-29,69,4,-56,2,22,-75,37,-86,36,-59,-68,95,5,-22,-42,82,-29,-28,-53,-68,53,40,71,36
12,45,-53,69,31,-56,-52,3,7,58,-63,99,-67,90,4,4,9,-67,59,-43,-82,-49,26,-1,-86,-97,-42,-44,-33,55,11,23,76,-31,-76,90,61,-92,-62,-25,81,27,49,32,-7,-54,63,-43,-70,-42,20,-79,32,-75,19,-29,39,57,33,-18,-24,-5,-43,-23,70,-23,92,-91,10,-62,-23,59,40,-81,50,-57,-88,-40,-22,15,-2,81,30,-19,-66,41,71,64,24,72,-68,58,37,-85,-50,-100,60,-38,27,-26,-70
-62,-67,63,89,-43,42,-27,-14,-92,35,-63,21,-66,-54,42,55,59,16,-51,-4,-41,-48,-8,-21,32,-32,-36,13,7,-22,42,-4,6,98,-89,-60,70,-100,-100,68,8,60,99,61,-78,-96,26,70,78,-61,50,-76,85,46,-9,43,-27,79,-32,20,65,100,34,88,42,13,5,2,-17,41,-73,-51,98,51,-84,-90,42,72,-27,61,-28,61,-63,-51,-94,-42,99,55,-11,13,40,72,-36,66,7,51,83,3,-80,85,81
-39,-29,-30,59,-38,71,61,-47,-4,-22,55,-17,-93,-48,-35,99,-87,-12,-53,40,-14,-43,7,71,74,-63,89,-9,-85,63,75,69,86,-13,-17,-17,-92,-58,34,-33,-49,-68,-72,30,63,24,-4,-44,36,83,32,38,19,21,-30,67,60,-74,-1,25,-90,1,60,9,88,-39,-23,-41,-98,-11,-91,36,5,25,58,-60,59,-72,-94,-22,-60,-38,77,98,69,71,-9,-15,72,-44,-28,7,22,86,-32,14,-57,20,-51,10,-45
23,-2,23,-50,78,-19,40,62,28,74,-95,-40,27,-1,-88,39,19,-39,-16,-57,-7,17,2,-74,0,98,27,-43,22,-39,40,66,-7,87,22,7,-53,49,66,68,-8,-96,29,-95,22,48,-58,13,40,-50,26,60,41,-41,-99,19,18,-13,53,-49,46,-20,89,8,88,-71,-73,80,65,-30,-8,-49,41,-91,-54,31,27,-48,74,-16,50,10,99,-96,38,21,71,-3,-39,62,65,56,36,-89,32,35,-61,-32,-94,-30,2
-6,-76,-77,-46,-31,-8,86,69,-75,-68,-35,38,13,-48,-40,48,96,-3,-5,71,-14,-11,-43,-86,23,11,-89,-65,-25,-50,-91,-23,27,-87,37,-4,85,-54,69,69,78,54,-65,-47,55,-41,-44,73,79,-4,-84,62,-69,35,-23,86,-85,6,43,27,-36,-15,-87,21,84,13,85,-80,-20,-3,-92,53,90,-46,73,72,93,70,43,-47,-67,-9,26,-95,87,-32,20,48,52,44,-40,35,-33,-96,31,-32,-27,67,46,-77,-50
-43,20,-61,63,-100,88,1,-12,-10,13,-32,-45,-98,10,-40,-96,6,86,-90,25,-69,81,-69,-76,87,-82,31,-7,-61,-21,-55,-80,-42,37,-35,68,-15,75,31,32,-26,50,62,-100,-38,96,-59,84,-54,-2,19,34,67,70,-82,-100,-34,-84,91,33,-22,50,68,-35,24,-58,20,69,-8,43,-49,-6,-32,-75,37,-63,24,31,27,9,44,-13,2,23,-30,96,-29,-82,24,68,-38,-48,45,-72,9,19,-91,81,-20,15,42
-36,-19,-81,57,63,27,90,-45,86,49,-40,4,-13,-98,28,-21,26,31,-93,27,-3,-53,76,33,54,-98,-16,-53,48,-81,48,-76,56,-100,-64,81,-46,24,-37,30,-22,20,84,-57,-3,12,-6,68,66,-83,-13,43,86,60,16,84,28,30,-17,-92,-62,73,18,33,74,-53,38,81,-98,-81,62,71,71,-66,-94,68,11,41,-83,-8,-72,-14,-22,90,-92,40,95,70,90,-32,66,82,30,-38,-10,-5,-8,5,-87,71,76
65,-53,46,0,45,98,47,91,13,-87,33,50,56,-39,-24,-90,43,85,-94,67,-30,-86,-17,87,35,-46,-41,-49,79,46,32,32,-79,-93,-22,-8,63,100,-99,72,-61,-65,-88,-85,77,57,71,-24,-48,9,-10,97,-53,92,-87,97,62,72,-74,33,21,-97,-76,-98,-20,63,77,-3,71,-67,-15,-4,60,79,67,-17,49,-16,-26,90,-95,21,-42,74,-27,-59,-29,-78,32,63,31,58,23,-38,0,-78,69,76,5,37,-69
24,-85,-67,-99,65,-43,-10,-69,46,-60,-83,-21,-84,60,-47,-52,78,2,-8,36,-88,5,30,-16,11,-59,-70,-62,80,-93,-6,-57,-93,-5,-61,77,-92,51,89,53,93,20,87,52,25,-81,-22,50,98,-35,-38,14,-78,-60,-50,43,-1,-32,-65,-11,35,-60,7,-28,94,-10,-61,-73,58,44,-4,-55,81,78,-35,-39,21,-15,98,-12,-38,38,30,-75,-45,83,62,-74,-13,91,-91,76,-74,80,63,-38,21,-80,75,-88,-48
-53,-97,-25,-77,60,-22,-1,89,34,-58,76,-10,9,-68,-62,-27,-43,91,-71,18,-19,41,-13,-53,13,-31,-96,-70,89,-39,72,-19,-81,6,-83,-60,3,-83,9,-70,-16,-28,7,-52,-80,-25,-16,-62,-18,98,-15,-49,-5,-23,48,-15,49,25,89,-44,37,58,82,74,-96,55,64,-95,-80,71,81,-37,-67,59,96,-39,-17,-28,-99,3,-87,15,69,65,50,-75,-71,53,84,92,-18,-67,-78,-69,41,-52,-16,-3,58,23,-78
-24,-61,-29,-69,-43,-44,92,-94,-1,-66,-66,100,-47,-50,-84,-26,-92,-93,-70,21,-24,4,62,16,11,35,77,2,66,-68,53,-3,7,-94,-10,63,60,-75,60,65,-20,-32,-81,2,-41,20,47,1,65,16,-81,44,-63,56,-65,-91,24,78,21,-74,86,-26,-70,-5,9,9,-66,-90,-29,-67,46,-79,-11,73,16,-13,77,7,96,-19,83,16,-57,29,-9,-69,-80,78,-53,93,46,22,22,36,24,-35,54,94,-65,87,68
-85,62,13,-33,-9,79,46,-61,-96,99,-77,-7,34,44,-14,-38,-100,58,47,54,44,-38,-21,97,-99,-59,100,65,97,-64,48,75,85,24,87,34,70,92,6,1,-89,37,80,53,-47,-26,73,-32,62,69,-47,-10,29,17,-39,25,0,-53,-81,47,-5,-96,-36,20,-43,-79,-53,35,-23,13,-91,27,72,12,67,0,73,-39,-76,-82,27,-38,54,-90,88,-76,-91,-75,81,-100,87,31,75,44,-85,-64,63,94,14,-51,-84
57,-98,26,-8,-71,98,59,78,-43,76,84,3,22,100,-19,3,-23,66,-64,64,36,90,64,-54,-32,43,-81,-91,-39,51,21,-69,-14,93,-41,-94,59,55,2,-71,-52,71,-34,-88,91,26,-78,-14,46,-46,-15,-21,-39,-25,-1,-4,-22,50,82,39,37,13,78,-45,29,-7,82,10,63,-86,-41,-27,91,-65,20,58,40,52,-29,89,18,15,76,11,48,-74,98,-60,50,-100,-26,47,83,69,-7,-48,49,31,19,-93,-97
-68,83,-19,71,-25,-51,62,66,39,-7,73,-22,34,-38,59,-5,-4,42,11,31,-41,-54,64,12,9,-99,-32,62,-3,62,37,-33,81,74,51,48,60,-13,-95,-96,78,-66,-21,0,-4,-9,33,-42,-76,48,-57,43,4,80,-8,-59,-67,-53,88,99,21,-58,27,-56,-9,20,9,74,-88,94,31,50,85,-52,-88,91,80,32,-100,0,17,32,-99,98,51,61,81,81,-83,8,-96,-7,24,-93,-31,-34,-44,-44,-39,-52,29
-80,71,26,-48,77,-71,-48,63,-68,-92,-41,62,22,-81,-45,53,94,-10,60,-83,54,-28,-29,59,-36,-25,56,-79,-86,-67,-76,-44,89,58,12,82,-30,-80,-21,-65,56,-33,99,-29,17,95,46,90,-72,51,8,-70,12,83,-58,-49,6,51,0,-25,28,-94,4,-63,6,24,-79,-96,-8,-42,-89,100,-97,-59,-26,-34,74,28,-52,-58,-55,-49,-73,-12,-28,-89,42,74,-29,-62,92,39,-2,5,94,-47,-21,14,-67,83,23
-18,-6,-60,36,-52,-40,-20,-92,11,-79,-30,16,58,58,73,-89,-55,-58,-23,-15,-23,24,-5,17,20,72,47,-24,64,-75,17,76,-20,-48,-93,-49,18,-57,-26,-83,-52,78,10,25,-41,70,54,52,-85,76,49,-19,83,77,-59,-4,52,-48,-84,-35,-1,75,44,87,-68,41,-93,-61,84,32,-6,89,-73,6,18,-68,35,44,-2,48,22,-97,-92,36,-83,63,34,69,2,67,23,74,44,-92,-26,-51,-93,-67,75,-94,9
-83,-81,-74,-87,-9,77,-40,71,-77,-67,46,10,-49,-58,62,46,14,66,32,12,-55,88,13,-18,-98,-83,56,-23,-46,-52,96,-61,87,78,51,69,26,-14,16,-60,-51,-87,-82,82,85,-61,-71,-93,15,87,61,7,3,-5,88,-57,51,75,80,-87,61,-49,2,-64,-76,66,-24,-16,92,84,65,-96,22,1,-18,59,28,-60,28,-84,35,68,-30,-67,-52,-61,80,-23,44,-44,83,-81,9,68,49,79,-92,-71,94,18,81
83,-43,51,-76,88,12,37,88,53,54,24,60,77,41,-75,45,21,64,80,68,-59,89,-92,83,45,-55,40,81,-51,-68,-2,-56,-99,79,-42,8,30,26,-70,-10,22,-91,-8,-27,-33,76,15,-68,94,-10,65,-74,-57,85,62,-77,76,28,-24,28,0,-73,51,-68,17,61,-13,-55,-26,59,79,38,-32,-71,7,-16,-2,36,51,-71,-78,59,-72,7,-2,-96,-33,-47,-95,-11,-6,-30,99,-76,5,-21,91,30,-88,70,55
93,22,86,92,-87,66,20,-26,-45,-19,-52,-90,73,19,70,14,64,15,-51,-83,87,-52,12,-4,5,19,-20,-8,41,83,23,-51,1,29,2,62,69,96,70,27,-50,-79,-81,-4,-66,-26,70,-42,87,-24,58,83,94,17,94,-72,84,-47,-24,-41,35,-59,36,37,-21,71,-53,-41,-86,79,38,-38,-54,-21,-6,63,-62,5,-9,-61,26,-22,-39,-89,-90,-62,-16,24,-4,91,-88,11,23,12,-7,60,73,61,-27,68,13
19,13,-6,-18,-17,-8,38,-76,83,-95,76,98,-57,-74,21,-91,58,92,54,67,29,-54,-42,-87,-8,16,87,-65,98,26,36,-55,-56,86,76,20,49,54,87,-93,-71,-15,92,21,-69,-46,67,-85,-94,73,-25,-13,27,-97,33,-38,-56,-23,56,-41,25,-99,-81,43,93,-52,98,68,71,-8,68,26,33,92,-55,62,79,-51,-2,-64,-7,-67,8,-17,46,-43,-99,30,-33,-31,89,-37,-68,42,-96,62,-7,-34,67,-100,-68
-20,-21,-40,-88,-68,-91,-59,-71,-9,-95,88,13,-54,5,-5,27,83,-96,87,50,-33,-21,84,26,-35,-15,81,-80,14,1,-6,-91,-25,25,-16,-76,86,72,77,92,-31,26,45,71,-92,87,22,-64,69,-7,-35,-56,1,8,40,37,3,18,84,14,82,-47,-17,-48,78,17,53,42,18,16,-8,18,-67,23,-24,76,-68,-98,-80,-31,-5,95,-86,24,-78,-46,-92,42,87,-67,86,-50,-85,4,-55,39,-71,-55,92,31,-20
-46,14,-53,85,-37,-79,-58,-37,19,72,0,76,7,-99,-99,-83,24,-46,-86,76,78,84,-90,-1,82,-28,75,-91,89,-76,67,63,62,-82,-36,-34,7,-40,-56,61,-68,92,-66,-99,-23,6,-10,12,68,-53,22,-37,-58,-51,41,66,-25,56,-55,-88,54,-65,-66,91,-53,30,-99,-11,-3,-63,38,4,-51,-79,-89,2,41,29,-56,-39,-90,96,83,-77,46,85,-47,-65,-14,-51,-46,-45,-57,63,57,-3,72,68,-72,78,65
98,45,70,64,-18,88,99,38,-98,-15,60,96,-85,79,12,-93,94,-14,61,-78,-62,-17,44,44,62,56,20,-59,68,75,69,41,55,-40,86,10,33,-95,-70,-9,-82,-3,4,25,46,66,92,7,-6,-79,60,40,-22,-39,-64,-47,62,-55,-17,-57,-83,41,16,59,99,98,69,-21,-34,92,25,-19,38,-70,-24,92,68,31,72,-93,16,-83,-96,15,44,16,-92,57,-32,23,47,-36,99,-46,87,-17,-33,83,76,39,39
-8,-46,-3,-99,23,59,32,-94,-23,-51,-58,4,-39,-21,6,29,45,17,-76,-95,38,94,-20,75,-88,-89,69,63,3,58,-47,65,39,-12,31,55,-68,53,37,55,59,75,98,5,92,97,-23,-63,14,-9,76,-31,68,-12,-64,97,52,-7,-94,36,75,-60,29,85,-55,4,90,65,2,-31,-78,-22,-37,81,90,-54,55,-61,-50,-4,4,89,38,82,-78,-85,62,54,73,-55,64,-48,46,29,45,81,95,2,-34,42,8
-57,-57,-64,-3,77,32,-5,-100,-56,69,28,87,88,-4,14,-94,-29,-33,-64,51,45,-79,94,-89,57,-73,-12,23,-8,85,-3,-10,-18,37,-21,-55,24,-57,-8,78,28,57,-18,49,-34,22,-51,-71,-86,-2,-15,90,58,-69,-57,-29,43,7,-75,5,-86,-66,70,10,-82,56,67,-85,-3,-19,-12,-22,18,43,48,-97,-25,-49,-66,33,75,44,57,54,90,-16,16,-6,-87,95,33,67,-84,43,30,24,-72,60,-76,-4,-99
3,84,99,40,64,-1,34,23,-79,41,-40,-37,2,91,100,-86,-34,62,-38,-91,57,-22,4,95,73,-61,11,64,33,100,-45,-70,-87,-100,-16,-48,-35,-47,23,-97,-56,83,41,41,23,1,-19,-24,6,20,68,-73,61,44,-83,96,-19,47,15,55,9,64,-25,-12,-88,21,91,41,16,-85,18,-85,19,-79,-38,-91,-63,25,47,65,-1,37,-48,-77,66,13,56,53,-12,33,-58,34,3,74,4,-49,97,-43,2,-98,-33
-96,24,68,50,97,72,97,89,32,21,91,47,-1,78,77,-99,33,14,71,97,50,-24,-51,76,-11,27,-54,91,-33,71,59,84,-63,93,-50,-38,-27,-97,-99,37,-57,-35,26,70,-55,81,80,31,87,36,-64,40,-6,90,87,-93,59,-30,35,-80,46,44,-96,0,30,-14,62,-37,-17,1,-42,93,-89,97,23,57,-18,49,36,-71,18,-21,37,85,2,-77,87,-40,14,-86,27,-17,84,-12,73,93,98,-34,-27,24,-3
33,-14,80,-39,-42,-91,23,75,-45,64,-24,85,56,62,-23,5,-62,-62,32,56,77,22,-9,-16,-98,-87,-33,-89,48,-41,22,66,30,-3,6,-77,-43,-59,-76,-86,31,16,-51,-63,-75,80,0,-13,71,2,-87,-82,36,9,-52,95,26,-24,-1,32,77,36,-75,92,59,42,-96,-93,-4,-81,21,-4,-19,-18,31,84,-38,84,-67,-84,44,-66,18,26,56,24,-74,-49,-73,15,72,-91,21,-2,71,35,7,83,96,-4,-18
31,84,-76,-15,87,69,5,-81,-73,92,-81,66,13,-5,8,54,8,67,32,62,26,-38,1,-17,4,77,3,73,-42,73,-100,23,84,62,-63,-31,-95,-79,10,42,-42,-24,-90,51,-63,-99,53,62,-6,86,-40,-31,12,55,-53,39,62,65,86,-95,-16,83,-100,17,-60,-3,65,60,-6,-57,-99,12,-26,-21,-61,-33,-4,-62,16,64,-28,97,89,80,-40,51,10,19,0,-98,-47,-11,31,-62,88,-43,-4,-54,48,4,-37
-20,62,-38,-68,-46,-42,-47,5,51,-36,35,-37,-92,97,-93,51,100,-33,-51,-14,65,-96,35,91,-30,16,17,84,87,-14,8,-38,61,-36,-55,23,12,37,26,12,-60,-27,75,56,-59,96,39,53,-71,-32,-61,-45,71,-64,45,43,65,100,-100,-35,92,0,-79,-91,57,98,-53,63,-81,-92,-22,70,-73,53,-81,62,-5,14,-94,-63,80,25,-96,-26,-74,-78,-75,-67,40,-16,39,47,58,15,83,95,80,60,-29,-72,74
-20,38,38,99,-30,57,60,34,-83,94,57,-21,-86,-14,-40,-62,95,-32,-86,5,-65,-57,-46,-65,-52,37,75,-21,8,65,55,-4,13,-91,75,-51,45,-87,54,19,50,-11,-1,1,36,-44,62,-5,-4,-16,-14,26,-35,52,67,89,-59,31,-97,25,11,-71,36,93,-45,-21,-58,-19,100,26,95,-69,6,78,90,69,8,98,100,-8,55,1,60,81,34,-16,29,29,57,-74,22,14,-88,26,1,26,-85,66,42,-75,-53
83,64,-11,-57,69,4,69,-93,59,25,-67,-22,85,60,54,40,-66,31,78,-7,4,-91,63,71,-20,15,30,-35,88,20,-33,-29,56,-96,-54,-68,-89,-99,-24,-21,-98,92,-90,-10,-19,28,39,-57,-39,38,68,58,-90,-99,-65,-65,-73,29,65,-87,-34,47,5,-89,-12,-13,-59,-1,-42,23,64,-17,-33,48,62,86,-51,-67,-3,23,-35,99,14,-6,20,61,34,80,-23,-35,95,98,51,60,21,73,35,-96,23,-77,-91
-47,65,69,-88,35,46,70,-72,34,69,20,-86,-43,-40,-22,41,-64,-17,93,95,-6,-15,-57,86,-37,-79,86,56,33,77,-24,-86,32,47,86,55,-69,-31,70,-81,93,-87,84,18,9,7,-27,-65,-56,-75,49,-87,87,82,63,-83,-43,-47,42,82,-17,-14,92,-59,-79,51,-70,8,-25,-10,-85,6,46,77,57,-1,-98,24,-13,-32,-14,71,32,-71,-98,50,-68,91,-67,-16,-93,-33,67,83,81,99,65,8,-96,75,-86
90,-88,-98,85,-75,-63,-27,-84,44,-49,-88,15,-24,-4,-44,75,34,48,100,-49,-60,-26,-85,98,-11,-64,52,40,96,-93,-100,-17,-31,37,-57,-65,65,59,-59,-70,-80,-42,1,87,17,-37,-58,-45,24,-51,49,-62,96,68,52,-30,75,73,-20,46,40,61,-48,57,23,93,-11,70,61,-58,-6,39,-8,-15,27,-36,54,-72,-85,-86,-81,-99,54,-96,-4,-100,91,-14,5,41,-52,-87,39,41,-44,-24,96,-75,-32,-60,-95
65,-79,-44,-3,36,67,-29,40,56,3,72,-35,-29,-27,-69,60,54,34,-61,85,-88,18,-37,16,78,-5,86,84,-37,-100,27,27,43,71,97,-16,-42,93,44,53,7,-100,-12,75,52,-75,44,-49,-29,-93,-24,53,-74,33,9,72,-22,58,17,-68,42,59,-43,18,14,90,-9,48,40,12,15,-96,-3,41,61,-34,30,11,-53,-90,-65,-48,57,-19,-68,-73,-34,-85,-96,69,-49,73,-69,31,-91,26,37,4,-2,93,-3
-4,85,45,40,-19,-91,32,22,76,-68,-30,-21,-37,16,73,-67,76,-84,-40,68,-59,-78,-84,70,-44,53,31,18,-82,7,-2,-86,9,43,50,-90,-6,-14,-50,-74,47,14,50,41,-40,90,63,-78,-43,-36,-57,22,-27,39,-14,57,-2,89,64,-100,32,-87,-57,31,54,-100,-35,100,9,26,77,-67,-51,16,-5,3,-96,-63,86,30,-6,-91,55,-97,91,48,97,19,9,-57,-5,-45,-88,-43,-15,56,95,56,-87,-92,84
64,-96,-38,-87,46,-24,14,51,-90,-49,38,84,-56,-92,-88,-89,-61,-23,19,-48,96,66,34,85,39,57,-89,75,42,-40,62,90,72,-88,-18,26,3,-82,4,-87,64,-44,-73,22,-62,44,-100,-53,-100,80,-80,73,79,14,87,90,15,74,56,-69,-10,-11,30,52,-60,-82,-65,-49,97,-61,-6,-22,6,-92,-49,42,-72,-12,-81,4,8,-38,-83,-27,1,44,86,-9,99,11,42,-42,29,6,48,99,-28,-33,-52,75,41
-33,-18,18,-23,62,-1,6,-97,-28,-53,66,82,-99,76,59,67,-20,-37,-52,100,-71,-25,-79,-12,-49,79,-40,-78,68,17,-4,94,-60,3,-100,-81,-21,31,74,56,-33,-39,59,34,5,-41,-72,-68,-33,36,-92,-70,-63,-16,35,40,-88,68,5,-59,88,74,-13,93,22,-69,11,-50,79,15,-70,-88,20,-10,68,80,59,74,0,-63,-32,27,-67,-56,-1,-87,-64,-24,95,-18,94,-71,15,10,67,-76,-94,-86,77,-93,-59
-7,32,59,61,6,43,41,10,20,51,0,6,-90,-35,-5,19,-44,-43,66,-40,-17,94,85,69,-24,-75,-13,-94,-47,-93,83,-71,-9,48,-94,63,50,90,-93,54,56,-98,-1,-20,-90,94,-44,-77,-98,55,99,-66,64,-16,-96,-52,42,-16,52,79,-90,-50,-94,53,59,92,19,56,-96,-39,-33,88,-82,-11,35,50,-83,-47,67,-48,100,94,-32,100,76,-89,-89,71,-27,16,-67,-50,-62,-39,25,-11,30,19,22,-72,92
-85,68,62,16,-90,-83,-34,-54,-83,-93,74,82,-1,87,-27,-26,-43,-96,-46,89,-28,84,93,-55,43,68,-60,-78,-31,77,-77,81,42,-52,25,77,-4,57,38,-4,96,57,-68,-65,51,-5,-54,57,16,67,24,58,-84,-15,23,-85,75,-10,-16,-44,-47,-45,-31,-99,24,-13,79,41,-66,7,-63,-67,-83,-99,22,33,-69,-63,-56,-45,-87,67,14,-12,-28,-8,-81,100,93,-72,-89,48,-88,-94,2,94,73,84,43,98,-55
94,18,-79,0,-60,41,-96,5,0,-65,79,-100,23,-2,81,-14,-53,100,-19,65,89,-71,41,59,86,-23,-63,-15,62,59,49,-94,81,39,-41,-21,9,56,77,37,-58,-51,-36,-85,-56,-26,-54,44,-30,36,71,22,-6,52,-28,82,60,-76,46,-61,8,69,-91,27,59,-88,10,-33,-31,-89,-96,71,-86,-57,-100,-68,-9,90,-45,-93,68,-98,-67,3,2,27,-9,-10,70,-16,-65,-94,29,87,23,-85,-89,-15,-12,15,63
-64,14,44,49,83,48,50,43,70,30,79,48,-8,-6,-85,92,-99,-19,71,73,20,-65,42,-43,75,76,32,-46,-26,-48,76,-13,1,21,-33,86,88,-34,31,14,8,40,-27,42,5,39,43,-25,-79,-72,-14,-63,-20,20,-6,92,-26,79,-60,-42,-50,86,-39,93,30,-62,64,-96,64,-30,-77,29,-10,3,-61,2,61,85,-96,46,93,-5,36,96,87,62,25,18,66,74,56,43,-89,-82,-96,23,81,20,94,-73,-14
84,-5,0,-71,-28,56,-71,5,21,33,35,4,17,-6,-35,-67,51,49,15,21,-22,26,-93,37,-95,-95,59,-94,-13,13,71,-11,-53,38,92,1,23,73,-12,56,-13,-46,32,-94,42,64,-28,87,-65,75,48,-51,-37,95,-41,-8,-91,66,88,60,69,-44,-76,83,-58,2,-99,-26,-21,68,-7,-33,68,-63,-75,49,88,26,-46,12,-22,17,-30,7,-73,-85,13,98,48,-48,-78,-35,-56,4,-80,35,35,-81,22,-70,63
13,28,54,-69,16,-76,-93,44,17,-3,-40,90,33,16,-70,72,-43,-1,80,86,10,-9,-45,20,48,-81,37,16,67,22,93,88,-46,-23,94,-90,-87,21,28,98,2,-21,37,65,57,-65,-2,49,-18,-7,31,-78,74,44,17,-61,-27,58,46,-57,8,-77,3,-86,-29,-68,-77,41,-21,15,-62,-1,-5,-60,85,31,100,-97,-26,-61,48,-3,93,7,-63,61,42,-92,-21,67,45,-24,47,-93,-34,3,-94,-29,39,-19,22
63,-70,-75,-36,-57,-13,30,-68,-74,82,93,-46,89,-41,75,-61,56,11,4,97,-33,69,-88,96,-4,81,56,18,19,-76,80,-82,-59,-81,-29,65,-22,71,92,47,6,-89,91,57,-75,-71,36,-58,-40,-85,-93,-87,-94,44,19,-28,20,35,41,-16,69,-36,-20,-9,76,-54,53,18,10,-86,-14,92,43,30,100,-65,29,-53,87,47,-73,-92,80,50,58,-56,75,-71,29,-21,54,-43,2,28,62,7,-9,-16,-74,-84,82
80,-48,-30,18,33,-31,-56,-90,33,-49,-79,0,35,-39,28,83,20,46,-57,30,7,-32,-38,74,65,-87,-4,-37,6,-49,67,-63,-31,85,-6,-74,-81,72,-13,-12,-41,33,-57,-93,-45,4,38,-8,-3,89,-19,55,-44,50,41,8,77,-72,-72,15,-16,-89,-100,75,98,14,-76,-71,53,84,-32,70,-57,16,97,71,-29,99,11,-94,61,18,-44,-43,-23,-94,-48,35,-60,-33,-67,-34,-85,18,98,-1,62,6,-44,-1,93
33,31,-74,-7,-12,46,-32,-7,-98,-5,92,83,10,-64,21,-37,-79,-14,-12,18,-86,-42,32,81,-20,-57,-43,-100,-87,31,-85,63,-30,-51,-32,19,74,-45,64,-93,11,-74,-80,-42,37,-35,-23,48,-32,-43,70,-54,37,31,-98,34,-84,-17,36,-19,-71,29,94,75,41,71,-21,-33,-68,-67,55,65,49,-62,-5,78,80,56,27,-99,-7,-46,-32,16,-39,0,-16,-96,-24,-3,-79,-52,-70,-56,47,59,88,-92,-66,24,-89
-1,76,-56,-52,-5,8,39,45,57,-12,-9,-36,-15,58,-25,-44,-37,-29,39,-38,-75,27,-23,-100,100,25,52,-72,-13,-29,4,-38,24,75,-21,44,6,-55,-73,36,73,65,-85,32,-71,93,-97,53,21,38,-88,-14,-56,-100,4,-47,76,99,-19,11,25,-81,-82,82,54,71,8,25,62,42,46,10,100,-53,6,14,-76,-100,72,-94,-40,-36,58,-13,-5,64,-94,34,-14,-4,47,58,99,24,57,66,30,81,89,94,-1
-97,-72,-44,-26,-69,-45,-17,-58,21,4,8,1,-76,-13,100,14,-75,-50,-89,23,86,44,-92,-53,4,-92,-75,-89,-35,61,0,-79,60,17,-63,-7,81,3,-79,60,36,21,3,17,15,-65,-83,-11,82,-27,63,-98,-83,12,15,79,71,84,-48,-23,44,-39,67,17,83,-60,12,7,67,26,76,6,-51,-95,-2,-41,0,1,-58,67,-30,80,99,29,96,92,91,33,81,-67,21,11,-94,-71,-27,-59,64,-79,39,-80,20
-76,-98,-66,-33,-30,58,10,1,-20,-72,-84,-54,10,-6,76,-52,2,99,70,-41,46,88,24,-46,61,-56,-78,-72,76,100,-29,-45,97,79,-77,-71,63,-99,-12,42,35,97,31,46,-82,57,-88,-64,72,20,-11,83,-91,-67,-28,-94,60,-57,-100,-27,-79,46,98,87,-68,54,40,91,-19,57,-37,-69,53,-62,-7,73,-90,-9,75,-49,20,97,98,-36,-34,-22,21,38,43,63,15,34,-88,-13,-55,-10,0,89,17,-17,49
88,-92,90,72,-79,-35,-58,87,22,78,80,75,36,-24,26,-18,45,69,-85,-4,9,-40,-100,-69,60,10,-93,21,17,0,-41,38,16,76,48,-74,56,9,76,53,42,88,4,-46,-75,-40,-51,-4,-54,-20,25,-45,100,69,-22,-12,-71,-27,32,-79,-89,-22,78,-38,18,74,38,86,-23,71,87,-36,-26,17,14,-68,15,56,-36,93,5,71,33,-60,-38,-91,-81,-64,-36,28,-43,12,54,-53,-50,-88,-19,98,85,75,-93
76,-65,64,60,-83,-96,39,-5,-88,68,100,29,-13,25,46,5,26,-40,-10,-86,37,-6,7,99,65,-82,-53,3,-1,5,-77,-51,-8,27,60,28,0,55,47,27,-59,89,14,35,28,-32,30,-53,-4,81,-3,9,-37,-57,13,56,67,-89,-58,49,-77,89,-95,-18,-5,-42,36,-81,-94,9,-33,77,-55,-28,50,-91,58,-5,15,-40,21,-77,-57,63,82,-71,88,-58,90,-53,38,6,2,29,81,-4,-57,7,13,-77,69
13,-66,5,-85,-91,61,-14,-63,83,70,-5,73,61,-42,-72,-76,63,95,-82,80,-72,-19,17,64,-4,-7,89,70,-56,-62,-1,50,30,-24,-7,-48,10,24,99,-56,72,31,-58,-34,14,88,58,-37,-50,63,45,59,24,40,-9,-58,47,-92,52,-75,26,-86,-20,35,69,-86,-45,50,74,75,22,17,95,4,56,-25,75,29,56,80,30,-89,68,-93,-53,19,52,16,-40,-76,35,56,21,-28,-37,5,56,-81,-53,-30,73
16,88,44,79,42,62,8,-55,34,-99,92,-26,11,-81,16,91,-56,-21,-40,-75,-70,-46,77,64,-88,-19,-45,-24,-88,-27,23,20,-29,26,-53,-85,9,68,-71,-25,-88,-76,-3,100,-69,-29,3,23,96,75,-58,94,-30,2,-97,-48,-1,-84,-39,26,-19,-97,-30,52,-57,-12,-25,47,-39,15,72,-60,61,85,0,61,70,74,-19,78,3,-83,44,70,23,26,99,-93,25,-24,-48,-68,-54,-76,92,-30,-63,88,9,-50,-38
-28,-40,-54,86,33,-83,-44,-42,-79,36,-4,72,67,-66,-6,72,-25,55,94,59,20,-19,6,92,-71,1,3,-6,-75,91,-39,-88,84,-90,66,-12,50,59,-32,10,-4,-2,70,18,36,47,45,-36,44,-10,-9,-78,85,6,19,-39,82,-49,-2,-97,-83,-60,81,47,73,39,27,-19,75,-19,91,-60,-91,29,-24,-53,29,-96,-27,58,96,-72,68,76,92,-73,31,65,16,14,-5,57,-84,29,40,-32,-17,1,81,-48,-8
67,-59,-9,-14,52,-96,96,41,95,-1,-55,-86,2,-17,-25,-48,-38,38,-58,-65,25,78,-69,-5,96,-27,-35,69,-85,-2,-52,-64,89,29,48,49,98,1,-32,-63,54,64,-38,-34,6,100,-30,-30,-23,-82,-71,7,94,-20,5,31,-72,49,65,28,-3,-82,98,87,-80,97,-84,-99,27,-30,99,86,98,-80,-95,57,-84,15,-62,-46,76,47,15,28,-100,-30,40,-78,-22,-53,-23,68,-43,9,-53,100,-45,-38,100,86,37
76,-27,10,19,-64,21,-8,75,11,-39,88,-8,-59,-1,84,6,72,83,-18,-48,21,-20,-51,19,17,-94,3,90,84,92,47,-100,89,72,63,38,-27,-81,-53,79,-80,-42,-77,-79,-43,-56,30,91,-57,-76,36,-81,-18,-6,-46,-28,-19,-14,77,16,91,-58,-32,5,-85,65,-76,-74,-65,-46,-4,2,-38,54,-83,2,-99,-76,0,-92,-50,-66,54,95,-33,-60,-6,-28,43,-22,-55,54,98,99,62,-7,68,54,-6,-11,-20
