89,78,3,-85,92,68,-60,-96,44,80,60,46,-57,56,93,29,46,-30,-37,59,-22,-18,-49,-87,-96,-75,-51,-81,-93,-91,6,56,35,-25,-90,-55,-65,86,45,-67,40,-26,57,-53,63,24,50,-21,-83,-28,17,54,54,-49,16,-70,-36,-40,34,87,-64,-84,72,-22,-23,53,-54,-1,-40,-65,-52,-38,45,-61,31,98,-49,1,36,-65,-56,-22,60,75,-52,55,-38,-50,-53,11,72,-46,1,23,-93,-93,-87,-74,13,56,40
90,-39,71,70,-43,66,0,-77,-16,-58,58,64,-61,-22,30,84,-51,-66,-52,-14,-12,44,-14,-68,-77,99,89,88,-90,55,-95,14,40,-38,-14,50,-2,76,-16,32,-9,40,-53,77,98,-40,-75,-22,81,18,48,-57,67,30,75,15,88,82,-51,90,-12,61,-12,79,75,-18,51,-73,-82,5,22,100,-26,-63,-6,60,-33,-14,-20,57,-90,22,-82,-94,-83,-22,-42,35,21,19,-4,2,-22,-8,-22,-93,95,87,3,-26,-95
-65,21,-86,-82,21,47,-28,-32,69,92,63,10,-37,40,-20,34,-60,-61,0,-13,-57,99,-57,-44,-1,65,67,60,22,-83,-95,-96,-96,-32,-10,-20,24,-58,25,93,70,73,40,85,-12,-38,48,65,-39,59,74,-91,-37,-10,-73,99,14,68,-67,98,10,-7,95,36,38,-51,-58,81,-3,-79,-32,98,-45,3,1,-77,-89,-4,5,-90,16,37,-2,-42,0,-10,82,-40,-16,91,50,5,-91,77,55,42,-96,27,-93,-65,-32
-59,-45,-8,60,31,72,96,-73,90,-59,-79,57,-80,48,31,-40,-64,10,-18,49,-100,-69,36,-32,84,94,9,-61,71,75,-50,17,93,6,45,9,-48,71,57,-57,-90,-22,-28,7,54,21,-70,-60,-31,47,-6,77,-27,-73,-13,-74,-85,-39,-77,62,80,-27,84,68,-20,-55,-37,27,-71,0,-78,-81,-85,-55,-60,49,-2,96,-17,97,80,-53,-65,72,97,93,-80,38,76,82,-62,76,-43,-35,-23,-72,0,-97,-95,61,-36
86,82,14,-64,-46,39,-13,-14,-16,97,-53,33,12,23,35,26,-95,-67,14,49,-95,55,-51,28,-75,35,-81,12,92,12,-94,12,20,-4,-75,-50,-13,53,-42,47,-48,47,-46,31,-27,35,19,22,17,-78,47,48,71,30,62,90,-64,-42,-73,88,-43,39,-61,75,22,-86,61,-28,-96,-22,59,25,-73,-52,-90,54,-45,-92,-51,38,35,-40,-41,33,70,-42,-15,-86,52,15,-24,42,-86,-69,52,83,-62,-65,56,57,-5
-85,-52,84,61,-86,15,40,64,71,45,2,94,-7,74,-87,77,-32,77,-66,-37,-9,-66,23,-48,-39,-92,57,-81,-77,-39,-19,0,-73,-23,-58,82,24,-69,-29,-59,-44,-28,-82,-79,24,51,9,-21,-56,64,79,55,-81,-73,-38,62,20,-95,-31,40,97,-28,-79,34,95,-99,-62,-34,73,-1,84,23,-60,-82,93,-14,86,-86,-15,48,-37,90,75,-92,-18,-21,82,62,65,-97,-17,75,16,-87,30,76,-11,-47,48,-40,-11
65,-96,70,-74,-97,-98,53,62,77,67,95,-19,16,-100,83,-82,48,3,-8,-69,54,-25,-82,10,56,44,42,-30,-30,72,-30,84,-56,-3,1,-88,-71,-26,99,-62,-13,50,23,-85,-85,-82,75,78,-38,-70,-44,62,-30,39,29,44,-16,69,12,-27,-68,80,90,-27,-99,-99,-24,-82,55,71,8,60,100,-24,-22,-17,1,-70,85,28,96,43,-23,54,-75,42,50,-33,-38,-64,78,-41,15,45,71,-9,-99,-43,91,52,-52
-100,-15,9,-77,-25,63,-100,-6,-1,-42,-48,10,35,36,98,-100,-9,40,-84,-26,-47,14,97,-7,13,15,-27,31,66,14,49,67,91,52,90,9,94,-44,-24,20,92,28,80,-41,16,88,95,-91,10,-30,18,61,5,30,-82,-58,-25,98,-11,25,53,-12,81,-63,-76,76,75,-44,70,-86,53,64,-97,36,-37,76,76,67,-83,-39,-36,59,45,-90,-84,41,66,-97,62,86,19,-15,47,12,-47,-88,-73,43,-12,70,76
49,77,56,14,-53,-67,82,-54,-98,97,-80,43,57,-77,-97,-22,9,-29,-66,1,-1,1,-92,-22,-36,-82,36,-53,61,-16,25,-3,68,-3,-26,-92,64,-71,83,-17,-65,33,-37,0,53,-39,-49,-80,-79,13,80,-83,51,14,-22,85,-17,75,-38,38,-94,-38,41,-57,-33,-45,-39,-100,2,-52,92,45,-86,-100,8,69,63,20,-26,1,43,28,-14,74,-64,45,-57,54,21,-58,29,-4,19,-44,-87,-38,47,-69,5,-51,0
-2,-68,-86,47,-67,-97,81,-11,39,3,-66,-75,-26,86,-15,-6,-75,73,1,-91,-48,-24,-16,-38,-35,51,10,-38,57,-4,84,87,90,56,-29,-87,23,-62,-41,92,-1,-7,-100,40,72,-71,-70,-18,-60,85,84,-82,56,24,13,23,68,-78,-6,-2,-67,-78,9,79,-51,-51,-65,29,-31,29,-89,-15,92,7,-54,20,-65,22,54,-46,53,32,88,27,-77,46,53,-25,-24,-28,39,-51,-92,-3,-52,53,-39,29,-24,-72,-11
43,-49,-55,37,71,96,-21,84,64,100,-52,63,-90,36,56,79,22,-72,-14,-9,61,93,-5,-63,9,39,61,-72,63,83,21,-48,-61,-14,60,38,59,55,66,-3,5,42,87,75,-33,-57,11,77,59,89,18,57,86,-40,-44,-72,91,84,-37,-12,61,94,77,65,52,-77,66,41,52,45,-42,-32,-66,-67,-37,63,57,-47,-1,52,-73,-41,62,-30,-57,13,85,74,35,6,23,15,87,68,-94,54,-81,-3,-34,-49,-21
67,-16,59,96,-10,17,-45,-40,-33,-34,-54,66,-77,92,65,-45,-67,-34,-9,68,9,38,71,-59,100,80,70,-29,90,48,-31,-41,-62,-32,-88,-92,-25,-94,20,-30,-28,-22,86,-34,58,90,-32,22,-55,42,-37,6,-76,11,50,-17,32,47,-86,-68,50,-19,0,-88,56,-63,-35,-42,-19,-91,47,94,6,65,89,4,12,85,-85,41,-13,8,15,-27,81,63,81,-86,7,-77,1,-13,-84,48,65,49,10,59,-37,-52,-12
98,46,-14,-77,13,-40,-42,-97,53,16,68,-7,48,4,5,-18,3,62,-22,91,-1,-53,-69,-98,8,49,63,16,37,-67,44,86,-8,-66,-15,44,-27,-7,-79,-40,-79,24,-72,-51,42,-64,39,-22,51,-91,20,-44,-27,-65,-4,40,-70,-85,-30,-32,-66,11,-31,29,33,84,95,-73,-3,94,-65,-72,89,81,78,-63,26,52,7,-59,27,97,24,-21,-39,12,-82,81,-29,14,30,-24,38,-25,-14,96,66,18,11,-89,-64
-74,-85,-23,47,-54,-47,-9,-61,38,81,83,88,61,-16,5,-36,8,37,23,21,-42,-5,-4,-77,98,-22,-73,-47,79,-85,10,57,-11,29,82,-97,-38,44,-57,47,37,86,88,56,16,92,-70,-66,82,-48,-20,-3,92,-13,-64,48,-21,-60,25,77,36,58,-74,1,-56,0,-38,-69,51,-62,10,-66,-17,-77,-63,-27,16,100,39,88,1,-22,1,-93,17,-84,-30,2,-30,-89,-85,-38,95,85,-9,-11,-30,62,49,-56,-92
22,33,-17,35,-91,93,-97,-90,-9,3,-99,89,76,-54,-98,-49,12,28,-36,33,64,-4,-95,-69,-77,-22,-39,62,-30,-30,100,39,-87,-95,2,-19,20,-84,-63,-97,-20,-57,-58,-95,13,16,66,-65,-83,-100,-99,18,-9,91,32,-88,59,68,-11,-2,-84,79,-47,51,-29,0,22,-15,31,-55,11,8,-22,-74,25,-11,77,-79,100,37,44,78,6,79,-77,-56,14,60,25,-14,-12,-81,84,-22,22,-99,70,-50,-87,-23,-11
-51,86,-27,-100,-75,1,48,73,1,-56,92,36,-90,88,26,31,70,-38,99,39,-65,28,-58,36,-93,-37,91,-42,35,5,-9,45,-51,-16,-49,-62,8,-40,-35,-96,-95,57,61,54,-93,25,-94,-25,63,57,71,65,-50,16,79,66,-67,-68,-28,20,92,-82,-7,9,3,94,44,27,14,-26,-86,69,84,73,83,-18,-100,57,-19,78,-63,-78,30,99,41,90,58,13,93,2,78,-87,50,49,-96,6,69,99,-91,-27,57
33,94,-95,-8,74,27,-16,45,38,-65,-47,-53,-52,-13,89,76,-29,72,66,55,72,-65,-17,-54,-28,58,-72,40,-42,-52,90,68,-35,-40,73,82,6,-20,14,51,48,68,9,-56,9,-82,73,-13,32,100,63,7,-94,-20,-98,-93,90,-91,21,-32,18,100,-87,-79,-31,31,-27,37,99,15,-2,80,-100,13,-56,-52,-91,20,-38,5,75,38,58,-3,-66,-19,-100,42,-20,76,-75,-93,84,-92,20,-99,-24,1,99,36,-48
-77,-2,83,-23,12,25,-76,100,81,95,-96,-48,61,65,4,6,-72,-56,81,-38,-46,31,-15,72,-76,-26,-77,-63,-51,15,-30,-6,88,-66,-15,-20,0,58,-21,36,-40,69,96,-42,-56,-28,-44,-42,-29,75,32,-54,-42,33,99,44,-7,58,-18,30,48,30,-93,-97,-23,-70,70,74,-27,3,-29,-32,96,93,-100,-76,64,52,-25,49,21,-84,-28,-4,-26,93,14,53,-52,8,-88,-29,-55,-77,38,-56,-46,95,-64,-1,58
-84,-9,-54,-90,-48,-5,-28,-76,18,-24,-45,-80,12,-76,-19,-15,13,17,-45,46,94,23,57,29,13,-98,-65,-78,57,47,-56,-27,69,55,-70,-36,34,43,95,27,48,-74,52,-35,-80,-92,27,-27,42,82,-54,24,-81,80,-2,-48,-3,-79,-78,-42,-19,-64,28,53,-28,-80,-53,22,-13,72,61,-61,-32,2,15,95,9,95,45,-17,-26,-41,96,41,73,65,27,47,78,-49,10,-7,45,30,-79,21,-6,0,35,23,52
30,-13,-30,-63,39,91,-12,-57,26,-4,5,82,93,-26,-63,33,-22,53,-3,-76,100,94,74,40,-73,93,49,96,78,-45,-26,63,18,-18,-79,20,100,7,33,10,-49,60,53,-84,-28,-24,57,-43,62,-91,-25,-41,40,88,82,-95,94,95,33,61,-16,-47,47,-68,66,-31,-67,45,14,-80,-82,88,67,-69,-39,78,14,6,95,-21,-38,-72,-92,11,2,-86,-24,16,8,-15,-13,79,-8,98,7,32,27,15,-87,86,-12
17,-59,-80,-97,89,17,91,12,35,-13,29,-91,31,41,-9,71,-74,43,35,-7,97,-55,-96,-97,-19,-30,-5,-86,-47,-100,-69,19,-7,-35,64,100,-82,70,3,-54,0,-92,-96,3,-24,-50,-61,-52,-26,48,66,43,22,-6,-81,98,77,-5,49,96,32,72,11,67,-75,46,-95,-6,84,-33,42,72,61,-57,-98,62,84,34,84,91,-89,40,-3,-12,82,92,76,-56,77,56,-57,-69,97,-54,-45,-90,40,56,-38,-71,15
-41,30,-2,22,7,-15,49,-58,98,92,-33,-97,72,37,57,-91,86,-68,64,23,-98,-11,55,-24,-35,-62,8,-46,-41,-84,89,6,-88,14,-36,63,96,66,-91,-5,-5,-96,64,-1,34,36,56,-91,-89,0,-16,-16,-12,-93,77,-83,-46,97,69,11,25,30,-58,-57,35,84,79,-44,-94,4,-40,58,-33,-73,-11,35,98,-69,-59,28,-46,66,36,-13,-85,68,-97,53,-95,17,50,-35,67,-32,16,66,19,2,-8,-18,-78
-81,74,60,97,33,84,-95,-67,-37,57,-4,90,49,6,80,2,-80,-30,-22,6,39,46,78,-90,100,90,-99,78,16,88,-32,-73,48,92,40,95,100,-3,22,56,-59,-90,70,3,33,78,49,46,0,-38,42,-40,16,-71,-87,26,-99,10,-29,-74,38,10,-39,-20,85,-27,24,-59,88,18,-74,84,95,7,-36,76,74,-32,93,43,54,0,67,4,-99,91,-11,58,10,-20,-74,69,15,-75,-77,-93,32,22,-21,-34,85
77,-33,-81,20,55,78,95,100,-100,19,31,51,-100,37,89,-92,70,-82,11,23,1,-63,-4,68,42,-17,81,63,-21,-58,-58,37,15,-25,8,-78,3,99,9,-18,38,63,-4,-13,11,49,73,44,-50,-19,3,62,58,-17,-15,-7,8,8,-22,36,94,25,46,-49,33,-88,-63,13,-77,93,91,62,-52,78,-95,31,-3,92,31,-2,-43,84,26,19,-38,74,58,-42,-48,21,47,68,-2,-76,35,-2,87,45,37,-5,92
83,-87,-4,85,62,-28,88,-60,-89,36,-20,83,-55,-45,-73,-31,20,72,-12,5,-74,-60,47,42,-32,-26,-3,-39,-11,38,99,-32,-26,65,9,2,-24,65,20,5,8,-28,-67,-71,42,26,-65,-49,-37,97,-13,31,84,-38,46,-83,-82,-81,-14,-58,15,97,24,89,91,-32,-47,-72,-33,-5,21,-13,97,-60,-55,-28,100,-40,-26,-80,60,-49,26,60,87,-97,-24,-99,10,-26,23,-38,55,-27,-43,-96,-66,45,-83,60,-53
44,-87,-30,26,99,14,44,-3,-11,-2,62,13,-80,-13,55,33,46,-20,-29,53,80,-88,39,41,-80,17,-3,64,11,97,86,14,13,-8,-91,-96,-2,-25,83,40,1,-9,37,3,-96,92,-51,81,74,33,-30,94,-1,51,-31,-87,-80,91,75,62,-26,-18,55,51,71,89,77,22,24,-24,-32,5,-67,62,-3,-12,99,88,-89,85,74,32,37,33,-96,87,-52,-51,-92,-22,91,-3,37,31,-9,23,28,86,22,-54,-81
48,63,53,59,11,46,70,-85,46,97,89,-86,66,27,-96,-43,33,-58,-52,-100,62,46,21,-48,-65,-91,-22,11,-66,-20,-1,34,70,57,37,99,-15,-11,8,29,-28,15,18,45,-9,-69,-14,-20,-7,-65,-48,13,43,76,-89,93,-82,22,-99,2,28,53,90,27,58,80,59,-1,-43,-9,99,97,93,-10,0,-46,68,12,80,-4,75,-40,-18,-83,49,40,95,85,60,-2,-54,55,-85,-8,7,6,49,26,-32,-78,-33
77,57,93,-75,88,-32,-6,-54,-100,86,-31,-76,-10,-52,-32,-94,-63,-74,-29,96,85,13,-28,-57,-98,6,66,83,60,-55,64,55,74,-13,47,-24,85,96,-21,55,-76,-73,-69,-33,-77,-46,34,35,-51,22,-4,22,-13,72,-58,64,-30,92,71,-70,89,-15,53,27,91,-66,62,-71,-19,-93,69,62,60,79,-42,84,72,-97,-75,52,27,81,-8,48,15,5,-84,61,-38,70,-74,72,58,-4,-43,-80,-47,-15,-49,38,82
-74,7,31,-70,20,-79,-87,47,30,52,-66,75,-63,-4,43,5,54,-90,28,72,-65,81,-99,-61,-35,11,-40,4,43,97,45,62,-72,-2,22,10,32,-19,-7,7,-1,-53,-70,25,23,37,25,64,82,-60,-53,-79,52,16,44,-72,-3,-8,12,-26,4,53,-75,8,64,-75,-30,-98,-2,2,70,41,8,8,34,27,-74,-65,-36,3,48,31,34,89,-86,-21,-40,-39,43,2,-60,-18,21,-12,-24,79,-72,69,-1,-11,-3
85,-17,-29,-62,94,-42,-78,-77,-33,-52,-11,29,-27,57,87,9,19,-93,-68,-39,31,94,42,17,-45,3,-17,-81,-52,48,10,23,25,62,-54,-57,35,76,53,-32,-21,10,71,80,18,43,14,-25,68,49,37,23,-99,-83,-60,-59,78,81,7,15,30,-78,32,-98,38,-33,-24,-81,-10,-76,78,-7,-89,-61,99,-17,40,10,45,28,99,-71,63,84,-67,80,-59,-45,-93,61,-25,44,97,-6,-37,-41,82,-95,-18,-37,99
-98,-65,74,-56,73,-97,-22,35,40,33,30,-36,30,31,61,-19,-58,24,-54,69,10,77,-45,-96,-78,2,96,91,-90,-88,-1,17,-1,66,-13,18,27,23,89,100,5,-63,-15,-68,49,-16,38,-54,71,87,-25,-5,23,-30,89,-25,-96,-83,-44,-25,94,97,-58,-20,-64,25,66,76,-57,-59,-74,33,-57,51,-76,-91,28,66,-22,-57,-93,38,51,45,-4,72,-63,23,-16,-53,80,81,-42,-44,57,25,-80,-54,-46,11,0
-60,90,39,-29,72,-73,-60,42,39,69,-66,-34,-32,-50,56,-40,45,45,31,36,-37,-83,61,18,89,97,-44,59,-84,22,14,-46,-44,40,-100,27,77,-88,85,53,-75,-41,56,55,89,43,-77,72,13,-44,-38,35,-44,-81,82,-56,80,50,69,5,40,42,99,-43,1,-4,40,36,-30,48,-14,-1,-11,40,-54,68,67,-10,-91,-21,51,-35,-76,61,-37,-42,-1,7,46,23,-19,-23,-24,-83,-45,67,-51,-61,1,89,-99
6,7,4,57,88,-11,-62,58,-9,-80,27,100,-14,-2,33,55,6,89,-78,-43,49,53,-19,-11,20,25,15,-70,-52,15,-100,81,8,72,39,99,-68,-8,94,83,19,-17,32,73,-86,8,-19,-72,-67,34,29,-44,70,-82,-65,-91,-17,-59,71,-75,99,-76,83,-17,-2,53,13,-51,-100,66,-95,-27,30,-28,-21,70,-8,-13,-17,-92,27,23,-83,-82,70,29,-1,-1,46,54,-60,65,26,90,53,-42,-45,78,27,-71,88
-54,-89,-21,-56,41,-59,16,-25,33,-70,95,-87,-31,-51,38,-33,-67,-22,-49,49,16,35,-88,-26,-75,-47,86,79,42,-6,57,-30,91,77,72,86,55,-16,42,56,28,-67,79,-48,-78,-86,-27,-23,-44,-77,67,31,-77,51,-69,42,55,-43,0,-73,67,-10,66,-51,-14,53,-80,-77,-39,-83,-58,-81,-14,-65,40,-5,-85,-33,-24,65,-28,91,24,78,18,-42,-11,27,86,85,46,28,-66,0,-33,81,-88,83,-19,55,-40
69,-47,-37,97,-100,29,-34,-19,18,-81,82,-57,-62,-68,-41,-46,13,-92,44,-96,-39,-14,85,-93,-93,33,-26,-15,-60,61,91,-81,24,6,-28,41,12,12,17,-31,39,67,68,80,16,93,14,69,31,-97,-31,-31,-37,-47,-37,-46,-62,-59,50,33,13,22,-25,6,53,-68,-72,61,8,73,85,-14,86,59,-4,82,22,-100,-13,36,14,45,26,-41,-16,-5,-18,36,39,-43,50,-10,-35,-32,27,-50,79,94,-4,63,-56
-55,-5,-84,-31,82,14,-27,61,53,-34,-21,-22,-46,-43,-63,28,-55,-45,92,29,-82,1,-5,-53,-28,-33,74,98,64,70,-39,65,-78,36,25,-54,-13,56,22,74,49,-83,-83,-92,12,-64,-17,25,-2,-14,-53,70,100,-46,-41,-81,87,60,25,-9,-58,96,-96,-82,-74,57,19,-87,-34,-97,8,19,0,73,95,89,11,16,42,17,-24,-55,-1,-88,-21,82,-81,-94,53,41,71,-24,85,-88,-91,0,10,-99,46,86,22
89,10,-97,-79,-59,84,-66,61,88,-18,-33,-3,58,19,40,-10,-64,14,100,-80,80,-30,-99,-83,11,-86,-99,-93,-25,10,-80,11,94,-37,18,66,58,88,64,60,43,21,29,77,-22,1,-26,-53,30,72,53,-96,-52,-33,-67,-95,64,-68,-81,15,-29,-55,30,44,91,-35,-57,-67,86,-7,-79,23,-36,-49,-68,-52,-72,-76,30,-51,18,-26,72,61,87,4,86,-35,-55,87,5,48,7,-17,20,29,-20,73,-70,61,-33
-5,97,19,-73,79,-58,23,75,45,92,62,52,-29,-16,35,1,-65,-50,39,40,-52,-49,55,52,-1,-97,33,0,-45,93,0,-28,20,89,11,70,32,-87,31,-94,69,-86,31,16,-83,45,-72,-42,50,54,-39,88,85,20,-47,5,-48,27,77,61,-55,97,-85,18,-13,55,75,-37,-12,74,-3,-96,-24,-16,55,-76,89,-81,-67,-100,-76,86,3,-65,31,-81,75,-49,-21,-43,69,36,-34,45,-52,78,38,-35,-14,26,-82
-68,10,27,46,-93,-59,60,-66,-91,-90,74,-87,-36,36,-58,-39,6,-51,-45,31,-91,68,7,83,88,60,55,53,72,-73,-69,82,37,71,-69,8,3,-17,-80,-13,-69,-53,5,-31,24,-69,19,41,-6,-10,-37,-18,-77,31,-2,-76,75,74,-83,16,51,-8,-57,-24,-23,66,56,36,58,71,-61,-10,86,-5,80,97,-50,21,-27,-33,-87,-13,79,89,-87,26,-55,38,-100,-35,55,-87,-19,75,-43,22,20,-23,-7,13,-100
30,12,-28,-10,42,-43,-51,86,-42,-49,-1,-47,-20,-63,1,69,32,47,16,-42,-80,99,33,57,81,64,-50,-45,7,0,69,74,81,69,-61,62,98,-63,-18,57,26,-75,55,20,48,53,-76,18,19,77,1,67,-25,-79,33,29,98,-2,33,-58,-86,-35,-93,-35,90,30,97,9,93,-49,43,-24,-9,-17,9,79,-99,3,-20,-88,-53,20,-30,15,-89,0,25,-27,-100,93,-25,83,-11,-34,-73,-69,18,-3,100,66,36
-87,87,-50,-12,18,-35,-67,90,88,-46,-70,-80,38,-21,-51,-97,43,-97,45,78,45,-27,-13,12,51,-67,58,-38,-84,-70,-26,-78,-39,58,-49,-63,100,43,-15,2,-36,-84,96,89,49,58,37,54,-77,30,49,-67,-6,43,-33,-86,30,26,89,46,-71,-61,-67,2,41,96,54,49,-83,24,-46,-48,-3,-59,-8,-46,-70,48,68,92,2,-8,97,-96,85,-92,57,55,40,48,-31,57,-15,-32,0,-47,99,75,-100,10,37
30,-61,56,0,-65,-65,-26,-30,97,-89,81,20,7,58,38,-78,73,100,-81,-83,-94,-55,-27,39,-34,9,98,-97,83,-30,47,-1,-85,-1,-81,-90,-52,-67,73,100,-38,-83,-61,25,62,21,77,12,21,-65,56,27,82,55,-34,-81,50,2,-15,98,-71,47,-34,24,-35,38,40,-6,9,-57,21,25,-5,-31,35,64,-30,-24,-13,-70,96,26,-92,-27,-24,-50,60,34,49,75,42,63,-11,-60,-94,35,-32,-37,-72,-42,-88
-72,34,100,-43,-78,-69,-61,-3,-88,65,-15,54,17,-25,41,51,57,41,-59,8,-49,59,72,-74,-70,-33,-21,63,-39,6,-50,-86,91,21,81,-27,87,-76,-77,-17,-64,-100,-57,-64,73,70,25,47,-34,-17,-26,31,-44,-6,-51,53,64,-55,-41,-49,-31,-91,93,75,-52,-93,66,-66,70,100,57,12,68,-29,-34,32,-44,96,-56,74,56,-2,24,62,-84,36,25,87,-25,-38,-59,11,84,85,-33,2,67,69,-88,46,2
-64,16,-56,18,37,69,68,78,-26,7,65,-70,71,-65,-35,44,-19,36,-30,83,46,-53,99,5,28,49,80,79,-25,-53,87,16,-7,56,-20,-39,-2,-76,-67,49,-27,97,-98,36,-36,-29,-17,27,-7,68,15,27,-1,-88,77,-100,22,-34,-100,-93,43,-66,60,-91,-7,12,-83,58,-13,73,-56,1,81,4,47,-10,27,-55,95,-24,89,-58,-60,-57,-11,22,-69,34,84,-16,25,96,-83,69,1,52,20,37,-78,-82,85
-51,-58,-68,49,83,-95,-69,-28,82,-35,-83,31,-38,-50,83,-51,57,21,88,-20,-64,66,-22,37,-23,88,-99,57,30,-48,8,92,68,23,-53,47,58,66,44,-72,14,94,58,-44,-76,6,-46,-85,29,41,-35,54,-78,-58,3,100,-85,51,98,-54,78,77,61,-67,-23,26,14,-78,-86,79,28,19,-43,59,73,-38,-53,-37,-77,46,-87,-47,63,-91,-22,79,-21,-28,-64,-25,28,43,-58,5,54,-21,-63,-18,-44,50,21
72,49,65,-12,-42,5,8,-94,-97,6,-47,2,34,-7,-20,10,-1,31,-6,89,-39,55,58,58,-25,-60,66,-58,-60,-61,-31,5,-100,30,-47,33,-8,-44,-2,59,-66,68,13,-16,47,-31,80,20,44,1,3,47,-79,-72,-86,23,89,67,73,-46,0,-37,-40,-39,-52,-69,97,60,74,-14,11,65,32,-93,-91,-29,78,-35,70,-44,79,-67,23,-23,34,-72,-57,-95,-88,-56,-30,-1,47,14,51,-36,-53,84,18,-15,66
39,82,72,73,81,-36,89,-14,-4,-6,-40,73,3,-11,33,61,92,-69,-31,79,92,-40,-52,-64,-92,26,21,-61,-74,-5,43,3,-36,-93,-79,-97,86,4,58,-9,57,-73,18,93,23,-34,1,76,7,31,83,22,13,9,16,-40,-39,60,22,-55,89,-9,10,-28,-91,-16,98,15,80,21,-85,96,-92,70,37,31,-62,68,86,34,72,-94,-43,37,19,8,1,16,-71,-26,-61,-96,-74,-37,68,-54,-74,-19,29,-49,80
21,-82,-19,-99,97,-33,-11,14,42,-44,44,-83,83,-79,34,31,-67,-42,-29,12,81,98,-20,-23,-77,-81,-70,-22,-57,25,64,26,87,-21,5,6,-29,36,-98,-8,88,58,-100,52,7,60,-62,42,-2,20,-54,-48,98,-34,68,-21,99,-36,-88,-62,-27,26,-2,6,21,-56,80,18,-7,31,30,75,100,48,66,-4,38,7,-85,-12,-98,-74,20,-93,16,46,-52,-25,-39,-8,97,90,-29,-13,-36,18,6,85,-38,61,57
39,-33,74,33,-18,57,-43,98,87,-25,-67,-72,63,-46,-67,15,51,63,-1,55,38,-61,-64,27,62,96,-22,-8,-6,-88,-38,78,38,98,-78,-79,89,-13,-49,76,58,84,-85,-46,-19,58,-17,71,-1,-90,-89,94,-27,-17,58,-2,-21,23,31,-15,14,-10,-1,-54,17,73,-92,22,-77,-51,-56,80,-92,46,-76,22,-56,5,-22,-76,17,21,-94,-16,-59,-17,-39,-45,-76,80,31,-30,57,-85,27,26,-87,29,-53,49,-38
13,26,-12,37,-97,64,41,-24,-20,-33,25,47,-68,-74,39,49,87,76,76,97,-13,20,-9,-18,65,27,4,-60,70,-59,58,-58,73,-34,54,-74,32,100,7,64,5,-17,13,-71,70,78,-26,-41,-44,48,-13,42,-67,-7,49,4,68,83,98,-9,48,27,-68,82,-89,40,-48,-96,-92,-44,35,-16,-93,-38,60,86,59,-86,32,-42,70,25,13,-37,63,72,-79,88,63,99,27,17,-3,-4,33,12,-97,-29,74,-45,98
98,-38,19,93,80,28,-11,-34,-32,79,69,-82,83,46,81,44,79,-16,-84,-86,18,-75,61,-50,-37,-9,99,-65,-79,56,81,-27,35,53,27,-81,29,-29,-89,-1,-98,65,28,79,-91,68,-93,-72,61,-65,-62,50,1,-49,46,33,-13,-51,-11,-87,-42,-80,-69,81,-65,22,26,64,96,-92,-47,-22,71,-14,27,27,-11,29,-18,-17,64,41,0,-51,-15,-95,-49,92,90,77,-1,0,63,-80,12,56,-71,93,46,90,82
7,25,-12,13,63,-74,-8,9,62,-57,-45,-41,-95,53,83,74,-53,87,-48,76,-35,-60,54,-96,-86,69,80,50,-16,-87,-22,-43,-40,-24,89,58,-26,53,-13,-38,-52,42,-88,57,5,-6,62,-50,-3,91,-5,40,-58,61,-74,97,61,87,68,-70,94,-55,100,-63,34,77,-34,-35,-75,-75,38,-59,-8,-15,-60,-61,85,42,39,-19,68,90,-73,-33,16,6,-53,-18,-64,-45,-77,-81,-10,-94,31,16,66,-57,-42,61,-76
-36,16,-32,-9,65,64,-52,-40,-54,20,-52,-48,55,94,51,-65,45,-6,80,-91,21,15,-31,5,-91,53,-73,55,45,87,22,24,-16,47,-95,83,34,-86,39,-78,15,29,-58,88,-23,-56,11,49,-92,-41,81,79,-22,-57,80,17,32,-25,-96,-43,-3,-49,-21,-58,74,75,-57,71,100,-36,99,21,23,89,-79,-66,-14,60,71,-5,45,98,-22,-95,-81,-32,-89,16,-61,91,-63,-72,-30,-42,-9,63,4,85,-83,-53,-89
46,-68,-63,-99,-19,-38,-62,-67,-48,-97,14,-69,31,85,22,18,64,-15,-32,-84,-49,-70,-66,-57,11,-96,-31,86,-55,49,-6,-41,-97,-82,-69,67,-35,12,-17,-31,10,-10,-87,64,38,12,-43,-22,-59,-39,64,52,-80,32,-33,-77,2,37,-39,-23,-35,9,-45,-36,97,-30,-5,-96,66,83,-66,-30,2,-47,25,38,-25,-9,79,-58,-64,20,-40,88,89,-84,-1,45,-42,-88,-45,-19,-62,-78,-60,-34,1,-71,73,37,100
56,0,1,-82,-98,88,-85,-25,-78,-28,-22,-41,-53,7,54,-39,-91,76,-11,99,-90,-70,2,34,-25,53,15,71,22,-89,2,79,-43,82,-30,46,-89,-27,-10,-100,29,30,38,81,-97,-75,-6,-43,73,-75,93,-83,-14,-69,83,-93,68,-96,-61,54,-15,51,-52,-60,-26,-13,-78,-8,23,-77,88,-7,61,18,-45,-66,50,62,70,-7,-97,-75,-65,-51,57,82,85,-92,41,72,58,57,97,-34,60,62,-45,-66,-13,-2,-46
75,-62,-91,0,33,-6,-87,78,17,-50,-2,-43,93,13,-16,18,39,-90,-35,-45,40,-64,43,30,-30,9,61,17,62,100,44,0,41,-97,-5,25,55,21,-37,-23,-84,17,77,-36,17,5,21,11,-51,-49,32,69,30,100,-18,23,-98,-44,28,-39,49,87,-20,30,50,-21,41,-95,94,-83,13,94,-40,93,-7,-78,54,89,-60,-71,-28,37,27,2,-84,88,-66,10,-32,4,29,-10,-70,88,-16,97,-64,-75,69,-18,71
0,51,90,2,53,-19,53,100,-17,-45,70,21,11,55,-3,-53,64,72,53,71,-70,58,-5,40,-89,-27,82,-33,-88,78,85,-71,0,46,99,-30,30,57,24,68,-74,-81,41,95,78,-19,-70,51,-98,52,-41,3,31,-23,-84,-58,7,-53,24,-35,-91,30,97,89,-25,-13,-67,88,37,62,5,-2,-6,88,-95,-80,-98,-81,38,-83,-93,-43,-42,-87,-55,-54,89,16,83,41,89,21,-93,-76,-7,7,-37,-89,95,62,-66
-5,-50,-22,-62,-13,28,47,-60,-100,-15,30,-93,90,-16,35,-31,-4,95,61,9,-61,6,-24,41,76,-7,33,-56,-67,43,99,63,-90,4,93,83,44,26,30,-79,-72,8,-37,-66,-9,-85,-83,-14,81,-49,-73,-6,-69,90,-10,-28,-32,-33,95,54,9,81,79,21,-77,51,68,-34,-89,1,20,-94,-48,-25,9,16,67,5,-6,-11,74,42,27,-95,-14,76,9,-97,-83,-12,87,-56,-5,92,-27,28,37,-83,35,28,26
80,66,37,28,72,29,57,-93,-81,-1,54,-85,-7,41,26,57,-43,-24,-10,-96,46,-24,42,43,-16,88,80,-44,4,-97,70,-75,-22,-79,46,56,-91,-60,99,44,30,-32,74,-24,42,60,16,2,-75,-19,42,0,-54,30,-54,-9,31,51,-91,-61,25,23,-6,-1,-90,58,-68,85,33,28,-10,-100,-23,-27,54,-38,71,-93,-72,2,25,-23,4,-33,91,-71,-88,-4,23,-66,-12,-15,-50,-63,-37,76,63,82,-26,-11,83
25,-71,31,28,-64,-67,-82,81,92,33,-64,21,-47,41,-14,-83,-61,48,79,-41,-36,-46,98,77,-90,73,-68,-39,-48,86,-58,-3,6,-91,-66,-83,-84,52,-18,21,-52,69,48,57,-43,94,-47,12,-3,81,4,-46,-77,41,-15,-24,-48,-25,-96,85,-47,-30,-16,-99,-69,11,-81,80,30,-18,-62,-84,58,-59,12,-95,22,31,50,-98,8,-83,20,77,-18,-51,-35,-78,-45,65,45,-78,-54,-31,-93,99,-6,-59,-68,-60,52
-25,-51,-2,79,52,51,-42,-31,-34,-69,-10,56,5,-4,31,-70,44,10,-70,73,-86,-63,46,89,76,38,46,-72,48,-22,64,75,-90,-33,65,65,54,-11,-78,-74,-73,77,71,23,-59,-23,22,-100,-88,78,-50,-21,-69,46,62,-39,-72,-90,-38,-85,-74,24,-82,87,11,88,-86,-67,-81,-16,-90,85,-42,51,31,70,60,89,1,-43,73,31,-16,-69,-64,-53,8,29,39,-37,3,80,-20,89,13,78,64,-40,-1,13,46
-69,-43,29,-81,80,-51,-52,-21,21,-59,-55,-20,-23,-58,-82,-85,2,-80,-65,-23,56,-58,-99,-95,27,-13,62,-89,20,53,-79,-23,-25,-67,95,1,-61,-83,-48,76,41,30,17,-70,-72,29,-48,-25,-10,31,-28,-91,-86,71,-85,-75,-23,-45,18,-52,-38,83,-59,5,-70,-2,79,59,-1,-21,-100,9,33,-61,84,91,58,-92,44,70,32,-53,-82,52,53,70,51,-24,-67,-49,-52,61,38,66,-35,32,11,-34,-99,-34,-12
-37,-5,55,73,-89,-2,-16,61,-66,33,8,-83,56,17,63,17,-17,86,24,-48,-54,19,-43,-85,14,-44,-47,-48,-68,-51,-86,39,-53,-11,-65,-87,23,-49,39,75,77,58,42,42,77,-87,47,-8,-26,43,-94,-44,6,98,-1,32,92,-87,90,5,65,88,-80,-37,71,2,3,-57,44,51,-93,50,-81,-17,-29,-75,26,10,5,63,-44,75,-80,75,36,-67,-25,3,-68,44,92,57,52,36,-46,44,-43,27,-53,-80,98
66,50,-95,-10,2,7,83,-99,-11,21,69,-13,23,39,-44,-91,-91,-14,40,7,-44,-84,35,-67,67,30,-98,-65,36,-13,92,-31,28,-3,-50,99,31,-41,-55,41,95,-98,-87,38,62,52,30,-11,-48,53,1,27,-55,-62,7,47,-37,-39,-89,-83,32,13,60,-67,66,-37,-99,9,45,-63,-10,-4,46,-2,56,72,-57,-53,78,-24,-75,-17,35,-4,91,-41,-72,73,96,-73,72,-88,42,-98,83,-27,98,-63,87,-39,66
-21,40,-2,-3,-1,8,29,82,1,-95,67,-49,-44,-98,45,7,-100,77,83,-32,-19,74,-21,-75,-7,20,-91,11,47,33,20,-9,-72,34,85,-13,90,-34,31,49,-10,-78,-64,37,-98,-28,0,-20,-66,72,-86,47,79,19,-52,65,22,62,7,-92,68,73,-41,-20,30,14,-29,97,33,-85,-85,63,79,-61,-33,93,-50,-69,95,-47,92,-72,48,26,-1,-48,-86,69,-35,59,29,-90,50,92,46,-74,-5,63,6,-33,-62
-42,16,30,22,-84,37,61,23,-46,-55,-36,40,-16,-33,6,-76,37,-10,-87,81,-55,-54,-75,-59,-95,48,-21,74,26,82,-15,-41,-52,-7,-91,2,-12,-67,-73,-77,10,21,26,31,-44,-64,-37,66,59,-27,-100,11,-54,77,60,46,-40,2,-84,-78,37,48,75,15,-82,60,-32,-47,-43,100,91,50,-34,-38,-22,-71,73,-80,9,-41,18,-75,-21,24,48,-69,-59,-75,-76,-20,97,12,12,69,-98,19,64,-82,84,-3,-36
-20,-14,13,-31,40,-13,77,-94,2,-82,-49,-28,-76,-66,-60,15,87,8,50,24,-19,45,-29,-100,87,58,-57,29,33,-27,31,-52,64,-24,-9,-61,48,-59,45,-10,84,33,-49,-61,57,1,0,-16,-53,-58,-9,-27,22,-59,-97,35,-94,57,95,-83,-49,5,92,-34,-40,-58,-75,-78,-12,67,-47,-62,-89,-1,32,30,-29,-81,-77,75,-28,48,13,58,-21,92,58,85,-17,67,75,-23,-69,29,-65,-67,26,-90,-79,-69,51
97,-91,-81,-69,60,63,-67,91,-93,-80,16,78,-12,28,-2,-7,-83,-73,-60,23,69,63,-19,68,-68,-44,48,84,55,3,63,7,37,2,-6,18,10,-92,-15,35,11,-27,-72,36,-94,5,-91,-39,-21,-19,34,47,-47,-15,-59,-31,10,-29,-30,60,-93,-23,52,-10,-32,-5,-29,88,8,17,-68,19,-28,12,28,-90,-95,55,100,31,-77,-46,18,-96,14,-10,-36,-71,36,-99,-58,-59,-46,72,14,-65,-2,-66,-79,-35,-91
99,-69,-54,76,-30,75,2,65,59,-3,66,-46,85,100,-13,-28,-96,93,-6,76,39,-10,29,-61,30,46,-80,45,-34,-62,-8,45,-15,14,-37,-91,69,-82,-82,14,49,61,-81,-62,-82,-18,-18,21,-98,-91,-2,67,40,-65,-48,13,79,8,-50,-44,-40,89,23,37,-81,-62,-94,17,-39,-40,48,49,-23,-48,82,7,90,45,71,-46,-66,50,91,82,-70,67,-49,96,24,-48,-4,34,-36,27,-91,70,-29,-19,51,-70,-45
78,38,53,-91,-41,75,68,83,-93,24,85,-1,-84,-15,54,-14,79,57,-84,3,-37,-85,-72,-69,92,-72,3,62,18,-71,91,7,-35,-96,-54,58,-38,47,0,12,14,-15,-20,-64,28,-40,-37,-60,-64,37,-77,-35,80,-83,-89,-31,-5,75,45,-3,53,-43,51,76,1,-37,-48,40,-52,-82,83,44,48,40,96,54,56,70,24,52,-42,80,13,-84,27,84,-37,-2,-78,21,82,-13,35,-68,-96,-15,-93,-21,53,68,36
68,68,-25,89,54,53,5,57,-59,-19,74,-7,-32,82,-85,77,-77,66,-17,29,18,-59,-31,-90,82,40,-68,16,-96,-39,100,-5,99,50,0,-83,39,-52,65,37,100,49,91,7,-99,-67,-94,-55,94,45,-25,85,-77,-40,-10,77,-71,28,-60,51,-55,26,-34,8,-65,14,-20,34,-49,25,98,-82,-55,-4,48,32,91,-80,-20,1,-28,23,11,68,71,87,-21,-28,-55,53,-42,81,44,-26,32,-49,-98,54,20,75,39
77,25,-47,-17,-49,-27,66,-92,-48,30,-6,71,97,17,19,92,-64,-38,18,2,-91,83,-13,88,13,-78,69,-5,-73,38,34,86,40,71,-32,43,33,-8,1,50,100,-75,-51,-98,14,82,9,26,-30,77,-77,-44,47,36,-44,54,-63,53,-61,-27,37,59,33,-76,-88,21,30,44,-34,-37,-80,89,-76,-7,-73,-16,86,-26,-50,52,39,53,22,41,-38,7,61,-71,-66,82,-41,41,-2,20,89,-37,-11,-36,30,-36,-10
-32,6,35,-8,45,-2,-32,68,90,-34,71,-1,-11,-85,34,15,-8,67,100,31,-10,-79,-22,32,-78,-17,99,-25,0,19,24,3,21,-22,77,-15,26,-20,37,58,71,-25,-45,43,-94,97,-7,-26,85,4,53,-38,-3,-38,-15,-35,-38,-47,-88,27,36,-18,-91,93,90,16,5,70,94,79,27,-85,-60,-66,42,-29,47,66,43,-69,64,79,91,52,-95,-61,-97,38,9,-57,-91,74,19,-35,58,48,67,27,-25,51,27
55,29,50,-24,82,58,-60,-59,73,-14,-9,54,4,100,-48,91,74,15,-82,41,27,-39,-77,-97,-26,49,82,-35,60,4,51,-91,49,-54,-94,-72,2,20,-96,61,-20,-16,-40,-87,-19,3,38,13,27,80,-36,73,-79,0,42,80,-26,-65,-74,-7,-28,-88,54,7,18,54,-52,90,17,-34,13,51,58,61,88,89,79,-72,44,20,3,62,-13,30,-36,-55,61,9,61,-2,-61,40,-89,-94,-43,78,-66,-43,-50,-88,-56
4,62,-74,44,31,60,39,-73,75,6,-67,95,-24,-48,94,14,-15,76,-56,-54,-21,-67,4,37,9,88,15,67,-89,-14,18,84,-83,77,-59,-96,-26,-51,-60,-48,-54,-59,20,-2,-87,96,19,76,-93,-19,-93,5,4,-99,-34,-26,9,42,75,-95,88,3,-45,-51,-86,-27,54,54,-89,42,66,-73,49,54,-56,83,70,37,5,-85,73,75,-22,-97,-18,-37,54,-79,-76,16,-65,-50,100,99,-87,27,77,-91,69,-91,-87
100,-90,2,76,-77,-20,34,-41,-76,-27,-49,71,34,48,-64,-83,-53,-39,-61,19,-93,5,-63,-50,-82,33,-68,26,-19,-48,-76,-87,-3,75,55,-59,64,-75,58,-27,95,-3,22,1,97,-14,32,10,92,80,-45,-49,31,35,70,-74,33,-86,20,-64,-22,-29,-89,32,-95,-64,-68,86,84,-58,-37,-63,3,64,5,-3,-65,82,-90,-23,79,16,94,85,69,25,-4,67,-22,-43,83,-56,-3,-4,8,46,79,92,32,-3,41
-94,24,99,-91,34,51,-58,-18,99,-7,-33,69,82,14,-25,-23,65,-71,-5,-71,28,96,-92,-33,7,96,5,-59,96,-31,-1,-38,66,78,-30,-17,52,-79,-62,95,97,-46,1,18,-19,-90,37,-87,-55,46,42,-85,55,44,-54,-35,19,-15,26,-14,56,-75,70,-57,-6,-9,-62,-37,-18,-49,15,-14,32,63,-45,-44,81,69,81,27,75,74,35,-95,-65,-35,14,90,-9,-98,17,71,-17,84,-50,23,-9,53,-72,100,-33
65,-36,-57,62,-55,63,-7,-20,57,53,-8,18,-45,96,26,53,-93,-4,-96,-64,7,-74,97,-91,-82,42,-81,9,1,-85,70,30,1,45,-33,-10,-30,-95,91,57,87,-43,69,68,68,-99,-31,54,64,64,-100,76,86,-32,-55,-81,-32,-31,2,-87,-44,-7,43,12,71,67,79,85,-95,49,67,-40,-31,-61,64,-21,-88,57,88,43,73,-82,22,31,-2,88,-80,14,53,42,-28,57,-24,7,73,-15,54,53,79,46,-70
-77,-66,74,-39,47,-89,-34,40,5,-57,-71,-89,63,98,-42,-66,-16,-80,-86,63,81,-34,9,-35,39,93,-37,-46,73,68,-11,-91,-62,42,70,-22,-24,71,-27,69,-26,81,-2,20,40,41,46,100,-85,50,-18,51,70,-41,38,-32,-75,17,65,41,-40,80,96,24,-14,-63,-13,-44,20,66,-27,21,24,-57,-31,-16,91,26,43,-66,34,8,84,-36,-22,41,86,81,38,-73,-82,33,86,50,-81,43,11,22,76,36,32
20,-26,94,-37,-90,-51,53,99,94,-17,100,23,-9,97,-68,-55,-25,-42,26,-76,-48,-37,78,-66,7,-84,-8,72,-35,33,19,-41,1,3,-77,-67,79,59,56,-87,87,-96,-2,18,-8,-100,43,-32,-87,-83,-34,89,-81,-90,-12,95,18,-34,93,61,-11,58,-48,81,-96,-11,36,-2,77,-7,60,60,98,88,-82,83,-4,55,3,-78,-93,95,-78,-10,18,4,22,-30,29,29,-72,95,78,90,-71,-43,72,87,-62,-91,-7
-64,56,-52,77,68,28,-79,7,86,100,55,73,43,-68,21,57,92,-92,89,0,-98,17,-26,88,-90,95,-25,32,2,94,100,-89,-48,49,0,-19,-62,0,-39,-25,92,62,-30,-76,88,-17,42,54,-63,78,-59,80,17,-95,5,-12,-3,-85,100,66,71,48,-8,-80,-28,60,-89,-25,39,18,51,-86,73,-20,-26,-85,-17,72,69,-88,47,-23,-4,-19,-50,-51,58,-78,45,100,-8,-74,42,-95,-87,74,-36,97,29,62,33
-8,-27,59,64,56,-85,74,-47,-83,52,20,-93,55,53,-57,-64,-46,71,82,91,11,-82,20,72,42,-85,58,-65,-57,-52,8,-66,25,80,32,-18,79,-95,1,56,-24,-36,2,53,42,-27,-98,-78,16,-34,32,5,-28,34,-94,-14,99,20,60,33,-38,77,74,59,-32,-44,-78,-71,43,46,49,99,14,-7,-97,24,-55,88,-38,-28,7,20,-31,-50,-2,-88,87,-42,8,87,-63,-66,-77,95,46,8,56,87,-98,-23,42
15,77,-53,-89,97,46,-28,-38,-2,92,71,-95,66,-89,-95,64,24,75,-25,69,56,28,-24,37,50,21,35,53,22,98,-61,21,-92,98,15,-12,66,89,9,79,56,46,70,38,33,75,49,30,-78,-56,-39,-41,-60,-47,-58,-71,-12,72,81,-78,74,-45,-26,79,36,-92,-56,-79,82,0,-65,87,-92,100,-41,5,-35,-63,58,31,-8,-25,-58,63,23,50,-10,22,-85,48,38,96,38,13,-74,42,-71,49,-37,-17,82
17,-6,32,-82,5,-98,-66,82,69,-73,-73,13,-75,72,9,48,65,11,-89,-40,-5,-48,-29,5,-91,73,-98,19,41,30,21,-74,-49,20,94,-29,44,63,63,-1,-72,-33,53,26,59,-46,-61,-46,-85,-38,36,95,-51,-93,65,51,-6,-33,-92,26,58,-80,95,-38,75,79,2,57,-44,25,23,98,-45,-11,90,-98,-2,-12,8,-47,-19,42,15,96,17,-7,-83,-8,4,-88,-2,-92,69,-67,52,74,-9,-3,-4,-72,24
100,-8,49,-92,89,93,14,92,-42,-12,-94,37,-21,-43,68,72,-32,-53,94,-54,-3,87,14,-91,92,33,-79,100,43,-6,-53,-19,100,-100,-44,-92,-46,-70,86,59,44,-88,33,48,38,-29,-100,-14,-34,-67,-12,9,-51,-75,-20,-46,97,36,-39,76,4,-76,6,26,30,76,16,45,44,-2,23,-85,-13,-98,-40,-21,15,-91,2,37,-13,62,76,72,90,60,-68,11,-21,14,9,47,49,57,12,51,73,19,7,39,74
1,-78,-74,90,-56,-72,34,87,91,-77,-4,92,16,-52,70,38,89,-93,-35,27,18,-5,-98,95,-19,-56,-57,-43,-4,-18,57,67,-21,-53,-41,70,-95,-97,-67,3,28,-86,-85,13,-37,-89,-95,16,-22,-58,-50,-30,-92,-56,-43,16,16,75,12,-38,-63,-71,-13,95,-25,-36,-62,14,-21,7,45,50,-17,74,-58,98,-66,3,84,50,-100,1,74,-19,-70,-8,66,-23,88,71,53,13,21,-44,82,92,62,4,-39,40,-64
56,16,70,-82,30,97,3,6,-83,-52,30,8,74,47,31,24,-26,25,36,-30,45,61,-33,89,80,-99,67,-34,-63,95,-33,-68,1,-38,-30,25,45,83,83,-2,6,-9,24,18,-32,-28,28,9,26,71,33,-29,31,-94,29,-55,-93,5,46,-41,6,-40,66,-96,37,34,-58,-78,-12,40,46,38,90,60,-37,-52,58,-100,45,96,-55,20,-33,-92,83,40,-28,-15,-1,21,-74,-22,-35,-91,72,15,-14,-98,47,79,19
97,25,-36,-44,15,44,-88,-2,93,11,95,-2,55,49,91,72,30,-51,-45,-26,96,-66,88,-19,-89,-99,9,-39,52,-99,96,70,99,-58,100,37,14,-60,-75,30,-28,11,46,-64,57,40,26,95,-47,-14,46,-13,24,73,-80,-97,14,31,-16,45,87,43,-43,-27,-86,51,75,37,-40,3,-67,-8,-26,-60,18,67,-47,-92,81,-63,66,49,90,-35,45,4,44,-64,50,-83,-77,90,97,54,-28,89,-29,-48,8,1,-28
-95,5,-86,-28,-79,-97,-59,11,-1,-43,46,-91,30,41,56,-97,16,29,76,-65,-85,50,83,90,72,-96,-100,-5,21,-34,-87,-6,97,-34,12,83,40,-40,78,68,91,35,26,-73,58,93,91,41,82,-12,-92,11,-32,-51,-5,-14,-21,-37,75,63,-56,7,-63,-11,60,-87,72,96,29,26,-94,-51,75,-46,-31,-74,29,-53,-67,91,-80,25,-90,-64,-92,42,12,-70,-7,95,-63,-35,63,34,85,34,14,15,55,-37,-72
-71,-52,-37,35,55,42,-65,69,-76,-41,100,-49,98,19,-11,-69,-7,86,-33,-94,-45,69,-81,67,21,91,-35,68,-20,-56,69,30,25,72,16,74,-2,45,-66,31,59,-32,-92,29,42,82,-87,6,56,-98,70,-92,28,-92,-89,-82,-94,0,86,14,76,93,-27,95,5,37,-69,-34,92,-93,-36,-80,13,41,-11,34,-66,-39,-2,-6,-25,1,39,-36,-74,-28,-4,9,-75,-27,-13,-73,-74,52,-100,51,53,76,77,42,1
-17,-40,-73,22,-34,-88,45,72,-2,-44,8,-93,-75,68,-93,42,3,91,-15,55,-22,30,-44,-83,7,-80,53,-41,36,-31,43,-53,88,32,77,41,-23,-77,55,90,66,-37,2,47,-62,56,66,20,-32,25,-26,6,18,56,69,85,32,-44,-14,-5,6,52,-48,-4,55,38,-41,40,43,93,90,92,-43,-21,95,10,-66,31,55,-40,54,74,-57,70,-54,86,15,-94,31,-47,7,-39,-70,29,86,-98,-90,50,27,63,82
-29,-65,-60,76,-95,-95,-5,-94,69,20,90,-96,-24,84,77,-97,-62,5,65,-97,-87,30,-6,25,-99,95,-52,72,-76,95,96,-17,-94,-51,-82,-75,31,9,65,-38,10,32,4,93,-47,-94,57,-18,23,-87,-32,68,-96,16,-91,-48,-99,77,11,-15,-67,-49,-96,-98,22,95,16,91,-81,-26,12,95,23,-35,49,28,42,-24,28,14,17,-63,51,-18,-72,98,8,69,65,1,29,12,-41,-56,71,-27,67,-85,83,5,70
60,74,-39,59,-65,26,-69,-49,29,4,98,74,68,-73,-33,54,-28,79,33,57,-81,-48,-82,-58,-69,-72,-68,0,2,56,17,-11,-90,25,95,44,-27,62,-50,1,-25,-40,-86,-87,6,67,-88,-44,-23,89,-21,-82,-54,-100,-41,-76,-19,-62,28,-5,66,69,-13,-95,68,-29,-22,-13,89,-30,88,17,-56,13,-91,12,-79,-82,49,-92,33,-95,9,90,-86,80,-69,39,24,45,6,30,-74,96,-74,96,0,29,-19,7,-59
79,-46,-66,-22,65,46,-99,-50,-65,-27,-19,13,-44,-84,-58,-19,83,-13,-29,-51,70,3,32,-8,-2,34,99,-38,-63,-100,-30,-30,-29,-20,-80,33,-52,-96,-45,-50,-17,64,30,-86,12,60,-16,92,35,-55,-56,43,-19,18,-58,74,7,38,11,-22,47,-17,-35,-23,16,-75,-18,54,49,-71,9,0,-22,8,-11,-55,6,-10,-73,29,-99,-35,88,-70,76,8,93,6,95,57,-55,82,1,21,-48,-77,19,-14,-3,-93,-48
87,50,88,60,91,-89,-75,-45,41,46,49,30,-57,66,70,-9,76,-91,22,-8,47,-82,89,79,-4,98,62,-94,-87,-16,75,-47,-72,-3,-6,96,-18,25,44,42,49,-98,22,82,-22,98,-16,41,-56,-70,74,-53,76,-2,-48,38,-74,4,55,99,53,67,43,84,-19,-13,-65,-85,100,-3,-62,1,11,46,-27,43,58,8,-34,-45,1,94,84,36,17,-9,99,-4,-67,-95,-80,-38,-50,-9,-23,81,48,-89,-46,88,-92
-56,39,-74,40,-68,-21,44,-89,-59,-94,15,-42,68,65,60,67,31,21,-32,98,46,-85,-53,-24,-81,51,-20,62,-93,-90,-78,-42,37,69,-51,88,95,91,-18,-11,80,-16,-41,57,1,74,98,48,18,35,64,-56,56,65,25,48,1,-81,-55,40,27,90,-82,71,-95,59,-62,-78,38,19,-70,51,78,-21,-41,76,-93,-22,3,25,59,25,-56,-16,-100,23,48,3,49,18,-33,-54,-5,-45,35,76,30,32,-62,-68,73
65,-49,-13,-19,82,63,-65,-92,0,39,61,-59,-75,40,-94,71,-24,52,-43,48,88,-75,-85,-83,92,32,46,-93,29,38,87,-76,13,38,8,9,10,60,62,-94,15,-95,-51,36,75,58,16,87,-20,28,69,93,9,-65,-40,-69,80,45,53,0,4,-21,34,20,-2,-19,-83,89,-33,52,30,84,66,92,42,51,-78,-46,-44,-14,85,36,45,9,-24,50,-100,-78,17,-35,61,-14,93,84,-55,-48,63,57,-25,-9,-91
-78,29,89,61,98,-71,35,74,34,4,-20,-27,27,-34,-4,96,-25,-70,-51,35,74,-30,-19,-75,-99,74,2,-3,86,80,-32,-93,83,-96,36,91,-56,22,88,-8,-59,-57,-83,15,6,-17,59,-51,-35,-22,17,-22,52,-37,60,-100,50,18,90,-98,-43,100,41,100,85,-10,-85,-8,34,-16,-40,44,-21,-67,44,18,32,17,-13,-58,47,-83,64,28,-80,-3,-2,82,61,-20,32,-59,23,-50,-100,91,81,-66,-40,-74,44
-73,89,-42,55,-98,88,-1,64,-55,-83,-39,-1,22,-7,-44,14,56,-3,-2,71,84,1,-64,54,52,69,-10,-2,41,-8,78,-52,76,37,61,-57,71,-61,4,-17,13,59,73,2,17,6,93,78,91,-21,2,98,-25,-13,-51,51,-93,-52,-54,25,-45,-69,-48,-23,22,85,6,25,90,-62,95,78,25,-39,39,18,26,-91,58,-4,-70,96,-39,-30,88,-34,96,-18,88,-74,22,79,-8,-76,36,-62,-70,75,-68,82,98
15,-44,66,79,25,53,-89,34,-4,16,89,20,33,98,-89,-88,-15,-32,-52,-92,41,71,-46,-47,48,48,-67,-57,47,60,-67,4,23,-65,3,82,36,96,-36,61,82,31,91,-58,-92,-5,64,72,-98,94,-88,93,-73,-12,60,64,4,-96,-58,-86,-70,-34,-61,40,-57,41,94,-93,56,-20,-43,-95,-70,-63,39,83,-32,-94,-75,35,71,-8,-86,51,-56,50,79,-75,-10,-87,94,-78,-43,77,77,-11,93,94,-33,-43,86
