-35,-37,55,-83,-63,-47,-20,83,-11,-87,-27,-39,27,-66,28,57,64,22,0,25,63,-65,95,-59,-19,-32,6,-81,-86,87,37,79,55,-96,-17,-48,48,-15,-24,-59,-30,-23,-28,44,-8,23,-76,-41,63,-65,39,-78,-72,68,-89,-59,53,98,-86,-78,53,21,65,14,-69,97,-7,33,-63,-67,-56,-3,62,-65,-28,-49,-73,12,80,-13,-3,86,94,-69,-78,-13,30,36,40,-69,-21,30,-24,-1,100,-96,14,41,-15,-89,98
-28,-23,36,51,53,85,-7,-43,-58,-78,-90,76,27,86,35,74,90,16,-23,62,5,59,35,-60,-55,-77,48,46,-87,84,-35,-72,50,-48,-45,-97,-73,-63,26,33,-87,-20,1,-64,20,-80,-87,-12,-30,87,29,-22,-23,-44,28,-42,57,77,77,-51,-68,81,-48,-33,80,39,-27,44,84,12,82,-97,1,41,88,24,-5,88,-98,54,-89,62,-7,26,-37,-30,-28,-34,-87,94,91,-82,-95,-93,-61,82,12,-80,-99,-52,9
-50,100,89,-99,-91,23,-41,-13,-24,69,-63,74,47,-53,66,-9,-29,-14,79,-5,67,-15,-33,32,56,-90,-98,100,84,-79,-2,-4,-81,95,-91,-24,-35,-54,79,-33,12,-50,12,59,-72,-80,-62,97,-11,78,-99,37,-9,-32,2,78,-61,6,-50,45,-68,-19,100,-59,-58,-41,-6,-52,19,-5,-63,-41,64,-80,-90,44,93,53,65,80,97,30,-65,19,43,84,38,64,89,-13,24,51,-41,-31,-7,-57,-51,-84,85,-11,-70
18,-18,86,54,72,40,-89,-9,6,30,-1,-92,-70,66,63,-100,97,97,-38,-46,100,-49,33,-92,-47,-100,-90,14,-34,41,-85,-8,59,5,55,-35,45,-33,9,-63,27,24,3,-44,-38,72,67,-40,25,36,46,11,3,-39,46,-87,-68,24,-60,94,-80,1,18,17,-66,-59,80,42,21,-4,-29,67,-43,-99,-47,51,41,-13,-71,-60,-56,35,86,-26,99,-34,71,-48,97,3,77,16,23,68,38,-25,43,44,-99,70,68
-76,75,57,88,-89,-41,94,28,11,23,51,35,45,-69,-99,20,-42,-66,72,2,51,31,-93,-83,-91,-39,-7,-33,27,20,-4,-94,29,58,14,-88,-68,-85,74,95,100,15,88,-67,15,27,-16,97,-91,-89,-16,-22,91,-35,30,85,-28,-66,-42,94,-40,4,-1,7,68,43,97,-4,-47,99,70,47,-94,51,14,-93,-61,-49,58,-85,40,-81,20,14,35,-51,19,100,-66,91,-61,72,48,-100,-59,-17,-79,-56,92,-21,38
68,-34,-10,-31,7,-50,-12,14,10,55,12,68,40,-56,-63,75,-40,24,-68,51,55,78,-10,42,-44,35,-54,26,20,90,47,15,-36,88,-73,-14,71,12,-11,17,-19,69,-18,73,5,-91,-13,81,31,-16,87,43,-67,52,-19,-47,86,-3,24,3,-93,92,-94,2,-73,-6,82,-22,-32,-53,-24,76,16,37,-30,-13,76,59,14,54,52,40,-87,71,-46,-11,-14,-44,-76,75,-20,-43,-92,78,41,-74,65,-8,-9,4,-51
-59,56,74,76,23,77,-81,-4,40,33,-100,56,36,-45,-68,-8,25,61,47,-97,93,-100,-68,-93,-11,75,-74,-54,-38,87,-29,49,20,94,-68,100,49,53,62,66,62,47,23,-6,-61,-61,35,-96,76,24,-82,96,79,16,11,-84,-99,72,81,31,14,-4,17,37,-30,3,87,-79,-34,9,12,56,-29,-76,2,82,78,56,-24,-74,49,-33,47,-21,-40,10,-41,-56,-41,-12,64,39,-87,96,-38,14,-20,-16,-92,-4,61
-92,-41,-19,98,26,2,-60,-39,-74,43,85,-40,11,27,39,-59,-8,23,67,-97,-17,-44,100,-40,10,58,14,-65,74,-4,52,-74,5,29,-86,-91,-11,29,100,45,15,33,49,36,36,95,-42,3,96,-74,-99,7,-31,-43,-28,-12,-68,-86,-54,80,37,30,76,85,-57,22,73,75,-70,-47,-26,51,72,-88,-60,-60,78,-62,90,-8,87,38,81,51,-44,-24,31,-78,-53,-34,-47,-55,11,66,16,42,17,30,-5,-73,-13
13,-29,-73,-56,92,28,21,-70,-42,15,92,-27,39,85,32,-36,1,-95,-93,-77,44,-92,-70,-78,-68,-81,80,-89,1,-95,-61,-53,-16,38,-91,-100,98,-51,80,-32,-98,9,-1,-70,25,58,5,-80,-99,-4,90,-13,-54,-65,-69,45,-23,-99,-37,-75,-62,-73,48,-89,-33,59,-1,-25,-11,55,-47,35,26,86,-77,16,22,-74,-56,8,-94,-72,63,-57,93,64,-6,73,8,-83,37,2,76,-83,63,-59,25,62,-31,-8,97
-82,99,93,-30,-90,67,-13,-54,46,-52,-77,4,-7,-15,59,-18,8,14,-90,-41,22,1,-78,-16,-38,-79,50,-100,68,-62,32,-82,-49,11,-62,-98,-47,21,-48,78,-100,100,-87,79,-90,91,-52,-49,-21,61,-60,-93,-41,-79,47,-43,14,35,47,23,-80,-43,-34,-15,-85,12,63,66,82,94,30,-63,1,11,65,54,64,-63,-20,29,67,27,80,-78,-90,20,-17,-14,5,21,-95,-68,85,29,17,48,19,-61,-78,-74,-47
-45,19,-46,74,94,40,-38,93,-26,90,58,20,6,38,-12,-40,-87,-85,51,-96,-53,79,-84,41,26,54,8,-89,13,-18,44,-4,-66,-71,-71,33,69,-45,-77,29,66,-51,26,-6,91,-74,59,88,10,59,36,46,-82,53,26,70,69,30,99,77,-49,59,-72,-3,49,-85,23,51,2,-21,42,24,49,-82,-2,36,33,-93,-68,-69,38,-75,22,6,-16,8,92,25,19,-45,-59,60,8,16,-29,91,20,8,44,82,52
54,45,73,-32,-89,97,-15,24,6,-66,88,28,0,89,-77,-66,40,-77,-24,70,47,-100,6,-33,-65,-6,56,-55,-72,-36,-58,-14,75,-11,-23,-44,48,-12,69,-84,25,8,-64,-59,33,46,91,70,94,-60,35,35,-8,-79,-94,16,50,14,-69,-59,28,-14,45,21,-51,-3,-94,53,39,-16,0,93,-78,-36,-17,87,-27,3,76,41,49,-67,86,64,-87,-98,-80,5,-61,2,-4,-48,55,19,6,-81,2,-99,-55,-70,-92
-91,50,2,-60,-11,-5,-43,99,18,-13,73,74,-5,-83,23,16,-97,-20,-18,-49,25,-85,-18,-2,-26,89,74,-20,79,9,-94,-64,97,-14,-89,-55,27,-97,45,42,78,-12,0,-95,19,-20,76,-65,15,22,-76,-59,90,-30,8,67,7,28,-46,12,-28,0,-60,93,55,28,74,-94,87,-63,94,-78,56,-60,90,43,-1,-56,-79,85,-3,-67,61,68,99,63,-60,82,63,-97,-41,29,-12,-2,-21,40,88,76,23,39,43
87,-64,1,-55,-43,-97,-100,24,100,-25,-26,45,30,1,44,-62,-39,86,-33,13,79,-16,-36,15,-71,20,91,-45,-68,-37,73,100,24,0,-11,-83,88,44,40,49,-82,-41,-68,-88,-15,10,-59,-70,-1,81,-49,-2,59,100,-20,72,-23,75,41,44,14,68,-54,3,95,-21,92,46,-95,4,-64,-2,-66,15,15,30,55,60,-6,-12,92,-69,-31,3,30,-87,-77,91,86,44,90,-9,93,-34,18,-81,-65,41,30,24,-53
64,-26,73,-11,-9,59,-63,-73,-99,66,73,-86,-69,45,-17,-41,94,-42,59,24,-61,-27,46,-75,44,20,-9,-13,-34,53,-94,69,-54,69,11,49,89,-9,-93,-39,-51,-59,-16,65,-32,-31,90,46,62,62,-57,98,7,-39,-48,84,57,-48,15,92,-42,84,-14,-14,-57,80,-47,15,-67,-33,3,-80,-82,-3,3,93,-15,31,-86,-54,-84,34,-43,28,20,61,59,-87,-45,76,62,-84,52,96,-55,93,62,5,-86,-34,88
-79,-75,-37,-77,-79,21,31,2,67,-15,25,-11,25,-38,-18,12,-95,73,-20,-65,66,-66,37,11,-84,-88,56,75,50,85,91,-40,82,-23,-32,85,58,13,2,-42,-36,-74,-63,28,32,-43,-86,-46,14,63,-23,-76,-62,-62,-92,-55,22,55,-42,21,-12,-62,-23,-65,-7,11,-75,-52,31,82,-17,7,-90,23,35,44,-6,70,15,-90,88,-54,21,67,33,52,-59,60,33,25,-58,42,-98,-23,-20,100,-22,-47,94,-22,-66
1,-32,56,47,58,-32,54,85,-63,-68,40,-45,-88,33,-85,64,-6,-48,40,-56,-40,-69,83,1,57,99,18,82,94,40,-2,-47,-88,6,45,-2,4,94,16,-29,-47,-36,-47,-48,62,0,-19,-21,-50,81,18,-41,6,22,-43,34,94,23,76,62,76,-99,23,-9,93,43,-95,80,-31,82,90,60,49,-70,-83,-56,-25,-65,-41,19,-26,-87,66,41,100,-32,-59,82,-89,7,-25,-52,99,-6,100,9,59,13,13,50,-46
16,-15,-48,69,-23,47,42,-100,54,-46,-37,1,-52,46,-30,-100,-9,-10,71,100,72,13,-3,37,-15,30,-39,10,-40,47,-12,-67,69,76,-9,86,19,-22,78,-54,17,-22,44,-60,-34,10,11,51,-81,100,53,-98,37,61,-16,27,95,-9,21,-68,74,77,79,75,-4,-46,-67,-23,-4,-12,-3,-100,34,-78,64,65,43,26,-92,16,-63,6,-28,-3,-88,71,30,46,-89,91,24,37,52,83,-51,84,11,-50,-29,-23,0
5,-50,53,-28,-45,37,74,-48,-95,-94,52,-30,53,91,19,42,33,-88,-8,47,14,54,-47,-24,81,86,-64,83,4,-67,71,-64,21,-11,-44,16,-6,-20,-92,-28,73,78,47,72,-58,-2,-40,-52,54,-42,81,5,71,51,6,-97,-44,34,-23,24,-51,-29,20,-1,-72,88,-52,35,52,95,-55,15,-56,-41,-8,-25,-77,82,-26,71,-71,-21,87,15,18,33,0,49,-52,-25,-51,-47,86,-48,-76,-67,64,-45,-24,-68,60
57,65,-69,-38,62,-80,-97,-97,11,6,8,-5,-69,26,-12,78,85,-26,-81,97,28,63,-84,-32,-77,49,-50,-74,88,43,-84,-10,-20,7,-21,-61,53,-54,19,-41,-87,22,-82,53,-17,76,17,40,63,24,14,-21,57,-53,-36,60,-42,28,74,61,5,-11,59,-3,-89,36,-86,-73,91,54,-88,54,-77,28,-87,49,-7,-97,-8,59,67,-33,3,-3,34,8,-13,62,-11,49,-27,56,-13,37,30,12,76,-5,36,-10,77
-72,64,-98,59,-87,-76,26,-15,32,-63,96,-84,-38,33,-99,81,-12,61,-49,85,-4,-24,-49,-15,60,76,16,27,28,22,32,-5,-3,82,-25,64,-91,-19,-54,79,25,68,-72,-2,27,50,64,84,-53,61,76,90,20,65,-15,-37,-90,-36,-81,54,-62,-37,-86,4,49,-16,74,90,-54,82,40,70,82,61,47,41,3,-83,99,97,-35,-58,-24,47,58,86,84,18,22,36,-72,-21,80,84,99,-70,92,-75,41,5,1
34,93,-55,-88,0,-32,-9,92,69,19,56,-79,1,77,41,-33,-21,-100,25,72,-73,97,-72,-8,89,-36,76,-35,-14,32,-46,-92,97,10,-45,10,-72,37,-45,66,73,28,-57,-24,98,-90,-66,-62,-7,-52,-14,76,-10,32,90,-78,-77,97,20,-70,-31,42,21,-21,-77,52,89,57,97,-26,-59,-68,-18,-26,-81,-54,65,60,-28,86,58,39,75,32,-90,-18,0,-87,-75,-50,3,11,15,-89,71,-24,14,14,-94,83,-7
-26,72,-57,39,50,35,-70,-40,53,-42,36,71,72,81,-62,-63,84,75,-78,-33,50,-17,-69,65,84,94,-12,51,-65,-7,-9,-21,13,-34,37,-89,54,83,-38,59,33,-68,80,6,-85,98,66,-57,100,39,63,89,59,-3,-95,-81,-51,-46,47,35,3,63,-24,10,-35,92,63,6,-21,-18,96,-2,-46,50,-66,71,84,42,-19,5,-86,-41,55,-40,23,-70,24,-78,28,-84,92,-63,-96,38,10,-25,-6,75,3,36,21
-88,40,-70,45,44,2,-82,-28,48,87,-38,14,96,-11,91,-36,88,33,-70,-89,-99,40,-92,-1,-35,-11,-41,-76,26,87,32,-92,-43,-47,62,-90,27,-9,-82,69,17,-95,55,-63,7,-60,-95,-87,-84,-98,50,-81,19,-33,77,43,-1,-82,-49,94,-61,1,-23,50,-28,50,-29,20,64,48,36,-21,-55,-1,-90,-55,-34,-14,1,-89,-79,0,-45,65,-44,10,63,-84,37,-50,29,-67,-61,-24,-13,64,44,-8,-66,-31,-21
17,-15,63,-19,-18,-77,-20,31,39,-69,-50,100,30,-26,-13,89,2,-25,90,4,-81,-58,-16,-69,-97,2,97,95,37,43,-100,-30,-3,-27,99,-94,11,-18,58,44,8,-90,-61,26,61,-50,21,75,-98,-55,-90,-16,44,-91,-50,46,-35,-74,5,71,41,39,-55,-56,-33,66,62,64,-20,-70,-48,-66,-61,-96,32,46,28,29,-63,60,21,9,93,100,61,68,29,-29,80,-67,-51,-42,35,11,72,-52,9,-70,-4,73,-73
-8,96,100,96,34,33,42,31,98,-46,52,-91,21,-67,35,-41,30,-43,68,-41,-34,-6,76,41,-94,1,-78,-51,-60,-83,95,78,60,-9,-68,23,43,-6,-64,-91,-64,82,81,-60,27,60,22,47,15,-16,91,8,-13,53,-66,75,21,94,-27,35,-84,46,80,-78,98,-58,-90,62,68,-52,88,78,-67,89,27,-52,22,-76,-19,-16,-1,1,-61,16,57,88,72,4,62,80,-83,-98,39,25,97,20,-39,-29,34,-76,91
-6,4,-74,43,-25,-95,-100,-7,-23,-53,79,90,49,33,-69,-32,1,93,75,48,-84,-99,-36,-66,-4,60,55,-82,-100,87,-14,-38,37,74,-56,95,-85,51,-73,69,85,36,-70,-17,78,2,-69,-53,-73,-25,95,-46,21,74,-24,-16,78,-30,92,-74,23,-62,-40,16,-19,75,41,-44,11,29,-64,-88,23,52,76,77,-80,100,-78,-96,30,-33,-4,42,42,-27,-41,-98,-17,18,29,-94,-49,85,93,35,-44,34,31,-65,-57
17,23,-36,3,35,-91,26,-32,100,-58,-59,-45,-37,94,99,25,59,4,-19,-11,10,80,-76,-13,-87,56,12,-26,-1,53,-77,15,-10,-12,20,11,46,55,97,-62,-27,67,5,15,-60,-73,-65,-22,-42,69,-94,-93,-15,-15,-16,-85,27,22,-54,16,-56,15,97,-48,11,97,47,54,-78,-36,-52,64,45,8,-27,93,-53,-38,98,-57,-92,-63,49,76,60,-63,44,-83,57,-18,-51,38,-23,83,58,10,-75,42,81,-34,-98
-27,-48,-9,61,-29,-15,-39,-37,30,-72,-7,-17,31,35,-97,-84,49,90,2,82,-53,97,68,14,33,-93,17,97,-64,-16,60,-76,25,-92,-71,63,-69,-50,60,-61,-19,68,-84,95,11,20,-60,99,-68,74,-3,-66,-10,33,31,-51,-66,1,54,-62,100,10,-44,-17,33,-69,-16,76,25,-81,-77,29,93,-14,-70,-96,85,-30,53,-40,58,17,4,74,-45,84,-63,-64,-24,-1,35,-58,-87,-3,-9,-13,-37,-79,-13,-56,-27
-52,34,32,-55,-57,65,38,34,86,-93,-5,-50,-19,-98,74,-40,-2,-83,22,1,7,63,-50,61,49,-99,88,97,3,60,-59,78,-77,14,2,71,93,17,-41,23,-7,-78,9,-56,-20,-57,-71,-90,89,-29,-82,-67,71,-42,-21,-33,19,43,38,-82,-14,49,-21,46,34,-81,47,27,-40,38,32,13,38,-15,-22,-53,-77,2,-76,55,-87,51,-34,3,-17,34,-17,-55,-65,-49,-11,-60,85,72,-55,17,1,25,-46,-77,99
-93,25,72,-64,9,88,46,-1,-50,55,33,85,3,-39,81,75,74,-87,68,73,-15,-46,99,-52,8,15,23,73,31,99,24,-14,-75,-68,-22,95,23,29,47,-58,12,-29,-91,-13,54,-62,100,-86,97,-7,24,-24,2,-83,-59,-26,-4,-1,-80,-87,69,-82,6,-25,29,21,-21,-4,-22,47,83,45,92,-99,17,-15,76,13,-69,25,-13,42,37,90,-30,-55,58,87,15,87,-8,83,87,2,-72,-21,-82,28,37,-62,60
61,66,4,-98,24,56,-5,-52,-9,74,-57,-45,1,-23,82,63,-57,80,21,72,-28,-30,70,9,4,20,-87,86,-86,-15,74,-78,-94,93,-48,-25,-55,-34,-93,-42,-20,-43,-1,70,99,-12,16,-32,94,13,-15,56,9,-10,55,-2,-73,-26,-47,-7,-27,-3,-53,29,-82,72,-18,-67,44,72,-13,-54,80,100,-54,-24,-82,-70,-32,98,-36,90,82,-90,79,97,-1,-32,-14,-84,4,36,65,88,-24,29,28,35,63,-1,-61
35,57,14,15,-88,-39,-68,-77,24,-49,18,-73,-14,-13,31,42,-23,6,41,1,-67,-55,12,58,-56,77,-97,-99,-86,-24,-34,-98,75,-65,71,-77,-21,13,-40,12,-77,-15,90,78,-29,49,-22,-57,-16,8,-61,-19,86,-46,47,-50,1,91,81,-32,-8,69,-24,-17,45,49,-88,89,-74,-31,-60,-27,-9,-71,-85,6,-90,-59,-9,21,26,-39,-6,-89,97,11,59,29,72,-57,-43,-64,-9,69,-89,-14,-60,-94,-56,39,17
-11,15,70,43,24,-27,22,-5,55,34,10,-74,16,-62,47,69,89,31,-48,-87,3,-6,-61,3,-3,-6,12,0,-99,59,-17,58,-56,30,-55,1,-34,0,-40,10,-62,34,-34,22,-23,45,-6,9,46,-92,71,55,-24,-42,9,-88,-21,-78,-99,19,51,78,32,-57,-60,-55,-36,-95,46,20,61,-52,-33,78,87,74,18,-71,-54,94,-70,-76,19,-94,-89,-9,-14,-86,67,-81,26,76,-65,10,-17,-2,-12,-31,54,-9,-22
-69,69,-45,-89,37,23,47,-32,0,-39,27,91,-14,-83,85,-84,19,-94,-35,76,81,89,62,49,-62,-84,78,66,-7,46,80,-19,8,82,16,9,-14,77,-17,35,68,79,62,89,-13,-23,-5,55,-27,-96,50,64,93,-68,-37,-6,-70,-55,-20,-7,-66,54,-77,13,13,53,-54,63,-75,-5,74,-6,-56,-90,-88,-77,95,-45,49,-9,94,-21,-1,-72,57,54,42,-69,-8,-9,52,-53,-40,-80,-27,9,78,-74,21,-57,-37
58,-49,20,12,10,70,-97,33,72,-55,75,-98,97,55,2,-90,0,-50,76,-33,13,18,-59,-15,-10,-78,13,-42,26,-40,22,-14,59,2,-28,53,25,-57,-37,64,41,51,-71,-61,54,-5,93,-29,-21,-28,52,-49,-66,-79,-59,-50,-83,23,-12,51,46,68,31,5,-32,-1,1,-33,91,-91,85,-65,34,-84,63,-79,-38,-87,88,-48,-62,-83,-58,-100,46,-59,-61,-77,-100,-93,19,-38,4,49,-86,-5,18,-4,54,-22,82
-80,91,3,-86,72,-68,4,70,55,-71,-23,-98,96,26,27,-17,36,-55,-11,99,75,-6,53,78,14,-10,73,85,-78,-66,-41,3,62,11,-81,-33,9,-98,-29,-9,89,37,74,9,-4,-82,31,-84,8,-5,88,79,71,-73,57,-77,84,-92,29,26,-36,-25,-89,15,17,-50,-10,86,-52,-80,-69,-2,-50,-30,-10,-21,-38,96,3,-60,-51,-24,44,-55,79,-86,100,18,-26,-72,35,44,27,-23,54,43,-10,-58,-82,-2,-64
55,-46,-73,98,-83,88,-8,-59,85,-39,63,35,-95,52,81,-35,1,-69,-88,67,29,2,-66,16,90,24,-68,37,98,-37,4,84,72,-19,52,93,-51,-37,19,88,-66,-17,-64,2,-54,86,80,-54,-79,-12,42,37,37,92,54,-94,-42,55,51,68,-26,87,-69,9,-21,52,61,32,48,76,10,9,81,31,20,-1,-30,-23,13,26,-73,-53,-47,-88,96,-30,84,-48,31,-100,-36,45,62,13,10,-24,83,95,36,34,-84
-42,-40,69,81,-51,-51,71,-41,-78,-13,-61,-84,-40,40,98,-21,-58,35,93,-4,49,47,-97,96,93,-78,-100,-99,37,75,35,-69,69,-40,-55,11,34,47,65,43,-90,-95,-98,87,-66,1,2,5,-23,-99,-32,-55,-3,-92,-41,95,14,-49,92,-8,92,-38,23,-26,46,77,-14,89,-75,-23,12,-23,92,-3,50,20,17,-48,45,-99,-7,-75,54,67,88,59,-47,7,26,85,-23,-8,-66,-90,57,-31,-96,6,43,71,-48
-8,29,79,-57,-10,48,2,-80,81,-16,49,-81,10,-96,92,-78,91,71,-42,-39,-4,-70,-25,-16,90,10,36,72,14,66,73,47,42,-98,-91,-2,31,53,-22,-62,-4,87,-11,-15,-36,-26,-72,-85,9,40,-89,75,-87,-42,-85,-35,88,16,-3,90,19,-48,76,-2,26,40,14,32,48,16,-17,-73,50,57,17,73,97,25,-45,67,-97,55,-28,-39,8,-44,-34,-31,28,40,35,-97,-78,74,-87,26,43,59,-53,18,41
92,-76,3,-4,-12,77,18,54,90,45,23,2,-100,85,-94,-64,77,59,20,-13,89,69,75,92,49,-37,29,-68,48,-62,-22,-7,9,-75,-98,-60,11,-8,-33,82,-58,74,-83,-62,54,26,-48,14,64,10,41,75,95,-12,31,-37,37,-98,96,82,-52,24,15,52,8,-32,-83,-17,49,21,48,-94,24,-73,62,75,-72,-80,-11,23,31,77,36,-7,-16,76,-47,98,-12,66,65,13,-100,85,51,-95,-40,89,-41,64,-52
64,-11,-88,-33,-7,22,26,-2,-75,78,37,60,-98,-58,46,-75,91,-74,-32,-2,75,44,-16,50,-63,-5,17,92,-62,86,54,69,-30,98,-11,39,-96,-23,64,-24,-3,-48,32,-68,44,15,-78,-76,-45,14,81,-12,22,-22,80,-59,45,-57,-35,-48,32,-97,-18,-33,-80,71,-76,53,66,-96,71,68,43,-9,22,-39,76,-51,75,59,-47,50,-92,-54,-96,32,45,29,1,95,-90,35,46,76,-16,-33,-74,-88,-88,68,66
-95,-94,-79,48,41,76,7,16,-2,24,55,78,-31,85,58,-16,60,-91,-39,7,-1,-16,-60,43,-96,-7,-28,68,-15,34,42,49,-99,82,78,-75,25,49,95,99,-16,28,-53,-51,-91,84,75,67,-86,35,-89,83,-93,51,-20,100,-84,-53,5,-93,93,-81,-55,-84,-66,-18,27,83,30,-82,-86,38,-54,73,-58,26,-83,-17,-48,29,-20,-36,-28,69,58,0,-45,4,76,-43,55,88,-98,-31,60,-4,94,48,-3,40,84
-84,-61,-24,-24,95,-89,-75,-54,85,-66,45,-61,-88,59,-87,-29,23,-53,4,84,-83,6,-44,-6,-45,-86,68,-99,12,-41,-68,-85,37,43,-63,-99,0,69,41,-58,94,60,-22,-83,-73,36,-94,3,7,-60,10,62,-19,74,38,97,-46,90,-55,-58,-78,-72,19,38,-11,86,8,94,-97,14,-84,38,-22,-87,-62,-24,-12,-89,60,7,-90,64,41,48,54,72,-13,60,4,76,-3,-74,40,90,29,91,-45,52,37,75,-94
70,-23,-26,23,21,-28,-81,-4,60,5,12,65,-49,-80,-42,18,30,43,70,89,97,-2,35,23,4,-56,98,-13,-7,-40,73,-83,63,-11,-85,-76,-15,-95,-61,30,66,-59,-96,72,58,-6,5,-42,-25,-84,-30,93,9,-70,67,33,18,87,-95,-50,-24,-18,-23,96,-22,-29,19,2,93,78,62,10,-89,-75,-65,25,99,81,-3,28,85,-24,-46,-72,-11,89,22,-61,-57,-52,-1,30,-43,88,-7,1,-65,-98,-67,7,-61
75,47,0,-18,23,91,-15,24,77,-4,7,87,-57,52,72,13,31,20,-100,-63,37,-41,0,63,84,-16,-58,29,-8,-83,-6,-5,93,64,85,32,-5,-52,-78,77,94,43,-4,2,-36,-54,-18,48,-2,-91,-9,-41,45,-37,63,-70,-73,50,2,34,23,-39,52,-10,-46,-52,14,-66,82,15,21,-94,55,-38,73,94,15,-5,34,-12,86,-58,1,-68,80,-79,-43,-64,52,85,63,23,91,-80,77,92,-70,-36,15,81,-25
83,-71,-41,-88,-79,74,-55,-11,6,-9,95,18,4,15,-5,-66,64,82,61,-44,66,-99,-4,41,-73,-79,33,-74,56,100,-44,60,-94,-76,-3,98,-28,45,-47,-96,35,-90,-67,18,32,90,-50,9,-96,-99,88,-6,10,89,-39,-27,-23,-32,89,-49,0,47,45,37,-17,-79,10,-3,-64,-42,-49,-59,81,-1,-25,34,-69,12,25,19,-41,24,-15,-37,40,43,49,-20,-20,-81,-31,24,-59,-33,20,82,88,-53,70,51,64
21,-89,100,25,-68,-45,-62,95,64,-19,87,-79,-40,99,25,-10,4,-52,62,64,13,54,27,-42,-27,26,-79,14,-10,-95,-100,-48,-85,29,96,-5,-65,24,-99,-97,88,99,6,-25,-45,-60,-49,-52,-11,2,-17,56,45,87,-14,-91,29,82,-9,-26,66,-83,86,-54,-8,91,-27,65,-100,70,-35,4,37,-52,-87,-12,-64,57,-85,46,-16,45,10,-59,1,-44,82,91,-22,-53,-95,-5,90,54,28,-4,-82,70,-76,-86,-47
-67,22,15,53,77,8,83,63,26,20,1,26,-78,36,-84,72,50,-8,-61,-80,21,20,28,91,81,83,42,75,80,-22,-85,24,45,38,76,16,64,-63,-73,-66,-50,22,79,-79,-57,21,35,-67,66,-9,-31,62,80,70,34,23,95,-63,-90,-62,-91,0,12,96,55,26,19,43,47,6,-58,23,-20,26,-74,-57,-28,-87,-9,29,99,96,-30,59,-31,98,15,61,-70,-4,-89,35,-97,75,-71,82,-54,53,31,73,-92
-80,-19,-27,-3,50,-90,52,3,-22,-30,-15,-29,52,81,-47,-64,-62,-72,-62,4,83,-30,39,71,-22,-100,37,-96,71,-92,4,91,70,-84,-74,-76,71,-57,78,72,6,-89,-41,-93,76,-55,11,26,-69,96,-49,38,-5,97,36,51,84,30,-8,-87,-61,61,68,-56,8,-64,-33,-30,93,-16,0,-100,3,-41,-36,25,-13,-98,-50,-6,20,-43,-69,67,16,-35,-29,-97,98,18,56,-10,-16,-85,46,-99,71,54,98,94,22
53,79,-12,94,28,77,-96,43,66,21,77,-6,21,98,41,-22,-2,65,-32,-12,25,97,-72,52,93,0,-84,-92,-26,61,82,74,-80,32,-82,-23,-16,95,68,-64,-62,-4,-37,55,47,-38,50,12,22,-73,64,-3,-21,-55,55,14,-83,59,-97,4,39,-73,25,-52,43,77,75,-6,82,46,23,-38,75,71,5,5,97,6,-59,61,-99,-49,70,10,-77,16,84,-83,10,-36,-41,-50,35,61,-17,-2,-39,21,69,45,60
77,-22,98,-4,50,-45,57,-58,18,-28,66,-2,-35,70,-41,-58,-22,-23,55,-82,97,-31,72,-3,-71,91,82,51,-57,-59,-78,75,-69,-3,71,74,25,-61,-44,-4,2,92,-16,41,-100,82,-36,2,-71,-92,81,-85,-52,56,57,22,69,27,-65,-51,-43,22,63,-67,45,-54,68,-78,60,2,-100,-13,74,-26,-12,-48,-50,3,-99,-49,-99,70,-79,-38,-84,-74,51,10,83,-83,27,0,-32,80,33,-37,-79,-59,40,23,40
-49,-11,20,-61,-92,-83,49,61,91,33,-13,-47,96,89,70,-21,32,0,75,-34,-88,99,86,-11,-85,90,30,-11,66,-22,42,42,-2,-43,27,20,-3,29,-61,-59,43,85,-97,-8,76,-58,-18,67,7,56,-38,-97,-35,-73,75,-83,98,70,-78,44,-71,-23,-48,-37,51,97,17,-35,-15,59,-38,-79,27,5,24,40,11,-11,44,-59,5,-60,-70,-45,18,-93,5,43,22,29,97,58,-30,-28,30,-79,-31,32,38,-11,-42
19,-54,-63,10,-54,48,-88,-65,29,-62,-12,10,87,1,25,-30,-84,-83,60,79,-88,-91,78,-68,-100,-68,56,-86,-12,-71,63,17,36,20,24,56,98,13,-80,-63,-15,-59,34,-23,7,41,-14,-84,-81,-43,-3,99,12,-90,73,49,25,8,34,-70,-36,64,53,94,-38,93,-65,21,-19,-97,61,-68,28,-8,-48,84,-58,89,0,53,-51,-52,72,96,-20,90,41,90,19,44,59,-93,85,74,-21,52,-92,-14,-54,60,39
9,-30,-80,27,25,-10,-69,-47,-53,33,-85,30,57,34,-92,-12,-17,-6,-47,93,-4,-12,-47,8,-94,81,-43,15,98,-54,99,83,76,93,-81,-8,-34,36,47,59,100,-88,54,-97,81,89,87,46,39,35,-2,46,15,64,98,39,81,-18,52,99,48,-60,-84,-96,93,40,-31,-97,24,76,30,-75,-47,-19,-100,77,-62,-6,9,-83,-58,86,35,-76,23,30,-85,-33,68,-83,-80,19,-79,46,-2,-76,-67,-87,73,91,-99
-89,66,-93,-82,37,-28,72,51,-18,92,-21,-71,83,-62,-58,29,-51,-1,83,-99,-34,76,-42,-19,-18,90,-47,-72,12,89,-61,6,71,46,75,-92,-79,96,-77,48,7,35,-8,-81,3,-80,-25,-75,-72,-1,-25,7,71,-82,21,-97,-61,-69,-19,-62,-42,90,-6,26,59,53,22,67,66,61,-21,44,-35,48,-17,58,-97,-78,-22,53,-76,-80,-83,-26,6,23,-51,53,19,80,-9,72,89,97,10,53,-27,-36,79,11,-47
100,19,91,-26,-55,10,16,1,-4,-70,-75,-87,-54,79,-40,59,-77,-59,1,100,-52,54,28,13,52,-40,-80,-45,11,16,86,72,-72,-24,-7,-59,47,-6,-32,7,46,-90,23,5,46,-87,-89,-40,-71,67,-23,53,-60,-89,1,28,90,43,-25,-64,-15,11,-52,43,-84,-15,-28,75,90,-76,37,41,1,10,-46,45,-96,-93,-22,-10,100,16,61,-73,50,-19,-91,100,-58,30,6,-24,-94,-83,18,-64,5,-40,7,-66,-66
40,98,15,-41,59,-22,31,-43,53,-67,13,59,6,88,60,-66,-42,-5,-11,87,-48,39,2,92,-44,100,6,81,33,86,3,-4,-86,-91,-42,2,25,2,-69,-73,95,3,8,-85,18,-35,-11,-40,40,44,58,38,-55,-95,92,15,-27,-41,-68,24,-65,10,-64,10,-61,68,48,-57,65,-28,-77,-23,85,59,55,-89,-8,52,29,88,-7,-55,-17,-33,62,25,-29,40,22,-24,-18,11,85,97,-76,75,-39,95,73,3,76
56,25,58,-22,43,-97,58,93,-78,-97,98,-80,-17,75,91,7,87,61,60,-93,-83,-64,20,43,84,54,55,77,-8,22,73,-80,-81,-42,-2,-6,-80,-64,-17,-78,-96,-48,24,-10,1,12,33,21,-12,-18,-55,53,15,-86,1,-62,-26,89,-97,-1,-47,85,78,51,2,-4,-67,-2,-15,44,-33,10,-21,-86,-65,-3,-7,-74,79,50,36,80,-7,-52,-21,44,38,53,-48,-24,-59,21,-69,-76,-43,16,-75,55,-74,83,76
92,-69,11,-82,26,64,46,-68,-2,93,-8,49,-19,91,81,-61,13,16,-31,38,-78,-73,72,39,38,91,78,-33,53,74,48,-25,-39,41,-77,18,-67,92,-60,-55,-38,65,-73,46,68,-76,-6,-32,-95,76,30,-45,-54,17,-8,57,-6,2,5,59,-89,-61,-74,38,38,78,33,24,-1,-100,-4,-80,15,15,50,-77,8,70,-11,56,-26,16,-86,18,-64,-79,-49,-22,40,-42,94,-20,71,-5,-48,-96,-29,-2,-5,-82,77
-50,-59,-13,-48,63,-94,-5,50,60,-41,-27,69,-50,-93,-28,-31,-63,70,-4,-94,59,71,-89,-4,39,65,62,74,76,79,89,57,10,-33,68,46,-85,49,30,35,24,56,-14,11,-45,86,-77,12,41,-20,-87,32,66,-54,15,29,-63,-36,41,86,-56,-66,91,4,-37,-23,53,-54,95,-19,0,31,-41,-57,48,30,-51,-78,-46,-1,71,-67,0,-6,-45,86,-67,-78,-46,69,6,82,-79,-52,20,2,-61,72,-61,91,75
6,58,-44,24,51,-59,43,64,97,21,91,93,-90,10,37,88,66,41,-32,95,-37,29,23,-94,78,100,90,-6,-31,-19,5,-33,-79,-35,-38,-77,90,69,78,-53,66,34,-75,-100,-52,-35,-44,28,86,24,-97,31,99,88,-31,2,-48,-3,-99,43,29,2,-35,25,0,38,-28,-72,-94,61,58,-12,-67,24,-60,95,38,43,-53,40,-65,-82,75,0,-26,41,65,13,96,-63,51,16,91,-78,-85,-75,22,48,-54,80,-36
78,31,41,72,46,91,-57,-72,-11,-44,-53,-42,-46,-44,59,-47,70,65,55,12,79,6,84,6,-62,71,18,13,-14,54,-91,4,-86,12,45,36,98,85,-79,51,-49,11,-77,-28,-15,44,-78,-25,-13,-74,-27,-92,-97,60,-28,74,40,34,-23,32,-35,99,7,10,-19,-37,-20,2,54,-60,29,78,-51,-16,-96,63,-15,-5,62,-31,-84,-69,0,94,7,66,69,-45,36,-65,-75,6,-23,-91,-30,54,22,-30,-85,30,72
94,23,-82,-95,92,3,-21,93,-17,-30,-58,-72,13,13,82,99,66,38,69,-50,-35,52,55,75,55,-41,69,-63,41,-46,75,26,-39,-99,81,13,96,48,83,-46,46,-21,-37,-61,-58,0,-37,-96,-53,-57,84,9,-43,12,43,13,-34,-98,99,6,-76,-43,6,22,61,-26,-60,-73,26,-40,72,95,5,45,-33,-100,-23,89,-21,76,-33,19,-83,56,42,-74,-63,-13,75,-23,80,-10,-34,89,93,-24,-33,61,-91,-35,86
41,-19,25,87,85,-66,-38,-76,-80,69,-56,-64,-79,82,-94,-7,77,-77,-94,91,58,-13,-73,-42,-35,44,0,96,88,6,53,-93,-81,-19,-56,96,-67,89,-16,-48,-42,-95,49,-54,-73,-38,11,-73,51,32,-24,56,99,-13,40,-11,1,74,-55,16,-99,-11,-79,-37,25,-42,-67,27,-50,-65,17,25,-46,11,-98,-80,75,-69,-72,95,-92,56,-21,23,-95,-72,-20,2,67,-41,42,12,-69,38,-37,-54,8,80,-16,-58,-45
100,-3,-41,-55,11,-42,-71,-23,-89,83,-94,-39,-70,-100,-93,8,-79,-51,57,28,77,29,93,-92,94,-3,-43,-74,48,7,-27,-70,72,-23,10,-99,76,-40,92,-94,-62,-48,-67,70,-31,-83,-27,0,-60,-29,-91,-81,-75,85,86,42,100,56,-13,72,-37,24,14,27,79,-40,-44,-54,6,-64,-37,-31,-42,92,44,56,4,24,65,-37,-69,100,98,26,96,-78,-95,-1,-94,-26,-22,-46,-83,-92,-73,36,-32,14,-53,-51,5
20,-99,-95,-51,2,87,18,-17,-16,-38,-61,-28,97,68,71,-73,-50,-89,-27,7,-38,-57,-89,50,-83,-17,0,15,-79,89,-66,39,-48,57,-53,80,-83,-51,76,23,-91,-68,88,-29,-88,85,76,49,-86,45,20,-26,-11,4,94,38,22,37,-2,6,47,36,91,37,48,-50,90,71,53,19,9,-47,59,-32,-19,-100,-65,-93,17,-80,-61,-88,-85,42,-25,-42,-19,37,50,-90,62,-26,43,72,-64,31,-58,-30,-40,38,71
-12,37,-90,86,-41,33,0,-10,35,-27,21,-80,-45,-95,-87,-8,-98,-13,-48,20,21,73,-35,27,13,-20,30,27,16,90,91,-90,-48,36,-21,30,-99,-93,-44,-2,83,-38,67,-71,8,97,-88,-3,-70,10,-39,-33,69,83,-13,-84,-35,46,75,-51,3,94,98,33,28,-82,59,29,7,-96,3,-34,0,-42,-62,15,74,45,7,63,44,80,26,-73,-19,-43,-34,37,63,36,-29,57,-48,-67,22,57,-99,-86,29,12,-21
77,83,44,2,89,97,91,-16,16,-95,12,-80,99,-50,6,99,-30,-2,-50,31,-11,-64,26,-71,1,-40,-36,-79,20,23,-62,-42,45,-88,43,38,50,1,91,-78,-65,56,-26,33,-85,26,-42,-91,-46,-33,-86,-41,79,-30,61,-27,-54,-17,-71,-23,83,80,35,-17,46,14,66,49,-47,-16,76,-37,2,-89,98,8,-53,2,36,-70,-50,-24,-76,87,40,-60,-47,-54,91,-17,4,-88,-19,-21,-21,25,56,69,70,89,-20
-97,83,-6,-96,-19,17,69,-42,-10,25,37,-46,-22,-64,-5,70,-100,16,-11,-77,-23,-82,-88,13,-91,-40,1,-66,26,-58,-27,14,9,-99,69,-19,-9,52,88,50,-66,-54,-71,2,-49,-9,-8,-88,17,72,62,33,-14,8,80,28,-63,34,-64,-45,-50,-81,84,-31,5,-32,-50,-67,65,97,-96,-11,5,94,2,-39,16,82,-73,-9,84,27,75,-67,91,92,98,25,45,31,-93,-69,-7,-25,-27,-19,88,-92,48,-69,-10
73,24,-37,3,-8,43,-75,-31,94,55,85,-43,92,91,83,45,-48,-8,43,19,50,-31,34,66,22,-72,-45,-56,-88,49,-53,58,-64,62,-48,1,41,26,-2,-32,63,-95,29,-77,-67,-29,90,27,-6,80,-45,73,-97,67,-65,97,-90,-70,68,61,-53,-83,64,-8,47,79,26,68,11,13,69,-8,-51,73,-79,-24,-71,31,1,-28,14,17,-51,65,-19,-76,99,-93,23,64,45,-77,24,-89,3,5,38,55,-52,67,71
62,83,-59,-64,54,8,-71,-13,32,-24,-95,-18,-13,27,41,-1,-16,-55,36,79,78,-6,-57,27,24,64,-52,72,75,35,-50,-12,-94,30,42,-38,24,-88,-36,46,-73,-6,61,96,-88,-85,61,51,72,-28,25,6,41,4,36,-26,-60,-30,35,-30,-66,-95,-15,-96,-31,99,95,66,52,-81,-14,-43,-52,-35,-86,-36,-52,30,-34,71,-59,29,-77,-51,-60,24,74,-60,37,97,-45,-38,78,58,-45,16,81,-100,30,14,94
-77,98,-41,-76,-99,-95,66,-84,19,-4,-15,-92,-56,-77,-98,26,34,-51,31,83,-80,-89,10,-86,-71,20,3,64,33,-29,-39,36,41,-36,82,85,71,1,-7,-40,40,35,-88,94,71,15,-46,-93,98,12,-48,62,-26,-70,65,23,55,21,-44,-39,11,-67,63,-94,-77,92,81,-77,-3,26,-48,61,1,99,100,-13,53,19,-36,-96,21,-99,82,-9,-48,-37,-68,59,9,27,-35,-5,13,29,32,-50,-69,19,-3,-48,39
-43,-61,-80,-10,74,-8,-40,-20,-34,6,20,94,-98,5,-27,25,81,95,63,27,-1,44,39,93,-68,40,-14,100,-95,19,-99,68,30,-89,36,-95,-43,92,95,31,-63,57,66,85,-41,57,-90,-18,-56,40,78,99,-8,68,17,22,-60,-64,39,77,-11,94,-84,42,-50,39,97,17,-28,-30,65,-72,-73,-30,14,-34,-83,-95,-20,-73,-82,-28,-83,-41,43,-44,-8,-49,-32,-61,-32,-11,68,-48,47,-9,86,74,-32,44,-98
14,-55,0,-71,-29,-14,50,16,55,-9,53,19,85,100,-39,23,-72,96,-9,5,7,55,44,-89,10,2,-37,-57,-96,90,16,12,-65,6,-4,84,-35,23,-78,70,-3,-9,37,-61,18,-5,92,53,-93,60,-58,-9,-46,15,-68,23,-30,-69,50,90,-62,-55,25,75,-20,22,-33,-17,-96,80,-92,66,-100,-24,96,-86,88,44,-96,-3,-94,87,-90,78,3,-82,-58,27,67,-87,-50,12,-35,-90,-12,9,-15,41,21,-35,-77
-26,-37,12,-92,63,47,-94,47,-77,-73,-39,15,-33,81,-88,94,-84,-41,-96,-69,10,2,21,-53,-30,26,55,86,26,50,2,69,42,87,-84,78,80,-22,97,21,-65,-34,34,45,-8,-54,82,99,-35,92,-51,-61,4,56,-55,-35,-48,6,19,-18,98,-38,-12,53,42,50,21,97,81,97,60,-97,6,-11,-23,-98,6,-57,5,47,46,54,-83,7,-43,-23,-98,-40,-43,55,-2,54,-30,29,90,-45,64,-28,-69,22,-84
-83,-1,9,56,42,94,17,73,-58,53,59,66,54,-70,30,-85,-35,-10,-76,55,8,55,-39,21,95,39,-99,36,-52,37,16,-33,13,2,53,23,-54,75,53,-53,-87,-20,80,83,41,79,-16,-87,93,-82,-39,72,12,-93,-12,-37,-68,-59,-61,68,14,50,-78,86,11,84,56,36,-5,8,66,53,40,-76,72,-15,77,-1,-25,-76,-46,35,19,58,-94,-22,-95,-84,95,-48,13,54,59,-64,18,-4,-7,30,59,-8,66
-77,-66,-72,-50,48,-37,57,8,61,-7,-96,-15,-93,-56,-40,-70,-4,54,13,-37,-26,-88,-29,45,92,36,-65,0,52,-100,59,2,-71,-4,61,60,49,45,-99,13,99,90,-38,34,90,-33,-48,78,97,35,76,-87,-32,24,-13,50,92,-43,31,-83,100,68,-73,50,41,-68,-47,-18,40,79,-77,65,2,81,60,33,-19,-73,-65,-65,83,-10,-55,-86,-81,14,60,-29,-84,-68,29,7,19,-56,-1,-62,19,-30,-65,13,86
62,-20,78,80,79,-91,94,95,-36,-67,86,85,82,-22,12,-66,-64,-70,5,37,-13,-78,55,-23,78,4,43,24,-35,-77,53,53,-49,-88,60,-23,10,23,-44,-58,-52,-72,-42,-97,53,-87,75,64,-57,63,-71,13,72,-26,24,79,-7,-12,81,-92,-49,-78,2,-12,-5,57,53,90,73,28,-96,23,28,-89,55,87,-83,-21,-60,6,67,-89,-48,82,-50,-12,9,58,-57,-9,-97,-89,-61,69,27,63,-30,-87,24,3,-59
-77,-46,-70,-93,65,26,-82,-9,-35,85,-8,58,43,8,-54,-51,12,-82,28,53,88,73,-11,87,32,-90,53,1,35,39,-68,-46,-64,66,-87,100,-7,49,16,-19,-80,-40,99,-36,96,82,58,-73,-52,-46,-44,91,39,3,51,2,77,-88,-26,-14,-31,33,-48,43,3,100,44,4,-29,-67,45,-37,15,90,-80,94,47,-69,84,-26,88,66,98,82,-86,-44,34,-30,-35,21,-36,-4,-98,-83,34,80,-100,56,20,-48,-65
-11,78,-98,77,-5,-84,-76,46,-63,-83,92,77,-16,39,34,99,-61,31,-76,36,1,-84,44,-4,57,-21,39,42,-54,-28,-96,-21,2,-5,-74,26,-19,-2,-54,0,-86,39,-22,12,-10,-87,69,-56,45,57,47,-17,-70,0,-28,95,28,45,-66,64,-13,81,14,-70,-59,44,-52,-45,68,50,-79,-49,1,44,5,-57,-83,34,-13,-87,74,-17,-55,25,-28,39,-45,99,61,8,-54,-21,-14,-77,99,68,8,94,51,12,60
-50,96,-52,80,-20,-92,66,84,11,-2,-19,96,60,27,-87,-2,1,-51,-12,-67,99,-49,19,73,-3,-64,37,-44,57,7,-28,-47,-5,-5,36,-86,-30,-63,84,36,23,-31,-63,-63,-96,-74,50,73,96,24,-15,-92,-35,-9,-90,-64,37,-2,-35,-47,-11,-10,54,-68,-70,-48,-21,-75,42,-49,-22,32,26,-14,87,72,1,20,42,87,-27,-79,49,3,-65,45,-56,7,34,-6,-9,85,-90,-18,65,74,-60,-30,-64,-59,18
99,15,13,-37,-44,-33,43,-57,9,32,-28,37,65,95,57,-78,77,10,-23,-11,-64,68,-99,-4,97,26,33,-95,11,-79,64,57,-57,33,56,36,-38,79,42,6,33,-60,72,12,65,24,-55,-52,86,-42,28,-44,96,40,25,-49,87,99,-12,-47,3,89,55,80,-85,-35,51,77,1,-100,26,-52,-77,-50,-9,-80,60,-1,25,68,-88,-16,-83,13,42,69,91,-70,-51,-48,77,100,55,73,40,0,80,-41,-73,-93,9
10,-10,-15,50,61,33,27,69,4,83,-11,-29,-83,-77,88,-74,22,63,90,19,10,-38,66,96,-92,-95,19,3,-55,98,75,24,-14,-63,-46,2,-98,53,-48,-35,77,-72,5,-52,35,66,81,-84,11,-64,84,-84,25,-3,95,23,-63,-40,1,92,82,-91,17,-24,18,-84,-20,-38,-31,52,81,-4,34,52,-79,-7,28,-86,77,30,-59,41,-4,9,1,75,-27,81,-62,68,100,-57,18,-4,27,-65,10,54,97,-18,-52
40,18,-91,16,-25,-98,77,33,-41,-64,12,-82,63,-69,-2,-9,-91,-48,-2,51,24,-80,20,47,37,-25,-5,-22,23,33,69,-48,-23,49,-87,15,87,52,31,98,52,-54,11,32,-52,57,-25,52,-16,39,-48,15,-24,-74,25,-84,64,-41,-16,23,75,27,-95,42,66,14,-8,35,25,0,-21,-63,84,-97,-41,18,-75,-55,97,68,-75,-91,51,91,-91,-38,-90,22,41,48,44,69,69,86,1,-53,15,21,-16,-30,-88
-49,93,48,-95,-20,-65,61,20,94,1,-84,-95,-77,79,72,-69,-11,78,31,-81,-89,2,58,75,0,-39,-58,-3,-83,60,-64,59,-32,32,-20,83,83,-75,40,30,78,81,0,37,81,79,-97,-85,-48,-73,-97,22,-95,10,17,-38,1,-76,3,65,76,-87,-47,9,-55,75,70,6,20,-57,81,97,35,23,49,-6,33,-52,-92,-97,-80,79,-44,-54,-95,-14,-89,63,63,3,39,-22,-76,-56,-64,40,95,-47,-60,68,-7
-89,-15,-10,-25,26,99,46,-8,73,-70,-81,-5,-79,72,-43,92,7,-31,80,-61,-19,12,58,29,83,-8,-100,-93,47,-19,51,-67,-21,35,80,-61,8,-52,47,58,-11,15,57,14,70,-34,80,28,-6,12,90,-4,6,61,67,-19,-38,95,-35,-68,-1,77,-50,25,11,100,65,-6,25,29,72,7,-36,-92,85,6,-25,-31,64,-34,26,57,-55,-32,98,39,-49,-13,98,44,35,-25,-45,73,-67,-3,42,-51,98,99,-56
-41,-6,-55,36,78,-99,-40,-49,-56,-20,-98,84,34,26,-97,6,83,51,52,19,0,-31,-89,-88,36,13,76,49,46,-10,-63,-26,-69,-44,8,7,100,29,-42,-26,9,65,-42,21,31,-99,-27,57,7,-64,-7,56,50,33,-83,-42,85,92,-30,-35,28,-84,-64,-80,-38,87,-16,-14,70,0,77,61,-26,-50,-68,-72,35,60,81,70,25,64,77,-77,-38,31,26,-29,-35,52,38,98,-7,51,97,55,27,91,93,-57,-65
-60,-52,95,5,-62,89,82,92,-21,-11,13,-25,60,-61,-45,-56,96,43,-83,-13,27,95,17,-49,1,7,-20,43,49,-35,-59,-29,44,-13,-5,-19,0,1,-37,-46,-64,-65,34,40,-67,-17,74,-55,-92,23,-33,-95,19,-12,31,31,-47,-59,10,-19,-94,79,0,93,-58,-80,-52,-60,-85,-63,-47,66,-64,-53,-90,-27,-57,35,52,11,-73,-76,8,-30,10,-18,-16,64,50,67,-53,11,54,5,-68,7,-2,-81,-37,-11,45
-81,-68,-70,10,40,64,45,-66,75,-49,75,22,-69,-3,97,14,66,-19,48,-56,-32,-88,-94,-10,86,26,37,18,-6,-71,89,67,-77,75,-90,85,76,97,92,95,54,33,95,-47,83,-14,-5,71,-99,-3,-7,18,-89,-94,-17,-51,-84,44,85,23,33,51,-51,-20,76,-80,-72,13,3,-36,3,-10,82,45,49,-59,54,-34,-57,83,-31,-44,-49,-33,81,-67,78,-85,-79,-35,40,-27,-63,-15,-79,-31,77,-97,-77,-58,-43
10,31,-4,-46,29,98,-88,30,-78,81,-72,-38,84,75,54,95,31,0,46,30,94,-88,92,8,61,8,95,34,1,-70,69,62,97,-49,15,21,27,24,-13,78,-54,37,97,-43,-42,-87,-58,-11,3,66,41,-63,42,-2,27,49,-43,-53,-100,91,80,6,-12,-32,-4,26,18,4,21,16,56,-40,28,82,17,-97,-13,0,-78,-14,39,92,-32,-71,23,-83,-90,-27,7,-10,48,-38,-9,18,-72,7,-85,-47,22,72,38
59,-63,38,-48,93,-59,-53,-82,35,76,-97,14,-8,-73,42,-79,-64,-48,-86,-43,-28,57,39,-40,40,-38,76,-81,58,-17,-76,59,31,19,84,-11,21,43,-43,61,46,4,-9,65,-27,-82,-32,-72,-5,-39,72,-15,40,-84,61,-97,-4,-38,91,-24,32,15,-8,11,-83,-87,34,-31,54,-56,61,96,-13,-100,49,61,20,-40,44,-100,64,-66,64,95,30,58,-81,-37,-53,-41,36,86,24,41,61,-57,-88,99,26,84,-43
-98,-20,21,-59,17,-57,37,-10,83,38,-62,29,61,89,18,-93,-100,97,14,14,100,-38,-84,-9,-89,69,-94,-13,-82,-6,44,61,-82,-5,98,34,26,-57,-22,-64,76,50,7,-68,51,76,-20,-42,-90,-87,-38,95,32,83,-40,-80,-80,-93,73,-42,43,90,96,-6,-95,90,-94,-25,59,39,25,57,-42,-98,26,-8,-64,12,38,92,-4,85,-67,29,-76,-68,3,-52,59,-40,23,55,-55,-88,-96,41,57,15,11,-93,55
0,8,-63,-45,98,46,-58,27,75,70,84,89,-13,-69,-47,-19,14,60,88,39,-3,76,-31,-61,-81,80,52,-79,-69,-64,74,58,-22,-100,17,-83,-73,-60,96,-37,4,99,-55,-50,57,-70,17,66,-37,-65,37,16,-2,-4,60,21,-71,-35,-14,9,-97,-84,81,15,97,40,-9,25,18,8,-6,4,24,-84,-43,5,-46,-7,44,-50,-55,-56,-52,35,86,6,97,-25,-93,54,71,84,61,-69,53,52,48,-89,-1,18,99
-33,68,22,68,38,90,-88,-9,-27,48,34,35,-14,43,75,55,-58,2,-76,-78,75,-22,-83,-33,-96,46,72,-5,26,27,-51,-49,-1,-3,-43,23,99,-66,-58,56,-67,65,-78,1,22,37,-36,80,74,77,7,-93,100,-45,-74,29,-43,-33,93,-82,-37,71,-70,-38,63,-100,-19,-20,79,-37,-39,30,71,-22,100,70,76,-71,-86,-73,-7,-45,-71,-20,-75,-36,-24,30,61,-72,-57,31,38,63,-40,-44,17,1,-88,-8,29
-22,-55,-59,67,71,-88,43,15,44,86,65,37,-52,-40,28,-87,-37,49,43,8,-93,-20,83,-93,-81,-66,37,-82,51,16,12,71,27,76,82,-71,-44,32,15,41,74,97,-59,62,87,45,7,-19,85,-73,95,-30,75,18,25,19,-58,45,17,78,3,-67,-41,-35,94,-61,-53,70,-26,15,-86,-73,57,48,78,78,19,32,-36,-21,68,-9,-77,49,92,38,-38,89,-34,45,-40,-97,42,10,5,-85,-93,-45,47,39,-16
-24,-100,5,76,-91,42,-73,-48,-57,56,-96,-51,23,12,-94,84,30,67,51,-24,48,-31,85,83,-12,42,18,69,83,1,80,16,-29,55,53,27,82,-21,-25,29,16,-4,91,30,27,-3,-21,79,-68,-99,98,92,-17,97,-75,65,-65,66,-68,2,16,-26,60,-79,-72,48,72,-34,28,-29,-95,60,96,11,41,-29,-87,-18,-73,12,66,-91,-79,90,-6,29,87,-95,41,-57,16,20,86,7,-16,66,13,30,-50,-3,-46
-92,-64,92,71,27,-88,-80,55,28,-90,-61,-56,-3,-83,-66,40,-10,-41,91,-81,-74,66,89,-33,-57,3,36,-15,30,-90,-57,-33,90,44,-5,6,14,-81,-58,54,-31,-94,-23,9,74,51,-59,83,91,-16,4,-89,47,48,-78,82,-66,-71,78,-71,-98,-100,90,87,-80,-17,-21,36,68,32,-97,98,-35,-13,74,23,-73,-59,37,86,-51,68,46,43,-80,46,10,92,65,79,93,26,-14,76,-61,37,45,51,-40,37,56
-81,-83,86,48,55,26,22,-50,94,-25,86,-8,89,-78,-82,91,-9,-93,98,100,-31,-55,16,48,-18,9,-79,13,-43,40,-37,-91,16,-56,-58,80,-65,-64,-59,-14,-44,-24,15,-50,10,-87,76,-35,21,29,-15,3,8,49,58,65,-29,-10,-96,64,21,-53,-97,-99,15,88,30,-65,21,56,-52,-14,68,89,-35,46,9,-56,-49,13,49,46,7,79,12,17,-37,-35,96,-47,-26,-44,19,11,2,59,-12,18,94,30,41
25,-49,34,-42,93,62,-22,-73,-50,-82,64,-16,-44,-62,34,-51,76,-5,-87,-32,-58,25,51,26,-8,-72,-50,-33,14,45,98,26,-58,81,-48,-63,19,18,-22,65,61,86,54,-89,10,8,-56,-32,16,25,23,-26,97,-10,38,-25,-99,95,-69,-49,3,-45,-60,-16,34,65,75,60,63,-61,87,-31,95,15,-1,-19,55,-14,-14,43,11,-40,71,-13,10,-14,-81,-54,-18,-9,33,75,-47,-76,62,-29,11,-82,-82,-84,-77
