34,-67,53,-30,-68,-85,-67,20,-22,99,-93,60,-75,14,43,-97,49,-3,-36,-81,7,5,-32,29,-41,-33,13,-14,57,-73,12,90,66,35,47,62,65,79,-8,-32,-22,67,49,100,-92,52,-29,21,-27,84,-25,-4,-48,36,33,37,-3,66,-15,45,-66,28,-77,15,-25,56,55,64,-28,21,-26,-21,8,28,8,-38,54,28,-34,65,-36,78,85,87,-45,-38,11,44,8,98,43,98,30,96,-58,-6,-37,49,69,-14,-64
16,-69,5,-65,84,83,-65,94,-78,-91,84,-6,-6,-39,-55,-16,-8,73,-67,-95,-80,-6,-64,-79,13,-99,53,10,49,-85,-31,26,-10,19,-30,95,-35,-45,47,-25,52,36,-17,87,2,7,48,84,47,-90,0,-35,-26,41,-34,-46,62,-13,-50,-62,80,-28,-76,-76,2,66,-85,-75,-73,-86,98,11,-32,78,42,-48,-86,80,-75,-33,-43,-65,56,8,-79,-99,60,-77,52,8,16,-16,87,28,40,-31,-70,18,97,87,63
-71,-59,-22,68,69,56,62,-18,-60,-83,-50,25,-67,-21,25,-76,-63,-42,-29,-77,-9,-87,-20,-10,-1,-26,24,5,-79,24,-100,-61,-31,28,-77,-79,27,-55,39,-38,-13,53,-14,93,-18,-73,56,65,-83,6,24,-49,-36,-65,82,22,75,23,-20,-31,82,-43,68,50,-40,31,-67,40,-48,-26,49,92,77,-95,38,-53,-86,38,22,-35,-22,-19,-98,70,9,-48,83,77,83,-9,91,-61,43,49,-85,16,-35,50,-78,-62,-2
-30,-48,50,-67,0,17,41,-70,-17,67,-13,64,-11,-98,-71,82,14,87,47,-45,-84,26,-72,23,50,-62,-57,-80,-69,-76,-20,41,-67,-17,-66,-94,-24,-59,-90,97,-63,-69,-63,-5,79,-57,-18,68,40,-75,-92,-28,-90,32,80,49,73,-45,-76,-99,33,-85,-10,5,67,-28,30,73,0,-100,45,91,20,-16,52,42,-66,85,-72,-41,25,-6,70,52,2,79,92,21,9,93,-16,-73,32,-39,63,-93,-90,-3,-18,88,-64
21,44,-82,-37,-18,-57,-99,66,-92,34,68,-55,-66,-33,99,-60,-44,99,1,11,-29,-11,42,-38,-57,47,-95,-74,-83,-63,73,73,-75,4,-7,-98,-63,81,4,53,-7,-49,-89,-57,95,65,36,36,-77,-35,29,-14,-14,0,-31,73,-22,-98,-60,12,52,39,-77,-27,87,-83,71,-11,-99,-94,-64,-28,3,24,57,97,-55,73,34,-88,-64,-18,-48,52,-92,70,89,70,-1,64,-34,-51,77,51,50,83,-63,56,88,9,-42
45,-52,39,83,-2,26,-73,-34,58,20,-98,-35,71,15,50,-92,-11,-88,-78,76,-44,57,95,71,60,-14,-83,76,-60,-9,-46,86,-58,100,11,-68,-58,-84,21,-59,-24,-97,29,-6,-21,74,-3,78,-100,-24,-96,17,61,58,-85,56,-31,36,-81,7,-57,-54,-44,27,100,-38,-21,-52,9,69,-16,26,17,-50,84,-26,-8,-71,96,-14,60,-53,-93,-68,57,-30,88,58,-82,-44,-89,-46,-24,-89,7,94,21,84,-35,85,-7
-13,-95,25,90,-30,12,2,1,-38,54,-28,-55,-22,64,55,32,21,77,21,-41,-27,65,62,-90,-77,50,-5,46,-44,-44,27,-76,14,-85,54,3,93,-80,-32,-87,16,-54,90,24,19,10,32,73,1,40,49,-22,15,-12,-5,-50,38,92,-66,59,21,-59,25,3,-98,-13,70,-79,26,44,-93,88,-24,-55,-42,56,-65,11,-71,41,-16,54,-80,-50,14,63,79,1,-52,55,-16,77,-11,-96,1,-20,-68,76,-20,59,-36
85,14,0,25,-26,95,64,-74,66,65,6,28,24,5,-32,15,-63,6,9,8,-63,79,46,-99,-67,11,-69,76,53,14,13,68,-39,-56,-71,-44,22,-90,-49,57,-88,-8,-56,34,44,-88,97,-100,83,58,98,64,84,52,-41,-80,74,-91,8,-21,75,-11,67,9,0,-42,-48,25,-37,-86,91,52,-48,41,-23,44,71,0,-16,-53,9,-63,-22,70,-95,36,34,57,-19,-75,-57,27,-38,52,-91,-59,71,-84,33,9,41
-66,-43,-1,26,-37,100,-61,-83,31,100,58,-55,53,89,-53,92,54,85,-17,-10,61,97,-32,-5,-80,30,-18,91,-87,-1,-18,-91,-40,96,-66,-64,-29,71,24,-40,-26,-59,-75,29,-57,57,-74,67,-22,-21,0,-54,-7,-14,-25,25,71,-42,-2,-95,-49,-23,-3,-5,44,42,-14,-100,-19,-79,91,-79,98,57,-50,50,15,36,62,-7,-99,-33,-21,-34,7,-7,-68,30,-46,62,-73,9,-25,-10,-62,44,-77,-86,-25,31,7
20,70,-74,-88,-86,3,-28,-99,69,58,-86,-89,76,-61,-87,75,36,25,-57,86,40,10,-100,-58,12,59,-44,67,-27,-46,-40,60,0,-83,-24,83,-97,73,-45,69,69,-82,39,21,-5,-18,-21,10,-60,-2,12,-87,56,-66,-11,-34,94,-3,77,-65,27,87,-20,9,-62,-47,62,-76,-34,-76,-49,-86,20,-48,-54,96,43,-28,87,10,-82,-53,-34,-63,-86,64,-31,0,-31,77,-56,-91,94,-20,-11,-67,-21,50,13,-17,56
18,-69,-26,-8,69,51,34,-40,53,61,77,-47,-35,-65,47,-70,82,-28,-36,77,-16,43,42,32,-61,-32,-23,-61,93,-12,15,-5,-24,-78,14,-52,99,-47,-73,21,61,-52,67,5,-15,-99,-65,-67,-93,85,20,-97,11,-76,-63,52,-26,-55,19,-69,49,78,47,-1,-100,-54,27,86,-76,-70,-74,65,-77,91,-12,96,98,-31,17,46,-30,-65,-89,90,98,-48,-45,16,-29,15,-17,-1,-43,-96,-69,93,34,-36,-13,-37,43
-9,-30,-59,17,-65,-31,-2,-64,78,62,97,-35,-68,73,67,63,-54,-98,-32,12,-76,-32,-20,-75,-60,59,-4,43,-18,81,62,-13,91,85,50,83,67,53,-79,91,13,32,39,50,8,-68,-44,-14,38,95,34,33,70,-18,98,-10,-24,-67,72,70,-39,19,-55,65,-70,60,71,99,-63,22,73,78,-19,-72,-95,36,43,74,89,-44,-2,-32,46,23,-65,96,62,70,-40,-71,43,60,14,65,84,12,51,-35,-3,22,82
-27,6,89,61,55,93,-29,-96,75,-45,-67,36,91,-63,-92,98,-60,66,89,-100,49,15,92,-100,-53,98,70,2,-4,56,60,-34,12,60,23,65,-42,41,-44,44,23,-20,13,55,-45,-72,56,94,-13,51,-37,-25,-4,-7,30,-27,29,76,75,-89,23,-100,-16,93,47,-30,4,17,44,78,40,63,85,-22,86,-4,4,-43,60,97,-19,81,-15,82,97,72,56,-44,-38,76,-91,57,-20,-52,29,17,-81,-95,37,21,-92
60,96,-12,20,59,59,7,93,-37,96,-13,44,55,94,-29,-94,-54,-92,-64,55,-43,67,-62,-90,79,-69,80,12,-24,73,-94,-78,97,84,-67,60,24,45,-11,-88,51,-92,-54,99,76,85,-89,-79,-96,7,48,-83,41,-18,73,44,48,-92,26,62,-60,-13,-31,41,-45,-95,78,35,79,-29,59,-46,88,21,18,-4,2,4,-9,68,-68,17,73,-12,60,-29,18,-13,43,11,82,-47,-32,-78,-91,22,-69,-73,-33,12,-3
-41,-24,25,-29,-38,85,46,-92,95,-96,83,-10,-33,-57,91,-83,-58,68,96,8,58,-91,-75,-33,-92,29,-23,-2,-55,53,-32,24,-35,92,91,-63,67,-34,-44,-70,18,-100,-40,-27,25,41,6,-92,90,-44,76,61,60,-28,-11,55,31,-29,53,-33,15,7,13,49,-90,-16,34,-63,89,54,56,38,17,-32,62,58,57,-43,37,-4,94,-28,-74,82,-43,92,94,-58,-65,-5,-45,-96,6,60,-41,-71,16,17,-4,70,60
11,-53,100,-73,-70,85,5,-58,77,91,-30,-87,36,-5,-70,-97,-100,-90,-32,-58,68,7,-14,69,48,-27,-10,24,-19,-17,-14,-29,-27,-16,100,12,-37,99,10,87,-83,65,69,-11,79,-38,15,22,-6,-83,51,29,39,-59,1,25,93,65,74,77,44,-29,38,-48,-65,-9,51,82,-85,-23,-33,86,-4,40,69,-38,-43,-10,-75,8,-27,-11,-73,48,-25,14,55,-73,91,58,86,63,55,-2,56,-11,21,-69,-28,17,93
79,-32,-85,-47,-31,-7,36,72,49,53,96,40,85,-48,-11,69,-1,59,-54,-35,-4,19,-84,52,-52,69,29,61,-47,41,-10,-68,-48,-68,14,-80,38,65,-8,86,-10,-96,13,-48,-70,100,-75,-48,-54,33,43,36,92,68,65,-79,-63,81,59,44,-18,5,-69,96,28,69,30,13,86,-71,-63,25,-4,75,52,-3,58,69,-48,-74,69,65,20,49,58,86,90,-31,11,30,-37,93,-19,39,77,-99,-69,-16,42,91,39
-91,-81,-61,63,100,-5,-38,29,-74,-53,-40,-18,34,76,63,64,10,86,-68,-30,35,80,53,70,7,-2,-27,-27,48,-9,-96,42,20,-95,36,46,-50,77,90,91,68,18,60,-43,-30,53,-71,-99,-40,-10,68,-6,-21,-28,16,39,24,73,91,98,22,-73,78,74,-62,61,54,-81,72,-17,41,57,86,15,41,13,71,-92,-26,38,-62,-72,93,88,-65,-7,-35,35,-97,86,5,-82,-34,85,65,45,77,-66,17,-46,41
-66,-18,-51,50,-21,12,38,-29,-33,-87,84,46,63,-21,33,-99,39,-29,-79,-69,82,-22,-62,6,69,59,-5,63,-46,-21,-43,-98,-5,27,9,32,73,-85,53,52,-93,29,-60,-46,-20,-96,70,66,62,54,-1,9,53,-14,25,-40,-91,52,-38,-66,26,-77,93,96,-93,47,-71,79,70,88,-96,48,20,-74,-45,-87,63,-8,50,61,82,96,-80,-100,2,81,-51,58,-58,49,27,-43,-21,79,83,68,75,-88,5,27,45
-96,33,-94,-19,43,44,-29,30,-5,86,-42,-98,28,-64,-11,82,76,7,-11,-16,29,-97,77,-42,87,-63,-82,-95,97,27,-83,79,-26,16,-43,-76,-95,0,89,-86,-60,-71,-49,-53,-82,97,-45,-92,-28,64,25,-45,40,64,52,-69,53,-31,1,-31,22,65,-90,-11,97,-9,15,10,80,-85,94,13,99,17,-87,-72,53,-97,-7,-34,-51,61,-86,63,-91,-19,-27,38,-75,66,-96,-22,-23,-26,16,-85,83,-62,-77,-1,29
16,-99,72,17,-78,-23,57,-45,-70,13,1,43,-24,-45,-88,27,-36,-71,11,-54,-79,-54,-22,32,-90,98,32,3,-61,-93,69,5,39,-42,78,-83,24,91,-50,88,38,7,-9,-2,64,0,-62,-41,34,95,-27,-18,-69,62,62,52,-38,13,-38,-75,19,20,3,8,28,-83,-9,74,-32,-27,80,55,-84,-89,44,-98,-20,66,80,-89,-12,77,-89,-88,-36,77,-27,74,-97,45,32,62,-90,80,61,76,53,35,-80,38,44
-19,85,-14,68,-79,-9,-35,-66,-49,-93,39,-100,-17,-38,-35,26,99,64,-8,7,71,25,-25,-70,-15,-12,41,-42,-56,-75,90,36,39,97,-76,21,39,100,84,-59,65,63,92,99,-87,80,59,54,-11,34,18,-57,99,-39,2,-8,57,73,-49,33,-50,100,45,67,-94,6,-71,5,-16,41,-84,60,87,-20,-1,-4,-12,64,45,23,-65,57,54,-49,42,74,78,-78,24,66,-53,90,15,57,-40,-6,100,-16,0,66,15
71,82,-65,-3,-99,25,-77,93,-60,-73,94,72,-13,-86,-34,42,11,-86,15,85,-36,-56,92,-26,-78,-53,-72,-100,47,56,39,44,-4,29,72,-4,76,75,-75,41,47,-74,-38,10,83,42,-93,7,55,-93,-28,68,56,-11,24,-65,36,93,5,-15,29,-85,-47,-23,97,-76,-31,51,91,94,88,37,-2,-5,-83,-20,-34,17,37,-85,-81,-68,-79,37,-33,-82,77,-5,62,91,-38,65,-14,17,-35,-4,45,-10,-37,-79,72
-87,-24,99,16,34,-57,-77,96,-53,100,-33,-27,45,-86,41,8,16,79,-48,57,-73,-65,82,-90,78,-93,-51,-56,1,-90,-63,-25,-10,-33,61,-19,-9,47,-47,-36,-65,-3,-40,-15,8,43,55,-27,73,82,-87,-80,-22,52,-16,96,86,-5,-2,86,55,73,76,64,-68,-12,-14,-67,-16,-94,22,69,3,25,-30,-10,-62,-99,-87,-10,-46,19,-79,-3,-23,54,-41,38,54,-42,-21,62,42,97,-41,-81,20,48,-66,62,90
46,-10,-47,3,51,58,48,14,15,11,-33,32,5,-49,68,-56,-49,-36,-15,90,48,-30,1,-80,99,4,-69,-35,33,-18,75,-88,-42,93,81,-6,-22,53,-64,85,54,86,55,-8,-70,0,70,-69,-97,-63,-64,50,-15,-35,-29,39,-31,94,-75,7,-45,-6,15,43,-59,-68,-54,-50,86,55,-78,91,-19,20,43,19,-20,-26,55,-69,-31,-72,-81,62,26,-79,-30,72,49,54,-47,13,67,-90,47,-87,51,68,43,8,-18
80,44,25,-6,44,87,80,2,-8,-81,-64,-5,-54,-2,77,-87,89,-84,76,-44,-6,47,34,-35,-76,-15,-90,97,79,-3,91,-8,72,61,-3,-68,-35,48,-65,-49,-28,-39,52,72,29,64,85,19,6,62,-5,17,-99,-11,-92,-77,67,-56,-36,-66,-29,-88,-59,-50,55,50,-72,-43,61,40,-16,56,-26,-15,-100,1,72,-27,78,-76,53,1,-17,-20,-11,-14,57,75,-85,13,-26,-74,-2,20,-87,66,-28,-100,-62,15,-52
-37,55,-20,86,-27,-97,-3,1,34,-99,-10,-58,-96,-4,-33,-93,-31,48,81,-39,-59,3,-94,-11,-8,-20,-30,-74,-57,-86,20,-26,56,30,89,100,30,53,24,14,-29,-6,-76,29,65,-10,50,57,35,46,-48,40,-90,-68,46,39,47,53,60,-59,-1,-95,90,-55,11,69,-74,24,-78,-86,-40,47,4,29,-71,-98,7,84,-68,25,20,95,7,0,75,-24,-12,70,60,27,-72,89,92,85,42,-90,50,52,-3,-7,-30
51,95,34,56,20,59,6,52,95,91,64,35,7,-13,-47,27,100,-14,76,74,87,-87,75,77,72,-26,-14,-7,1,-86,29,-58,-6,-87,-73,-61,-79,28,90,-50,-22,34,-10,48,15,-100,-76,-39,36,27,-96,-50,75,95,-23,-85,100,35,39,2,-79,48,-1,-41,30,94,-25,-80,-63,-48,-4,-99,85,71,2,28,-42,-1,-76,98,-33,-31,-21,-71,-37,-57,16,-17,80,47,19,95,-60,-59,92,-71,59,-82,56,-67,-25
-51,69,49,-65,63,-71,-54,-92,72,45,15,-84,-47,-19,-84,36,-50,10,47,-48,85,18,46,-71,41,14,-62,-32,0,76,70,-57,87,80,53,-52,87,55,-74,80,-43,92,-62,-35,-35,45,-48,3,-50,-93,18,-15,-98,47,95,93,-45,-67,-30,-93,47,30,-78,-53,20,-43,-89,83,94,72,7,-3,72,59,-64,26,-80,85,-91,15,26,-36,-94,-32,51,68,-9,-72,71,-17,-34,-53,33,28,-12,96,43,-49,-36,-88,66
-44,30,-16,-49,-51,-84,-8,24,78,-39,-20,-12,8,-16,-58,96,-72,68,-21,-33,68,13,-49,-1,44,-44,33,-94,-99,74,-10,19,-5,-8,-74,-33,-100,15,67,40,17,-45,-98,58,-66,58,42,93,41,-54,-93,-39,-24,23,-3,-19,-29,13,24,80,98,-61,89,32,-27,-96,17,-50,21,21,-70,-26,10,-84,17,-72,10,44,-10,-67,12,30,92,-57,45,-35,59,77,-29,-9,52,-65,-30,-85,44,-22,12,-84,-10,-48,-42
64,-14,-77,73,-47,23,93,93,92,-24,68,-11,48,49,17,-88,98,69,-96,-59,-72,100,82,-65,83,-28,-15,-29,86,-94,43,-18,-42,42,87,-71,38,95,46,-50,82,77,-3,30,-57,51,47,27,86,33,53,51,54,90,32,9,11,-86,19,-41,37,-90,78,44,-41,-64,-62,-7,-35,-41,71,-60,-31,95,49,4,-90,-32,-75,92,95,79,-92,1,-63,-70,57,-88,-83,-82,-37,-47,-61,8,84,40,89,9,-33,63,37
94,-52,93,-63,29,-3,6,-31,-34,59,19,-4,57,84,-84,3,-80,-80,-42,-95,22,30,48,41,39,12,66,-73,-70,-59,-95,9,93,-49,-91,-93,-4,37,-26,-53,73,38,79,-44,-4,76,22,-9,-6,-80,4,56,39,-2,16,51,66,91,-22,85,-57,7,69,-4,45,-55,-62,6,43,-21,-91,42,-9,-77,36,70,69,67,-79,-12,-34,17,77,73,-19,-35,63,-8,46,-76,28,88,46,69,40,75,55,36,56,98,-10
-11,92,-72,34,0,23,-94,22,37,24,22,-58,37,36,-6,48,26,38,58,48,-2,-22,-95,42,-49,45,7,-79,97,-46,-94,81,-57,76,88,-75,30,95,-18,8,12,96,-71,24,-82,13,11,-76,-4,-74,-62,30,80,17,51,22,-29,9,93,-13,-38,-53,5,-30,92,72,-64,49,-21,41,94,20,-91,18,-85,27,35,-17,-18,-34,-94,1,-77,-93,99,-32,94,-88,77,-8,97,-10,86,-14,88,-95,-14,80,-76,-40,-38
33,-12,-96,-50,44,-81,27,-99,-78,41,-19,19,62,-4,-62,33,-93,-7,47,40,74,89,55,90,-66,57,63,-17,59,-24,-68,48,65,99,-28,-60,78,-63,-17,78,-92,-1,-83,35,-91,49,-50,99,36,-11,-76,34,96,-15,52,-74,-47,-90,-100,-72,-4,-70,-31,9,-30,58,46,34,21,29,99,-9,36,6,26,-10,-61,1,-33,-9,53,49,-92,45,29,1,57,-90,72,-44,88,61,22,-66,-11,17,40,71,-78,87,-92
-72,-59,-83,-67,41,81,15,20,-69,-46,-54,63,-84,26,-56,-31,-59,-8,-12,-22,32,18,-41,41,-64,-67,36,53,-36,-46,69,-25,55,73,89,27,84,-87,63,-78,-10,49,17,68,3,-39,77,94,84,-98,-20,-3,-42,-63,-10,36,44,-20,42,74,41,20,-34,-42,95,-45,-31,-42,66,0,47,-98,63,-19,-45,33,21,-16,34,43,95,-34,68,32,68,70,90,-42,96,28,22,-93,28,57,52,8,56,28,-87,-38,98
-41,-37,17,-79,36,-88,78,65,-73,-44,-16,93,-4,-83,13,3,7,-18,81,-90,21,-40,-41,-68,-1,-39,35,-20,-35,84,70,-49,64,67,100,1,-39,-9,60,63,-96,-30,-31,55,-83,83,72,33,-9,-56,23,-48,98,97,77,9,62,97,42,82,-37,61,-21,0,-56,-38,-12,48,-26,78,-46,-26,-4,38,-17,-23,-15,-59,-81,29,75,89,41,23,-78,47,35,-11,-66,-23,-75,-48,9,-3,-52,-69,-64,-13,-17,-56,-23
-70,96,23,-42,58,1,-59,46,-36,-27,-21,-74,24,77,46,-90,10,20,17,-38,63,-63,-88,48,72,-50,-86,-60,-96,63,76,78,-51,-98,-71,-20,-74,-96,28,52,-33,-35,8,91,-21,-64,19,-36,42,68,65,94,-57,4,-36,-77,75,33,-41,-84,-94,-65,-8,67,40,2,-68,-6,-98,81,65,-50,-97,-76,94,-48,-60,99,23,-69,-67,-100,30,-43,-21,47,-82,35,97,92,95,-73,-46,75,28,-95,-95,-37,78,66,25
70,-82,30,90,52,49,-21,100,59,-78,-89,36,-54,-28,-51,29,74,25,-59,-62,-96,5,42,-5,81,-7,52,-36,52,-73,88,-31,11,-22,-15,33,-33,89,8,-30,22,-28,9,82,56,59,-78,72,68,-25,40,60,-17,-89,93,-97,76,-1,-17,39,38,-12,38,-43,-97,-43,74,-86,25,33,65,-1,-71,18,76,85,-93,-3,6,-63,-88,33,79,41,45,60,32,47,-96,-38,89,-88,95,59,3,-45,93,-61,-56,-15,16
80,91,-33,56,-82,33,-87,44,10,62,-48,-39,3,-73,93,-89,-54,13,41,-53,-58,-43,82,-14,74,-5,62,-19,40,75,-65,-79,-39,-62,-53,-26,-63,-58,67,-13,84,90,-98,56,17,50,-56,25,95,9,94,-99,32,80,93,74,-93,62,100,41,26,34,-6,-14,-46,9,-88,-16,4,12,78,43,-86,-81,-95,22,-17,-54,88,58,50,73,-13,-45,69,49,-82,-49,50,-13,-100,26,-99,43,-99,2,-20,-55,-72,-34,-21
-25,-80,-60,19,36,-30,-73,5,-29,-91,-68,-56,95,61,10,41,-60,26,-4,42,1,48,-18,14,-33,48,-26,57,-9,-4,83,91,-74,-76,-91,59,92,43,-6,25,-2,77,36,37,-98,12,-56,72,-93,-33,-76,-18,-9,-92,37,37,91,39,74,-39,20,-66,42,18,30,8,-29,78,70,25,23,-51,-98,-23,-50,62,56,-76,-7,-7,-51,13,-31,-62,-12,14,-63,-99,-83,76,-17,35,67,17,25,-56,98,-75,19,66,-26
-27,91,50,-45,28,-60,79,73,-62,-24,-12,-15,-92,18,-12,23,-83,-39,44,-29,-79,-17,-48,18,37,13,-12,71,-14,80,-5,63,15,-3,62,-25,84,68,11,33,29,-77,-39,53,-19,61,57,36,-9,77,24,-85,-73,66,95,-81,23,-8,98,70,94,-37,-65,-4,-43,-47,67,-90,-70,85,-3,28,-21,-76,32,53,65,37,-96,-15,44,17,-84,-98,-66,-56,37,61,95,-12,64,76,68,-10,-97,5,-84,-86,-89,14,-1
-57,85,49,-24,-78,17,-50,42,15,95,-93,11,-42,67,-32,10,14,-44,-5,-60,-92,-74,7,-20,18,-49,-25,-95,-79,-62,-10,51,-30,62,-55,78,32,-9,50,-95,-90,-73,-46,6,-61,8,-57,11,58,-35,25,-16,-47,74,-13,87,10,27,-67,9,30,-62,-11,54,-77,-38,-7,38,-44,-74,-51,96,-31,21,-64,84,10,10,40,-40,67,60,2,19,-74,30,-21,78,26,-14,78,8,71,-82,-37,87,-32,22,33,-90,28
36,63,-11,-89,-36,-20,-73,-87,67,-67,-75,-59,-92,87,40,13,74,16,-5,33,19,62,-84,-2,-4,-80,52,-58,-6,-47,-63,-37,80,28,77,-46,-99,98,-50,-37,96,-76,26,18,-54,67,11,5,-92,-94,-60,84,-44,76,12,-12,14,-30,3,-38,55,-95,79,3,78,-3,-2,-13,-98,-55,97,-74,-17,-57,-57,-14,76,67,-18,-94,24,-20,32,-51,23,-30,-21,37,45,-6,-91,90,92,6,-49,22,-90,59,87,-56,97
-61,-50,56,61,1,-26,-54,60,29,-73,-19,-95,-86,-29,-8,71,-20,-77,26,47,-6,-51,-1,-25,-60,65,-67,-83,-1,-6,81,98,90,-17,-85,72,-80,-36,85,35,-91,85,1,-19,81,-28,93,-24,-44,30,51,44,-36,-53,-59,-11,-89,98,12,89,68,57,73,69,77,35,30,-19,-51,-57,-43,-7,-51,-44,77,-63,35,-71,93,12,44,7,-74,73,-26,-60,-27,-47,99,60,-56,-33,-5,19,-21,0,-82,-38,-74,66,34
-64,-55,-20,26,29,-49,5,30,-30,-46,-82,80,-68,42,69,-28,88,86,-33,33,-27,-50,-31,-12,97,42,-85,-5,-16,-98,48,48,-29,-78,-92,-6,-20,95,49,-43,-46,-96,48,-42,20,-26,72,-99,86,-63,79,28,12,-5,25,7,-59,-58,69,3,-79,85,86,-55,65,-72,83,-42,-15,73,63,45,-1,-37,42,13,60,27,-42,-70,-44,-54,71,-23,44,54,-79,-27,-34,-39,32,61,-17,-45,-47,-81,81,52,-44,-99,-14
15,-81,-42,2,-32,-77,30,-55,37,-3,16,-98,-31,59,-60,8,-81,28,-92,-62,-67,-50,74,66,-66,95,82,92,56,-21,-62,1,-30,90,0,36,-19,-3,-95,-20,-89,20,21,-14,-33,-53,6,28,22,89,12,72,-96,-6,59,89,-14,-47,-58,79,32,63,-66,33,0,82,-26,-1,-37,-2,49,17,-63,-6,-79,83,3,-6,27,-70,-57,17,33,-21,81,-95,-77,55,15,-8,60,-44,62,41,20,64,49,91,-3,58,-79
46,-77,-29,3,-56,37,-11,-51,-40,47,-22,-19,-29,-49,-31,74,2,-81,-17,-71,-69,-51,50,-80,16,86,58,80,54,35,1,-57,-19,-81,90,14,-92,74,-77,-86,-90,-21,52,-7,20,-33,5,-90,-97,-15,99,34,-62,-93,-54,6,17,69,-75,-47,-69,-1,-81,-100,-89,-31,-74,46,-4,64,-72,37,34,-20,98,83,79,-8,-82,-65,24,35,-49,10,-95,-7,91,33,87,-84,-14,-21,97,93,-61,-80,-38,-63,-43,35,-15
-51,1,14,32,-56,89,-88,100,60,4,17,-41,-54,23,-100,66,-49,26,17,-3,-78,69,64,17,12,7,-10,-100,83,31,1,-70,82,36,-42,-52,86,19,14,-4,-6,25,36,27,-8,59,-81,37,-38,-50,-9,-99,-92,-29,59,-64,-13,77,-39,34,10,-62,68,-62,24,-6,65,1,7,9,-43,47,-3,19,-6,19,-42,97,86,75,-83,40,-60,-22,99,86,73,78,-47,32,-85,36,17,20,63,3,41,64,12,3,-36
-76,97,-8,-54,-60,12,-29,-89,86,-47,70,-20,22,-93,12,-100,57,-68,27,-94,80,-44,50,8,-8,0,26,23,81,-97,-4,41,-4,43,-17,63,-70,-36,0,90,80,-44,-68,13,-79,51,29,-45,-67,41,1,-37,-77,-39,58,18,-46,-98,-77,-19,99,19,-34,-92,35,-70,66,87,32,12,95,-39,95,-73,90,-99,-76,51,57,-60,-87,-48,-67,16,-45,8,-25,93,-12,-1,36,-79,68,-19,-35,-50,-16,82,-94,89,13
77,16,62,-13,93,29,-92,5,100,58,-97,34,74,91,-49,-1,29,47,30,45,60,-17,27,-96,-49,71,-42,80,-79,55,-58,-12,-54,-66,98,-41,-29,21,-93,74,-18,-36,83,-84,79,-39,3,28,-2,-97,22,-84,18,41,-77,7,26,-30,-83,99,83,55,72,26,12,-100,72,-63,36,-67,80,-81,43,69,-97,-71,75,75,60,-96,-59,52,61,16,71,7,26,78,41,-8,39,26,-30,69,-95,79,86,0,65,-55,85
50,-7,-65,79,77,-73,63,-33,73,-28,86,-37,43,99,71,-6,84,95,-89,57,-16,-55,-1,56,-27,-41,-71,40,21,-68,-84,-77,80,-16,-72,-89,-12,71,-72,47,-1,-42,45,0,10,-30,-64,-43,40,28,-54,-27,63,-60,100,-88,-35,3,-60,-52,-34,-6,67,67,-23,80,29,48,91,46,-88,37,-54,-100,8,-65,17,-60,-66,55,92,-81,-51,83,-38,3,-77,-85,10,-13,58,96,87,91,-10,-19,-41,57,-75,59,-6
84,73,43,78,68,-42,-30,-16,-61,-57,49,-17,-21,100,-6,-74,-66,-75,62,66,2,-25,-50,50,6,-19,-41,-36,-31,-11,-66,58,42,-82,2,-68,16,85,2,-64,-71,39,-75,-83,-68,-86,-73,20,3,-58,32,-1,-10,56,-80,14,48,42,-13,-33,47,95,-25,-70,45,-7,-2,31,58,41,-3,-64,91,-1,91,71,41,62,88,-63,-83,-98,-92,80,96,14,-37,49,-37,-40,72,-53,-43,-15,-17,-92,98,57,-17,43,-64
22,-78,-73,64,-55,-29,-20,-96,-8,-74,29,5,-98,-21,-2,30,-28,-19,55,-23,-47,70,-46,-31,-69,-47,43,62,8,81,-56,-23,-93,37,-44,64,-65,-20,99,-72,-76,20,20,87,36,-7,91,96,-98,-72,43,98,-14,-23,28,-59,15,-67,-22,-5,2,95,-50,83,-94,-74,21,-16,-79,-23,-86,-25,-6,-56,-98,3,-72,28,58,7,29,93,92,-64,-37,-48,16,70,-16,-85,36,-84,94,-13,-28,0,-25,82,-41,1,38
56,73,-99,14,-81,70,85,-68,-3,24,14,-34,-9,32,-5,16,-60,60,66,-63,-16,2,-4,-4,-47,59,30,-75,72,-22,-100,35,32,47,79,-86,84,82,59,-62,15,23,55,-60,-98,-53,78,-96,-96,53,-14,-50,5,50,77,80,23,99,90,-20,-29,-34,-69,72,-69,40,4,79,-32,-57,34,-55,76,-28,40,-63,33,97,34,36,-11,-85,-34,-48,79,43,24,-67,11,16,-80,97,40,-53,-42,-59,-29,32,-65,36,39
53,85,-91,-78,79,-76,90,49,99,-10,56,-86,11,-84,-56,-7,-68,-15,-2,85,-79,-2,-74,31,37,50,49,-35,84,53,77,-16,-12,80,-58,-76,67,91,10,-19,79,-2,37,83,-70,96,-18,36,89,-67,-1,17,95,-58,37,-79,-33,-23,-46,74,48,97,-92,69,-36,-28,-46,7,83,-51,46,95,-10,-95,14,82,-57,-64,32,90,87,27,51,-45,-73,-48,-57,-54,39,63,87,-11,-32,-70,-11,94,-87,-24,-72,-65,-70
29,-17,-61,-66,56,-13,59,98,88,88,96,-77,-55,-36,-69,93,58,-5,76,44,-42,4,-85,6,43,69,22,80,54,-82,80,-81,-45,41,89,-46,-52,49,-95,-7,96,49,-38,-50,75,-56,-47,-98,-50,-65,-59,74,-36,8,57,-21,-58,44,-71,23,93,2,44,-24,-88,-100,25,2,-33,-90,-79,-28,-15,-97,28,-56,-46,-63,48,-12,29,24,-2,94,26,-54,-95,6,-24,95,-97,51,-78,62,-83,-98,58,37,30,65,-97
32,-31,85,-21,-85,25,-65,-65,-6,-52,-16,59,-67,-18,46,17,37,33,72,-34,13,-79,-95,-92,-78,40,85,-24,48,-79,72,41,-3,-91,82,68,48,84,10,-24,-79,91,62,29,-67,4,25,74,-29,99,42,99,45,13,35,-1,78,-87,-16,-85,-38,51,24,35,58,-7,-24,-34,27,-77,23,83,-54,-8,61,27,-65,14,89,77,0,-83,59,-29,2,41,-8,-38,10,85,42,30,-50,91,-33,-58,-87,-14,83,66,-77
-65,3,-28,25,16,-24,-35,-9,49,-32,-4,-55,-44,97,43,-58,22,-5,72,92,21,6,7,36,17,-43,71,-28,47,-34,-92,94,-20,-15,-86,-71,-88,-41,19,29,75,81,-55,-72,35,95,-38,-72,89,-83,-42,-23,-72,-76,17,-15,43,30,61,58,49,100,-82,-42,-26,-37,-41,42,24,-84,73,11,73,-74,-95,-41,86,96,15,-93,-72,-7,-40,-54,-5,27,-17,-66,72,-61,-94,-40,26,-93,91,-91,-71,-46,-41,-96,-30
74,-32,9,-20,-19,94,81,31,57,-47,-67,20,48,-72,-5,-8,-69,-53,-26,22,-83,-10,-4,14,-34,78,63,-94,-17,-12,51,74,100,-38,3,-47,-39,45,54,-8,-46,94,-26,-57,-25,-36,-65,12,99,73,-18,-85,50,-90,46,94,-10,66,-58,39,-71,-72,-75,-23,-4,-64,51,1,-90,-26,22,90,-89,17,23,-99,14,93,-16,-35,29,-31,75,-53,91,38,90,-20,-28,-30,33,46,31,-40,1,-14,-25,52,-26,18,-44
-39,85,44,-40,-44,-85,7,-22,-40,-12,-2,44,80,-60,-28,-53,-19,96,-64,30,32,-99,98,-87,67,16,-3,-77,69,74,-27,-44,25,-64,-75,66,90,6,22,-99,60,85,-91,-45,-49,-93,86,-93,72,83,-65,-90,56,-48,-80,-54,97,27,-5,-78,63,-78,26,-88,-37,21,-8,83,-51,84,-75,-9,17,-31,48,65,-30,6,-90,-78,-89,45,-18,-42,-100,34,66,-79,79,89,80,56,91,74,-76,-91,48,-94,30,36,-70
82,-63,-34,-76,-90,-74,-61,-45,-7,-65,57,-75,-14,74,18,8,-41,-31,-44,-76,-49,3,-43,19,-15,-18,-37,-4,62,65,-54,-68,-98,-96,88,89,-49,38,21,-50,-44,94,-39,-26,65,-9,80,85,-97,70,-85,-52,14,66,41,58,46,-16,48,58,83,23,48,-75,6,13,50,-22,-66,-19,-56,89,0,75,4,9,-27,-33,71,46,21,44,-20,19,22,3,-17,83,-17,81,-8,-35,40,15,71,-58,-44,-28,97,100,-59
-16,22,-19,50,-5,85,32,77,65,27,-83,-69,80,13,-25,-83,-54,-89,17,74,-10,89,-95,75,-8,-61,-76,-91,-11,-95,-56,-79,-22,20,-87,-90,-76,-49,-74,-59,5,-69,14,80,-44,11,30,-88,-72,-60,-80,-69,86,-39,-41,-11,68,-55,66,20,-59,1,-62,-42,-88,-58,77,-81,15,96,-100,-35,-42,93,-49,40,-75,-89,88,-25,-37,-7,-79,3,-61,27,8,-47,96,-27,-18,-44,-5,-13,59,-16,-76,-84,87,49,-84
-53,-18,15,8,-83,-38,-27,-67,-6,-93,31,39,75,14,-11,-48,91,71,20,-36,94,-45,77,-43,65,45,84,-75,17,-75,-18,-93,-51,62,39,-34,51,-24,15,-47,9,19,-5,3,-47,-83,74,-71,29,-62,33,37,53,50,6,32,-96,47,-44,-96,-93,-62,-20,58,-97,17,-23,50,2,-40,-2,-1,49,61,-84,-22,7,-7,-72,-41,-46,-4,-74,-43,-18,-7,27,-78,53,12,-16,-9,-45,-96,48,-60,-41,22,27,83,18
9,30,-78,-12,9,-92,-35,40,0,-45,-46,-96,-79,-30,-93,74,4,5,-77,-61,31,-75,-94,-34,85,98,-100,-55,48,41,52,7,72,-26,49,-23,42,0,-92,-23,-41,1,-8,-94,31,12,20,-50,76,90,84,69,6,-97,60,-33,91,-39,-30,-69,53,-91,96,94,83,14,25,71,-35,-14,46,-91,46,-1,-46,15,-55,32,43,-57,11,-84,68,-28,-78,-41,-51,-30,-35,-25,9,70,68,20,-51,-59,-85,94,46,7,4
94,62,-73,79,18,34,77,41,9,-59,79,-72,-95,-28,-20,-70,-92,-79,-89,6,62,26,47,-90,13,16,-94,12,81,65,30,-17,51,77,-36,72,84,-3,87,-80,-18,6,-11,54,-40,50,68,-76,-67,50,-28,-24,-67,-93,33,-64,5,-31,58,71,-8,-19,-10,23,-79,70,-25,23,-27,-9,59,-65,-68,-100,90,-9,-42,-82,-35,71,28,78,75,71,57,-97,-67,51,10,-14,96,80,-16,-33,-48,51,-92,-44,42,-86,-35
66,40,5,-66,-45,0,-14,-63,-58,-1,-16,-76,43,3,-53,3,77,-19,86,29,43,-85,-76,-82,-36,-48,36,-93,49,-65,-33,-52,-86,-90,-55,-90,-44,31,33,-28,22,80,25,26,-8,64,-80,-20,1,72,-62,-54,89,-32,78,86,36,30,88,-29,-36,-52,35,34,-80,74,-75,-9,0,-1,-44,-87,89,-84,-62,41,22,-24,-16,-41,-5,-73,-20,64,-92,1,-98,-66,-12,5,-86,-54,-89,-36,-53,-9,-47,98,-17,79,-24
100,52,-51,45,76,-79,69,-49,52,22,-14,15,37,-7,-26,63,53,-12,24,92,95,-8,-51,17,-39,19,-40,4,-61,-81,86,-75,-6,-88,9,-88,-14,-49,85,76,-75,12,76,8,51,-68,-91,26,-33,95,39,4,-79,49,19,-10,-99,7,88,-78,84,97,71,100,-2,-70,60,44,19,63,-77,10,96,-57,-32,-10,21,-39,81,-65,60,-73,-28,-17,42,16,0,25,-12,8,-93,38,96,-89,-12,-77,-26,9,51,25,64
-95,4,70,66,-98,-26,-55,9,-64,-43,-33,18,-2,-81,-68,-18,-29,37,85,-55,63,34,-15,-16,-9,-80,-89,7,-59,61,-22,64,20,47,79,65,14,-74,46,-57,64,52,3,15,-44,72,10,43,84,82,-32,-6,-84,-96,-52,52,64,4,23,43,-93,29,-36,-73,-24,-65,17,93,-32,19,88,43,-35,35,-32,-28,39,52,42,58,70,-70,-100,-68,-95,92,3,49,90,-64,38,100,72,-18,-2,-58,-50,-67,-85,76,-45
48,-24,-78,62,-47,90,-78,78,15,-65,-28,25,-24,-92,66,36,22,44,-90,24,38,-46,-89,-5,-40,-88,26,15,-1,-25,-29,-66,-97,83,48,36,18,5,-66,97,35,21,66,32,84,7,-81,32,-12,-48,-26,-82,95,98,26,90,-62,87,-54,-46,72,-88,-49,1,-54,75,-15,21,31,-71,-86,-64,-28,21,-13,41,-17,48,84,-76,-48,49,-42,92,62,-30,38,25,34,-84,-66,46,89,-100,-15,82,64,-45,-74,-78,47
82,-90,27,-84,-77,-78,16,10,24,-25,32,-91,-26,-16,-21,-79,95,-44,75,-31,-59,-87,-47,43,-77,-26,13,-87,-37,-74,50,-92,-40,-18,65,-82,85,-54,-25,89,73,33,89,59,-71,90,76,-80,50,64,-44,-37,-87,-12,-20,64,47,52,41,-70,-80,-11,-83,97,53,42,99,-75,65,-65,-28,-40,-21,-51,33,5,27,90,-20,22,96,-5,70,-39,58,-86,25,-21,-83,-74,-89,-97,9,-48,-51,19,100,92,-11,-5,-73
-18,85,-78,-71,-17,54,37,-50,26,-66,-22,-38,69,32,-22,77,15,-11,64,8,96,-20,-94,-66,41,58,3,63,-58,-99,90,-80,-7,-96,66,-49,-30,92,-73,97,-21,-63,97,-93,-56,-61,47,49,13,97,94,-9,-44,78,-56,69,-74,18,-2,8,-27,14,-86,78,49,-98,-11,58,30,-49,46,13,48,-53,73,-96,-34,-13,-97,-79,-78,52,89,62,41,38,5,-100,-93,-29,94,-10,-47,-48,96,7,22,5,-98,13,8
35,16,8,74,73,58,-98,56,-83,12,8,17,-47,99,54,-53,68,-86,81,-93,80,-86,57,39,30,-31,-93,-28,-35,-78,67,26,17,-19,88,-34,37,-52,-45,55,-72,-20,62,25,-29,49,-20,-38,-68,33,14,81,16,-27,69,52,-34,64,-33,-7,71,-79,76,35,93,-76,43,37,76,-45,-55,-18,1,57,-95,79,-35,-87,-62,-57,41,-94,-4,41,75,-84,86,56,68,-35,40,-57,25,-74,-79,-34,-59,33,-4,30,-5
-72,17,24,86,33,13,-98,-49,97,-12,-84,-98,10,-21,76,21,21,63,59,-40,-91,41,-35,83,-95,29,-17,64,-36,-2,-95,-70,25,-89,56,10,-94,-31,99,-73,41,-32,-93,89,72,-19,61,-69,78,7,-80,-48,74,-55,29,74,-28,18,45,23,88,-10,76,22,-7,8,-7,85,85,27,-75,-11,-58,31,-74,-5,-21,-1,38,39,42,99,-34,21,-53,-14,-34,-18,68,31,64,-34,-18,28,-45,-19,74,-31,-43,-15,-99
85,-1,-32,39,-97,36,77,-76,-6,-93,68,-48,7,68,10,-16,13,-93,-70,47,9,-12,-97,11,-20,68,-29,54,-97,-93,-15,21,-60,-25,-78,53,-73,-4,-13,70,8,33,-67,-71,-99,-66,-13,-90,88,-95,11,-69,33,-78,-39,5,3,-79,66,33,-88,-36,-9,84,13,-13,79,-41,-35,40,28,70,63,-51,21,46,-68,91,-96,41,-80,70,48,80,42,52,81,-42,-29,22,89,-60,-7,22,-56,-11,-23,59,30,-12,-18
14,93,89,91,-52,-74,-53,-22,62,43,-19,99,22,-85,-38,-58,-12,-89,-59,15,85,79,86,73,45,-47,-93,-86,-70,85,70,36,80,-84,-43,-89,-35,-100,72,-23,-64,-84,90,43,24,57,59,-6,-46,-90,-5,76,-83,-57,-67,-63,90,5,13,-61,-22,-84,36,98,54,-20,-56,34,-11,93,100,32,43,84,53,26,21,11,22,-70,18,84,59,83,88,43,16,18,61,94,69,-74,18,-12,-17,-53,-58,-68,41,85,96
-6,-11,8,16,10,65,50,70,73,-56,-78,-51,-100,29,92,8,-13,-59,94,24,5,29,-31,-54,29,-61,-34,-21,92,-25,58,32,3,-27,-26,-76,73,-76,69,-8,-22,36,55,66,-13,-78,-20,4,8,61,51,-59,-9,97,-39,-8,68,-45,85,93,-36,81,46,100,39,-37,23,54,-39,55,46,-12,79,30,40,-87,-89,19,-7,-72,-67,-51,-54,80,3,-1,-91,-28,60,-91,-17,90,-51,7,4,52,-97,2,-45,-85,79
-87,85,39,5,-52,-88,-84,21,2,-20,-1,-38,84,-85,-54,-26,47,-28,-23,17,-24,35,-79,46,34,-43,-73,-95,22,42,-47,-88,-60,-73,-75,34,-26,-28,61,89,47,55,7,67,28,50,44,-91,-8,-94,25,-89,-73,66,-20,-2,67,-87,35,76,29,-40,20,-34,76,-35,-90,93,-97,52,-78,70,-40,37,19,98,-55,-9,-75,92,-24,43,40,-20,98,-83,-52,63,2,-95,48,-53,51,60,43,24,59,-69,-100,82,49
-39,-86,-48,83,87,76,-53,-2,-68,41,40,-90,98,-41,44,42,-21,42,-90,50,1,15,76,-44,60,-98,54,-2,25,-100,60,-31,-85,27,9,-51,27,-100,2,-8,-62,53,33,-96,-36,-62,38,88,83,-45,89,8,-96,32,99,-12,-83,33,-55,-93,-24,-34,74,32,-78,33,83,59,49,-80,25,80,36,96,48,-98,-5,-58,98,56,-89,-92,-18,12,-35,-7,40,50,44,78,19,96,-57,-14,-83,-67,65,-69,8,-37,-30
61,29,-88,45,75,67,-77,18,-10,-76,-60,78,-72,-27,33,90,2,-82,30,22,73,-91,-21,-23,6,-20,-49,-41,35,96,66,-29,-35,-43,85,-89,30,-94,34,12,-77,-62,-24,-51,-1,80,-90,-4,-40,-77,-6,-90,-70,72,-27,19,36,-18,97,79,-23,-10,-86,75,83,-24,7,-78,-75,-9,20,76,-7,41,-40,-31,58,70,-91,-37,46,50,67,36,76,5,-29,-16,-82,-32,-28,83,43,-55,-42,-43,-15,61,86,-61,-65
30,-19,37,-50,-30,65,-25,-24,-46,1,-52,73,34,17,-71,-91,-77,56,-66,-45,21,-4,-4,32,-8,68,-55,22,-98,-66,97,37,61,0,-4,40,-12,-97,54,-12,-78,98,60,71,82,-1,-82,24,-37,52,-78,-61,52,-78,-56,-33,-87,-47,-89,-89,43,22,-28,-17,-92,-93,66,-36,-83,37,21,11,72,21,-90,-44,-22,-32,-8,-17,-72,80,22,47,58,-24,53,63,-16,-5,-38,-54,88,-97,19,-45,16,49,-36,-30,-79
5,60,48,-88,-98,5,51,23,96,-19,-39,8,-31,-50,76,-61,-15,5,-37,-3,74,-18,-18,-84,-36,90,55,34,27,88,-100,-4,44,-68,-32,-53,-81,-49,48,43,-3,32,-14,69,-94,26,-21,27,-28,-26,0,80,-22,37,-50,37,-87,97,-33,-86,15,-75,-45,90,1,15,40,-36,-96,25,-31,8,11,47,-89,71,85,-53,-48,-76,-83,77,73,-78,4,-73,52,83,83,-23,0,-21,-20,33,44,-17,-100,-40,-72,74,-57
35,-73,-65,-28,-66,-82,-29,82,-59,61,56,-8,14,55,-23,-24,99,-61,-52,-37,-24,-47,-41,84,20,83,-87,62,95,-44,15,77,83,-55,79,24,57,-58,-7,77,-20,-16,98,-42,54,-47,90,-75,23,-1,-80,-96,86,-67,-22,-86,-5,-69,-86,-21,51,-3,95,-83,17,18,18,-29,-62,-56,-6,78,85,-23,92,91,-79,56,-8,70,6,-81,14,-33,60,100,25,14,-85,-16,14,-79,91,-12,-29,-3,94,87,-29,46,-76
68,42,87,-29,-52,49,-33,91,33,83,69,20,66,30,-87,-92,40,0,18,21,79,21,67,70,55,51,96,21,24,-79,15,-23,4,65,16,-2,-45,-24,58,17,-81,67,-62,4,67,8,-86,-17,-47,-3,84,-83,67,8,61,90,-29,53,-97,-34,-27,61,81,22,-17,32,-93,3,15,-12,31,84,81,60,94,-76,54,14,4,87,-91,81,-65,9,60,13,34,63,-41,79,-36,99,-71,68,91,-21,-72,13,49,66,77
81,-74,-45,-73,-50,59,-88,15,-67,-13,-41,3,-33,-16,17,-9,81,59,69,-33,90,-66,-89,-97,-21,-76,21,-78,6,81,67,-63,12,17,-49,80,5,-18,-75,33,42,45,-83,-11,-58,22,-97,-15,11,11,-84,-26,75,88,-7,-79,72,96,-65,36,-5,-82,7,-8,11,-97,21,-50,74,-20,-13,-23,75,-42,0,-38,19,30,41,83,-81,-27,56,-94,-41,63,-95,88,38,12,-92,-10,44,90,-16,93,67,14,78,-47,-10
69,-5,75,-11,-97,26,8,70,-50,-65,66,-50,-17,-44,29,-92,87,-50,5,68,-80,47,-45,-70,-39,18,-51,94,-71,-49,63,59,-11,91,-61,5,-55,-77,-12,-29,-75,46,-45,-74,-48,-72,-46,54,-23,100,-59,-35,-96,-91,12,-43,99,-30,86,76,100,-9,-63,76,-85,-80,8,15,-26,12,91,81,-96,-61,33,-98,8,39,-95,-19,56,0,3,-43,-67,-10,-70,-47,60,84,0,19,100,-14,-49,-66,-69,-47,-100,-74,43
59,-50,-62,-64,69,-9,-50,31,64,-3,49,6,-61,71,4,-24,36,63,17,35,99,-42,-84,-50,31,78,18,-20,58,-49,93,-93,98,100,-63,29,63,-6,40,2,-33,-72,18,31,43,25,62,-48,-79,-82,93,-62,75,-80,20,18,-15,63,-57,91,88,-47,23,-3,-74,12,16,-65,-86,-41,-24,89,76,-80,-69,-11,-28,-98,-84,-30,46,-91,-93,40,-19,25,-18,5,-29,-2,-39,-4,99,-82,-38,85,-51,38,73,23,9
6,30,29,55,78,0,-17,-24,52,-52,51,45,-78,28,23,89,36,89,5,3,18,41,-95,-45,76,-23,26,25,-60,32,-33,52,54,32,-27,-23,26,-85,-14,-43,24,-72,55,-5,-71,85,-38,89,100,-91,-46,-89,-61,-55,-79,-91,0,-72,-28,-35,-51,-91,24,37,46,-100,88,94,-61,-93,54,98,-24,28,-83,-11,58,98,11,89,5,-40,-28,49,81,21,37,-68,21,-41,75,24,94,-90,-47,-91,29,32,-40,15,0
96,14,-91,-42,33,-93,55,-97,26,-16,-25,19,-48,-33,-90,38,-15,-19,-58,-82,-14,35,-70,-13,-36,89,47,-63,-49,70,67,-21,-40,-30,-9,-78,34,-7,-86,47,66,-55,-17,-48,11,17,10,-76,-34,7,30,-27,82,-83,-82,-9,-97,1,95,-38,-11,44,30,61,2,30,-73,29,65,-95,-95,-30,84,82,-47,-8,20,97,25,66,-53,52,42,-58,61,-3,-39,72,-80,84,2,62,45,16,-61,41,17,-81,68,-18,-41
-55,-21,-66,-77,-46,-9,41,22,-72,-43,85,-12,13,55,-66,57,63,46,89,-73,60,-54,-100,84,100,-65,-84,32,-93,71,38,30,15,73,83,100,97,97,-98,80,-53,-76,62,-94,-50,-31,-83,-55,-9,-54,-88,38,94,-93,41,-78,-36,67,5,-21,-22,-57,76,40,15,-34,99,88,-42,71,-37,1,-28,-28,-66,11,-8,-11,38,13,-48,31,25,-34,29,-94,-87,10,90,60,-42,-41,25,12,98,42,39,38,-3,-26,41
72,9,71,56,-98,-32,8,52,65,83,44,-62,67,59,96,67,-57,66,-52,71,-59,-7,-9,-5,98,53,54,-32,77,-52,-42,91,-80,-1,70,-55,-76,-30,-82,77,51,-17,-88,-42,55,93,-24,-27,-58,-63,-51,11,11,-45,-57,-32,84,91,-43,-65,-3,11,80,54,-49,-54,-22,-92,49,62,12,-89,3,3,-10,47,99,69,-10,66,-6,3,2,11,-28,-51,70,49,20,70,12,-33,-85,-17,-77,50,79,93,41,-17,-21
58,21,-67,14,-44,80,75,30,-46,-33,-56,-49,14,-68,62,99,-99,-33,-84,7,47,34,-71,-31,-32,86,86,-45,95,30,67,2,-55,45,88,-65,-74,-95,-5,-66,-16,-48,-5,-90,90,12,24,2,-61,22,-14,-20,-55,42,-58,99,-88,-30,-77,-21,29,81,41,-61,76,37,-64,-87,22,-16,-78,92,77,80,-65,56,10,61,20,42,75,-69,88,28,-69,-97,20,18,95,-53,94,18,-91,94,24,32,63,62,98,75,93
28,-97,-24,-46,-42,-13,-37,-67,73,-78,-72,-40,-29,10,-94,53,15,3,-23,20,90,-34,38,14,63,47,-84,21,86,-43,1,-57,-60,92,-89,-100,-89,-2,11,-85,-42,3,-84,48,49,-58,-55,-15,-19,69,98,98,83,96,94,13,-72,-68,81,-13,64,-19,79,31,-20,10,18,-22,19,99,-4,-74,52,-53,-68,-51,-14,93,82,91,-42,65,-25,79,91,-82,-89,-93,-19,20,11,88,26,30,-55,-30,45,27,61,56,14
-36,45,-32,29,-39,27,-89,-29,-71,-91,-51,50,-1,12,19,17,-57,40,17,-49,19,22,71,66,16,-25,-18,-74,48,-86,98,-45,-34,-16,-45,51,-90,66,93,-41,81,-4,47,1,78,7,-76,39,81,3,-91,-78,-71,-8,89,74,-18,-45,61,-61,69,57,74,-21,67,-77,56,37,-66,63,-32,82,64,-49,-97,-90,65,-60,77,-55,-99,-55,76,67,73,-1,-9,10,61,-55,-92,33,-19,-53,33,42,89,38,-24,-32,-70
-3,65,15,64,42,75,-49,-1,-59,-14,-60,-58,9,87,33,-66,57,-55,-22,-59,68,-36,36,-72,-25,31,-72,26,73,-40,44,-23,-63,38,39,84,5,61,91,-25,-7,-86,-35,40,-19,2,25,39,58,57,78,-24,-52,92,33,-39,-45,-14,23,64,60,-36,94,34,-3,43,-91,19,-60,57,79,-70,81,49,0,70,-14,93,-38,85,-24,79,-19,-53,-24,66,-15,-44,-33,-54,-92,-75,-41,70,57,-37,63,55,1,-3,-40
-33,-81,63,-42,18,37,-28,95,96,-72,96,100,-53,-97,87,-46,-80,-16,-5,-13,-44,-53,-11,-25,-92,-69,51,49,-7,-69,-77,-13,71,-66,-85,-48,-25,-63,-15,78,-79,15,0,62,71,62,-32,-11,-4,97,89,43,-20,7,18,66,-15,-31,58,-64,-46,13,-62,-15,-63,-20,55,73,43,-3,41,26,-99,82,95,40,88,82,-94,-45,-80,3,29,82,-6,-95,-73,-70,62,77,-48,-2,-52,26,55,-71,-50,-25,3,-84,-24
-68,85,72,37,75,-46,14,49,87,53,-90,-86,22,71,-75,13,31,-33,16,-56,-18,29,93,-79,-52,-5,82,-9,-68,96,79,45,-96,-64,-63,58,-88,48,53,20,52,-53,85,17,79,76,28,-53,-61,-92,81,-30,-17,58,49,-42,28,80,42,-65,90,89,-73,-62,28,38,-75,18,-73,-94,-63,34,53,-39,22,5,40,12,47,92,-72,93,69,-25,-40,78,-57,-22,-9,-40,-58,-33,-16,-32,18,60,-1,-75,29,-91,-8
3,-100,35,-14,4,41,-29,28,-21,69,14,-98,42,-42,-61,-96,-70,-33,-48,-6,-40,-30,-75,34,-95,71,19,-13,0,-97,63,49,-78,83,-66,65,75,74,-98,18,-14,-21,27,10,-3,-89,-82,-44,13,-88,60,92,-61,28,48,99,92,68,86,-31,48,3,11,-82,36,100,-40,-92,30,-41,-65,-63,-32,-38,-64,82,-90,60,46,85,32,53,43,-10,-68,27,-95,90,-1,-1,68,-22,-37,86,-9,74,-60,21,59,31,-90
-16,66,-40,75,-57,-16,38,-31,94,36,81,70,-54,46,96,-30,90,60,74,35,-93,96,-74,96,-93,96,23,57,-57,0,32,86,-10,45,12,38,45,-6,-24,-95,60,6,11,-6,72,-29,-54,64,80,0,-95,-40,-33,93,-59,-57,61,83,56,-48,-24,-52,-18,4,6,32,85,-39,58,31,-11,-9,45,-83,27,7,8,11,59,43,0,-85,49,-89,-33,11,-81,70,47,-38,66,-94,-72,44,65,6,-15,3,39,1,-76
82,6,-40,67,-41,-92,96,97,-86,65,1,-79,-33,-56,-43,-81,-46,73,-100,76,-80,-75,72,65,55,67,68,-41,-13,-56,7,2,-93,95,62,-29,-38,89,75,-27,43,-31,89,-53,78,-32,-9,89,49,-26,-55,-70,-73,-76,33,-50,-35,-90,-5,-48,82,38,-14,84,-18,-58,-32,55,-44,88,-90,-58,57,25,0,2,-67,-35,-69,87,88,12,-8,31,-37,11,-75,-97,-12,-35,-45,80,34,63,-95,-76,-30,29,100,3,21
-95,25,-81,-85,53,-95,9,-66,90,-90,12,99,35,16,50,-64,-11,53,-55,-4,90,-44,69,-29,-6,-38,-94,63,-65,-19,60,96,32,100,73,-81,-18,-73,68,-47,17,76,-30,46,-72,4,-44,-69,92,-84,32,95,-98,-76,98,-89,22,-34,30,-78,7,65,25,-54,-21,-33,-97,-81,-89,91,72,90,61,-10,84,87,-67,-94,4,-89,19,-50,62,99,-22,51,-34,29,10,45,-96,-45,61,60,0,35,29,10,30,26,-54
