-80,71,27,-20,-65,-61,100,80,-70,27,18,20,34,62,7,79,44,54,81,29,-90,-78,80,18,-42,81,26,-46,1,31,98,78,47,-19,51,85,-22,83,-94,-3,69,-1,8,19,-31,62,-9,39,3,20,97,54,43,83,76,-4,-19,-66,-5,-73,-51,-34,47,11,90,-70,61,46,45,-85,-49,88,-84,-74,97,-30,54,79,-39,75,-74,-94,-69,-6,24,-9,-87,-25,-56,48,11,-29,-83,-87,80,40,31,41,-20,27,87
-24,-53,-75,16,-65,14,-88,-74,41,-39,80,-81,-69,-56,66,-80,3,-5,-7,-76,69,-15,-91,-15,0,74,66,1,38,-77,-39,-96,-9,48,47,-14,-2,71,-9,-25,-74,52,-15,-75,23,23,93,-65,-84,74,36,91,28,18,-64,33,-21,-97,45,23,-71,35,-69,-47,-8,18,67,89,-55,75,-93,-11,10,23,-83,-28,60,-80,85,-30,12,-11,35,-28,42,15,7,-19,-20,-20,-78,-67,-45,9,-33,38,97,-70,17,-13,50
-51,19,34,-100,91,-83,95,4,20,-31,-38,28,62,23,83,15,-46,87,84,-25,73,-73,29,-63,-85,-58,64,-2,1,79,11,-36,-99,-94,11,7,94,64,-15,-85,-84,66,23,-91,-90,-34,9,19,-80,-22,23,-92,17,25,99,-35,74,-70,73,-36,-62,93,70,91,-55,0,-49,-60,-47,-14,0,73,-13,82,-35,-81,-76,-25,-44,-73,-75,45,66,32,92,26,-31,-100,-55,-58,-39,25,-19,13,48,-50,-8,-41,53,-38,72
-41,64,-27,-88,-10,86,-87,-4,-93,17,5,-52,20,-100,-20,44,-75,21,-99,-2,77,-89,75,-85,57,-89,-9,-62,74,23,-22,-55,34,-29,85,-2,89,43,89,-6,-89,48,-93,22,-53,81,98,16,70,45,-9,97,-72,-79,55,-9,-96,-18,36,-82,-31,11,-49,-89,-29,93,-22,87,44,-26,-47,-37,99,59,-66,-58,23,88,33,93,-72,-31,92,-77,-20,-99,79,-70,-78,-38,22,-1,-5,23,-36,99,80,43,37,-29,50
-16,94,-71,45,20,88,49,-50,-85,-17,-91,-52,-20,49,60,57,-5,19,38,-61,-7,-35,0,-97,-38,66,-27,89,-98,15,-29,-13,66,-28,59,27,48,-79,66,-95,-10,-33,95,4,56,27,-19,9,-21,58,24,78,90,-97,-74,-84,-24,-54,75,87,51,-7,39,53,58,-14,97,57,-71,-40,57,60,31,-10,-91,56,70,100,10,58,66,50,-55,-34,85,-80,-45,30,-85,-18,-87,41,-65,-98,-54,-27,74,41,69,18,33
49,-93,20,99,34,33,-81,-58,12,19,-70,23,-84,-69,-28,-35,-74,7,-90,10,-7,-26,-32,75,-63,-40,8,-63,16,83,-48,39,41,-50,46,-61,25,-39,-97,96,30,17,-66,-6,-51,-62,84,-94,-58,8,86,72,-99,41,87,-12,65,-56,22,25,-97,-56,-96,-3,25,-34,-3,95,38,-79,46,13,-53,55,38,-24,-37,-95,-51,-38,85,-46,2,-45,-50,-67,-70,81,-38,-40,-44,91,-31,99,61,-77,-74,52,-32,52,-87
-16,31,93,-51,-65,84,-95,-26,-37,-79,-76,-94,-18,-18,30,71,1,-23,26,22,76,-68,72,-93,-21,20,-96,16,-98,19,97,33,47,-54,11,69,-21,-55,-81,-65,-2,19,-14,-93,-67,47,16,89,18,-85,33,85,30,38,86,81,71,-37,-84,5,-74,-76,-73,77,-35,77,-73,-5,28,-25,6,69,41,33,-100,-89,19,37,59,28,-18,-24,-32,-73,-14,-5,26,-100,18,-77,98,76,-73,21,-16,94,77,-25,-38,-16,-4
34,-55,15,98,66,-85,6,-98,1,28,-36,59,-39,74,-99,-100,73,-42,96,-21,9,-95,74,-40,-46,-58,-20,3,97,-89,86,23,4,-87,-3,2,-41,41,20,25,69,-74,-42,-35,78,18,-91,0,-64,87,57,77,18,24,65,98,-5,90,-55,-78,2,-28,7,-97,-5,-22,83,41,-25,-53,-61,-10,23,-1,48,-88,63,48,-12,-35,24,76,3,-24,66,-61,10,-92,52,-24,60,-27,-83,-44,-35,77,-13,-13,96,4,53
53,77,-57,-5,-31,81,-95,98,25,12,-35,63,84,95,-73,-16,5,-84,-90,60,52,-73,-7,-6,-67,-91,-23,48,55,49,-91,63,-9,-88,-24,-67,-6,83,-32,-8,52,-5,-42,-42,86,80,-52,70,-72,85,51,-43,-18,30,74,55,97,56,14,-54,-35,-40,14,68,-68,-22,74,-63,-97,-51,92,-53,-3,53,34,-8,-38,48,95,69,-90,-68,-58,-47,72,85,90,61,37,1,21,-50,19,1,90,59,84,43,-49,-78,16
63,12,10,77,-23,38,28,-41,-12,-60,19,-58,34,-49,6,-20,81,60,-95,-18,65,47,44,-94,-50,12,-68,-41,90,32,-92,5,35,27,15,38,46,94,74,26,44,-62,-16,41,-74,13,-34,-56,-54,68,-57,-96,-49,-88,10,27,70,35,-15,61,-40,-93,69,-50,76,3,-76,61,28,26,-28,-48,-76,-41,37,-35,-2,-13,-49,68,65,97,13,-93,56,-97,-67,-85,-66,-91,27,5,-60,79,-55,-26,92,65,25,-8,49
-10,-4,69,-69,-23,18,-25,-39,-91,-92,-3,20,82,-28,-54,-42,22,79,70,-6,92,42,-96,-42,42,-91,72,55,-87,27,-58,-17,18,96,67,-9,-9,-23,-33,-41,39,-62,-39,-93,89,84,-52,61,93,-81,74,-76,80,71,-81,-68,10,-32,-24,98,-41,-85,94,88,-54,23,69,-72,31,-85,-22,78,-16,74,1,6,-17,84,-71,58,-46,77,-22,67,-97,99,-99,38,-83,55,8,41,83,-59,10,-74,-50,-21,-65,-82,32
-59,-87,-56,6,97,46,45,37,-58,-23,-16,-90,-72,6,53,-46,-72,60,8,36,91,27,-19,56,-60,66,1,-45,-26,-1,12,15,61,-93,-37,42,-15,59,-14,95,-59,69,55,31,63,-73,-65,-8,-29,61,25,39,44,-64,-71,60,-34,60,-53,-84,-13,97,0,-40,-37,29,-80,-53,39,-52,-30,77,8,19,-64,43,-78,-24,3,-73,18,98,-41,-46,30,-50,9,-93,-60,-56,-8,-50,0,-9,-74,-16,-36,-99,99,0,-6
65,-47,-34,77,87,66,-60,92,32,88,93,-96,-72,-69,77,-95,-19,3,-26,-50,37,-55,51,4,-21,-92,-16,-38,17,74,49,3,16,71,-30,-79,55,39,-28,-53,81,20,80,-20,-61,-81,62,-60,17,-93,69,-49,-35,64,-66,-44,-29,-97,97,-80,-29,82,-99,19,98,32,-4,-55,-13,53,-44,16,64,-13,-70,65,-51,49,91,-83,44,46,97,12,0,76,-71,-86,28,96,-33,12,26,41,-77,-42,43,16,75,-33,-99
-8,-91,42,-78,-83,-30,16,-59,-38,-41,-25,44,-68,-45,35,-97,61,69,-98,-5,25,30,74,-67,-4,-99,69,62,-63,61,38,5,-77,28,-99,63,46,-100,31,-48,8,1,-91,-16,87,66,5,-49,50,-69,57,-12,-68,84,-37,-11,-8,-86,36,-78,64,-95,38,23,-34,8,-32,-91,-98,-53,-8,77,9,85,78,99,95,57,6,33,-27,-58,-76,81,-25,43,15,-73,-59,-67,-25,-87,69,60,-92,21,-13,-93,-88,-63,-50
45,4,-8,64,-84,-8,-30,65,-16,-85,43,29,-17,-98,-5,-4,-80,47,81,-40,-65,-36,92,36,-53,96,22,3,58,-88,-86,62,96,-46,42,-33,18,-13,82,25,-30,99,38,-51,62,-42,-28,77,65,-34,-24,16,-47,-38,-30,-55,16,-50,-7,-27,-7,-35,-53,5,97,77,-98,-50,-38,-31,-73,48,-44,2,-45,52,89,86,-20,66,-35,-23,-22,66,16,70,-38,99,-89,-90,39,13,-32,61,23,-85,-23,77,87,37,-54
-51,-49,69,-55,-67,2,-39,40,66,-81,-64,19,-32,-67,-96,-17,86,41,2,-80,-48,-68,90,46,-7,49,-13,-81,64,19,28,-61,100,-10,-100,-23,-80,100,69,12,62,-4,-53,48,95,-96,-26,-11,24,-6,40,-72,-44,-74,-47,82,28,-65,29,-19,75,11,-55,81,-86,93,37,68,18,-50,76,-60,-19,-57,-27,51,9,-61,97,28,-9,25,6,65,-63,-83,1,37,-33,92,53,78,89,-27,57,96,14,64,-70,-39,20
-69,64,50,-86,10,7,-83,-65,63,48,-38,-21,-21,-91,-40,8,-68,25,-97,-99,49,61,-90,-74,10,43,-60,25,29,-93,-15,81,73,51,78,-8,-5,-72,-37,3,-67,-88,-2,-86,66,-59,-2,28,-34,-33,-5,-60,11,7,-12,-5,-29,33,-91,-90,-21,69,59,45,74,4,-29,64,-16,-20,-52,92,-88,-26,-87,86,32,-76,72,-57,17,41,-75,-77,13,54,72,10,23,-19,64,59,-7,-86,-59,-17,52,75,-82,94,62
-96,-27,0,-12,82,-43,-80,88,4,-6,5,94,-60,-81,-67,31,-94,81,-19,-77,51,-36,-27,-33,5,-22,-38,-53,89,-93,-57,76,-66,31,89,-17,10,-57,-45,-68,-50,-16,17,93,-21,34,-99,-21,-27,-71,72,-58,-63,54,0,86,-82,71,-86,42,-48,35,83,50,-50,67,-14,-61,70,80,10,43,12,-98,41,93,19,79,95,-99,43,77,-62,-63,-6,90,75,-26,-43,-93,70,-32,-40,-100,-36,-16,-16,-46,-75,-65,33
11,48,-50,-83,23,-35,-88,-26,11,72,-87,-55,87,13,6,39,23,-75,28,28,10,23,-78,-95,-65,-77,-90,89,100,29,26,-8,74,-88,-18,32,57,-23,-52,-95,-91,81,-18,97,-28,70,-7,-26,70,-76,-47,74,-51,-70,-94,-60,79,77,70,26,-43,76,70,2,38,-4,9,-74,-23,-82,46,-12,-79,-72,-3,-12,33,-70,11,-63,15,-94,-15,-56,83,-85,-100,71,53,-16,-74,38,65,-33,62,99,22,-39,35,-26,-6
70,8,-3,-89,-91,-72,-86,37,76,88,64,63,-17,100,-43,-42,77,59,70,24,96,33,100,-84,-28,90,-21,-50,-10,72,-36,-37,-23,61,-43,-49,-61,-49,98,-74,90,-6,37,-72,-42,-21,76,16,16,23,-46,31,-79,63,2,52,-23,-3,-64,-30,34,-38,25,24,51,-32,78,41,-2,4,98,58,57,-54,-89,-54,-52,-43,-22,4,-71,-71,83,-55,78,28,-12,-45,92,47,-23,75,76,73,-79,10,29,32,-72,-39,-32
-62,-65,-42,24,-58,43,-73,1,18,-91,-34,17,-34,-80,-16,73,-69,98,-63,-60,-62,69,24,-27,0,40,-43,73,-68,5,-12,-95,58,53,-7,31,50,93,-24,-33,55,-67,92,69,90,3,-98,-64,-41,53,63,-76,-99,7,-78,33,34,57,41,33,-48,-77,-11,52,-84,32,10,-93,-11,47,-87,-16,71,48,-14,-40,55,-47,-45,-78,-89,81,83,-62,-85,91,-100,-38,81,68,61,67,16,-40,-68,-92,-59,-57,-8,78,-64
-23,-77,-91,1,-12,-76,-96,85,-13,-38,-68,89,-65,70,-37,96,6,-11,-62,36,38,-74,-88,-53,-89,-1,-77,67,9,-24,-61,-36,2,-80,88,17,-43,-46,-87,-83,71,9,58,-61,6,-49,-36,-48,-80,-94,-51,17,87,73,69,-83,11,16,40,1,15,-72,-1,3,-3,80,-40,-91,30,75,-63,-50,-85,91,0,10,69,-59,-26,-8,57,100,12,24,68,60,-53,83,70,78,-39,97,-91,-43,-19,45,-95,-66,-94,-75,35
-87,54,-75,-27,86,-23,34,52,14,29,6,72,-51,-5,-8,-14,-37,78,-83,64,25,-31,-82,-35,-64,-2,-29,25,86,74,14,-34,40,28,-73,-93,68,-61,-30,-23,10,59,0,-7,66,-95,-82,-16,80,47,-67,9,63,34,45,4,4,17,37,-54,-55,-32,70,-88,23,73,-20,-8,-62,-77,14,94,-8,40,13,56,-94,-21,-99,-33,-72,-34,54,-25,16,-68,-54,-37,20,39,28,-69,-56,57,-22,3,55,68,92,-69,76
-29,40,56,-71,-30,57,4,48,79,99,-12,-36,-38,-4,-99,-58,-28,-51,-77,-66,-42,53,66,-45,-54,-64,85,23,22,5,80,-74,-69,-30,2,-2,44,9,-72,-54,-95,12,-22,9,11,49,-4,59,17,-79,45,72,-65,80,-56,-82,-72,62,2,86,-21,-77,-53,-84,25,27,67,-52,-15,48,-66,17,-23,-24,-60,65,-4,-85,64,-98,55,-72,-19,6,94,-40,-49,-35,-75,24,-36,26,39,94,-50,-78,-64,-37,31,28,36
-48,-29,37,-73,31,-26,-98,9,-69,100,-76,91,-95,-14,-76,-23,-32,-38,-18,55,-90,8,49,55,38,62,84,94,5,91,70,-49,-13,6,-73,-25,52,84,9,71,-86,44,-2,-88,55,10,-56,58,20,-87,-51,-86,51,18,-16,-83,-9,58,-37,59,-83,-33,47,54,30,-44,41,-4,56,53,-4,-36,81,-62,-57,-97,-88,-28,-79,36,35,-48,10,32,7,46,-72,-10,-80,-13,-35,88,49,71,25,37,48,25,7,-70,48
-59,-36,12,69,-42,39,-74,28,-95,-43,29,9,55,6,-67,17,55,46,80,-46,-25,53,-50,19,-81,-74,13,54,-66,-49,8,59,60,7,-66,34,98,-38,-80,-68,-56,9,23,10,-27,-62,-17,62,-89,82,21,-15,-32,-25,21,98,-12,95,4,-73,28,44,89,-28,-59,60,-91,85,62,-6,100,-1,26,-3,99,-61,85,-14,39,33,-42,98,-76,-98,-41,-64,6,21,77,77,3,64,-73,67,20,35,23,-100,-56,6,-37
-29,38,74,21,85,-70,-78,-54,20,-85,-6,59,1,-24,54,-67,2,62,-64,-89,72,-30,9,46,-75,-99,31,17,81,64,-6,59,-97,16,67,64,53,-27,-85,37,-71,16,8,61,44,54,86,-12,-8,51,-17,79,-94,61,97,63,74,-65,-86,4,12,-21,-78,28,-87,-24,70,34,9,-33,61,-18,-10,51,-77,-52,-13,79,91,98,17,-55,1,79,7,-71,-23,-57,-60,32,49,-41,15,99,-43,-74,6,-33,-36,13,-73
-54,48,40,-55,90,36,-76,-96,-21,38,-93,-29,13,46,-38,-74,96,47,-49,45,20,10,91,20,-88,15,-61,30,28,-51,-69,71,61,32,-4,-6,-47,22,-53,50,92,-61,-2,-92,-1,11,-30,-78,27,-17,-67,-78,41,60,-17,96,-45,98,-17,67,-44,-23,-84,-93,41,-76,-12,42,82,-92,0,-88,13,70,17,-84,30,-8,35,-17,46,-19,59,60,-92,-27,59,5,-24,82,-92,-59,74,-25,95,-3,24,73,69,29,-30
27,-68,-45,98,-88,-20,97,-18,53,-34,67,-35,90,-46,-14,27,-58,30,-78,22,35,34,-58,-6,-34,97,-80,83,56,-5,-63,28,-1,-90,60,-74,-81,-90,-79,18,-34,-100,59,41,-50,-17,-48,15,34,-43,38,83,-50,19,-76,-8,-98,-26,46,-10,58,98,35,-50,68,-67,-65,-3,18,-71,40,-17,-55,-68,9,31,-100,-82,48,-99,-74,-75,17,25,-36,-62,45,25,-5,73,93,-89,98,-89,-91,-13,73,94,15,24,40
-49,-50,53,25,-77,100,93,84,85,-15,-35,-39,100,83,-35,-85,-84,-43,82,58,0,21,-38,-61,-27,-68,81,-13,-67,-25,-52,-33,-75,-62,83,98,-23,95,-1,87,10,28,37,59,16,-36,90,-59,84,-52,83,40,43,48,-28,-31,-10,6,75,61,83,100,16,-57,-9,82,11,-12,22,13,-49,-57,83,-72,28,3,-51,-1,-21,-24,-90,-82,-6,16,-86,4,-4,-40,-87,85,-27,61,80,-49,-81,23,-54,-36,63,-15,-57
15,-16,-40,26,33,57,25,-41,85,29,79,37,-44,16,81,73,-83,-47,2,-61,87,-22,66,-71,35,71,-30,92,-12,39,22,-86,-31,21,-37,-76,38,74,26,62,-10,-9,-63,9,-62,-77,-74,28,-33,24,5,-10,78,32,75,56,65,-87,-51,-90,27,-89,21,-6,98,-69,87,-32,-92,-84,-17,16,57,30,28,-31,57,-41,-14,35,83,7,-34,77,-10,-63,27,5,-82,-98,51,-43,9,-73,-8,64,10,-44,36,10,92
-30,-86,-71,-21,-58,71,-44,-62,-29,-3,-51,-69,-72,39,-59,-79,93,34,70,52,77,14,68,-66,-96,29,22,82,-57,76,86,-3,73,52,-16,-1,37,-8,-16,67,15,-12,-45,22,-55,60,-35,-57,-59,-61,-90,-63,16,-83,-43,-11,7,17,-38,47,-10,-88,-53,-44,-36,62,-89,14,98,-36,-26,-70,83,84,-94,-95,84,-58,74,87,60,95,87,69,-12,-92,-78,48,69,-57,2,8,-4,1,71,-75,-88,91,-35,-2,-89
91,1,-93,-96,61,3,-11,3,-94,-33,82,26,26,74,-42,-68,-56,39,-24,54,-52,-57,100,80,74,27,-37,45,47,-24,29,8,81,-25,92,-59,63,81,5,80,-94,-15,2,-59,-12,84,-4,5,76,-55,79,8,85,-73,14,24,49,-33,69,-40,-25,98,-65,42,5,23,-76,60,-91,-5,65,-23,82,3,-56,31,-15,97,-18,-29,-60,-24,-21,-87,-53,-31,-42,74,-43,31,-35,-40,-13,-86,21,-29,79,-78,-41,-82,-83
-16,-97,58,62,89,-29,65,21,65,-60,79,-55,-49,16,70,97,-77,-83,-51,0,26,-96,-90,57,45,99,-79,-76,24,-11,100,54,-91,15,-41,-43,69,-66,-72,-7,-24,18,-67,-62,34,38,-55,65,12,-16,96,61,-2,-42,-90,-71,-100,56,-41,-23,20,-75,21,-50,96,-24,82,42,-64,-82,40,25,-91,48,79,-47,-41,48,-13,-65,55,52,35,96,26,66,42,-99,-57,-16,-88,40,-24,-17,65,-91,-21,33,84,-60,-68
87,61,56,74,9,22,8,86,-13,-37,-72,35,4,-87,1,75,-64,-83,56,10,94,-16,81,-87,-48,65,-47,-26,-20,-55,-34,-57,62,32,9,58,45,26,-86,71,29,66,13,83,78,0,48,-68,96,-17,-45,-84,6,76,2,-1,-85,83,-57,73,1,64,-41,-76,-9,-25,-87,39,0,-26,-37,-48,-88,19,34,83,-10,-28,-41,79,15,-83,22,-58,-56,28,12,-1,14,94,-32,85,-50,72,-92,-14,74,51,58,74,-79
-40,-9,96,26,-14,-32,-41,47,-46,45,19,61,47,-31,-73,42,23,35,-11,-40,-56,95,56,59,90,28,-16,-68,-15,33,-94,84,-33,-72,89,-32,77,-62,73,32,75,94,-15,25,-28,-49,-46,-58,73,71,58,39,72,50,-57,81,43,-32,-25,-39,42,23,85,-88,-82,-38,88,-31,71,98,-33,12,-49,-46,0,53,72,84,-53,-6,30,55,53,-90,1,-66,89,66,35,-85,78,-50,-56,-30,44,41,-67,-75,-90,21,52
84,-32,-20,-55,-99,-38,95,-3,55,68,-13,71,-18,45,17,71,-2,79,16,26,91,80,-85,-18,30,-14,20,-49,-36,2,79,71,-68,20,-27,-51,73,-77,-24,-27,98,-42,54,-70,-25,-88,-14,61,52,-14,64,9,5,42,-67,60,-49,84,-91,4,6,-60,79,-57,70,58,41,97,74,-12,13,-81,-62,-68,34,-41,-31,1,75,-19,-86,53,73,-75,55,-58,19,-86,91,-63,-57,91,-43,95,-67,9,9,82,14,10,-70
-14,-91,97,33,-99,-61,-6,-53,-34,-46,21,-15,43,13,96,-6,-31,93,17,48,49,-71,-6,51,89,85,39,33,-64,-97,-37,-22,32,-90,-24,-52,-66,44,73,29,94,32,-63,-91,8,18,-14,64,94,46,91,37,82,-68,-25,69,25,4,-51,-97,53,-81,9,-34,-50,-44,-19,-80,77,70,19,76,58,65,28,46,-81,-56,78,58,-79,36,-86,-57,19,-96,73,-58,-85,-92,-36,76,90,17,86,-3,74,-41,69,-93,-3
42,-70,87,21,24,-15,87,-66,7,19,18,-46,95,35,-89,86,52,39,-91,-1,-33,-71,7,9,56,51,0,35,-74,28,-13,23,6,-71,-79,1,-12,-15,-98,-66,-63,-95,38,14,55,-32,95,-88,-13,94,-90,6,-55,93,-29,-30,48,-2,29,64,-73,-76,74,-84,-49,-55,-94,-18,35,-44,45,47,-53,74,-69,34,-27,-29,24,-72,-24,15,14,-73,-63,-11,69,-93,-8,-60,98,-39,93,-53,-16,-64,-78,-56,-21,-60,-71
57,-92,49,-6,-86,-36,93,27,14,-68,72,77,44,46,8,54,-84,-81,77,68,12,18,98,64,16,-35,-97,76,9,-69,-42,20,-77,-64,98,-21,-24,-27,-56,31,76,-18,19,-61,-91,-9,59,-84,70,3,72,-12,71,25,100,67,98,100,-24,-25,44,58,-29,-5,-99,53,29,11,-88,14,6,-41,34,35,-5,3,61,48,-45,-37,-16,95,-75,-45,-76,48,7,-100,19,-56,68,91,-39,99,3,19,99,-2,-19,-40,77
-89,-7,-86,25,-77,18,-35,42,-8,85,-81,-80,-96,-34,-13,48,-41,94,-68,82,96,27,-56,-31,21,-97,-38,97,-43,-48,-38,-26,10,-15,22,-39,37,6,71,1,43,33,93,41,-65,56,22,66,13,51,53,-10,-23,5,76,66,-27,-79,26,-82,-57,80,-58,-86,-73,100,-86,94,92,-32,-32,3,64,-71,98,16,41,-17,-49,49,-18,84,43,34,-56,37,-60,96,40,-19,-67,-36,-49,28,-35,-95,-83,43,-25,97,-2
37,93,70,98,-3,67,-15,51,52,40,-67,80,28,31,53,28,-1,-13,85,70,96,-27,21,82,75,73,12,3,84,10,-37,48,-34,0,14,-43,62,-15,-29,-99,21,-7,-75,49,-95,-41,-89,-98,74,-98,80,-23,51,-4,-40,-72,99,84,-31,46,-30,-97,-8,34,28,50,2,90,86,70,6,-18,-87,70,79,-19,20,-53,18,1,-41,26,31,39,69,27,-42,88,-6,-48,-24,50,60,-38,57,78,-32,-29,43,61,-65
31,-52,-68,79,-39,-79,66,99,-69,-28,-95,-64,69,-61,-32,0,62,-1,24,86,2,-48,-71,22,-10,61,53,-90,-8,-40,-25,-5,-44,43,74,68,6,59,-35,13,62,-30,54,98,-18,71,58,90,-10,-81,60,-41,-35,85,34,54,-94,21,44,-43,-57,90,-38,-96,41,70,-48,-63,-9,61,-45,90,3,7,-18,35,-43,-72,71,100,16,-60,-66,57,-69,-59,64,-66,62,4,-52,-91,-51,-88,93,39,-76,-27,18,86,62
44,-26,19,55,-12,-17,47,-52,-57,31,-2,59,92,33,-80,84,-78,-10,3,73,-96,9,54,-75,-10,-41,33,44,-14,-100,34,96,40,13,62,71,-9,-16,57,-32,65,10,19,-29,-51,-91,38,-28,-45,-91,6,6,7,84,-47,67,16,56,6,-96,-59,-68,-8,11,-54,34,32,-45,-60,-95,-16,-78,-13,40,-86,-52,-13,-25,-32,-25,58,-38,78,-8,-47,49,83,-86,30,94,-70,-20,53,-55,-28,54,-4,19,60,95,52
91,93,-78,-32,59,-74,-31,79,11,-75,3,68,2,-40,-96,86,54,59,49,94,33,3,0,77,11,-34,-95,-47,-81,-47,22,-60,-23,-63,-25,-25,26,-18,100,47,27,-35,-23,46,45,60,10,-77,77,97,85,-91,41,-91,70,39,-31,-68,-5,-59,-28,1,-56,-64,21,30,-3,30,33,51,-13,-82,-82,-10,-46,-17,-70,89,23,21,-75,67,-96,93,89,-72,-15,-53,-96,-28,-43,78,-6,-12,82,90,61,-11,79,8,16
-38,-51,-52,96,-67,86,40,88,-52,87,93,35,38,7,11,46,-83,22,-93,19,87,81,-79,-62,52,-92,-67,-54,-62,-17,61,-81,98,-62,-94,-31,-28,-41,38,79,65,47,82,-77,-6,-54,-60,26,85,98,86,77,30,10,-18,1,67,-1,-38,-55,30,-43,24,89,8,17,7,-44,19,-13,-38,12,73,-25,-91,36,34,-28,2,96,-82,15,-98,-18,-9,33,-74,81,-14,88,90,4,16,-77,-34,74,-55,-51,7,13,-46
-43,93,-7,93,33,26,-96,36,54,90,42,64,-77,91,57,68,97,-26,-95,-69,93,98,5,-32,8,-25,-87,-30,-9,-17,51,32,-46,-78,21,52,-11,-47,85,58,-89,-28,-96,5,-13,59,-1,-31,30,66,-56,-1,-99,-89,-98,-35,-51,45,46,-25,-52,-62,1,-37,69,-80,-42,81,-59,7,-26,-61,-65,25,-61,19,31,10,93,59,-46,-6,54,-73,49,42,99,31,-29,4,6,-88,63,-7,-19,64,33,-10,-23,-34,-58
32,77,-36,-19,8,75,-25,13,-24,-95,-17,59,-21,45,85,-53,47,14,54,61,85,-96,-23,-88,-20,98,8,-95,33,51,-58,-42,-81,-84,-51,99,-88,-78,-71,62,-2,-12,66,60,-80,3,-69,-94,51,45,-33,72,77,31,-57,78,-9,-74,81,22,-63,-36,0,9,-73,6,-31,-50,-79,-32,-97,23,99,76,-8,69,78,-28,58,89,-61,-13,91,-79,49,-21,-18,34,63,-54,69,-18,-40,29,-35,61,37,92,-40,-45,50
-56,22,-84,30,-64,-44,-7,17,-84,48,99,85,-58,-38,87,9,86,62,22,-1,60,-9,61,16,-2,62,-96,-31,10,-10,47,-79,95,-1,84,17,-52,77,-8,60,-60,53,25,-13,58,72,57,75,-53,14,-12,99,28,23,-76,15,-35,-82,-24,-9,77,96,-39,31,-30,93,87,-61,-18,-5,-74,87,-69,-49,22,34,90,14,80,-59,23,-74,82,-36,17,72,41,82,-35,46,-55,-92,-1,-89,68,39,-17,-75,-86,-68,63
-85,-65,-32,20,37,93,-63,95,34,77,-69,-53,80,-79,6,-53,0,26,-33,-78,21,-99,89,4,38,-53,63,38,-61,43,-5,-24,55,-30,-72,78,100,89,66,-11,91,-25,-52,39,38,-35,41,-9,-50,-89,-19,-34,47,-55,-47,-73,81,96,100,87,36,92,53,-56,63,59,80,2,-2,-78,-26,46,18,-100,-46,-7,52,3,72,48,5,76,-3,-79,48,-47,79,-78,-27,7,-18,100,60,-46,5,18,76,-49,78,85,45
-98,-77,-50,-38,48,-51,3,94,60,21,-18,-40,-25,34,-23,100,-32,46,-38,-46,-69,68,29,-53,88,65,-10,47,6,57,-54,83,32,90,-93,-7,-21,-93,-87,-88,-98,-38,-100,-37,-75,-51,-60,-35,-93,-48,-4,-58,-86,-32,-81,76,-46,90,12,92,6,36,72,-89,72,69,95,-91,-40,87,30,-11,-25,-25,58,22,-49,-27,41,22,72,-44,14,-74,-48,-45,28,38,49,-74,-24,-9,-59,91,-11,98,69,-38,8,-4,-91
-19,-51,-3,-14,84,77,93,-49,-11,-31,-72,59,-88,-63,33,-63,-9,-34,5,-88,86,91,3,82,65,63,57,-2,56,34,85,32,97,93,77,-27,78,72,99,-10,22,84,-86,31,-99,95,40,-34,-70,-24,-68,68,79,98,17,-98,7,59,-57,-55,-14,-52,-15,-35,-62,24,12,-49,-78,47,76,-50,10,-2,100,-3,-7,-22,-1,-39,-50,68,-58,-88,10,46,-27,92,36,4,5,9,91,100,36,-6,68,-61,-44,-24,2
77,19,19,-25,-68,-92,-1,39,43,96,14,61,-94,71,4,-14,38,-47,-26,54,-93,99,-36,-79,61,-21,35,17,67,-50,-74,61,-48,10,40,-54,-65,-46,-24,-72,78,12,74,19,8,-93,-96,-51,63,-34,84,67,-3,76,11,93,-12,-87,-53,-29,47,-76,32,-24,33,74,84,-60,-52,62,44,0,54,42,22,2,6,47,-50,-80,-33,15,11,-73,-13,60,12,99,-96,52,-2,17,-57,-58,74,-70,-91,-86,-88,11,-70
7,-91,-74,-26,50,-41,-6,-24,-11,35,-48,-24,-34,-2,22,21,96,8,-27,76,86,14,-44,-44,1,-81,-35,11,-54,91,69,-8,86,52,-8,-31,-5,65,100,-45,50,-71,9,-76,-93,8,-32,27,85,7,97,-19,39,-8,-19,-74,-94,58,-68,45,-70,61,7,-75,13,92,-31,-6,-70,64,25,55,-32,41,-58,-38,47,2,-3,58,13,83,-6,-9,-67,10,-31,33,-4,-100,-27,-4,-40,83,26,-40,52,-63,-73,51,18
17,62,69,-16,75,-72,70,-87,-18,-59,33,-64,48,80,23,-40,-66,14,-34,78,54,-18,-88,-68,94,92,-67,71,-80,-90,4,70,-49,-27,49,23,75,-7,77,-63,-16,-44,-75,47,61,-55,34,-2,66,-46,28,-86,-94,69,75,-81,75,3,-2,-85,24,-80,-92,73,-9,88,67,-49,17,81,-94,-46,-20,16,-22,-22,-31,-59,-62,-7,25,-22,-2,-14,25,-7,-80,72,90,77,-39,-63,64,46,-95,-27,-78,-4,17,40,64
-13,-63,-24,-84,72,18,-15,61,79,50,-62,6,57,-58,-16,-91,-30,-33,71,5,1,-4,94,24,9,-57,35,-66,12,14,53,-44,29,-90,-34,47,-55,37,-63,-10,55,70,99,-66,46,82,50,-24,-42,79,17,-95,42,51,-58,-44,-30,35,76,-74,7,23,-88,69,9,66,-83,81,-29,76,23,37,-66,-99,-43,37,-40,81,19,-40,-26,11,6,60,-53,26,70,-40,58,-23,54,-87,-26,-1,89,-98,-48,95,-88,-32,94
-52,-97,20,-64,-35,15,88,62,-10,54,-18,-62,-80,-86,90,-64,35,81,65,4,-36,-99,-98,92,-14,-4,0,-95,3,98,31,-40,-14,-39,50,-87,52,61,-36,-91,79,-79,12,-44,-51,17,0,-37,24,36,-91,-6,-59,-8,22,-76,85,50,-82,-93,28,45,-91,25,38,-97,-41,-35,84,71,-38,33,62,72,61,-89,-69,6,76,-68,-70,1,8,-96,-59,8,48,1,69,7,11,11,-26,-86,-19,-75,80,63,96,12,69
33,-62,-78,-49,-72,-84,-39,82,92,1,48,-86,-57,30,74,47,36,96,-96,55,-18,-73,-62,40,85,-75,6,-99,-33,-5,-15,-46,-46,-31,87,-48,10,-90,-73,14,-78,-90,-79,-92,5,84,-8,97,-31,-91,23,76,32,51,11,46,88,-96,51,70,17,50,-57,97,61,-61,-76,-79,-4,-20,-88,28,63,-90,-18,55,-58,51,-21,-49,82,57,80,-38,20,-44,83,-37,84,88,-60,-95,-9,95,42,65,82,70,77,0,90
-30,57,68,-55,52,87,13,-73,33,38,-70,3,-95,42,88,58,4,-70,98,94,-100,-40,-18,-51,87,-6,23,38,-47,52,96,25,-76,27,82,40,-82,-75,-81,3,20,-29,5,-71,-96,-97,-17,-14,-21,-5,-35,-36,-82,29,34,-85,-59,-2,61,74,43,-54,19,-89,-23,-5,31,-11,33,-71,15,99,54,-32,97,16,66,30,-26,48,-99,35,-52,58,12,59,96,-29,-48,-61,37,-57,48,-71,-14,-21,-3,61,-21,73,-82
84,-57,-98,77,53,93,-67,-75,-37,-66,-35,-12,29,-70,-22,99,14,91,64,86,-41,-38,2,29,-37,15,62,90,-3,-49,32,64,39,30,48,98,99,-31,-32,-23,-21,-14,-28,-85,-84,-26,83,-82,11,2,-59,53,95,-49,-10,32,-96,65,36,22,-31,26,89,-60,-79,0,-75,68,-85,-75,33,-74,-82,32,-4,74,-62,82,-31,44,-89,-83,90,18,27,-13,-91,-32,-22,-50,5,26,16,-6,49,28,3,-27,53,38,24
-86,99,11,2,-77,46,-8,73,80,12,58,38,41,60,6,-87,55,60,62,-71,-73,62,34,-38,-87,78,-79,22,-50,-22,-8,-5,-49,-56,62,-25,-58,-37,-13,-68,82,-34,96,6,-75,32,-11,-37,-56,70,43,-83,-44,41,71,38,83,61,-68,93,18,72,-23,-61,18,-30,8,-1,4,86,-51,-49,-9,22,-10,-50,33,-13,9,-6,-10,34,17,31,12,-25,-20,-55,23,79,99,84,14,-23,1,16,-46,-50,70,-90,-24
18,40,-42,3,49,-94,5,63,88,96,8,-23,46,-37,52,73,25,-57,-100,90,-95,69,-80,64,-9,-4,-58,74,-67,-12,26,74,88,32,-23,25,-88,33,49,-6,33,81,24,-54,-79,-6,-98,-23,-50,-36,-61,-10,-14,14,-44,26,-11,17,26,5,57,-24,9,-31,-6,23,61,-63,97,46,91,42,85,-70,-30,-48,-34,-51,53,-20,52,77,91,38,-81,41,59,2,90,-45,66,3,85,-36,-79,28,-38,59,93,-89,-24
-87,-12,81,3,97,85,-4,75,57,48,-46,29,-58,-75,47,25,-19,42,35,-20,-2,89,86,95,78,26,-66,-52,-22,23,-95,-70,-73,-66,82,27,-34,-47,42,69,-88,-6,78,-29,10,-61,98,53,49,-3,8,-5,-14,-37,2,99,-100,-8,22,34,21,7,37,-30,67,-76,97,-92,-19,85,24,62,-4,49,-8,-1,98,57,94,7,53,48,-59,-84,-13,-10,-1,-68,-96,-43,74,-83,83,72,-1,-6,21,63,-67,-74,-83
11,29,-3,-74,4,93,-26,22,57,79,-78,-54,-88,19,-60,-65,21,66,38,84,-78,-89,-98,-33,-29,-75,-50,91,21,95,22,-99,-79,25,69,37,-72,-32,19,29,-7,-90,82,22,-91,81,26,40,17,1,24,32,79,2,-3,48,61,-26,59,17,20,20,-59,-14,82,-9,-60,-65,-45,60,31,-57,75,-99,-91,14,70,-51,-89,-80,40,-34,-83,-96,-14,34,-38,45,-74,-48,14,56,77,-11,92,-24,-15,-62,65,-52,93
90,-2,-73,98,-15,92,-39,-50,-21,-65,-64,21,39,80,-61,10,-69,-49,-66,82,53,-83,72,39,-51,20,84,-96,-63,-57,-29,-36,-57,37,-25,84,-19,-18,-38,9,-27,-45,85,90,85,36,67,-26,-31,42,-11,1,3,96,89,33,-92,78,-34,24,-31,49,77,52,50,-16,72,37,-24,60,-37,-14,-66,-13,42,60,28,81,47,19,31,66,-12,34,-56,69,63,-52,84,-75,-3,-34,10,-72,-44,-89,-86,81,28,-37,46
-12,0,13,41,-8,-8,50,27,10,62,-27,-45,22,-72,28,-49,-6,-90,-27,51,-24,73,66,81,-8,-65,-1,-71,-5,-3,54,82,99,92,-11,33,82,-47,-17,95,43,-50,-61,99,-50,88,62,41,23,96,14,16,-65,12,74,83,-43,81,-50,-76,-97,-44,14,23,93,-22,68,73,-47,-8,98,86,-27,-99,-67,-39,-82,87,-60,40,-51,23,-93,82,71,62,3,85,-54,-80,28,-5,-91,-63,27,-37,47,4,13,10,-12
94,49,100,61,79,56,50,-4,6,85,-88,35,54,74,-88,10,-37,39,9,52,84,-42,5,16,-80,44,-3,46,46,98,-90,-75,48,-31,76,-20,-81,-1,-46,42,-58,75,30,-37,-45,-68,-68,24,82,-26,52,100,80,-40,-58,-100,49,3,-32,-5,-24,1,-18,-48,73,-48,65,16,20,0,-8,76,48,89,-63,46,-7,-41,-91,-82,35,24,-76,68,-22,37,28,-62,43,-52,-85,41,72,-3,-33,-53,-38,13,34,-40,42
-8,34,-38,-91,-24,17,44,-15,72,-38,4,-67,-42,-63,-94,-6,78,86,-30,-93,-5,-73,8,-93,-43,73,64,-90,-66,74,47,-55,17,-90,63,-4,-26,-28,79,7,9,-75,13,9,98,-33,66,49,-5,-13,-6,-77,93,-40,-11,-3,11,-50,-66,26,-94,52,6,42,43,14,60,85,-78,-61,-35,3,-65,-26,67,-74,69,-86,-72,53,53,-92,-83,46,3,-86,-26,-51,17,-81,30,-64,-31,-13,0,33,55,10,-8,79,-86
97,73,-69,-75,30,-69,-9,66,57,-44,91,16,12,-78,75,-75,11,-71,-67,42,97,-48,80,-80,99,83,-88,-14,48,96,-42,-54,-63,87,93,-69,76,65,14,-35,14,73,30,16,33,6,-63,-49,-13,-27,89,-96,-13,-53,-82,-18,-45,20,97,-12,-91,-63,-35,-9,-60,-43,6,-55,53,61,38,62,-77,-74,-27,-21,13,-58,77,-62,16,38,-64,-50,-39,-60,-31,29,-55,48,-17,-63,68,99,-67,7,71,-50,77,34,65
76,55,-55,53,-94,-24,4,51,-26,-29,67,4,-70,-57,73,97,-52,99,-69,-38,-38,11,47,79,-38,59,98,90,-20,87,100,-99,-76,-21,89,56,89,-63,79,-17,-1,15,9,-76,5,-37,51,26,-73,-24,-60,-30,17,-2,43,39,22,0,-68,12,96,90,-38,-99,-48,-99,-73,-85,-24,70,-12,73,90,15,-87,52,-90,-49,37,-1,34,-10,16,94,88,-12,-57,56,-9,-48,5,75,40,-28,-41,9,-46,-57,10,75,-45
-11,-85,92,-59,-9,90,-27,55,43,-32,-72,43,9,45,-7,-43,44,73,62,27,47,64,61,26,35,-31,27,90,86,90,46,-72,84,39,49,11,29,-37,69,79,-92,-47,-46,-7,52,74,-35,4,-36,42,23,-13,45,-90,-17,-34,7,-75,-59,-17,24,-10,2,-28,24,66,18,-78,-81,-10,76,78,93,-27,-70,95,28,-56,-24,-96,45,-21,5,-100,-37,-98,91,-91,-59,-40,92,-6,-25,-41,-95,49,77,96,24,-79,5
-18,-59,27,-24,56,-78,86,-73,-88,27,20,53,86,-9,65,-24,97,-24,11,60,43,0,51,43,10,-35,89,-96,73,46,84,-35,43,7,-78,-82,3,84,60,28,-73,26,26,88,-90,47,82,6,80,-15,35,-62,28,7,87,-91,67,-91,-5,41,65,3,94,51,32,64,25,74,-70,10,99,-97,37,82,13,-7,52,-81,42,25,4,74,74,97,98,68,-5,36,-31,4,26,37,69,-62,-52,97,-77,65,-46,-5,23
-12,37,93,-33,-65,7,-43,-37,-8,-71,28,36,-75,41,-44,-66,-85,90,-73,5,60,68,-18,-37,26,-73,-48,26,53,41,98,47,97,-1,14,-70,43,77,3,-83,97,-9,-11,-32,58,67,-20,-37,37,82,-100,-48,-10,53,23,4,92,65,-47,-89,-68,-93,67,-68,63,-94,24,34,37,-6,-29,-11,-82,90,72,-76,-90,-55,36,-95,-96,-98,-94,-26,78,-99,70,-31,90,-3,-49,-12,99,-17,-94,-41,-25,-55,66,15,-90
-43,-72,15,-14,-22,-98,86,-76,38,-53,10,-90,-91,6,79,65,-6,-100,34,77,22,2,-16,-32,9,48,89,28,58,-7,-91,-9,71,-63,14,-98,9,-94,48,8,73,-77,58,-18,28,14,-78,38,-64,-71,51,-6,-32,-15,86,-20,-13,-71,37,76,64,-26,-76,34,98,-27,27,-76,23,-8,-93,32,58,-40,-81,83,-89,-90,58,60,71,69,-34,-2,-2,-16,84,10,23,-29,-69,33,-86,-46,-98,6,-2,31,23,-14,60
-18,-65,83,-12,-70,-69,-32,77,-18,-30,67,48,32,-92,-65,-75,-25,73,-25,61,14,46,35,14,21,-47,44,43,-92,-27,18,-68,80,69,-20,-78,33,84,-66,50,61,-24,11,61,96,-28,-56,14,-94,20,-48,-80,58,-9,-64,-85,88,2,42,49,-39,-42,-52,26,-49,-68,-28,14,95,-99,-47,9,-1,40,34,53,46,-92,24,-79,-72,96,78,-75,36,-58,58,100,-51,-26,62,-87,18,-21,-46,58,6,89,-98,88,11
93,-5,-26,44,68,8,-9,-91,-51,11,83,27,33,51,-3,60,-35,77,19,52,72,47,79,-18,9,-66,78,48,100,90,-93,-31,-100,-31,32,-15,63,16,-29,-97,-22,-92,-29,94,81,-77,52,31,43,-100,-95,-75,98,-42,-53,-40,100,79,-37,-53,-10,-6,-71,30,-60,21,100,-53,79,30,-99,78,6,62,-100,-54,27,-20,-37,34,33,-92,-13,-96,23,-39,87,8,1,1,-35,75,4,47,100,-3,100,65,99,-86,-14
-56,1,-66,-25,67,38,-73,79,90,-44,-52,-64,46,42,33,9,46,34,83,-14,58,5,85,-2,25,85,43,-93,-25,75,54,50,91,39,-55,-86,34,-5,14,12,-19,-41,-27,32,-62,-89,-57,-4,64,34,-55,53,-26,-65,-87,-26,-62,66,-69,-76,-27,-98,30,85,-82,-99,-31,33,-76,-63,-95,-92,-99,-34,28,-26,47,-5,-69,64,-46,24,91,16,-31,-31,27,32,22,-95,-74,-53,78,-72,7,-80,-10,-14,-6,56,47
-87,90,30,13,73,-74,50,-48,84,-14,10,-50,-42,16,56,45,-29,69,67,82,6,66,14,83,-18,-6,-70,42,-88,18,-30,-55,58,-35,62,-30,-99,82,35,26,35,-88,-65,40,55,-33,16,41,-18,94,-28,-29,53,65,-85,-97,12,-42,-93,-59,69,-11,71,61,-63,-88,94,10,-57,87,89,31,89,-25,-82,40,-63,100,61,22,-85,-28,52,-70,29,70,77,-28,42,-54,42,-12,38,23,25,-35,-57,-2,78,11,35
-95,68,-73,46,39,32,-59,-83,-47,-25,-17,-57,22,49,63,70,-97,-43,-80,-2,-47,-57,-59,-11,42,43,-98,8,58,36,41,5,-58,70,-26,-96,-29,-45,-65,-17,73,60,32,-53,49,57,-72,48,95,-47,79,-30,44,-46,92,-47,85,-87,-60,33,32,11,49,-79,33,0,-79,-92,-99,58,-57,87,81,-82,46,73,12,-84,22,-23,55,-77,4,-15,14,-39,85,-54,-34,27,2,29,77,60,-18,40,94,-29,-99,31,30
-56,83,18,-57,-96,18,45,-25,84,-12,56,-67,-68,-23,-90,-31,60,30,-14,-72,-94,-58,48,17,48,83,69,61,1,84,-60,-88,50,-61,2,-6,-14,75,-37,-1,38,-2,-23,-5,28,74,-82,-27,-27,21,28,-59,-58,-79,51,-56,29,-30,35,79,-29,-51,-73,11,48,-39,-51,-44,48,-91,28,76,91,-61,53,-30,-53,-22,-88,-30,-81,52,7,-59,10,-14,-13,31,-73,-80,-80,-13,75,-74,2,18,67,76,89,56,22
39,85,32,-71,-72,61,-28,30,-76,31,-90,58,-10,-16,-1,-80,45,78,-5,85,10,-64,-5,54,85,83,25,-60,-10,49,-19,23,20,-52,77,38,-26,-39,-42,-97,73,-27,20,54,75,-72,-39,-43,76,95,74,-29,-74,73,-19,-74,52,53,-90,79,96,-92,72,29,-11,-49,-78,92,-4,-49,-56,59,59,-89,73,-24,92,-72,-60,26,-84,67,65,-75,4,39,27,-67,-45,-67,91,-82,5,50,-12,-50,35,1,-22,39,-74
39,-89,39,-4,-47,76,-50,36,-34,-54,99,75,28,-79,91,8,-68,15,-50,-7,5,37,-27,31,6,14,-38,-65,-51,79,-76,-82,-45,23,-81,-98,-9,12,72,100,64,75,-79,-45,-43,59,-38,23,28,88,64,-9,-16,-64,14,36,-59,-94,77,20,-7,-89,60,-10,16,21,95,23,-30,82,-63,-21,-27,92,-18,59,-85,34,23,39,14,-71,95,60,99,-31,-71,-99,-8,15,35,-21,-58,63,-55,-45,-13,87,-81,-5,-63
78,-100,-70,62,35,87,55,53,-24,-71,-64,-50,-46,-69,26,76,-4,53,93,4,31,70,42,-29,-96,96,44,-97,-32,74,-17,-93,-63,18,-14,4,-46,67,5,65,-5,73,-10,47,-52,8,81,-9,66,-49,10,-89,-70,-97,92,43,2,41,-1,-80,-30,83,-99,-69,84,-26,22,-9,56,55,39,-50,-80,-86,-32,64,-88,80,3,-27,68,-45,-51,73,91,-22,57,-4,50,-19,-100,-87,-10,-34,-98,-33,-36,72,-45,29,-65
-55,-66,-16,55,96,-75,-82,-12,-34,47,-43,-35,-65,-60,-49,46,-27,-66,12,94,-39,49,-39,20,79,-30,52,24,8,-77,87,86,89,-35,53,-60,-80,-56,7,-40,90,19,65,91,-51,9,40,-50,36,19,58,-47,-72,27,-71,-29,6,-7,-38,15,-56,-6,-76,-26,-42,-96,-13,-53,83,80,-45,-15,93,-18,-54,92,45,-21,-24,16,84,81,-100,-98,-55,-39,-5,24,12,-54,-64,-39,20,-22,-87,37,-70,-56,65,59,-61
39,-90,-49,-50,-60,40,3,76,10,92,-87,-57,-84,29,67,-67,14,5,-74,88,-47,-60,-15,-12,29,80,-1,-95,94,-48,76,-50,-55,-5,-58,-70,20,91,53,68,20,58,97,6,90,-80,-90,97,-78,-81,-12,88,2,-91,-11,3,61,71,-55,-58,-99,4,-34,-46,-46,69,-90,30,-9,8,-24,-79,-53,-20,79,77,-15,83,57,50,68,-24,-57,38,-78,36,15,-5,-36,14,4,-35,29,-16,5,-42,-75,-94,87,86,61
-33,-24,30,-9,-54,20,46,44,82,-75,42,-6,-93,57,10,38,-67,-91,58,-29,47,16,-69,43,74,-68,-68,46,-60,22,-11,58,80,48,-12,19,8,16,-3,-53,69,63,51,-32,3,11,-32,-23,39,96,44,69,-96,98,4,30,-54,-80,-9,10,23,72,-83,-20,-29,-35,-22,54,-56,39,-16,57,-24,71,-21,-7,-91,-28,54,27,-52,-75,87,-50,14,83,32,94,80,62,21,76,-66,66,-68,35,76,-57,-84,48,-46
-52,62,-18,90,-66,-20,-64,-69,-58,-43,63,69,72,75,0,16,-9,-94,-71,-29,-24,-28,-28,-41,52,-31,19,98,11,-79,38,-11,-32,5,-2,-50,-95,-65,-16,-40,-56,60,-46,-38,-19,-11,-19,-21,0,-29,41,59,8,79,9,6,-33,71,29,-84,44,-90,-95,-38,-89,51,2,-42,-75,20,-29,-20,72,-58,78,-76,-17,-69,-66,0,47,94,-63,-10,56,75,-86,41,-6,50,10,18,-4,-98,45,-61,-99,-28,41,-67,59
-64,42,-45,-59,-24,-38,-78,59,96,-31,39,-38,54,11,-23,59,-36,-71,73,-87,-44,-13,48,54,48,19,-16,-69,-30,18,-71,-29,69,-2,-12,-90,-5,67,29,-9,-86,62,-36,1,50,100,-34,-72,22,67,78,17,72,-32,-29,17,17,2,76,-44,-93,54,-21,88,-56,88,-17,-11,-39,25,46,-30,56,42,-12,71,-17,-92,-34,-31,-79,66,-81,-74,-92,-78,42,-64,-43,-21,-10,-77,4,50,56,-32,-38,82,-36,26,49
-26,48,-83,-47,-79,40,51,37,70,-70,-13,-55,46,49,-82,-47,-88,-79,99,-14,8,-74,-58,74,43,77,38,-65,-78,57,34,-19,44,85,67,64,8,72,52,7,34,32,33,-52,-80,67,-98,-63,-57,-14,77,22,95,83,65,-77,-65,40,31,98,76,26,75,0,67,-81,42,63,84,-41,6,-55,-49,-89,52,-9,-12,29,-66,-75,39,31,-27,50,85,-42,100,3,5,-73,-76,62,-28,-11,-4,-86,-88,96,47,7,36
95,81,76,65,-2,94,-62,78,-99,86,13,33,-24,-87,80,34,-27,25,-46,19,43,-32,-50,-90,7,80,41,-25,92,21,-61,-8,96,-11,66,4,-89,81,74,-45,-31,21,37,38,-74,-65,-1,81,-28,-39,-63,-38,-75,36,-41,15,29,30,-28,-22,8,-5,-10,58,35,34,-7,62,-55,-61,46,52,14,-26,-51,-30,82,-30,-60,4,13,-79,55,87,-40,48,-6,-18,79,-8,-37,-63,49,-52,92,-14,69,-84,-46,35,50
-64,48,52,-9,-66,77,-71,-90,79,-94,-48,-35,-51,-55,96,54,-49,-25,66,62,-95,-91,60,-92,-72,-90,-32,-64,-48,14,22,-83,89,-62,-89,94,14,-3,-72,26,-6,-92,23,-94,51,-14,-20,-80,-88,31,52,-7,-91,69,-45,70,-54,9,32,67,91,35,-10,70,52,-91,-33,-23,62,90,63,-41,-29,28,84,97,70,4,-46,4,56,20,36,-84,22,5,38,-27,25,-3,11,-17,30,82,-80,-70,-59,87,44,-42,99
-48,0,-97,12,13,-25,99,58,-21,6,3,5,19,74,-20,33,0,-41,76,-5,51,-39,77,28,-86,-86,64,82,-97,-2,-44,52,60,-36,-39,-93,-23,-35,32,-35,-51,39,10,-91,-35,38,-74,-14,96,20,-63,-96,78,99,-56,72,77,40,-20,95,-88,19,-87,-55,27,-78,-55,-69,-88,66,-69,69,-22,19,-64,57,-28,-95,39,68,50,79,31,-69,-40,57,37,-28,90,83,-77,-54,-13,-25,-44,10,68,-78,49,51,-11
-88,76,34,-8,-3,-44,-31,58,-37,-17,78,82,-12,79,-64,0,76,-98,86,-41,-84,-98,39,-56,90,-37,-94,84,-49,78,44,-90,53,-80,-74,26,79,-69,41,-77,69,-92,-58,50,8,81,-10,53,11,86,37,100,-19,-36,39,-98,54,-11,-94,37,-23,20,-30,72,-8,98,-99,-37,-78,24,49,45,44,-86,-73,81,95,-89,36,-98,-47,41,7,47,-35,-81,-54,-65,-58,-12,47,-78,-80,-22,91,-9,74,24,41,-41,-83
80,34,46,16,-96,-92,-92,86,11,-54,80,-56,49,98,-97,-81,-40,-47,79,-27,88,-71,-65,62,-81,40,34,14,17,10,49,1,9,79,32,-50,98,58,-4,7,-42,14,77,47,-100,14,80,20,83,-91,30,-71,19,24,-9,95,0,2,-56,54,-70,-92,69,94,78,-85,63,-71,21,-44,61,85,99,-66,43,74,-98,-28,-88,-73,-61,-32,-37,-78,-94,-6,38,54,-44,-20,88,81,-57,-90,-44,-67,26,71,58,-20,-74
-31,-21,72,-36,45,6,15,71,-30,22,71,48,-15,-84,-12,-61,-78,-53,57,90,20,13,71,31,78,-32,-93,59,-78,81,36,-83,47,-19,93,70,43,73,5,-18,-81,81,14,-82,-40,-8,-100,-80,-3,-65,-58,-19,-100,-56,41,33,23,80,39,42,8,55,55,-99,-39,17,-4,16,-53,27,-78,-52,34,-39,2,24,-66,15,77,77,10,-81,-28,-2,9,32,-54,-30,24,11,8,-5,19,-62,-78,87,71,-40,11,15,-76
-3,72,76,-48,-63,39,12,-13,36,-53,27,75,-4,-75,-94,71,-79,-73,-59,54,74,20,-72,-97,4,92,74,-27,-46,26,29,-100,-9,-56,27,-99,-51,-8,-72,87,25,-16,95,97,76,93,30,25,43,70,-14,-83,10,65,-87,38,-26,52,-28,-32,72,26,-31,-75,-90,-69,-39,-53,54,75,-99,-49,76,-11,-85,-54,93,-24,-30,-15,27,79,36,14,-67,17,-15,78,26,25,-16,-93,-58,-57,-45,-1,83,32,5,35,-92
-51,-23,53,-19,83,35,-21,-63,70,39,75,-85,48,10,91,91,-40,-17,90,39,100,12,76,-93,-51,10,-9,-60,89,25,37,-26,-61,15,81,-28,-56,-67,16,95,56,53,-82,95,60,-81,-57,78,52,-95,-40,44,38,33,-18,-15,-43,-45,-50,-52,-96,-36,97,-88,-72,-70,60,-95,-43,-90,94,-35,-92,-4,71,22,-35,85,-79,89,85,36,67,-92,77,25,25,-82,-32,15,15,20,7,-2,73,-44,-79,-1,-9,16,2
-32,21,12,-98,-64,-2,16,5,-71,94,36,-23,-10,53,17,-88,20,-12,-88,-81,50,68,55,38,-57,-84,-66,-15,-83,37,-77,-25,-38,47,-85,74,63,0,0,0,18,-76,73,-30,-23,5,-3,-35,-53,-63,87,-2,-3,-65,32,-72,11,-91,-1,-60,91,-64,52,-75,12,-84,-18,-35,19,-65,-70,49,51,68,-76,96,-6,-36,94,83,-52,24,-11,39,2,-50,2,20,-71,-69,-76,-83,77,19,-15,54,-75,33,87,66,-95
-45,40,-63,29,44,47,62,-98,86,-10,-5,-14,-36,2,-7,61,99,-58,-43,32,-3,-39,-80,97,95,88,-47,-88,-62,20,-17,76,-7,100,63,35,69,99,-8,100,97,51,27,-80,16,-75,69,-88,-1,48,-99,-35,47,34,73,-94,98,-89,-46,74,5,-5,-84,-18,-3,23,-99,24,-58,57,41,-12,-45,26,66,-46,60,-44,-47,-89,-69,-50,-96,-50,79,29,5,-78,86,17,-25,69,6,-24,58,-54,-84,-46,-10,-89,45
-20,88,12,25,-99,34,-78,58,-95,42,8,-19,80,98,-68,43,-83,-41,63,6,-25,-24,90,-93,97,66,27,-25,-13,-77,-21,-39,74,76,-79,-26,11,41,-69,-73,56,-41,68,56,-44,73,-11,96,42,51,-7,16,-55,21,-34,-92,54,-32,-35,9,78,72,-93,-37,30,43,-59,81,53,-71,32,71,16,-24,-8,-72,-58,53,82,88,-79,-1,-22,-62,16,74,31,-99,21,97,2,89,-33,-11,37,42,-33,-56,97,-5,-78
