87,50,-86,-67,-28,79,-10,56,87,-57,48,4,-96,24,-14,-2,52,67,-11,-16,-97,94,-79,-56,-6,-89,8,-28,-37,-7,26,37,-87,83,38,-20,-63,-13,-19,-76,-10,23,27,49,74,-36,74,-12,-65,91,33,-59,-23,-79,25,-69,-74,77,-46,89,60,-66,10,-54,-77,-58,-21,-24,-89,-41,39,-74,92,77,62,-25,-38,-37,15,-17,-51,59,-24,44,-98,52,30,-41,68,60,7,0,-20,7,25,19,69,-47,9,34,-63
81,44,91,-18,49,-82,-80,31,-6,69,-52,21,-34,-93,-89,-70,61,-48,-48,44,-27,46,62,86,-63,74,-36,41,-44,95,-31,-70,-3,33,-65,81,-12,8,-75,79,72,4,-31,-65,10,8,-100,63,-92,-82,18,-9,-93,-37,18,77,12,-96,33,65,55,89,-63,78,-26,14,-61,31,-91,-96,15,-15,-61,-20,88,14,-61,-39,7,34,45,74,-30,44,-95,-29,-49,-91,-82,-35,-98,-56,79,-54,-19,-26,-29,78,-99,-25,-89
-72,-86,77,43,-71,12,8,81,-71,-99,77,-79,54,-69,86,23,-85,49,-14,-37,-88,-22,-50,75,78,40,22,-33,50,-16,56,93,15,23,-46,32,51,-65,-3,-89,-58,-43,-35,-33,-96,49,-55,54,-71,9,-90,52,34,33,44,-8,58,44,38,78,-95,-91,89,84,-9,15,-70,-39,51,96,-89,7,-44,69,82,61,-99,95,31,-84,74,-16,-65,-65,-72,100,7,-82,-4,25,66,23,97,28,-58,18,13,-17,-65,-61,16
86,-13,-5,-54,95,-35,8,-94,-40,71,4,-39,1,-77,-7,11,-90,-36,18,-16,-33,-23,-33,-3,53,-74,28,68,13,0,70,100,80,29,-56,-99,59,61,57,53,-28,-84,-9,6,46,8,63,38,-91,-28,16,95,-39,52,79,-98,48,39,34,2,-87,55,96,-13,53,-78,-93,88,71,30,-18,-25,-48,-77,-91,63,90,-85,-71,44,57,72,49,33,72,100,28,6,17,-39,18,-9,76,56,20,-21,54,11,-68,-13,1
3,-2,-25,26,-34,38,-30,71,14,7,86,-52,72,-98,-85,9,66,-49,-79,-76,-87,94,11,-10,90,-4,-39,-89,-25,57,-76,89,-22,-29,42,16,-38,-42,96,37,-33,46,89,-59,18,-14,38,-30,-24,22,-61,-82,-90,92,73,-45,-76,15,-21,-47,64,50,76,-93,54,-90,4,-48,88,0,37,19,-34,-64,-21,-62,-100,79,46,-10,9,20,27,61,82,-10,-91,90,-22,-95,-67,91,-19,47,-73,-73,-63,51,88,-51,39
-76,-1,-76,-8,100,87,13,30,1,-8,75,55,-50,-15,54,82,21,-22,84,-1,2,25,15,90,-64,-9,-66,20,83,82,23,5,-86,56,-52,-64,79,-5,22,-6,-87,-88,-88,77,88,66,92,-13,-74,-68,24,-87,62,61,17,42,39,-78,-61,-73,-75,92,60,-29,15,-85,34,-15,62,-59,36,66,-60,26,53,15,22,86,-47,30,81,33,-89,-55,-40,-48,-24,50,-3,93,84,-8,-87,95,-66,-44,-2,-23,-59,-84,83
90,-25,-15,14,1,79,48,98,-89,60,-55,-31,-44,-96,-40,-47,-5,84,91,0,-16,38,-3,-63,39,3,40,54,-58,-40,66,35,81,32,33,-54,90,36,96,-52,-46,-1,74,-77,41,83,-3,82,-31,-98,77,37,16,49,56,-11,72,30,-56,-77,24,-47,-76,29,-27,-29,45,25,59,-18,-89,48,-60,-33,63,12,13,-5,94,-9,83,-96,3,-40,89,23,38,-28,77,-5,22,15,-36,56,-79,-94,-43,35,-24,31,75
75,96,34,53,42,74,93,87,-33,-11,14,2,3,-50,43,-72,-80,-10,1,-49,-1,-78,-48,78,48,55,10,-45,80,-42,85,35,39,80,-46,-3,-67,-31,-65,45,-37,29,2,6,58,-7,-39,-15,56,-8,-30,44,70,74,33,-41,-79,3,-45,88,63,4,0,-37,-96,59,-75,94,-3,4,50,83,-19,92,-18,-94,30,-94,-89,7,49,66,35,14,-43,-56,13,-81,81,96,82,83,-58,-100,22,19,26,34,83,-39,-97
-86,16,38,65,-12,81,-52,-21,49,-53,92,15,20,69,-14,-25,34,67,35,22,63,85,-30,-36,-62,23,22,-62,-8,-75,58,-14,-2,88,96,38,76,-77,-7,100,90,-6,-15,-55,-26,5,38,22,-40,8,-70,10,-12,-23,-8,-99,71,-93,-27,-75,-4,-21,-18,94,-82,44,-53,53,-26,-87,44,-59,77,-51,44,31,-89,96,10,-35,-22,-72,-75,60,40,-6,-17,-100,85,35,-41,-10,-85,19,21,5,-4,-87,-10,9,-32
-54,-17,-24,78,88,80,99,42,87,94,54,9,70,61,-96,9,-93,49,52,10,-21,27,75,-77,-94,37,45,-20,44,27,86,-33,4,-20,47,-24,-94,-95,-5,-31,1,-51,96,-46,42,-69,40,-84,64,18,-5,86,-75,-75,15,-44,16,-84,40,-74,-68,-10,0,-42,34,-17,91,-38,74,47,-90,-99,-30,-80,-36,35,12,83,-7,74,-2,-63,85,14,-54,-98,60,-77,-88,40,-73,42,-48,93,-42,60,-45,-20,-35,-5,-64
5,53,25,-36,77,88,34,-40,-25,23,70,18,-76,20,54,54,-27,-16,-91,92,-40,86,49,-84,38,-41,-89,-15,-95,-50,-41,14,6,-90,11,2,55,90,55,34,-44,92,71,-54,29,-4,-82,-71,91,-37,-31,5,67,23,53,60,-76,84,-72,-7,-34,-89,42,-21,9,-1,-86,-79,87,-14,-88,45,-42,31,-66,-63,-12,-73,-69,-26,87,8,-89,22,36,-83,5,62,-27,77,-46,13,92,-16,-39,79,-16,41,83,-32,80
85,83,-47,42,-67,35,-65,-97,-98,-13,64,-84,-85,12,-58,-15,-27,-47,-88,-35,-67,26,76,67,83,-66,-20,-35,92,-45,64,-76,-53,-24,53,24,56,-42,-2,16,14,55,60,-27,-95,2,-22,76,-65,-83,-59,-89,8,15,88,66,14,77,54,97,-40,30,-65,95,-6,-8,-26,8,-70,40,58,-70,-34,25,66,55,-71,20,-58,12,91,-52,97,23,43,-57,85,28,-25,24,-58,-7,89,66,-71,-63,41,-12,53,-45,78
-75,62,-55,-55,69,-24,4,63,-11,9,-44,65,-64,-38,71,-72,-38,-49,90,82,42,-22,34,15,-9,45,40,-23,-32,-38,-79,13,95,-34,-87,-44,79,-51,60,-79,-10,-100,86,39,-78,89,-27,56,91,-79,-91,29,-98,25,-79,93,-40,21,34,75,-43,-43,-10,28,-91,25,-38,-15,96,-84,-100,13,-31,74,-43,83,76,-39,-51,58,-71,38,-69,32,71,-11,37,-23,0,40,-26,90,-76,-57,-19,31,48,-74,3,-52,95
91,54,-93,32,-95,8,80,32,28,-19,-95,-95,-3,71,96,74,-81,98,1,39,-67,-99,-91,-23,77,78,-59,-39,39,-33,94,-98,-78,-14,20,-42,56,-27,-87,42,-31,-99,59,69,46,89,-89,-51,87,-66,-37,40,-56,19,-21,-31,54,28,52,-100,52,67,-69,1,65,-57,-27,34,-45,82,-35,-63,-81,81,-53,-78,-32,100,100,-2,55,-30,24,92,37,54,96,43,40,71,-28,-95,11,-38,-26,78,66,99,9,13,54
-70,61,5,37,100,96,-43,-30,-78,-93,-89,22,-79,91,-23,-23,0,33,64,-41,-81,-95,-60,100,75,-79,-34,-4,-28,90,-2,-68,24,9,20,86,-19,97,56,-57,-73,-24,-95,16,8,-31,-11,28,-85,17,39,-1,-28,56,-11,48,-55,-75,-8,87,38,88,80,21,37,40,-63,-58,-45,43,-35,67,42,-35,-41,-90,-47,18,74,73,43,-31,-71,-99,-11,-72,-36,65,-28,-42,82,-70,-32,-67,52,-66,80,49,-9,85,-24
-44,92,96,91,-22,31,-27,-64,43,-12,-9,34,-21,-77,-48,83,82,50,-24,49,-85,49,82,73,-15,-58,-10,75,57,-97,79,25,92,42,-58,42,-76,-30,-98,-55,63,-84,71,22,-60,41,-30,72,41,47,-39,-65,80,82,83,-69,-82,-69,-63,-13,47,-26,87,-60,54,-13,-45,-37,4,-19,-53,-99,71,47,-28,99,-98,16,-37,59,-35,-64,12,0,-10,-66,64,-48,61,83,-39,32,-71,-59,54,-29,73,74,82,-40,24
-39,-55,-64,-86,-8,73,-95,17,0,27,99,-98,-44,-2,-18,-46,54,62,70,23,91,-94,-86,-87,-14,-84,-28,78,61,-63,-43,-24,-58,-5,94,-73,56,-79,89,16,98,-76,-10,47,77,-6,-92,-45,96,-79,22,-62,-84,-37,71,56,24,-73,-38,-5,27,-31,98,29,23,-36,-72,-81,5,54,2,-13,78,-16,-9,60,-23,98,36,-89,-55,-12,94,-60,28,-45,-39,-76,96,89,33,22,-91,90,9,10,14,65,-55,-46,69
34,-10,-66,-45,64,84,54,-53,68,-48,-35,60,-43,-80,-17,78,-65,-6,-17,86,-83,26,-4,-16,-13,49,51,31,81,-51,-30,73,45,-98,-2,-21,17,-10,96,-99,57,-76,1,86,97,-51,-70,-71,-35,45,-62,85,61,10,70,59,-2,4,88,-26,-48,-63,46,17,-97,17,-34,-12,-25,-50,77,16,34,-48,-36,33,-23,7,-94,-63,31,62,-95,-73,-48,-66,-26,31,37,-42,-47,44,-46,-95,-9,-59,-78,37,-91,76,-99
77,95,98,-28,-40,84,-40,-22,-39,44,89,-70,-39,3,-30,-55,-41,-70,85,89,-59,-28,-22,89,-27,71,-46,-56,-65,98,-63,-36,-57,-9,-100,9,56,-61,42,18,60,-81,-95,89,56,14,-29,76,94,92,-89,89,42,79,49,41,-81,54,50,58,2,85,-28,48,13,-55,27,-26,-40,-75,77,-3,50,-29,-67,-18,61,-93,-1,-72,-19,-65,67,15,-4,-97,47,-5,24,78,-37,75,82,7,23,-92,17,-50,-20,80,91
-70,100,-77,-85,-18,-38,47,65,-44,-45,-22,-6,65,50,96,93,0,86,-57,65,-45,-9,73,-90,68,-46,3,78,-40,23,-88,-32,-36,3,56,-46,20,77,-16,6,-32,-23,-25,82,77,-21,-77,-7,-52,10,77,-58,-14,95,-62,-34,-96,-38,24,91,-44,-90,96,77,-22,74,-43,-60,39,-75,-37,-81,-98,2,83,14,-60,85,92,3,66,60,34,53,65,36,82,77,46,-19,-64,-99,93,-8,-63,77,15,91,-1,-27,-73
-11,-49,-48,95,73,3,-88,-63,19,-81,85,79,28,25,-43,12,73,-12,46,-56,-94,42,20,-34,-96,74,-3,63,29,70,82,98,-87,-25,-83,66,-91,90,-65,40,75,-63,24,-69,30,99,11,-13,-65,92,-39,39,-11,96,-93,-94,98,-84,54,57,29,-30,-60,-95,64,-16,96,21,56,-11,-97,73,-25,57,76,78,-23,28,23,45,90,-62,-92,-87,3,-29,55,86,9,15,14,2,-58,75,85,-80,94,33,53,49,17
-3,-55,61,74,-67,21,-44,25,-1,77,-98,-46,-35,30,-26,86,58,-90,-15,-50,65,-86,-76,26,-36,-54,16,60,-77,-60,5,-42,-57,-40,78,11,28,-11,0,27,-92,-5,2,25,-18,-22,-41,86,-12,-86,-24,-2,77,38,-29,13,-97,-19,-23,-21,-42,76,79,89,-76,5,-84,-10,54,84,71,24,-20,33,-95,55,-40,88,-30,-7,95,50,30,-69,-97,77,-22,-99,-29,56,-10,11,-37,-87,86,-49,19,83,-3,63,-89
-28,-68,26,37,-89,9,-3,-59,59,3,-46,-4,-5,34,13,78,57,19,11,-79,70,28,97,93,-13,-46,-70,92,12,85,24,-66,52,-5,31,-12,-76,73,3,-90,24,18,11,-25,49,95,-61,6,-97,-98,-1,49,-42,15,-5,44,38,-40,10,15,-91,60,91,-43,-9,38,-89,6,-56,-15,63,57,-36,14,24,-51,-90,-91,69,12,-36,81,2,-78,26,4,97,-38,-41,89,-64,-1,-32,-81,-99,56,26,32,21,-34,40
-14,-37,94,-36,-77,-55,11,-42,22,-54,58,-49,-90,-56,100,-87,-79,34,-74,88,5,64,-52,-33,17,-1,33,-76,55,47,68,-61,8,-6,-78,-47,-65,56,95,81,-36,-70,47,43,16,66,-30,91,3,-66,8,-9,-11,-35,-32,21,12,-5,11,19,18,59,74,-40,25,-20,35,58,-64,46,43,47,87,-80,-43,59,64,-49,48,98,74,75,78,61,-85,-47,67,61,-94,88,-20,16,-82,78,17,71,35,-84,33,32,-90
-84,40,-78,-100,-52,-70,30,70,-6,45,91,4,-85,75,100,36,1,22,1,-60,-99,-45,22,-97,-19,78,26,98,-21,-10,-62,-17,93,91,37,-11,-94,100,45,-33,-82,-46,-19,79,39,-3,4,41,-84,-37,-47,65,-82,57,-99,-37,30,-99,-92,-28,-97,-84,-61,27,-68,-26,21,11,-34,3,-89,31,13,-13,64,-85,-70,7,-71,-6,-85,-20,-97,67,-32,1,76,-66,-84,33,-71,2,59,11,57,65,-54,-99,96,1,-46
26,62,-11,16,-47,-33,3,31,41,-22,2,94,51,63,46,90,-26,-76,88,91,92,-4,-19,-31,-81,-20,43,9,1,44,46,90,54,-61,-88,-94,82,-89,45,-18,-12,-18,-85,8,58,21,-62,32,23,-91,5,-73,-84,-7,21,34,95,-7,-67,96,44,-35,54,43,-77,-6,83,91,83,-96,-21,79,50,-11,81,-66,94,-53,-61,37,36,-97,-62,-15,65,-99,-90,79,-66,53,-69,-55,75,28,36,68,-92,-15,-15,-78,-49
1,44,67,-75,78,9,-69,-9,55,75,-78,9,64,46,-1,-95,38,-97,50,-77,84,41,-8,60,6,21,69,-85,98,1,22,-94,-4,-27,-28,90,-20,43,-85,79,-83,47,10,72,-88,-83,32,-21,8,-13,79,80,-19,17,-33,94,53,-34,-39,54,59,-39,31,68,79,-51,-67,41,58,6,-87,67,-28,82,9,-35,-41,-74,-28,-22,75,55,46,80,96,38,-22,-19,-33,-21,58,-54,-98,-41,62,99,-48,33,99,-80,97
93,-58,-77,-59,-7,89,-41,-89,49,0,32,-92,-54,-13,-99,23,-18,14,-7,-69,-34,-52,-21,-11,-13,-15,77,18,91,25,-94,77,55,-57,-9,87,-10,79,-62,-4,-4,92,76,-61,-29,59,-72,77,-58,96,-77,-61,-41,-97,-29,58,-31,-2,37,-72,66,-11,7,-20,-1,89,-34,79,-37,-91,59,-35,-63,98,3,12,-35,-39,-43,88,-40,46,-20,31,-93,49,65,48,97,-99,-27,-38,-66,-50,-49,91,75,19,60,-87,-84
26,41,-43,-96,71,-45,67,-89,-2,-6,78,-60,-63,60,-35,31,28,99,-20,-62,44,80,15,66,-94,-47,71,-69,31,23,-100,73,-1,-67,14,-42,-78,92,10,-41,-77,-35,-82,63,90,61,-43,-32,49,-93,85,59,81,-11,-9,10,-27,17,-49,36,-52,-30,20,8,-71,-8,87,51,-32,14,13,80,65,-94,59,-1,79,87,78,91,-39,97,-51,-35,81,93,-64,-97,66,-69,65,-95,-83,11,-7,71,-25,39,38,-36,-31
-98,26,-82,99,30,-33,67,18,-77,44,14,-20,-98,-18,-35,-89,-28,-20,-74,-53,21,58,-7,-8,-74,-20,25,74,87,-82,60,-24,44,-83,-14,1,-48,-56,-73,-45,-42,-33,-62,11,-25,-36,89,-14,-48,40,81,-50,-74,-24,-91,-32,11,-53,4,19,-89,-92,-72,53,29,-57,-13,87,5,-45,-66,33,-83,-5,64,25,-50,61,80,1,21,-50,-26,-52,39,96,-74,-4,59,-16,-97,73,-8,-10,-82,-79,-80,43,-33,84,62
-20,-10,15,-15,58,-45,33,47,25,33,25,80,-65,-6,37,18,0,13,-98,52,-60,54,59,-12,17,-42,10,-57,-95,-87,-10,-8,95,-66,-37,-92,-96,-6,-45,-3,49,-6,-85,23,68,43,-85,-71,-34,-37,-30,41,78,-11,-9,-15,35,66,-69,50,-74,-25,-10,82,-64,-47,-88,-22,-17,0,-34,88,62,76,-23,97,5,-17,57,36,80,17,-89,-67,86,35,-27,73,20,-89,57,97,-44,-2,-26,-2,11,35,49,-46,35
-25,100,81,27,-76,-96,91,-1,-12,-59,-100,-18,79,29,80,-72,9,-84,-41,73,-18,3,37,22,78,-46,-82,33,99,-19,79,45,-58,52,83,35,92,-42,-30,47,-65,-41,-43,-99,93,-86,-13,-42,-57,50,36,-3,-77,81,7,-16,22,40,44,29,-34,40,79,-29,38,-76,49,67,39,65,88,31,33,-30,33,38,-79,-58,34,9,-100,-72,62,-8,-10,91,-65,56,63,4,35,-59,-44,-12,-83,-94,49,84,-46,5,31
80,92,-89,29,33,-21,54,-44,-81,5,65,46,-51,66,26,39,-47,-56,-13,68,86,-21,-42,56,-81,-5,72,-72,-6,21,-71,-16,66,59,-20,9,-82,59,49,61,-93,-40,62,-45,3,-30,-58,13,100,49,50,43,10,-16,33,-83,64,43,-94,-33,6,-49,31,-86,-26,-69,22,-23,-45,-47,64,-9,85,-44,-70,-42,-4,91,54,-14,86,73,75,73,55,23,82,98,-95,52,-52,10,57,-66,47,73,-58,8,-49,-41,-62
69,63,-61,79,-22,-23,43,99,97,-92,-88,-91,83,-86,-46,3,-49,89,11,77,-4,50,21,28,29,70,-42,37,88,35,80,-2,70,75,-36,6,-34,15,43,-10,36,33,-29,98,40,-5,50,-80,0,-41,-44,69,96,-26,47,65,-33,99,-62,-31,-15,-93,-20,-30,-98,18,-30,78,49,79,-47,71,-30,92,88,-75,-75,-73,-20,19,-72,78,-62,10,-63,78,-92,98,-58,-52,64,44,43,40,-49,8,9,10,61,56,-52
41,-32,-96,-100,-16,58,-19,-21,-95,-31,37,16,-1,9,-59,29,94,69,63,-32,-53,-34,-41,-37,-8,98,11,46,60,54,-99,90,-51,-24,78,93,28,-53,16,4,51,89,-29,-52,-49,-82,-69,91,1,-47,67,-46,32,14,46,11,-19,-8,-22,74,-7,34,-35,23,69,18,-21,-33,-43,-63,55,-53,22,65,-87,-84,24,53,7,-60,62,-67,-17,-89,37,25,-64,-81,82,-5,-40,-59,87,91,-62,35,34,-71,-33,29,78
-66,-34,-52,-64,-89,77,-97,-5,19,-74,62,93,9,-8,82,77,-37,66,29,-9,-49,-78,24,38,-93,-81,-48,-64,-29,-35,-94,-90,40,-15,21,-29,-98,84,24,-65,37,37,-68,-30,-12,10,-40,75,64,-24,-92,98,57,-34,-60,-75,39,-19,62,25,-74,-70,86,-90,13,9,66,94,8,27,45,99,-65,-63,47,-87,95,86,-33,-45,-75,68,23,51,78,83,54,90,65,91,-78,17,41,-40,43,73,13,43,-69,-82,96
31,-62,-42,-60,16,26,-16,68,-75,56,-86,-67,44,22,68,27,72,34,-64,-41,-7,-23,16,92,72,-10,-16,53,60,-70,32,33,-26,19,-12,99,-71,-10,-38,32,90,-23,-81,74,51,-37,-43,22,-71,40,-14,-43,-38,52,-90,28,-52,-78,-80,51,83,-75,68,-57,72,-77,-25,94,-58,-19,22,22,90,-4,42,92,20,20,-69,-32,-2,53,-59,-31,70,-64,43,65,1,99,92,70,46,21,36,42,28,-12,-28,73,42
-58,-40,84,25,-58,78,59,44,68,-3,-18,-96,-19,74,-9,-26,2,-74,-9,-98,28,47,78,55,-79,39,-77,80,5,-34,-24,-61,-89,-49,-61,-49,-61,1,13,36,-5,58,35,-94,25,-11,32,-35,45,38,-43,53,38,-20,73,17,-5,-36,-83,11,32,45,-99,-91,42,15,-74,26,56,-29,89,75,14,10,-11,0,8,37,77,79,-5,53,91,-58,22,-31,-97,65,-20,49,-27,84,-15,61,44,48,-65,44,-12,-2,44
-18,1,73,60,80,100,75,81,68,46,24,-32,-75,-86,37,-2,60,89,49,-82,5,-79,-57,-49,-77,45,-39,-57,50,32,-57,-68,-46,47,72,51,-90,100,-53,-47,-68,-52,34,20,-100,67,37,-31,36,-37,-40,-13,-77,97,-97,59,76,-57,-19,-75,0,58,-85,-65,-99,-24,-30,12,44,-49,-86,56,83,72,-91,59,-92,59,-53,58,-66,-7,40,-7,30,-77,-2,-92,-61,-50,-33,-9,-90,27,50,69,73,96,-4,18,60
53,88,-63,-53,-18,-70,53,-91,27,17,38,17,-20,35,-73,72,-53,-40,7,-12,85,-94,10,-75,8,72,69,-12,-44,87,52,-56,-96,-20,-44,1,-71,84,-61,-6,-33,66,93,-41,17,29,-2,-65,24,93,-84,-81,97,28,-76,17,-16,71,54,58,-1,21,-9,-37,-5,-46,-99,-76,-42,34,-75,-29,98,78,-73,-94,73,-40,-59,-10,20,-43,78,34,-8,-69,33,38,67,24,-84,30,66,-61,50,-91,91,21,22,-60,45
17,-22,83,-27,42,62,-64,-75,-89,20,-100,42,16,1,89,80,-69,-9,18,16,49,85,-100,9,-64,-98,30,-93,-41,87,91,-27,39,43,18,27,28,7,-93,8,-17,-86,-75,-8,-95,35,-72,-12,52,47,-83,-53,-94,43,-18,37,-54,50,99,-57,-74,57,-60,-52,65,58,30,91,-22,-74,-44,62,80,29,-19,-37,-89,-33,-89,-87,-90,-16,-8,-97,56,73,0,-25,-83,-22,-85,60,23,42,39,48,-46,65,-26,-1,-80
-57,32,69,25,37,-52,5,-100,-18,-15,92,65,-55,-48,-25,-54,-72,-33,58,36,50,1,93,-50,69,-95,-19,-47,-58,-23,-45,75,-3,89,89,38,84,62,0,57,-73,43,-5,4,40,74,-13,-64,-23,31,85,87,-25,-95,19,-33,51,-48,-31,11,89,-68,-39,-2,41,-83,-39,41,-22,47,82,-99,100,-35,60,10,42,-45,-19,18,19,-31,57,100,39,12,-76,-39,-52,39,-97,-3,-67,21,-96,12,69,-23,57,-45,-93
-7,97,-87,72,76,-6,-34,-57,-75,-5,-17,89,-81,91,-50,-54,30,-41,28,8,-100,44,28,78,-68,73,-69,-70,78,69,13,-43,79,51,74,-45,-94,-90,-52,75,-81,17,76,83,-95,-65,87,88,-33,67,100,-5,3,-84,-49,58,53,93,-95,76,-89,-64,67,57,-58,-96,53,40,33,2,-41,5,77,55,-43,-10,-84,16,-58,39,92,-66,63,19,-27,52,-5,28,-80,-71,7,-94,-2,59,-90,-57,10,37,-86,35,-67
3,-80,67,35,-58,24,12,-38,51,0,-49,60,-69,-6,-44,37,-53,53,25,-90,-89,45,-99,61,69,-36,61,25,33,-46,-72,85,-1,-100,-79,63,62,-24,39,-65,-26,70,-11,84,87,54,-20,-4,-24,-99,-59,92,-80,27,90,45,51,-36,96,55,-89,-2,50,-25,41,-66,-33,94,9,60,-91,-10,21,-81,-32,-100,-47,-3,-28,-69,-47,77,-42,35,-27,73,99,26,-53,-66,-4,48,-10,-20,-18,20,22,24,25,20,74
73,-81,84,-75,40,-19,35,13,41,52,16,-43,-21,80,-40,-25,13,-81,-64,38,76,-41,-30,44,-6,-27,-73,66,-45,93,24,0,20,-27,78,-43,54,-73,11,-10,-35,52,-51,-37,44,-86,-72,17,28,-79,71,64,49,21,-21,-57,66,-44,-71,-19,76,28,-90,92,-35,40,-71,66,-34,38,-29,71,-63,98,96,-22,-41,-6,-67,42,-78,54,-95,89,42,86,29,-54,7,-38,-44,100,56,2,-68,-85,52,-92,-2,33,-88
86,-55,-55,-71,82,-25,77,-25,99,87,-8,-68,-85,75,-59,-8,70,-13,88,52,21,11,49,48,-43,-94,30,30,72,88,44,21,-60,-88,-94,-9,-12,19,-42,-96,46,78,-40,-78,-99,97,-97,-83,54,71,-99,3,5,-85,22,49,-28,86,-26,94,79,-61,-32,21,-76,-62,48,-75,-24,39,16,32,-4,-26,-36,30,-13,-6,22,6,-57,-97,52,-87,-69,60,7,32,-72,-38,51,99,-32,-75,-59,58,-56,-24,86,-40,-56
-54,18,-10,63,-90,72,-9,71,-90,94,-92,6,58,43,23,-58,50,-46,83,-85,10,65,4,-31,23,58,-67,-30,62,-7,-70,12,92,51,-14,-7,85,-48,59,31,-30,14,-45,-60,-38,-99,66,-59,-91,-31,41,89,-12,-52,-86,61,87,91,33,94,37,2,-40,-49,3,66,70,-14,-18,49,59,-55,79,80,-72,-26,39,-73,72,23,0,58,-92,-40,-10,53,60,-65,-35,49,16,68,-78,66,11,-29,-27,17,9,-14,64
-31,-88,38,-19,-22,48,81,27,-21,9,-37,-62,-77,-59,-33,5,78,85,95,57,-74,27,-40,44,83,-94,-38,58,3,-61,0,-37,-39,83,-79,-19,64,19,84,56,-91,-15,50,64,-41,-45,-18,-95,40,-7,-67,-60,35,38,98,98,67,-82,-58,63,24,28,-96,-38,68,86,33,-58,91,-89,98,56,35,-91,-93,2,9,-82,6,19,-18,-10,-54,-100,-45,-77,-93,-76,68,-22,-84,31,94,-26,1,-72,-33,66,58,51,56
27,-29,45,75,-5,-2,-55,-67,-54,-32,-18,-22,-25,69,-5,11,7,-99,-39,-54,78,28,51,-49,-51,65,-61,-17,-54,54,-6,16,-56,-75,-26,-21,96,27,-39,66,-23,-89,-57,-28,-10,17,72,-21,-69,-46,-6,49,-32,-97,2,-86,31,45,62,48,-89,47,24,-54,-51,91,-6,-27,-79,-70,-94,-41,68,90,35,-52,67,-100,15,-42,9,43,-89,47,64,-41,-67,-35,-21,-64,-29,-97,68,-2,89,18,39,22,50,60,43
9,76,97,66,-5,-24,14,40,-55,10,-44,86,-39,90,-26,42,-20,-83,-30,-86,95,-70,46,66,54,-75,-91,-99,-16,-62,-26,74,99,17,-46,49,81,28,75,-61,94,-5,-31,-74,-6,55,-56,54,-87,1,-95,86,27,44,71,-77,-23,-69,-30,74,69,99,20,43,-57,53,73,-96,58,-34,-38,74,-6,62,17,41,59,40,-27,-35,51,54,58,51,47,-53,-87,97,-57,-4,16,0,-96,-4,-60,100,66,25,99,-80,60
11,85,-10,-68,-40,23,-17,15,67,-86,-62,-98,33,-66,91,59,67,-67,-5,94,49,53,49,85,83,52,93,-52,73,7,-39,67,79,12,1,-22,13,-82,-93,-14,71,74,82,-68,-10,12,-12,78,-80,63,55,5,56,-80,-48,-36,-46,-83,80,-74,-82,40,-63,-97,81,-34,-91,-79,-66,-68,-26,-96,12,43,-47,50,34,45,-30,-89,99,42,-55,-54,-99,-82,-87,10,-46,-4,50,-66,40,-59,-68,-59,-91,-11,5,-45,82
-40,-98,-84,-17,-45,-57,-17,-52,6,-83,-70,88,63,-42,57,80,91,-8,-74,31,-51,-88,-44,3,35,66,67,31,63,50,2,-62,-93,-39,-55,21,27,20,-56,30,4,37,-11,90,25,-95,-64,-27,-12,73,-21,-88,17,-9,76,-5,58,41,23,-45,-47,31,60,-81,1,-97,-74,67,19,58,4,1,85,-3,-26,-51,-84,-95,-99,93,-43,-53,18,-22,-76,-36,51,73,-63,81,14,-43,97,98,68,87,98,-1,-29,-30,-5
-11,-8,-33,-91,22,82,-27,-4,23,24,26,-99,9,-68,24,-73,-70,32,48,-44,11,-53,-92,82,-60,-63,-83,10,23,84,-51,-52,74,99,-91,96,65,50,10,20,-4,78,-93,77,-30,52,61,-74,-2,-42,92,96,82,-63,11,-59,65,-80,21,-50,-99,-26,-66,81,-18,81,-88,-49,-84,-46,-17,-51,-70,-59,-14,-5,-67,-52,-52,13,68,86,-30,-35,74,-65,14,-88,-10,-76,-71,63,-20,-33,-65,-56,4,25,-50,-61,75
-78,-97,63,37,-65,52,-7,-56,71,-40,52,-95,29,-11,-61,95,-43,38,-98,49,-59,13,-97,-42,-86,97,44,-62,26,15,20,-32,-56,35,-9,-9,-90,41,-66,-9,-18,-25,40,67,-6,-53,81,64,-61,98,82,37,52,-36,34,61,55,43,89,89,-84,-95,97,66,-24,-16,-99,0,25,-84,12,19,97,-35,-27,56,-87,89,-97,6,-26,94,46,-96,-73,-21,-86,-50,-44,98,56,98,85,-63,-3,-31,-28,48,-65,82,18
26,-87,-13,-42,-97,42,64,-25,-74,17,3,87,73,20,-59,-81,26,23,-29,-19,34,52,72,45,63,90,35,89,93,-61,16,-7,-79,38,-25,-100,-7,-59,65,-83,-43,-42,-60,-34,18,53,-90,-95,45,0,46,-48,-80,96,-20,54,-90,-28,6,-81,-94,94,-64,-51,-37,-33,50,96,90,-72,-34,-36,7,26,73,72,-99,-27,79,-2,-99,-44,86,3,-59,-16,-24,54,92,35,49,-43,-6,29,-8,13,-93,-29,47,44,80
48,24,96,82,-88,-1,-52,-86,60,-96,72,19,-23,-89,-14,-90,-78,45,-10,59,38,-46,-44,-95,-47,-58,94,89,-76,-56,1,62,-1,100,-29,-84,32,19,-26,-25,28,-41,5,-48,-27,-29,-83,-41,75,-51,-90,-5,2,35,-59,-9,68,72,46,-79,10,-48,4,100,-7,-41,19,-41,41,54,16,67,-68,42,63,97,-9,-29,-58,89,1,-55,-30,-17,-84,66,54,-27,-6,40,64,32,-30,-53,-66,58,45,76,60,39,-69
-60,26,15,-68,21,22,-83,98,-81,0,1,52,-22,-45,85,61,-69,-8,39,-23,67,-34,88,-41,100,-6,39,-42,0,-15,4,44,-34,-76,82,73,-31,73,-10,-70,-89,-3,68,-18,-60,-52,1,94,52,49,-61,69,-97,67,60,36,-7,-85,-57,-34,-39,91,-64,-87,33,-66,-33,5,-31,-96,51,81,82,-84,54,10,3,-45,-87,-13,60,88,-100,86,-50,-59,0,-25,-6,83,46,-72,-77,74,-75,-69,-10,-24,-62,-13,2
-21,19,41,-97,-19,-71,-30,-12,-27,-48,-7,25,54,-94,-9,13,7,64,32,31,-31,69,-17,61,75,52,94,-72,84,45,41,79,-42,-69,-23,-86,-83,-59,39,61,83,-92,-22,-60,-75,34,96,-74,-46,-1,55,-80,79,23,61,-30,1,26,-14,55,-31,-41,-96,-38,-10,55,-36,-38,37,-62,51,-56,-94,-54,-62,-83,-81,6,34,30,-56,-77,-20,-30,7,58,-37,-91,-36,89,-69,82,-30,85,11,-26,90,-6,15,67,7
55,11,28,-22,-40,91,-100,-86,41,56,-94,-3,86,0,-63,-13,-23,-25,87,78,76,-25,41,-21,-20,-80,-11,-40,-51,14,-98,-84,-52,-75,-16,18,63,9,-61,-43,-15,-95,-56,-30,79,1,-47,-80,1,24,-49,73,-55,-62,-80,91,2,-17,-93,-56,-67,-95,15,-65,97,-10,54,-27,-72,33,-15,70,91,55,-96,-10,-20,-83,-90,-28,7,63,-1,-72,-39,-17,-86,19,84,96,96,-50,89,44,65,24,-83,62,52,37,75
92,-14,-3,-35,-53,15,43,94,-11,87,36,-33,-91,-25,-1,-37,-13,-73,-16,-5,-94,-5,-64,-81,-48,-18,-33,-48,42,88,63,-81,52,16,21,-45,-89,41,39,51,-75,90,-80,-67,90,-86,-91,30,67,-13,-25,-40,29,-81,19,73,-26,-9,-19,-93,34,-55,-2,-44,-44,43,-48,18,30,68,-39,-47,60,46,-68,80,-25,-19,-15,17,19,-97,46,41,-64,-33,43,85,-2,14,7,83,-88,-24,-31,45,-18,-18,73,19,-88
89,-75,39,-40,13,100,-39,21,3,15,-37,58,34,4,-90,-98,-10,22,-65,-39,-97,68,-72,30,89,-9,-37,-54,-19,-8,79,90,1,-57,-20,-59,41,74,-68,51,96,55,57,40,33,20,77,-29,88,-78,54,-37,-35,61,-62,-80,51,13,-36,92,67,59,99,67,89,89,-3,78,-100,-67,-2,31,55,3,84,-15,52,61,31,63,-32,-86,99,11,15,34,-25,65,49,-6,40,67,62,53,75,100,56,-88,62,46,-83
45,-53,37,-38,57,-11,49,-25,19,88,-77,-22,-100,-69,57,10,10,98,58,-19,69,1,-42,-82,8,98,-77,-92,-71,-86,-10,-23,34,-78,-26,-97,20,68,-74,-22,-5,-74,49,-70,-95,9,-91,-13,9,-47,15,88,-77,-5,6,-93,-43,66,31,-84,65,-80,-36,-20,-82,-70,63,80,-30,47,-33,93,33,10,-49,56,-18,-40,-36,81,6,97,36,-25,80,66,-67,-69,60,-26,-51,82,59,-30,-81,53,-74,88,73,9,26
-45,39,59,-7,-92,-2,-64,62,-14,27,-49,-20,-55,-51,-22,32,96,-5,-31,74,-21,13,54,41,15,30,86,-34,60,-67,-38,-78,97,98,48,-36,-82,-100,-68,-68,-78,2,31,-34,-57,86,56,-79,27,26,-11,-36,-84,-57,62,-5,51,-32,88,34,-22,-40,-95,15,-88,-83,-82,62,46,1,51,81,-72,-9,67,-53,-27,30,9,-32,-98,84,-94,66,-24,-33,16,64,-86,-11,14,-97,5,-40,19,-53,29,50,-27,61,16
40,7,-94,-60,99,-50,69,-55,7,4,-78,-76,-76,-18,56,-96,71,5,3,88,-18,81,31,14,70,79,51,-90,64,93,44,-58,-1,-53,-87,-26,-16,-2,-76,-18,-69,-71,-19,-24,-5,-27,33,-90,-18,-93,-21,-45,27,-54,55,-11,15,8,-70,98,-57,-100,-74,-23,24,68,-60,78,-89,8,74,-29,3,-10,-53,99,62,69,62,35,-77,80,14,-61,-81,89,-12,64,-53,-27,14,77,24,3,35,70,-62,-69,-19,-91,4
70,-49,-30,96,33,94,0,-100,-60,70,-86,-86,-2,83,-11,-60,-98,-94,87,-59,78,38,-9,-92,10,-19,26,100,45,38,94,-13,3,-56,100,-22,57,73,25,-5,21,-99,68,-74,-25,-38,48,19,51,-9,76,87,95,99,96,12,-57,-83,31,33,43,48,34,77,53,-31,74,-52,-62,46,39,2,-6,-27,56,-62,98,100,61,-36,88,-82,-6,44,-21,22,-87,-2,-87,72,-61,56,57,-98,90,-2,-100,-12,-8,-9,-68
-75,-68,-40,-34,21,-27,43,-53,-29,-81,-2,-81,-25,-65,-29,-9,17,-91,56,-91,-66,85,-31,0,-45,-4,-8,-24,83,87,-81,-49,58,-42,-31,67,30,97,-54,-38,-17,-17,14,60,35,-58,46,47,-74,-57,-90,-86,9,0,-6,96,-87,82,55,-78,-81,-18,-70,34,94,26,-89,-91,-29,51,-26,-50,64,25,63,62,-21,-23,51,79,-27,-63,-87,64,-74,-78,-27,65,1,-10,72,82,60,83,-99,84,-12,-55,-19,51,72
86,64,-58,-43,68,-15,-15,64,87,-84,60,-35,31,-92,-67,-29,-71,90,100,40,39,9,-33,-46,-5,17,52,44,-43,-60,-87,68,-34,91,47,-23,16,38,59,57,-68,89,-6,15,-99,-76,-19,-87,36,-49,-64,-30,87,95,55,-89,-60,-82,-92,46,-13,-94,-60,-36,9,98,45,5,79,-14,-82,-4,-49,13,70,-59,-57,-8,82,25,-12,-14,17,16,-15,36,11,-96,-49,-51,69,24,88,75,-26,-11,-91,-75,-45,-73,-89
-7,-53,-97,59,81,49,-82,-36,-12,-79,69,66,-43,-78,-36,-25,-30,-12,-46,-35,-65,12,-62,6,35,-6,66,48,-85,-56,-50,8,-20,26,8,-30,-94,-56,-77,-5,-8,25,66,99,33,-18,63,11,-34,-7,-41,-67,48,-61,-68,-87,38,48,17,-90,-72,-71,36,-43,-1,-100,76,36,12,-51,-81,-100,-6,8,-26,-70,-8,9,-46,-17,-45,34,-72,9,-81,-44,95,60,0,-28,100,58,-34,13,-99,-86,4,67,-42,-29,70
-39,13,-12,69,27,85,-3,87,-28,69,42,95,-77,92,-76,-100,-76,-19,87,72,-36,97,23,-2,37,62,-72,-49,-31,-100,50,-51,-9,-45,51,25,-73,34,60,38,77,-82,-75,73,88,45,-43,-44,-52,35,-100,-87,50,15,-83,-88,37,-58,-87,-10,92,13,42,-80,39,-17,35,-84,-84,-93,-68,25,-39,-64,-55,92,-5,-99,-17,-51,-6,-22,-74,8,-89,-55,-89,-31,-73,35,-84,-97,83,55,-94,-43,-24,-15,83,23,-20
-23,30,69,29,66,25,46,61,74,-9,-33,77,52,51,45,94,-58,18,-89,-80,-81,-54,-69,-12,33,4,-30,23,8,43,-74,69,-17,-48,-1,20,81,34,-47,16,-11,-63,72,-92,-11,-45,-97,-84,65,41,-45,71,-13,-42,21,16,-12,-5,-82,-41,24,-29,-31,-69,51,-48,53,14,-99,-6,79,-39,57,-64,-99,-89,0,26,96,51,93,20,-71,-76,43,-10,31,-20,-68,50,-1,-22,14,8,98,15,-76,74,97,-57,-11
38,64,71,-39,79,-87,28,-13,-57,4,-38,-41,36,68,22,-83,-53,-45,37,-86,24,-77,-18,67,-29,31,-8,69,66,-75,23,-94,66,-59,16,-23,-88,-33,91,-13,-28,82,-19,-64,-31,-48,-57,44,76,44,-62,-6,-9,54,41,47,-100,-8,-97,-68,-24,-64,11,11,65,-43,-76,-48,-11,-69,29,65,-99,-78,-52,83,-98,-68,-39,-79,-96,-35,-80,-38,-19,-44,96,31,79,65,29,-77,28,7,-28,-37,45,80,77,-23,-76
-83,34,33,-19,-5,52,-80,1,29,75,47,17,-7,2,-94,-94,-63,-29,-18,27,-23,-84,72,12,-74,-4,100,14,-89,27,-84,-64,5,-55,9,-3,83,77,93,58,-18,67,14,-11,-38,12,-34,43,39,-74,19,-72,56,14,2,17,23,-84,-17,69,92,-70,35,-63,6,-44,11,5,-20,-34,-48,-57,68,-8,-54,-48,25,-9,32,55,79,79,-84,80,-7,72,-95,-26,53,8,94,63,44,16,-25,36,-26,97,-95,-89,-51
-95,94,-61,-19,-70,32,-91,-52,91,80,-25,-72,53,-70,93,62,75,84,82,-69,-99,-70,76,4,99,-94,83,98,78,-39,74,-22,-32,-87,-32,63,-82,-95,51,-94,73,42,-85,17,91,58,77,20,55,81,15,73,19,100,42,28,-18,99,-39,-45,-55,-49,72,48,-51,-29,-40,-95,-48,-93,-44,-68,-39,-94,-53,-6,-46,90,85,-59,-10,-95,6,46,-73,-93,78,-83,-6,-11,88,-54,-71,-93,-49,22,45,-3,84,70,65
8,46,-46,-45,84,-89,98,-11,74,91,-67,-8,100,-50,92,49,-73,49,-83,91,65,-12,-51,-85,-12,59,-97,-61,74,81,95,30,-35,-83,0,72,36,42,12,-62,-36,-41,35,-8,-58,-27,16,9,-29,38,29,-7,46,-60,-14,8,-14,-2,38,79,64,88,78,91,-2,-62,21,25,5,44,13,-61,-24,-3,71,63,-47,31,-89,-25,72,-90,-78,70,-23,-2,17,-27,-100,-77,-60,-80,-41,-98,-60,-89,-25,-14,62,77,-14
-97,-21,-57,29,-59,-98,-70,-82,35,93,72,-71,-22,-47,65,44,-66,-78,14,-21,-29,-75,-17,-3,89,89,-86,-23,92,-33,-73,-11,-32,69,60,43,3,79,76,86,90,33,-14,21,-58,-33,-98,-96,-96,-72,45,37,94,-25,68,32,11,-43,51,-61,79,-35,-62,86,-6,-19,-37,-75,-73,28,-6,-86,-29,43,-36,-35,7,34,19,-91,77,-91,47,9,-8,70,43,-82,-71,-16,18,-92,74,92,24,32,-98,-26,-74,-90,-83
87,95,-49,61,93,68,-8,56,-86,2,96,93,-91,-67,-75,-85,5,99,-10,-93,-12,70,72,65,-15,-73,10,-16,-52,58,-5,-39,70,-22,24,-44,7,42,-75,-23,-2,-36,47,-89,64,12,100,-51,-41,75,-21,-30,18,11,-30,-18,-85,-95,-95,-1,34,91,-50,9,-7,29,-56,-66,-52,77,51,-26,71,23,-64,-49,-38,75,88,11,7,-76,-72,81,-18,52,-19,16,6,12,83,59,-59,35,-24,-59,5,-39,63,-93,67
-43,68,49,-71,-6,14,8,40,-44,-39,61,-80,0,38,-57,95,56,33,39,-59,-22,-12,-29,-60,-35,18,73,-28,-29,-78,-64,94,6,61,84,-100,-28,-49,-36,-96,-54,4,-12,90,73,-23,-81,26,-89,75,-86,48,-34,79,18,19,-44,-72,-96,-89,-94,-29,-32,38,24,84,-41,52,-60,-41,74,24,76,85,-42,75,-76,36,89,-19,76,24,99,46,30,82,-21,54,-71,81,-81,-98,87,93,-49,25,11,30,-6,85,-52
4,-60,25,79,91,30,22,-11,94,-92,42,99,29,18,51,-17,24,47,37,93,-50,27,39,-69,32,88,16,30,-6,-74,-64,0,57,22,76,91,-21,-42,65,-11,54,33,33,-60,9,-3,28,13,-24,-99,-41,73,-61,92,-79,-74,80,13,97,-41,22,-53,-28,-43,47,-25,22,-70,-16,-48,-88,33,-36,-73,-41,75,37,43,74,27,57,29,-46,-36,-9,45,-41,50,94,-9,6,80,-19,14,94,35,48,-95,14,-93,11
42,-51,38,60,39,-12,-59,-21,-76,48,-74,-31,-83,16,-36,-66,-42,-59,49,41,56,74,-36,99,97,28,14,-99,84,61,-82,49,-49,57,-24,15,-16,77,-9,4,-80,-44,-3,78,-47,-73,-96,-13,-53,-13,49,-16,-46,88,-3,47,86,60,-92,-78,39,18,20,7,28,-90,39,-4,-60,-90,-45,36,-84,-12,52,90,-34,57,-86,70,85,67,-39,67,94,64,94,-24,-86,51,-95,-24,-5,98,-98,-39,-91,-9,34,-31,22
-44,47,-97,30,-19,-61,-13,5,52,-40,-32,-36,-72,-20,1,11,-43,-51,76,-83,48,58,-24,30,96,56,75,-53,-8,14,-39,-6,-75,39,94,60,-81,-87,-61,-23,-68,14,96,-84,66,-55,91,57,29,-41,42,-1,39,-63,31,2,19,-44,15,-84,-74,-48,88,45,-18,82,32,-71,-68,-73,72,-39,-7,28,80,-8,1,-56,72,38,-26,78,79,75,2,-57,-70,21,23,-27,35,-45,-41,-25,86,60,-7,-99,-41,-59,78
1,92,46,-29,-93,-86,-62,-78,28,-91,2,-36,-48,-95,19,-58,10,51,-75,-7,-41,98,22,-86,75,41,-50,-38,51,-62,57,-6,70,-69,23,-76,10,63,-25,96,-60,-73,68,82,-68,64,-9,-59,-17,18,20,-99,-9,-23,-53,40,45,-59,33,65,67,0,-88,-85,92,-91,-33,63,-67,-56,63,-43,-36,-16,-22,-10,-20,-98,79,-100,-7,-45,-30,-95,22,-26,48,-71,42,16,-69,80,-42,36,8,-76,11,25,36,-12,85
-72,-35,-61,-64,-6,-25,-15,3,-99,5,-36,79,55,-22,-68,-28,-9,25,40,-81,70,31,46,-100,93,1,50,77,37,56,23,55,20,22,45,-2,-80,-22,-62,5,8,-49,61,-45,95,-29,87,-6,-71,71,-95,-7,-99,-6,14,8,-87,-67,99,-83,8,69,-98,68,62,-63,46,9,29,89,17,-70,50,-33,-98,-63,20,74,-93,-8,63,74,31,-65,-8,16,-15,-93,-38,-26,-29,3,42,26,-54,-59,-9,-71,32,73,-74
23,38,71,12,-22,-17,-62,-21,-48,1,-37,31,3,26,3,68,2,19,-45,33,-57,75,20,-58,74,8,41,29,-48,52,11,53,-13,97,-45,-39,-69,-43,-90,95,52,-46,-14,-72,-48,-10,-21,-66,-39,-87,98,-91,-31,53,4,-74,11,-64,-90,-70,69,-98,-49,80,36,11,-59,0,43,-26,-3,89,-89,-6,9,-26,-70,4,-89,49,-90,6,60,-29,3,16,-39,13,-25,-94,-35,-27,30,77,7,94,63,46,-94,89,58
-31,50,14,-35,-48,-35,69,-25,60,-52,-14,-78,21,-45,38,27,-37,-97,-11,98,86,-11,-74,35,83,0,39,-99,7,63,67,46,-73,-94,-68,-61,-23,7,-36,73,-70,-71,33,-67,-70,-10,-99,76,21,100,14,-37,50,-82,80,17,-80,-67,8,-80,-69,-44,-78,-81,-31,72,61,-32,99,-22,96,96,-91,-27,21,-55,-78,-96,81,-51,44,24,54,14,-4,43,37,-44,-63,44,-90,-8,53,-51,-45,-92,-51,90,10,47,42
-51,74,1,76,-5,-64,-49,-58,-64,29,5,0,-93,-24,91,55,20,48,-68,-77,-1,-30,-48,-9,89,-62,16,-91,-85,-80,35,-42,-89,-68,0,0,8,-18,62,-63,14,41,-99,-87,-80,-44,73,98,-42,-90,69,99,1,-24,-9,-44,64,45,-9,28,33,-12,-92,38,-25,-85,61,94,-79,36,7,-19,-83,-2,-19,-55,-44,-34,22,10,59,-61,91,-74,100,36,-49,-97,85,-19,64,10,-22,7,-17,64,30,-71,6,24,-98
-69,-22,40,73,100,84,64,0,96,85,-59,-100,-92,10,0,21,41,51,48,8,22,-38,38,-19,-86,1,-47,-81,21,75,43,-5,44,-85,-92,95,-46,87,36,23,-76,-40,19,64,-67,-46,-57,-70,-48,7,20,-57,7,-22,-84,-38,-60,69,27,53,-15,-58,82,27,-67,47,69,-82,-90,56,-30,-73,16,-37,-73,4,84,78,-49,65,6,40,95,33,8,-31,-68,-89,95,19,-54,88,-45,-94,44,53,-37,14,-46,4,-20
50,73,5,90,-67,64,-87,59,-1,45,9,74,100,60,-78,-9,68,-74,-11,27,-65,84,64,-67,-18,-4,10,29,99,32,94,-31,46,56,12,80,-83,-48,-69,-40,-20,14,-47,-74,74,85,35,-82,-94,-38,38,47,20,-51,-59,-73,-20,-98,-69,60,80,38,-17,88,-62,66,66,-17,-41,-40,40,89,-38,-81,52,-24,-21,-28,10,-48,-5,-3,53,-71,84,-7,65,93,22,69,44,5,43,-42,44,-39,66,-11,-15,-82,74
-76,0,-23,29,69,-58,-81,-6,-66,-48,-86,-95,41,36,2,-90,-56,94,-36,55,67,-22,-22,-30,31,-83,-46,65,66,-18,94,-95,-45,-84,53,25,-99,18,18,26,-36,96,-96,90,96,-19,-37,59,94,-78,-72,-35,-53,29,-58,96,-68,-50,72,12,24,-17,90,57,-16,-53,-99,-20,3,1,66,9,58,-17,0,-27,-5,34,2,-67,32,-100,-11,51,-17,-78,90,-33,-90,-96,-21,-30,82,-57,63,-22,56,91,24,-34,11
42,-61,83,69,-92,67,15,-23,-93,44,-87,70,-52,-67,18,34,37,96,24,-11,16,-4,-63,42,-67,-93,-39,-27,13,-19,-39,89,86,-10,-72,18,41,59,97,-79,86,17,-83,-61,-2,59,18,-6,-20,-58,8,-47,-28,-38,-14,-61,17,11,61,42,83,-69,-94,-11,-28,-62,-10,-33,24,-45,55,62,-43,40,29,34,2,12,-54,35,-9,75,60,73,-23,-42,24,43,-82,19,-9,24,-51,16,20,-64,89,-27,50,15,-64
63,-77,76,42,-31,26,2,-11,-82,56,30,49,-5,-50,-93,90,-38,-67,-77,-62,67,97,-16,58,99,33,10,47,-92,56,14,61,-5,-73,60,94,-30,29,-76,-88,-84,-81,57,-73,90,-77,-34,7,-40,16,49,-7,60,59,-1,-26,12,-83,25,48,-25,-48,92,-65,-31,54,-80,67,-53,-22,45,86,42,-96,-41,-53,59,-8,38,-2,2,10,35,-47,-98,-78,-44,86,59,-29,28,-80,13,-58,-83,72,53,-79,-69,-60,41
-64,29,-15,-81,5,70,-17,-97,-14,-52,17,-11,91,33,-56,76,-60,42,-65,36,46,79,83,55,-94,-4,-59,-26,97,54,-85,-38,-81,-29,80,78,-25,43,100,82,-44,-75,-11,9,-67,61,-11,52,-50,-68,-67,-91,27,87,13,-88,26,4,-23,86,-6,35,-66,47,22,38,-37,-75,-39,-20,-89,21,-72,-72,-30,93,24,29,80,16,55,-59,91,62,-74,91,97,-18,-69,97,-93,74,65,-1,-43,-26,100,16,71,49,-8
11,55,-76,89,-30,-47,20,-48,27,26,-59,55,71,76,23,51,-29,-19,-52,58,-90,87,3,-30,-97,74,63,28,63,3,87,-83,0,59,-90,-82,-61,27,-25,-7,48,-53,11,96,94,77,-56,-74,-85,99,58,-14,-51,-5,80,-89,54,51,83,22,33,-45,-24,36,-64,-91,-71,96,-100,49,-36,-56,-92,48,87,-40,73,-91,-54,-15,-61,-71,69,43,44,-10,75,7,-23,-87,42,-62,92,91,-77,-22,-21,-17,15,49,-69
100,51,-37,-32,-84,100,-4,83,-63,-81,-59,-75,25,72,-31,94,14,-41,-68,69,6,-27,-72,-34,-14,15,-78,-94,12,-6,-37,-29,-50,53,23,-92,-19,26,72,89,58,-68,-59,-24,-4,-82,1,29,-91,-78,19,-58,-92,27,37,-63,-16,73,-78,-86,-85,78,43,68,-82,-6,-30,79,9,32,96,4,47,-54,-64,-98,80,97,-52,63,-17,-42,48,-49,13,-41,32,77,69,69,74,78,15,-21,55,-99,53,-79,91,-6,84
-3,-9,-69,28,99,-56,10,9,-69,52,67,-35,-72,86,79,-59,44,10,75,35,52,3,-29,-9,56,17,92,89,-77,-88,16,-11,-97,37,-26,78,-60,70,68,73,57,9,51,-8,-49,95,9,-49,65,13,-31,-55,-96,-74,87,9,49,98,-13,-90,-32,48,-45,-89,92,7,54,-88,1,-30,91,83,79,-26,-70,87,-5,-29,81,96,-48,-18,-42,-45,8,-99,-84,-19,0,-45,36,-53,61,80,10,-50,91,30,20,32,45
59,73,-32,-54,-35,-89,-56,-39,-59,100,64,79,-70,65,-48,-73,-6,24,96,-28,29,37,21,-28,48,0,45,9,38,-12,11,-11,-4,-67,-38,-20,91,-70,71,-94,46,77,76,34,-75,11,-27,32,70,-48,70,-5,63,94,40,-63,10,55,81,61,-7,88,35,-44,-77,80,-76,-2,77,-43,-74,59,72,-80,50,82,1,67,-7,-45,57,-50,50,39,33,11,86,8,-44,-21,-33,95,-38,48,95,-85,-45,-99,-43,34,-20
-95,68,11,68,-15,71,-46,84,-100,77,40,-20,-3,-2,86,56,45,24,93,60,58,-88,56,-88,26,82,78,82,90,79,29,4,-27,12,64,85,-93,15,99,-17,23,45,-30,24,77,4,-10,56,22,52,-16,-19,-79,88,-13,-89,63,-26,-20,20,-98,-83,6,-37,28,-84,43,-65,33,50,-58,66,3,41,14,-41,48,53,22,13,-85,19,-93,-44,83,-43,79,-55,-10,-97,83,47,25,-97,-91,76,9,-77,46,-51,-88
30,-60,-83,21,-6,47,3,59,-14,10,-5,75,33,-51,-87,-92,45,-52,-54,-44,32,-68,-5,89,78,-37,-92,13,82,-10,-2,62,-58,-5,9,-12,-72,1,93,61,67,1,89,34,73,70,-53,11,-87,-58,-93,72,-34,-54,-75,51,28,-15,57,88,-10,-80,93,18,-11,-27,49,-46,63,10,8,88,-13,38,-29,85,-17,8,34,-80,-30,-52,-51,87,14,37,81,100,6,48,-63,-29,-39,-29,14,0,-65,-71,-13,-22,32
56,-40,4,69,36,-40,-19,-38,-15,-58,-46,-12,89,68,-38,-92,-76,-77,76,93,63,91,-61,-75,-100,-100,-35,72,32,-36,-84,-99,-70,54,1,60,-50,96,-43,39,53,99,76,93,12,51,86,59,-58,-46,-21,-91,50,15,-73,44,-89,26,-95,21,3,-46,3,-38,67,-3,64,-84,63,13,50,92,-28,99,-42,3,-57,65,20,-31,-81,-1,44,-45,86,-57,-4,14,88,14,66,45,26,91,88,-89,-70,9,-95,44,-66
63,71,-100,21,0,64,-92,80,4,69,-13,-18,-56,77,-86,-73,-80,14,-92,99,49,96,45,31,-86,-100,1,-43,-92,-16,-11,76,-92,69,-79,41,-66,18,-85,-56,-14,-46,-23,-15,-14,45,-88,-66,-10,-23,-26,7,-93,-91,-92,62,-84,66,72,85,-58,98,86,-34,81,-37,75,14,73,15,29,-10,-32,-30,-55,-92,28,-1,-53,32,56,-67,-61,-16,-77,22,41,62,28,44,-82,88,42,99,21,21,-79,22,80,-75,-94
92,-48,-49,66,-100,64,8,-62,65,23,55,-18,14,3,-4,-22,22,-31,97,-62,60,12,5,28,-55,26,22,43,-80,44,-78,9,58,-39,-80,-54,-72,94,-94,-61,87,25,34,64,95,-13,-33,68,-57,48,34,31,-97,-29,-86,98,-65,15,-2,15,6,-63,14,19,-81,-99,69,-26,10,4,-71,-13,-90,53,93,28,-59,50,-70,-87,-88,56,10,26,-41,31,-81,4,-68,-46,95,65,-58,-55,-41,-33,31,-79,-89,-82,-92
