-3,-91,-41,-48,-70,-44,-35,35,48,-9,-77,-77,58,22,3,69,-86,-68,-85,-69,14,72,38,96,-31,-16,-43,92,-39,8,12,72,26,50,-53,3,-87,-16,55,-24,-92,-8,34,-100,-60,95,10,-72,46,34,-39,-46,89,-85,-44,94,8,5,-13,-36,-61,-1,-43,-85,-100,-38,48,-54,-49,62,-69,11,-12,89,-35,-93,-3,-15,42,-99,-81,-3,-67,-71,-99,-79,92,89,40,37,-36,19,-26,92,24,-34,32,-51,-82,-21,-72
41,-28,-28,-41,20,-38,7,8,94,56,-57,26,74,-61,-95,14,-2,67,-88,-87,-51,4,-34,8,-96,90,58,35,90,93,99,-80,17,1,-13,-46,79,43,16,57,-74,-5,-5,83,-60,21,-99,-27,33,-61,-55,-78,67,9,29,70,-100,43,-54,-88,-97,59,-44,-67,-22,58,4,31,24,17,-35,-30,46,17,-93,94,89,-58,58,-89,-96,99,46,-78,3,98,-86,-60,83,-4,-45,-52,25,9,-32,-7,-96,-34,-51,-79,6
-94,-39,100,42,-86,17,-70,-48,-92,-89,29,-90,84,-22,75,23,34,-22,88,40,63,36,-22,20,-69,-19,20,38,40,-39,9,-66,31,-47,-30,-61,93,70,-60,-67,13,-96,-79,-97,14,-15,55,55,-27,19,-35,4,-69,-17,-79,16,39,48,-35,-47,91,-59,-84,-49,15,-71,14,79,61,-1,47,83,66,29,-57,75,33,0,53,29,86,-2,13,9,-41,-46,-55,4,-24,89,-51,-70,42,-97,52,-15,-25,72,2,73,81
-79,-49,-79,94,69,29,14,96,52,15,-31,83,-75,-82,17,-35,54,9,-10,43,-46,70,16,-83,-18,73,-96,97,-27,-90,30,65,67,47,58,-35,18,24,26,-67,-94,29,100,93,-15,-50,-6,7,6,30,-80,75,-46,77,28,33,50,-64,-39,-50,89,-42,17,-57,32,36,23,66,12,25,80,68,58,9,30,-67,-86,-34,38,-63,-47,53,-42,40,19,39,-17,81,-25,-46,-44,99,22,-64,36,55,34,64,89,-76,31
81,-82,-70,-40,-24,-18,26,90,55,-39,-24,37,43,-99,21,-76,-9,-32,78,-74,-53,-100,-27,-65,10,67,-15,-27,74,72,29,55,-51,-57,-8,87,9,71,7,-66,50,-30,-93,-97,38,-49,14,-91,-99,30,-51,22,36,-19,-51,-20,12,39,-59,87,-48,-42,-54,91,47,37,29,-39,-45,9,54,-75,-66,-84,45,1,22,-39,-26,-65,21,-98,-61,63,-3,16,85,-98,-36,-84,26,-35,-92,22,-52,-12,-68,-5,-18,29,41
-37,40,-17,21,-4,-49,95,40,-1,-62,-70,-44,-60,-81,-47,-33,-74,0,79,-11,-36,19,-6,-26,23,25,16,63,88,77,55,-80,-2,-52,-24,70,85,10,89,11,60,-6,-46,-19,56,10,92,-54,77,73,-82,-60,-97,27,74,-42,-47,-55,88,-68,37,45,100,4,-55,-53,-94,48,21,96,52,-75,-12,30,-19,35,-40,6,-29,18,-43,4,95,76,88,25,-32,-14,-89,94,49,-65,98,-41,-8,-46,-2,-49,12,-73,-21
96,-42,34,-38,-18,-60,95,35,-56,-33,72,73,8,-63,-82,-75,-10,-86,-13,-97,62,11,39,36,71,-16,14,-76,61,-87,-20,64,94,28,13,-91,97,-62,15,-50,9,29,-47,-73,-33,-36,-21,-20,-6,41,-56,39,81,14,46,46,-7,-22,51,88,4,70,36,-66,-57,82,-62,-30,-38,-6,-12,-6,-99,30,-37,76,-1,65,-64,-82,-83,67,80,-62,-64,-38,-87,68,15,89,37,-36,78,-17,-9,-2,-27,-43,47,99,-80
74,-12,-30,-26,77,67,40,24,100,-7,33,65,99,-100,-55,-16,44,-67,-24,-52,-73,-37,-34,-37,-74,3,47,26,72,10,-49,80,71,-1,-20,-74,43,-35,46,-44,57,-63,66,-14,76,85,-13,-42,-94,73,96,58,-88,7,8,28,-19,-81,-53,100,8,-4,-95,22,37,-10,39,-65,97,-67,8,87,82,36,-35,45,-98,99,-56,74,-56,-46,-26,-18,41,-90,-87,-73,57,82,56,37,-55,-79,6,76,51,-49,90,-30,-11
-2,-81,-30,0,-92,32,-69,40,-49,94,-75,81,1,-97,-37,-56,-25,-12,-5,4,-17,-66,25,-23,21,71,-26,21,-46,-2,-20,-73,-14,-63,53,-13,-41,-41,-31,-15,-14,66,82,-91,99,32,28,47,-24,-29,-61,-67,-94,-37,-4,10,67,66,-46,75,-68,29,-61,-57,88,1,17,-66,24,-71,-22,75,51,-1,45,83,-92,-69,-99,34,67,-38,-62,-59,-82,-22,94,18,-35,-90,-89,-100,59,30,-73,-42,68,96,-80,-65,-20
-93,91,-97,60,-42,93,79,-65,-32,-19,94,-70,70,10,72,-42,-74,-51,-44,38,-43,-95,-35,87,-48,96,-8,36,-35,-91,95,28,53,84,48,-79,-31,86,17,98,-6,-7,-44,89,71,-26,-2,92,-66,-16,-77,71,-32,-45,-83,66,-45,2,21,-96,53,83,49,-93,81,-87,37,-17,-96,-88,-41,-8,-91,43,53,-36,-26,-96,46,-20,13,-34,-76,59,-49,24,96,-2,-77,47,47,-65,-80,-3,-45,-93,-43,41,-2,12,-39
6,-35,88,-92,-56,50,72,89,-90,-46,16,-85,-52,-14,31,99,29,73,-81,81,-73,41,50,-35,-27,-23,-83,-7,15,-3,-94,-45,96,-75,-54,-14,81,-19,-52,85,52,83,-32,85,27,71,-94,-9,47,-91,-75,-72,-98,5,-23,81,47,-37,-8,-61,72,77,32,-30,27,-18,-68,65,-35,-96,-74,-36,54,99,-28,87,-28,52,56,-85,-63,68,20,-69,-89,2,5,32,61,-24,85,-50,-5,-39,-8,-74,70,71,28,-6,67
57,42,-65,-97,23,42,-90,86,-76,35,44,94,-58,6,49,-17,30,-21,3,-89,36,-96,16,62,-88,48,-14,63,-66,-7,-19,61,-9,-22,81,-91,-34,55,-96,-52,44,-19,13,69,72,-43,-78,13,34,-9,-73,65,80,36,66,21,-25,-30,-18,-80,12,13,19,-40,82,0,40,68,-86,46,-86,20,87,48,-7,-75,-45,-28,5,-36,22,95,16,-2,72,15,66,-50,-79,13,72,34,29,38,-42,-84,-98,-34,-46,-79,-27
69,97,38,59,81,-90,90,78,66,-58,-37,70,65,37,-92,93,45,88,83,92,37,65,-9,-83,-80,-93,92,39,-17,62,91,-8,-64,-9,4,38,-35,-92,17,-89,-41,26,82,-43,53,-35,67,38,18,-88,-47,-32,-42,-11,-47,-52,62,42,-83,52,49,-91,39,96,-25,1,99,24,-6,41,87,8,13,-49,99,-11,-82,8,-72,-41,-18,92,90,41,-74,71,68,-39,-64,92,82,66,-62,1,-54,-71,61,-92,-45,6,-72
-19,-5,-48,77,-10,-52,-13,-99,85,6,49,-89,94,-47,-69,11,45,-63,30,-99,-63,-91,81,32,82,24,62,98,29,89,-30,-52,-8,49,10,-84,-94,-89,-99,60,-51,32,22,-54,-13,-23,-24,64,-7,-31,81,37,-64,-5,-99,35,16,87,-76,63,-91,74,81,-20,75,-43,84,-40,30,-46,16,-49,-42,8,-39,23,-29,92,-50,22,35,-7,-85,-68,8,93,85,51,89,77,-2,68,77,33,-18,-99,-61,-61,-17,68,-49
-28,-65,73,-80,96,-98,73,8,-32,86,-43,-59,3,53,41,22,-40,-63,-8,-22,-93,27,15,34,-85,-19,-21,-70,-5,-57,86,50,85,-46,7,53,20,-79,29,-91,4,-47,-1,95,32,-30,-47,36,36,-42,-13,86,-97,60,-52,-80,-37,-22,58,-17,-28,44,29,-38,21,-87,-7,88,42,-37,89,60,87,88,-94,-65,-60,-87,76,11,84,94,29,74,13,-57,8,-47,-77,-67,-44,8,-76,58,-93,88,8,-20,-25,-78,62
-56,-84,-30,-89,51,23,84,-48,73,-41,25,-53,-53,-82,-73,-91,-63,18,-14,50,99,-40,-64,-16,21,87,-96,-2,-95,73,42,89,60,-44,-50,-34,20,-50,-79,54,-66,-34,4,28,-49,11,-30,71,-29,33,25,71,-23,-65,-53,10,97,-89,-47,22,17,-14,-20,-49,-50,85,-87,-15,-18,-39,-31,79,-91,-56,-28,15,38,41,82,-66,-64,-42,92,-28,68,45,33,-17,-9,-58,3,70,69,63,-53,-3,-72,21,65,37,-68
-91,85,-43,64,59,-75,87,47,25,-35,-99,30,23,-68,-95,82,-71,18,-29,27,-76,-59,2,-62,82,62,77,69,59,-83,-22,3,-91,-26,-6,97,90,73,8,-42,-11,36,-73,-16,84,-24,-95,-12,76,-23,-94,92,-28,-71,4,-73,-74,8,16,-29,-75,84,-77,-7,58,24,35,45,-34,-46,68,-72,9,13,-73,-20,98,-50,48,-52,-22,-98,-94,66,-10,-3,-39,-97,-45,73,-89,73,90,67,94,16,-89,25,-97,88,-57
54,-53,-52,-93,1,62,92,-6,19,78,37,-97,62,-82,66,-13,87,22,37,-3,87,14,-32,-25,-45,-32,11,-85,-22,50,0,74,-76,12,-68,10,40,-82,48,17,17,-82,-78,-2,75,-7,-11,-83,-59,-2,-85,-61,-55,-57,21,-88,-15,7,-11,80,-81,72,59,61,-46,-36,-67,99,67,81,34,-53,-71,-46,27,-54,51,-22,58,-7,-99,-28,26,-56,-54,-16,-89,98,-64,38,28,-8,-17,37,-79,-41,-16,58,75,-31,-100
-88,-4,-52,63,-8,-91,-41,81,76,-88,31,-73,1,-52,11,92,47,-95,-58,29,18,58,13,23,-60,-27,25,42,-41,63,-35,-49,-5,46,39,-94,-8,-44,68,-41,43,5,12,-64,-52,75,-45,-26,-47,-50,-13,56,-11,-98,24,72,65,29,-88,4,-79,77,-66,-66,-81,76,-100,-47,44,76,-17,-96,80,-26,63,13,2,38,68,89,73,-33,41,-5,66,-54,50,-21,97,77,-32,-4,10,-5,-24,84,91,1,-75,-20,-58
98,94,53,91,-47,-53,-11,-95,64,-93,-85,-46,86,-99,54,10,-48,11,81,3,33,2,81,15,-62,54,-70,-31,-78,-78,47,-23,-86,-65,19,-5,72,-83,-99,83,-54,8,51,-84,67,-86,17,-75,5,30,-3,5,46,62,-66,-23,-11,75,-83,74,16,-43,-76,-40,-41,87,32,-77,-41,89,49,-39,-62,-42,-27,97,78,-27,-59,41,-95,67,34,86,53,47,42,-24,14,21,56,-4,-76,-54,14,-3,-5,70,-52,-8,-25
-44,-27,-59,18,1,51,0,-57,71,-31,84,93,60,7,86,86,-90,17,6,-4,2,79,-83,-59,16,52,-15,22,64,-11,-90,-12,94,27,34,-70,98,54,-90,-23,86,92,0,-77,27,-85,69,54,57,58,21,-40,-70,-60,74,-55,-59,-92,-49,81,-18,-84,35,68,75,-31,83,-5,31,-88,20,-19,-97,100,32,-22,-55,71,100,-19,20,33,65,-86,-4,-63,43,-37,-41,-29,98,51,-68,-83,84,-42,23,33,-100,23,-81
-19,-58,-51,-4,-43,-4,-18,95,62,10,63,30,-34,90,23,31,-3,-10,41,-67,-100,76,-24,-35,91,-55,-48,-43,28,43,57,60,14,-21,37,-38,22,-60,-63,43,-92,-42,34,86,57,59,-81,40,-24,-31,15,-12,16,45,-97,87,-14,49,26,30,61,-19,36,30,39,90,-94,85,-41,-89,-33,-30,75,-35,-7,-93,-43,-9,60,-72,-17,60,-26,22,-51,45,-7,13,96,76,-8,-31,-26,69,-97,38,-39,2,20,100,27
-16,-40,-74,76,10,26,76,-86,-53,95,37,-43,68,64,-76,-37,17,42,56,10,-93,-48,-1,58,38,36,97,38,19,-44,-8,71,2,92,-1,14,-66,75,24,-76,85,-56,-40,-43,52,34,1,87,-52,-22,50,-51,55,-98,86,91,57,14,-84,56,86,12,93,-18,4,-65,-23,67,64,-13,70,-54,-36,-56,-50,32,-71,-85,27,-46,66,-57,-71,71,53,84,-68,68,21,-4,-65,-75,91,9,-42,43,37,-44,89,77,78
2,46,99,-3,-53,38,50,-25,-95,50,-60,25,47,-28,74,-71,43,60,53,66,-56,-40,19,-83,-39,-86,55,-73,-48,68,-34,-38,-66,78,-69,49,79,-79,2,-5,-18,97,-88,-44,-61,24,-63,60,-14,42,86,-39,8,-62,-34,21,3,-63,35,-74,-79,-52,89,99,76,75,-85,59,95,16,32,26,12,-99,83,-35,90,24,-57,-58,49,-47,81,-13,-72,-58,-10,-36,-51,12,94,-7,-91,36,-89,97,10,-9,31,-56,-24
14,-53,78,-33,-29,-3,-56,-10,36,-75,-45,-61,18,26,-46,-93,20,-12,-17,-15,-67,22,90,-55,-90,-2,51,1,97,-89,-59,46,54,21,39,-44,56,47,90,-87,-71,-54,33,-98,53,39,-74,-80,37,-10,-84,-53,57,-18,-82,-54,-33,0,-9,-8,-9,-65,-32,-89,74,2,20,10,52,-89,60,-35,-50,-39,58,54,-61,65,-14,-34,-75,-98,72,-92,-49,33,67,7,-57,31,-97,-51,37,15,-22,61,-27,-90,-93,36,36
-68,-77,42,44,-44,17,-79,27,-85,72,-57,98,75,60,56,-55,87,83,62,35,-100,16,-60,95,-28,26,-19,-18,-30,-39,-32,68,83,-35,-76,-14,-10,52,36,-24,71,-54,-13,10,-82,-98,-17,-43,80,-72,19,-34,-84,-33,-17,-57,-54,-61,-24,-94,-92,-58,-3,-79,-20,-35,53,46,92,-10,91,-47,-28,52,-100,41,25,-13,-78,13,-13,56,28,95,18,96,81,44,61,24,81,86,-31,-43,-48,76,45,-96,45,67,-72
9,25,-44,-48,-25,-29,93,-6,-97,41,-71,89,-61,-54,-93,-79,3,-73,-76,-69,58,45,-43,80,-14,38,-49,68,-38,-70,-89,-19,40,39,-10,62,85,-59,55,-80,-56,27,-37,31,-62,-90,-12,-8,-47,84,-92,-27,-73,94,57,61,30,-24,76,-83,-36,96,-82,53,82,28,-96,79,85,-27,-93,-47,-57,-1,17,87,-42,-80,-80,-62,49,17,80,92,13,-81,-89,-71,-73,38,12,46,86,83,-31,51,89,7,-26,13,-36
66,81,69,-88,72,-83,-43,-80,-73,32,-16,-48,97,39,12,77,-87,-90,-17,-42,2,60,13,-38,-2,6,-6,6,-72,-4,100,76,-32,-42,-27,-30,-55,-82,-88,-46,55,-53,2,38,-100,-96,61,-32,50,53,-95,29,43,-15,73,82,92,39,-99,8,97,-74,-28,-57,-19,82,-71,-24,-76,47,46,-29,55,5,35,58,-20,-38,-69,-97,-67,-66,34,11,14,-13,51,-98,24,8,54,-42,-35,46,-34,-83,39,-50,-29,61,-78
17,-72,86,-23,-51,-86,-10,-70,65,72,-88,94,19,-93,-70,-66,-51,-87,30,67,-46,78,-39,25,59,-22,81,-89,-84,-62,28,-71,-80,59,-22,-76,49,35,88,-14,4,81,-57,-84,61,8,60,78,67,-9,57,-45,31,60,-64,55,1,36,-50,83,-56,-54,-71,24,96,-33,100,-71,22,35,85,34,45,-58,-71,60,67,-84,-51,4,-24,-81,-28,20,-10,-50,49,31,2,45,0,21,5,89,-33,35,7,-37,94,-17,-92
-33,-97,30,2,-36,12,-27,-72,7,93,-38,80,-60,-15,-93,75,-16,-13,-98,4,-21,-21,-77,-71,95,-88,5,46,27,-34,48,-31,92,-21,89,-8,83,16,79,-58,37,-70,70,43,67,-26,-39,-93,87,-32,14,-21,-50,-92,48,-91,86,-26,-51,-30,16,-51,-70,33,-89,-48,65,-42,57,-83,-81,29,-72,-56,9,-12,67,28,-65,11,87,-45,-22,64,49,-55,74,50,52,-49,48,-31,57,52,-83,-63,3,48,21,64,1
11,12,20,82,52,71,26,15,10,68,-36,40,87,86,15,46,5,-16,-72,-87,-51,85,-97,56,-90,11,-96,54,-57,-1,-11,-99,36,5,-65,-62,90,-5,31,-48,49,46,36,21,-74,37,-2,-7,-69,-96,-35,56,82,-9,-40,70,-22,-34,49,31,70,64,-90,18,4,76,-66,-68,-81,16,-14,-37,58,48,-79,63,45,-30,-40,-69,-73,-61,2,-56,-79,52,-40,10,99,63,-47,-92,6,-31,62,58,74,93,57,92,54
67,6,-98,-62,-48,6,-75,81,-69,17,-38,42,59,-67,7,-51,84,-32,60,48,68,63,20,96,-97,-78,33,98,59,37,33,23,-72,-94,-56,-58,17,56,10,95,-73,-73,-70,-57,86,-13,37,9,-19,-44,-48,31,-81,51,78,58,-73,76,46,-60,-88,-7,-6,10,37,-10,-50,-30,52,-47,-5,35,51,33,5,-17,80,-25,-97,37,-11,75,49,-57,53,70,-5,-68,51,74,-100,6,93,-20,58,39,24,61,13,90,19
8,7,-92,55,-83,77,-72,29,81,-54,97,24,27,-94,-24,-12,86,83,71,-94,37,-72,33,40,-78,-9,67,-55,99,41,-69,15,-21,83,69,-3,-90,97,-71,67,0,98,17,-5,-11,95,68,-11,-14,-65,42,51,16,-4,41,-58,7,-46,-8,-84,41,100,-42,92,-32,11,0,5,26,95,28,46,-22,-17,99,-79,-15,73,67,-81,-29,-88,7,-68,14,-80,72,47,-10,40,-38,79,-13,73,-85,70,18,90,69,68,-16
-18,-41,10,6,3,31,41,-43,-9,3,0,0,-2,8,89,97,26,-49,74,6,-30,9,-51,77,-82,38,92,55,45,-6,-15,90,-5,-62,99,57,-85,-13,-72,-3,-29,88,-7,-28,-93,16,28,-21,70,-59,-1,-48,91,14,-88,-53,85,99,32,72,-26,-22,-46,-41,50,-57,13,89,-96,-3,24,-6,69,4,-30,36,-93,-57,1,-43,39,-55,-9,-85,12,-12,50,-80,-66,-29,-31,88,64,-22,30,-7,-1,-74,24,-16,13
-89,-48,9,-1,29,-80,29,82,-63,80,14,-9,57,51,62,-87,-89,-19,-28,62,32,-39,0,-44,100,-29,-55,10,-14,84,95,-16,66,52,-76,80,-80,100,-67,-8,-44,-69,60,30,54,93,28,76,-79,45,68,-65,66,32,51,-10,77,-70,-65,-60,57,10,14,80,-81,-80,29,-84,42,-5,-72,18,-13,-20,95,-15,-12,14,34,-88,-26,91,-6,-45,-56,-79,-50,21,92,-29,27,89,72,97,26,75,9,-81,98,47,2
40,56,-18,71,99,-3,-46,26,-28,-3,-40,17,-49,52,91,-19,64,99,38,-71,-53,6,-44,-63,29,-37,13,-33,98,57,71,-50,-31,-8,40,-9,-4,-73,-95,74,-31,-52,77,54,-85,7,30,36,57,64,72,-4,28,-57,52,-80,-78,17,-74,-58,-16,68,1,-61,80,27,32,7,-31,35,-5,-27,5,-63,-17,13,0,-55,45,50,-18,60,-14,-69,13,-9,70,-70,-57,-12,-55,38,-21,-55,-13,-7,2,-1,-5,-42,-11
30,-49,-64,23,-65,-60,-2,-12,-69,-74,-55,77,59,-47,19,63,-36,-17,-87,-99,61,34,81,5,98,-92,75,-52,-44,87,81,0,96,-61,-94,63,31,50,76,-78,-35,-10,-51,-27,36,57,-8,29,-42,-95,26,25,52,-10,37,22,33,74,-69,5,92,-65,-84,21,64,-53,-26,33,-18,-42,36,-83,95,-6,-76,93,100,-10,-16,53,-56,-98,10,-19,98,-27,9,49,77,72,57,9,47,32,32,-91,-74,57,-93,88,30
-93,-34,-88,-82,-61,-37,-69,-80,44,-12,7,-40,17,55,-64,56,-99,76,-31,1,-9,13,-64,-94,-7,-60,-86,90,-7,68,51,-9,-34,-94,63,99,57,6,5,79,98,-14,7,-57,-70,-38,-13,45,53,67,67,68,3,61,-27,50,-20,-60,28,-16,-48,0,-4,24,-3,-81,72,-97,73,-68,-10,89,-69,80,-57,-13,28,56,-8,-22,33,41,42,65,19,-29,-93,-36,-49,5,-6,72,50,-57,82,29,-93,3,-86,92,18
-63,58,50,48,-46,95,41,-81,-75,94,34,-13,-43,95,82,-5,73,60,-40,56,-62,-80,23,92,-93,90,-77,-91,50,-64,30,-69,57,59,11,29,-54,-18,24,45,77,63,-87,-9,12,-86,-63,-39,41,48,-27,-82,14,65,71,1,-80,99,-78,28,15,33,-92,-65,-52,66,76,-68,12,-95,-60,25,-86,-44,29,-5,1,48,-46,61,-11,53,16,-89,97,-69,25,-87,-57,-99,93,-66,62,-45,61,71,-76,-82,39,23,-37
67,91,7,-45,0,-80,35,66,92,82,-28,3,8,94,0,26,35,58,-59,-56,63,39,-4,41,46,58,89,-61,-80,-74,-36,35,-42,-36,26,-67,-57,73,-84,-48,-65,-69,-13,56,95,0,99,42,82,-59,-38,48,-37,-92,-63,14,-93,-72,41,19,-80,73,-78,-95,87,-71,-47,82,-95,-64,-38,74,-7,-66,97,40,-42,-88,50,3,44,25,-27,42,-73,-36,35,-97,60,6,57,-20,-71,88,17,-36,32,72,8,-92,28
-18,-32,87,-54,82,62,-18,-80,-34,-72,-89,9,98,-2,-56,34,45,-94,-46,96,-93,62,-79,-57,44,-46,-90,-78,14,-4,27,-64,33,-43,56,25,46,-55,76,-73,-78,13,100,58,99,-67,-25,93,62,79,-99,-76,-39,20,-99,6,56,-21,-17,44,-14,-7,-23,-46,44,78,-64,87,-61,25,89,8,-22,67,68,11,2,-56,-95,-64,68,-95,41,-6,75,26,-75,-1,-2,14,67,55,88,40,-35,-61,62,-94,80,79,23
100,15,-1,77,-89,58,92,55,90,76,73,-47,-63,-36,92,30,-11,-28,-94,-23,-3,43,-27,55,-32,-15,-78,47,51,-26,-58,-91,39,13,-78,63,-52,32,-47,-30,-21,42,-39,74,98,-21,99,40,54,31,-98,74,74,-37,-4,-54,55,75,82,-45,-76,85,-88,-51,37,100,62,-49,-8,58,48,61,98,-20,-29,-13,41,19,22,16,35,-84,17,-63,-36,-27,30,10,13,-39,5,95,-47,88,-93,77,-42,-65,-35,11,-11
-57,41,88,-56,54,-11,30,76,49,-3,-57,-61,45,-75,-35,-3,46,-16,76,19,95,-10,-58,-99,66,30,-80,-26,-78,-15,-19,-57,-43,90,-96,30,85,-31,-47,-30,62,-88,-8,62,26,-7,-96,-9,48,-88,96,-18,7,-14,24,47,82,-32,86,30,61,-53,-38,57,-85,-27,99,66,-78,83,91,70,43,-60,-48,-55,-83,66,25,-29,-73,20,-21,16,-17,-78,86,43,-96,-67,-5,17,46,92,80,57,47,-46,-81,-67,-27
-87,-59,58,76,85,-61,-83,100,3,51,-17,-21,69,91,-72,95,17,55,-76,-43,-100,-84,17,-48,-9,43,16,77,-44,-49,-93,86,30,53,-71,-82,-25,92,-91,17,7,-71,-18,85,77,-66,-94,33,-98,36,71,1,-52,-97,46,-65,36,-95,-47,-74,22,0,-69,32,27,-83,3,-25,-39,-16,6,-74,-82,54,97,8,-92,79,98,-16,69,-49,-9,96,43,39,-72,56,80,-38,-12,-62,68,-53,-75,80,52,-31,-52,82,79
-93,-59,-3,-56,75,6,-82,-20,100,-69,97,-47,36,93,88,-88,47,38,71,-84,37,57,-27,0,98,-34,56,5,57,26,-51,-1,92,89,-60,90,-63,78,-58,67,77,73,34,-14,-37,-65,54,-36,-26,-45,-15,38,70,-36,7,57,6,71,-70,91,-86,55,-33,-63,-26,-30,15,5,-19,-20,-58,-7,98,-48,75,-66,66,-32,9,-7,63,25,-62,-38,80,-34,-52,74,-7,78,-62,-99,36,74,36,-64,-93,-47,-48,75,27
2,-62,51,62,74,93,-100,-93,-83,91,88,57,85,-40,-17,-93,-26,-73,-39,-84,33,-97,7,78,-88,-32,-78,-75,18,10,71,-30,-71,-14,100,-43,-13,52,-55,18,67,-17,95,93,-45,8,-72,-93,52,9,69,-99,50,29,28,-40,12,43,-2,-88,22,-19,-64,17,-64,60,-27,-36,58,-74,-78,11,-94,39,43,-72,40,-73,69,-30,90,5,49,-37,-11,88,-21,28,38,58,-47,93,74,1,-11,-70,-32,-51,-34,16,19
53,35,79,91,43,59,-90,38,-81,-34,88,17,52,-65,71,-81,-65,84,94,-84,-66,-56,22,30,-78,-73,50,-95,76,-9,-84,-82,20,-72,-78,-47,34,41,75,-44,-9,-67,12,-23,-55,-68,42,48,37,-11,-94,-49,-92,97,-88,-61,74,-91,51,94,-40,-43,-69,-46,28,85,-92,-37,-33,65,56,-45,-27,-81,56,97,58,65,24,-95,-17,94,63,-25,86,76,-88,-86,24,-3,92,1,59,58,43,61,12,-85,-57,-20,69
33,99,-62,24,28,-72,27,79,32,-16,-39,49,91,18,-44,-79,-31,-22,-31,46,-5,24,30,84,-59,-24,-37,48,-77,-70,-81,14,87,16,46,80,100,-88,17,82,91,77,8,56,70,-93,-62,82,-58,7,64,-27,60,92,60,78,-52,70,-80,32,84,35,61,29,26,79,60,-10,-78,-32,82,-82,-35,-7,19,-47,-74,-80,47,-62,19,-95,-40,74,-100,50,-38,78,94,-10,94,-66,-29,-90,-17,-95,50,-6,-69,-64,-69
64,91,5,61,25,-94,88,62,47,55,59,-13,-31,-87,69,-39,15,-52,-79,20,-87,53,74,63,-44,35,-24,-28,65,-66,55,-99,88,26,74,-76,-73,-13,38,-16,29,-91,-89,15,-33,36,76,-28,76,69,76,25,55,89,-83,-47,-43,86,55,39,40,-35,30,-92,60,-23,90,-38,5,-88,-81,9,-76,-5,76,-14,30,-51,78,-43,97,-39,-39,63,63,-10,43,65,-4,-69,24,-58,26,-5,31,35,46,-9,35,82,-47
-14,47,-18,-1,69,26,83,-47,-41,-83,-44,-85,81,-30,-44,-87,66,75,86,-98,-57,73,61,31,91,80,37,-42,-59,64,83,-17,47,20,50,41,-51,33,-29,-40,45,-78,17,53,43,-33,-26,-23,29,66,31,95,-95,-86,49,-4,83,-89,-14,-79,93,-7,-36,-41,-97,50,-4,-25,46,42,-3,11,6,26,89,86,-58,47,-14,-53,43,-26,53,72,11,-8,93,61,98,29,-31,92,61,29,-99,-24,-36,69,-50,-18,43
-32,64,-13,-95,-26,2,-40,-74,39,-60,-64,18,19,-52,-97,75,-41,2,-32,94,-100,17,-30,92,-14,1,13,-23,-30,-87,93,-38,-29,5,-29,93,-45,20,-38,2,-3,10,-33,-25,-30,-63,-92,-45,96,66,-78,-92,68,-80,51,-70,33,29,-88,-3,76,6,-63,-48,28,64,37,-21,-39,43,-8,18,45,-65,80,31,-93,-58,88,-27,-1,-82,-80,27,100,-78,51,58,-88,63,61,29,94,-25,42,29,-68,17,-66,-2,-34
43,15,42,-20,34,7,23,80,-29,-37,-23,-60,-26,-28,-71,78,89,-59,30,-78,75,70,-40,-63,-16,20,72,-65,34,-2,-98,-20,15,-99,65,-50,-11,-61,-44,60,-22,-52,-26,-50,-75,54,15,-70,49,14,-91,-85,-48,96,83,-54,64,-88,-13,9,76,16,-64,-54,-2,34,53,9,-31,-80,-39,-80,-83,60,72,-52,-25,95,48,-91,16,-9,-56,-29,-14,91,12,-7,-88,84,-97,98,66,-48,-86,-58,28,72,72,-62,14
-45,-71,59,-25,34,-85,-4,70,-37,54,-76,-53,80,12,9,30,100,-66,-26,40,82,-70,-91,-56,55,44,43,-62,-46,26,-81,52,26,-48,39,-16,-10,-90,94,-47,17,65,-79,-52,100,-45,48,44,11,-13,77,64,60,42,85,59,-13,-76,2,100,-85,5,20,13,-96,-39,-20,46,100,-53,5,-49,-54,-37,-62,93,69,-61,74,1,41,-24,79,-81,62,46,-45,29,-35,-3,-31,54,11,-69,79,-20,-64,-75,-57,-76,-32
-40,9,7,74,15,73,12,-5,6,54,51,-49,-67,19,1,15,-37,-80,67,-78,0,-27,54,98,20,96,44,-29,-9,87,-100,-48,72,69,70,52,-72,95,31,68,16,55,18,38,-96,3,12,-59,-2,-94,93,-32,-100,-76,-54,-82,-69,-87,-2,66,-60,90,49,45,-52,-64,87,45,-36,-59,39,20,41,81,49,-1,72,80,45,2,-28,-28,14,22,-25,42,-54,5,-19,-26,5,88,67,-89,9,-64,-85,-39,-26,-46,68
20,41,38,50,77,-82,-8,-29,65,-59,-82,5,-44,-1,74,22,55,88,26,-4,14,-44,-85,76,-59,-95,-79,-58,22,80,-31,-7,-56,-6,-79,-24,-97,-57,-1,74,87,72,95,-19,13,59,74,33,-23,-14,-89,95,80,20,48,53,-65,41,-9,75,80,57,31,92,3,25,-26,78,39,50,35,91,-94,-78,40,-67,46,41,9,55,-2,-47,61,80,86,45,-91,27,-87,-2,2,43,-38,56,64,-17,-16,23,-99,-41,69
-57,-59,87,44,-51,-38,-72,26,-9,4,4,42,-20,-77,-62,51,-53,-68,-32,-40,90,60,-91,-52,70,15,-12,-70,23,7,-79,-49,-72,-49,-61,82,-52,24,-60,39,-36,-85,-28,-66,-91,59,79,52,-70,-16,6,68,62,-85,-50,64,31,-34,73,-75,-7,-32,-24,-25,-6,84,-52,53,1,67,86,-43,91,26,88,-59,71,43,92,76,-72,21,72,57,-67,-27,-41,58,-25,-38,-19,6,61,-42,-37,-26,-68,-3,-31,-89,56
17,-53,-40,-76,45,96,-43,-49,39,-28,-94,-44,28,-46,92,-51,75,-52,40,-31,-56,-89,-82,44,-58,-12,58,-15,75,-66,81,89,93,74,-16,-7,-37,-57,98,-33,78,-13,-26,82,-77,68,-85,23,5,36,47,-49,-44,8,28,-32,74,-8,11,85,8,-59,-28,-13,37,87,-36,-20,99,15,97,-67,-100,-29,32,-89,-53,36,-35,82,85,81,92,58,-71,-21,-25,-83,-72,-81,-84,-62,-66,49,89,70,-62,97,-36,66,-56
-41,-25,-1,-18,50,-86,-36,97,-54,-2,-85,-8,73,43,-54,45,23,96,25,-23,-99,-16,91,74,25,-63,54,96,-62,57,83,-3,-53,-66,31,-21,96,-43,-47,-88,98,-40,-77,-65,-93,-58,-34,2,86,28,10,32,33,92,-74,-6,55,98,29,-5,-94,-19,-90,71,-100,67,-37,-47,-80,-10,-93,-62,71,77,-17,84,17,-23,91,-38,-21,98,-75,-89,-20,-30,-96,51,27,-98,-9,-56,61,43,12,-97,93,-42,66,-69,-42
-9,92,-87,-60,-39,-26,-9,-44,-41,-19,-83,57,-73,18,-71,34,58,35,78,-90,5,4,87,-57,-52,-93,100,61,19,-99,13,45,6,-44,-4,70,72,4,92,99,-89,48,-68,27,19,23,100,-7,-29,40,-62,41,-99,-37,35,86,38,66,-62,-22,-96,100,-76,80,48,-47,-8,-55,-28,99,-62,44,-78,-3,32,-49,-71,-79,36,-98,-77,67,59,-99,-96,-30,86,15,-79,30,55,-60,86,-16,-17,22,38,-11,-82,58,87
-10,-100,95,22,-57,19,-6,3,15,41,25,-31,-95,91,65,-64,94,36,22,-76,-73,-23,-48,63,73,-78,25,83,9,-37,-98,56,75,67,-33,6,62,67,69,-34,-76,-68,60,-10,-59,55,34,-40,69,66,-87,33,-19,23,15,-71,-90,-15,98,73,24,82,96,68,-64,6,47,-11,-93,-86,-96,-62,-55,-68,-87,-85,-34,85,-52,-13,47,-64,-93,-82,0,13,64,-55,-93,3,-62,-78,46,18,13,-51,52,53,32,69,-8
78,34,-68,77,-13,-36,8,-45,44,-41,15,95,-30,-90,-64,-69,26,76,37,98,14,-85,96,94,32,84,38,7,37,17,41,30,63,-37,-2,18,100,-43,84,95,-52,-95,16,28,68,23,80,-90,95,-99,78,-2,-33,-58,56,18,71,78,-2,60,30,73,-4,-79,-86,35,-90,-52,-15,97,89,-4,-68,73,9,21,-54,85,29,-41,9,-33,100,4,-42,-9,89,-88,52,-37,-13,-90,-82,-53,100,64,71,14,-24,-6,6
-44,95,78,-62,45,-43,78,-35,-25,42,-47,55,-89,76,9,-29,83,-89,88,-83,25,-36,-29,-90,23,-65,28,96,94,-42,-91,-17,-34,57,-80,75,-42,-60,45,86,-68,41,-48,-90,-67,18,95,95,51,-43,77,-23,23,-41,-53,-3,-74,-44,-68,69,79,60,-76,48,-62,-53,13,-59,71,-4,-10,65,9,26,-72,-79,-10,7,-71,-34,53,-24,-73,-51,-62,91,8,-7,85,-80,-78,67,5,9,75,50,93,34,7,92,81
-5,-34,25,-83,43,54,-69,44,-46,35,5,46,65,-73,25,-23,92,51,85,27,-69,-69,20,68,15,-74,36,2,-62,-54,51,-78,-2,63,79,-56,87,42,-38,11,-15,-44,80,45,19,36,94,32,62,-19,16,-72,99,-33,-48,11,-39,54,37,-56,58,-82,16,94,-44,-55,10,-81,-55,-17,96,7,-53,-68,32,54,-91,68,-43,-83,-23,22,36,-26,76,48,-24,-73,20,-30,83,-43,56,26,21,-33,51,-15,-88,28,5
29,80,-25,97,-99,71,-5,90,-48,-95,-9,41,-8,-77,-65,-76,-16,-23,3,-38,21,8,-66,36,78,-15,76,32,12,-47,-14,-38,27,65,6,-64,71,-87,32,10,61,-4,21,-91,46,25,-4,67,-54,94,-28,40,-14,20,66,9,-96,-38,-70,59,-75,65,67,-1,92,35,-1,-83,-68,23,43,25,69,-18,43,-63,45,16,-37,43,24,13,-24,-65,-75,43,6,12,41,71,23,-70,64,50,-96,-77,-88,9,64,56,-42
-62,-34,-51,99,-27,-40,91,0,-27,-74,-62,-56,-23,-26,-3,20,95,-78,-5,23,88,46,89,97,-31,-28,8,9,-95,-84,-58,-24,-5,-72,-5,-77,33,24,33,-14,-83,5,93,-79,39,32,44,-9,-33,20,-40,-49,72,24,40,34,-19,-1,-40,-63,-13,-40,36,-27,74,56,99,90,98,-34,88,-91,-91,36,9,11,47,-47,56,47,19,32,71,98,82,95,98,89,32,21,40,-100,-11,-7,93,65,-33,46,17,-33,32
-98,-26,-21,9,-83,-20,-8,58,-1,95,-42,52,-95,53,-37,-17,-62,-2,-87,-21,40,85,48,-15,10,91,8,-11,-32,-24,41,53,83,-87,-90,-98,-81,66,-58,94,-59,40,-51,31,7,8,15,-37,-63,56,56,-63,76,-43,-25,38,68,-74,-3,85,30,85,-81,-84,-42,-42,-22,-67,32,35,28,-30,-16,77,-42,43,-91,-84,-54,25,-99,-61,-10,-2,-97,-85,-66,-11,36,36,21,39,87,-41,94,-33,-57,35,-72,95,-18
-19,80,26,-11,66,61,78,-68,25,-78,-1,-25,-31,97,65,100,66,-93,-61,37,28,-78,-29,-83,18,-7,90,62,-47,-37,-76,54,-52,-57,2,-1,54,27,76,79,-32,19,-32,-40,-76,-71,-65,-21,-94,9,45,58,-72,90,94,-58,82,-65,-31,82,67,-52,-18,-17,100,-37,23,81,-31,-12,42,65,33,76,-54,-63,-8,-82,0,40,-80,76,76,56,-36,23,24,63,37,75,13,80,66,-32,85,-5,29,19,-18,23,-82
9,15,56,28,23,83,-75,58,-95,82,90,-2,-68,-41,56,-10,-75,90,100,-16,-55,-30,30,-82,-5,-4,98,-84,68,31,-28,45,98,-24,-71,-99,49,43,-59,37,91,-82,-28,-23,-51,64,14,2,-53,46,96,98,-92,15,61,-88,6,67,53,69,51,10,74,-75,85,24,98,-42,-86,40,31,-21,3,-53,5,-74,-66,37,-64,-89,65,-57,-30,-50,-20,-24,-20,82,56,-72,88,-71,52,-77,-37,-68,7,-62,-100,-2,-28
-20,91,29,-32,91,73,31,-8,69,-29,65,3,-79,-87,-92,3,14,31,-40,51,-51,0,-97,-40,6,77,-54,-15,32,-32,12,53,74,-95,68,-76,73,74,81,-90,-73,22,55,96,-59,13,-20,-3,-37,19,77,-79,62,89,60,-98,-9,-82,-20,-86,-14,89,-3,-79,-6,58,-8,-82,20,-100,37,-74,86,94,-57,-45,22,79,-100,-15,27,41,12,-93,-87,60,-32,-4,-41,87,12,-60,-16,29,24,-43,-3,8,77,20,1
2,-71,61,-15,25,32,11,-100,67,43,-87,91,89,34,7,41,54,-16,15,-29,-41,-70,-62,93,39,-56,91,-66,44,-68,-88,-17,-9,-100,-16,-80,-26,11,80,54,-92,-25,-4,-40,-63,73,-51,60,10,44,31,49,85,51,-62,-65,31,-4,72,-63,-53,11,-40,36,38,-38,-9,-97,-32,-40,89,-51,-80,-72,-75,-44,95,-55,-43,-65,30,80,-33,0,32,26,-67,86,40,29,44,26,61,36,-52,-64,17,-43,-60,72,-51
-17,64,-37,-54,-57,-80,-71,4,-100,-84,-59,46,52,33,-85,85,-3,-19,-60,20,-85,7,6,-84,-9,74,-44,98,100,-1,14,-45,-17,31,-3,93,59,76,-92,90,-33,49,-72,66,-69,87,47,97,-37,-78,46,-52,48,-86,80,23,-71,-15,96,-75,-68,89,-97,-59,90,-93,-7,-10,-65,48,-50,78,61,-51,75,41,-87,35,-44,-3,-33,-49,60,-12,42,18,-9,69,-37,-74,-1,-15,-57,-94,40,41,67,-64,-62,61,66
84,-68,53,61,11,-21,34,-80,72,11,-2,50,-7,-20,32,-23,16,17,24,-74,40,-42,74,-54,-47,-51,-92,65,-51,91,-50,29,-62,-82,-23,80,-32,-88,37,-49,-87,20,-58,-6,40,33,80,-55,0,-30,-24,-15,57,-67,-76,-91,-91,-83,65,-63,98,-98,79,53,34,-94,-80,-74,-89,76,77,-2,55,54,30,-54,-7,95,-18,-64,96,21,-11,-87,89,-68,-58,91,-85,-76,-94,95,-61,-17,72,-22,33,69,46,-40,37
-94,-7,-58,98,-81,98,19,-8,46,59,66,11,78,15,-24,26,99,83,25,36,-96,-40,-62,68,1,-14,55,16,29,61,2,92,4,-79,97,-91,96,67,99,77,-63,97,32,66,31,97,-87,-62,41,-12,5,27,57,16,-86,36,-75,42,43,-98,-74,86,-76,-69,-93,8,-51,-75,35,-55,85,100,-81,-64,2,91,22,-64,75,-58,-80,0,95,-7,-70,-78,-92,-89,22,48,-3,-86,45,79,3,23,-12,-8,85,-17,51
73,-57,-34,56,-53,7,-78,-23,-60,-16,-84,39,79,35,-95,92,-29,-74,-46,-10,94,68,36,-19,-23,22,50,-59,-83,12,99,93,-1,76,-73,28,-45,-94,72,-54,-52,-80,90,66,-9,-38,-100,84,-61,-59,31,-72,-18,-29,63,-80,27,92,-36,-1,31,36,48,47,-64,43,-84,-41,57,16,31,-17,-68,-33,-56,16,71,-51,-20,38,38,51,85,-4,58,51,-42,54,16,56,-78,93,20,24,28,-43,-74,83,1,57,19
96,-26,-47,-69,-89,-74,73,-96,-42,41,-48,23,98,49,-77,-76,28,84,-69,-45,-72,14,27,71,65,99,-60,-79,51,54,8,99,-15,-23,24,77,49,-2,93,49,-73,80,19,6,-10,-62,24,-89,-70,58,26,-29,15,81,43,-18,44,88,52,24,69,-30,-65,-25,81,1,-9,-47,-95,-65,59,26,-88,-12,34,23,7,35,-47,-25,12,-15,23,-44,-21,37,-82,-65,-91,68,33,-98,49,39,38,-10,53,96,25,-2,-93
-6,-93,-57,41,0,-17,4,-95,35,34,10,14,-54,92,87,80,-3,-9,-66,-62,83,-46,-24,-1,-51,68,-94,79,-82,-79,-23,43,78,51,-48,41,77,10,-70,-27,48,20,30,97,25,-61,-77,33,31,-20,-18,-22,-96,-78,51,28,-3,30,-27,16,-30,67,59,-36,-91,55,4,-28,92,5,49,59,89,52,32,70,-99,-84,25,-66,6,-71,71,-67,96,-68,43,58,-83,-2,52,-53,-27,25,-19,81,-32,3,64,-21,-93
50,12,28,-9,-27,59,48,94,2,-58,40,-89,-20,-87,-4,-38,-98,-60,-62,-9,95,100,-57,-68,-19,-54,-52,0,-83,-97,72,77,0,70,-84,68,39,55,-93,-84,33,-73,36,66,45,-51,-50,21,-74,92,-65,-76,19,-89,58,-23,-98,-15,-41,58,-66,-52,27,45,-95,41,49,-26,-79,54,-50,-17,23,52,-100,32,-69,-87,-49,47,-32,-79,15,-36,46,-97,-95,75,-93,-47,-54,-7,54,-96,33,-38,0,-14,95,74,-73
-1,16,73,36,17,9,-68,51,42,29,67,-26,73,-85,55,88,36,75,-70,-8,95,26,-23,-26,-66,34,32,61,-56,72,-30,98,-65,15,79,87,95,-76,-87,-66,-67,-13,88,3,62,-46,3,59,15,88,34,3,62,5,49,-23,-70,-15,-16,50,-100,-40,74,100,-82,-73,-62,-49,-70,-21,-25,-10,27,57,97,-5,-40,-3,85,79,-86,-27,33,0,-34,-31,79,-45,-41,74,-57,-28,-72,-52,-39,-97,-56,-67,-63,88,-77
-66,5,89,23,95,-23,44,-58,94,-60,-35,37,-50,76,-61,41,-74,27,-51,-84,-23,88,95,-61,29,7,31,-16,-91,-80,89,5,-8,-57,35,66,-88,-10,87,-72,-100,-80,-8,9,96,-28,-70,-19,10,45,29,-35,80,97,32,46,-63,-30,-52,27,-42,23,80,-57,-43,-17,-19,69,95,73,67,84,9,-38,-99,-17,26,-2,-51,-17,-92,81,-53,-4,1,-15,-32,61,24,-94,-45,-20,-29,68,24,-63,98,35,-24,89,24
-91,85,26,96,-52,-7,-82,-80,-17,-24,-14,-59,88,-40,38,11,-26,-92,42,99,-40,96,-6,53,-70,52,19,-44,-34,-11,63,15,-76,87,93,27,6,-1,-63,2,-6,89,-1,-51,-85,-19,70,-36,-2,16,94,-77,54,-5,-74,9,-48,28,95,-53,24,10,26,84,-1,41,-15,-5,-15,66,-69,85,18,23,-49,-82,-83,31,-58,60,57,-90,13,23,6,23,-71,67,-99,-26,-69,76,8,99,94,-86,32,-62,37,9,-30
-78,10,-92,-47,1,-25,48,64,-46,-97,58,3,-19,-70,26,-95,-9,-12,58,14,89,7,79,-88,60,-5,-56,48,41,7,3,-5,-71,97,-85,42,-81,76,-63,-42,1,-81,36,66,-49,30,-58,56,-74,-82,69,56,-21,-81,-42,3,24,49,-27,-87,44,-69,58,65,3,37,25,94,-40,-47,79,63,100,-26,-5,29,4,-86,-81,61,-82,-92,17,16,-86,-29,52,36,36,-10,16,-41,34,43,-20,-61,92,59,100,49,74
2,14,7,16,-89,45,6,-15,19,65,-12,-9,9,52,-19,8,42,-15,42,90,-13,13,-27,-24,-55,29,89,35,38,10,63,-22,-62,38,49,8,42,25,-41,18,-7,14,-51,-68,23,14,-52,73,95,9,-83,-13,83,49,56,-29,-71,-72,9,26,74,84,50,-45,59,99,-19,-46,57,63,-94,40,81,-13,47,-29,91,20,-79,87,69,-25,-68,48,22,68,-56,74,25,-14,-58,75,-9,-41,-29,-76,-48,-6,44,-60,22
-11,-50,19,-51,56,-54,11,36,-64,70,-75,21,21,73,-73,-87,-57,-11,-87,61,-14,50,96,47,-63,94,90,47,73,21,94,44,-16,-86,82,75,42,-38,-53,14,94,47,-89,78,-41,-34,10,63,76,79,-16,26,-81,25,-39,-5,-48,37,-49,66,-89,-20,-20,70,-17,-41,13,-68,39,74,-40,98,-61,41,-17,62,4,-91,65,52,-25,-72,24,-62,74,-89,61,94,-80,-75,-10,-51,98,-91,68,4,-63,-82,-55,-48,-6
-98,57,9,-79,-82,-11,-16,-77,-23,-75,39,-54,-56,10,-56,-80,24,31,15,14,-33,-22,90,5,-95,-43,-46,-10,67,98,29,68,45,42,58,-24,15,-57,73,-74,2,24,-84,41,45,20,-91,43,-54,19,63,32,5,63,76,15,-13,60,-43,-82,-90,-63,1,69,90,-54,74,8,-38,24,-89,14,38,77,75,-23,21,15,81,-3,-23,61,-11,83,57,-54,87,-48,96,15,82,-70,27,17,25,89,10,91,-29,-18,72
85,-14,-81,76,-86,65,-41,72,-40,93,-67,54,87,-13,-53,-56,-41,76,4,-26,-52,27,-52,-68,66,-76,-55,67,-45,6,61,32,-99,-26,-96,-75,39,-36,-94,-83,27,-28,-38,15,-84,93,-94,-95,65,-68,65,-59,-91,68,-90,-2,18,53,-86,29,39,16,46,97,78,50,-75,76,-28,70,-99,-73,-76,54,34,45,-69,-25,23,46,12,-7,-92,31,64,21,95,70,18,76,-8,11,76,69,2,-24,50,92,-60,47,43
36,-92,76,-21,20,97,21,98,-68,-92,-93,-75,-100,-47,-37,4,-35,7,-81,19,100,-1,-34,26,82,-34,4,80,36,-51,76,13,45,60,61,-12,-6,29,-26,-6,70,-63,-65,34,-41,-21,24,0,-1,-24,40,39,-95,-13,95,1,-39,11,-15,54,-96,70,99,-76,-22,99,81,75,13,-34,-49,19,58,90,-6,-27,-37,-38,56,-54,11,42,53,0,93,22,-40,80,60,-62,-3,90,-95,86,-98,-51,81,97,16,86,-10
3,77,64,63,81,23,83,-41,-13,71,-1,-16,24,-35,19,36,4,96,-48,-8,66,-72,76,66,54,-56,-2,91,-63,-38,-8,-63,-71,68,-39,-91,-3,-23,2,89,22,4,-69,-67,97,88,63,-88,35,-43,-46,-59,58,73,79,89,22,95,41,-17,74,-29,100,15,-25,67,76,-44,-74,-48,11,78,64,76,-95,89,-98,44,-84,-28,24,-10,-29,49,37,25,-47,-98,86,-61,-88,97,-46,16,-9,-14,-39,-92,99,24,8
95,-46,55,59,-91,66,-21,-94,-54,-76,-5,4,-24,11,-27,-99,-48,50,40,-35,71,-91,-72,30,60,49,-71,54,-60,-96,-27,72,-49,-67,-31,76,39,10,26,-93,53,-99,-65,-87,-79,-54,23,-60,45,-40,51,-24,-52,-58,4,-88,1,93,-67,62,34,23,-12,53,50,-20,45,-33,-43,29,24,70,86,-63,-77,-26,98,-80,-80,35,-45,39,-84,-52,37,54,78,-68,44,73,53,56,72,86,-68,-63,23,-44,-95,-36,-13
-20,-69,-92,-92,55,-58,20,-65,66,-88,14,8,37,-94,-58,15,23,-44,72,-28,28,87,68,15,60,-26,-53,80,-45,83,-36,45,-80,2,-50,-42,-57,69,90,100,82,-16,-10,78,32,46,100,-8,-13,81,5,-57,53,31,-9,45,14,-21,-84,-30,64,-75,28,57,-15,-19,-64,-95,85,-52,33,88,-1,-18,-36,55,54,62,-80,-26,-93,18,-82,-28,-6,-94,51,-51,20,37,69,-94,-40,86,-96,55,-65,91,7,-22,84
76,-62,-20,-88,-60,-72,54,-33,-86,-7,-29,71,88,-51,-74,-82,11,52,5,95,100,-33,-40,-38,-80,-66,-64,79,49,67,-15,-42,67,-72,-33,-10,85,92,-71,-19,-56,42,11,-61,-42,10,99,51,55,-94,13,34,40,-34,-27,43,-1,21,-17,11,61,-6,-19,-56,-9,-29,67,-56,59,14,54,38,82,-88,29,-21,-33,-65,18,-71,-27,59,-36,87,7,-70,-87,28,60,-80,85,-46,-44,-37,-49,87,-39,-63,63,78,63
74,1,-76,89,40,-50,60,-33,-100,-9,57,-40,-40,-74,-31,74,77,-19,-87,-93,-1,65,-26,-64,-40,23,-25,64,-80,50,19,-91,35,8,-3,-80,40,-91,-39,-51,-71,-99,-21,32,19,90,-86,-3,87,-40,-55,14,-52,-60,-87,88,-97,99,80,49,97,3,97,100,-15,76,50,-15,-40,81,52,44,33,68,69,81,57,47,22,76,19,97,46,18,-22,3,3,-21,-90,45,-94,70,1,-22,69,-65,-50,70,59,-55,-24
59,11,62,-96,-54,-68,57,-17,-7,27,-35,-76,-37,78,68,89,-73,54,65,-87,20,-11,52,-2,67,59,47,99,-77,-30,85,73,-83,-41,99,34,42,-91,88,31,58,-93,-76,-19,-66,-80,20,-15,-46,-23,-66,85,54,-70,67,-77,53,71,-15,-76,35,12,69,-19,-42,96,-95,-52,-11,24,-100,79,-91,87,17,79,96,64,64,6,25,-3,-65,36,-53,-34,-23,-57,-75,40,-27,-26,-27,95,-9,-60,86,9,-23,48,13
-40,32,-60,-30,-54,60,90,-38,-45,92,9,11,-19,-77,-43,-95,-71,2,51,-15,-69,9,55,83,61,-4,-55,-57,-33,-82,-82,39,50,93,51,82,1,-34,-61,11,78,57,-25,61,0,22,-54,59,-22,56,66,54,60,64,-76,-71,-39,24,-67,-32,-55,24,-21,56,-98,93,-2,97,-58,-42,-9,-97,59,-52,11,-76,-93,7,-88,-40,79,-78,-27,-41,53,-28,48,55,-4,2,-14,7,9,7,-94,78,12,91,-33,72,-54
27,-34,69,68,98,-8,20,-19,36,9,-16,80,76,16,-69,-38,80,-92,17,58,-22,-50,-53,58,-52,47,-27,96,-24,-95,68,-98,56,18,-1,16,100,45,-30,52,13,66,-86,-75,97,-53,83,-44,3,78,-65,28,-56,3,50,37,54,-54,28,-7,17,-17,7,32,-67,32,74,-92,-20,77,42,20,-48,-59,-54,80,-11,16,9,-11,85,83,15,5,22,-35,-3,-12,-22,15,-94,51,-32,-8,86,2,63,72,77,-62,35
-44,-91,-36,-58,57,89,47,-47,8,-85,96,-28,88,-89,-92,86,78,34,-36,-64,43,47,-92,12,-18,-11,66,-78,63,76,-12,-36,-1,13,-31,-77,44,35,69,76,53,-74,-50,-60,-82,-81,-16,-55,-16,-98,-100,-82,59,-23,-66,44,70,-36,4,20,-6,-28,-47,-65,-11,39,-28,84,72,-20,-52,80,-23,-32,82,-81,-19,-2,50,55,80,99,-47,-31,-46,-43,-45,38,54,-70,91,-43,55,84,-7,45,55,-35,-17,64,-52
-28,57,-17,-53,45,-63,-5,-10,47,24,-18,-11,-62,69,18,80,92,49,-83,16,-65,-92,-40,13,-26,-63,-69,-69,-11,22,56,47,78,-47,62,-16,-14,13,-99,-97,-56,-55,-65,26,-17,7,89,53,-79,-47,-96,-14,3,94,35,79,-34,-43,-87,-16,29,-33,6,-15,-97,75,20,6,-6,66,73,66,-64,34,-87,98,23,-96,-9,-77,-96,31,52,-5,-23,66,-75,93,99,-47,93,71,-90,18,-8,-15,-14,-76,-46,-71,23
60,-34,-34,24,-85,-66,100,49,14,20,92,3,-38,-88,-83,96,33,-17,61,100,-87,-14,25,-17,-49,5,-87,38,37,-5,-20,31,48,53,-80,-55,-13,-44,-56,-69,35,73,-21,-77,10,67,-69,79,26,-32,-18,87,-20,-16,45,77,-85,-84,67,68,-40,100,21,-81,-69,29,99,-20,-53,39,10,-77,-76,55,8,7,19,63,0,20,4,22,66,-71,86,92,-26,-44,-8,80,4,53,-42,-15,97,-81,99,-9,-89,35,-8
78,25,-78,-26,-56,80,-31,-42,6,56,26,-50,15,-59,52,-55,-32,-83,-20,16,-17,-76,-88,89,11,100,-97,-39,81,2,25,-46,-1,23,-98,23,21,4,-2,80,6,-100,43,-77,-12,-43,-10,-29,49,-12,-49,-11,42,57,82,70,-77,43,8,83,-47,12,40,-41,-21,-68,-65,-85,-10,-11,88,-41,-2,15,-76,-92,44,24,-51,-99,-59,16,54,46,50,56,45,21,-90,42,-50,-29,72,46,-58,-37,91,-21,-92,-81,0
-36,-56,59,-14,79,50,-82,-65,30,-67,-11,57,58,-38,-10,3,-27,-63,8,40,57,-69,14,-70,-81,34,-31,27,77,-32,-93,38,19,77,-64,-67,-57,30,28,-87,-46,46,67,48,-15,-3,-48,19,-18,54,38,26,-75,63,-17,35,75,8,-31,93,21,-94,-34,32,1,-87,-94,-59,73,-69,-52,65,-66,-20,-45,-62,79,51,60,-41,84,-49,-67,13,-93,-48,-53,14,35,38,-32,6,52,24,39,54,64,2,-40,37,-8
-5,31,-43,29,13,-28,-30,-65,23,-55,-89,44,-23,6,-22,-61,-100,78,-82,50,65,4,-74,56,29,90,42,-80,78,52,-98,4,-82,-68,-78,48,-42,25,-34,-45,86,59,-11,-26,36,-9,54,90,96,-35,33,27,-37,33,58,-67,-27,-61,92,48,36,42,-87,51,98,95,-98,-77,-65,59,-90,-16,-94,-33,73,5,11,-4,24,20,32,65,-78,92,9,77,-22,-1,100,-38,11,73,24,-17,-16,96,98,-5,73,-90,59
