8,-58,1,-42,58,48,-94,3,-3,87,79,-41,-13,10,1,26,82,87,-26,56,-79,-40,-88,-47,69,-21,-95,25,96,82,-45,-43,-100,24,-9,41,-71,64,-46,41,-44,95,-72,93,-57,-56,-45,-38,22,7,34,-58,35,-96,-5,71,-58,-49,-24,-44,-18,-56,59,-29,-77,99,-99,67,82,17,-51,-64,89,68,33,11,13,95,16,-69,-75,-74,29,21,81,75,-95,48,96,-59,-6,60,44,-50,-78,-1,24,-87,2,-54,80
85,21,-58,31,-13,18,-15,-42,-44,-8,-39,22,0,29,-96,-87,-39,82,-60,65,100,-5,-24,54,32,89,-89,-3,43,-21,-11,-59,-59,-25,-74,100,9,-47,-25,-29,-19,7,-86,41,-62,46,89,26,-6,52,50,-100,-20,70,-91,90,48,40,29,14,41,55,23,82,35,3,-81,-33,-39,-22,77,3,89,5,30,-28,57,-28,-56,-9,-13,19,31,78,22,-30,-51,-58,23,21,-30,100,-69,-41,-57,50,-34,-8,37,39,46
-40,-36,-10,78,5,-22,14,-68,-15,60,-100,22,18,-78,35,98,34,-19,30,10,14,1,62,88,48,29,41,98,-78,47,4,50,48,-51,67,-16,45,20,-61,-40,-25,-27,-96,-68,51,11,26,-36,-41,-93,-62,-17,38,-37,81,15,-91,0,87,-35,-30,-37,44,22,-80,-86,22,20,23,-34,66,93,-12,-99,51,-68,7,-36,24,-21,-72,89,2,33,-15,57,72,96,-53,-6,93,29,-25,28,11,62,-35,85,-64,90,63
79,18,2,100,-8,-67,5,-75,64,4,-2,51,-41,33,94,82,-14,-80,27,22,68,28,27,82,-9,-52,-70,-4,-32,-18,-2,-3,75,23,55,15,79,-20,-44,61,-37,-46,-89,58,24,65,14,38,-75,-48,-7,-83,-46,79,-63,-65,59,49,-26,-95,54,55,18,18,-56,-52,16,11,36,-13,63,98,-99,93,-68,86,83,79,67,56,-39,12,-11,-31,-30,-78,68,-57,-74,-96,26,27,-66,-72,-76,-100,-9,31,-58,73,-49
-34,-72,-17,37,23,44,97,-35,84,11,34,-98,41,-100,-56,96,-84,-97,-92,-61,40,2,42,67,-98,-93,47,4,-9,-61,47,32,1,-69,2,88,-9,-9,24,-38,38,-62,-26,-17,-10,66,13,-25,-4,-38,0,3,-93,64,-33,-92,50,28,7,7,-84,-37,0,50,53,33,18,31,-62,-61,-52,74,88,77,21,61,9,36,52,-21,90,-88,-8,-85,-44,-56,-14,-60,18,71,42,87,-42,1,15,-15,99,-44,68,-56,63
17,36,93,14,-84,71,47,94,-79,36,-85,63,-65,-35,-42,-12,90,16,63,69,57,95,66,-21,-70,24,92,18,20,-68,-23,50,48,42,-3,-23,-51,32,-3,-11,16,100,59,-58,-77,35,-49,20,-67,47,9,-99,79,-27,-53,-78,-19,-65,-35,29,-99,37,-71,63,-92,-50,84,-25,-95,-30,-99,15,42,-51,-32,-10,-76,-13,-94,85,-80,69,-45,-76,-82,68,-86,80,65,24,85,71,-58,-18,-23,38,-43,81,17,-76,-42
75,-76,37,-50,-74,-82,-40,-10,-29,-66,17,10,-40,-45,75,55,22,27,16,-94,79,-81,78,45,59,66,10,95,36,14,10,-30,-70,83,40,1,-50,-3,41,-99,-2,-51,66,-37,-58,33,75,60,-45,84,-21,100,38,14,-35,-24,-18,15,-87,-25,-88,7,-40,-33,72,-98,-97,87,71,-40,-91,-13,77,3,-12,-76,19,-26,18,-50,-82,24,-72,51,86,51,40,84,-31,-31,-69,57,22,-81,82,-82,22,-21,29,-12,-55
-79,51,82,76,76,-86,17,66,36,-55,-59,91,71,-76,-81,-60,-14,27,80,-48,2,62,15,20,78,8,-52,-93,-95,-3,-70,-49,42,66,40,17,-29,-69,-21,66,40,67,9,-42,-70,-99,-61,-47,-20,78,-92,-83,-66,9,-81,35,-34,-77,-35,-9,-39,-56,99,99,99,-68,-26,-10,29,93,71,-7,-68,-70,0,-70,64,-8,11,41,-37,22,-7,89,45,-24,66,9,65,-87,93,-78,-23,-61,-58,60,-70,-13,61,-33,0
-55,-10,-54,-88,57,-64,-9,21,-27,53,-85,85,-10,1,-15,38,28,98,22,-94,48,52,13,27,90,96,2,-85,17,-81,-53,-15,-37,-60,35,51,32,-99,-36,-4,37,18,-34,-41,60,-21,44,-68,32,61,-99,22,85,20,72,-72,-91,77,-14,53,30,-11,64,-28,-6,-87,8,-48,-98,-5,-82,42,-64,-23,25,-93,-18,95,20,-1,35,86,63,96,-99,-13,38,2,-7,-68,98,-75,-12,-89,99,83,-91,29,86,-12,11
76,67,13,14,-44,-39,-53,-47,54,-3,-81,-69,-5,11,7,100,-12,30,-32,-17,80,-93,84,44,10,88,13,-73,-34,-51,54,45,100,95,26,81,-10,-29,66,-77,-40,-93,-81,-44,-53,-38,18,-59,-73,-12,60,66,8,-55,88,-56,-41,-40,18,33,34,55,27,-8,-33,-68,84,-70,46,-62,-59,-86,-62,-61,64,32,-72,-79,41,82,-30,29,78,-10,56,-10,41,86,-7,65,-92,3,-44,-29,25,-9,-9,27,21,95,-25
62,5,-64,-95,23,-33,-23,-66,68,-72,36,-3,62,-64,27,-69,-9,-82,-9,-88,-42,-69,55,81,-4,-64,84,-90,-5,-70,79,1,84,-69,-25,-15,-45,82,-44,89,10,-28,-4,-34,-55,-47,-74,-17,63,-59,31,-58,-88,73,-11,70,80,28,-73,65,67,-6,78,24,52,6,-79,29,56,22,-90,-16,-98,-4,10,0,2,-42,-89,-14,2,-69,76,-25,83,81,44,44,71,73,0,-88,-78,72,96,-80,83,84,-56,45,-26
-29,-45,27,98,31,67,-78,12,-14,-5,91,-66,14,50,-15,2,97,76,-76,34,-49,-1,3,70,-44,22,66,76,4,22,-86,62,45,-98,-98,85,91,11,65,91,-54,-26,28,89,-60,56,-43,0,8,-12,-20,43,-2,-15,-99,52,85,90,62,34,-43,-26,-60,100,54,-54,43,62,-60,-68,72,-4,53,71,1,52,-35,-33,94,-58,30,40,-38,-36,67,32,-25,-68,-94,23,-26,-32,37,-23,57,26,63,47,-51,-5,14
-96,-44,-90,40,54,-22,84,-72,-77,51,-98,25,-34,17,-15,84,-52,58,81,-17,-97,-24,-37,29,60,-95,65,-4,93,93,48,-55,-44,-81,-71,-40,-51,83,-92,-91,0,-69,-76,-44,35,-13,84,27,65,-36,-75,-97,12,97,60,-38,-20,-23,41,46,-52,-31,95,-5,33,-42,35,-39,28,-13,-54,71,-56,16,84,-47,-96,-69,21,10,81,91,40,21,-70,48,-69,-5,67,66,59,-4,53,39,-63,95,-63,99,-66,29,-27
-73,-11,70,39,-62,-75,4,-58,52,42,-42,-85,-87,-32,-24,56,-27,-30,-4,-91,-87,60,-31,-48,30,-8,59,35,36,47,77,70,-1,-19,68,56,-73,-77,-6,56,95,-23,-35,77,81,5,-17,78,-64,94,56,-59,-67,-55,-54,-50,-37,-80,-92,72,-63,0,-57,-39,46,24,-78,33,-81,-4,7,-86,-51,-6,79,60,-91,73,43,-20,-60,-11,15,27,-76,-19,-53,-95,-67,5,-29,77,-7,-88,-8,-49,-46,83,-8,83,17
6,-54,-62,-71,84,-57,-57,-50,42,-14,-30,47,-33,-32,-67,27,-89,-84,25,10,-68,-6,-85,-71,-27,-39,11,-85,-100,21,94,47,-31,11,-16,-99,66,-36,-100,37,-85,-30,89,60,39,-74,94,4,-96,-92,-62,83,-27,-63,-21,-100,-56,-84,81,-34,-55,43,83,-85,25,-6,32,69,47,28,-29,78,61,50,-84,91,-12,16,-79,-96,-89,-51,72,95,-13,64,-66,-13,85,-70,33,51,50,-42,-18,72,-98,45,82,-91,96
-45,-13,32,70,3,-79,-35,-38,-29,-42,-9,99,3,-63,7,-34,-7,-26,60,100,31,-54,25,-21,17,-54,-23,-68,-24,45,-50,92,34,53,-81,98,-25,9,-92,-79,-94,-82,-15,-57,81,82,-12,-63,-51,53,62,42,-70,90,67,87,-13,-66,-35,-52,26,-48,-44,-37,-39,-78,65,67,55,79,-33,0,-76,11,78,-94,77,-72,-24,-75,-85,4,-82,-96,19,-71,9,-45,-19,10,50,9,-77,14,72,74,-27,-24,-77,-17,44
-74,-34,40,73,-88,75,0,-35,26,-74,-33,-68,93,-26,-82,-96,33,27,-56,61,60,-100,100,28,85,-93,-92,-28,-50,21,69,87,-76,-97,76,-21,-83,22,-98,-17,97,50,-71,70,-37,-11,29,-94,-35,58,-23,-13,-93,-43,-49,16,-22,-80,-50,-92,-7,31,-85,59,87,-38,0,7,47,50,-24,65,-78,18,51,-91,-12,-41,11,-25,77,19,-49,95,-40,48,48,18,74,-35,-20,-57,-92,-26,40,-23,14,59,-100,27,-71
74,-34,-27,22,47,43,82,-54,-71,95,41,-61,7,-89,-99,-90,25,4,-62,-33,-88,-63,-59,95,21,87,-51,-36,45,41,92,70,5,29,-6,4,-10,74,-23,-72,28,55,-31,73,54,-28,41,-86,64,-58,-78,-42,19,10,-83,33,-65,-47,-15,-83,36,-8,-53,57,17,36,-18,-97,24,8,-25,-53,-50,-40,-63,22,-24,23,88,-4,-76,28,43,-42,-93,-50,-17,17,15,66,63,-75,87,-21,-29,54,-58,30,-60,-34,48
7,-28,-55,-51,6,-82,-99,12,38,73,27,67,-39,-34,-12,-34,-59,-43,-47,-75,-14,80,-91,-14,14,-6,-69,-82,-87,20,-21,-20,-48,13,-6,-29,37,38,-76,-77,-2,-74,-100,92,39,-61,29,62,-42,46,51,-90,-48,-73,58,27,48,78,-74,-61,85,-18,-82,-74,54,86,-84,-57,-22,-33,-27,1,97,-80,29,-46,-75,-18,-30,-11,36,-72,-73,-68,90,-13,11,51,88,68,-76,46,-84,-26,31,-39,41,55,62,91,-82
3,-36,18,-61,-47,98,-80,-70,-31,-69,11,-68,56,-71,-93,-73,69,-60,-30,-72,-98,-12,62,-12,-98,17,-46,47,-72,36,-32,-33,-48,56,25,-50,9,-16,3,40,6,-40,43,92,-97,67,-88,-52,-44,-78,69,68,-46,66,-10,65,-72,30,4,95,-94,94,87,24,-29,57,43,38,-1,88,47,94,-27,41,-6,-43,67,11,-1,60,93,-86,-70,11,-90,65,7,13,40,-63,-90,-47,84,73,-5,-14,87,-41,26,64,-69
15,12,-72,-21,-16,80,-22,22,-60,87,-54,-79,-32,21,-81,-64,-78,-4,78,-97,-17,49,-2,-9,99,-71,-96,25,38,-87,-51,-62,65,-85,-33,-36,63,-32,63,-27,67,-65,-64,-73,77,7,29,-63,33,60,52,76,63,32,47,-69,70,-89,-30,68,-33,26,-82,-70,-97,35,39,-10,-60,0,-4,-3,59,-35,-35,10,-89,98,-42,-25,26,69,-80,8,13,91,-12,26,-63,27,94,4,56,14,28,-9,69,21,-19,23,13
-93,-97,-10,70,-77,-23,-30,-11,1,93,-15,-42,43,53,-44,37,56,48,66,45,31,17,80,27,10,65,-69,-27,-98,-43,-18,34,35,38,0,19,-47,-69,74,-68,-60,-94,-66,-30,63,-51,91,86,-82,33,25,81,34,14,-42,-53,-13,-79,5,-43,-71,-19,-11,-65,89,-95,65,-52,28,-73,-79,-1,-47,-60,-82,-85,-68,-12,-62,-61,-29,56,77,-28,-98,43,-99,58,-19,12,77,-6,-85,-4,33,-39,1,-29,40,11,97
-30,-90,-91,-18,32,19,-89,-38,6,10,30,-40,-63,-46,-69,54,-27,85,20,-22,10,95,54,-55,-56,-4,-65,95,-52,23,40,-6,70,100,-2,-40,-100,-71,-94,64,-12,-97,43,49,57,-44,70,-19,-70,58,44,-92,-28,-69,-2,62,62,-6,-35,43,-52,52,-65,87,89,-59,52,23,-43,26,62,67,-87,56,-3,-6,7,22,-39,95,83,85,-84,61,16,-63,60,-25,25,-12,92,-5,-86,-39,-3,-61,51,-69,27,4,-20
-90,-3,56,-21,-77,89,-79,88,-9,79,-31,57,-78,-35,-99,-12,0,-64,14,27,-41,-51,-32,68,-8,-48,-53,-6,100,93,57,-13,96,-20,73,-7,87,-4,76,-39,29,-27,-18,-61,-3,-47,94,-12,-51,92,-62,-99,23,25,96,31,-83,90,64,62,42,-87,-55,-14,67,-49,-84,-84,57,65,-77,46,-94,-93,-52,90,85,-32,-60,2,26,9,-31,41,15,71,-9,-23,-4,6,11,-86,36,-50,38,95,57,-19,-72,27,67
-64,72,80,93,-2,-42,-1,48,-10,28,79,-62,100,-66,-45,-29,55,-25,4,-62,-42,86,-51,-9,-92,90,34,23,-57,67,-82,-14,-92,0,-29,-3,-100,12,97,-79,40,99,-57,-66,0,17,-89,-87,-70,-54,8,55,-11,23,16,-83,53,-91,70,-23,60,33,41,32,93,-19,23,-2,48,-83,34,14,-22,-39,60,67,18,-28,0,21,-25,25,43,-43,-3,21,0,-70,-86,-61,97,95,-81,-94,68,-13,25,-98,-26,-39,12
58,44,27,-24,20,-34,13,-88,81,41,8,-73,30,55,0,-33,-79,-88,-79,24,-19,-89,-11,-36,-54,-75,45,-55,-21,-12,-17,-14,-24,65,-40,18,60,33,-47,-60,-5,-39,-67,-19,44,-31,9,3,44,40,-85,32,17,16,12,-74,68,6,39,22,4,74,72,70,96,-82,-86,72,8,-55,79,-72,-95,53,17,-90,-22,-15,28,-2,-39,-47,81,-51,64,74,-65,95,-79,-69,-43,52,-91,-81,-47,26,-99,-55,-4,19,18
-24,-89,42,-42,-64,6,45,51,-22,23,-33,-6,74,-90,88,-73,30,40,-22,76,21,70,-13,93,-91,-98,-14,88,-24,-64,-70,-19,46,-79,-25,-38,-43,-90,97,-29,-12,-79,96,0,-28,-74,84,20,-8,-81,-96,-36,58,90,41,-94,-32,71,81,-60,-75,-43,41,-41,48,15,-63,61,69,-83,-40,-72,-82,-9,-76,6,67,51,42,29,40,87,-3,-24,-46,-8,-34,21,62,88,-1,-78,66,-51,-40,20,23,19,-19,9,-7
-23,2,-17,-18,-74,-19,-5,94,99,63,73,-84,84,-57,-11,3,-79,78,-34,66,-6,99,20,-51,28,18,21,23,-68,-93,54,68,-7,-23,-87,97,15,-70,70,41,27,7,-79,80,83,-1,10,41,13,80,74,99,41,100,13,59,32,-90,31,-22,39,49,-44,-14,72,20,91,-15,14,62,9,-70,-40,-87,-15,-51,56,54,53,64,56,36,12,79,66,93,-19,-12,44,43,-19,-62,34,-20,20,-59,18,7,22,68,-48
-32,-25,-61,-82,35,50,-65,34,-96,98,99,-4,42,84,98,48,11,31,-14,-9,-15,14,-90,69,74,-87,58,8,19,-34,36,92,66,-29,88,7,-56,-56,47,-76,-82,-52,-88,21,42,86,-77,-91,24,-24,21,-61,34,-74,-84,-21,-79,3,96,42,69,93,76,86,-31,-4,-39,91,85,-77,81,32,23,-12,-57,-29,51,80,-29,51,69,-10,95,-84,41,53,48,85,-80,82,-23,-62,54,60,5,7,-60,8,84,32,-84
55,53,-12,-100,8,25,45,-54,98,32,-73,21,-68,100,-90,1,-77,-77,-13,53,97,24,14,-61,-49,38,-67,-65,33,-56,5,43,-98,-88,85,-83,-43,31,-64,28,39,-48,-35,13,-61,-46,70,31,-67,94,23,-34,-43,23,36,56,-98,21,-70,11,85,3,-1,22,50,-87,-1,-8,8,-73,-28,9,-33,-22,14,4,86,48,-19,79,58,-11,58,-11,70,0,12,13,-12,-16,-47,74,74,39,15,10,-60,-70,-54,-99,-27
-13,8,-79,-24,-92,44,97,3,46,-21,-55,49,97,-27,-25,76,58,-31,12,-26,63,-7,39,-10,24,-56,-53,-7,95,90,-96,-100,5,-49,-64,51,-44,74,26,64,88,-54,-4,62,2,16,-14,-75,67,33,-21,23,44,52,43,90,38,-62,12,19,74,70,28,-95,50,17,82,77,21,56,-15,-95,-49,67,67,21,29,93,-63,-99,-88,-69,-45,13,35,83,43,-35,67,-15,-75,-34,70,-87,45,87,28,-49,-6,0,2
-76,-85,-51,82,-93,-21,-39,73,33,60,64,-13,69,-70,-15,49,29,-6,-88,3,40,-51,-93,-11,63,-24,51,-61,19,-76,-95,83,23,-26,53,3,100,6,33,94,100,32,16,69,1,78,-69,82,37,18,37,35,-7,-24,-86,57,-57,-92,-1,-50,18,1,-74,-98,56,-56,12,-18,-27,-92,90,4,-60,92,-28,-6,48,-15,20,-2,64,-99,-47,-19,88,-59,-1,-36,-13,-39,-18,74,20,83,25,-11,-37,91,-6,-93,-27
92,26,-72,67,12,48,99,66,-61,94,62,96,53,49,-11,-91,-65,9,64,49,-8,-34,-20,62,-19,-9,29,69,-34,-77,-45,94,80,-68,-82,-33,-18,96,21,81,37,-52,-69,28,-77,-47,2,-73,-11,35,-49,-61,39,3,78,88,95,76,0,56,75,-6,18,59,42,-93,-74,9,-23,19,-94,-13,-18,-11,100,-81,-24,78,-85,-95,-95,94,80,-96,15,-51,62,-21,-87,-19,-3,51,51,70,61,-39,19,-70,11,90,38
30,-50,-62,59,-96,77,-21,-31,33,-5,-90,-40,89,11,14,-100,-28,73,37,36,-32,59,92,40,-28,-98,-76,-12,-90,-26,-14,-8,-97,-65,-65,56,80,89,-87,-73,42,100,-25,-89,26,43,-32,76,-74,88,21,12,-9,-22,-84,-97,-80,3,-27,-57,34,65,-41,-48,11,-63,-97,-27,-8,13,69,52,-10,56,25,-93,79,14,-99,56,-4,-18,-86,74,-31,46,-54,-54,78,72,25,-68,45,-67,50,33,-64,-5,-47,-67,59
22,25,-18,-35,7,-78,38,88,20,-52,-95,52,70,6,-86,49,-73,-80,-4,-70,19,-28,-80,-50,-96,56,-15,5,-2,-30,43,43,-36,-85,18,53,-45,5,-100,80,-56,-95,57,67,-45,-41,-98,-45,-21,76,27,60,86,-26,-64,69,55,-85,76,94,70,-1,-51,-32,-72,21,-39,69,-30,46,-35,-36,-48,-30,-76,-67,-11,33,29,14,23,-76,31,1,84,-90,-2,73,79,74,-28,96,72,20,100,50,-47,68,55,4,87
-94,91,-22,-65,-90,-27,61,-87,98,40,-91,-6,-73,-10,-16,-95,55,8,-91,-52,-13,-85,39,14,-86,45,-10,-5,23,100,75,52,42,57,99,21,-67,3,6,-83,50,-2,-81,-58,5,-69,90,-50,13,-66,51,86,-97,-79,-9,-40,-9,-84,-1,-6,-37,-97,-14,-45,-94,-72,10,25,17,-15,47,-95,-19,-41,-83,-1,52,52,-40,-76,33,63,-21,84,30,39,-92,28,-21,35,38,27,76,-25,-66,-93,-9,-13,45,40,61
70,-88,-2,-52,-65,-8,92,24,-100,-100,78,-67,58,7,93,50,36,59,72,96,-89,99,59,14,-41,-36,-56,27,-21,72,-58,13,96,67,-34,-60,54,20,6,-8,58,12,-22,-92,-36,38,42,96,-6,-26,-58,95,8,22,63,-27,-7,-76,80,-86,-25,78,52,62,-26,-39,-34,48,49,-93,-27,-42,57,11,60,28,-24,42,39,-35,33,18,7,24,-29,5,-9,91,13,48,-62,44,54,50,45,-81,-96,-44,59,-93,-33
-61,-72,50,86,-97,79,60,94,-15,-27,-7,35,-28,10,78,-6,6,88,20,38,-76,-61,-79,42,15,-39,76,-64,-14,1,-96,71,-95,17,-78,-34,-32,-73,28,37,-66,47,12,38,30,-74,-65,-56,-22,44,6,75,-80,-31,58,-13,-47,61,-76,96,-25,-58,-28,33,-27,-58,-63,60,51,-74,17,98,10,-65,37,93,-38,11,-62,9,-93,75,-67,45,-86,-46,-27,56,17,-70,-26,27,93,88,-44,-4,-6,49,20,63,2
73,20,-95,-68,-37,-19,-45,74,26,59,-89,-50,-40,-69,-67,-20,-82,-31,89,-54,16,67,-33,-7,76,41,-79,-29,-18,46,19,16,-49,23,-43,63,-87,15,-3,-96,-6,87,-72,-50,12,-100,99,-27,-41,71,10,12,11,40,91,-62,-48,87,58,-70,84,50,-84,-27,-7,-76,92,98,12,92,-68,8,90,78,23,11,51,4,47,-4,63,-12,-9,17,80,-8,68,24,17,-29,-87,-57,-43,-56,89,-31,15,92,-57,74,-80
44,-89,93,33,-76,-76,-82,-54,63,-34,-100,-42,22,-86,-13,10,-40,-66,-45,31,-49,-83,89,33,-98,9,-75,-14,32,-41,-17,-51,2,-75,65,55,15,-63,35,98,-20,97,-52,-97,87,80,73,67,-22,-89,30,5,-21,-30,-70,-81,44,36,51,77,-45,45,-33,-21,-64,22,-18,55,74,-57,46,10,-48,-28,54,-70,-33,-45,-17,-56,-30,-38,-58,59,27,-15,-19,27,-3,-46,-67,-60,9,6,-3,-76,-49,-16,80,-54,25
-100,24,27,-98,-48,-31,13,31,-2,71,-51,-66,7,-80,60,-27,23,24,34,-61,-39,37,89,13,19,-70,-84,-98,80,83,0,8,78,19,81,-58,13,-99,26,56,-89,-25,-4,-28,77,-91,82,16,-29,69,42,26,-71,-71,25,-7,69,75,39,-64,99,29,-99,45,-93,27,78,99,-85,2,95,-33,97,-93,79,-49,-73,17,-30,1,4,-21,34,94,9,36,55,-35,50,58,-75,-55,62,-2,-69,-42,-50,66,-82,81,-25
88,-71,-81,-71,-62,-98,98,-36,99,40,82,6,-86,-94,33,-78,-36,59,27,-38,-98,22,-74,-94,48,6,-99,26,43,-34,71,32,66,-40,89,-15,-30,90,-22,-70,-2,16,-17,32,-90,92,-22,-4,96,-77,10,-33,47,31,-56,-33,44,3,-68,59,66,-66,32,61,5,-70,-20,52,-13,73,-19,40,28,40,-73,85,96,-4,-83,1,37,52,16,-63,-38,27,92,72,-44,-81,9,8,-33,-4,54,-40,-96,-23,58,-82,-20
-87,81,6,-49,67,33,30,43,-44,67,72,-63,9,-22,-76,-9,35,23,-26,66,-29,2,-45,0,66,62,1,-75,64,44,-14,91,71,22,-65,39,28,34,-44,-23,-63,17,95,-90,-2,-4,63,68,-20,-35,17,-22,-92,1,74,-29,-22,93,4,-45,-14,-69,77,72,-99,50,6,-3,-34,100,-60,26,-55,-71,-15,3,-62,55,-100,81,7,-34,64,21,-31,-67,23,-52,-23,58,86,13,-79,-54,90,-95,29,-80,-23,64,32
-57,-74,-8,-69,-31,42,-30,8,4,75,-50,30,63,67,-55,74,100,22,74,1,97,50,12,-56,-27,38,40,-77,-44,-72,-8,2,23,-19,-60,80,72,-97,-16,-88,-58,-59,-86,-51,-59,35,-12,41,21,47,-3,-10,68,75,92,-9,2,15,-9,38,67,3,60,29,-28,80,77,-81,-21,-68,-43,-21,21,-9,-72,89,1,71,51,72,23,-64,-17,71,36,67,-99,68,100,73,29,-28,-52,39,35,-7,-51,17,-1,-26,14
58,40,-94,43,7,-57,-3,42,-44,23,-38,-47,90,90,-18,-40,49,86,-4,30,8,1,22,-77,-27,-11,36,-41,-38,14,6,-87,-39,72,-95,-89,67,-79,-34,49,-56,-71,-35,-98,19,-31,-96,-34,-22,85,-54,57,-60,51,-36,70,24,46,27,83,-51,19,-29,-63,-59,11,-63,97,-4,60,-77,73,-58,-72,-16,47,6,74,-95,-69,49,-92,-65,91,99,40,9,-65,-72,-80,87,-63,-39,-31,93,38,-4,-44,-23,-87,-4
27,8,-69,20,38,72,-56,-18,-94,-70,-48,-81,98,34,57,-54,-82,62,-40,94,-82,9,-92,91,-82,-88,52,-26,-7,55,-62,75,23,-58,36,-81,-64,-44,-62,-72,70,-45,-1,-73,0,26,-73,84,-25,92,7,-54,20,41,-5,95,11,92,-74,-73,18,64,36,97,69,62,58,86,-68,-40,-58,-15,-85,-70,83,-80,-61,56,-45,29,-3,77,-92,23,57,85,-49,-74,21,-75,20,-97,-11,2,-69,-94,37,22,-20,-98,19
47,-92,43,-75,39,77,-10,-55,-78,37,7,51,-81,84,31,-57,63,-18,-68,92,52,97,-26,38,-50,-29,-76,37,-76,-80,-65,-6,82,58,-54,59,81,26,83,90,-53,-43,-78,81,-100,63,71,-88,58,16,-26,-50,39,-21,-17,46,-79,75,6,-42,43,47,69,69,-53,-51,-8,0,-96,-51,0,80,-51,-56,-58,-14,-53,66,-21,-13,88,99,-51,-79,62,20,-22,95,-74,-15,-40,-64,-76,75,36,-94,-50,-71,-5,63,15
-90,92,-65,-97,31,-7,16,5,-100,-26,62,-64,-90,37,-72,18,8,93,11,37,63,70,39,87,15,28,6,0,22,-77,-25,-73,-26,20,-69,-41,-84,-55,41,-46,-75,-57,-18,23,15,98,-85,-91,74,47,-53,-46,-67,53,92,-86,91,59,-48,-32,76,-89,20,-79,31,-65,-97,29,21,-70,-59,72,28,10,-34,64,35,-73,-21,-51,11,66,-21,-100,37,36,27,-61,-48,96,46,80,21,-4,71,-6,32,72,54,-44,-39
-39,-22,48,76,31,-100,84,68,-12,-62,33,-55,25,-70,-66,39,95,-5,28,-68,47,94,50,-43,97,-19,10,21,-71,22,47,79,93,53,-6,-7,84,-8,61,-52,5,58,-99,81,-56,42,-46,31,71,-30,-41,-94,-76,-40,88,-58,77,53,-87,25,57,98,41,-37,32,-96,-8,-42,41,49,-52,14,53,-32,100,14,-26,61,35,-91,-54,-33,97,54,91,-93,31,87,-45,-93,-92,26,-43,96,64,-68,-20,87,-4,-40,-28
-14,-42,34,37,-23,25,-22,97,54,11,44,12,-57,-28,-69,-98,-87,-87,-63,44,2,-85,57,-82,84,-34,12,-60,33,-91,-7,-26,39,59,-93,-29,93,8,58,-18,-75,-88,-11,-94,-92,-27,57,18,18,79,-99,7,-95,60,83,-58,-46,-34,9,62,45,64,43,-85,67,75,-7,-39,-13,27,-33,94,-62,-27,-1,25,65,-15,-87,-27,42,71,60,-57,29,48,-13,59,-65,-14,79,-87,42,58,8,12,55,-18,83,-50,-62
19,-61,13,81,31,-72,-31,-66,93,66,-39,78,-54,-89,51,70,-86,-85,-55,98,-61,-6,27,29,36,-87,11,58,82,-85,96,40,-91,24,-36,43,-27,56,21,-99,59,-66,67,-51,-61,-77,97,-48,-100,-65,75,66,32,31,-87,33,-23,-57,-57,-32,-15,48,-100,-16,45,-43,12,-80,93,82,-4,-45,-37,71,-87,-24,-79,92,32,45,-94,62,-88,-28,79,66,-35,91,85,89,-88,48,39,-12,-85,85,97,-4,14,19,-46
-42,58,32,12,-28,67,-39,31,73,-8,-13,4,67,-89,55,85,-98,30,-91,-54,50,-38,-7,-85,59,-71,-80,-80,30,-81,70,30,95,40,45,100,-58,6,7,72,91,38,-12,39,77,82,-57,-32,2,40,-59,-28,100,-80,-46,-58,-80,-97,-70,-30,-72,-42,33,71,-85,-75,-11,99,83,93,-66,86,-95,97,-32,70,59,10,56,58,-59,71,49,5,-29,62,-44,75,-16,24,55,-75,-13,96,0,5,-15,-15,71,-4,-21
58,-76,16,74,30,-61,74,-35,-96,3,-91,65,69,93,43,-67,46,28,61,54,63,62,-78,-28,-4,-42,-66,91,-38,-85,28,100,-67,-94,-71,3,13,18,72,94,-48,-37,-50,79,61,-53,100,-99,-23,15,-3,19,66,19,93,16,-68,-60,44,-54,-72,-4,-55,-71,57,6,-91,-3,-99,97,5,-16,40,-78,78,48,95,72,18,41,32,-85,65,36,97,43,35,-56,-25,81,-20,40,48,-14,36,-73,43,-51,69,-4,36
100,17,67,-76,-93,-99,-1,-30,-88,38,67,68,-92,-35,-20,85,7,-18,87,-53,-35,-33,47,64,50,14,41,68,40,-98,-21,-55,18,-29,42,-76,-42,97,-13,-52,-45,-22,-89,3,-86,41,-27,-44,5,29,-22,-86,53,-52,-27,7,-87,22,44,-52,-17,52,-67,76,95,-77,-81,-41,23,-97,78,-51,-59,-1,35,43,30,-27,89,-48,-54,-11,-35,-94,86,31,89,-72,-59,-5,-80,70,87,-40,-65,-90,-32,-23,50,-82,-95
-19,-82,-67,-87,-98,16,4,-21,-89,73,40,74,-68,14,95,88,-46,100,-31,4,-4,-14,-81,-9,-22,-77,-1,0,75,93,-81,-85,53,-38,-92,-63,64,19,-90,9,-3,-94,-59,-23,-82,71,-55,-83,-8,78,57,53,-37,15,-75,-39,-15,-13,-84,3,11,96,7,16,69,43,-16,-94,-34,-96,47,76,-54,-85,1,92,49,-38,45,96,-38,-30,32,-17,-20,98,-16,-80,-94,23,-60,81,46,-1,-6,76,-58,72,72,-33,55
-23,-66,-62,79,-65,-100,-84,-63,-47,72,46,-99,-99,55,-56,52,-95,92,-14,74,94,56,40,92,37,68,-94,88,-1,6,27,59,41,88,-9,-63,39,33,3,92,-55,-8,23,32,-41,65,56,-76,17,24,59,-94,-2,95,-4,-97,41,-83,-17,44,66,-27,-49,-3,-39,96,-40,-75,-50,-13,46,7,76,81,-20,-94,-47,78,-56,-82,-85,-44,-54,99,87,-29,11,96,-100,-43,46,37,9,36,12,23,-56,97,-49,7,-77
-73,-9,62,99,100,91,85,56,-2,87,15,84,-35,80,1,42,41,6,-62,91,86,-65,26,69,-8,96,89,76,-79,-46,24,-83,-94,77,19,-69,94,-6,-97,-23,-71,-97,-38,73,47,57,3,-53,-26,35,-65,-89,40,10,-25,-45,-18,97,88,42,30,-61,-73,32,91,42,-69,50,-88,-11,-67,5,-79,75,50,78,80,-31,92,89,-30,-79,5,75,72,11,23,-10,-49,-62,-2,25,-54,37,-62,-32,20,8,87,-70,-67
69,-96,80,76,-65,95,95,-20,-34,11,-58,15,-57,86,34,-39,-17,80,72,18,40,-42,-11,92,9,-3,10,-51,74,-57,76,-99,-69,9,80,41,-42,61,-85,28,-16,-2,96,-39,-68,100,-39,-60,-55,-53,6,-62,-58,27,-78,-49,35,-72,24,-28,-67,-43,-3,57,43,-35,43,22,82,-14,25,92,-8,-63,99,-29,5,-68,75,-6,-42,-26,-76,-81,59,55,41,26,24,81,-90,-28,36,-97,94,-82,73,-28,-33,57,82
72,96,-65,2,-80,61,30,-86,-66,53,44,-46,-67,-36,91,-30,-20,4,15,8,16,-84,44,83,39,78,-39,84,-67,67,63,-42,23,-38,-53,76,-18,7,40,-83,30,-5,-2,-20,23,-47,-87,-87,-58,46,-57,22,96,30,18,4,-82,2,5,18,54,-95,91,-73,73,-45,50,90,87,82,-18,55,-82,-32,50,19,44,39,76,-70,7,-67,-93,-54,-37,-100,-64,-80,-98,-26,27,65,24,-53,-19,-2,-41,35,-24,-5,45
46,6,22,-73,-36,25,-37,41,11,-48,72,26,82,15,45,52,35,83,33,-1,71,-11,-55,-49,-2,-11,13,-59,43,-88,54,85,-20,-38,23,-1,-21,-23,8,-72,71,-28,14,-6,61,-39,83,53,-32,-89,57,58,-17,95,-25,-28,-33,4,-68,25,-64,13,20,86,-47,59,-38,68,60,-70,72,-80,43,26,61,100,-87,-34,-93,-6,-71,50,44,2,-49,-61,66,71,-66,-99,63,94,-56,19,-68,69,-57,62,33,80,33
27,38,-40,-16,65,64,-14,-12,59,41,-61,11,70,92,61,-91,-76,-45,5,-6,42,26,-21,94,-15,-67,-30,32,-22,-49,33,-75,55,-92,-20,35,48,95,58,47,-49,43,17,-7,-60,83,-59,69,43,4,63,-4,-34,-84,52,-93,-47,-98,-51,45,82,-22,-48,43,67,5,55,-34,-53,15,-81,1,36,77,-55,-78,-50,50,18,82,-75,-10,40,-14,56,-89,-57,-92,-81,25,-50,95,-96,14,-44,-59,-50,-56,59,95,66
-89,88,89,28,-89,13,35,22,39,-46,60,-82,62,60,-61,56,12,44,89,27,77,-6,24,-47,-95,-20,6,-36,-76,-3,-17,100,-63,-83,-9,71,31,-8,-99,100,39,54,-82,42,-46,-6,-64,26,5,-42,99,-60,-26,67,-70,90,-60,-1,8,-95,-32,-98,-97,-40,75,-4,20,90,6,-99,-11,-83,37,-71,67,8,-99,-90,39,-7,99,-58,-3,55,59,25,11,-94,87,57,71,54,12,-81,-59,-58,-49,36,11,-25,-90
37,68,-80,75,-56,-84,42,54,97,45,11,73,-94,-37,-54,-85,70,12,10,41,86,-93,67,-35,-59,-41,98,92,3,39,77,-52,79,7,-5,-53,45,32,-40,79,42,12,-48,35,52,42,-11,24,-61,-10,-91,4,53,-66,1,-91,59,85,26,91,85,31,-16,-53,-19,83,-67,60,-19,42,11,-82,3,-6,65,79,68,-70,-27,-1,-56,32,10,12,-76,50,33,58,-27,-22,49,-72,-97,45,97,97,-32,3,-89,-42,-45
-60,92,-18,-77,-90,12,19,-88,93,91,-71,-73,-50,19,-58,-80,-95,-50,-64,-47,-20,13,99,-52,-82,70,-39,10,2,-47,-65,57,-50,7,-56,-38,-40,-80,-58,42,66,4,-26,95,85,-23,-87,-80,24,-29,-39,-26,31,14,-48,-90,7,18,-7,75,19,-18,47,55,-12,16,-48,-86,98,44,-84,35,-60,-39,60,-11,-68,58,85,-48,-1,39,-67,-74,-12,-91,-38,-40,70,-41,-73,-12,16,52,-65,95,-97,-38,-46,-84,-12
18,66,43,-73,-25,46,-52,66,-21,75,-6,15,-92,-58,60,38,59,19,35,53,28,57,80,-87,6,16,-81,-43,38,88,-66,100,-86,-74,33,66,-59,-88,-47,-40,-95,-56,-93,76,79,35,3,5,-41,-47,-54,-42,27,30,96,59,-67,76,88,92,-14,-1,76,86,48,17,100,-67,-34,65,-23,-72,-75,-92,66,-37,-42,-96,46,-79,63,60,-82,-76,-85,-83,95,-8,97,67,-50,88,-82,-72,99,61,34,54,-29,-32,-34
48,95,68,42,66,-76,7,74,-12,-73,-6,32,-95,34,-83,-13,12,8,-50,-54,90,-44,-80,-28,9,-8,-89,-4,-3,33,64,-59,-2,-84,19,82,-7,-98,-38,-93,86,-86,27,59,-17,-41,0,58,36,-36,-61,-100,44,-16,18,89,40,-1,-61,-36,7,68,44,-30,99,98,84,-85,56,76,-31,5,-8,-7,-48,-54,65,-64,-1,45,30,37,83,-90,-22,89,35,77,73,-95,16,39,13,33,-51,51,-39,-15,95,-51,-80
59,-47,53,29,-57,-21,15,-20,-22,-43,-32,-34,30,19,25,-51,-19,-64,-74,59,83,69,97,-92,5,87,8,-83,13,88,13,-85,67,2,81,-8,2,29,23,-3,99,-33,-78,13,95,0,10,81,-91,12,-45,21,4,96,10,69,64,60,-66,-88,-7,-70,92,60,55,-74,-4,-64,-74,40,-4,32,42,-61,-73,-28,-16,23,14,82,-23,-10,-99,19,-10,-18,-24,-51,-78,-73,77,-8,-48,45,-83,31,29,-81,53,-65,26
14,20,-87,35,2,17,-95,0,-50,86,60,42,-54,79,56,-39,-71,4,89,13,6,-45,30,-72,-36,81,66,-13,-7,-15,-57,-97,49,100,-91,-15,-64,97,-44,-99,-72,55,-2,-99,-32,-28,37,-86,3,-71,-29,76,-21,55,-77,-35,3,-28,-62,-14,50,24,-71,-39,75,65,-36,-42,18,72,-54,-37,-14,-6,-23,48,-13,-57,50,74,-94,-33,91,24,79,61,-97,78,-41,-98,-34,13,-57,50,-52,-34,-61,-87,-94,-12,53
-97,-70,87,-45,44,-49,-14,25,12,48,-3,-85,-24,-58,98,-85,-7,-9,62,-44,-66,42,-23,-3,-32,100,-96,-42,-74,-9,-81,79,81,-29,-66,-72,2,72,91,61,53,21,-22,61,-63,-92,-16,41,43,-64,-66,42,-98,-1,-19,15,75,-26,-40,20,-71,-14,-4,57,-33,23,92,47,6,35,65,88,40,-80,72,-30,77,97,-46,52,28,-85,72,78,-31,-57,28,-51,58,-18,17,-17,-76,-3,-45,-14,45,-57,-42,-24,40
45,24,65,44,66,-34,25,-79,91,-57,20,24,76,-100,71,71,-52,-8,25,58,-84,-64,-31,69,32,-91,-63,29,-85,61,-96,35,-63,-55,39,95,32,-69,-56,61,-97,-92,86,-72,-4,90,10,-3,-97,66,10,-60,25,41,-1,77,-65,99,18,90,-66,-15,24,-34,60,66,-45,-59,0,72,-97,24,75,-85,21,30,-72,-39,82,39,69,-24,31,46,58,9,-98,-6,-3,87,-9,-36,80,40,30,21,-43,15,6,-67,-47
-7,77,-78,58,73,18,-83,-78,82,-42,-50,14,-51,-75,17,79,4,84,30,43,84,77,15,-92,-100,-73,56,-40,39,-77,-75,82,-74,70,5,-91,100,37,87,91,35,-98,-16,44,-42,-52,-52,15,-45,100,56,16,45,60,-60,77,-76,24,39,-66,-78,-78,87,49,-23,34,65,-60,55,-28,-3,-30,28,-28,49,-31,-70,-37,83,-4,57,-55,-77,-14,66,97,-72,65,-1,37,-1,41,84,7,-78,78,-73,-44,6,9,-65
74,-42,-53,-4,39,-10,-40,16,56,-70,-98,-79,48,-77,50,-14,91,29,22,76,48,-5,100,32,64,-25,82,14,-70,96,85,24,-56,16,-36,-3,-93,-66,97,46,57,28,-7,47,-43,-17,33,-71,26,-28,-38,-69,-34,-27,76,99,99,-55,-62,40,69,12,-99,-92,-8,99,19,-54,-90,79,-45,22,-49,76,18,100,-90,73,-11,-98,64,-99,15,-78,-28,40,30,-48,-79,-37,69,59,31,71,-68,-50,78,-6,1,4,-6
60,-82,-20,12,-31,-95,-61,94,-68,-36,-40,-59,-100,40,-71,-1,43,91,-56,-91,-38,-97,-36,85,3,-55,55,-39,70,-97,24,-48,4,23,76,-35,-19,91,-83,-4,-3,12,17,-34,-66,-15,-74,28,20,27,83,-40,-42,-65,-82,-6,51,-86,73,74,34,92,-29,97,21,6,1,-24,-77,-5,-90,-58,-39,-64,-54,44,15,84,-95,-77,-13,73,-2,-12,62,76,-21,-89,-80,-82,35,73,-10,-76,-62,-61,21,57,-19,99,-46
-50,-19,49,-43,63,-81,48,-18,86,36,61,97,-15,15,-41,-29,9,-74,-35,2,-77,-82,7,61,79,-63,72,80,-24,6,16,-82,-44,-95,-17,-77,-75,8,39,73,-83,37,-9,68,11,23,-53,15,-93,61,-32,-55,64,-88,83,-81,-62,-43,-60,-25,-48,61,-22,36,66,62,84,99,75,-28,-13,-42,62,-98,56,11,-14,-32,-92,79,-87,-59,-11,-24,-73,-69,26,97,11,69,18,-82,84,43,10,23,18,70,77,71,53
36,-47,7,-93,-95,-39,-66,12,74,90,5,49,79,-29,-70,46,-94,-39,-98,18,-11,-31,97,87,-90,35,41,-93,-55,-7,79,71,62,-78,-41,-43,-51,-34,-60,-10,-46,73,50,-9,-23,-19,-6,36,54,-63,84,21,29,-83,100,-20,-88,7,-74,0,50,81,-40,-77,-30,-52,-40,-58,38,45,62,93,57,-76,29,-22,9,11,-11,55,48,-51,82,-43,99,-53,-100,66,41,-87,-9,-90,-10,-17,-68,-99,-99,-12,51,-54,74
0,45,-36,60,-23,-47,29,15,-87,79,40,-23,12,-9,-72,96,23,-35,-34,-37,9,-20,1,88,-46,-43,52,75,32,72,2,-26,-40,-89,80,-87,-60,71,-15,14,-90,44,56,-52,-26,80,64,-92,-84,74,-84,-20,40,27,72,-50,71,-91,-35,73,63,37,-42,-45,90,17,-11,-9,-31,-8,-96,8,93,-99,-17,59,-61,-57,-76,26,-26,38,-77,38,-83,54,-84,66,-42,-25,9,54,100,-50,93,-14,-85,-94,80,-60,-64
36,46,91,6,59,46,3,-14,39,-37,6,-60,-92,-68,81,-73,-23,7,13,-99,31,-13,-56,3,77,34,-6,60,-77,-27,33,-15,-27,9,48,-59,-43,60,-66,27,75,79,-13,-9,-20,59,74,18,17,79,-41,63,-26,-42,25,-60,29,78,-100,-90,-7,95,-73,-98,61,-68,-3,83,-13,43,16,78,28,9,-1,7,94,-87,-29,-61,38,-94,74,74,57,53,-24,-95,-12,-45,4,-94,61,-32,43,13,50,58,96,45,-1
12,62,-50,-59,14,91,1,-39,77,-10,-64,5,5,-51,17,-48,-83,-45,-29,24,14,-30,-100,49,-80,51,54,-30,51,25,-20,-20,40,-46,-80,-6,-76,7,-38,46,46,-65,80,56,-97,76,83,49,94,-96,-53,54,2,82,48,36,-92,-59,81,-68,-48,-28,20,38,30,-94,41,7,-19,-79,-22,-12,13,1,-73,70,-67,53,75,-17,85,-93,-49,-4,52,-97,17,53,-60,-100,64,-21,15,-70,16,79,65,-24,-23,73,77
-3,-70,74,0,52,-63,53,-65,85,3,4,25,-20,44,-92,63,18,-5,-98,78,-45,89,24,-84,10,-16,-93,97,-23,-97,12,96,4,-50,44,37,-19,-35,-32,74,44,-30,27,85,-71,35,-39,-34,-62,25,-88,58,69,-11,-15,76,63,57,-10,-78,99,-75,8,61,57,-97,21,61,-67,48,-60,-76,-41,20,-78,47,70,11,-73,-91,31,27,8,-80,-74,70,-36,-55,-58,-5,18,58,1,56,-92,58,40,-60,40,-98,-54
37,-28,-13,-89,-51,-4,24,-13,-40,-43,14,83,-89,47,93,71,26,-68,-75,-85,37,-88,71,72,5,93,-3,19,34,-60,51,-89,54,98,87,-12,40,-5,-89,24,-66,-5,-31,-1,-45,-12,-71,68,-47,-48,-38,20,95,-99,-62,59,23,68,-65,-75,-28,83,-60,-73,56,11,-43,-71,17,25,-85,-3,27,-1,17,51,-46,-98,61,78,63,54,91,-22,-75,81,-59,82,57,80,99,55,88,86,7,-27,-94,-22,20,-97,34
18,77,-39,43,34,-6,-85,32,78,-61,38,82,-41,-2,-88,-51,-16,63,-88,-94,-30,-84,1,-93,-54,-65,61,77,-76,88,-77,20,77,95,-11,-61,-13,-56,-62,-78,72,9,-74,-24,-81,44,41,61,-21,74,-54,-43,-51,-60,-3,95,26,-83,-81,-50,4,33,60,-16,35,-38,60,-33,-99,-82,-76,86,38,-2,-32,-89,75,-15,-8,5,-69,-6,-8,43,77,14,95,-97,-15,-62,87,-24,-39,-49,7,-56,-55,0,-34,-71,-90
-52,-12,-13,41,8,52,-71,73,-9,-82,74,-13,31,74,5,76,-23,-26,60,66,5,-77,46,19,-4,-92,80,89,98,-98,-37,-12,21,-27,-16,27,-81,62,-33,6,72,-4,42,67,-92,66,-75,-12,-94,-16,-72,29,97,14,55,-22,-44,-28,-61,-20,-15,2,-88,15,-30,2,15,62,-98,59,80,57,29,-69,21,-63,95,-6,-92,17,68,13,-91,-98,72,-69,-99,61,96,-81,-84,-48,96,-76,16,82,-27,29,8,-9,-74
-64,54,-37,-28,80,-15,51,-84,0,-99,-62,-25,-27,-29,-44,30,46,27,-37,76,-67,-42,43,29,-96,67,49,-39,58,73,5,34,-22,48,62,-44,-84,-60,-77,-6,-98,79,70,-68,27,68,-34,-58,-64,99,-83,65,-25,75,99,-39,-100,65,-76,-84,5,93,-30,55,60,80,4,-34,55,88,-18,-6,29,49,-36,-91,-33,-51,-92,-75,62,19,18,-86,-67,83,88,-89,-78,12,57,79,-6,-18,-92,-29,22,-46,-38,51,-38
19,36,-8,-92,38,5,-71,-58,-66,-98,49,-18,-89,88,68,-72,-29,-17,-18,60,-87,92,-65,58,-28,35,-52,15,-7,96,-76,55,-70,-57,75,100,-44,39,29,62,36,-17,-96,26,52,-89,-92,-28,-28,30,-77,47,-47,42,-75,70,10,89,-36,100,-71,31,-16,17,-14,-47,74,-47,-34,42,-30,-75,7,34,57,89,-34,-75,58,-88,-36,-49,1,93,59,-95,57,96,-68,-45,75,-50,-19,32,49,15,28,77,43,-73,62
-33,-35,-83,-29,77,-11,-69,-55,9,80,100,-31,68,52,-15,-23,-92,73,98,35,-25,-14,39,58,-33,55,-58,-37,15,-65,27,33,93,15,4,-54,-45,-55,57,-100,-23,54,9,-86,-57,-21,-85,48,67,25,-43,-45,-35,73,-40,-36,-3,-54,51,-30,-57,-85,78,46,78,77,-65,-36,89,13,-23,53,-86,-24,31,-63,53,55,63,74,23,28,45,48,-26,43,-68,-13,-44,24,70,-6,-68,82,-36,84,81,-10,-85,-86,-61
-30,44,62,99,-77,-98,-15,88,11,-7,27,88,46,4,-94,57,27,97,-86,84,-65,-94,-12,86,-95,64,-83,81,23,13,65,-83,12,-54,85,-24,25,2,-59,-23,-89,-45,-69,-60,-12,5,-91,-76,-59,96,68,-38,40,-53,-72,71,-39,76,29,23,61,-75,37,48,-14,-7,-78,-21,-81,64,4,92,-11,6,16,50,-97,1,-14,-41,37,-15,27,-64,-67,-57,35,98,-63,-57,77,71,-69,-97,54,-77,43,-82,62,37,-86
-28,9,-50,-78,80,71,-18,-86,56,14,-14,-56,22,-26,-82,-90,-15,-56,87,34,33,81,-40,50,18,-8,45,-97,-80,41,96,1,69,71,-13,-43,-30,-38,12,-61,-59,18,67,-2,-13,-7,-23,-19,4,-65,-7,-27,-30,-14,20,32,76,-49,-55,13,-96,-77,16,30,3,-88,37,20,-13,44,-13,21,54,-52,34,18,94,-75,-62,-64,31,-51,-98,78,-24,-52,-92,-97,79,-12,-52,45,-47,92,98,-41,3,65,2,36,70
38,-17,61,-65,-41,26,-55,1,92,-75,7,86,66,-25,6,-25,25,-96,-2,-20,-6,31,0,-100,51,-61,63,-72,49,24,94,-62,38,-21,57,-26,-54,22,-31,18,-29,-75,-39,75,-57,-34,-62,-94,83,70,0,1,23,-45,36,23,-88,-50,-36,39,95,-83,97,-14,-20,-64,-14,0,31,-46,-4,11,11,-69,-5,-53,79,70,88,27,-44,-88,-89,-10,-27,19,-35,-85,1,-31,67,-54,48,-96,100,90,-88,40,99,-31,51
98,-84,-26,-19,48,-23,-80,3,85,-46,-60,-19,-12,-1,0,-72,-78,3,60,58,-13,-55,-50,75,-57,-68,29,-29,46,76,-73,-100,9,-42,68,-45,10,-71,1,-31,26,28,77,100,-31,26,-68,46,78,89,59,-21,84,82,-97,31,38,-42,-36,-12,-20,81,81,65,-25,33,39,-19,-26,89,82,78,49,16,50,-38,-9,-82,-55,100,-56,-74,-65,42,-23,10,87,95,95,32,35,-59,-80,-15,-17,-32,73,-92,-20,-63,70
39,86,73,-17,25,45,94,-85,5,8,-65,-98,10,-37,36,-98,-26,-23,67,25,-82,-78,-17,-48,-59,47,93,89,-28,94,-23,18,19,64,34,6,60,31,-29,-94,38,62,-100,55,-74,42,47,-89,19,77,-30,-54,-28,-81,-23,-93,57,-74,-94,-78,64,59,-12,69,-79,85,55,-51,-25,97,-56,-46,45,87,6,61,28,40,73,83,-24,-88,70,-60,42,35,-96,41,-42,2,37,-11,5,59,-12,-77,-80,-24,15,-49,10
-59,-66,-32,-38,53,77,-51,-9,-5,93,8,-32,-23,-27,-50,71,-49,-25,81,-27,35,11,-76,-33,0,-94,-28,-6,-31,63,-18,-88,-6,-23,-35,56,2,-9,59,-34,97,79,-46,-79,-11,-57,-1,74,-32,72,-49,-67,18,41,12,73,-31,-21,41,52,73,82,21,91,-96,46,64,-93,95,90,27,62,26,-15,-45,-75,20,-8,-49,10,98,-54,-100,75,35,-18,21,86,91,99,-78,93,71,66,62,37,-32,36,-26,41,-12
11,71,-8,-47,-1,44,-75,-27,-65,80,43,-29,-98,-3,-88,-40,-98,40,-72,76,-100,1,14,-31,6,0,-39,79,-50,-90,8,-77,33,-18,-58,-61,-74,-48,-66,-16,59,40,28,53,-96,-70,56,-61,100,52,85,-21,-99,57,54,24,-57,22,-96,46,80,-41,87,48,12,36,-23,40,-29,-5,-77,-53,-88,35,-17,-93,81,6,-6,44,-87,-64,-95,72,14,-51,48,-17,-5,95,-67,-95,41,21,-54,-58,-52,-45,7,70,-84
73,87,30,67,-8,13,0,-4,-93,-87,-20,19,59,42,-77,-19,-35,23,-60,39,34,-76,49,44,-84,43,-61,-37,-88,96,-16,-79,-93,-39,50,84,88,45,3,-52,-51,78,37,-45,-68,65,-20,89,-86,-51,-35,17,-85,-57,74,-46,64,47,99,-6,-15,48,-56,60,63,-22,-74,-81,89,44,-14,-61,71,-60,-27,-35,37,46,69,-63,-98,68,6,-42,-85,-43,53,-86,-77,-33,-75,-36,89,-81,-29,27,67,-72,-31,-49,-75
-61,30,21,-82,22,33,-95,37,-16,-93,84,-26,5,-94,31,-61,-30,-51,70,-76,53,22,-24,24,-73,-75,63,-18,79,-37,-94,-13,-12,9,-78,7,-90,-2,81,30,-37,40,34,66,-47,93,-32,-67,-18,-53,-22,-31,-53,22,41,-100,8,70,-50,9,-16,-82,28,30,-16,-65,-60,66,-68,52,-36,-13,15,-97,84,-78,49,94,34,-33,77,-26,-61,79,-100,-21,-85,97,-28,-46,96,-77,-26,5,-12,-91,92,45,-98,45,-57
-59,-3,-55,87,-35,49,25,-35,-81,61,24,-70,85,31,23,28,-27,64,-65,-45,83,-55,5,69,14,-87,20,-32,-49,28,-10,80,-51,48,-32,-89,97,94,82,-57,46,22,-24,97,-58,-20,-30,-97,0,46,36,62,-19,8,12,64,30,89,99,39,13,-99,-57,57,23,-24,52,-50,-87,-99,67,43,94,-30,-94,30,-58,-50,-14,2,31,-89,-85,-92,-54,-41,-88,-55,69,89,11,-43,-73,-52,-20,-78,-46,71,26,88,-38
16,72,-97,29,45,19,-64,25,79,95,-96,29,93,97,97,-34,85,30,100,-21,45,71,87,-76,-15,26,-1,57,-100,-94,19,92,18,-6,21,94,-44,41,60,-10,63,-17,69,52,23,1,-61,76,-39,-30,-38,-26,-63,-67,90,-28,-43,-77,-21,-48,42,-22,-73,-60,-12,-33,77,1,78,-54,50,20,76,-53,-82,-68,81,-45,2,98,77,59,71,35,-96,88,-32,-80,94,-1,90,-16,17,51,-63,-21,47,-43,57,-56,-41
-8,1,61,-51,56,35,87,59,-4,-33,40,9,91,-9,60,-2,18,45,-61,5,74,99,26,58,-69,-42,-26,83,-18,-73,-19,66,95,-95,-7,-20,28,53,-1,-20,80,-81,83,68,-60,-87,-53,47,-21,-33,-83,42,87,-59,-60,60,-46,-72,-89,-42,-4,-7,26,-53,42,-68,-26,93,-67,-56,-97,-95,3,17,-49,28,-27,36,12,-21,-71,55,45,-27,-67,79,-1,-83,-11,27,-6,-74,3,-56,80,-61,48,-33,0,50,40
-66,55,-29,73,-75,79,-95,-29,-49,24,-80,-30,34,-61,6,-7,74,1,26,-79,-50,66,42,79,85,90,71,9,31,-27,-8,37,30,81,-25,79,-71,-66,-67,15,36,-100,77,-38,-55,99,-11,-39,10,70,86,76,63,3,-34,50,49,-34,-35,18,-59,-42,3,-85,63,-54,-15,13,4,73,-60,-31,-57,74,96,-63,-74,-42,68,-87,47,60,63,31,-100,79,3,0,-92,-57,55,10,3,7,82,-61,27,64,84,-17,18
7,52,51,67,25,-42,-72,62,69,9,-80,22,61,58,-72,-60,84,17,-28,95,18,73,5,34,75,88,-67,16,38,58,-62,75,87,40,-66,-25,-18,37,-5,-70,86,-65,55,92,-8,-11,71,67,-60,-8,51,-54,-22,61,34,-29,-88,-5,-40,43,-41,-70,-72,82,-99,-43,-34,72,-87,28,-45,17,82,-84,-73,34,-35,62,9,72,-51,-55,-23,-42,15,73,46,38,-59,-60,80,49,-40,-29,49,27,1,58,-47,-60,-61
37,-18,-36,-78,-75,45,-4,79,-38,35,19,-81,-41,43,-24,19,13,-46,78,-70,59,-10,86,49,-38,96,57,-20,45,-29,-97,-26,-23,-67,-25,40,94,69,-15,100,-18,33,-98,41,53,-66,76,-19,22,-31,63,-57,96,51,-66,-20,75,-96,-95,39,-84,-32,-80,-79,-82,0,47,-99,97,17,-34,23,77,-31,42,45,-95,-39,-93,-1,-11,-52,-82,87,-22,29,-92,83,-19,44,12,-24,-40,-94,-57,-36,-91,21,24,92,-62
