-36,65,47,10,38,-56,97,-40,-86,51,99,35,-53,23,-86,-43,-55,-31,68,-28,-67,-50,32,-83,61,-54,39,-44,24,-47,93,-72,-67,-24,-10,83,33,25,97,-52,97,39,-75,93,-5,7,81,-98,-86,22,2,-23,-49,56,5,49,85,44,-55,-81,5,96,82,-8,-38,-83,-25,-5,81,55,24,99,73,13,65,72,71,-37,-20,86,57,-50,56,12,-11,39,-28,-50,-48,80,-7,0,76,-65,2,45,33,42,5,-86,-22
-34,82,10,88,52,35,13,87,-13,25,-67,92,-87,65,-12,-99,-95,-62,-18,-28,-70,87,-95,-53,14,84,-71,49,-92,-26,-73,-60,89,-61,-82,1,82,-28,0,-14,99,-75,80,-83,6,77,31,-54,34,-38,-87,25,17,-78,52,-93,46,-88,50,75,-83,76,46,67,-25,-62,-31,-28,-81,11,66,65,91,97,-28,74,-10,-44,75,-85,68,10,-66,69,91,85,17,11,-16,-94,20,92,-98,82,88,-26,-45,-10,-2,94,-40
-23,92,59,19,69,90,0,-11,2,-65,-47,-67,13,-53,-64,35,-76,-30,79,85,-43,81,86,-9,22,-60,-76,-28,-2,52,64,-91,-2,95,36,4,-15,-70,-75,-82,72,-16,10,81,-13,-28,62,35,-90,57,-56,-10,-92,100,32,-32,-45,-48,-65,-43,-52,64,15,47,87,-83,33,-33,-63,90,93,-88,42,-6,-76,49,38,47,67,44,46,18,-28,-7,-55,28,-72,79,-71,50,-52,-41,91,51,-21,46,45,49,75,15,37
-32,24,-78,5,-47,80,-62,-34,28,-80,55,93,-97,-82,-73,-38,-68,2,-40,-84,64,100,0,-25,4,-63,-11,61,53,90,66,4,40,-33,46,-45,-30,61,71,-24,77,45,-85,-19,-100,-73,37,-65,-99,46,33,58,92,-62,52,-22,-74,-76,-37,59,68,-32,46,-60,-68,29,8,-29,91,87,31,-10,-100,58,-92,-35,20,-47,-27,-34,-33,-84,-42,3,92,-36,82,-99,76,81,82,22,23,-49,-46,42,38,27,45,-49,7
-31,15,-73,-30,-90,56,-75,88,64,-35,-99,24,24,-73,-64,45,-43,95,30,30,64,-36,16,90,-86,-29,-8,85,-31,-28,-41,-48,-93,-45,31,-13,-81,-25,-5,-22,-27,-16,-33,-16,-91,93,-3,-89,45,25,48,18,90,50,35,-66,-37,-88,-23,74,27,-38,-42,60,-45,-3,34,92,65,-28,-61,-6,81,-24,33,-92,66,-5,-4,-38,54,-63,92,-58,-30,65,64,-94,-20,-38,76,48,63,65,1,44,-95,-14,-23,18,46
90,-50,-90,53,3,73,20,16,-88,45,-31,-74,-95,42,31,-8,-10,-31,92,70,50,-50,90,-10,34,-94,-29,10,-51,59,-61,-72,11,86,80,-33,2,-80,100,77,-47,-3,77,-60,85,83,35,54,42,39,-64,88,-86,-84,37,53,-60,-38,87,19,-91,-87,14,-23,82,76,87,29,-33,-71,-83,-80,-37,79,39,51,61,-71,-55,-96,-78,86,-58,-72,-45,-73,-47,-24,19,21,91,-11,-27,-7,78,-55,-18,-58,14,14,49
-32,70,-41,-41,33,-13,-91,69,68,-80,3,-23,-39,-9,97,6,-67,-94,-40,85,16,-72,-91,69,45,52,-81,-50,33,29,70,-45,49,66,47,-12,-42,-5,-65,21,-55,-93,-49,-6,65,20,81,-96,-65,-80,8,91,-84,48,68,57,-80,88,51,57,41,73,-53,7,-66,-24,-71,90,51,71,72,-82,33,-65,-86,83,51,-91,58,75,46,-28,-58,57,78,-61,-10,95,-75,60,92,-39,-69,-81,21,-47,-23,-46,-63,-15,-40
-31,85,89,-90,-48,-92,-29,-58,12,15,-65,-91,84,-93,83,21,66,21,36,12,-26,34,81,-88,16,24,83,25,-52,84,29,58,-98,11,-90,11,-71,48,-63,58,-61,-70,70,80,37,1,-98,-15,8,-32,-75,24,45,72,27,81,18,-18,-30,-87,30,73,57,88,13,-69,-83,13,-1,-41,90,-27,53,98,45,38,13,-62,-96,-21,35,-55,69,39,-14,17,-26,47,76,16,95,-58,-67,60,-88,59,-76,-50,-82,48,-19
-26,71,-69,1,85,32,85,1,-66,18,-80,24,27,41,-6,-100,75,-1,2,-25,-87,14,-46,64,-62,-38,21,-17,-1,59,84,-30,-91,-93,74,-14,44,-63,52,49,15,-79,61,92,-62,-90,-56,39,-78,39,-75,62,95,-32,9,32,45,-66,-30,-9,3,-62,-27,20,-84,25,14,94,21,-92,36,47,28,-17,-56,-17,87,-91,-55,-67,-32,-70,-77,70,-80,27,-100,-59,5,-33,-77,-18,-1,-26,94,-64,58,100,-83,7,-97
-50,-95,66,-13,-26,-23,68,41,30,61,-37,-32,39,-68,97,38,16,-94,60,27,31,-48,-64,83,-31,-1,84,45,-11,-88,-48,-97,43,-29,89,52,-15,-16,-100,97,-72,79,-30,-44,-50,-47,-12,-65,-91,6,-90,-18,-17,-55,92,65,83,-15,-57,88,-55,63,-5,-69,-22,-13,-34,-47,31,-10,53,47,-29,11,20,-85,-58,50,-41,-91,58,-91,-76,-33,-24,-44,89,22,-39,67,90,-46,67,-76,90,73,64,18,77,52,-37
-53,29,-26,-38,-92,-22,47,-50,51,-100,-92,100,31,-73,-50,-100,2,42,-7,68,-88,-23,36,41,37,-5,11,39,64,80,-76,-74,48,-82,-59,18,-51,15,-22,97,-37,76,58,72,33,83,-71,73,2,85,60,-79,35,60,-69,-68,69,-21,-27,67,-96,64,-74,-22,6,-46,12,-48,64,23,-23,78,35,-15,-57,-78,84,75,-63,-4,4,62,-75,12,76,64,-87,19,-71,-26,-15,2,-53,-2,-96,77,-44,14,5,94,-29
-80,70,0,56,95,56,-45,59,-83,51,55,9,69,12,43,-54,9,64,70,93,-73,9,19,-53,39,0,-17,-23,15,-42,85,-37,-88,70,-17,53,9,-98,0,85,-14,-75,13,77,-56,3,24,78,77,53,82,12,53,-17,-20,-47,92,-70,84,-59,-89,99,-19,29,-49,-83,-95,31,69,-37,-9,90,-51,61,30,-33,94,56,29,24,15,83,-51,47,100,12,-15,53,56,-73,-57,5,11,16,-53,-100,-81,-59,-90,12,28
13,-31,23,57,36,-19,40,90,-54,-71,-97,67,2,-42,77,82,-29,-30,80,-75,-39,-28,58,22,87,14,20,77,-89,92,-4,11,99,19,60,-87,-89,23,-68,55,25,-50,52,33,-96,-37,-99,35,-20,29,62,4,56,17,-73,-25,-65,82,10,-11,-33,34,-28,-38,-47,27,-11,-8,66,-88,-69,-77,27,39,89,29,-30,-65,100,-97,-78,-21,-34,-20,13,77,-84,-45,-58,-31,62,-25,-69,-15,16,-16,-33,-82,-47,20,92
-58,-92,5,89,-37,-75,-18,33,-96,-90,57,97,-72,-43,13,22,33,91,19,-36,97,72,-59,92,-100,-81,85,19,72,0,42,63,23,-99,-8,42,11,58,-67,18,-65,52,-2,-90,36,-50,-67,-58,-55,-89,-50,-55,46,-87,-43,-56,96,-65,42,-53,-88,-37,47,91,-31,56,48,23,-27,-57,-14,-25,68,-13,43,-68,-87,56,-39,-56,-80,-98,-23,34,-47,-95,-51,-9,-62,78,-50,17,-96,-60,47,-83,68,83,0,57,83
13,-57,61,17,-36,-30,86,76,-46,7,20,-40,-75,51,90,-15,-31,-67,-95,-58,73,-8,-31,30,-53,-52,42,-41,-97,-27,-80,64,81,57,36,45,52,46,-62,-10,97,96,22,8,-9,68,-94,8,40,13,-86,-3,21,-56,37,-79,-43,-36,87,67,-45,4,-49,31,45,53,89,98,-14,15,-77,74,97,44,98,-86,-67,24,-71,51,72,-36,64,-91,16,-36,-90,-78,48,-3,-68,-21,77,-48,30,-60,-25,-18,-40,-26,84
97,-34,6,25,-89,63,12,-45,6,-70,-20,17,-55,-99,-49,49,-17,4,-94,-27,89,-56,3,-9,12,26,23,-61,89,48,87,88,-3,5,-32,-77,91,93,22,96,17,87,75,-84,-2,77,-58,-60,-63,-35,69,39,31,21,72,-19,32,-37,-90,0,62,-79,-94,100,65,55,-94,65,82,35,-71,70,-75,-9,30,91,60,-3,-13,54,48,32,-87,-72,10,64,77,10,-58,75,-22,-91,-54,-85,-67,27,-26,7,66,-57,-78
-21,87,7,14,73,-75,70,-7,16,-38,38,32,-88,-44,2,1,61,32,-24,-15,-58,81,38,-80,-69,-41,-15,-17,77,-61,-10,-80,65,-43,68,-73,29,-50,25,32,39,0,-80,-20,-50,27,-93,-22,55,-12,59,93,93,-54,-87,-35,86,-44,-35,-43,-11,17,3,67,-6,-21,53,-82,0,98,-9,-91,-62,35,69,-20,77,74,-19,75,-79,35,95,0,38,20,-43,44,-77,-26,3,-73,-17,-92,16,35,48,-1,76,-47,29
68,-23,65,-32,-39,56,-33,83,56,-43,-71,9,-71,21,-40,-57,-53,-70,57,-27,-8,63,21,63,54,98,-73,-69,-96,-95,78,65,90,-92,53,74,-79,-34,38,-65,-84,-16,28,27,-85,17,-34,-43,-23,-74,91,-17,65,-25,-28,-73,81,-85,79,29,50,-83,-65,-62,-60,-26,-71,-97,84,31,-6,-96,-92,-51,-56,3,22,82,96,86,-29,-61,11,-61,-87,-32,-69,47,-85,8,2,47,-9,4,-79,47,69,16,66,-76,-88
-53,-24,-24,61,66,100,-47,-87,-34,62,10,-27,18,52,-34,26,-94,-38,65,-32,33,44,-46,23,-22,-24,-10,29,96,-73,38,86,97,-23,-53,-3,23,14,3,-49,-24,65,35,-95,3,-6,64,-25,-79,79,10,-64,18,54,-9,-23,-19,-42,-25,-31,3,-30,-45,-11,42,50,-36,-87,-94,-31,19,-14,-4,91,-49,93,95,41,-43,-83,5,-52,-26,36,93,-81,25,7,-2,-29,-80,51,-22,76,-9,-83,3,10,-87,64,-68
63,-73,-51,-32,9,-33,72,5,-38,-72,1,21,-44,-38,-98,-83,-48,34,-28,-92,56,100,-62,-56,-43,-65,-92,71,91,-16,-41,26,-13,-3,-18,-48,80,-52,72,78,76,-19,88,-49,-62,43,91,-73,-5,-68,-39,-38,31,23,21,16,-20,-30,97,-94,68,-22,-68,14,60,67,83,-23,-74,-34,-77,83,-2,55,86,-87,-59,50,91,-59,-30,90,-35,-20,-96,71,-10,0,12,64,-15,-13,-53,27,88,48,-46,81,98,87,41
93,36,-14,7,16,92,10,73,-73,-46,-84,-33,9,28,-92,-4,42,-97,-5,-83,-81,49,18,38,96,40,-13,18,-60,52,-84,-39,34,-56,-22,-68,-92,-100,7,90,-82,-25,-34,60,-34,-20,-98,-37,64,-25,63,-91,85,-61,9,81,13,-94,-64,-11,20,11,64,-85,0,53,36,84,63,-91,-9,-81,-30,-90,66,-79,54,74,-12,32,7,13,86,11,-48,97,69,70,-12,17,-30,-63,34,-36,79,2,-73,58,-23,-44,44
-69,-93,-27,31,-4,-22,-45,-52,-49,-58,-77,84,74,61,96,-99,3,-73,-90,-83,-98,53,-77,-95,50,-85,19,83,-79,-75,63,14,7,-91,34,22,68,-76,25,17,28,-37,-75,34,95,-22,-99,-49,-8,35,-5,-39,25,7,-42,53,-97,-90,53,-29,32,-98,53,99,32,28,33,-25,90,16,-50,-87,-6,-92,-27,-50,-6,25,-87,-88,51,-79,-25,43,66,-72,-56,12,54,47,-79,-70,47,83,71,89,-45,-98,-42,-1,25
-46,-22,92,-72,-89,-41,-43,-93,87,-80,-45,-77,-57,-32,-36,48,67,51,-62,87,-29,-53,15,11,38,26,-20,-77,-20,-98,5,19,-80,-97,-92,67,92,-37,-54,0,12,-33,-98,-74,-94,-17,-35,-40,-89,45,35,-51,-60,-95,-51,-17,-8,-34,-62,60,-29,-96,74,-12,98,-83,-60,-24,82,-26,85,99,-74,77,-48,11,39,92,60,31,90,-55,-89,100,-52,-10,67,22,87,57,38,-99,-7,-32,-94,-33,-22,3,16,-76,-10
54,-45,-22,26,-48,-5,84,-3,-97,9,-59,-4,-16,22,-18,-45,52,-99,9,51,73,68,-43,51,86,-30,41,-36,4,79,8,-63,-80,35,86,86,94,-43,-82,-25,-74,-19,-57,33,-66,-75,-77,65,93,-62,-20,-25,69,-93,-11,14,13,13,-48,-12,-11,-64,4,-10,-24,-61,-37,32,5,-54,-10,-52,41,51,55,94,12,40,97,-8,-26,64,91,13,44,76,-32,-89,14,100,-3,-63,-92,-4,-91,-37,-31,-30,44,8,19
-55,-2,-62,34,-6,-18,11,-18,23,-75,-81,-39,72,-26,-28,-34,71,50,87,3,-7,-80,-28,-99,80,79,-47,-35,3,-79,-55,66,6,27,-94,81,34,92,-78,-30,53,-74,-48,18,-88,-92,77,-51,-43,73,-48,68,8,-18,0,-15,-97,-17,-97,95,-31,91,-67,34,61,-13,-14,16,53,0,18,66,98,94,74,26,66,-45,-58,-91,-1,82,36,-8,18,-13,66,73,-66,92,54,82,40,30,72,-88,-27,66,21,66,-2
-49,-36,38,9,32,-63,-93,-33,-21,-26,23,-88,78,-8,89,80,-10,10,34,56,68,40,-46,-64,80,13,-90,31,-23,50,-69,72,12,-80,-70,82,-56,-3,-64,-63,-91,-84,24,-54,20,-39,-63,26,4,-10,-68,56,-10,-4,-74,31,-83,22,-12,5,-22,-1,75,80,-51,-21,70,65,-1,-2,-96,24,71,-83,-52,4,96,-9,49,74,88,-55,-26,17,57,-84,88,-22,56,36,93,8,58,-15,-12,73,-18,60,-48,-36,55
6,6,-13,-10,-87,71,85,43,54,51,-20,-32,-19,66,81,-5,48,-12,91,5,68,18,57,14,25,-80,46,31,92,33,64,45,-17,-52,64,32,26,35,47,62,3,46,-24,95,-33,3,-82,3,-28,26,67,-7,-74,42,77,-71,-10,-92,-16,-7,-95,-73,32,-80,36,28,-97,-76,-40,-8,-70,97,-84,90,78,-5,-67,36,-87,-65,7,61,88,-66,50,58,-29,-94,66,-47,45,-25,97,66,-92,-88,-70,60,-3,52,57
28,-39,-4,94,51,-75,100,95,-28,-35,-20,44,-87,86,-75,-27,5,-45,-70,93,85,64,-36,3,5,-52,-65,-67,-17,12,8,-53,-49,76,10,-5,2,-44,-11,-26,-76,-41,72,23,27,-79,-81,-96,64,47,36,-56,4,64,23,0,-86,-54,15,-66,-35,-66,79,62,-56,-64,-49,29,86,98,-4,-51,-6,-57,-65,32,-55,-43,20,-67,-2,-93,99,99,-81,53,17,-66,-28,-76,38,-67,-61,-59,94,1,-88,-34,-94,62,60
55,-77,9,-30,83,-80,55,56,56,-1,-51,-65,-62,-35,-76,8,-100,73,-99,55,67,-45,-36,-14,-2,-2,-20,-76,-49,-54,47,-2,25,79,-56,55,67,10,-73,-67,37,36,-87,-69,-76,-52,-39,2,10,46,-45,40,25,35,75,79,69,5,66,-18,21,-52,4,85,15,43,94,12,22,-46,56,63,80,-35,32,4,46,-51,67,-92,-75,-88,92,-41,-61,-14,20,91,29,-79,-49,-97,23,-60,-81,69,-18,-14,-68,-75,-70
55,96,-56,99,-12,49,-30,-11,-99,-11,-8,-63,-30,17,-47,76,24,-61,-82,-45,69,33,75,85,-41,-8,4,-54,82,29,-45,85,-11,37,-96,39,-23,-31,-55,-1,-100,88,-9,26,-16,-54,-100,-28,31,9,74,95,-61,37,-95,11,-50,91,17,4,-95,81,-61,75,91,-10,-97,-13,62,-88,2,51,-25,90,-36,46,59,-81,-36,68,-73,-77,-95,-85,-85,-47,60,-6,-16,28,-69,-60,-72,77,-25,37,-72,26,-27,-1,6
-69,31,-19,88,90,52,-33,29,-39,-42,-82,60,-99,35,38,-39,47,15,-87,-97,29,-85,73,-64,95,-66,-39,12,-74,-68,88,17,2,33,8,26,-79,-41,27,11,-68,-61,-57,60,97,31,-72,-40,70,-81,38,34,83,27,30,7,13,-78,21,-51,63,-32,-76,-78,-72,-29,-1,-81,-7,6,26,68,-32,-24,-65,-68,9,-41,51,-60,95,47,-70,40,-93,36,53,-22,-77,10,-28,29,8,81,-31,4,-35,72,-41,-14,-60
81,14,-23,44,-4,94,-29,-64,-62,-14,-2,-37,-47,82,-90,9,92,-92,-6,-19,-93,8,-90,-17,-79,3,78,49,-85,38,0,39,83,32,-79,47,50,-22,-98,-86,-24,31,75,-88,14,-28,-86,-50,19,10,5,53,20,-74,-7,-28,40,-56,-93,95,-66,-58,-61,-19,-52,10,53,9,8,33,-86,-44,44,70,84,4,-66,3,-31,-56,10,-52,35,-100,17,-13,-65,-35,2,76,45,-85,1,20,61,27,-48,94,-95,66,25
-20,54,-41,42,-48,79,36,-91,39,-62,-83,-9,-42,8,-13,51,-75,-12,47,28,-94,79,47,50,45,-97,17,6,73,-11,94,20,100,51,-11,-45,23,57,43,83,73,37,49,18,-47,-75,-97,31,71,14,99,-42,-75,-45,-74,-24,77,-47,14,-9,2,-89,97,-56,80,92,31,-44,-34,-4,97,-12,-14,3,49,68,100,78,92,47,-81,-44,95,1,18,-40,75,-22,42,-33,-41,17,-69,58,-71,-44,26,-54,49,72,74
19,81,-81,-35,24,-11,-70,49,-72,-75,-30,-81,6,33,-59,79,90,-17,-73,-83,3,-91,43,-54,41,98,-55,-1,-52,-64,85,36,14,-88,-50,-30,9,-3,-82,-55,-42,28,77,48,68,62,-21,-50,43,78,11,100,-75,91,-3,-83,15,-37,-66,-15,-65,56,92,50,-39,21,-52,-67,-54,-47,32,-48,-84,-44,65,10,48,44,52,32,-16,96,74,-84,95,74,-92,45,-86,-20,71,-6,-35,-4,-22,67,68,-16,-89,41,91
-77,64,23,69,31,-19,16,31,32,-76,96,-94,72,56,-20,39,-23,-3,29,51,41,15,38,12,93,-74,-68,13,75,-64,37,95,4,42,36,-76,93,-37,-22,-7,-71,39,-33,-51,-53,80,-68,90,79,-88,-39,-64,-16,-18,82,-58,-69,66,76,-83,20,-65,100,65,-74,-60,41,-9,57,-99,-17,-94,-71,-83,-91,3,-81,-24,83,58,39,-4,-79,-63,-20,76,-61,-89,65,46,59,-93,5,-74,-36,94,-60,47,-16,-45,35
23,-1,79,-11,-35,-96,72,-92,13,-8,89,93,61,29,-85,2,81,-71,-2,-99,47,-86,-67,45,-29,87,-5,-13,-25,34,87,33,83,17,13,-89,-83,-9,26,14,73,28,-47,92,9,-27,55,-17,-14,-62,-20,-98,98,-54,-58,95,-89,-49,10,-32,18,-82,1,-32,-43,24,-72,82,65,-75,-84,-100,-44,-88,-21,23,-24,19,-12,-21,42,-9,31,56,94,21,99,-13,81,-29,2,-45,53,-30,39,-64,-71,-50,-82,17,29
-95,-68,45,-10,81,-93,21,16,99,9,2,-96,-95,25,96,-13,47,17,44,76,6,-40,4,32,86,-21,66,-62,-64,-18,4,73,74,96,70,71,32,-68,-43,26,69,-7,77,-54,61,91,-46,42,-3,99,-90,-75,79,-6,-76,-21,-61,-39,-51,-81,4,22,1,-87,99,86,6,43,78,18,39,-35,23,-79,-45,-56,-15,68,-3,73,88,20,90,-86,70,-21,3,75,50,-34,-87,-90,17,32,43,-21,79,36,-4,-54,-3
13,-62,-15,3,-59,-79,20,82,-98,26,24,-18,71,-35,24,81,-91,-2,-29,44,-41,6,65,45,23,99,-42,76,-67,57,-53,100,93,-14,71,-68,36,88,45,-42,-46,-13,100,-40,48,34,-48,-65,63,71,85,60,-48,-55,80,51,57,-100,59,73,-48,28,-90,23,86,-27,-15,-38,-6,-50,36,8,45,71,-88,45,0,80,90,-32,59,60,-81,-3,-49,18,1,52,9,59,19,-68,-66,37,25,50,18,96,55,32,85
68,58,-36,1,67,79,-88,35,6,-58,-37,14,37,-48,-90,-48,67,-4,-76,-94,-26,-46,79,63,68,34,29,-32,9,74,-11,76,-14,-93,77,-89,62,0,82,83,-85,-39,-96,-22,-24,-3,-53,-4,-38,-88,-56,-19,-49,-83,-31,-14,-3,90,33,59,78,87,47,-41,100,-74,-81,-33,-83,21,84,11,65,-55,-56,11,28,56,86,25,85,17,-16,-95,-78,92,-66,-14,-48,-31,10,36,-39,-83,58,28,42,75,-46,16,-16
89,45,-84,-52,64,13,-86,21,-26,21,14,-60,37,58,9,-39,-31,-32,81,-52,-10,81,-53,94,9,-46,88,-92,-23,-21,31,-33,-22,-68,43,86,-2,41,-4,62,21,-58,79,-7,31,-49,-90,-68,-68,65,-57,52,86,66,1,-92,-82,-77,0,64,24,9,-74,3,32,-80,-92,-57,82,96,-27,69,-69,42,-67,-18,87,-53,56,22,44,-43,-21,-62,39,99,-88,95,-90,-56,14,55,-60,-9,-83,65,-13,-1,1,29,41
27,52,-17,-24,6,-13,7,47,-87,-98,87,70,-97,82,85,-72,-35,34,-77,34,-19,89,-4,18,75,-43,-26,68,20,-3,84,30,-13,-34,66,35,91,-83,86,2,16,54,-14,47,63,-59,-88,-82,-90,-44,97,-47,86,-1,-28,-90,89,-25,66,-83,23,67,-80,-99,-69,-25,17,-73,16,59,54,32,26,-44,23,-51,50,80,85,84,-48,-78,26,27,-48,-20,-7,90,-63,97,64,46,43,-9,72,85,97,33,28,37,47
51,-65,-65,20,36,-32,-52,-1,72,-47,-50,-44,65,12,-52,-26,34,97,-30,82,6,20,88,-69,29,92,-10,0,-74,26,11,61,-17,80,59,85,-10,84,44,66,-64,30,78,-1,52,41,-48,-60,-11,-8,-75,92,53,-77,40,77,94,-37,90,63,59,22,7,-87,-95,41,-74,-94,2,88,-13,97,46,34,94,-89,-61,-87,-88,45,-52,63,-58,96,-99,36,62,94,46,-13,37,-97,-61,78,32,51,75,-89,-99,-94,84
20,-48,43,-38,86,88,-85,-68,-1,-66,32,-60,-32,100,26,56,-77,65,69,-54,70,40,-94,70,-12,78,17,69,-74,-47,-20,-58,-8,58,-35,-44,-22,45,39,-99,-84,-15,89,34,82,88,-76,-8,67,-94,-75,6,86,-85,-56,54,-62,-92,66,0,95,16,-38,72,-98,-87,-100,93,31,-52,-17,83,-38,60,-83,99,8,18,-55,-59,-33,100,56,57,-33,41,56,-56,-48,79,-47,-59,92,10,-65,46,-14,-58,84,-5,-10
38,5,15,-32,-14,74,11,99,-59,-25,6,-2,-6,-22,18,-5,-24,54,-38,20,-53,52,-69,76,-26,-10,-87,-50,1,31,32,42,-92,-86,-69,-87,49,-38,87,-52,29,-56,80,-78,65,37,-52,-53,68,-12,-83,-68,-70,38,-79,39,-76,-34,-87,23,-28,93,39,81,76,-73,92,-49,42,-31,-47,-28,-83,-57,59,32,-34,-84,-90,57,-6,51,-45,-25,73,-52,27,-13,-91,73,-19,95,-74,47,-13,-2,87,-49,91,-11,40
80,0,91,16,3,-9,-51,42,-45,-1,-88,74,18,25,-24,-31,45,-39,12,-22,-89,-69,-9,69,86,-68,-74,10,-80,21,85,50,-32,11,-23,-61,63,42,-43,-15,-91,-70,-72,12,-47,36,-3,99,89,1,37,66,97,61,76,-22,-77,-16,39,48,-5,10,4,67,-88,-70,-64,-65,-79,-79,20,-83,-59,51,-17,45,-53,10,-62,22,61,-60,-100,81,-66,9,-42,75,63,100,-55,19,-44,30,100,-22,87,27,66,5,-7
-65,-99,-47,49,35,13,89,81,-37,68,28,-100,96,4,48,78,96,-78,14,-36,99,15,-4,25,-47,-81,-82,75,32,-8,3,88,-65,38,41,-12,79,6,-13,84,-8,84,-69,-34,-61,-33,48,-3,-79,9,-5,80,17,58,-8,-65,38,-17,55,-63,-51,-51,-46,-77,-17,13,63,37,60,-52,-20,-53,51,15,-4,-40,-70,60,-80,77,-7,100,-76,-60,-69,6,-78,54,-53,51,89,-57,-22,-12,55,-90,17,37,-10,-47,0
26,5,55,-63,-13,7,-28,-69,-66,92,-89,-32,15,12,-82,-63,-85,29,93,49,-42,-50,-91,-77,14,-13,-52,36,-42,-95,-71,50,84,-24,-56,69,63,62,19,-29,94,-10,-4,-25,51,58,63,94,55,-27,6,10,15,-46,83,-11,-37,-79,-7,83,24,24,-69,-85,-95,75,81,66,-95,-17,-34,-11,-41,-86,29,47,-75,-31,98,55,50,-74,-24,95,70,0,83,34,-80,85,-84,-66,64,-95,81,-63,55,45,-29,-30,15
-63,-88,-93,-85,-44,-53,13,-31,1,-20,-36,-15,-49,-28,44,-95,-46,87,29,83,96,-68,-27,67,-83,-47,-17,92,55,40,59,7,94,29,25,41,61,-63,-88,10,69,57,14,28,-89,-56,45,-68,-95,2,-22,-87,2,12,-89,27,-96,44,-24,75,52,81,-64,69,4,-94,-36,88,8,18,-41,92,-48,-49,35,-86,23,73,76,-47,-50,-30,-27,89,-53,33,-3,5,82,87,23,54,40,93,-23,-61,43,-23,36,-8,-33
-64,57,-73,44,97,-27,1,-33,87,-2,-84,-41,-28,33,-67,11,38,62,-58,36,-37,83,-87,-98,98,22,-19,57,36,16,-88,47,-31,37,-74,42,11,30,71,91,-43,-87,14,-60,88,83,97,-21,60,-39,-63,-89,26,-55,-55,82,-16,-41,13,35,52,-41,27,-37,-3,-60,-15,95,-17,-17,-41,47,32,-61,-34,75,-94,-79,-28,98,-28,19,-96,81,-87,81,-17,64,-98,63,35,-31,28,13,-74,82,-73,-83,-6,11,55
-12,27,-11,26,-56,-15,-17,17,-28,-92,-42,-43,20,-99,-76,83,13,60,-24,-39,78,-2,88,-97,81,45,-3,50,-12,10,-66,30,-49,8,2,59,-48,22,64,-38,-14,54,-86,50,75,-78,9,1,33,35,98,82,99,-31,-8,8,-44,-85,50,18,70,5,15,11,21,-1,-78,-1,-51,-92,-91,-66,-31,17,-17,-30,35,-84,14,22,99,67,-76,49,58,53,91,-53,49,13,61,-91,-93,52,38,90,6,22,-57,-73,72
14,-37,-93,58,13,74,-17,91,-66,-88,42,85,-52,56,-35,22,-54,-66,-60,-4,41,-15,64,-62,53,-94,1,-43,-58,24,85,39,62,-54,86,-64,-61,51,10,19,-90,73,-1,31,-24,42,91,20,-9,-22,58,-56,13,68,-66,-55,95,-31,22,61,95,-1,1,-29,31,81,87,-69,76,74,0,88,19,49,76,-62,46,-21,-41,-92,24,90,-26,-43,-7,-29,-89,84,44,-47,-68,-93,-86,44,5,-28,62,-8,39,-96,-67
-74,-35,55,-27,-74,-85,55,-36,-27,38,-76,47,-53,12,24,32,-79,-60,67,3,-44,42,-89,-45,90,97,-86,29,-12,-24,66,65,-19,81,86,84,45,60,-55,4,-12,-74,-4,31,15,-81,-41,-14,-55,-28,81,23,-91,-41,-27,71,-31,-12,-94,-45,76,54,-43,91,97,-90,-56,-33,-54,-43,35,87,-3,0,32,-8,-66,51,-35,33,-18,88,22,96,-75,-39,-9,47,-67,-13,68,48,97,4,83,-28,-62,38,-97,46,-3
-47,35,-38,38,-72,12,-95,7,57,-55,91,-96,75,45,100,-28,-15,35,-32,87,-23,-38,-37,67,-16,-47,78,100,40,81,81,-22,90,-50,34,79,84,-47,10,-2,47,-12,-23,-23,51,24,-53,-95,31,73,85,-80,-20,36,100,-62,6,39,-61,7,-53,-50,-69,61,64,-5,-31,-31,-28,-83,-65,-73,38,6,-93,-29,-17,-17,-100,19,-72,23,-11,-94,11,28,-17,44,-67,11,-75,51,-73,-80,24,22,77,42,-71,-38,-39
43,-59,49,86,-42,-4,52,96,80,-6,-44,-37,-31,-88,13,-60,-66,-63,-100,-24,45,-78,-3,82,-42,38,41,-73,2,-30,69,52,6,-79,-90,20,-88,48,77,-83,-33,85,75,-69,43,-59,-73,-59,72,94,-84,-67,-62,4,82,-2,23,-73,-28,-61,9,-71,-75,-17,-68,90,-52,63,-40,-54,29,60,-98,90,57,-17,88,99,-86,-47,-39,-48,34,57,-71,-68,34,30,21,96,-73,76,15,59,-59,44,-97,-72,-27,68,-1
43,84,-40,11,-55,-10,64,-90,59,65,46,-18,-89,99,42,44,21,69,-93,98,90,-30,-68,92,32,-85,-88,40,86,38,-98,-11,-90,21,66,13,3,-69,-41,-19,-9,73,-94,87,17,-32,-47,-70,7,10,-96,-77,35,43,-27,85,-57,25,-5,-84,38,12,-68,-19,40,58,30,-5,-20,-15,36,84,-38,11,-1,-46,-97,-84,38,22,-69,52,16,53,-29,33,-37,1,77,-28,-4,-30,2,82,100,-58,21,7,-97,39,29
-34,98,22,-59,0,3,46,-5,-31,2,-71,43,39,21,62,-22,94,0,-90,-5,-55,57,88,-98,-39,-53,84,-64,-81,-3,3,-80,29,72,-18,16,-51,95,42,29,75,76,15,-89,-73,-40,97,-57,46,-74,-68,-88,-11,2,-51,-83,16,-94,-18,-80,-87,31,-54,26,73,30,18,28,-31,22,31,61,-67,-57,10,36,96,-55,-86,-99,91,-40,-27,25,74,12,-28,-32,98,-50,18,-59,-25,-96,45,-13,16,-38,50,99,-85
94,-74,-64,-41,-91,33,6,4,-88,52,12,92,-75,24,22,-52,-82,-36,18,32,-37,59,-100,67,27,26,-32,-77,39,-15,58,-12,-33,5,-92,-18,-19,54,-41,65,-88,62,77,-13,38,-96,-93,-85,-15,50,22,31,83,-90,-98,-13,98,-81,-68,22,31,-53,44,-73,-5,-57,52,64,-47,40,28,-1,-61,-65,78,-57,-93,7,39,-98,-11,-74,-58,45,-52,-21,-63,-80,76,-25,-5,96,80,48,20,42,-53,37,46,27,8
-14,-61,17,27,52,26,-37,82,-6,96,-95,-16,74,46,81,10,-24,-8,-1,-98,-20,-51,-98,-39,52,-90,34,-62,-69,-94,67,-42,-40,-19,-28,13,-16,-95,-50,92,8,24,-46,-27,46,-13,63,-58,-31,-36,-64,-94,82,7,-42,66,52,-40,84,63,-87,24,97,-17,-39,-30,-68,21,-100,-42,77,5,-4,-61,-77,85,31,-68,85,9,-69,69,49,-8,53,-14,-93,-65,-45,75,23,-66,4,1,-9,-97,8,77,-10,-75,-9
-100,-58,82,-96,-13,43,-12,-41,45,-12,-85,-18,-16,59,23,-64,-25,56,26,28,-63,45,99,-49,-19,-25,95,-95,-34,51,-53,-24,14,50,-100,-6,33,97,-5,-2,10,-37,-49,-87,38,9,-5,-24,-56,57,-94,61,-99,79,-94,100,-55,-83,8,-36,-5,46,68,-93,96,-30,-27,-81,90,-63,16,-47,-24,97,53,-73,22,72,-71,-3,14,-86,-13,20,-50,9,72,32,-44,-2,-78,37,43,-92,-26,97,-38,-39,-49,-37,-55
48,-1,64,76,-16,57,-46,-63,-33,-92,96,-11,45,53,73,-1,65,-66,-68,-48,-49,-68,3,63,16,42,94,-39,8,31,43,-36,19,28,-41,3,52,-28,-54,15,-74,-50,44,59,-40,35,96,-9,-65,50,65,-59,100,96,-24,24,-99,57,-56,-5,-59,-19,15,-39,81,84,8,-19,32,32,-22,-74,-66,39,90,43,68,-31,80,-100,32,16,20,-48,65,2,11,52,-85,70,68,-72,11,-2,46,-50,-1,4,66,-29,-49
75,-22,69,53,-48,-70,-68,-44,63,-81,-99,-92,-86,-13,-16,41,13,15,31,30,62,-40,16,70,11,79,-49,-69,48,84,59,2,-24,-42,54,-9,66,-77,-86,-24,16,65,48,-27,34,-26,75,42,13,18,-75,-33,60,-4,-62,87,-21,-3,-31,98,-26,37,99,-63,25,93,-48,37,-24,-61,56,-67,92,72,-46,39,-2,-27,5,22,47,61,-13,-45,75,-66,-13,-46,85,93,-54,94,-58,-82,47,20,-59,-79,97,-25,82
-47,21,-72,49,70,91,14,-62,40,-64,26,-24,-100,-22,72,-4,26,44,2,-61,53,56,92,57,96,31,77,-63,61,79,-59,42,-78,23,-73,62,-62,-63,-7,88,-99,-11,58,73,55,78,86,-92,-77,0,-1,-58,12,-82,-16,37,4,18,-21,-15,-87,67,-36,56,-2,-8,39,55,-38,95,-36,82,-55,8,14,23,-82,-14,-9,-2,-69,72,-2,15,13,-89,-23,-52,17,-17,43,-21,-29,16,54,-24,78,-85,-14,82,75
72,23,-86,15,-58,52,-28,29,-44,-100,-85,42,62,55,-73,17,-21,43,-78,-13,-73,-72,-79,15,83,-36,-84,84,21,-87,-17,-58,-17,-42,-71,27,-80,-72,22,-68,87,65,-99,90,45,72,-35,-66,57,-71,-48,-69,-93,-82,17,-11,88,82,52,20,-3,18,-27,22,19,17,-83,82,-36,-65,-27,-86,-92,28,-5,81,-19,18,-42,58,32,89,-5,22,62,4,-55,-36,86,53,-59,7,40,-77,-74,56,-13,-82,-56,54,-77
27,25,10,98,91,24,-56,86,-95,53,24,48,65,89,8,-87,66,-40,69,1,-24,55,35,1,-53,21,-72,-6,-94,81,-64,67,-24,-7,92,75,-36,-93,63,-51,68,71,29,-83,-62,25,49,-97,-21,-6,-50,-78,22,-57,69,-41,4,-95,-97,-62,-91,-87,-9,78,89,54,57,-67,92,-53,-7,33,-86,59,95,-38,45,-90,63,27,84,-69,-59,-54,32,-35,88,27,-9,-88,-74,30,-46,-2,-93,-85,-8,61,-18,98,27
-67,85,19,96,-81,-94,-2,-76,-23,45,-77,-24,56,5,-48,58,-9,-44,-73,-43,93,-3,-55,58,87,57,-88,18,-81,-15,-64,-36,95,3,22,-53,-31,-55,-26,42,-28,-72,30,17,-67,61,-27,74,54,-39,50,4,76,96,23,-18,98,67,-18,50,-70,-40,87,-90,-26,8,99,-69,51,58,62,-67,-41,-18,-42,74,95,-7,-98,-41,48,-80,-63,50,-5,-40,5,-34,84,90,48,-58,-60,-62,-47,-57,-22,-82,89,72,-26
64,-63,-73,84,88,-32,-26,13,77,23,12,60,25,97,-63,3,2,68,-4,-100,21,-9,33,13,65,96,59,19,-97,67,-78,73,45,78,-83,-2,-66,39,-19,30,-34,20,24,78,-1,35,-26,-79,72,-93,-26,60,51,99,14,-35,47,-82,-31,-28,-28,10,25,-16,81,54,100,99,-23,2,-70,-43,-97,-51,-95,33,-79,-79,89,94,-87,5,75,-5,35,16,-58,-76,74,12,83,-29,-71,71,78,-73,82,-71,11,87,-43
-31,-30,74,-22,-93,-1,-45,3,-64,45,-43,89,82,-35,11,31,-86,78,-17,-39,-58,-55,-47,-95,-41,-26,78,16,49,94,-10,-34,-3,79,62,-64,-39,-38,84,-100,6,63,-70,50,-41,-30,90,73,83,-35,-47,-20,66,64,69,6,-1,-11,3,-82,-98,-16,27,-90,-27,-94,0,-34,85,11,-39,92,-19,-63,-10,-84,-39,13,-98,43,-5,73,91,24,-40,27,-85,89,23,-31,27,0,-63,-45,28,-43,90,-74,52,-72,-41
-95,-24,-96,88,23,-69,-4,93,100,-79,-73,-65,94,-52,54,2,76,-68,-15,36,-69,-22,12,-24,-49,-32,18,26,-60,14,89,-58,-7,3,12,-88,-47,-29,-61,-44,2,-47,24,44,-10,42,35,94,83,78,60,-27,46,-40,91,75,79,-22,89,-38,-51,-68,-66,-96,8,73,62,-66,65,19,-11,26,-57,-29,11,74,-26,29,-77,-11,-75,-41,0,68,-75,-16,63,1,-18,56,-12,-42,64,22,4,-47,23,-34,-83,19,67
-12,-22,89,-32,69,42,6,-52,-98,13,-5,71,41,72,20,93,-7,-85,3,24,-22,52,25,-74,-98,99,27,-59,-40,91,14,-80,86,75,97,15,-73,-60,-32,79,57,82,-88,64,-61,34,33,54,-88,-77,-35,20,51,68,54,-98,37,6,49,26,-60,-34,92,68,-49,68,-59,31,-35,-24,53,-100,63,-32,-17,-18,68,-53,6,14,-2,-15,22,6,-11,-31,-85,-36,-84,-6,79,20,-95,-90,36,82,93,37,-13,0,-88
20,92,-87,39,-12,27,-72,47,83,-45,92,65,82,-94,-68,-64,-13,8,55,-70,23,-95,22,51,5,-22,100,-11,-68,-78,-80,89,-15,58,-24,11,45,-98,44,25,96,-56,-99,19,93,-99,84,-11,-7,53,97,58,-34,41,93,-24,68,44,-10,-5,-82,87,2,-45,74,-99,-4,-75,-98,7,87,64,81,89,89,39,-47,-20,-53,-13,-62,-63,-80,-38,35,-19,-91,22,24,-44,75,77,50,-15,-40,-11,-31,65,70,42,-9
-49,-34,-13,82,-89,84,-8,63,-39,-28,-74,63,-71,28,-97,-44,12,-85,98,-25,-35,36,-12,-2,-4,-35,-100,88,-8,-47,-43,86,-29,-81,84,-94,4,-60,-90,2,15,13,-64,-97,30,-43,-33,21,-42,60,-43,89,-42,-18,-77,-13,87,23,-51,-100,-97,-20,-68,-59,33,-30,-5,99,-51,-6,35,52,-68,-22,87,-44,-23,27,-67,-35,39,12,-51,-21,-8,-11,-38,28,-5,30,35,-74,-67,29,-61,57,73,-51,30,-20,68
-41,31,-73,-16,-86,18,97,-34,97,-75,-56,97,-49,-3,-64,68,-55,79,-31,66,-88,46,-92,44,-89,-37,-78,-59,-35,-85,-10,-13,72,-15,-5,-34,-73,-31,-27,45,-97,61,86,-93,99,71,70,80,-77,-73,-100,-24,56,-41,50,61,57,34,-67,-98,56,-5,28,-100,-24,10,41,22,99,-42,-24,2,56,41,-71,-69,84,-19,67,-90,3,12,2,25,-39,9,-63,65,95,-58,-78,-52,-84,76,-70,40,-88,47,-59,-41,-11
65,58,-16,22,43,75,31,-3,55,8,18,28,50,9,-69,-37,57,37,36,69,1,11,-38,-1,-59,13,17,-2,-6,35,-37,65,12,3,-46,-94,-61,-86,-93,-65,-12,-31,87,-47,82,-21,43,19,71,48,-100,-22,18,-45,90,-22,36,-90,60,-87,-39,-50,83,38,92,9,10,-7,78,85,91,97,13,93,40,-23,-58,-21,-60,65,-40,-15,-26,-91,-64,-22,-43,13,-39,-42,19,50,-46,-90,-78,-99,-12,81,-98,25,43
-24,32,24,33,5,72,-90,-12,86,82,100,38,39,-59,-84,50,-43,-74,11,-24,92,58,41,50,22,17,-72,-26,70,-91,-2,44,9,-57,-27,-86,-89,16,-40,56,64,4,-59,98,43,-32,1,-16,17,71,42,86,-22,-56,-7,-54,-11,-30,-19,76,68,-28,0,-63,34,-85,57,31,-99,32,-5,99,-55,97,57,-42,-68,78,-35,77,80,-43,23,8,3,41,58,19,7,1,-67,13,73,-17,-17,-71,-72,-55,-45,-85,96
22,45,27,15,80,1,14,-83,-45,99,-83,-3,84,-79,40,-2,12,80,99,53,-79,-21,1,2,79,49,-48,4,-10,20,-93,92,-71,-85,-18,-99,-49,72,80,-38,-44,-38,-54,76,0,-18,-87,-77,22,-15,42,30,-68,40,57,-92,75,-23,-23,75,31,70,-45,-25,-89,61,1,-92,30,5,-51,-58,-19,79,18,37,-14,-58,-93,63,-77,83,-83,58,-40,8,6,81,-56,40,-85,30,-39,-87,-19,-20,-42,-91,-4,-56,86
-24,46,-77,-53,82,-8,-96,2,5,81,72,8,-9,54,92,54,-7,7,91,-7,-8,-41,86,-52,46,-60,-94,-10,-21,17,52,93,-12,-28,-23,75,15,72,-72,98,31,84,26,-87,31,-69,-6,74,96,31,24,-99,-19,3,-95,-66,61,46,-78,69,-39,63,85,-83,-72,69,-93,92,-37,-17,-82,-28,-48,-50,28,-28,-13,-98,-50,72,85,76,50,49,-63,71,16,57,-67,-5,40,2,25,-75,-96,-62,2,2,91,-93,-94
87,-55,-45,-44,77,-13,24,55,20,91,-26,92,91,-16,66,21,-66,-87,15,-6,-81,100,57,8,-76,25,11,-27,-30,56,-92,59,8,64,86,17,-23,75,-42,72,69,64,-43,6,-38,18,-18,14,-7,-52,-83,53,33,55,54,-17,-41,-12,-33,-12,-26,94,-53,55,27,-17,-41,62,-1,-60,-90,58,-21,-43,10,93,-47,78,67,-34,-11,45,-67,57,9,-66,84,58,98,28,-14,47,-35,-100,-37,-68,49,-74,-66,83,-63
-40,-57,7,52,-30,-2,75,-38,-16,99,-54,45,89,90,100,62,92,-3,-48,-94,-20,8,23,-1,53,67,-67,11,87,-1,-18,-54,-91,17,-64,-21,-28,55,-88,-93,81,59,-71,-9,-30,-32,-93,-59,-41,55,8,-1,85,-18,88,-7,74,-84,-45,3,58,50,-92,91,72,4,-50,33,-69,-14,-28,38,75,11,62,-58,12,48,-49,-39,-95,-90,9,80,-71,-45,-62,-30,25,-73,25,20,-83,-92,86,46,-35,-14,-93,62,-44
72,-10,0,-49,-5,51,62,-37,-24,13,87,-73,-17,-39,79,22,-11,-91,52,-92,-38,-43,-97,5,37,-90,34,19,-84,-86,-58,-24,5,-90,90,88,-25,-82,65,70,-61,-48,-100,-92,-89,34,25,-46,-69,-97,66,62,-52,40,-27,-86,-61,87,64,-90,-45,48,-41,21,34,94,63,-23,75,-28,53,-11,48,-53,-78,51,-47,-72,63,-25,73,-63,48,76,-31,10,81,51,96,72,-63,-16,82,-30,47,8,19,76,31,84,100
-20,-22,-75,85,-5,-18,-11,6,51,-25,-49,-85,44,-45,-59,17,-72,13,26,31,24,16,-31,84,65,92,57,-39,69,48,-34,-33,-80,-56,53,-39,32,32,38,27,7,23,-20,-55,22,41,39,70,-81,24,98,96,37,9,-60,51,-27,0,47,-70,-63,72,80,51,-83,67,80,13,20,-60,7,-46,60,45,72,64,57,58,-46,-6,57,67,-36,29,86,71,-70,44,-24,-25,92,-49,-66,22,-1,89,56,-55,-59,98,-90
35,-19,-91,-45,-51,-62,3,-60,-44,-68,-29,56,-1,-6,35,-85,-29,-36,31,-46,-66,-19,-47,-22,-36,22,52,-18,-59,57,-11,-4,-14,84,38,-35,61,76,48,-97,-33,-98,71,-75,-77,-46,74,52,-43,-11,-5,10,91,-51,-57,-97,95,79,96,-38,60,-6,-62,38,28,45,-41,9,11,1,-68,26,40,-83,23,-34,-36,12,66,24,61,74,-9,22,-23,-23,3,28,-28,84,-48,66,61,71,55,73,73,37,2,-85,-63
51,-13,-48,-38,-49,-72,-88,6,-89,-92,-62,-45,96,-90,-89,-74,-86,-61,60,-71,32,-44,3,-92,-45,7,-57,-90,86,-75,39,10,-69,18,-6,-16,49,3,-45,-95,26,-51,-99,1,29,-72,-64,-66,7,87,29,62,31,-15,-66,1,41,57,-62,92,66,93,-72,-34,29,-40,26,-76,-37,-26,-44,95,76,-49,-65,21,1,-30,57,-94,96,-99,47,-88,-7,100,-69,37,-64,42,-85,-16,73,-66,17,96,62,15,2,-65,-93
-79,-95,-100,-99,13,78,83,15,-26,75,100,-35,47,4,90,-8,35,-86,74,29,43,35,-35,9,21,-36,73,27,-76,51,-85,-82,-48,-52,91,78,73,57,-58,-65,-12,-64,13,16,-17,96,32,-3,35,-8,-83,52,64,79,-6,-25,24,-30,-45,-21,94,98,68,-83,28,74,-85,-63,74,-33,-35,-39,-49,51,23,-5,39,-74,-23,-58,-15,-97,96,-27,-89,17,-86,89,-44,-61,-51,29,-94,-42,89,42,53,-38,-86,-60,-79
-62,35,96,-90,24,53,5,-88,88,18,42,67,6,-57,23,-77,10,-40,14,-60,-36,8,58,51,81,-72,-96,-69,-57,-23,-45,65,-75,-75,87,73,87,67,-53,-5,44,-14,-72,-43,-52,-79,-13,-69,67,98,-70,80,-31,60,32,-80,-65,-19,-22,9,19,-68,-32,-37,61,93,91,-52,62,72,31,32,23,94,14,97,85,45,-93,77,18,54,31,-10,-68,8,-83,-12,-55,-6,9,-7,94,-10,31,-17,-77,74,49,-23,-90
69,-69,11,-27,12,51,29,-66,-80,61,82,7,39,3,-43,33,87,9,53,68,80,65,37,24,-41,-65,-38,25,63,-39,-31,83,-79,19,48,-35,-99,23,34,98,33,55,-14,88,33,1,-85,-52,30,65,15,-23,34,75,77,-66,-49,-48,75,-29,12,6,89,18,97,77,-11,27,77,-17,23,47,-96,-16,-30,45,-49,71,84,37,-38,26,-72,-34,-1,2,-8,-81,-8,29,-7,-78,-59,-8,78,58,-52,-23,53,17,28
1,-68,-8,-45,95,-30,50,10,85,38,-9,53,-78,-45,-51,-29,-46,-16,-7,-50,-89,92,57,14,-14,-6,68,63,69,-35,92,37,-96,14,72,100,32,-35,79,59,18,34,-40,-9,-42,-94,64,39,-71,90,-62,35,43,-15,23,-3,-12,54,-61,-14,38,7,-56,88,-13,-10,-55,53,94,-84,50,42,-26,-71,48,-41,-42,-84,1,-52,20,-2,0,3,48,-73,-56,47,41,-66,44,-69,-2,69,-59,-11,-83,8,66,-42,-31
24,-87,32,67,90,-90,75,-54,68,-26,84,3,-92,55,51,18,3,-15,-43,-93,71,27,-67,89,-63,2,-87,-81,90,-17,16,-82,29,47,82,-44,56,11,39,-46,65,84,26,46,-96,41,84,-40,-6,-75,92,-74,66,-21,-79,-60,25,-20,47,88,74,23,8,21,71,-85,-30,23,29,64,39,-28,13,51,-65,91,-10,-85,-89,18,-82,-34,71,80,-47,18,77,-56,-74,46,32,-63,-81,-53,76,75,-34,78,97,56,-26
-13,-21,99,85,97,55,-58,78,6,-16,31,1,-30,-56,-22,6,76,-94,-54,72,13,-65,76,-66,52,71,-83,-77,-94,-70,-92,72,28,-14,19,-78,-8,39,62,17,38,1,-44,62,-34,-85,65,51,50,64,-13,-38,41,-24,-34,32,-8,-6,84,-98,11,60,26,-3,-26,34,0,82,-40,38,-67,7,-5,20,58,44,31,-26,-17,85,35,-30,-6,30,-25,-76,86,-20,-76,26,72,96,68,46,99,32,72,63,92,45,25
-99,-15,4,-65,-95,82,-5,63,-34,-83,90,49,-55,-97,5,12,80,38,97,4,-85,75,-47,-20,-88,-87,-47,-51,-98,-50,-21,68,-24,90,-46,89,-38,-51,-100,69,91,-66,-72,59,-50,-87,-30,-37,75,96,73,-17,75,-3,33,-6,-31,67,73,8,-34,-87,-35,41,-86,-47,35,27,77,-70,64,38,-6,39,32,-50,-1,21,40,86,-26,20,79,-60,-46,-34,-99,4,6,-12,-7,6,-16,25,-99,85,58,-31,-78,72,-64
-29,-69,39,19,-31,-89,35,82,-49,89,-71,100,-12,-38,12,-62,-37,-35,48,-61,51,88,-76,62,18,44,-79,83,-36,-59,37,58,-93,73,-81,37,-85,69,46,75,93,49,-10,59,-85,23,-90,40,-89,87,30,64,44,-29,3,17,86,80,-79,28,14,-8,-18,68,-29,-61,-18,1,9,89,-69,-1,53,86,-86,-42,-76,5,-46,77,68,21,-28,-70,-64,10,41,0,-79,-53,-19,62,41,-26,73,1,-12,-59,98,-15,-41
-53,-38,-27,85,66,-16,-29,-30,79,-33,-41,-29,15,-47,-92,14,-68,-40,64,20,-89,95,-26,81,98,25,-71,-75,5,-28,89,45,55,83,-39,90,25,-9,-61,35,-46,40,53,-61,54,-84,55,55,-75,48,-97,92,35,24,72,-12,-36,-59,-40,14,-17,20,29,-96,-91,-7,16,-81,-3,15,24,-16,-96,-6,-56,28,-64,-90,97,1,49,4,-21,8,74,-77,9,-53,-71,-42,32,90,98,-59,-75,88,-46,56,-56,70,63
-25,-30,-12,81,-21,-93,1,-97,75,16,59,-49,49,-32,-80,-89,-10,-28,36,-70,-31,48,70,-50,69,-54,56,-14,20,-12,-17,-99,-50,62,76,-81,100,-3,34,-67,32,6,54,-70,45,-25,-94,95,-69,-13,-44,80,-33,-3,-1,56,80,9,87,-2,9,38,-35,80,64,5,100,3,-39,-20,69,-18,37,64,-31,-36,5,-6,42,-45,15,-8,54,10,91,-54,-79,-63,32,53,-55,-36,-31,-99,25,35,19,63,73,-34,54
-88,19,96,50,0,77,12,74,59,8,3,-15,33,-81,-32,95,-75,-69,69,-49,-15,-34,12,-63,-3,-18,-84,-2,-73,45,-37,23,64,13,-15,-90,49,25,50,-91,73,-89,77,-76,-3,14,66,-26,-4,63,60,-12,100,20,40,70,-52,84,-76,-47,48,-92,-85,29,18,49,-73,-87,55,-68,-86,21,97,-74,34,21,21,78,-61,-61,92,-74,68,90,71,-36,-2,-88,-21,86,-98,14,-68,55,1,-95,-48,79,29,54,-80
49,5,-74,-100,86,-7,2,59,-86,43,-43,92,-65,67,90,0,19,72,51,5,-47,-90,-53,81,-7,2,-38,54,93,-25,77,-62,-89,-30,-54,-76,-22,54,-74,-42,41,-50,-9,32,-12,69,49,-8,-48,-26,30,-13,-45,49,63,-97,27,94,-16,67,71,-16,16,-7,39,-42,-17,-20,4,-4,-48,-21,-100,7,-43,-42,42,-40,66,31,5,5,-80,-29,-13,83,64,39,84,67,-14,-47,-6,0,-51,-62,31,-84,27,-3,44
26,-92,-21,-44,-16,90,-3,8,72,-16,92,-62,3,-5,-50,-100,45,-82,50,-89,-52,-69,56,-87,-36,-49,-38,-70,-7,-100,12,-69,73,82,52,-75,-82,-1,-39,-46,-65,29,-97,96,-8,75,-8,-38,-25,60,57,-35,-33,-58,78,-31,51,71,11,-41,58,-1,62,-80,76,-23,79,-54,99,-34,-87,56,87,-57,-92,-99,85,87,40,93,-7,43,50,-29,-91,86,6,-57,65,93,-54,-38,-75,-64,78,49,-79,27,-19,-58,-56
100,-79,88,100,58,5,-65,-94,25,-57,-97,-80,-82,32,-22,-3,81,-62,73,-70,65,-74,0,-25,-2,26,-4,39,-26,97,74,-2,-77,-7,-26,-58,9,-49,27,-82,-100,-55,8,43,-55,-7,-67,-17,-19,-57,-23,13,-87,-17,42,-28,14,-13,-61,-68,-96,-18,29,65,46,-7,96,-25,-54,37,-11,-10,30,-50,32,91,-74,-59,-89,44,-14,50,-69,47,22,31,-57,23,-8,6,-45,-78,-90,-98,59,12,-23,81,12,-31,51
-33,-12,13,68,98,-76,49,51,-4,61,23,62,23,93,-2,8,-17,-49,86,-64,-96,85,35,14,-86,42,96,-20,-29,-40,16,50,-54,-51,-8,-53,-20,70,29,-42,-34,-8,-13,85,80,-93,18,55,9,-60,84,1,26,73,-25,49,-48,13,74,88,78,-6,-43,0,36,-77,32,-72,-97,-62,-27,-70,94,-35,-60,81,43,23,-25,-52,45,-48,38,6,36,-21,-91,13,36,45,-2,-32,-21,-80,-29,7,54,-85,87,-62,-44
8,70,-38,-21,12,7,1,20,80,61,100,22,-37,33,-17,-40,-34,-81,-24,61,-93,-79,49,11,-40,-63,40,42,64,10,-30,5,85,99,-71,93,13,12,-43,-92,-53,-30,8,94,73,-7,62,63,-6,-40,15,-40,90,83,51,-4,45,-9,9,-71,73,15,-45,43,66,-69,-17,79,-3,47,27,-85,-83,-89,-27,-30,46,53,-58,-93,-43,33,-46,81,-72,-71,53,69,-17,-55,-56,-87,-69,19,-29,-39,46,96,44,24,-94
64,-93,10,67,87,-60,-97,-50,0,52,79,20,-13,-87,85,31,8,99,-13,-71,86,43,13,-53,-83,53,67,-7,-53,45,15,-46,63,-19,-14,-42,-44,-51,4,-7,-62,-97,-64,-64,-62,35,1,-46,-97,47,28,-87,2,1,1,49,-79,-10,-65,13,-93,-54,-37,55,16,-70,28,84,-5,-36,-18,-15,-23,71,-44,55,47,-7,-68,38,-34,-19,-75,86,56,-44,8,-34,43,53,-28,-7,-83,-72,91,53,-6,-80,31,-42,-24
-18,9,-96,-50,-21,-72,-51,-51,25,-68,83,20,-79,14,-50,-66,-78,-27,-90,16,43,35,-49,73,-29,-48,-60,7,-37,79,26,11,95,-37,79,-59,15,-35,-38,93,-48,-8,55,12,-90,-56,-4,-67,-42,85,23,-1,45,-30,63,-11,-29,45,-49,100,32,-76,31,-83,72,71,-41,42,-65,51,-89,17,80,43,-11,-65,40,-79,-100,65,-35,-95,-41,20,91,-74,-39,-49,60,30,-8,-11,-40,56,-65,-95,4,-82,65,58,-77
