-38,85,-32,-62,-57,90,69,51,53,82,-32,57,40,-23,-83,62,79,36,-5,9,-45,-17,-48,69,-31,-67,51,-87,-71,-58,62,-23,-28,-99,65,74,43,86,45,-67,-16,-71,-67,4,-93,29,-88,64,-31,-53,-58,-59,-9,-13,4,98,28,24,-12,11,-69,-98,60,-66,11,-60,34,73,98,53,-73,86,70,-26,-41,6,90,-36,52,-41,-98,51,-38,3,-40,60,68,-75,-6,96,87,-21,-80,66,-24,64,98,24,47,-27,-78
-98,21,10,1,-56,45,15,96,-47,59,-23,-83,35,-97,91,-43,-17,-28,58,-54,-7,96,-98,-89,54,62,-24,-49,100,72,31,21,-46,-61,-65,-43,-47,15,99,-36,22,96,-1,-12,-42,37,35,-70,-71,-64,-28,96,-47,52,55,37,-89,59,32,22,34,-52,3,67,-69,12,-75,-60,40,-31,-68,92,87,-65,-68,33,11,78,-91,77,-25,-81,37,34,21,-57,69,-8,-63,19,-1,-73,88,-49,-52,88,58,99,-32,-49,32
-34,50,-86,-32,39,-90,10,-4,-78,-95,-7,-63,-34,45,-65,-95,53,51,80,-89,-96,-1,-58,-80,93,-77,1,-53,65,23,78,-84,-60,-42,-12,-76,22,-37,41,43,9,-98,-34,61,-88,-100,65,28,-34,33,-5,68,90,67,-48,-17,69,0,25,-35,82,-91,78,13,70,-90,-41,-53,70,-32,-8,45,24,-82,-95,49,59,25,-10,80,74,98,89,55,-39,43,79,-70,-32,65,15,-89,33,-44,71,44,-88,-5,-99,90,-28
-66,34,-28,-38,-96,80,-63,-44,11,-99,-94,-59,-79,80,61,75,30,22,-36,-6,2,-46,93,-23,65,16,0,-10,-20,-74,28,-3,4,-92,-18,21,-13,76,69,-90,55,-3,73,77,-14,69,-65,53,-41,94,41,-97,-68,-56,79,-51,-17,71,24,91,-85,-5,-51,-25,-61,52,99,19,-26,24,75,-19,-31,-96,-28,46,51,32,80,-62,9,-30,-11,96,-20,23,51,-57,-32,-8,-5,-41,89,-89,22,6,72,-73,47,-53,-89
46,63,94,1,-42,18,-44,-33,74,10,-99,61,-31,-88,-51,29,59,-95,73,-59,-29,-40,3,-23,57,87,39,75,69,-88,-5,-51,-15,-73,-58,-51,19,89,-39,-44,17,-59,62,8,-5,26,6,-48,49,4,73,-32,-43,-88,33,62,-75,31,-50,10,21,62,-79,26,20,78,62,9,-16,87,22,-17,94,-50,94,-39,-31,20,5,-31,65,-15,-75,29,16,82,7,-26,52,64,87,92,-12,26,-52,22,39,-1,97,-66,-95
5,4,-18,-26,69,43,7,75,14,-8,22,57,-80,40,-68,35,-12,-93,-2,-9,36,94,74,92,53,86,72,71,-98,57,79,-52,-49,32,-65,70,-3,-43,47,-33,53,-20,39,26,2,88,-94,83,-56,-27,-12,-91,31,50,24,-55,29,65,-98,49,-94,-75,-38,32,-8,92,-59,22,78,99,94,-54,-12,-92,-15,50,-31,93,-50,3,4,-63,46,69,66,-90,59,-50,7,-77,-1,-92,67,10,-22,56,47,13,-50,65,26
-69,-11,-2,-95,-86,-54,94,96,21,34,-52,-70,-56,44,-53,56,-55,42,76,-25,-61,83,40,62,-48,55,-48,-16,-44,-45,-22,-65,62,-9,-63,30,65,-68,-58,1,39,31,-68,72,-15,58,75,28,-86,25,-87,63,3,52,-63,-62,-40,71,-42,-29,-89,21,-51,-83,10,-41,-80,65,20,1,26,82,79,61,-35,36,80,-96,-2,72,18,49,16,-43,58,53,-32,39,-87,51,18,-62,93,-2,-81,-67,83,63,-14,47,39
-20,-32,-47,-86,93,96,-68,-16,-97,62,57,4,-78,81,8,-86,-75,0,-87,36,-3,-60,47,5,-53,-43,28,-82,-12,34,-65,85,-77,-49,33,82,55,-33,-40,-47,-78,82,-20,-82,19,-67,6,74,97,77,-92,-42,-41,-19,-100,-67,-22,-79,87,39,80,72,97,3,53,-17,71,-55,-45,47,-91,-70,-5,80,99,60,-93,88,-95,39,-12,-82,2,-13,33,27,26,-70,48,33,-92,41,74,97,-31,69,-24,82,-53,-99,-48
-49,-23,80,-1,-72,84,0,-84,-86,-60,-9,-44,33,-12,1,-6,-18,97,-45,24,13,96,49,-4,1,72,77,9,24,0,84,59,21,-17,-69,-34,-95,43,72,-15,44,-65,17,64,-23,-86,-53,66,-7,-87,74,68,-15,74,62,8,-76,94,65,55,27,-35,-78,-93,-45,-10,65,-54,35,44,100,-74,-1,7,-44,15,63,46,100,-43,-95,37,-95,-93,-45,12,4,-91,-98,-27,76,-6,85,-32,-25,-54,-87,40,-86,-58,-9
-84,-95,56,-79,96,43,-56,80,-69,-58,29,-70,-51,94,64,96,93,3,34,-62,-82,-49,87,-59,22,34,-78,-54,1,-64,-63,23,-9,51,-57,75,35,-56,95,-31,82,44,59,12,-35,-46,83,98,-34,-46,-53,-35,13,-64,-45,-64,85,18,-44,-85,45,-53,-49,-10,67,-22,-75,-65,23,-73,-4,-5,-6,-87,80,69,-67,-48,-65,-59,29,-24,-6,-20,-54,32,-11,52,69,-79,81,79,-61,65,41,-60,-16,-83,-12,54,-95
1,13,-63,-40,-63,9,-23,-82,-50,-67,-78,-87,-99,44,29,-13,93,-74,9,-43,-61,34,83,98,-3,0,-85,-33,-48,18,-44,-26,-33,11,-12,-3,100,11,27,-9,46,-90,72,77,-97,97,79,-71,5,5,-97,-60,-20,91,-71,66,-57,30,-73,-52,53,-20,63,-27,-16,-72,73,17,0,-41,64,100,44,-79,-81,82,93,-2,49,47,-4,-52,47,30,-16,92,23,16,-97,0,-47,69,93,-70,-4,-32,-84,16,62,-39,9
-39,-93,-91,-97,4,-52,-5,38,18,28,-6,25,57,82,-77,-59,65,-15,38,-94,79,9,34,77,-70,86,-64,-13,-62,2,-61,-28,6,-4,12,27,74,85,-63,60,-38,-48,-44,86,-68,-61,-25,-51,7,-8,-14,81,-100,86,15,-77,19,-26,-58,-15,63,-53,91,-70,-4,61,0,-100,29,-36,-1,-83,84,13,40,47,-99,-90,27,-93,47,-27,-48,-14,-73,-13,89,-75,-81,-61,63,-98,-37,33,-99,-94,-41,-83,-53,74,81
-55,-13,-57,-43,43,-34,87,20,86,-69,-17,-49,46,92,7,-75,-92,-9,-15,52,-51,-95,71,44,-26,-99,48,-72,-30,-20,14,6,-63,-75,-13,-83,18,37,31,-11,-85,-87,87,-26,-73,-23,-68,-70,93,68,53,-85,-55,-65,71,58,89,72,64,90,78,-51,16,-43,30,23,12,78,-74,79,-26,16,-89,-38,-49,-34,67,27,-73,87,14,-74,88,3,-18,-82,79,50,-26,-54,47,-86,89,-6,69,-78,-7,8,-94,97,68
-21,-53,-86,21,-22,-100,-32,-34,97,-38,-84,-29,-85,-60,24,-30,67,55,-59,-66,86,-58,-90,-31,76,-1,-57,42,49,-82,-33,-70,47,-50,95,-79,100,21,-3,-90,-88,-34,-40,24,96,-70,-52,-51,76,69,-71,-8,-41,7,-53,2,-34,94,46,88,-90,-89,-9,-54,49,-10,-63,19,-18,50,-92,-66,62,49,51,-94,70,-17,-63,43,-45,-12,-97,-35,46,4,47,-85,-74,25,7,88,-69,-59,-20,79,26,-9,37,55,-66
-19,-52,-38,56,94,-30,-65,-11,84,-38,11,35,-47,67,-49,-51,-8,48,76,41,-30,-84,13,79,20,-24,-74,67,-38,61,-36,33,-82,61,-62,74,-95,18,-53,-7,27,98,5,-4,50,-73,-78,26,38,-35,-31,-91,58,-53,-77,38,6,-63,-35,-24,-63,99,99,-9,-24,19,34,89,-12,5,3,45,-54,64,17,-79,-93,-85,-92,76,-46,45,91,51,71,-98,-92,80,97,-17,-33,29,73,96,88,-91,51,-92,22,47,3
43,16,-24,49,56,12,-28,-42,-15,-3,37,14,43,69,-70,-95,-15,41,-59,89,-64,50,-24,-76,79,43,-91,-58,41,35,87,96,-73,-48,-31,-1,63,59,-86,52,-86,81,-76,-27,31,-29,-24,-62,70,-83,-79,-66,-43,56,0,10,83,89,32,-35,11,-13,20,93,11,-73,34,-15,-7,96,-70,72,-36,-93,-24,-88,-66,-4,81,-87,-7,60,52,87,-67,86,-66,38,51,-81,83,14,-100,-6,-12,-68,-14,-14,-99,65,62
-100,61,54,56,-76,0,66,83,-11,-84,-91,42,86,36,100,47,64,-85,-55,74,62,65,95,-89,74,2,-61,22,-15,-60,-65,59,27,-90,1,-51,71,48,-75,-90,-43,83,43,-81,26,61,-26,-96,-45,-23,76,27,23,16,-30,48,46,4,-66,99,-18,73,23,100,37,-84,35,8,-20,2,-86,-11,81,69,65,35,-58,30,-41,-55,55,-80,80,-25,-1,-63,84,41,69,-18,97,36,24,45,-43,9,49,-21,-81,-66,84
-56,-77,-50,79,-50,37,-77,48,73,89,-96,63,-63,58,-74,47,-92,-48,7,-59,81,80,-34,50,-56,64,2,69,-35,-100,44,97,99,-93,95,-65,9,12,10,63,65,-8,7,60,90,77,-39,94,13,-41,3,-2,-51,-43,-44,13,-79,-92,37,20,39,15,-61,11,83,56,42,-57,59,80,-40,97,-99,-3,36,-100,85,-43,74,42,43,18,33,41,86,89,-98,-56,-80,57,-54,-78,-88,52,-16,-57,89,-82,79,61,47
9,86,36,-71,-67,38,-62,-7,-64,92,14,38,69,15,-89,-39,-80,-89,-93,55,-15,-9,81,8,50,49,70,45,37,65,43,42,19,61,-15,-24,52,19,82,10,-12,100,-95,36,-11,-40,-52,-98,-78,57,-33,-32,84,7,-64,-45,57,-23,-46,99,32,-52,-55,-3,-63,32,-64,-81,10,-21,-89,73,15,65,-11,4,49,-78,31,-45,41,-36,58,-58,35,99,-83,-32,84,-10,-90,-91,36,-51,-21,-98,-97,-79,46,-75,-77
2,-38,-91,73,34,-16,-24,-11,11,34,56,-21,-5,-25,57,-78,0,-62,-57,-38,-91,-3,86,-82,72,16,28,74,45,-72,-80,-45,-50,12,-61,30,96,3,-13,48,22,-46,-96,98,-24,-27,-23,-54,56,57,-30,18,-57,12,94,96,89,-13,16,40,-18,-51,36,-57,-78,93,-66,-93,-91,-49,33,-26,-44,-60,96,46,-53,-19,-74,46,26,-4,-60,82,94,-63,-6,35,-36,54,20,18,13,-71,2,-84,23,-88,63,15,-35
42,81,-93,66,81,13,-80,-19,5,-64,39,-62,-49,84,-16,78,-53,-78,-68,3,4,-20,30,-85,-1,-37,78,57,15,-3,45,-46,84,46,9,-71,-70,54,-58,26,4,-100,27,-22,7,-40,-10,77,27,-21,50,24,-83,80,12,70,98,61,11,8,-75,-6,-76,-32,81,11,-39,20,-89,-81,-77,25,49,48,77,-25,29,-50,-5,-76,-97,-4,-15,-15,72,-63,57,-99,24,-54,-80,-33,39,-31,-73,-62,-100,-88,-82,10,-36
15,82,-54,-54,-91,-12,-76,-55,77,92,54,-4,-65,-72,75,-20,65,-68,11,73,-52,54,-62,36,-40,-31,21,15,46,-82,-11,12,-14,-56,94,24,14,-59,-48,36,-95,89,39,0,-80,22,-80,1,29,-70,-49,1,50,-95,4,-52,82,-29,77,-92,68,-56,98,-45,57,-12,7,-22,-49,84,90,65,88,-97,-71,-42,-20,-5,28,-90,90,95,-67,13,-6,-9,-96,64,-3,67,-86,-33,-6,-74,56,-7,12,-13,81,74,-69
-73,57,-38,18,-3,22,-30,-78,76,-85,39,-16,-36,-55,-60,-19,43,27,16,-53,51,93,-38,4,86,-79,33,-56,-30,-38,95,71,-71,2,12,-17,44,97,-65,-76,33,45,0,76,4,45,-6,-8,-16,63,-47,-68,-88,-28,-95,-12,2,-23,75,-97,-20,3,-47,87,-38,-40,78,-17,-38,-39,16,-52,-83,-2,45,22,21,-92,-65,1,-95,32,-12,21,86,-5,10,7,24,39,-100,-37,30,-84,10,81,34,44,95,-17,-39
65,-22,-21,91,-93,96,9,-98,-50,-78,44,67,94,-36,-38,-36,-24,-44,-1,-76,-42,14,-23,3,-68,70,-1,-43,-97,17,-88,-6,22,60,79,1,47,-49,-6,94,10,-2,73,22,-79,34,-49,81,69,-30,-20,-64,-44,-65,-40,-39,55,-14,-98,100,-2,8,-36,-31,83,75,99,70,-96,24,23,100,15,-59,-94,77,-9,-53,50,-35,35,-78,54,6,33,10,52,-33,34,69,64,-28,59,9,-82,63,-83,-10,35,80,64
-35,14,-5,-27,-28,40,-77,-97,-88,-91,58,91,64,-41,77,-70,-84,-87,73,72,-65,-42,-54,76,62,20,29,-87,65,-71,75,63,-39,77,83,-55,15,-85,19,81,32,46,-6,3,51,-43,49,64,1,88,52,-10,-93,66,-33,-14,-94,-66,-65,54,73,41,-48,-33,-83,-84,-92,-19,36,97,88,29,0,26,64,77,71,98,-44,-10,-91,59,41,-65,74,75,-27,42,59,29,87,19,47,-72,-53,31,-25,39,75,21,-76
18,-100,75,-69,-80,0,-5,-83,-14,-36,43,-51,46,16,3,72,48,60,100,32,-88,-26,-22,32,18,97,7,87,62,54,52,30,-12,55,-96,-88,-8,68,21,14,15,-97,-78,89,75,51,-13,-27,-8,81,-3,27,-17,48,-100,-16,37,99,-95,-8,97,71,79,-77,-69,84,5,88,48,-35,-38,-89,-90,17,-33,34,63,-4,52,87,-44,-25,-93,-40,83,-73,-35,-6,-60,-94,-93,57,70,-13,-56,81,-72,76,-65,-43,-94
56,-42,4,-3,-60,-47,-66,-38,-11,86,-25,-81,99,45,46,43,91,-51,-78,-37,54,-5,64,-73,-31,-97,-83,18,-9,-69,-98,36,29,90,42,5,-36,72,0,88,-39,62,11,50,40,-66,-96,40,53,78,42,16,-2,35,-59,-56,60,-64,45,-2,-21,46,10,-34,-27,-55,-91,1,-35,-15,-57,-52,61,38,39,26,45,46,-99,-39,-27,91,-38,20,65,-15,53,-26,100,39,-93,61,-75,-70,56,-83,-79,-1,3,-74,53
-5,39,7,22,73,19,-44,-72,-39,53,96,73,-20,-93,-70,-53,-95,-57,-10,38,24,-87,15,-84,28,-47,-47,-90,99,76,-80,-3,-74,-18,87,-61,-88,-63,-3,51,95,57,-67,-92,85,-37,-64,32,-77,64,37,-30,-89,-24,-35,6,-65,-5,37,-95,23,-70,88,-80,16,99,91,-80,99,-80,-77,-70,-81,20,-91,53,65,29,-9,95,-16,99,41,9,-49,-43,-99,-57,-5,-96,24,-56,32,18,-47,-8,29,20,-35,-50,-84
21,19,39,55,-90,-12,18,72,26,-79,-66,-91,89,35,11,-43,-15,57,29,87,74,-35,61,-12,15,-75,34,-95,-24,-34,65,-82,5,-13,-62,-45,55,-49,-49,28,-56,22,37,-17,43,-51,-59,77,-5,-37,-32,86,-41,46,31,-45,-97,-3,100,18,-19,-12,66,-30,-83,22,57,-89,5,-72,81,-35,18,-30,92,-65,10,85,-63,-15,13,36,82,88,10,-14,-68,-20,-61,84,75,85,-9,-73,-26,81,53,70,83,-12,63
84,-96,42,-91,39,-24,-36,-38,-47,21,66,-4,-55,78,12,24,74,47,92,-79,89,-90,44,7,-41,-10,-100,-61,31,18,-21,-47,-11,-21,-63,43,27,96,-97,47,-75,-54,-4,-72,0,95,-53,-25,-91,-80,50,73,28,-39,-64,51,-28,-98,53,13,37,74,-2,24,-9,-69,11,4,95,16,3,21,34,77,-2,-93,41,-26,98,28,-3,-70,11,-32,-1,-82,59,-38,85,-51,-65,51,-34,52,22,76,-21,-100,-91,-1,28
-95,-100,61,-10,53,44,96,-98,63,94,-23,0,37,-13,-43,86,-60,61,-67,-70,-88,-68,-67,40,-88,-90,3,1,58,15,91,45,-66,-64,-43,99,53,-6,-19,-17,-95,38,-6,-46,100,-52,2,-50,-91,-13,-58,38,-30,82,33,-77,61,57,43,5,70,1,58,-80,23,-3,18,15,15,-76,72,50,41,47,8,-81,15,-46,65,75,-51,52,47,-75,-32,42,75,56,-80,-100,-69,60,-12,3,100,-21,21,92,-39,100,26
60,100,24,41,-75,-37,-31,65,-23,34,78,-46,0,23,29,69,28,-54,80,-56,89,-38,67,63,54,-75,-75,87,79,54,-48,54,-43,-67,60,-73,-11,47,-53,69,39,2,73,-63,-5,22,35,-56,-41,-68,-84,-24,-3,82,-5,-5,-84,-77,29,30,-52,59,54,-55,70,-4,-77,3,24,44,-47,31,31,33,-89,52,-10,72,-77,6,-75,-54,-38,98,-55,-83,-68,87,-66,78,-27,85,-60,-99,47,-30,-16,25,-45,-38,-79
-77,70,46,6,-19,6,59,69,-12,-56,-31,-80,3,-38,-56,-79,80,24,-68,-16,-74,11,-54,49,-79,-82,75,-25,98,82,6,-16,-36,54,-89,-16,38,82,-45,-9,-30,-49,-84,-43,71,-52,-69,100,-84,12,-47,-88,47,68,-88,-14,49,-72,-52,68,38,-36,-34,-69,-86,-34,-19,12,-85,-23,30,-67,-25,-7,-68,-86,37,-96,79,73,-2,-85,-28,29,-32,40,-56,7,-26,22,95,86,-39,-28,0,-70,5,-66,-1,58,-98
33,-40,-63,-78,-98,-46,4,-84,-18,-15,62,39,-95,-33,38,-32,-10,-67,-58,76,-82,32,89,-90,-40,-41,-25,79,58,72,94,-17,-76,84,81,45,1,-66,72,47,-12,-63,-80,-83,-35,-4,58,76,-60,-83,-43,17,84,28,54,65,-53,64,92,73,-83,92,-55,-3,-96,-2,89,90,11,-73,-90,-3,-8,31,-34,-46,-72,99,47,4,75,73,37,58,86,-79,-6,28,-99,64,-18,-2,-5,67,49,40,-34,-68,-40,-28,35
-91,-78,-67,-63,7,16,-77,-89,48,46,37,83,19,63,24,61,-45,-66,-18,-42,-20,32,70,92,-21,-6,48,-1,66,33,-96,25,-99,85,42,12,-30,26,0,100,-19,-89,-85,56,46,93,42,-86,-57,79,8,76,96,95,-10,-40,20,88,56,-88,-45,35,100,86,-58,85,47,-4,-89,-10,4,99,23,-19,58,57,-75,42,-78,60,20,-36,94,79,-89,-38,44,24,-30,-23,-76,84,33,37,29,71,-93,-84,37,6,-6
89,79,-71,88,34,82,60,66,-28,58,76,-95,45,-18,39,-79,-30,96,-44,46,-87,-90,-95,-8,62,96,-61,10,-8,-49,97,31,72,-96,-5,66,-45,-36,58,47,29,61,-63,88,-43,82,-99,80,43,74,31,-93,-100,-53,-93,-43,2,62,72,0,-45,-26,88,0,36,87,-75,-13,-70,-73,61,-25,-58,52,-87,1,-12,77,-10,-76,21,33,87,-65,20,96,100,94,-54,49,89,-12,99,-82,-57,-13,37,56,-30,-91,7
-56,21,85,-37,-95,-30,-79,34,-36,30,-38,-46,-57,-78,66,-75,3,69,39,-20,71,46,39,-14,23,99,-77,-21,-67,79,71,-8,69,86,-89,29,18,70,-27,-82,34,76,25,99,73,21,62,-37,24,-42,-35,-3,100,18,-80,-66,50,-10,71,-65,-11,47,26,52,21,-75,3,-13,56,9,70,14,-65,-2,-24,64,-82,-52,36,-21,-48,35,-15,-19,-20,-68,-90,-63,83,98,13,-64,-43,90,-11,-80,13,14,22,18,37
-28,-39,-6,-88,-73,-10,67,-98,34,-30,-93,56,74,-93,-51,-22,-3,-73,-89,25,-69,-42,-40,32,-56,-84,73,97,-41,35,15,-83,-96,38,-80,-14,8,-42,-1,-84,-58,77,25,-24,-57,-48,67,-3,24,-22,14,-82,-90,-80,59,-90,37,100,-29,-66,-72,-46,9,76,73,-6,-62,-2,10,17,71,-6,48,-63,23,-60,62,2,81,61,72,85,-24,-32,-5,36,57,19,70,61,57,-54,-38,55,28,-72,-100,-43,2,28,-22
-58,84,99,-18,-5,-18,-27,99,89,-100,85,-80,-19,-14,63,-91,51,48,94,82,-87,71,-3,52,46,-93,-18,42,48,79,48,-27,-94,76,-28,96,-22,-59,41,-19,-70,51,70,-16,-27,-59,-50,33,0,-57,-16,-28,-61,-91,47,52,97,98,-64,-46,-20,9,95,80,39,-86,-35,-64,-78,91,-41,71,-37,-99,-37,-13,-35,-41,-40,15,-53,41,-80,1,-16,37,19,-4,2,-20,-38,61,27,-57,75,-24,-29,1,-64,95,-98
2,73,69,83,71,14,71,-36,51,78,-62,-57,-24,15,-59,-54,91,12,-24,-23,-3,61,-31,-9,38,39,85,92,-3,3,32,50,-45,83,58,86,-20,94,71,51,-84,7,53,-32,22,82,-96,-14,-79,-97,78,-96,-47,-88,12,27,85,40,70,86,-40,-42,74,94,-92,55,57,-44,-81,-56,32,11,-46,-53,-55,-42,64,-49,72,-78,36,7,-21,29,34,-81,96,-27,72,-74,31,-29,87,58,0,24,62,-20,-82,-78,-62
-66,40,-6,-87,7,-79,100,-86,-12,-69,-92,1,-34,-92,62,22,-35,-7,18,79,-19,86,89,54,18,46,-21,-77,-78,-32,-79,7,48,69,31,74,-86,6,91,-79,63,50,8,-37,-89,-23,75,48,41,-8,64,5,-69,54,-5,-18,97,-24,88,-60,-59,-98,-49,32,-24,34,-74,-97,28,-10,72,84,-99,-30,-10,49,-36,-58,85,-56,38,16,4,-38,-2,41,41,-43,-23,-93,-2,-99,-44,77,-59,-45,62,-71,62,-57,-59
-10,-5,-69,43,92,28,48,76,-12,-4,40,-53,-6,-90,-73,12,21,-91,-13,-61,-100,-42,-74,79,17,86,-25,-23,-64,-91,-73,100,-80,-40,-17,98,61,-18,-49,95,-63,-70,16,-55,-83,50,-34,-45,82,-83,-92,92,67,-61,100,98,-67,43,15,-8,-10,45,55,-19,-78,40,-35,43,27,-6,80,62,18,-25,55,-75,32,24,-52,-56,-12,-34,-81,-15,70,39,59,-84,56,-16,8,-96,67,83,-11,14,48,41,-27,68,-70
-16,12,-50,64,-36,19,10,51,69,32,-24,88,-1,96,-90,-15,48,-54,67,-38,76,-93,5,0,-6,-27,89,24,-6,-50,9,-67,46,96,-4,79,-29,10,6,-28,-51,-3,45,86,-35,-49,40,84,61,50,-13,66,-21,-13,4,-58,-32,48,-82,29,-81,8,-84,-8,13,-79,-78,-82,63,15,13,-17,-4,-67,-81,-17,-30,-55,-18,-37,68,-16,81,-81,-84,77,-1,91,-21,72,85,-19,21,16,41,-97,-90,96,-89,-34,-98
79,-52,-61,49,92,100,-61,-20,-94,-99,-54,89,34,-62,-9,-67,-38,68,53,62,67,-82,54,62,57,87,-25,-76,66,-36,-41,28,8,5,-32,41,75,-94,40,16,-95,-99,-65,49,-66,16,-30,69,-33,-10,54,83,23,-17,93,-18,94,93,-40,52,35,26,-97,53,22,-85,13,23,42,-94,68,19,46,17,-21,-21,35,-80,13,13,83,22,-34,-41,70,-80,48,49,-20,38,40,92,75,55,42,96,-90,60,83,-35,-41
92,-54,0,16,5,-96,-54,-44,57,48,-78,-81,63,74,70,88,14,-12,0,-1,-64,39,-14,3,69,-14,71,39,21,-20,54,-86,-54,-23,57,74,32,46,-81,-13,-10,22,57,-91,27,-93,-67,27,69,-49,29,34,-92,16,57,-64,-47,-57,79,-61,20,28,-75,54,69,5,-30,-24,-54,37,45,-72,13,-87,29,99,-78,86,-8,98,77,48,-76,55,-30,-74,-56,-35,83,-96,15,-34,76,-65,-21,-82,84,9,-5,11,-83
56,-68,-35,-61,89,0,-20,-8,14,22,-27,-42,-72,8,65,-46,-51,-88,-37,-12,-41,-14,-24,-77,79,90,-45,25,-66,83,27,74,8,-90,54,-25,-12,52,85,-48,-10,31,-64,-73,5,72,-35,-34,87,72,-73,-29,-90,-22,-43,92,-39,91,-53,-14,-66,32,39,21,-3,65,75,-76,-44,97,-57,-66,-68,92,-15,64,-19,53,-31,12,46,-17,-69,35,-87,-64,38,-26,100,31,87,85,30,78,1,-38,74,83,64,-24,58
18,25,-19,-56,-72,-95,64,10,-96,-89,52,52,16,-57,69,-79,97,51,-51,74,-28,-77,-85,33,4,67,56,-18,11,68,87,53,-77,-55,-43,-93,58,-54,-28,77,66,-52,79,86,-59,80,27,13,-7,99,-22,77,82,-19,56,-45,64,-96,6,70,18,-95,69,89,-35,67,86,-5,-91,-53,-1,41,74,26,50,-91,51,-10,54,22,-22,-47,-62,89,80,-97,-43,14,-49,-34,81,-86,-63,-57,-86,-61,58,-90,18,-65,53
-66,97,77,-14,-45,58,51,-79,97,99,20,66,45,71,48,21,-97,94,81,-63,-53,-1,-35,-95,-89,85,-82,60,65,63,-49,42,77,96,77,17,3,52,81,-59,58,70,-84,-93,8,-27,-65,-33,44,11,-53,-16,0,38,57,-79,85,20,-62,-27,76,-18,-55,-58,41,95,86,64,-62,8,-98,77,74,-86,0,80,-62,69,-90,91,89,-5,-60,-49,-95,-15,-43,44,-68,46,67,-59,-43,-100,-75,-90,-22,38,34,-32,90
-12,84,-72,-27,41,85,90,59,37,39,24,-36,14,96,-84,19,79,74,-97,-59,-82,66,-9,55,51,-57,-4,14,90,-63,-3,99,-24,-82,-46,-5,40,-12,-45,45,-21,43,56,-1,48,-60,2,91,29,-82,83,-9,-6,22,-2,-87,-29,31,42,-26,98,-3,-36,-86,-63,-86,45,4,1,-19,-88,-20,-29,81,-11,51,-35,40,-17,93,-77,-24,83,-53,96,28,-67,90,29,51,-5,57,11,31,41,-13,66,-98,34,31,60
-23,65,31,-60,-7,-78,-2,-59,-56,10,40,-21,80,-5,33,-88,61,58,60,55,37,-25,42,-5,40,-47,-52,-7,-89,60,9,-19,42,-24,77,-67,-78,78,-52,-14,60,-3,0,-71,4,-34,-9,95,-50,-72,59,85,-31,-10,-68,-83,20,-18,-48,77,68,13,22,42,-47,-70,71,64,32,-34,91,84,26,-23,57,50,-98,-75,88,57,-56,31,-86,22,28,-92,59,33,100,55,-71,99,14,-95,21,68,-97,23,-93,16,-9
-81,-24,-68,-10,-62,-96,-87,9,10,-67,-54,-94,31,92,-72,-86,54,18,20,10,-67,-66,-41,-4,65,43,-91,14,-79,31,81,-95,59,-29,95,93,-15,41,-60,-77,15,97,80,-42,1,-25,-76,-34,-48,95,-87,34,-46,-72,82,100,19,24,-54,-81,-50,-69,13,-42,-79,-90,81,-97,-3,80,46,-9,14,93,48,41,-32,-3,-45,-55,-62,24,-85,8,27,-12,-50,-74,93,6,22,77,88,49,73,-79,72,47,-75,16,93
59,42,-17,19,-4,89,-70,-29,92,-25,-69,-87,-90,-1,-95,-56,79,23,3,9,-25,51,13,70,-35,-82,-91,-5,50,59,41,-61,78,-70,22,-14,-98,67,78,2,-82,14,36,83,3,-27,-43,-1,-64,0,100,28,17,-4,-47,-30,-99,-64,66,-60,-96,-10,45,54,-78,-34,6,61,-70,50,76,-26,-12,20,11,38,-99,74,-43,35,21,0,-59,-49,-22,12,-23,11,77,13,-27,76,-19,79,-93,-97,-14,0,-76,4,29
2,12,-28,21,-72,-37,90,23,-46,92,-79,-27,-40,-69,61,39,-98,-91,3,13,59,66,0,-18,6,-100,22,-27,-39,-48,2,3,24,-66,76,-25,-98,33,-57,-15,31,11,19,-60,-88,-45,28,27,34,-41,70,28,-96,26,-5,-37,42,46,56,-61,-16,78,-3,29,100,-28,-55,54,90,82,16,-74,83,-28,-8,94,76,-52,89,51,-19,27,-42,13,94,2,-82,-15,31,81,-49,98,-22,-31,72,12,-24,15,-34,-41,48
98,44,-62,-59,-71,-36,-49,18,51,-43,26,57,97,-2,-37,-57,-77,90,-56,30,77,-5,-30,-26,58,87,68,91,11,-81,-31,26,45,15,62,-53,40,-96,-91,-29,-49,38,47,-61,74,-92,-81,-69,-51,65,76,24,-60,-9,-83,-41,-24,-99,-45,39,75,22,-37,21,-58,48,72,7,11,-22,-10,85,-80,-28,-94,63,47,-34,-85,-40,-31,27,13,-12,46,-94,-90,66,88,-62,-9,-52,-74,83,97,63,-47,-68,2,-25,40
40,-14,40,56,31,-42,-77,-75,85,39,-10,82,-2,-19,-15,16,-95,58,62,54,-79,-37,48,-55,-2,23,-91,-66,72,-45,73,-34,2,11,-27,-33,-12,-3,85,27,50,-96,-27,-50,7,-45,50,-36,12,-7,73,8,65,19,-47,19,-66,-13,25,18,-18,88,-89,-72,7,22,37,-67,-22,-66,-71,80,38,28,64,19,25,-16,89,10,98,-19,3,77,-32,-94,-98,-31,-86,82,-76,-81,11,47,-50,-8,95,-92,87,27,-82
55,-43,96,-71,-20,39,4,-46,65,75,-11,-44,-6,-24,-40,-95,-91,-79,16,60,-45,-98,-45,97,99,72,-16,-44,-79,4,4,-16,7,97,-38,-2,-86,-66,39,94,31,-79,-55,36,56,81,-41,-17,82,-86,39,45,39,64,-98,-56,12,41,42,-65,-30,3,4,10,-39,-10,-8,94,16,65,-52,-52,80,40,-65,-9,-37,77,46,42,-26,48,70,-73,-6,85,83,-88,-59,54,-47,-79,-85,-48,37,11,14,6,20,2,-74
-39,-40,-15,89,50,38,-22,-55,-92,53,31,93,-44,-69,24,-68,-82,7,41,36,-11,97,-35,73,-13,76,94,-28,88,17,-78,83,30,40,-12,74,45,-67,-39,14,-77,14,-98,-94,-57,0,32,67,47,29,-74,12,74,57,-88,72,-99,-1,45,1,27,42,34,13,-54,-37,-22,-30,83,-66,-63,89,0,-22,89,-64,26,34,-27,-53,-93,-70,-68,26,68,39,-96,16,-40,-44,68,-32,93,35,70,-68,-23,-43,-83,55,7
-25,-93,17,-96,64,-74,-99,-80,-87,-44,-56,-14,-99,15,34,91,-4,46,40,99,-46,-75,91,18,-65,90,-30,59,-37,-24,0,-48,-34,33,-81,-89,23,-54,30,-27,28,24,99,-62,-90,59,36,52,76,-94,-14,-19,19,-99,19,-28,-14,44,-17,-14,43,-34,5,50,31,-94,-19,-18,36,17,27,-19,-4,-7,-91,57,-3,5,-53,26,68,3,92,-34,-68,-81,-34,3,41,11,-94,-66,-46,-97,3,-90,90,79,53,6,-4
-38,-61,96,-26,5,1,-85,95,-83,26,-39,-98,-1,-31,10,63,4,90,50,56,14,34,57,97,43,-64,5,-5,-85,-100,-13,87,-97,46,6,93,52,-34,-38,-26,28,30,63,35,14,-68,-69,49,-19,-90,-10,-46,67,24,-82,78,0,94,91,-2,-1,48,84,9,66,86,-1,-66,-65,95,4,-45,-25,-34,-87,59,96,9,33,45,58,-92,41,-52,75,-59,62,6,-39,-99,-49,-96,-27,82,-13,91,-24,78,38,-34,19
-79,47,-34,-49,-83,-46,-37,6,73,-65,65,-19,48,-33,-47,6,-99,-14,77,-63,56,37,71,-14,-61,-59,-26,-24,-68,-64,53,100,-3,78,61,58,-31,-12,-43,-7,-26,53,-47,39,2,-46,20,93,-67,-29,13,53,89,-57,-19,7,-35,33,14,24,-41,59,-84,-99,63,-39,80,-37,-69,57,-27,-99,-33,83,-26,43,14,99,-92,-58,79,-34,-31,-96,57,-76,-80,35,-93,87,-74,-7,-68,-81,-94,1,48,-84,42,-14,-76
-45,-11,-81,-50,-80,36,-63,-78,93,35,-81,-73,-67,-11,42,-36,-41,-49,29,84,-92,70,94,-10,-47,64,-8,67,-23,-85,-54,59,-50,89,47,-22,-53,0,8,2,13,74,-39,-93,-94,68,-24,7,-4,64,9,47,35,-6,-6,-8,10,10,-94,52,1,13,37,-28,-48,14,-85,-21,18,-80,-13,-14,-96,13,54,-89,78,100,-78,20,34,-95,-2,-9,95,-2,-27,17,-43,11,26,32,69,-38,-97,29,75,-80,-72,12,97
-77,70,-11,-38,14,90,-18,88,-34,33,-17,-54,-60,86,-11,63,-48,-57,35,-21,-33,-65,76,-53,-58,-54,-69,3,-24,1,45,-26,42,2,12,89,94,-6,78,-90,46,59,78,-68,20,97,-2,54,86,-57,-72,5,-98,35,-81,47,-13,-4,81,-90,7,-34,-34,-45,-1,-17,87,-90,17,-89,-24,75,-15,10,-33,72,9,-64,-49,-83,-10,39,77,-51,58,6,-52,-94,47,78,-65,-42,-23,-96,-88,60,99,-63,-51,-74,62
91,-95,3,-96,27,95,93,-12,-69,87,-28,68,-43,-9,-81,-64,7,-15,33,-38,-39,16,9,23,-6,81,-98,-31,-36,81,19,-23,-91,-80,-97,19,-90,-13,16,-63,-93,56,33,68,-57,-21,7,85,-17,-57,-73,30,-62,22,-53,78,-57,-57,-78,-90,89,45,-78,-89,-7,99,-45,62,-81,28,-47,-78,78,54,89,-19,30,-83,-70,52,24,-56,69,26,-84,-87,36,53,86,73,29,18,-35,-35,7,-38,88,66,77,-68,19
-75,-41,23,2,20,59,-80,-70,23,-80,-73,94,23,50,7,-12,-71,63,71,45,82,-23,73,-87,-32,-21,-73,-25,1,17,-89,32,25,1,12,-25,-72,71,28,6,-91,-97,-21,-50,15,-14,-42,-70,-4,6,-36,61,-98,-44,34,98,-23,-86,13,-39,51,-51,-20,77,29,-37,19,-72,-64,-3,47,38,53,11,28,11,-42,-14,-93,-95,-71,96,-2,11,19,16,-74,-84,14,-81,82,-71,-35,-95,-74,19,-59,91,90,41,32
68,17,-80,13,-97,-36,96,77,34,48,-71,-29,38,-1,1,33,5,10,-60,-61,-89,-2,-16,50,64,-40,-62,-58,21,68,11,100,-64,68,-40,-89,-96,98,96,-25,44,51,56,90,84,90,45,6,-97,32,-82,80,-99,-26,-70,96,-77,13,51,-94,44,33,38,4,-30,-77,17,73,-74,65,7,-55,-76,16,-7,-91,-67,-92,-86,56,90,-85,7,-65,-24,-24,-60,-34,58,-17,-50,53,-90,61,46,-7,-14,96,-98,-71,-84
-78,10,86,-79,31,-33,75,-3,75,-68,94,-70,65,15,89,-34,72,38,37,82,8,-32,-28,95,-34,-12,50,48,-12,95,81,-11,-10,80,-28,4,32,90,5,83,8,-33,88,-10,-35,21,-71,-92,-93,-14,-27,-37,-81,-100,35,17,-29,-28,59,-51,-19,31,-76,-36,-50,72,-29,17,-65,-52,13,-43,-87,10,51,72,23,-14,35,56,57,74,-2,-59,-22,-24,91,43,-97,9,-28,92,-99,0,-72,77,-85,98,-31,-75,28
44,98,59,-35,37,3,-16,-84,6,-29,49,-61,39,-19,-35,10,38,66,-23,98,99,-11,-24,80,-14,-25,-46,-33,-69,39,-52,2,32,-23,-48,61,-50,76,8,61,-91,50,-61,-70,-12,-10,-9,81,28,-9,-6,37,56,-51,-99,-92,3,-59,69,-67,52,40,9,-3,-36,-55,62,-72,-58,-39,48,34,82,-19,4,-67,8,-32,-99,-16,-8,-34,65,10,-45,0,-78,86,-70,50,-27,3,18,-57,-81,90,36,6,65,67,-90
15,-92,83,55,37,40,-8,95,-81,47,-51,4,-45,-72,24,26,-27,42,-79,72,-6,85,5,48,39,-88,-28,-50,-89,74,1,46,39,20,-86,-68,-32,-15,-65,39,43,29,-46,-26,71,-86,18,-90,-91,2,-48,-5,58,63,8,-39,-84,62,-60,72,-99,81,50,28,79,-6,-19,16,-16,-55,24,10,-82,-92,-6,51,-8,-65,85,-62,-28,38,-79,-98,63,-16,86,-10,85,78,3,12,51,-7,62,21,-87,49,-33,-64,88
91,82,-33,17,91,-48,-33,69,-21,-34,-11,-95,-56,78,31,-4,0,-79,-21,-81,72,-33,53,-100,-58,-47,-56,-54,87,-32,-43,53,-60,22,87,65,81,2,-13,31,-92,48,55,17,-74,-33,-17,-35,82,-79,88,-30,85,-66,-45,56,96,42,-61,91,-10,41,-49,2,10,-8,-74,-33,-16,-86,1,3,74,-90,65,48,59,-26,99,24,-86,-56,40,-15,-12,9,84,12,-58,-74,57,9,100,45,-11,35,-100,-42,-43,61,-83
32,22,86,63,57,76,-93,-58,-12,52,79,-99,-1,-29,-29,-16,68,-7,15,-27,-98,-31,22,47,35,-74,70,64,-44,49,-24,-68,-50,-67,-33,92,-20,34,77,-9,66,-80,-62,-91,-31,-52,25,65,74,-63,95,6,-49,90,83,-14,51,-21,67,-73,-93,-2,-69,-90,-42,-91,-86,-18,-92,74,78,-34,-96,59,82,-72,-92,39,45,48,92,-82,8,-39,-72,45,-38,-61,-89,-29,65,84,-22,-2,-55,-45,83,-56,99,22,9
-64,17,18,45,80,-8,-35,-25,-12,-74,27,7,86,-1,4,92,-38,93,50,16,-58,75,67,-85,-82,-60,99,-82,72,-13,-3,-97,-41,-2,-61,47,-17,-18,39,49,5,77,-17,44,67,-50,-33,24,-8,-36,99,-18,-32,-1,-22,4,27,-59,-24,81,-67,-7,-96,-50,37,45,16,100,1,42,32,-75,-57,41,29,-96,37,96,-57,-58,-78,-33,-64,-64,-61,32,-81,21,-61,8,-67,-79,-58,87,-15,4,23,76,47,96,-32
-85,-71,-19,80,67,-76,-55,46,-58,-35,90,43,-63,-58,-37,-32,-27,-2,22,-83,-60,-29,37,24,-82,50,-86,47,66,-7,-61,-58,-64,83,70,44,64,-1,-75,-81,27,-17,53,22,-81,67,-36,-49,71,68,94,10,-69,40,-88,-60,-83,97,46,15,-25,-49,55,-78,-90,-51,26,-88,99,55,87,26,-94,7,-94,1,71,56,-67,-78,-84,-36,15,-45,-19,46,93,9,51,68,0,-24,14,-92,26,37,63,-22,10,41,54
89,68,36,61,-29,-90,42,-91,4,-82,-100,37,30,-19,26,65,89,-75,65,-94,27,-1,-61,-35,-63,3,-39,24,63,-9,-79,87,-31,-46,-92,-73,-48,9,6,41,53,50,97,-83,-90,-7,-26,-98,-65,75,32,62,-39,14,-54,-13,37,-57,-35,-27,-41,80,-54,55,-87,54,-86,-35,29,-95,-62,-73,34,-84,45,95,27,97,90,52,60,-16,-40,33,-19,-49,11,-62,47,-1,92,18,-55,-53,-48,-41,5,36,-52,40,90
-10,92,60,43,-30,8,-16,20,-21,7,-85,9,40,85,-88,-54,-33,86,42,64,68,15,-6,-37,-42,-54,68,-74,73,7,93,75,-18,21,91,74,92,-68,49,-35,-10,-69,0,-44,34,18,-3,-97,-30,58,-65,-77,89,-34,-26,-33,41,68,-23,-81,14,-57,89,49,-78,10,-1,94,-74,-42,16,-99,35,-39,-65,-96,97,-1,21,68,-36,-27,97,-96,-83,-87,95,-7,-82,57,52,-42,92,60,-94,82,-31,45,-21,32,-34
95,2,-81,-35,-19,-33,-34,62,-100,-30,53,36,72,21,-32,62,29,49,14,75,-56,-35,35,-26,63,74,74,31,-3,-95,-93,21,13,33,87,-12,-85,1,21,43,-95,-87,53,-65,-56,17,-71,-60,-8,2,-67,49,-26,44,-78,-96,-97,8,-59,-9,-13,-49,82,7,-49,0,-71,-53,54,0,69,49,-86,-80,-94,-87,72,-12,53,50,78,-44,-92,36,-36,22,-61,24,81,-64,81,90,-24,13,-70,-52,11,77,-22,49,39
80,-83,-80,-63,-13,31,78,-63,-62,-44,74,76,0,-67,-21,18,-38,-83,-55,-86,-20,-58,-7,34,66,-92,-20,-26,22,-52,92,-37,-12,-63,-26,6,6,-10,-43,43,79,-29,-3,21,78,70,-100,-92,-59,-98,70,71,99,26,87,58,46,-11,-74,86,81,76,44,-72,85,-86,36,97,40,-98,-83,-58,-83,-52,13,51,-55,86,77,-22,-2,-83,63,32,-73,-95,78,-81,59,-8,-73,97,-90,75,22,28,51,-22,70,57,-20
57,39,72,65,48,-44,-87,-33,53,-78,47,-78,-91,22,-62,94,24,63,54,-63,37,12,0,38,-44,-83,25,-6,68,39,-73,-27,54,33,67,-38,-36,13,85,34,30,19,-41,-61,-81,19,-31,-60,-15,-18,49,-8,15,27,74,-47,-22,-94,-41,-37,2,46,-46,-1,13,44,69,-15,-49,-5,-68,66,10,71,4,-39,-1,-21,1,88,-86,74,62,4,-68,89,70,-100,-57,-2,-92,-17,-91,-11,-12,15,94,73,9,84,-40
93,7,85,-68,33,80,-44,92,-74,12,97,52,-67,6,-17,24,-98,-38,43,-4,-64,29,60,-93,-40,-47,-89,-2,-22,22,44,56,1,-73,88,78,89,-2,-77,-17,-1,-21,-89,-12,-1,-30,-9,38,32,-8,-40,88,60,82,-100,96,-29,-15,57,69,-52,-32,100,-84,24,-32,34,94,-48,2,-27,-90,-22,79,70,6,-9,90,82,53,-90,-69,85,44,-35,30,-60,44,-32,18,25,19,-33,56,88,-53,-91,11,-73,-67,21
0,27,-29,55,56,78,19,-18,10,72,-17,-79,43,32,2,-5,-64,41,-10,88,-86,82,-93,41,-34,-2,-87,-81,-8,-28,9,-12,41,-77,-14,-72,51,99,-60,60,29,-45,-45,96,81,-44,15,-67,94,-51,-23,-17,-12,-15,-64,-2,99,-36,40,58,52,82,51,-97,-31,-32,-70,-35,-56,82,-60,-28,97,77,70,39,60,65,19,-70,95,81,85,69,37,-44,78,-83,49,-2,-76,13,42,-17,-91,34,11,95,-2,-35,-87
-77,13,91,-1,-16,85,2,87,-44,-66,0,4,-78,30,54,-83,-79,86,8,-45,65,-70,93,68,-62,-80,46,18,-70,-9,-20,33,-35,-56,0,94,49,-19,50,100,20,14,9,-13,-81,88,93,-84,-36,-94,94,-60,22,67,10,-13,92,-3,68,26,85,31,99,52,24,-62,77,49,-15,-9,77,27,-14,-40,-21,30,-29,87,55,72,2,46,66,19,41,-89,38,-16,16,38,77,-50,13,52,50,12,22,73,11,-16,86
-77,21,-54,-8,97,-99,-67,10,-31,83,0,-77,54,86,11,43,54,-5,28,-52,-92,75,87,29,-8,-45,84,13,-6,-45,-23,-68,-69,33,-21,48,-100,-37,73,-72,-98,-57,98,-64,-51,-43,-57,-79,-27,93,-4,-7,93,-90,-31,-18,3,12,20,-40,59,-58,-65,-75,-48,86,64,80,45,7,54,91,-48,-67,-99,-96,-54,25,22,-71,-77,46,-74,31,37,-56,-34,73,-31,-87,53,-27,-73,36,14,-23,0,77,72,-35,97
-66,-37,50,23,-16,-83,-44,-56,-22,88,54,-98,-26,64,-51,-93,-2,99,-46,34,11,11,58,-45,11,91,55,-43,-1,-70,-76,-70,-56,-66,62,-66,-66,-38,2,42,-30,-99,68,95,2,47,63,80,94,-30,65,74,-40,79,79,38,33,-52,100,8,-69,-15,-71,88,-66,15,27,-91,67,2,26,29,62,-71,30,11,-67,59,55,-76,-49,90,35,-79,-17,85,76,50,70,-45,94,88,51,-18,-57,-38,75,-74,95,-23,-95
71,-69,91,51,54,-8,44,-68,-5,-97,-3,-55,22,-38,-24,-65,-19,54,-1,-10,89,5,-58,43,-52,-43,10,-68,3,-12,7,-90,86,-81,-63,70,-37,37,-74,-33,-21,-98,72,81,45,-35,-97,-26,75,14,33,-40,-90,31,-63,0,-81,-8,58,11,75,44,53,63,19,81,61,-29,-24,75,17,81,31,80,-89,0,-72,22,-77,-76,74,76,76,-46,70,-48,36,97,53,-88,95,-19,-19,-50,-100,-24,31,-33,12,38,55
57,-98,78,74,21,31,-54,-68,16,78,55,99,-46,-80,14,-88,-44,89,-59,49,15,82,68,0,-72,86,-68,-86,15,100,-44,9,32,14,-28,91,19,-37,-79,9,-23,52,89,15,22,-57,41,-23,51,-41,-100,-31,25,-56,91,-28,-45,-70,64,90,-43,29,-7,11,3,-32,52,61,-54,-31,-10,-15,67,-5,75,-34,-14,-60,-37,-77,-84,-49,-57,-67,-46,90,-76,89,8,-43,22,-37,-89,1,-8,31,-15,-48,72,77,27
-25,72,-37,-96,2,91,-25,91,53,-67,-4,-83,73,-50,48,-8,23,39,64,85,74,97,88,-72,-91,-73,26,91,-23,-67,48,-100,-79,35,6,-21,-51,-42,67,-59,-16,10,-90,17,77,-90,-59,-4,38,47,54,-22,-22,95,-52,-59,-25,-19,-57,-55,-49,85,-1,-28,33,78,10,28,88,-88,-64,60,-48,-29,95,15,92,-82,7,-33,-5,-33,6,-96,-95,6,36,-63,8,16,43,33,-62,-63,68,-61,-97,-32,-4,92,-13
-93,-5,55,39,1,5,66,30,95,61,100,-13,15,-98,77,-29,47,-23,3,20,93,85,49,-94,-23,-76,27,-78,-32,51,86,9,-41,25,-12,-9,57,-76,-59,68,89,54,72,-41,80,99,36,-60,-97,19,-92,-56,-33,84,56,-37,54,76,71,4,41,-78,-38,83,-95,-18,58,67,18,-42,88,76,80,-73,-30,36,-51,-55,28,97,-85,-10,-37,-26,3,49,59,83,24,1,27,-37,46,-58,70,27,28,-20,-83,-47,-46
3,-54,42,81,29,26,19,24,-59,-16,40,5,-62,97,74,61,-43,-9,-91,-39,43,19,30,70,50,-20,69,-70,-45,-12,26,19,3,-99,22,22,-3,-15,37,-80,9,33,-36,51,-69,2,6,72,-61,75,95,73,40,-1,-83,-4,61,70,71,71,-20,-12,-63,45,62,78,78,84,-84,-22,0,-42,-97,7,-42,41,38,82,10,-99,-84,11,96,-66,92,-92,-43,36,-98,-48,-39,-23,-37,82,28,93,77,-65,-54,-84,16
60,-6,28,-78,-71,-9,10,37,22,-4,-5,35,2,-6,-29,-33,-55,-46,98,-66,-33,-73,-72,-52,48,-69,40,-16,-34,-63,53,-43,-91,-96,34,-71,26,-10,66,-12,-65,-36,46,-10,0,-39,-43,-61,-42,-64,86,-2,-45,-32,-97,-72,0,-5,-96,24,-54,-71,-56,61,57,100,-43,6,30,-90,80,-68,95,87,31,-41,-7,56,12,96,39,85,-96,-51,-91,77,-66,88,-85,-52,-20,100,72,44,20,-69,-41,21,95,40,-72
77,-73,-36,62,14,-24,48,-91,-38,9,-19,-43,-38,-21,-91,47,90,82,36,-53,81,41,11,-85,-81,46,-57,-68,68,-93,9,-55,39,13,48,20,93,68,36,82,-75,-55,-86,-93,57,98,-87,0,87,26,-57,-46,-57,45,73,-24,-15,24,2,45,6,24,-20,43,-58,40,62,-3,-99,-96,19,-48,18,-28,83,59,24,69,-56,88,-12,-68,-86,23,83,4,15,38,-35,51,95,47,81,90,-6,64,62,-89,-5,62,75
-21,16,24,-6,22,-71,-48,-42,6,42,59,3,-61,64,75,-95,18,66,-80,93,80,-52,-37,-88,23,18,-88,36,37,-46,26,10,40,12,46,-68,59,5,31,84,-71,-29,28,100,84,-56,-76,-40,98,40,29,60,23,-76,-12,11,-15,75,15,-98,96,65,-9,-2,52,66,-36,96,11,13,-26,-36,56,-21,-74,9,100,89,-77,-58,-26,54,-86,48,-14,32,16,92,91,-47,-58,7,21,-97,-11,-14,69,77,-86,51,86
-24,-50,49,44,-9,-52,41,-39,97,-20,61,70,-91,-75,-64,45,-76,20,-58,-57,-100,68,-14,8,-5,-43,-25,-49,-21,-83,-72,73,-45,-88,48,80,83,30,73,-25,33,59,-97,-19,32,61,-54,24,-25,53,-47,-62,93,-13,6,-62,30,-74,54,-11,25,27,33,-84,-68,-31,-54,38,86,-53,-26,72,68,47,-6,57,-50,98,74,-79,-2,-7,-23,49,-87,60,48,-29,-32,74,-53,-28,-32,97,-46,69,82,-53,-90,-54,68
85,-46,-24,96,59,24,3,-53,-24,66,74,-35,-5,-78,54,63,6,-11,-65,-57,-79,-94,9,0,-43,-39,69,94,-13,-48,-58,15,-95,0,-80,8,-68,57,-91,65,-92,99,-83,-36,-62,35,-47,64,-17,-74,14,70,-83,-24,75,69,-8,67,-60,-35,-34,-32,-58,-24,-58,59,59,14,94,-63,30,66,1,-38,-95,99,-3,10,-98,31,89,-59,-74,-18,30,-22,-97,66,31,-42,-85,46,-63,-37,70,-57,30,54,30,-52,37
-98,6,6,99,50,99,37,-73,-87,65,25,71,10,24,-48,-42,78,-94,-34,-94,73,-51,37,-97,-49,19,31,15,-91,-7,88,-88,11,59,84,-27,75,26,87,63,-27,72,-49,-66,-79,97,-77,45,-69,97,-84,41,-48,-14,-58,-16,48,-75,-41,1,-86,82,-78,78,14,-26,75,43,-55,43,96,64,-89,45,-8,36,35,94,-93,-67,-35,23,85,46,-80,-82,1,1,-96,92,-98,-23,-38,-10,31,-6,32,-38,17,-74,43
-79,-10,54,28,38,39,36,-21,37,-100,-55,-28,92,49,-40,-93,-65,-29,-4,-89,65,-83,76,90,46,-65,73,-24,29,3,-5,12,11,69,-95,25,94,3,31,67,80,-90,87,-96,36,12,-46,51,-93,-15,94,-60,39,-20,60,97,33,79,97,3,-43,22,-40,9,30,83,75,-8,28,-97,61,20,-99,-91,95,-36,51,35,-52,-70,53,-90,-14,-16,-94,-19,-57,-91,-67,10,41,-55,39,16,-71,-42,32,58,-4,13,1
52,-100,47,-48,89,87,55,41,21,97,87,41,-56,69,-56,-96,-100,-20,78,-93,91,47,54,100,-69,7,-88,22,-32,61,-63,-94,97,81,-94,84,-21,19,-95,-45,-82,-89,-50,47,58,-22,10,37,60,45,89,99,94,91,56,-95,89,-5,39,-33,-72,-89,-11,-36,-88,-57,-66,-12,97,-9,-51,-43,-88,-13,37,-5,53,-65,-39,73,-72,36,-90,42,-28,-79,36,98,-30,-56,-53,-46,-52,2,-89,8,21,-42,-83,76,-99
80,-27,-9,-19,79,50,77,-7,27,36,89,-17,1,64,-100,80,-62,-4,27,74,-1,35,-1,58,76,84,17,-15,29,52,-16,5,74,-34,-84,-12,60,19,-45,20,22,91,79,5,12,-3,-24,-67,32,-1,-72,94,-88,-55,-71,16,80,17,21,88,-40,77,-58,49,-68,-74,-83,10,-89,-22,-45,58,27,-19,-76,-91,-2,-75,53,-64,34,24,-74,85,-16,-51,-35,-7,-54,-87,-51,11,-58,59,-86,-91,17,57,55,-63,-24
-66,75,-41,14,-75,-92,-17,71,-47,-53,100,-84,-48,-76,93,-73,48,36,-96,-17,-7,33,41,21,-3,-98,6,-37,-97,44,49,79,-22,63,70,56,21,60,-35,-90,64,-83,87,-91,30,-43,-33,69,81,97,47,-69,-55,93,95,11,87,-86,38,85,-47,-21,-30,63,-94,27,-27,16,90,-1,-25,67,-15,78,-67,78,-7,-14,-27,24,69,25,22,9,-8,-73,-27,39,-32,93,37,-45,-48,-47,83,59,-83,-37,8,-64,42
3,78,-2,76,71,89,-14,-59,89,-85,-90,-37,-63,-94,86,-3,-53,-80,47,10,56,99,-100,64,41,-35,61,87,-46,50,90,57,-41,-15,87,-35,-83,-100,-67,-18,67,-96,36,5,-12,18,-19,-96,25,-58,-45,86,1,-96,28,82,-37,39,-74,-35,-68,-54,7,-18,48,-80,5,13,-73,-49,63,-28,8,82,-19,-54,-18,48,13,56,-13,18,-94,-3,-6,0,-49,35,26,36,-32,-17,-79,-15,-73,-48,82,-61,24,-13,100
-55,91,-64,-87,0,81,69,60,-55,2,70,-92,-82,49,-40,1,31,-1,84,-76,-6,-18,-74,-36,57,-55,100,-56,-78,-36,-26,12,72,-8,-48,-79,-63,-78,67,80,45,-10,9,-16,25,-49,-88,-98,-93,-14,-12,91,9,14,-87,-22,-72,-58,-41,-90,-89,-30,-80,-61,88,-75,56,-43,-91,-61,-20,-10,-33,-68,44,31,-9,89,69,96,-23,-13,35,-94,73,37,81,80,-15,41,80,17,8,67,-73,-57,62,-6,-8,-90,-65
22,46,54,-71,-26,9,95,-93,-4,9,-84,-95,-24,-40,93,29,-79,39,99,-19,89,22,-100,-12,60,64,10,-23,-2,27,27,-69,96,47,-75,-2,71,-36,85,10,51,63,66,96,51,-71,89,-37,62,68,-46,-23,27,-97,16,-63,-76,35,82,-13,20,48,82,73,56,-90,97,96,74,73,-58,56,73,25,48,77,81,35,24,-2,-66,-18,-65,-40,-65,-50,57,58,-88,74,86,52,-75,-40,5,43,76,55,-56,6,48
