-94,70,63,79,-76,-17,-29,63,-4,-52,-39,36,6,34,37,6,7,98,-92,97,49,48,-65,82,-74,49,49,92,11,33,59,19,-74,-84,-44,-10,50,60,27,-80,-55,67,-46,-92,-77,-92,-82,-55,-77,82,100,-12,-8,-42,92,-57,-31,-59,52,60,89,15,-25,82,20,-44,80,-10,59,68,-56,64,-40,-30,-4,70,65,20,12,51,-85,65,-90,65,76,-77,14,45,8,81,-95,79,-72,-90,-14,26,-93,-86,-97,81,29
-20,39,79,-53,-63,39,45,16,-17,28,-20,35,61,-69,-27,-60,77,34,59,-14,-1,42,-90,-47,-24,53,16,98,-42,-71,83,-98,43,18,99,12,-53,-63,27,-55,6,-3,10,62,-30,-55,-47,-49,-39,-52,-78,58,12,94,21,-21,-47,96,26,-4,-11,-82,52,-54,-25,15,90,78,39,19,20,71,-69,62,2,81,-19,49,-63,-9,-21,-75,6,-95,-4,97,40,46,-60,-81,-18,-88,-47,-7,79,-83,46,29,21,89,-6
85,80,-53,-15,-80,-97,47,47,15,43,-93,18,-70,-99,40,56,-44,-35,56,-84,-56,98,17,99,-41,44,59,-3,-72,-33,21,-36,-32,21,30,96,79,-60,-16,-21,56,-89,-93,31,-95,-59,-46,36,47,-84,56,60,-13,-21,41,-94,57,52,10,81,24,79,-88,-60,-37,-54,78,31,77,-9,75,-15,-1,59,-34,-24,93,25,29,49,-44,-22,54,89,93,100,38,80,7,-42,80,-26,100,-71,34,59,39,42,51,61,-48
-95,-48,2,38,-85,-2,-74,38,-15,59,-44,-49,56,-70,-65,87,-98,-29,82,-64,-45,-96,27,-59,-60,-26,50,-48,-13,-56,-3,-25,-56,62,43,31,-75,50,-81,89,-11,7,-77,60,-31,57,-73,46,13,-95,-53,74,2,-81,-14,-86,-44,41,22,94,73,-59,45,-17,3,64,-13,-44,62,32,-2,61,-98,-42,-15,-8,-28,18,84,-29,13,44,-30,-65,-12,65,-90,79,83,17,-73,-7,32,95,-100,-38,-44,-81,11,-52,-61
-88,36,82,85,7,-94,-81,-21,-24,6,-24,-8,-4,62,-78,58,94,16,-14,93,93,-7,-5,-62,30,-10,-46,11,-22,-96,51,24,94,-58,85,56,-99,-60,7,-82,-86,19,-86,-53,-98,-9,0,-41,66,-3,49,25,10,5,-67,19,74,-32,-95,-100,-57,54,38,-4,-48,34,57,95,-86,-24,89,47,-42,63,-26,-68,-87,-94,-37,0,27,43,37,79,-79,-18,-57,-12,32,86,66,-5,-52,-7,64,-76,72,-78,67,96,31
47,-95,17,-61,-88,-8,25,11,24,-100,-45,69,-32,57,48,18,-80,98,16,10,17,1,-80,-75,13,-4,13,27,92,15,36,82,-65,-42,-52,-35,-57,50,-71,23,-16,-44,-42,91,9,-17,82,87,44,66,0,74,39,83,-90,-31,31,-6,33,-26,69,-42,17,94,-66,51,-33,-49,-26,69,83,46,47,-45,-17,43,-88,-73,-32,-94,-5,18,-58,32,32,-32,-79,-96,72,81,22,-59,76,5,92,51,-60,92,-45,-37,-81
63,37,44,-79,-36,6,89,32,45,72,-80,95,-77,47,-50,-39,78,40,-68,52,-43,7,-20,-75,-35,60,-51,83,-72,81,5,-76,-70,87,77,100,16,74,10,-11,-17,98,89,63,-69,26,-56,-100,22,40,-45,-16,47,4,22,-54,-19,-23,-65,-99,-54,78,-1,26,-65,89,32,-83,-21,92,-95,-93,81,-26,82,69,2,42,8,40,63,42,-84,-20,-50,14,-83,-4,63,78,-94,9,-74,-61,-86,-21,87,68,-30,63,7
-14,-29,-84,39,-62,-1,48,-39,44,-21,27,-64,100,70,-60,-29,64,62,-90,64,51,77,54,-10,-98,-24,38,86,82,58,11,46,99,12,26,68,-26,-73,23,48,-70,-39,-7,-60,80,-38,90,94,-97,-60,19,80,25,47,33,-66,97,34,20,61,97,-68,-97,2,86,4,-81,59,58,-64,26,74,-39,7,77,9,19,54,5,-32,3,86,-56,11,-55,14,-48,100,-98,32,79,67,55,88,26,-28,96,18,-44,40,99
-10,-29,88,91,-33,-85,-45,27,-45,62,-47,70,-68,48,-91,-13,95,-41,-41,-77,65,20,2,-57,-33,5,95,86,-52,39,-68,-68,28,49,-31,-77,-81,-45,-21,63,73,97,-97,-36,-91,-40,44,9,87,-58,-84,-22,-8,61,-39,85,-21,18,-14,-86,76,17,-84,28,23,23,-40,75,-43,59,-14,-42,9,-11,-10,-88,19,8,100,-28,47,61,-52,-3,-98,-2,-38,-95,20,58,18,-34,-5,-77,34,-90,3,-60,14,-46,73
-26,70,-28,-95,14,-36,29,30,92,100,95,-69,-41,73,-24,-91,98,-17,74,-98,-97,7,62,88,43,-36,4,13,76,-48,60,62,-73,32,-24,-99,-61,68,-76,4,30,21,-40,20,91,-42,12,-30,-16,82,-2,63,-73,-100,24,-97,-100,-81,-10,-35,42,88,77,-58,56,83,80,64,-2,2,58,97,-50,79,100,-49,11,-53,17,-47,-49,43,52,51,-11,-46,1,-49,47,17,84,59,88,-93,91,-90,-32,-38,-60,18,-31
-66,4,99,-53,99,26,47,-19,95,-40,31,-84,34,31,82,-94,12,-14,-34,39,34,43,99,29,-13,24,47,77,81,-62,-64,-89,81,84,-51,-63,20,-36,-87,94,-21,17,-75,-41,83,61,20,-1,88,-14,40,59,-22,-19,21,-37,-98,89,59,35,8,-45,42,-62,61,-92,-7,-22,-40,-53,-14,57,45,-67,19,-61,-69,97,66,25,-57,77,42,72,-56,35,-24,-7,-12,59,-78,-18,-25,-27,76,-53,26,-74,-85,67,-30
25,11,94,74,-77,-63,5,-39,-57,-59,55,25,-56,-46,-21,67,90,-10,-49,-58,-98,-75,35,-6,52,-92,48,-40,-69,89,-54,-69,52,6,-92,58,-32,55,58,31,-36,71,14,-69,60,-90,-69,14,2,33,-18,-19,-87,-27,53,2,-17,-89,56,-41,0,55,-21,-10,-16,64,96,-51,51,31,19,60,-91,88,-26,-96,75,-95,-88,-32,-31,-53,10,85,15,7,42,-4,21,94,-27,10,67,-83,29,77,-96,-18,-8,-27,-80
-87,33,-19,-6,70,-49,62,-82,75,22,82,80,-62,38,70,78,35,-54,-8,-66,61,-3,25,78,23,-20,59,14,2,49,-4,-75,-88,95,-72,0,-35,93,-9,-10,-92,63,50,73,-15,-88,28,22,-70,32,-18,85,-55,-47,-6,-66,-51,54,-9,-31,24,-79,32,8,76,-71,45,-45,-64,-14,91,-37,-99,75,-21,44,-60,34,45,-79,47,58,-94,52,12,76,-27,-36,75,33,52,-37,67,62,21,-88,-73,5,12,42,-60
-19,4,65,64,20,-60,73,-33,-20,41,-79,42,-42,96,-24,-94,61,-56,-6,4,70,-14,37,-74,-89,-70,94,-53,59,74,53,70,-27,-7,74,-27,15,90,-40,78,-43,-64,70,51,61,66,72,-93,6,-20,43,98,8,-5,13,-97,-59,37,22,42,-32,-8,-6,-90,-73,-12,19,63,43,95,8,-41,57,-91,-95,94,-58,-32,77,-65,-25,-22,6,20,99,-57,-71,-91,25,44,40,-54,82,-19,17,-6,39,-17,71,-33,20
-95,87,99,39,-62,27,21,53,-32,21,-18,14,-22,-6,23,70,98,45,-11,37,31,-15,-19,97,71,-46,-95,90,80,-96,2,21,-93,-54,71,24,-2,38,50,-65,87,-51,99,86,-86,-16,-78,97,30,12,-60,83,28,10,88,69,10,-26,22,-66,-18,56,-97,-25,-93,69,45,19,-61,88,-61,0,57,8,35,-65,-19,61,-44,-11,-49,-83,-37,95,-10,-22,28,-75,66,32,-54,-31,62,30,47,-47,-100,4,-24,-91,71
65,-62,91,51,-20,-67,45,9,-69,12,-65,15,27,-82,32,-99,-35,-40,-22,82,72,42,-67,84,-1,39,-47,-42,-90,90,92,33,13,-13,-24,-8,-78,14,-22,-56,-72,12,-62,96,-26,-17,98,2,-16,79,-55,14,-43,-68,41,64,38,-13,-33,-13,-46,17,45,21,48,-88,-59,70,-51,85,52,-50,-41,-64,25,-5,-48,70,15,-84,56,-9,-66,17,75,97,70,71,63,-83,96,-26,69,-12,35,85,13,-27,-92,53,13
-23,77,-56,-74,-54,1,61,-100,-74,-40,-83,-92,-31,15,61,86,-57,59,5,75,-22,-92,-59,1,-52,27,-66,-95,-1,55,-39,51,83,86,-5,72,-80,44,68,6,17,-23,-9,-98,40,3,-45,1,-55,32,-42,-83,7,-3,-24,85,94,51,43,-74,-48,-61,13,-98,-15,98,71,-25,-77,27,-22,-7,33,-31,-20,25,90,31,-58,-64,-93,84,-52,78,-87,-88,-3,-79,94,72,-18,-25,-19,64,15,56,-36,70,36,48,27
72,-37,26,-27,-88,2,53,-28,-8,-63,-29,26,-55,-70,-66,-20,6,-25,74,61,56,-79,10,96,-80,76,-93,-55,-40,-23,-80,-66,61,-22,36,69,47,-91,-18,40,78,-65,-53,44,98,7,96,48,-61,44,70,-9,-62,45,-89,11,37,-7,33,-14,-23,65,98,-18,-20,-61,16,31,95,0,-62,72,-10,-1,17,-22,27,17,-66,-88,63,65,-11,11,52,-7,-55,-68,40,31,-98,-87,-97,-100,0,-96,-61,-42,-57,89,46
-72,89,71,89,-84,-88,75,9,-76,12,16,-72,-61,-39,2,39,-37,-76,-96,67,31,30,-42,67,16,-14,98,94,-87,23,-78,22,25,-25,-8,63,84,-79,26,-57,-42,17,-47,16,10,-5,62,-93,81,83,57,-22,1,-38,52,18,41,-73,-99,-89,-28,57,-19,0,18,46,-36,-93,-73,-93,50,82,87,-64,-36,73,-97,64,30,87,-89,3,-97,-32,60,70,93,99,54,-25,-14,70,99,84,82,-4,7,74,-29,-56,81
-11,93,13,34,-100,78,-39,2,-6,42,91,3,-29,-27,-95,-80,63,36,-88,-74,0,-39,68,-66,89,-91,-32,-47,89,-2,-54,38,10,-75,-90,24,-7,-56,-85,87,20,-87,64,37,-49,-46,-21,-48,-88,19,47,81,-93,76,68,46,-43,51,-64,-73,-69,34,23,-88,-17,6,-73,80,-35,-30,-55,80,1,62,-60,-11,85,17,15,-39,-17,77,65,60,52,84,41,-20,-83,-78,-76,59,34,68,-56,-32,99,-94,58,-33,46
-5,-30,-88,42,39,63,-60,74,-35,-77,97,-8,-6,23,-43,-85,41,-49,48,66,65,-38,-4,-88,40,90,60,83,-1,-72,36,78,30,-64,8,7,-29,28,-69,62,-24,-57,-39,-61,67,-67,28,-26,-57,-72,-97,-20,-28,26,-65,-84,-8,59,62,43,-76,65,75,-14,-13,93,85,63,-85,63,83,72,56,-31,85,-14,-35,-73,91,-7,-52,-79,66,2,44,25,-26,15,-91,-63,-100,-34,-60,1,-70,-22,-48,13,-37,-19,99
-3,-34,-41,22,7,45,-8,78,-27,0,86,94,-72,-23,-86,43,14,-20,-63,-62,8,-88,50,-18,86,-30,86,-65,-99,46,77,-45,12,91,-66,96,94,-26,-43,-69,-99,-38,-3,-23,70,-40,-58,-43,-4,-11,-85,-14,94,-12,-35,-81,-87,-77,-64,26,-56,-75,23,25,-74,-27,-92,38,39,-5,22,88,-11,31,80,56,-42,6,67,-37,-16,67,77,-80,-84,-51,-60,60,35,-97,45,-90,31,-87,23,-48,34,28,82,22,25
38,-24,-30,92,98,22,75,-4,-13,-33,-84,-22,-82,19,35,95,-71,-20,-41,-30,2,-89,52,-8,-55,-55,25,-56,-25,-98,84,27,-96,-4,7,-56,-86,98,-72,-3,-29,75,-74,10,18,-46,-78,-1,71,-3,74,-35,-91,68,-74,-14,-85,61,55,25,49,-17,17,68,-90,-73,-69,-54,29,-3,-37,-3,48,61,52,-27,-5,-88,58,61,-87,70,-9,-81,49,68,-82,23,78,93,-82,45,-96,-32,92,65,-46,-40,-48,-71,86
-13,-96,7,87,-18,-84,62,-31,-65,-43,29,99,25,-82,4,6,39,41,-60,-14,33,43,47,-84,17,61,-39,9,-36,-3,-59,-52,32,-79,-28,-98,64,-82,-50,-46,-73,16,77,55,36,-100,26,60,8,94,46,53,-51,86,-64,93,-40,24,31,85,-92,-44,-2,93,74,-38,24,78,-93,11,78,76,57,52,-83,-6,8,-85,-31,60,7,-8,-91,-33,-13,-96,-68,54,-28,-94,68,59,-18,-17,-13,74,-31,-75,-96,-22,-78
27,-40,55,-55,-12,31,6,-27,-1,-50,89,-69,-78,25,1,99,65,13,-12,26,-14,-56,91,-26,-91,14,25,23,43,11,24,-33,56,-95,-1,-33,76,1,-44,-97,67,-28,80,-44,-32,-13,-92,-15,1,-26,-36,33,-54,-48,-62,13,87,-44,-40,-14,-60,-91,-64,-1,-35,75,75,40,-97,-88,-77,13,-16,-26,-49,28,-16,47,-65,5,7,-58,-75,-21,-93,41,19,-28,22,55,47,32,67,-74,-34,-14,47,85,-80,-57,-38
-48,8,83,53,-84,-48,-12,47,54,-23,-91,49,28,-80,-24,70,98,-12,9,15,-27,48,-14,-91,-47,-41,-12,6,-72,96,-95,96,-41,41,54,-89,-84,30,40,-22,52,-88,-80,-79,6,93,-67,92,-99,76,28,35,-67,-24,-59,-18,78,-25,-6,-79,86,-50,-47,-36,98,-7,56,-70,33,11,64,-25,76,95,-9,-75,-51,-85,39,32,57,52,66,-33,-27,-64,2,56,-3,-42,88,-20,96,-85,-88,-6,-74,-52,10,1,92
-45,16,-18,-7,-35,-86,-41,36,-44,72,47,86,-36,-18,41,60,-48,-30,-81,-89,18,93,-45,-63,-42,44,-65,-40,-22,46,-86,-30,-79,-99,-63,-45,-48,-21,-75,26,16,-4,50,-57,-53,-87,-85,35,-26,-87,-5,10,4,-63,-30,-60,-14,-77,0,9,38,6,49,92,-68,-35,87,50,-56,-78,34,-88,94,-14,44,5,-22,12,-23,67,-38,90,-29,-58,87,-17,-98,32,-5,-93,-87,64,0,-96,-61,-16,-77,-53,-6,-14,-66
91,17,37,-61,-4,-57,-30,10,-36,-6,-91,-50,72,34,-52,-98,43,-83,-64,-12,-93,-66,-37,74,24,-15,-54,39,-27,11,-90,-47,81,7,49,-27,44,38,42,61,49,-69,-90,-80,-25,24,94,95,67,52,15,75,-1,-86,-66,35,-8,9,67,-41,-96,-86,-59,29,-21,-34,97,-54,19,45,-20,65,-23,33,-6,-78,12,18,84,-15,-1,-54,-27,29,-55,72,-6,94,-47,100,-50,62,63,61,2,50,-97,-7,64,62,-26
17,32,-39,59,31,51,87,-54,-55,-76,97,-21,-45,60,7,93,-51,70,-92,-55,-89,34,88,7,82,-54,-90,97,86,5,42,-80,9,-41,-6,98,-67,-62,-47,-78,77,-37,-73,-74,2,-74,53,97,-21,88,20,-74,-82,-55,-41,-65,37,-49,-28,-33,-99,-19,70,63,-87,-64,14,14,-29,54,17,-48,-3,-52,96,38,-53,93,94,-38,37,-19,73,-29,-31,-47,-76,4,17,-97,-99,-7,-37,7,-35,30,65,-8,94,-5,-31
-96,89,-38,69,-87,26,-7,-36,-5,20,-4,-74,52,-39,41,-49,-36,-19,-51,62,20,-30,-57,-68,-73,-78,-59,-51,86,-38,31,6,24,3,56,55,-86,-48,-40,-7,-69,-59,-3,85,30,54,-39,-10,-74,60,-7,-17,-5,31,-57,-96,-89,22,-27,-51,50,-76,-97,-90,-35,-44,19,-31,-55,65,47,-31,-100,50,-67,0,12,6,-86,-73,62,16,-59,-19,-98,79,82,65,58,73,47,88,97,66,-32,-35,-99,-39,-90,84,-94
-94,80,-39,93,80,-83,-1,85,-96,-68,-91,-12,95,-68,-56,-6,-73,-95,8,-54,100,65,56,28,4,63,73,99,16,-100,-18,91,74,-58,-24,-52,68,-38,66,89,-83,-44,79,-67,32,14,65,78,88,-24,-69,13,100,-59,35,-64,-24,-78,-24,-7,26,-36,69,74,90,37,-60,-57,65,31,-92,54,-89,-42,73,12,41,-42,33,27,-46,-97,-13,-95,49,-81,-27,15,-18,70,17,3,39,-82,-75,64,-52,10,18,-24,97
9,93,-93,37,21,-89,93,-21,-56,54,74,-20,-90,-4,-67,6,-95,2,-26,91,-82,24,-13,77,-45,-80,89,-84,-18,44,28,80,33,36,91,-73,-68,39,-57,-84,7,81,11,-18,52,-20,20,-98,-43,17,-81,-26,4,17,-73,-38,-33,-52,-12,92,16,24,-14,-17,-84,35,14,53,-94,68,-76,-10,-94,42,-91,74,89,-54,68,23,-42,-52,31,15,-7,-13,46,-83,69,-90,40,64,81,47,-88,-15,40,83,77,-5,4
-96,-100,-17,-89,16,-47,-9,37,83,43,76,-56,-34,-25,-39,95,85,35,52,-8,9,4,-65,-29,-33,-53,-38,-61,16,-9,73,16,-87,35,26,-29,-43,-59,94,-85,33,23,-64,66,13,-86,-93,38,-87,38,99,79,0,89,1,-13,60,33,15,64,91,77,-5,-86,-100,30,68,66,25,74,23,63,19,-43,43,-19,-5,41,-75,96,95,75,-32,41,41,64,90,82,-28,-42,74,71,-41,39,-86,-59,-81,-49,-12,99,-85
-14,12,42,2,-47,98,47,56,86,-24,31,32,2,-31,36,-90,97,-53,-3,-67,-57,-98,89,-77,-7,-100,73,20,94,100,-42,-76,27,39,93,-83,-2,-8,43,69,47,-23,-83,-68,-33,79,9,-66,47,47,36,26,55,-19,-71,90,-24,91,-9,-77,29,100,11,-100,59,-73,14,-57,73,74,-38,97,-90,53,33,-80,82,-34,-36,-53,-31,98,-3,-93,-93,-25,78,91,-72,-50,13,100,-8,-3,-37,-92,-96,-46,94,-66,67
19,-96,29,-77,-82,-8,49,-91,-32,-59,78,100,63,-84,60,55,51,-66,-82,71,23,37,-67,30,36,-6,-28,-64,-26,-20,-71,-3,35,-13,98,80,-31,-68,-10,-31,6,99,-79,80,-62,-24,59,44,-39,26,-26,29,-76,-78,68,89,41,-89,-56,44,8,-33,43,-95,88,-8,-33,32,34,-58,-50,74,-57,77,-81,45,73,27,27,-20,28,-46,77,-90,73,45,-69,-10,-24,45,7,1,43,-32,81,77,48,-51,-58,0,16
-12,-39,-34,-89,-58,-28,-58,-49,54,63,-23,61,-16,57,0,-40,54,-20,8,-65,100,36,75,62,-61,19,-100,45,70,-20,-26,2,96,-15,-7,28,-67,44,85,4,24,69,22,-99,-75,-98,87,-25,30,32,-79,-62,61,-35,28,43,11,15,-76,85,-16,-31,-5,-45,-19,34,81,78,-28,-63,-84,14,-93,70,-49,-68,-52,-16,11,-67,-2,41,-55,30,-68,24,91,-1,78,60,-100,-42,11,-54,-5,-63,80,-100,-6,48,17
-49,-97,-59,-26,-67,90,-98,-83,-31,74,-14,-5,24,8,-100,25,26,69,-64,28,5,-7,19,94,-32,46,30,-88,20,-5,35,74,7,10,83,1,-89,96,82,-54,-72,1,36,78,-48,35,-61,-3,-76,-98,48,-85,-52,93,91,70,-69,-41,38,-16,76,-69,-81,-25,-71,-8,57,57,10,91,-30,-13,-97,-83,49,-62,-4,76,88,-2,46,-99,76,20,33,43,-84,70,31,-63,15,-33,15,65,-30,-87,-42,-73,40,55,-54
-49,-30,-72,71,51,22,32,-90,12,100,-52,59,66,-21,88,-22,-21,6,0,-95,96,-14,15,8,-16,49,-64,49,54,-78,59,20,90,-76,-18,81,24,-59,-93,72,69,77,95,3,-97,74,50,14,4,-68,95,-91,-82,0,25,76,64,76,-51,9,-22,-32,-100,17,89,-18,40,99,-68,-25,-72,57,-60,-60,22,-63,-91,75,58,-20,89,78,85,49,40,42,-5,-67,57,-55,-92,-10,32,29,-59,61,99,52,56,-21,-10
13,-53,-33,54,-46,-56,7,77,23,33,-92,92,-91,-34,-80,82,3,-2,-35,6,35,-66,-25,-45,-93,97,-10,41,0,7,97,58,14,43,-24,78,9,-58,1,35,53,-13,0,34,-48,-87,-99,33,81,98,65,-36,-34,-90,1,-10,-70,46,-82,-23,60,-77,9,-95,54,-23,-90,11,2,-93,20,-55,-70,-78,-95,-70,-86,100,94,93,-91,-59,55,90,91,-32,-29,-45,4,-9,-39,-96,46,-62,18,9,-34,19,44,57,-56
18,69,50,-59,9,-34,18,-59,61,14,-86,27,5,98,52,3,90,12,26,34,-15,-59,-20,-62,-1,-71,-98,-73,-39,-23,91,-28,64,-23,26,93,48,94,-39,100,-5,43,-60,31,-57,-59,3,-16,-34,52,75,31,-49,31,38,-84,48,35,-28,-21,35,-9,-21,-49,17,-59,89,90,-6,-14,-85,-25,-33,-41,-100,-90,-83,-86,-91,-23,30,85,17,-51,-13,47,-30,77,90,-88,59,94,37,-49,100,-49,35,-86,35,-30,4
-82,84,72,100,-65,90,44,19,-44,59,83,21,35,-19,99,66,34,-74,59,-16,-17,66,-99,-91,-77,-81,-60,-10,20,-21,-76,50,80,-25,-77,-68,3,83,66,-87,-67,53,-64,-91,-91,-69,24,-87,10,45,-18,-93,-93,3,-93,2,-100,-78,-90,92,39,-48,79,25,32,61,-85,35,82,-78,34,-1,-63,-80,-41,-84,-52,67,93,80,91,50,-42,7,-96,25,-6,38,-32,87,-40,-30,-21,21,27,-48,100,86,29,-82,75
88,29,83,13,-8,91,84,-73,-64,88,-35,-38,-45,-5,-65,93,8,-75,-98,46,99,98,-2,-91,-25,-80,-50,21,12,57,15,-12,-45,-95,-56,-90,97,20,45,-69,57,41,13,-30,-48,-89,48,62,-75,47,-58,-38,-57,39,70,41,66,-30,6,83,37,-6,-38,12,40,-88,56,-44,-83,-8,-50,-18,-69,-89,-41,-58,84,99,3,-16,92,3,40,-23,10,-28,-65,52,-60,17,71,33,-76,-56,-73,-25,86,99,30,-33,-75
-97,98,-44,85,-72,-85,50,-37,-86,-7,-16,-24,-13,-66,68,-33,41,17,-5,-45,47,-49,-25,40,2,46,-31,-78,7,-66,32,-68,-57,-25,31,-53,75,-70,92,27,-24,70,-92,-95,-62,-7,-98,59,68,92,26,81,-60,36,-21,-45,-2,-87,51,7,23,-19,97,-37,62,-67,-84,-18,81,-90,-99,53,-63,-72,-58,52,18,20,-74,-54,89,30,-22,-25,1,-43,55,41,78,-81,-11,78,100,36,40,57,-38,60,58,-82,83
95,-22,-87,-43,76,-84,-59,-53,38,-82,49,77,-8,-48,71,78,-73,51,-72,-48,-56,4,-13,23,-13,-6,-56,100,-97,-20,96,-3,-27,-71,-19,19,88,-40,-36,9,77,-71,-51,97,39,69,-61,-100,4,-41,-39,24,45,60,72,-85,24,-41,99,-61,78,-76,44,-39,-80,62,-46,50,-16,-43,1,24,-62,-100,70,-36,-51,-34,-39,13,-38,4,-80,29,26,-61,79,-35,-50,44,4,-2,-24,-62,-70,16,37,83,18,-12,-35
90,-86,72,2,-36,-3,3,97,-43,-91,-42,88,21,14,46,-24,-49,-93,-99,-76,91,-98,-70,21,-9,57,-58,53,-16,-30,82,34,77,-10,28,-21,43,-46,41,98,-46,-31,71,-23,7,73,-97,79,-15,-48,99,-33,70,-28,-76,-13,42,58,-61,47,-20,-23,96,-96,-16,-88,3,-47,76,87,-32,63,44,-79,-30,62,-66,-43,43,-44,65,-48,-43,-18,84,-38,71,-91,65,93,-40,32,-56,-40,-65,-57,-80,-42,44,-53,63
13,-62,100,-79,-50,-40,89,-90,-21,-95,37,-100,82,-26,85,-77,-3,97,-46,7,41,-43,41,-1,49,80,-24,76,-59,5,57,38,41,-87,-83,-10,-74,-18,85,55,24,6,18,-4,-68,68,-70,47,-38,75,46,12,27,-89,-1,-42,92,21,-80,59,46,20,-88,36,-22,-24,-79,70,-28,-95,-86,-1,-93,-54,26,-71,73,-37,-9,26,-15,-9,-75,4,35,72,47,-43,29,-72,38,-32,-89,86,-34,57,84,-26,-12,21,-46
70,43,-9,15,-73,-72,-31,-63,-22,16,94,-2,84,90,94,-86,-65,-99,54,95,-41,-94,-13,-28,-55,-19,-86,95,-73,30,10,-36,-81,49,28,-36,-32,44,92,99,21,2,-41,59,-44,6,26,89,-39,35,-19,99,74,-16,-17,-25,-48,-38,41,96,100,-9,9,-90,64,-43,42,25,84,-68,-20,-30,68,63,27,-100,-78,78,32,22,33,-27,-63,98,-75,34,-97,-71,53,-39,28,-6,97,-66,90,56,68,67,41,83,-83
-22,70,-15,-13,-10,-21,-86,50,-8,-80,51,80,24,86,-55,-71,98,66,24,76,-15,5,68,-67,-50,-40,74,-49,-30,-9,-65,-5,10,-24,-93,19,-75,23,93,58,40,48,88,86,-54,33,36,52,-35,89,53,-42,-70,-30,50,-84,17,-8,-74,-76,-90,-22,10,50,59,90,47,-43,-39,27,-97,22,54,21,-6,43,-84,-71,88,-50,45,-41,85,59,82,15,-21,91,-96,74,-30,-2,-41,-2,-40,-8,84,-88,-40,47,51
-82,-38,-9,61,4,-15,-93,-95,-21,48,12,88,-97,-22,-91,72,26,98,-7,35,-100,25,-17,66,-1,-72,-19,-70,-80,86,-39,-98,54,-99,26,79,-7,-62,39,51,69,52,43,57,34,-11,35,-94,52,11,41,70,29,-66,12,6,-50,-63,65,-56,-18,85,-8,45,-95,81,20,75,81,59,-71,85,34,21,11,7,70,94,39,92,-61,69,87,45,42,-90,-62,-46,-89,-21,-38,-88,-62,-98,76,-94,-97,40,-87,-13,86
-68,21,72,21,53,97,-92,87,-20,-35,-51,70,97,-9,-54,-100,-21,-68,37,35,88,67,-80,37,96,17,92,76,87,69,46,-96,54,-94,-61,66,-68,-31,-8,-41,1,-77,-11,95,81,-80,-2,-43,-19,-91,37,-55,62,-44,60,35,90,-62,-69,-84,-29,50,43,-53,95,-63,32,41,-54,-100,-7,67,78,-49,16,-20,-47,95,29,-35,5,-9,81,-10,-34,-93,64,29,-78,17,-22,3,72,10,-2,37,-43,56,-81,-33,-18
65,-1,-91,-17,3,39,-6,-84,47,-42,52,61,9,99,-30,-5,54,-45,97,97,-58,18,39,-88,37,-10,71,20,30,26,-9,-77,-22,8,4,-53,-22,-17,87,-43,21,38,5,-29,-90,-8,-95,8,54,62,1,-42,-67,-94,61,-41,61,-61,-11,-26,-6,-100,25,-2,23,-45,64,-38,79,-75,-38,12,45,12,-3,43,-89,-69,62,20,-24,-77,5,46,-17,-28,-90,-72,22,9,93,54,83,-77,-6,11,12,-22,95,-65,-60
-37,-91,63,10,-80,99,70,44,-73,84,9,24,-58,-93,-82,2,43,13,48,100,68,48,-82,-28,84,-83,-2,-82,84,58,-27,15,-54,23,19,54,31,94,10,62,-9,-95,100,-70,-9,-78,-58,76,-90,99,-46,-40,-61,-49,-14,-48,48,64,-25,-44,52,51,37,30,50,7,-60,60,-63,33,-62,55,-100,-92,72,-97,-100,5,-44,-65,-57,48,-70,-10,59,97,8,-98,-40,60,85,-55,-42,-18,-74,-74,-2,-83,18,-18,53
-28,-67,16,-9,-36,-47,-21,-10,10,54,-35,-77,23,88,-45,-64,25,-20,-87,-49,100,-50,-20,45,77,21,41,-80,-3,-33,-23,-89,54,59,-74,16,9,-35,59,-2,48,-49,96,-81,56,-23,12,6,-73,-17,47,-77,89,82,-69,-9,67,13,-92,52,69,73,-63,-5,-74,-100,-29,78,26,7,38,73,88,49,-60,33,92,74,23,-20,-33,-95,-50,-77,-81,63,36,30,-11,75,-57,-61,-16,-60,-1,25,54,31,31,-65,-91
-62,-12,-48,44,-98,-37,-6,-82,-92,-36,-35,-44,43,37,-60,-93,76,-44,-52,70,62,-77,-61,54,-65,92,28,47,73,-1,63,47,-4,34,-60,-94,71,8,89,-34,99,-15,88,14,18,62,-43,80,48,65,-30,20,94,23,70,-1,47,-40,54,-3,52,86,8,-100,-77,27,-44,25,83,-72,-45,73,86,68,68,-39,-35,78,-49,-10,65,-46,39,-97,-68,-52,63,35,48,-48,-56,-55,57,-16,-93,69,73,76,-64,-85,55
66,-82,-24,-84,-63,23,64,6,27,-77,67,-85,86,-35,60,66,86,-61,-25,-28,43,-73,52,45,10,-65,-20,13,-41,-54,-79,12,-68,38,13,-66,55,-1,-26,-63,77,-14,54,-65,32,50,-31,3,89,91,-35,-66,-77,-52,-23,-60,12,78,21,20,-7,-87,51,43,81,39,-59,85,-81,7,-89,-89,38,-79,62,-54,-52,1,-79,90,63,-35,61,-7,-75,-24,-99,-81,82,-46,62,-2,19,47,92,48,-44,41,33,45,-18
1,-23,-70,-58,-4,0,45,83,17,24,-62,-69,-68,-21,-81,-28,79,-15,78,73,-21,-33,-46,75,83,-13,-10,-1,-48,49,-78,-21,-99,-18,-24,81,-52,-78,7,39,33,-88,75,41,-48,6,-60,50,11,43,34,28,20,85,48,-94,-80,-90,-25,-26,30,-92,-59,-69,55,0,-19,20,-50,33,11,69,-56,-26,-54,-40,72,79,-95,67,-57,65,-11,-23,80,-83,-95,-35,-91,8,95,-92,30,-85,-55,-45,-32,-28,27,-29,79
10,-44,-60,-60,6,50,75,-32,29,-97,3,63,7,23,32,-37,-57,75,13,61,0,96,56,-4,-98,-35,-76,-38,-79,18,83,-61,-46,44,-31,-48,28,-72,53,19,-72,-29,98,-96,41,-64,52,-54,-61,1,66,13,-13,2,5,-87,-19,-71,-34,-44,100,9,-58,80,-57,92,-69,-2,57,39,49,-13,5,13,62,3,6,6,59,37,79,45,56,67,-1,50,42,39,-6,36,-5,-43,-52,67,-84,39,100,96,-79,94,-33
-60,24,-5,64,89,28,-79,83,57,21,21,-84,-76,100,-68,36,-33,40,36,-62,12,36,-18,32,-65,-16,-59,-68,-39,-88,-99,-88,17,-77,37,-91,-53,12,-78,-34,7,-41,-35,-93,68,27,-61,7,-35,11,8,-68,9,-79,-93,64,28,-73,31,-49,-36,-50,-22,-71,-88,2,56,-19,30,84,-21,-82,-66,-53,54,-34,-64,60,-59,56,87,-68,-78,4,-32,-37,-57,-76,66,-28,-26,-40,-12,-64,-19,-35,-9,-62,-17,5,-49
-59,67,5,65,-63,-69,-17,-44,-78,54,-62,-25,-30,30,32,95,-15,-15,-44,-19,16,-78,35,-67,-68,32,-2,-74,-30,-53,-45,65,21,91,93,24,-22,-84,60,22,76,-70,-9,-39,-95,-87,40,-86,22,37,61,2,-6,-51,-8,37,70,62,0,30,-42,35,20,15,-53,-90,9,-51,-71,-67,70,84,-70,20,10,21,41,81,-79,60,-75,31,34,-68,73,45,-41,86,-5,27,-86,-3,33,-99,-50,33,92,81,72,-71,-48
-6,-29,-73,-13,67,-30,30,-36,-78,-8,55,-46,-93,-87,12,-98,-26,19,-17,36,57,-4,-41,-91,32,88,-14,-7,95,26,-44,89,25,-48,97,-63,-49,-15,83,72,-42,80,22,-53,97,74,-17,33,12,-17,-95,33,-71,-59,0,77,42,-57,-1,-100,-6,-4,-88,33,-51,-72,-43,-4,-70,50,4,-13,11,-51,54,63,77,86,16,42,2,-10,64,-12,-83,78,-52,47,71,45,-43,-93,18,62,2,17,40,-93,-94,-75,-22
-27,-91,-98,-16,17,-58,12,100,12,61,-81,36,36,-98,5,89,96,44,0,-17,94,27,56,85,15,10,71,-15,-9,-36,-47,-6,5,9,-44,-44,15,32,-77,83,-98,43,38,30,-58,15,-32,-89,-41,41,-68,19,-75,18,23,-47,-8,59,32,16,-78,75,-1,-42,-77,-58,72,64,59,43,28,-58,83,-90,-77,56,-18,58,4,22,-64,90,-86,96,-30,39,93,-92,28,-42,28,-96,-66,-1,-45,-68,-37,11,-34,-93,-1
-10,50,48,99,-83,83,18,-54,-96,-73,-52,58,-27,-91,-97,74,60,85,-55,31,-23,55,67,-7,-80,-3,28,21,-15,-49,92,46,-24,47,-58,-39,57,26,-54,-99,82,100,79,35,-22,31,-82,78,65,48,61,-69,89,-51,-77,1,20,-55,-69,-81,-99,59,-29,-28,71,-24,93,-35,-3,-5,-69,82,-10,-86,-64,99,40,54,-15,-75,-68,-52,56,-84,-27,-58,10,-100,53,-27,28,37,-26,49,7,-11,-36,-17,-74,76,-40
-80,-45,26,12,-75,-98,-3,-68,81,45,-47,-61,63,-64,60,95,11,-32,-6,-71,31,-37,-63,-48,-88,-77,71,-68,1,-93,-39,-22,2,5,-88,18,-10,-25,-69,6,79,69,-92,-93,-13,5,73,-56,64,-95,-82,-96,-44,39,-52,85,-4,29,60,-61,54,43,22,70,-19,-100,-10,-23,-64,-58,-70,-4,39,27,15,14,35,53,31,86,8,97,15,-71,43,-92,2,34,67,88,82,-63,79,50,-67,30,-14,-87,98,-56,-39
-7,32,-6,72,54,84,-30,91,68,-59,45,-49,-93,-43,68,-68,-55,22,-67,33,-24,45,32,-26,28,-42,46,-23,-32,-65,-24,-29,-78,72,-99,-29,100,90,55,72,-26,21,-97,-97,-66,79,-14,-29,100,-13,-52,-42,-38,-16,-91,-91,32,-73,-86,49,18,-45,-81,99,-99,-13,6,-23,84,80,83,-37,-85,-5,-53,11,-56,-63,-80,-40,-35,-29,75,-71,-91,-71,37,97,14,-50,-48,-21,-53,-94,-80,69,33,27,20,-1,-95
-22,-72,-20,-98,34,-84,75,92,-50,-17,1,2,76,68,60,-10,55,-52,-87,-76,33,12,-86,41,86,65,85,45,18,-23,100,-70,56,-38,93,-3,-61,-30,-92,-82,94,92,-3,29,-5,84,86,80,-11,-18,-83,-86,99,49,-64,-66,-51,-40,-22,-16,-17,98,-57,-3,-11,-19,-98,3,75,16,89,-15,-85,98,-8,90,58,-37,-83,49,88,54,-19,-33,-43,-43,-70,-15,94,-71,-84,-12,-43,-7,20,-74,-38,51,81,-79,-48
34,70,45,57,-58,-68,94,12,21,40,-96,-95,-17,-71,49,21,-98,12,-61,-89,-46,91,79,-40,85,11,-48,-42,-27,46,-56,95,-72,44,86,-98,-37,43,9,89,-9,39,-95,65,3,99,31,-68,87,93,-96,-54,-48,86,-9,-40,13,78,-83,97,100,42,-72,-95,82,98,65,42,12,24,-44,96,30,-49,34,-69,7,-23,40,37,-75,-77,75,80,71,-60,56,-47,44,92,-36,-16,6,80,60,18,96,64,29,15,-79
69,35,-82,-62,60,90,61,-63,-83,36,-83,29,13,37,-77,-51,-70,-73,99,65,36,54,1,-14,86,61,-78,-89,45,-73,-37,-51,-16,93,-45,91,48,-37,-42,-66,-78,-24,69,64,-50,-41,97,-5,23,79,93,-34,81,73,-87,-21,-73,-56,-24,-41,-24,72,-40,-71,-24,-48,-71,-95,9,12,68,-26,5,86,-32,47,80,61,-46,-24,20,55,-71,-100,88,9,65,-30,-100,22,-21,44,-24,-41,45,-10,82,-28,-39,53,-85
16,-27,-18,-72,88,-67,-61,62,55,-85,49,-30,-38,73,-83,66,-56,35,-22,63,50,76,36,46,-50,73,27,-98,-60,-99,-34,-100,53,95,-71,9,-8,29,-43,35,82,-5,95,-8,52,26,-66,-22,-7,60,-89,-29,-81,-2,15,-16,-63,10,-4,0,38,-98,47,54,-3,-52,-61,49,92,-87,34,38,61,-12,-93,-41,-17,-26,48,83,45,-6,74,68,48,32,-64,-94,35,79,-84,39,-30,-65,63,33,10,2,-97,-70,30
-87,-82,-58,81,5,9,-46,27,24,61,86,-41,-96,40,39,-44,74,47,7,-33,30,-37,-30,88,-66,-38,-90,37,45,-97,19,20,77,-17,-22,-24,-2,-85,-11,47,19,-65,-81,-98,-55,36,25,-60,47,-54,-68,9,-82,2,-17,79,73,-34,-56,-82,-78,-85,-3,-66,22,-20,91,-50,-97,-93,6,-16,73,-58,73,-11,61,12,99,38,58,19,-99,45,-95,-1,-15,50,-92,74,-92,7,-26,-78,-32,-57,-5,-81,48,-99,-77
-47,-97,-97,87,-54,-10,-43,-70,63,-18,-11,-17,-69,-88,24,-88,81,41,10,41,41,71,74,-14,34,65,60,-2,58,-93,-42,-6,-6,-77,-53,-61,-91,23,-23,-9,14,80,37,-22,27,-57,-28,92,-91,75,19,-96,97,-80,-96,58,51,92,-32,48,14,-50,72,13,67,43,61,-88,54,54,46,23,-15,64,21,89,63,73,65,-39,45,-94,69,-44,62,-85,-14,-5,-12,-19,-23,-29,-87,-2,-95,26,-46,65,-95,-62,10
-64,62,-90,46,-60,-30,66,-19,-62,-21,81,49,-93,16,20,-2,-12,-65,-35,56,71,-62,31,-31,40,-11,-12,-49,-69,-22,29,7,57,31,18,81,-51,-28,-52,33,-51,-81,-7,-47,-99,-95,91,-71,74,73,-87,8,-45,-43,51,-99,50,-90,-97,37,48,70,58,80,98,-55,-87,-87,-56,37,38,4,62,-16,-80,-35,19,-94,71,-30,23,-34,15,94,47,-24,-61,60,-57,-38,-64,57,80,31,-86,-87,96,83,37,72,-25
-46,-21,-53,-7,22,73,12,93,28,-59,64,53,-97,63,73,-8,-28,34,2,-26,-75,29,80,-51,46,27,30,54,13,-42,41,-20,86,-76,-62,52,-79,53,4,-52,98,-74,76,47,55,9,72,-17,-87,-90,94,37,87,9,-49,-43,34,-54,-68,70,26,72,49,-81,67,17,-64,-8,-88,-15,41,41,16,22,62,-43,17,28,29,73,10,77,-26,-89,-4,96,-69,-70,69,55,-53,-46,67,46,-42,17,-71,87,81,-44,77
-99,-34,-2,98,57,-31,60,-100,10,94,78,81,5,-69,-82,-63,-83,-96,24,11,11,37,-5,-86,42,49,19,-74,-74,97,-5,50,-81,96,46,45,50,-5,85,1,-87,-86,-84,14,29,-40,72,-99,19,-69,-1,34,58,-67,26,-91,20,37,21,83,83,11,20,87,-33,27,-28,-43,49,72,-72,-22,45,81,70,-27,-66,90,-55,-6,-59,32,19,58,65,-7,-2,77,49,5,-86,-57,-92,61,25,17,75,78,78,100,-12
35,-32,-82,-73,-95,-77,-43,29,90,-19,89,-44,47,-29,-70,-37,-94,93,27,-74,83,-87,42,-89,-53,-47,-34,-21,78,-59,-40,-81,3,-61,8,37,-29,96,2,76,-36,18,12,88,24,36,-20,46,40,-85,4,83,37,45,38,-23,-69,78,-2,-50,-7,82,-9,-57,15,-59,5,-34,10,-87,-15,-6,-23,48,-44,30,80,-70,4,-35,52,-26,56,22,-59,7,-65,-40,33,-48,-91,-70,37,5,10,-97,-41,-60,33,42,-23
-88,44,-54,36,66,79,16,100,27,12,-93,85,11,-22,99,-19,89,50,38,-30,-58,-20,92,76,-27,29,36,-3,71,-40,96,-22,-43,24,-31,-49,70,-99,-37,23,19,23,52,77,-34,-81,-29,44,92,31,66,56,36,38,-100,28,5,4,-71,-8,34,-50,82,33,26,49,84,-33,-97,-74,-86,-16,-31,33,40,46,1,-67,23,26,-46,-28,-21,52,97,-33,-2,26,-85,1,-16,16,-90,23,-84,53,64,-63,76,-14,34
-98,-51,-61,-75,28,76,-93,33,90,-55,47,-71,-99,-83,92,81,-79,-73,-100,99,100,22,90,-4,-31,44,64,-20,68,-19,43,3,21,-39,-97,-91,73,86,-97,-15,76,77,-44,79,-19,24,-8,50,-59,-69,-100,67,38,-61,68,87,-92,-85,-40,-2,-74,-35,75,-99,87,-97,95,34,-87,85,22,-12,5,37,-85,38,-8,3,-68,1,48,-16,-11,-32,72,38,-77,52,98,21,61,48,-62,-2,86,-97,-24,1,63,-84,50
41,-40,-52,71,74,-69,-35,21,-71,-22,-64,21,-47,16,-77,-17,-75,67,-34,-63,85,71,70,35,38,85,-34,-72,-24,-48,40,-68,73,52,-27,51,12,44,32,-81,53,28,-4,60,57,-72,44,-76,86,2,-98,-77,17,10,-39,68,21,88,86,50,-36,21,-38,33,-84,17,-47,-31,-81,82,2,-86,13,-100,-72,59,-77,92,55,94,-74,-30,-86,-34,21,97,-58,67,-34,-61,-46,-38,69,97,-69,-65,93,40,-64,-53,-1
-65,-49,72,0,-28,85,67,-24,46,51,-80,-58,-70,73,-3,1,10,5,-76,22,89,6,58,-69,38,-40,62,-10,-61,-63,37,68,-29,-40,84,71,87,-56,55,-26,-30,80,79,-9,77,83,91,66,84,-100,-61,42,-83,-81,-47,25,61,-79,69,95,-10,26,-14,-80,-96,-84,-1,65,-84,21,29,85,-60,-14,83,2,96,11,96,-4,-57,-41,-50,19,68,92,88,9,2,-91,65,1,77,-16,74,-32,1,-42,-19,-80,-50
-94,-18,-65,-44,-80,29,26,51,69,-84,-70,-16,-33,-4,-80,29,87,73,51,62,-51,-91,-20,-72,-92,99,-64,75,90,-17,77,-98,64,98,-43,-97,-32,-61,54,43,-36,80,-90,-79,-98,-44,-64,-78,-32,-4,-49,-97,-22,-39,-99,-87,-43,-22,43,-45,-32,73,27,57,-97,8,56,26,-30,-29,42,23,8,48,17,-97,-36,7,-45,37,-93,-54,69,88,-41,-93,-58,91,-85,-83,-77,72,92,7,-97,-28,54,-48,52,-97,36
-67,31,-70,19,-28,-67,83,51,73,-1,34,91,25,18,96,-51,52,-44,27,0,-66,75,-74,-14,-94,-96,39,17,-64,37,-64,83,85,-91,-69,-7,-69,-26,-69,-97,23,59,-9,-70,-41,32,22,-70,-97,53,-24,71,-32,8,94,-4,55,52,-87,-67,-18,-82,90,92,-94,3,-60,53,-94,55,96,5,-34,45,34,-56,-41,-74,-27,81,-13,-57,-81,41,87,80,12,33,51,12,12,67,52,-30,-44,93,-12,43,14,7,-8
-54,-52,-26,26,-75,-42,-38,89,17,-75,-12,-64,-82,9,9,35,40,-8,28,8,7,-27,-79,96,10,-25,-58,72,61,-73,16,23,7,-71,36,88,-10,-50,-90,42,11,42,54,-23,100,2,-82,-72,-10,38,27,-25,100,17,88,-88,83,-19,83,25,75,36,25,2,-50,-43,8,0,63,37,-98,-93,94,-70,-7,-95,95,41,-79,-53,70,-93,-50,97,18,-69,20,24,63,-95,29,83,92,50,41,-29,96,3,-71,35,65
61,1,22,31,-87,-3,3,-42,-74,97,-60,41,-21,70,-19,0,-79,71,60,31,-77,61,54,57,-89,-66,13,-100,-92,4,-72,94,18,-38,-38,43,-55,37,-66,-75,9,-78,93,-82,-7,-54,26,-23,-46,-45,99,6,-75,-58,18,86,59,-17,90,-74,-9,-2,-91,-60,-40,-37,27,80,-4,-85,64,-31,82,-8,-32,-43,48,-10,81,82,60,17,-74,47,-92,-14,92,64,87,-21,95,20,-46,85,51,-46,-88,49,-45,-21,52
64,-68,-40,17,90,-64,-81,54,-50,-16,33,46,13,-73,44,92,11,64,-84,15,36,-75,6,-19,-1,-2,-59,56,35,57,43,97,41,89,-25,17,75,-22,9,56,-5,70,58,-71,84,-2,-53,89,56,21,23,28,-92,-28,-92,-96,17,-72,-19,93,92,87,-45,16,46,14,60,41,-44,-49,65,-60,75,27,67,45,-92,-57,-77,-73,12,59,58,-22,-20,34,16,-40,-67,-38,-52,92,-10,-61,-48,-90,-49,-19,75,52,96
96,41,64,84,5,30,86,74,90,-48,-18,45,-18,-95,92,8,22,-97,58,-80,-8,76,-31,89,-87,67,-99,45,-81,-45,3,-97,47,48,-23,-24,22,-96,90,-39,-72,39,13,41,99,73,44,11,46,49,-41,-38,-77,85,91,44,20,-91,-45,18,-56,69,-71,58,4,20,25,55,21,14,-70,-1,99,71,-36,-1,-98,80,-28,-56,14,-67,88,11,-70,85,-24,100,22,-21,-84,-13,60,-18,-64,-76,-79,47,93,-100,-36
27,53,20,-6,99,-16,60,23,52,-34,52,28,-94,4,-57,-40,36,-39,95,-22,-88,36,43,61,52,55,96,-30,-64,63,-41,-62,74,4,12,-94,-70,-2,-86,-37,72,-28,96,96,32,14,-63,-62,-77,-30,-76,16,96,-81,29,76,-67,-73,7,18,-12,55,3,-64,85,-96,-59,9,94,91,57,-60,-82,33,89,20,45,66,44,98,-30,-87,-63,-16,58,81,-95,-42,24,-6,-96,93,-86,-71,-66,-63,8,-50,58,55,1
-88,-88,-64,77,-36,4,95,-51,16,-61,-87,-74,-65,18,-2,-28,78,-61,-62,-32,-27,-60,90,-58,-64,48,-97,-61,-88,92,-64,87,83,-15,-65,35,75,-69,92,-61,76,-89,45,-71,35,-50,70,-9,-92,-98,-13,-18,0,44,-15,-95,43,-31,-91,33,-4,-33,-76,-51,38,92,-54,68,98,97,-90,-45,34,-44,-79,-27,68,70,-24,26,-73,61,-98,20,-75,-62,-57,-13,22,8,69,76,-32,-99,26,-33,17,86,23,44,36
44,95,-61,64,-82,47,94,13,68,-6,-31,-46,-23,9,36,-16,-9,-71,-6,-11,31,95,-75,-2,44,-42,14,-76,33,-30,-70,71,-33,66,-73,-60,8,59,-98,-83,22,55,41,-100,-56,17,-70,-55,19,-82,-67,38,58,66,-67,93,83,5,13,82,78,-60,93,-10,59,52,34,-24,-67,49,62,25,-20,-2,-82,15,-48,43,16,-47,-21,15,31,28,-74,58,58,-85,-9,55,59,74,-86,100,-89,-91,-46,94,69,40,-61
5,-14,8,-44,40,68,32,-65,29,-18,82,-100,20,13,-22,16,91,51,-53,-16,-80,26,99,-75,96,20,77,13,-12,67,-69,81,13,-76,-16,20,-74,38,25,-74,-87,39,26,33,-46,28,14,-15,47,41,-87,33,80,15,26,-63,51,-55,34,-70,55,31,-70,-44,45,36,17,90,5,-2,-35,-81,-25,-92,69,-80,-39,-54,-40,-93,-9,-35,4,34,-69,-22,-25,74,14,-1,83,-36,28,78,33,-74,82,-93,80,-8,98
28,-18,33,-54,70,-90,51,-19,94,94,-98,-36,-16,-29,-58,54,-39,-73,29,12,20,-27,-27,60,11,16,-41,-19,1,-88,28,67,40,-81,-66,-70,53,29,-3,-59,64,67,31,-7,97,-36,86,70,-14,44,-31,91,-42,-75,-1,2,62,3,-11,83,-36,-1,-76,94,40,27,81,-41,84,76,70,70,79,-73,41,33,-6,94,25,42,-33,83,25,76,-55,60,-67,-18,-81,-34,-73,58,75,-13,65,-26,42,-60,95,-5,-57
77,-3,1,-46,-93,42,-54,27,44,-51,4,82,-36,-5,-9,-34,-43,-52,63,-61,-58,8,43,-55,-27,-7,-10,-36,-77,-56,-85,71,21,43,-38,66,-14,-93,56,85,-4,-23,70,35,-15,-53,-15,38,66,-2,97,-20,3,52,-7,24,-48,56,-7,-83,77,13,84,-60,67,84,67,-43,-59,10,0,23,-47,-24,78,60,17,-17,23,-15,-58,-54,3,26,61,28,-94,-14,-19,97,-86,-37,62,26,-46,-40,-15,36,18,-41,-50
34,42,-9,-90,43,-55,82,-87,92,38,85,11,87,0,56,97,81,56,43,-27,34,26,-20,-17,30,-100,64,52,-16,-68,-91,62,-17,69,15,-8,84,62,13,-65,18,41,91,-43,100,54,23,16,95,-71,6,26,77,-27,-54,89,-25,-59,-97,36,-27,-61,-80,-40,-6,73,-45,-97,-52,11,33,55,-96,-14,86,-33,43,77,-16,89,34,9,-83,-31,34,52,2,-37,-17,-49,81,-99,44,-8,-13,91,4,72,-93,-6,96
34,-94,-89,-11,-65,-47,54,18,36,-15,-51,52,-90,75,72,-82,-53,-87,-60,-78,23,44,-64,-1,87,-13,-27,-81,36,15,99,7,0,-55,-29,14,-65,43,35,-18,-8,38,22,-84,40,-45,-87,49,-39,-50,-74,56,85,99,-40,-58,-53,78,-45,-44,91,-9,67,94,-96,53,44,-53,64,12,81,40,11,45,-12,88,-92,31,79,8,100,75,-59,44,-7,59,-75,-83,-11,-53,-15,-40,-93,-97,30,-5,81,-15,32,62,-70
45,-19,-11,59,3,-14,18,-97,-56,-65,44,67,-82,11,88,-4,-71,-69,-50,100,16,-17,-86,74,17,-44,-22,86,59,-47,-12,45,-66,41,-53,-30,21,-96,-54,-84,49,-8,-81,-1,47,-64,73,88,7,-57,-77,54,-18,-59,37,49,65,85,-83,-33,19,67,-71,-24,-53,-65,15,-58,-61,2,96,-72,11,93,23,15,-53,69,62,-34,-71,16,-2,-40,78,-3,91,-76,-3,-80,-16,-56,-70,56,3,-80,85,-16,4,-78,79
41,70,72,9,45,9,-46,-4,-52,-1,35,-23,-11,-26,-32,-59,45,-36,98,-17,62,-96,-92,46,49,37,-12,43,29,-88,65,64,-94,-31,32,48,-52,98,-73,-75,8,16,47,68,24,-81,66,11,-36,61,-71,58,62,2,-53,-75,59,-75,35,-8,-76,-100,96,-90,71,-19,57,74,89,-72,92,62,38,92,21,-87,88,-51,6,-94,-28,-47,4,-60,33,3,16,28,-23,62,-5,6,-35,36,-68,-82,92,29,67,-39,16
-92,74,-57,-51,42,-6,-31,74,26,-14,-63,58,47,-59,14,-19,18,85,-32,39,-51,-87,44,2,-61,1,-32,-86,13,-43,-66,9,37,-6,-7,-60,92,-15,-56,99,26,-28,70,44,-54,75,-73,-96,78,-60,-92,-54,-20,-31,81,59,26,-56,22,-44,95,-37,-100,-59,-59,-13,62,72,27,-2,11,-26,73,-30,52,-22,-47,-53,22,-79,10,41,20,9,27,62,-63,-38,36,89,-42,70,85,13,-38,95,58,74,98,30,-3
39,83,100,62,52,84,13,-71,76,-11,-68,-96,13,98,82,-78,18,4,94,-4,-9,37,-8,-65,-24,38,26,38,-21,77,-3,38,-97,-56,99,-70,-11,-97,19,-33,-91,-42,58,26,88,-6,81,-1,-15,47,100,-32,61,-31,-11,87,91,-96,84,-56,-67,6,42,-26,64,13,-88,-57,64,-79,-48,2,5,96,14,55,39,-97,-67,22,62,5,-40,54,-97,23,67,67,72,70,-24,37,84,18,-96,47,5,-55,78,-66,-63
-3,-91,-32,9,-17,47,46,96,-55,0,13,19,0,-54,-55,-100,-71,-13,-29,22,-64,72,35,25,-60,-16,-53,-92,-43,53,-70,56,65,-34,10,-7,-82,-41,62,-68,-99,21,-26,7,78,-6,67,85,-94,-27,-75,-10,-91,35,93,-83,-51,-48,14,0,-2,-51,79,89,77,-42,52,17,-25,-74,10,-40,-74,58,6,-8,82,-29,-7,63,-99,-66,53,-9,-57,27,-99,-1,-15,71,-30,60,64,-32,-11,42,-12,-90,-57,-94,-7
66,25,5,-51,-100,26,69,-14,72,-65,-34,-90,27,23,38,-62,7,-86,-28,-45,60,-98,46,45,-2,33,-31,75,59,-53,67,-43,26,-61,83,-91,3,-62,45,-48,-99,-17,-44,95,-100,-59,-13,80,43,-34,23,42,27,41,29,82,-7,25,80,-87,50,65,-29,29,-91,-21,11,63,79,-98,-7,92,0,-20,63,-26,-90,-54,-2,-8,-2,11,-35,-32,93,-75,-91,-21,-92,40,8,-41,-44,80,52,6,61,-49,4,27,77
21,-29,96,44,-51,-87,33,6,93,13,-55,-3,-60,-77,80,29,19,-69,-37,75,95,63,23,-60,-88,-65,-79,45,31,71,54,-88,-57,35,67,-34,44,5,-35,-81,79,-69,-65,-50,-7,28,36,59,86,68,-56,34,-15,-62,98,15,-47,50,63,-97,79,-29,44,22,-95,-12,41,82,83,32,79,-15,5,-24,-73,9,-5,-7,-30,61,5,-76,77,7,74,87,97,-92,69,-93,98,3,54,93,-38,90,71,-34,40,-38,-33
30,93,-2,-77,49,-61,57,62,18,-46,71,-32,-41,52,86,-98,0,-29,-33,-58,59,-63,-77,1,-43,19,-1,-75,86,-6,-60,29,-91,50,97,-94,41,-59,7,52,96,63,57,-86,-41,-84,38,76,-82,72,60,68,-22,-26,-29,21,-10,33,-3,-71,60,-96,70,88,-19,-94,-51,-95,46,20,-46,77,63,-12,-39,49,46,-3,84,12,-18,45,-7,61,31,-97,-27,-97,-53,-49,39,-54,47,-65,45,82,-59,64,37,27,-51
