88,-39,47,73,93,71,-80,-61,-4,43,76,43,50,-74,-69,99,-21,97,-100,94,43,3,53,33,0,-94,-35,-44,-97,-14,-40,72,90,9,37,71,86,75,18,30,-86,-32,2,69,-95,55,94,-45,-64,67,-72,0,-57,89,-92,96,52,23,41,-72,-1,-64,-15,46,82,39,11,65,-20,-43,-39,88,-47,38,70,39,-99,52,12,88,42,58,98,64,83,54,-53,34,67,86,-54,-37,-81,-18,33,-70,83,90,3,34,80
-97,32,46,-18,-42,-38,35,71,-7,-59,-69,-70,-62,-2,-31,-19,49,-82,-38,-59,-71,84,13,31,62,58,-62,30,-52,-45,26,65,-4,16,92,-24,27,26,30,44,30,60,100,-36,-61,-68,74,13,97,85,63,-65,-27,-9,-25,0,-23,-37,-14,-67,71,-55,64,84,95,-100,39,50,-10,72,7,31,49,22,-55,49,-93,-35,85,74,-29,13,-4,2,-34,-86,-95,23,78,98,83,19,67,-66,-45,-8,-32,-43,-99,71,14
-45,-12,-26,-32,34,-53,21,10,73,32,-23,34,72,-30,-19,53,-54,42,-8,-67,85,95,-48,86,-11,-100,-78,33,-36,-76,-25,-51,26,-16,28,12,28,-77,76,-84,-85,48,-38,-89,-90,-26,-7,-16,-31,-97,-51,66,73,47,76,-15,-59,29,9,39,-83,-73,-30,71,42,-53,-95,-86,-36,-21,-47,69,30,86,-89,-9,-90,100,-20,-45,-85,1,-68,-8,31,-59,39,88,-47,68,-63,39,38,5,-57,96,-51,-49,-66,-76,-29
97,-49,74,-94,51,-59,21,28,-9,4,73,9,16,51,-31,-35,-87,90,-14,42,94,69,-50,90,100,60,-51,-36,62,-37,23,-1,-91,-34,33,-31,46,-64,9,-26,14,-53,-27,22,-78,-7,39,-48,14,-92,-32,-13,88,95,32,-16,-10,34,-26,-90,75,-16,-39,28,-19,-9,93,92,-55,7,-89,-20,-61,-76,-63,60,-24,-62,-70,-16,5,0,64,-96,15,-12,96,38,-79,39,-81,-84,19,90,75,11,47,14,-13,75,-56
-78,90,25,40,58,-66,-92,-44,33,53,-86,-28,27,-91,-61,34,-63,31,-67,66,9,8,-28,26,-6,-53,91,49,-85,-67,-14,-38,-38,46,-18,-32,-97,-98,-63,-61,-52,87,-31,63,59,5,-51,32,13,62,98,89,-67,-57,33,-10,-47,-1,10,41,99,-72,32,-96,56,-40,-9,8,-78,-16,25,57,63,45,-55,25,71,-46,-66,21,-34,-59,8,82,-92,94,51,58,-92,-83,-14,-92,-72,86,47,-64,-65,85,-47,-38,-17
41,-62,59,-21,35,-41,-100,-80,-89,66,-70,-69,57,62,-11,-20,6,-84,-2,94,89,-95,84,-4,-28,-57,14,95,-55,91,93,26,-78,-57,72,48,-33,37,11,43,-34,-79,76,-42,72,51,-72,-20,-85,59,10,-65,51,-69,8,48,-44,8,19,-83,18,-71,-27,-62,-95,-42,39,-74,83,-57,67,-81,47,79,-17,-34,-87,47,83,62,0,38,-80,-48,42,-55,-58,-36,25,-64,20,-45,58,81,18,-58,37,-98,-1,-95,-32
-68,34,40,-42,12,-91,83,99,-71,-23,-76,-70,-55,-4,-91,-97,65,13,-88,15,95,72,-5,43,-67,-14,43,-31,-73,75,-81,10,-90,78,17,39,-12,-35,52,-50,71,-28,7,20,20,-72,-51,-26,-24,-53,51,40,-5,84,82,46,71,96,81,-63,-4,-97,74,75,49,-15,-12,-68,-11,-26,-100,17,-8,-63,-69,70,-86,-99,-57,86,-5,-44,-80,27,-66,-89,71,-16,90,-30,-18,84,16,-87,96,67,85,20,-32,87,-58
39,99,93,-64,-41,68,58,54,87,-7,97,0,42,-56,-10,13,-73,-83,37,56,99,-37,85,-67,-1,-37,95,78,36,30,-81,41,51,10,99,83,78,67,79,-21,41,54,53,65,-17,-34,-22,-50,40,55,12,-94,-48,46,45,-3,-7,78,88,-50,-15,51,33,27,-50,51,38,-67,-78,22,43,10,-23,36,29,-3,56,-26,-98,87,36,46,-54,-53,90,56,69,61,63,93,98,86,-63,61,48,-11,-88,64,-29,-39,-1
-27,-85,-29,31,-94,89,-58,-12,16,61,-32,98,1,65,-21,24,17,-97,94,-19,38,-7,-29,40,-69,52,52,67,60,50,-88,-79,-42,-15,-23,-96,10,5,43,27,-69,-20,-58,-38,-5,-42,-37,80,42,95,-22,-59,-51,-4,100,0,62,-63,90,-33,-92,45,-35,30,74,-14,10,-57,-55,23,62,9,96,-51,-25,69,66,42,23,10,67,-86,-5,-84,-89,68,60,-46,-100,-76,-81,-46,36,-3,-70,46,12,-35,-13,-33,-53
-94,-62,50,-17,-87,79,91,14,86,0,-56,21,-28,30,84,-61,-99,-15,-33,-15,49,60,86,70,-43,19,-11,33,85,44,-16,45,-36,92,-39,62,38,-17,-44,-90,-74,71,48,81,-70,-92,-49,-46,-2,53,61,54,81,95,36,57,88,74,-87,69,4,-41,-63,28,-47,62,86,-26,80,-56,87,68,38,-71,-15,-41,48,23,9,80,8,-28,100,-82,-66,26,38,30,-16,-44,-36,-80,61,-14,16,90,12,82,-71,95,37
15,90,86,-100,-45,-46,-35,-42,-3,-34,-38,65,-1,15,76,63,55,20,72,45,17,-69,35,-7,-94,77,92,-95,-66,91,-71,65,-90,-97,-11,22,69,4,-19,51,-71,21,79,-51,49,62,-36,63,95,67,62,5,60,-80,-40,14,0,-73,74,75,7,-19,-55,21,-32,25,82,1,-88,54,-55,23,94,74,74,1,62,-56,55,-34,5,76,18,47,-84,15,28,-9,65,-65,-14,-71,-25,41,-65,-36,-92,62,24,29,-92
49,26,-15,69,-95,-23,59,-72,12,53,16,88,57,68,-2,-37,60,32,30,-78,43,81,-54,32,-69,44,-52,52,36,64,83,6,67,68,-54,-33,-52,-34,56,-85,-60,29,-94,44,-86,-50,-73,81,34,-71,-43,10,-68,41,38,79,1,4,25,-26,30,-45,64,34,68,-55,41,34,31,70,20,37,-39,40,-4,-51,13,-73,-48,-59,57,41,60,77,31,-90,66,-55,-97,75,-51,94,-62,67,-40,2,40,8,2,0,74
93,-42,6,42,49,44,17,-42,63,-29,73,72,88,-34,-100,20,95,28,19,-2,-63,-96,2,76,-29,-5,-57,-32,-97,47,-72,-1,-84,-46,-13,-28,-10,-85,-19,73,-54,-77,38,61,34,88,57,-51,14,-38,3,97,-89,90,-39,38,-27,90,47,47,19,19,17,17,-29,-26,78,-74,25,-28,-8,30,-32,22,33,53,57,-62,36,5,29,25,63,-66,-30,-49,-58,-95,26,56,20,-11,-21,-61,67,31,14,-64,-40,-13,-21
34,91,5,-35,-1,83,-64,-61,-25,44,-69,90,90,-10,37,-92,93,55,85,-65,42,1,6,-58,87,-9,40,65,87,58,42,-15,-36,-49,-34,-39,-19,96,-89,-69,87,78,41,53,-48,30,-20,40,47,5,71,-80,-48,-15,-80,-25,54,40,-24,49,29,65,23,69,13,-13,80,51,9,-19,-89,67,-62,95,11,-78,-90,-99,-73,67,-59,-89,35,-88,20,-36,-42,82,94,90,24,52,-91,99,-9,10,-70,5,65,81,94
-87,-35,86,47,-29,60,-49,52,41,56,55,-76,0,8,-73,40,-72,48,-7,82,-44,85,-30,73,54,-35,3,-71,-52,70,100,39,-53,22,0,18,33,-29,-43,-46,-100,51,4,14,30,90,38,-73,18,6,-64,-87,79,41,-98,-68,-81,-47,48,35,72,71,41,-6,-41,-30,-98,-9,-90,68,-14,-17,80,92,67,74,29,24,24,-22,7,57,59,24,42,-54,37,44,71,-70,-38,-70,-43,38,35,-60,56,-2,-45,46,-9
18,60,-46,-68,-54,-84,-35,92,-82,41,32,-32,-16,41,-58,83,-49,10,62,-22,94,58,45,-53,-69,57,75,-56,38,77,-14,-36,-24,51,-36,-48,-18,24,-48,-58,19,-96,-65,-68,57,-3,10,50,68,-1,39,-60,37,-75,64,3,17,-73,-66,11,29,84,27,96,54,58,-36,92,16,-51,77,-56,24,19,41,-73,71,-58,-23,-95,9,36,85,22,28,-43,-100,86,0,30,-23,24,-18,80,23,63,34,63,-29,-87,-52
31,99,-21,60,40,13,84,12,-56,22,64,-65,-34,-70,17,64,-39,-11,-99,59,51,-85,73,-86,-96,-57,-95,-84,77,20,-39,-21,10,90,-74,99,-70,-80,-11,-93,-39,85,90,2,86,-24,47,-33,38,-73,-10,55,-82,48,-39,-39,-8,26,63,-49,-92,28,-29,50,-76,-1,-1,-21,-61,92,-38,-25,89,58,-14,77,-59,13,86,74,92,-42,-9,49,-21,54,99,-69,99,-86,-49,-34,18,21,-61,-66,22,-90,10,-41,81
-70,13,94,-82,-9,-13,100,-23,1,28,64,77,-14,-8,47,-24,-38,92,-71,46,-17,7,46,86,-53,65,-56,-17,32,-49,-13,49,-14,-60,-80,-72,76,-49,-61,28,61,-64,40,0,-96,99,-87,49,-18,7,49,-37,-17,52,65,63,8,-56,39,-55,-17,-99,-42,-6,-71,-4,-67,46,93,89,47,8,-29,-5,-72,-59,14,68,-33,-7,60,30,13,89,51,-89,-49,3,-69,-13,13,17,-8,49,-19,-1,98,-90,74,6,-44
-90,-58,52,-65,37,-31,3,96,-69,-12,-56,-92,12,9,86,-70,-58,21,-3,87,-19,-76,-63,64,10,10,-79,73,78,51,-60,-100,-73,89,-58,10,23,65,-90,-1,-58,99,-15,-20,-72,-70,-97,-17,43,-61,51,62,-80,-74,-98,37,-36,-93,25,-75,44,-98,-50,72,-74,83,59,-15,97,20,-56,23,35,-99,40,77,8,96,18,-34,-8,29,87,54,28,-68,44,14,1,-84,95,94,-53,54,-2,-30,14,81,29,-2,-8
-20,95,45,-92,62,95,-3,21,-89,-65,-78,-55,-4,-82,-90,2,-43,-23,97,-14,73,-8,94,41,-100,-16,24,-65,-2,-87,-91,-32,84,-65,-31,29,-98,77,60,96,72,74,26,-63,6,5,-59,-81,52,-80,-61,78,-43,39,-64,-86,3,-2,78,45,-56,25,84,-19,-57,-9,14,42,-76,-12,-78,1,72,68,-11,14,-11,-19,14,-53,44,-11,71,-61,-60,6,-99,24,-83,-30,-48,79,27,8,-89,44,49,-86,41,2,-85
41,96,-70,41,-72,-30,90,-96,97,-65,-21,-69,0,-36,41,75,97,-96,-98,-68,-18,55,-83,-54,91,62,33,20,-38,93,-26,39,-71,46,1,83,2,2,11,64,-44,-93,-25,43,4,0,83,71,-68,68,-59,-3,90,-19,14,94,-41,31,92,33,-80,6,-65,-46,-83,74,-82,-36,-45,0,-72,-43,27,-96,-25,-23,28,-54,41,-53,52,73,23,-85,63,-83,52,99,-40,-28,-10,-18,27,-22,-44,-65,-4,-39,-37,-8,-88
29,-43,25,38,-96,90,15,-99,24,52,-50,41,-95,-65,14,81,-34,-57,-33,98,-19,52,-66,60,19,59,-39,99,15,64,-42,4,-31,-6,39,89,-73,16,25,53,-42,-20,62,12,66,-40,39,97,-94,80,0,55,-26,-14,100,-19,-91,55,61,72,8,-25,58,65,-83,69,39,-84,-58,28,13,-24,19,82,-7,-58,-52,-67,86,-91,-98,-100,37,10,39,53,91,-18,-100,4,-48,69,-4,7,20,10,-36,47,-62,-67,58
-6,73,-20,4,89,83,42,-74,62,57,74,64,-84,-27,51,44,85,23,-32,-76,-4,39,-98,-24,27,-63,-92,26,97,16,44,100,-33,49,-86,1,18,65,43,-47,72,69,-23,-51,5,95,-98,-35,41,-45,46,86,66,-81,59,59,-13,52,60,57,-76,-85,-100,65,74,-47,-8,-6,12,9,84,70,17,30,-14,-22,-57,-31,-74,88,24,54,-85,82,60,-79,70,91,-40,-78,58,48,94,-49,-20,-39,50,19,1,-38,-24
-91,79,-66,-16,86,-16,-90,-45,59,-83,-65,69,5,45,-97,-98,-95,-17,8,7,-20,29,-15,-17,-10,59,10,-54,79,90,57,76,15,27,55,35,58,20,83,31,-99,-13,10,-48,79,76,-9,43,28,-86,98,-62,9,-38,-56,25,22,-2,-10,-15,36,-1,-30,-53,53,-11,85,59,-14,61,-100,-54,-46,44,13,80,-16,41,-96,-65,-54,80,-97,-76,3,-26,-98,5,69,-36,56,-17,94,-81,5,47,100,13,-68,9,-8
-54,15,-85,-29,-58,88,6,-89,7,39,1,-71,-97,-44,-19,14,-15,-23,-93,-65,28,-60,56,-43,84,-12,-19,-58,81,-54,-8,49,4,-89,-52,-100,58,68,-68,63,12,-64,32,-52,-74,-23,-30,72,-52,48,54,-16,-61,-44,-98,38,63,41,52,77,83,-4,-98,-83,-65,30,-84,22,25,57,-46,62,-42,54,92,50,49,76,-95,-74,28,-89,-41,-29,-70,11,77,-97,-30,-83,76,-29,60,-97,-74,2,67,-6,41,-55,26
5,71,-86,-26,-77,-33,4,23,-73,52,-13,99,100,40,-81,85,9,86,75,51,-84,-5,-1,99,-19,40,-84,-3,8,-83,29,52,46,-4,14,-82,-71,26,-38,24,-60,-81,57,-8,60,-84,95,-69,28,-100,-96,45,19,96,8,7,-27,92,27,-20,-55,44,71,-87,91,-58,16,98,17,44,97,-23,58,-86,-53,67,93,-83,6,-10,37,-52,-34,39,-31,57,42,83,-43,-86,-83,79,-49,34,93,43,-3,-59,79,-31,44
-84,-30,23,51,-70,36,-29,-85,45,-62,-13,38,-39,22,9,78,-3,10,-18,-6,45,-70,6,22,89,-71,78,-75,53,-45,-93,35,2,62,62,-13,91,71,-27,-68,47,-1,-61,54,-99,-46,-37,63,64,-63,-52,0,-69,-46,-38,2,31,-3,-27,26,8,-84,-13,-42,-94,-39,92,-23,-68,-82,0,53,-55,-44,-5,-16,43,55,-90,10,-47,-48,-45,32,45,-71,-54,30,-29,16,-64,-98,17,-75,-5,3,-24,-15,-14,-87,-49
-40,67,57,-39,-37,18,-98,91,-56,88,-65,-42,-80,90,0,89,-17,10,-33,-77,70,51,73,-95,-94,5,50,96,-16,-28,-92,-38,9,-4,-98,-29,-23,41,-70,79,43,74,-96,97,37,62,-30,-78,85,48,-51,18,14,-91,62,65,3,69,60,89,-20,87,-58,84,54,-8,53,-15,12,1,32,-21,-12,33,80,-88,25,-47,72,-51,-11,9,-33,-61,-74,-47,75,-63,87,-32,89,43,93,-95,-60,40,-47,-67,50,-34,-91
99,-39,11,73,5,-53,60,-15,-79,-58,-98,-65,-91,14,-3,78,78,30,37,-83,89,-96,-34,86,-15,-97,49,5,-36,-48,-99,-6,-55,51,89,90,-62,-13,15,83,62,-2,-77,43,57,54,-8,75,-83,8,-60,-16,-96,-12,-17,90,-58,90,98,-24,-41,-25,61,-56,73,-30,-78,-76,40,74,1,81,-12,9,16,-34,-25,-84,53,-97,-97,-100,-79,-9,53,61,-11,46,44,-87,94,-92,17,-6,-97,70,-63,-79,81,84,100
5,78,-63,-82,21,-20,-29,18,-90,77,-41,-32,47,59,16,-83,-84,-17,-27,-100,2,-96,-60,53,-24,99,9,-41,-50,-24,17,-98,-50,16,83,-81,72,-55,-46,70,-67,-98,-97,82,48,-76,3,-44,27,59,29,40,-51,73,-99,-25,98,38,-95,12,-78,58,-16,-71,16,-91,-19,93,7,51,87,-21,74,-89,15,-62,-22,35,6,-98,-24,-33,-27,-1,29,-43,73,-88,-23,-85,-31,-31,-93,52,-88,-42,-44,62,35,-99,-65
51,-81,-54,15,41,85,61,59,24,43,23,-29,71,-11,-13,-3,-58,-4,6,-77,-97,56,85,-12,51,-54,-85,-5,-12,-36,89,-52,7,-17,-51,-58,-37,-15,11,-94,51,37,83,-59,87,-87,28,-51,-93,82,40,-2,24,-10,-7,-46,-59,14,41,66,-47,58,51,30,-92,69,89,-51,-28,-18,-29,24,-40,74,-54,-53,73,24,72,10,100,46,31,1,-47,-27,-61,-72,-28,75,-45,39,30,-66,-43,-83,-32,-45,-31,-81,17
-7,-89,-49,-55,-76,97,-11,56,100,29,-70,22,30,92,0,65,1,45,64,-95,-8,-39,46,26,68,-32,-1,92,-91,27,35,-81,45,-51,94,-48,-49,-12,-11,-21,7,-82,6,75,21,-35,-25,-81,-9,38,-95,-55,-42,97,61,59,10,57,8,51,-88,-44,-2,37,-71,-96,30,-15,62,-34,-44,83,-31,-90,-60,-21,-55,69,15,-46,-1,49,13,23,-40,79,24,22,-44,-24,-80,51,3,-85,10,-20,-5,-64,-16,-43,7
-14,-43,35,90,-85,-96,39,-55,70,-10,70,-44,30,89,74,36,72,30,-68,4,79,-85,71,66,-5,-64,-24,-45,-93,89,-95,-51,36,-69,-28,-70,-89,-65,-60,-85,0,-22,-29,-63,82,-50,4,-64,45,-36,18,46,44,50,3,-76,89,-60,-50,60,-71,-75,83,42,-82,-30,-56,-68,15,-14,-94,-52,-98,-40,-29,-93,12,-3,67,30,-45,75,-20,-87,80,68,-69,40,-75,-93,28,-1,96,25,-69,90,68,43,-40,-85,-54
-19,64,-1,-27,-8,-4,33,-82,-21,55,-65,100,45,-48,-3,-14,51,-31,67,-31,-55,-56,-77,79,-75,-77,10,29,-13,-100,-96,-49,78,-55,-49,29,73,69,11,-78,-79,-13,-78,-93,50,-96,30,15,-75,54,1,-89,30,53,-55,-41,-41,-74,38,-55,-46,27,-30,82,-66,-42,-45,10,98,69,77,-97,51,-55,-84,95,16,-50,80,-70,33,44,-21,49,54,-98,53,59,-17,86,-90,-48,-85,-83,67,100,30,0,93,-70,-38
96,-37,-51,66,-35,-82,-72,23,53,90,9,-28,12,76,-40,62,-100,3,-49,13,-13,-20,-78,-77,-45,-94,92,-12,-25,58,38,77,48,-93,-38,-85,89,77,82,50,67,-22,-57,94,60,35,45,-67,-78,32,-17,-100,9,86,-20,26,60,-52,35,9,40,1,-18,-34,-40,-28,41,-66,14,35,-7,80,14,54,-77,11,53,63,-31,-88,-93,42,-19,-51,-89,29,-16,-90,25,97,-65,75,-20,95,-2,5,92,72,-24,-73,10
48,82,-46,36,-67,66,79,9,-35,-70,75,30,-8,30,-82,-81,8,-93,-83,73,61,99,30,-70,34,-38,-25,20,-20,45,-60,31,43,46,86,-78,12,74,-39,-98,-20,66,77,81,-14,37,23,-69,14,-61,-66,-76,-39,41,-42,-90,1,47,15,45,-73,-91,45,20,-53,-95,-87,83,-38,32,-20,91,52,44,99,-98,-74,-4,36,-3,1,-40,23,-40,-27,-4,-28,-45,-15,-20,-27,12,-29,26,49,19,-44,96,3,-20,16
-51,-13,71,-9,71,60,40,92,-18,-14,-75,-29,62,10,25,82,67,88,59,21,57,-91,52,-66,92,-49,-75,-81,-69,-69,-17,79,97,15,37,-10,73,-16,9,-27,74,-57,-1,63,28,16,31,-44,61,72,10,89,-67,-64,-10,-18,-53,-52,-85,59,-11,51,-13,72,-85,-90,7,-52,10,-14,2,56,37,-92,-68,-26,-69,-99,13,-84,-67,57,93,28,78,-55,-60,-90,-87,-98,-74,52,3,-84,-68,82,-51,-59,18,-67,58
72,-54,-36,-9,91,-65,38,41,22,-74,-39,-56,-6,35,-30,57,-14,-22,-81,-47,47,-85,3,88,18,5,93,42,37,52,57,-19,86,67,91,-22,44,-45,-40,23,77,25,11,22,-77,43,-95,-21,-11,-39,-38,28,66,28,-47,-42,30,-30,-16,-16,49,-15,50,-24,28,-83,72,57,-60,-62,46,-64,55,93,-25,54,-95,16,-62,-23,82,-42,-50,80,-6,69,54,-42,49,-68,-65,56,-10,74,-88,57,-37,-97,-54,31,-22
76,91,-95,72,68,-11,57,-87,-4,-48,-35,-74,-23,37,-31,-16,18,1,-20,32,-83,-50,-37,70,77,74,-54,-87,34,25,13,61,-18,21,30,72,-6,96,75,28,16,61,30,-88,96,-47,-95,-37,47,-48,-31,94,97,21,22,14,80,38,-24,-11,37,-48,88,18,39,-57,-47,-2,-22,59,-38,26,90,65,60,-91,-83,-89,26,-88,68,-30,-94,-63,-74,10,-31,66,59,-59,-52,9,85,58,-1,-69,-5,-40,60,8,-98
53,-26,-3,-52,-83,-49,53,81,-48,-11,-98,-58,-73,-88,-55,45,-22,-25,33,-10,49,21,60,-6,-83,13,50,24,-76,22,-68,-79,100,58,-63,-55,5,-22,13,-5,-68,58,-28,95,83,44,11,-30,19,-48,-61,-85,25,60,64,-43,67,-67,10,-71,9,-93,63,-12,75,-53,68,43,-100,99,-66,-29,72,62,-99,-53,-77,98,44,83,-31,-13,75,47,90,-66,61,-88,52,70,-52,-74,-77,-28,83,44,1,-47,-30,81,85
39,-10,-1,-7,-9,-44,95,-51,-7,-67,-36,7,-59,9,-93,-26,38,20,-76,-19,-35,-64,-83,-84,65,19,-61,-72,20,-68,-39,26,-17,37,-71,13,27,32,70,57,60,30,-78,55,49,-31,-82,64,-47,-64,93,80,61,-79,-27,30,-88,64,-62,75,-100,-39,-83,-52,-78,74,2,57,58,-94,-88,71,67,36,25,-17,-37,-63,4,67,-28,-6,-95,48,38,-22,91,-14,-30,49,-56,-5,82,-20,-40,-56,-1,7,53,68,-91
-93,-13,91,-18,60,11,43,-92,-46,-87,91,-7,-25,36,-86,-49,7,-70,20,68,70,81,-70,-92,1,98,-6,62,-70,46,-13,62,96,34,-1,-80,-100,-94,-28,-12,-77,-31,81,-4,-13,-34,76,61,65,-38,85,-47,-55,-29,56,4,13,-70,-50,47,77,-47,-13,-9,-79,99,76,-14,-66,-44,-22,32,19,70,26,41,-77,-98,-5,62,96,-72,-23,18,-46,-37,97,32,41,-25,58,43,-69,23,-26,-91,2,-43,-20,-87,61
-26,-34,49,25,-58,26,-31,12,-3,35,66,-62,-50,10,86,-8,39,-71,-28,69,-62,-42,51,-6,87,82,-2,-92,64,-65,-77,-16,-91,99,33,-76,-3,59,-12,-35,-84,-46,-99,39,85,51,36,11,-38,-51,91,-2,63,-95,-53,-44,91,1,-62,-73,18,89,-18,-86,73,-75,17,41,6,27,45,46,-34,-28,-98,-86,11,-69,78,-32,-82,37,66,35,82,4,99,-60,-44,-84,-65,-29,98,-87,82,19,12,46,81,-40,26
26,15,19,78,44,33,-100,97,75,-56,21,100,-16,-41,-44,-74,-1,-76,-93,40,-28,65,99,51,44,88,-54,62,-65,31,18,-46,56,94,46,-39,-22,-44,23,-73,6,-46,-25,-70,62,23,-76,-7,-34,-85,36,-26,42,-23,-73,64,22,-14,93,-59,8,28,59,-73,-76,34,6,-71,-39,-100,49,-25,48,29,86,99,-11,38,93,28,88,-68,-5,95,-38,-37,6,24,-10,-83,83,18,43,46,49,19,-83,53,-31,-93,51
-30,34,-66,65,-93,38,-35,58,15,-73,-67,11,81,-83,-15,-92,30,-43,-36,24,48,-83,-62,-62,92,-15,-98,-15,39,22,-83,-43,18,-68,-11,-51,67,100,-10,-69,54,-82,-56,68,35,90,-62,-67,15,-13,-6,29,-75,39,28,8,-8,29,36,38,9,-48,72,-47,4,8,-97,-30,35,-67,70,43,35,11,-69,46,-46,97,71,88,17,-89,-92,2,-83,98,5,-83,-64,70,-19,-1,-34,75,98,-3,-52,39,-64,-16,12
70,-40,58,-38,-13,9,28,45,-25,-18,-80,-35,-86,-16,41,-57,-38,23,-68,35,49,-94,44,-72,-5,52,-16,51,67,48,-23,-42,74,-32,56,-43,-83,20,-90,-29,92,-37,42,46,-55,-7,-6,78,-9,-100,46,-6,-22,-13,8,-90,35,6,15,-24,14,-11,50,48,-48,32,56,-1,4,45,99,64,-80,-62,94,40,98,-83,78,-59,15,18,-62,-58,62,-27,-38,80,25,90,59,-3,10,-39,13,29,16,3,-3,49,-87
26,54,-98,19,44,69,61,-60,29,-85,-92,-98,38,-64,94,54,-5,31,40,26,-48,68,-40,15,9,42,88,-53,13,-23,34,-3,-90,-11,20,-26,62,25,-28,65,50,78,-70,-66,-76,82,-55,-85,20,-40,12,-64,23,87,-97,59,-57,-40,-60,-60,23,-37,-58,40,-98,-1,32,-27,25,28,12,-94,15,94,9,-85,34,83,-19,79,-63,-66,48,-65,96,-27,60,-34,39,89,-53,83,92,35,4,21,87,-65,87,-100,-60
-9,56,40,-61,-18,13,73,32,-88,85,-49,-81,-71,81,-39,-31,65,-39,-64,75,29,-62,-47,-90,46,8,-83,-57,7,62,-93,-74,-36,-40,-8,96,90,-10,11,-26,-69,-68,91,-25,42,-62,9,-66,-55,35,-16,54,-1,-39,92,-26,-50,1,-93,-69,-36,83,-27,-99,29,21,37,100,-5,50,-25,-58,16,17,11,-37,-73,99,-12,-97,-82,-55,-19,-41,-27,51,-12,61,-61,85,-30,29,85,-63,93,87,-15,80,13,-27,44
96,61,39,-40,-11,-52,80,75,-80,76,58,-33,95,58,-67,24,35,84,-62,-72,-42,49,92,-95,-33,53,-91,5,-8,82,-28,-64,96,63,-42,-12,63,83,76,46,-59,-64,-59,49,80,78,17,70,18,26,90,30,-61,35,35,3,-40,73,-96,48,0,72,77,52,6,-78,-49,93,62,91,-48,37,-28,-75,-49,9,-33,76,-50,37,-3,94,34,34,52,53,-10,-99,-57,27,-82,26,89,-37,1,90,42,16,-40,-55,89
-46,-7,69,-99,-54,61,-9,80,88,60,-33,13,-99,80,72,-32,14,58,36,-4,98,49,-15,58,32,61,35,-75,-35,75,24,38,-82,2,-17,61,5,-10,-52,32,-71,-77,62,-17,78,100,-44,1,98,-89,54,-19,15,-69,-6,-84,-22,-65,25,-45,-36,58,-71,-19,95,4,41,-61,-25,-95,14,-81,59,-2,89,-9,-20,67,17,25,77,-61,-53,72,25,92,-37,-35,66,57,18,23,-27,-17,-62,39,-98,-11,-39,-9,-55
-18,-57,-95,56,83,33,-2,97,54,-14,83,49,-74,-24,-82,41,-51,-11,-48,-26,-20,-5,4,98,-59,44,-16,-32,94,-7,-96,-15,30,10,-86,26,-100,-22,76,90,18,-69,69,33,69,-53,10,-96,81,-66,-5,-84,38,24,30,85,88,-83,-4,-81,-9,63,-30,60,-26,82,25,-72,6,-60,30,-10,82,53,9,15,-28,71,69,-77,-43,-34,24,-38,-49,-13,91,-54,67,-43,33,-21,3,52,40,-6,-55,-35,-28,-41,-70
49,-41,3,54,19,65,-58,-78,-72,-96,3,-33,-67,52,36,-58,25,4,61,-89,-43,-95,-72,97,-78,38,78,98,-79,-59,-27,54,40,-8,18,-84,27,15,-68,-50,-48,-29,9,1,-51,34,84,-53,79,31,-6,46,-3,-65,83,63,96,-84,78,39,-85,62,30,6,-28,5,-5,41,45,-78,45,12,57,4,-26,-7,10,-55,-94,73,-93,74,-44,35,-38,-99,80,-53,-75,-86,48,1,-35,91,29,-6,-51,-67,-20,-24,99
-71,53,50,-27,-54,67,-35,73,-86,-87,42,99,-28,37,-44,80,-58,-71,-10,-90,30,22,75,85,6,-80,-79,32,-14,63,-3,-25,-51,-33,59,-42,-92,16,3,67,-30,33,47,-59,26,-18,-67,-39,7,67,-65,47,-71,-88,34,-11,11,-67,-62,82,-25,-39,16,50,70,-43,54,-27,90,-69,-97,-16,84,-26,-7,-11,96,-47,5,-83,33,-25,-25,-19,84,-8,20,-70,-78,-78,85,-55,95,56,33,-68,-47,96,93,90,19
99,-90,88,88,-74,23,84,-75,88,-81,-53,-43,-38,-89,-25,-77,56,-24,-59,-44,-64,69,-15,33,41,5,-98,-84,-11,1,78,31,-62,17,57,-1,54,-39,22,-30,100,22,53,53,-71,15,-37,-99,18,16,-71,-31,-38,-79,96,67,-41,-49,74,-28,52,-21,-69,49,98,-88,-81,-91,92,81,-41,-6,-74,72,1,-52,26,-1,-24,39,-14,-76,59,64,-23,-54,-52,0,-66,3,-74,-61,-6,-67,33,50,77,-63,-87,-38,-21
-80,36,82,4,-73,30,70,-54,-46,-50,-58,52,86,-5,75,73,-77,20,27,87,-10,-27,-86,-24,27,74,58,67,18,1,-90,-66,-19,89,-34,-37,-61,-41,-25,11,43,-52,-34,58,88,81,-32,49,35,9,-93,90,-4,82,23,89,-37,-89,0,-60,-52,-48,34,55,6,80,-77,-71,-89,-18,94,20,7,6,-63,45,-30,-6,-64,26,-91,47,2,61,73,45,-84,-63,33,99,-16,22,-83,-48,-88,-81,-69,-89,-9,66,-70
66,-19,-36,-63,-71,48,27,-14,50,-88,85,50,-67,8,73,95,41,-67,-86,-12,-12,-68,6,-83,87,-40,-36,99,85,-73,-31,84,60,-57,28,-58,77,-25,-77,83,-9,9,-71,72,-32,-87,-56,75,23,79,-53,0,71,14,-93,-92,56,44,35,18,-63,-68,88,-63,8,-79,7,-57,-96,61,59,84,-51,87,75,36,52,33,-64,99,-3,-95,-35,56,-52,26,30,83,-36,-41,-95,87,80,47,44,3,8,-5,71,39,-58
25,-34,-21,22,76,20,39,-16,-80,54,98,-30,-47,74,-15,47,-84,89,40,68,56,21,32,18,-79,43,-65,44,-59,-30,41,20,83,39,11,-44,67,47,8,-47,91,31,-51,0,47,7,-45,-94,83,96,13,99,-9,-35,83,-77,58,17,67,66,-23,-34,-61,0,55,-19,21,69,-48,20,-36,13,51,-54,-22,7,-36,23,11,-96,-97,-4,-26,46,50,53,-5,-4,79,68,-66,2,53,78,-43,-88,17,83,6,-73,69
-71,38,23,-16,-76,-30,-1,96,-92,4,-76,-70,46,38,-24,33,-32,-66,-3,-97,36,-25,46,91,-91,-23,16,-70,-19,-53,50,14,-46,45,21,47,40,32,-50,24,-95,49,-9,-34,-35,-70,74,-36,89,64,-90,-17,-13,27,91,-76,-1,67,28,-30,-54,-88,82,-71,-27,-8,10,-100,79,60,-82,-87,68,55,-11,-82,-68,70,33,-37,76,-60,92,89,97,63,10,11,-84,15,64,1,18,-86,-68,8,60,-48,79,-7,-83
-99,34,66,-75,97,-42,49,-21,91,94,-63,16,95,27,-26,-74,54,54,-76,58,-63,-53,-34,97,47,-99,24,-49,-69,-20,-60,79,-9,83,50,36,-67,-46,38,40,57,73,-35,76,37,-36,-92,-27,13,78,84,23,-41,-14,-42,-95,73,-43,16,43,-91,79,-26,-11,27,15,70,-14,89,-8,-58,-73,-43,62,-89,46,-96,19,91,-11,8,-18,-23,-75,76,-19,-45,-48,86,57,-72,-56,75,80,39,14,-24,-9,-96,92,-77
98,93,-13,-42,-11,78,50,53,-10,-93,10,44,-82,90,85,72,-62,-37,-92,79,50,30,-9,-34,-74,45,-68,60,98,37,-6,-72,-97,19,5,19,73,72,74,93,51,87,76,-85,-74,-12,-20,1,-20,28,47,77,-43,43,-20,-7,68,-53,10,-54,22,-85,-98,34,-91,-43,76,-33,6,-48,82,-15,-42,1,-73,6,-60,59,-39,-91,-49,57,49,-26,-27,44,-50,24,28,97,100,60,-73,88,20,1,-14,62,97,-85,-7
-82,-20,-28,-39,91,42,39,-76,48,43,87,44,-11,79,56,-55,-97,-78,90,-52,27,-65,11,0,83,29,-24,40,-58,26,-69,-99,34,20,10,15,74,54,82,-89,-77,99,73,-25,-1,73,7,88,-23,45,61,35,39,-16,66,-81,-94,15,91,94,66,-83,-53,-22,92,-51,-91,21,-5,16,85,58,10,-19,5,61,79,-39,-64,97,12,55,43,38,-100,42,67,89,71,-17,18,6,-65,94,65,87,59,1,73,-69,-8
-88,-82,-8,-44,57,81,-18,-39,24,-43,-56,90,47,55,-62,25,-53,-37,20,-51,-2,-78,39,-9,81,-31,54,81,-19,-100,-73,40,78,23,71,29,-23,85,76,68,-93,-69,-53,63,-81,-12,-70,-99,-26,-70,8,16,-97,-23,-23,-99,78,0,8,-55,8,29,75,-1,92,-37,68,-99,15,-21,-99,-48,92,31,52,-14,0,-88,-78,4,93,-73,87,-67,40,16,-81,-5,14,-61,12,47,-60,15,11,34,75,-42,57,-89,46
57,-37,55,44,18,34,-71,2,31,79,64,-12,-66,-7,-77,-81,66,-57,40,-22,53,91,-23,-48,-6,5,53,42,-5,22,-73,-16,26,-41,84,88,-79,-9,62,56,89,-64,24,-7,28,100,43,-93,39,85,-45,-47,88,84,2,-41,18,92,31,-66,-84,-51,74,-69,-85,-29,75,-58,-74,-26,76,40,-13,88,-45,-63,-86,28,48,15,-41,68,-72,-43,1,-92,55,-83,72,70,85,96,-18,98,47,-20,7,-93,-80,8,8
27,10,49,89,28,-76,100,22,-95,-74,-99,26,44,-99,83,-73,-66,14,-49,-57,0,62,-50,98,-4,-16,83,-46,7,-61,3,-90,-5,75,42,84,-8,-65,-99,64,0,5,-62,14,51,76,-49,31,37,-49,76,-43,-21,-80,-55,9,19,-54,87,31,25,-5,100,-50,80,-21,-57,-73,97,7,-46,-61,87,-16,-92,-31,99,15,-97,12,-12,2,-6,-53,-32,-15,76,-40,53,17,-3,77,-82,-28,-16,9,-64,-19,-64,46,-50
17,-96,13,-100,-6,-43,37,7,95,-77,90,82,9,-71,-76,12,-74,-24,-22,-72,13,16,6,3,-36,94,19,-27,6,58,28,0,-74,-6,11,71,-34,62,-91,-26,61,-39,74,58,-49,-100,82,-94,-92,-76,-59,-97,85,-36,51,52,26,28,-48,35,-70,-45,-75,5,-18,-16,-9,44,-70,-99,50,33,-73,46,-90,-71,-68,-56,28,13,-89,81,96,49,-64,41,10,-94,-18,13,74,17,-3,33,-98,-70,-26,87,-45,17,-86
14,8,-91,-17,-23,15,-68,57,-76,7,-66,-7,84,66,63,-99,-12,-16,72,-36,-44,-57,-63,19,99,56,-38,26,-32,8,-42,57,-88,74,-17,97,59,-21,80,-73,97,-48,-74,58,9,-54,75,-14,91,-100,-76,67,-45,27,50,11,24,-71,62,-28,20,-99,46,-92,-6,71,-58,71,16,66,42,-27,-64,30,51,10,-35,-71,-83,-91,82,-81,41,55,-37,43,-24,-30,55,16,-79,-83,43,35,-67,72,43,15,30,-52,-71
40,54,-71,-75,-2,54,99,11,6,32,49,2,-88,40,-74,-62,-65,89,29,18,-71,76,24,15,-4,-25,95,23,59,-78,73,-70,83,-29,-63,52,-89,-53,67,86,54,13,84,16,74,54,-38,-68,-85,-95,-2,-45,89,-14,-25,67,8,-44,-36,96,-30,33,6,90,70,15,35,43,76,-64,46,57,57,12,-67,-44,37,-64,-47,-9,79,-99,-56,-89,-88,65,95,59,26,53,77,20,93,-9,68,-55,-19,71,-12,-41,8
48,0,8,18,64,-9,96,-92,57,-96,-65,91,76,-15,-76,66,16,-2,31,-49,-19,96,85,69,-1,43,49,11,-76,99,-61,-26,-38,64,63,41,45,17,-63,26,91,-75,-4,38,-95,-32,-43,61,99,5,-44,-35,2,44,-70,-60,-68,85,62,-35,-53,-87,82,13,-79,-57,97,-52,61,-81,23,10,13,68,-29,76,-35,-94,-69,53,84,96,95,40,-83,-46,-45,-41,1,51,2,79,-44,-32,91,62,94,37,-90,-67,61
-68,-57,26,57,27,-14,52,-53,-5,39,-79,46,85,60,-99,55,81,1,26,-92,7,29,-87,-26,-40,84,98,-96,25,4,25,8,67,-14,37,27,-87,49,-16,-89,-90,-56,-47,-41,96,59,-97,22,84,-90,-10,-99,54,37,-69,-23,-3,35,-23,42,-91,-84,58,-79,55,-4,-92,0,-65,12,-29,92,-56,-53,20,-56,70,-54,68,0,88,15,-43,97,72,-13,-25,-96,57,-2,32,26,98,-18,62,0,-100,-38,-13,-61,-32
-19,-97,-71,45,-26,47,-52,68,78,70,-27,-84,-57,-23,-44,80,18,2,69,-9,15,-69,90,-35,87,0,16,-38,-17,-3,-64,78,-46,-60,13,72,-49,28,6,-34,-14,-78,-33,41,42,-94,-2,57,9,-87,8,-38,5,-4,-89,-83,57,-34,-64,60,58,-25,-9,38,-73,-17,-34,-53,100,-87,-18,-58,-33,-4,10,-94,78,47,79,-30,23,-85,-71,-79,-67,-77,-10,-52,-47,-29,30,-70,-87,-52,64,-44,-27,-9,-82,-57,35
45,-30,75,14,49,39,-32,-38,83,93,44,-98,-18,44,-40,-9,-6,-37,77,-76,50,45,-100,27,-91,-70,-29,79,100,96,81,-42,-25,52,64,-76,62,30,46,-47,1,6,25,-29,-65,-17,-1,-62,-57,-34,76,-29,29,-40,-19,-23,-22,64,-19,86,-55,59,81,50,0,-29,50,37,-23,-54,19,28,26,-45,-36,13,72,-63,13,92,-28,34,0,-22,-41,86,86,43,26,55,24,-43,-74,-19,30,73,75,62,45,67,86
39,74,-89,-98,-35,-22,-24,60,-99,-63,95,-85,96,55,-91,59,-85,-97,33,1,34,79,80,-8,-95,-19,-76,-8,-38,8,6,-44,-75,76,10,41,-25,48,91,98,76,-50,84,25,-48,70,-49,-24,94,51,76,43,-13,50,21,-83,-93,-35,-63,67,-72,0,-79,77,-70,58,-4,-57,-66,-41,-12,37,7,-93,-56,-32,91,-97,45,60,-88,-34,71,66,85,61,33,15,-35,11,42,22,16,96,36,2,-2,-79,38,11,12
71,62,-32,37,-8,-95,-66,37,-2,-44,15,29,-23,-25,-55,55,-33,-18,-63,-45,-75,82,32,-72,6,-65,58,34,-89,23,93,42,-51,-69,-60,-8,-95,64,-48,19,22,-75,-41,-70,-70,24,9,-1,-93,-77,23,77,98,-42,-42,-62,11,-41,-87,82,6,82,75,61,33,-99,73,-88,52,-17,-83,-27,-46,72,33,89,-4,-79,-29,27,47,-40,-57,63,25,-93,-26,-57,66,-63,-19,-82,-13,-85,27,-8,-16,-87,70,-41,54
-19,-18,-48,-23,98,-100,25,-7,55,41,45,-71,53,68,81,-67,-27,37,-66,81,57,7,73,9,8,-20,41,-34,59,-52,28,99,6,24,59,12,59,36,-40,-69,-18,-62,67,-90,24,-90,-16,-11,19,-2,-64,26,63,-41,-80,-59,41,-9,-17,-65,45,-82,23,54,29,-27,3,7,61,69,-77,19,-41,75,60,-54,-10,-55,-45,-77,77,-74,-10,6,-38,73,18,-44,70,-35,86,-85,14,-58,-20,93,83,-5,-45,-75,10
23,80,44,-39,-76,-2,61,-72,13,-70,81,69,-7,-82,38,-31,45,55,16,-28,29,46,32,-39,-44,96,11,-100,0,21,48,54,51,34,-37,13,-19,-21,52,93,1,82,85,57,-3,-80,-46,63,6,51,-81,39,28,4,-67,45,-81,36,68,36,-92,-94,-20,14,92,87,95,-40,-36,-26,-53,-18,-17,-70,47,51,-54,-71,-3,84,-37,-5,64,48,-36,81,-49,35,-86,87,34,-65,78,44,33,-55,-41,51,9,89,-16
73,-72,33,68,53,84,10,-74,68,36,65,-57,76,-25,-83,-81,-74,22,-76,4,73,-17,3,6,2,-95,-88,27,58,-71,-16,-33,68,30,-81,44,54,-33,-72,42,85,-61,-50,-59,-53,-81,98,40,-77,8,-34,4,-52,-12,-20,30,14,59,42,-54,-48,-79,-29,-48,-78,57,-88,87,22,-17,-69,89,4,-60,7,41,87,-51,-45,-15,68,66,-22,-72,46,51,39,40,-43,-47,-72,15,-87,-59,42,90,46,-53,47,9,-82
65,60,-20,99,35,-3,-20,56,-24,-93,99,64,-71,-56,22,87,24,13,69,-67,31,-78,90,17,-19,-56,-60,-41,-86,-1,-81,-59,-72,-84,-80,-26,-62,55,10,95,-49,93,24,-16,-93,-86,-42,35,-97,-45,39,70,-56,-25,-70,53,-65,85,48,-99,72,87,48,39,93,32,85,77,-97,-14,-14,-68,79,-60,63,-42,15,97,-9,-92,75,-90,86,-88,7,79,95,52,-82,-46,34,85,-71,-51,55,-79,69,74,-80,-16,-82
-44,73,57,4,86,15,86,-63,-44,-86,-18,13,-31,-100,-38,91,37,-7,-98,20,32,98,-85,-11,85,-30,-31,-71,24,-97,-40,-20,-32,-58,-83,31,43,11,-22,-32,93,70,68,-1,20,-45,-62,-77,-44,-21,-25,24,21,-43,82,-20,-38,70,-37,-29,-27,7,71,-24,9,-59,43,-16,91,72,-17,-78,-90,15,-86,-96,45,-84,28,-73,94,59,27,10,70,28,-33,-62,83,-38,24,-3,-49,11,77,94,-12,60,-30,1,46
11,-44,62,-27,-76,-31,94,32,-13,61,72,89,72,94,-57,36,3,90,88,-3,-40,62,-59,-33,18,-51,91,72,5,68,2,75,4,42,96,-89,-64,-66,-95,76,83,-1,-6,-96,67,-68,-9,93,-31,-71,-88,67,41,-58,-9,15,78,-95,67,-76,48,-18,21,16,-21,-94,83,-33,96,88,-40,-87,43,-36,-68,-67,3,91,-56,-42,50,-18,-80,20,95,-93,6,-5,86,-6,18,-100,15,-42,-85,-34,-46,21,-28,52,19
-11,-85,-41,-47,-32,-23,-96,-50,24,-5,-29,-10,-98,-3,28,83,56,-79,-99,44,-36,-31,2,74,-97,71,7,-32,24,67,97,-41,-58,79,-85,48,43,-23,51,37,-55,84,0,53,-54,99,-25,-60,7,-49,47,-58,15,58,7,46,40,61,-19,-62,6,-82,91,-28,-99,-13,-39,84,-84,96,-32,37,-97,-37,44,-90,-46,-37,-90,-92,-30,40,49,-94,-12,35,51,-41,-55,97,49,-21,-70,23,-4,-71,35,29,27,-20,50
-38,91,1,-97,5,55,-61,40,3,54,-6,-2,47,-19,-85,47,74,31,-58,-63,47,-98,-20,-60,-33,-3,33,8,-87,90,-100,-74,30,-14,12,98,86,-16,13,-51,77,-89,77,-50,71,76,-36,-45,-53,-76,-68,2,92,48,-16,-16,11,-42,-46,17,39,1,-65,-8,-17,80,72,30,-13,48,-47,90,-49,-54,-73,-86,49,7,-32,-86,-45,-81,-99,-88,10,-9,-18,88,-54,-64,-19,40,-55,-4,-60,7,-75,36,-66,-65,-9
92,-97,12,43,-84,8,78,90,34,-69,79,-1,-6,-69,-91,58,-5,-84,100,-42,17,-90,37,-40,52,-74,87,-83,32,9,94,-87,0,76,98,60,-80,72,0,68,-3,15,17,-59,-53,-97,64,86,-27,-28,-80,2,-46,72,-71,-96,91,-92,-87,-66,-91,-23,3,-76,52,-34,92,54,0,43,35,90,91,91,-72,-8,-62,32,24,-52,71,23,-72,-39,-63,19,8,99,-81,57,65,-24,-63,82,83,-91,14,25,80,-40,-80
89,-37,-59,-31,-45,90,-93,91,92,43,82,82,-22,-65,51,28,-78,-75,-95,-62,54,61,46,52,1,-83,66,-1,-4,22,-10,85,0,45,63,81,36,-1,23,-57,-26,-7,24,-46,22,-15,-34,-60,36,-22,-93,30,3,39,52,-46,31,64,47,-64,74,23,12,-78,-71,-53,-27,21,36,-84,-56,19,7,81,39,-27,-55,63,37,92,2,65,-12,16,-77,-6,-71,9,18,90,-48,-58,-2,77,-34,-9,-77,43,-25,52,-10
84,-44,68,75,60,-71,-49,47,22,40,-43,-28,59,35,-9,-62,83,-22,-71,-86,62,90,54,26,-4,-35,93,-12,49,-71,-68,-40,32,-62,91,-74,48,90,20,-50,19,-36,40,-17,27,-95,68,73,-25,67,-25,65,-83,54,2,-46,-28,-9,-72,55,-68,82,-1,66,-38,-52,94,-41,86,38,64,-16,85,28,-19,20,-5,74,-51,16,-62,-35,-82,85,-34,59,34,-2,-14,-62,96,-19,-87,51,0,-49,60,81,-46,-71,40
-76,-19,-4,94,24,-13,-90,60,-9,-28,-86,23,82,-83,-37,-76,-54,54,-33,-79,-27,90,4,0,-10,73,-10,57,-14,-56,-1,31,44,-80,12,55,-88,-38,57,24,76,-62,-65,83,57,39,76,45,-14,10,-7,26,93,-72,12,17,67,17,86,79,-94,67,-10,12,36,-2,-89,-13,-94,-47,85,-3,-84,79,4,29,-37,-30,-20,-72,-88,-58,2,30,-19,98,-39,-15,93,91,30,77,18,-43,8,10,-32,-39,89,54,-55
-75,-20,16,-2,95,71,-82,80,-43,-72,-54,-56,100,81,87,-19,-27,-53,-44,-23,-7,-97,86,16,-31,73,59,-97,75,92,82,-13,56,-61,-11,13,-93,18,-13,71,93,100,-97,36,2,-92,-4,26,-60,77,0,59,55,-99,-78,25,-4,-97,-31,6,-90,-33,49,-25,75,-43,-85,-45,-13,-71,6,62,-91,17,35,66,75,-78,67,30,-10,26,-25,-28,86,70,-15,-90,72,29,-47,7,77,73,-54,89,-70,48,0,91,-8
64,7,-97,-63,98,-63,-92,19,93,-84,34,-68,34,97,7,-58,-92,-6,-88,27,45,-75,30,2,-61,-55,75,19,96,67,-42,96,77,-12,50,-2,49,57,-31,-49,-60,-76,47,66,8,20,17,78,-2,-93,52,3,-47,21,-37,74,-48,63,-90,68,99,84,-49,-87,49,86,1,-82,64,4,59,-45,99,-98,14,-55,-13,-85,-56,11,-68,-90,23,-91,-2,68,100,-41,3,9,50,33,8,8,83,-56,-16,-1,8,4,35
-9,-12,-50,63,-79,-10,-72,-42,15,-26,32,96,12,26,-21,51,-84,38,21,66,0,-79,42,16,92,45,-67,83,93,-6,53,1,36,55,-77,75,-53,76,-73,88,100,-55,54,9,-25,-66,-68,48,92,-41,-3,33,18,-85,22,-81,36,60,68,7,20,-71,-100,6,-79,1,-35,60,22,-53,31,88,40,-80,-75,-26,-11,7,-64,-45,85,-78,26,-89,25,-65,-67,39,-2,-98,-33,70,8,82,27,-21,-74,28,85,-10,-24
-56,-35,-51,-86,-83,62,31,78,-68,50,54,45,-40,83,90,87,51,-43,17,-51,36,-74,-92,-71,49,66,-23,71,22,5,-1,45,64,-24,-22,3,-1,-8,95,36,-26,66,-45,89,76,59,47,59,-33,-92,2,27,-68,-75,47,3,96,32,38,3,46,78,-72,11,-87,-41,-100,68,36,10,-33,53,-98,-36,-11,-27,56,2,-70,-86,4,-24,52,-6,8,-91,96,-39,-54,-50,56,-50,-87,-52,-70,3,5,48,-63,-50,59
95,33,-34,52,54,-70,55,83,29,33,-70,-49,82,-52,-10,75,27,-79,-59,2,-98,-80,-14,16,92,-79,-2,-55,-29,4,-62,-14,-50,-61,84,92,0,-33,30,-74,-63,8,52,7,-6,86,21,-31,-13,-80,-16,-31,-93,22,2,86,-40,31,-17,76,-12,9,-36,42,-8,47,10,-68,75,21,81,48,-59,-93,97,48,-36,19,95,6,72,49,23,-55,34,-63,35,37,76,11,-86,77,-63,69,92,71,99,-70,75,41,-62
-59,26,93,-50,-92,34,-95,-14,-15,28,-16,-83,-89,-18,-54,53,-68,-50,-96,-100,-82,16,-49,-92,-1,-41,-58,-65,70,-4,15,62,-65,73,-99,78,-65,12,-91,-74,-94,6,-10,62,10,-59,78,76,70,-81,63,19,-41,36,-62,17,83,13,23,52,-84,90,-9,92,65,-46,-21,-81,-32,-19,2,85,59,74,-48,-31,45,-6,88,41,29,54,-59,22,-9,2,-96,-27,-97,17,-92,42,36,-47,-61,-20,-12,-75,49,40,-84
76,-24,15,44,-71,80,93,85,-4,40,-3,4,96,21,-53,-48,58,-74,66,8,55,18,-83,-4,-31,-25,59,-44,-81,-90,6,52,7,-64,-95,91,-2,-59,32,83,22,-9,46,-16,30,84,-91,-27,25,83,70,4,42,39,-33,-43,-94,78,-46,45,23,-77,-6,53,-96,40,65,-73,-67,-66,50,-87,-4,20,-12,95,85,47,1,49,87,2,75,-10,-21,-99,-45,-66,46,18,43,91,77,-64,-66,-75,-46,42,-90,41,-57
-70,24,-16,30,27,-99,65,44,-97,-61,-57,32,-41,72,65,67,31,3,66,-49,-56,84,82,-70,89,21,1,-59,-31,-56,56,1,-46,63,10,80,96,5,-15,31,-55,56,-3,-12,68,-83,-1,-19,-22,29,-37,22,-72,19,-34,-20,74,-75,17,40,-94,27,71,-33,-49,42,-79,-25,21,58,-14,-64,-68,-13,100,-92,-64,45,12,-38,89,-55,33,3,70,11,-34,-66,35,85,32,-20,-96,81,-80,-93,94,7,-71,-33,-16
99,-31,66,-51,-97,56,-10,100,-72,38,1,-40,-88,-89,-1,-20,16,73,98,-29,-49,-52,-21,45,42,-81,82,66,-42,19,-42,-6,-40,80,-42,-23,-62,72,-32,-50,-17,64,-1,79,-46,-34,43,-55,83,12,11,-76,24,-70,31,-3,-98,-66,-43,-94,-80,-27,55,46,-52,46,-53,50,-77,2,99,-5,99,20,51,-52,78,53,44,-9,-6,-62,-33,89,88,-60,86,90,-20,-21,-55,-79,-43,62,-67,-8,-69,-30,-78,-1,-87
-81,72,80,-80,30,1,88,-90,56,52,14,41,44,81,8,-14,20,85,-20,-24,-39,-55,93,55,95,-51,-62,-45,93,26,5,-62,7,66,45,87,37,-86,-25,3,-67,-36,-95,67,-39,99,34,-95,-77,84,-53,-36,-24,17,-51,36,-60,28,82,-89,71,77,-56,-40,-81,-42,3,-99,69,-48,50,61,92,0,-89,11,-96,10,-79,81,89,77,15,-68,-2,83,-76,-85,-99,78,-12,-81,92,-75,97,-23,25,97,-72,-73,31
22,-86,-64,83,27,7,19,61,-65,97,98,-48,39,-4,19,-54,39,-61,35,-72,80,2,-43,-75,9,-22,80,77,-46,-67,72,-48,-52,43,98,-11,-1,-81,40,-36,-89,-87,-8,-79,52,-23,-14,-43,-95,90,0,86,-26,37,-63,7,13,-43,-41,-97,-5,-61,-46,74,25,20,-54,-92,-51,-17,48,-10,63,24,-9,-64,39,-74,-37,97,-20,-81,-23,13,-31,9,-55,50,61,-7,-48,-49,-91,68,78,-96,-42,52,-84,18,-90
12,-86,26,72,-80,75,-47,-37,-43,92,-35,87,-81,21,66,81,59,-100,59,-77,-44,8,73,-34,-16,43,-39,95,-56,87,-57,77,14,73,-27,-22,47,-9,40,66,-52,37,-13,72,-32,17,-37,3,-98,44,-65,69,61,-80,84,47,-7,52,22,47,-50,95,33,-49,-34,-46,56,-79,69,-10,90,12,-43,-66,-93,84,-80,-55,-15,-75,25,54,-16,-7,30,7,66,78,-98,10,-67,4,-18,28,-16,-1,-88,71,-3,-92,-10
85,-69,3,93,12,-64,-57,29,-40,15,-85,-14,19,-52,-7,-28,76,92,-59,-56,-28,21,-2,75,36,66,-2,-92,-65,94,-54,67,45,-43,-65,-87,54,-9,16,-6,-72,7,20,35,-14,-42,-27,82,-47,-71,-6,2,-83,12,-5,22,-8,-67,-39,-76,38,97,-71,-57,-12,-6,99,-62,-11,6,-51,-40,-53,87,-32,55,-70,16,-27,-17,39,-70,-75,-49,-13,-28,0,81,59,57,18,-29,-89,0,-58,-82,-3,-42,-3,-80,67
81,-64,-2,-10,14,-14,-31,-70,-93,13,88,75,-86,6,-76,76,60,67,36,-35,-23,90,25,11,-45,27,12,-23,100,66,-91,-84,-64,-73,-73,97,45,73,96,-9,-82,66,29,5,36,8,-100,45,31,-53,-92,1,72,-8,-88,-14,18,-5,-19,-52,2,66,-87,17,-37,-2,52,41,-89,90,41,-16,16,-32,-74,-69,11,-76,-29,-80,-98,-71,-23,-96,-67,20,-75,29,4,-2,-43,98,-27,17,-71,-16,35,1,46,-81,79
7,-47,-86,14,27,-1,87,27,32,69,-48,-59,77,25,-100,-90,34,82,-78,46,75,7,-17,-34,-96,-18,-62,-69,-94,45,96,30,-35,-54,-95,-30,37,83,-76,-67,15,79,13,-87,48,79,82,45,-97,12,65,35,-79,11,-1,-4,7,85,-26,62,38,5,32,94,1,37,-41,35,-23,7,63,37,-65,34,-15,-22,35,71,-60,48,-82,12,-81,-69,84,-16,38,-74,43,35,88,-44,-11,95,-74,-55,-73,84,-87,46,-67
