-86,-23,-40,-19,92,-35,-56,7,29,43,79,50,23,26,-10,71,12,55,98,39,0,24,-54,8,-36,0,-7,-81,-86,89,89,-14,48,87,93,4,38,99,-90,-77,-76,70,-42,94,-48,-45,-97,49,-67,98,-7,-39,69,65,-85,-74,-46,29,100,98,55,23,35,0,87,67,-90,-58,91,-45,-84,-9,-66,-10,52,-43,4,-6,20,-13,-58,-17,26,-99,-81,-32,-50,16,2,-77,5,12,-29,-60,95,81,94,-15,99,86,-10
-13,35,-81,80,-80,-67,-98,-87,-1,25,-53,51,-47,98,90,1,13,7,82,-92,14,-47,66,-16,-51,-93,-27,-49,-42,58,6,-8,87,34,-80,-46,68,-81,46,61,-90,53,-43,43,-99,-6,94,82,52,89,2,15,-59,-64,28,63,38,59,68,97,69,27,-40,90,75,4,60,-55,-18,-11,36,40,-21,-44,-70,-56,-75,-90,-8,-50,87,-17,-89,51,17,-71,-91,-86,7,26,-67,36,69,31,-94,22,1,-53,-34,-98,-70
11,51,-57,46,-79,-91,30,-43,-94,-99,14,52,23,77,60,88,-50,-84,38,24,-76,11,9,54,28,77,-1,24,5,-66,10,55,57,-73,-40,58,42,-60,-19,47,-1,-56,-28,59,43,-75,-66,98,20,55,72,-95,0,-45,27,81,-53,44,38,-15,55,22,-65,-100,-37,-55,-46,-26,-3,-68,20,13,-15,77,-74,5,-82,-49,-94,-97,39,-96,-96,-50,-14,52,-64,-67,-16,31,39,85,56,15,14,14,39,20,-12,12,70
-33,7,-51,77,25,-28,67,-2,73,-56,6,44,22,85,47,-4,-52,-85,-56,-16,-78,7,-100,57,-25,-53,-58,-73,-21,-55,44,-33,89,-1,64,-9,85,-8,6,64,-85,97,24,-1,68,86,-30,-2,44,44,-68,41,12,79,-52,59,17,-43,-15,30,-77,-66,40,-25,71,-12,-31,-35,39,80,48,5,-52,58,-35,-38,-16,-67,14,71,-11,53,85,57,-76,22,71,46,-49,68,56,37,-11,17,59,13,87,47,92,88,26
100,92,32,-15,-72,-54,-82,-76,65,-44,-28,-51,54,85,79,24,31,-54,-24,-42,-30,-63,80,79,-73,-80,-19,-80,38,17,17,98,89,24,-1,5,-3,63,-23,-15,7,-10,-73,-81,25,-83,5,-22,7,-52,16,-38,67,84,71,8,-84,-38,24,-5,13,40,-11,95,-58,-11,71,-67,-26,-78,46,-27,-77,-62,-16,21,47,72,84,-82,-84,35,-67,10,40,56,88,94,10,1,59,67,-49,-37,-59,43,-48,49,-49,-67,10
-62,16,-67,30,99,25,-78,100,50,45,52,47,-84,28,48,-56,-1,-46,-63,-62,43,59,-68,26,40,6,-66,-72,54,97,-74,-15,18,-94,-93,85,71,-94,6,-28,48,-99,-78,68,40,17,2,76,91,-57,-19,-44,-81,77,59,52,20,22,28,-65,23,-63,71,64,-80,51,-97,-76,50,79,46,52,-77,56,10,-45,23,-95,5,-35,73,-78,1,57,39,87,-53,94,56,23,-56,39,10,-67,-12,10,-90,67,-97,17,-42
87,-65,75,15,-21,-45,10,-83,-13,-55,87,-3,-9,91,18,34,57,23,-28,17,-46,51,-14,-69,66,50,94,52,79,21,-97,-23,-51,54,-3,41,49,-75,35,48,5,-44,65,45,74,-88,42,-51,-100,-76,-3,-41,74,-26,-34,75,34,34,-33,-55,76,83,-12,57,12,-79,-82,-53,43,-24,41,-26,44,-14,-40,-48,66,-31,-45,5,10,7,-36,-51,78,-42,65,-33,57,-3,-79,43,-26,-8,-57,-9,-3,-6,-47,-58,87
-50,46,-64,-32,-50,52,-60,10,-39,-98,55,29,25,-86,-77,-42,-57,88,99,55,33,-72,68,-30,10,-44,-6,89,95,-25,-68,55,-91,-6,-97,-57,-71,-25,73,100,-97,35,50,-24,6,-4,12,-68,41,-44,-2,28,-68,-7,-56,73,57,9,-27,-33,96,16,84,73,-34,-80,-34,57,-52,16,64,10,-29,29,13,-6,-73,89,58,8,94,-93,-15,-53,45,-43,-32,-67,-48,76,-50,53,75,26,-7,54,-37,81,-53,-41,-28
52,-73,-83,5,36,9,29,-35,23,44,72,41,2,-97,-86,22,-59,-63,-50,-46,-93,-37,-12,74,14,27,33,-84,38,-13,14,33,4,-5,-78,34,84,-38,7,-7,35,78,-74,76,-14,-67,-39,46,-35,82,73,25,-91,34,59,-72,-61,-48,98,68,49,40,-1,-76,93,4,85,-78,67,92,-94,80,-14,-67,-74,92,95,-66,89,42,8,23,69,-47,3,-25,81,-92,-58,-60,-82,-49,54,-91,-65,54,96,96,61,89,-100
-70,86,77,-65,-91,84,-85,-48,-67,-86,20,-75,-99,-37,57,-74,38,-56,57,72,-90,-91,31,30,-42,-50,-34,-64,-60,82,-40,-70,-26,96,-92,77,-17,7,-33,59,22,53,-75,-75,49,11,47,-77,-78,47,74,-45,42,49,-14,39,-34,-85,30,97,31,13,-18,-80,12,80,-14,-90,75,33,-56,89,-61,-33,-29,-20,-39,50,88,11,32,11,-78,51,-94,40,65,88,67,-46,83,-25,99,-16,77,-44,-62,55,74,45,-37
100,-69,-90,-56,79,96,-38,11,-88,-4,12,3,82,-59,72,-90,80,-59,28,-51,-84,58,-67,100,-3,-38,5,12,-44,41,42,19,24,60,-30,-9,40,-18,-24,-27,21,91,-29,45,-79,49,7,-84,-18,20,-4,35,-88,77,52,50,77,26,75,-49,58,81,30,17,-36,-93,50,81,-65,-74,-86,57,67,62,-39,43,93,73,-71,4,93,-86,-13,24,77,-60,41,69,43,4,-76,-100,12,-57,-31,76,-60,-35,34,-69,-46
71,87,46,22,32,-52,-53,5,37,71,9,-34,14,-25,-50,61,68,-83,18,29,-11,-70,83,-14,99,26,12,-79,-37,92,28,7,-62,82,75,97,-50,-74,-62,70,11,-35,1,70,36,72,76,-16,-35,55,-18,59,27,-28,74,-53,59,-64,12,-77,-37,-4,-44,99,-82,-66,10,-38,64,5,-91,67,17,84,74,25,46,-49,86,-49,-100,82,-73,42,55,22,29,-25,-66,-43,3,53,9,67,92,34,-96,23,34,-52,-81
2,55,88,95,64,-32,61,-15,20,62,55,100,-6,-69,12,-76,-21,10,64,-22,-68,-29,30,-62,25,86,71,97,41,-100,-77,-14,-15,18,-43,-2,-5,38,29,-26,-74,31,-11,100,-46,0,66,-8,51,-34,63,-6,-42,-77,-83,-17,68,16,61,-31,-36,85,41,85,-98,62,44,19,-64,-10,-19,-56,-37,13,-22,-11,-69,-38,-99,36,-17,1,5,15,-50,52,-20,3,-60,-98,-3,63,-85,-64,45,62,5,-30,-94,-10,-36
35,-34,-62,15,-73,31,56,9,28,-89,-22,-94,-48,19,22,-99,39,17,62,13,79,53,-51,-48,-49,-31,55,-89,-91,22,51,63,-77,-13,10,90,43,12,-12,-54,30,-96,-31,56,-23,26,-13,-97,-88,-46,16,13,-14,-95,7,1,89,56,-66,85,-42,11,20,-82,-83,-39,18,-74,29,-36,-39,-90,53,61,10,17,-31,16,-61,49,-12,20,-40,3,-14,7,89,-30,77,-69,31,-18,95,83,-2,47,94,38,-32,-43,33
89,-36,-44,72,27,69,12,78,23,-27,40,-90,-18,5,-67,37,34,-6,26,-17,44,54,74,-99,-83,-93,19,82,-8,-80,3,40,-81,-67,4,19,60,-19,-81,-12,69,-14,-4,56,90,4,31,13,14,-56,33,23,39,-42,-12,87,-23,-41,-60,7,-72,-76,-28,79,30,-87,-99,-34,65,-25,-60,6,0,-99,32,0,-14,80,24,73,11,51,-90,-5,-49,-78,-81,-23,85,5,64,87,-99,100,-15,-52,-66,61,-86,2,-8
-18,-32,-79,-13,-80,88,-49,-85,-7,65,-99,-70,-100,18,-51,46,91,-85,-95,30,27,12,-52,-36,-99,-82,-62,-82,-47,56,7,-56,-53,-16,6,-80,-100,-31,38,-34,-35,75,-47,88,77,41,-62,91,-12,-24,88,35,-65,41,99,-18,4,13,32,75,42,61,-53,-51,57,100,-72,-98,-15,-23,-91,15,-51,-63,32,-7,74,18,82,-73,-78,-40,-51,52,-29,60,-2,87,-53,-95,-28,23,13,-79,44,42,27,-14,50,25,-89
79,-46,39,13,-70,97,-60,92,82,-47,-50,-98,-69,-10,-64,-33,27,50,14,-48,-52,44,-1,49,85,57,-5,-63,28,-9,-33,-47,6,-27,-16,-43,-40,2,57,-95,-63,-4,93,65,19,-27,42,80,7,12,78,65,23,79,46,-74,-94,-87,-35,-19,51,85,-77,-46,-47,-58,49,46,-1,-32,30,88,-83,-58,93,-5,-45,-87,-80,-75,-57,-68,-28,-45,82,-95,7,-86,46,-11,30,63,-85,-98,-57,62,-16,-56,68,35,-49
-80,-32,39,1,95,79,-81,-46,74,-13,-68,-40,-63,19,-96,73,-22,51,84,-90,81,63,72,-82,84,31,-6,90,-9,-99,-79,-34,-76,7,31,19,7,-16,-9,26,52,-94,53,-69,26,77,-33,48,54,100,-55,-63,-20,-79,67,57,-91,40,-81,96,24,-21,65,16,-76,-18,-24,70,-21,80,-82,95,-44,-67,59,-18,41,-9,-99,31,40,94,-4,-44,-96,-75,17,-24,94,-40,43,-12,62,72,95,-58,-14,69,44,-86,-96
91,-22,44,-94,-89,-8,13,-79,72,59,85,-54,-79,-80,41,47,24,90,82,-54,-55,-37,83,-69,71,76,-10,-92,95,-72,-18,57,23,64,-80,-44,17,-1,84,22,66,-80,-12,-83,61,27,-60,-94,67,12,90,-27,-29,27,-26,-70,-13,90,43,-95,-35,0,38,-86,55,-47,-61,42,44,-66,-78,-6,0,-91,50,80,-12,-31,48,45,5,94,73,98,30,-34,-95,33,-32,-52,23,91,92,52,-60,-26,-98,-84,16,-4,24
27,14,-38,-30,21,-98,45,-63,-60,78,54,64,43,59,81,-51,-81,-66,-9,-41,-78,60,-83,-82,27,-4,-7,31,-78,-93,48,25,79,8,-81,43,-52,-42,-74,20,64,-70,-70,-73,-97,89,23,10,-3,4,-97,97,11,-62,-23,-90,-66,17,6,12,80,23,3,76,97,57,-66,50,46,-88,89,-49,44,99,-74,-75,-6,-25,-12,42,15,-27,-21,-68,3,-90,-67,-16,-16,61,-9,-27,-61,84,62,56,-50,6,-59,-19,90
81,-69,-2,60,79,48,82,81,67,86,-54,96,99,-34,93,-37,64,-45,-10,-61,58,-38,-82,-82,90,29,-61,73,-13,67,3,-39,-47,68,-57,-70,-27,33,-74,-86,-17,85,28,85,24,-31,-1,66,-73,94,-28,71,73,18,11,-1,92,-57,-90,0,-82,37,-4,-64,-62,-75,-21,91,-46,-33,24,-46,-53,81,14,-16,66,67,55,-69,53,-2,-35,54,-70,50,-100,97,-94,-45,-51,49,-100,59,96,30,53,27,77,-32,-88
-89,32,-62,-60,-86,-36,76,74,60,-19,-97,-56,100,-48,78,73,65,-67,32,8,-64,-92,-78,23,-9,86,31,-56,-57,18,-34,-70,-83,-69,73,22,28,4,15,74,95,11,46,1,36,22,-91,-67,-76,61,-15,63,99,30,6,75,-32,-73,-48,28,91,-3,-35,15,-9,-26,-24,17,85,-89,18,-74,-7,-94,-26,9,91,56,-87,-27,85,66,67,-16,-3,31,96,-80,93,-87,-81,-51,96,-36,35,-80,-89,-50,-59,38,-27
73,36,-4,-19,-93,-73,80,33,73,-66,-60,-43,-82,-66,-93,-97,100,6,-55,21,-99,-29,-80,-32,44,-48,41,-2,-27,-33,-19,-30,61,-13,59,93,45,89,56,-8,47,59,79,-10,26,-60,74,-98,12,-24,-49,-56,-5,26,70,-50,-91,18,3,-52,-59,5,-74,6,66,25,-88,-2,-60,17,50,26,-40,91,-71,59,-36,-62,8,-19,52,77,-40,4,70,39,96,-70,38,-40,-37,-44,-61,76,-33,-82,-61,27,3,-10,-13
-45,44,74,66,-67,-42,-94,14,79,-55,-81,72,-69,15,63,52,-43,47,-4,-38,-53,74,-87,-24,-37,-10,7,28,-8,-46,23,65,26,8,16,0,100,39,48,96,90,27,-41,-99,20,-28,-46,-21,41,14,-21,-9,-94,-88,43,0,-5,1,43,-22,74,27,49,47,-62,91,75,33,17,-80,-45,36,68,99,55,-37,-48,45,-12,43,65,73,-62,-58,59,-40,-36,-33,64,-64,22,54,-36,51,-13,-85,-32,-6,53,33,-68
15,-26,54,56,73,82,97,5,-73,13,5,-42,22,23,92,6,-58,-35,-26,97,78,-72,-81,59,-34,-56,52,-26,26,86,24,-26,46,-12,33,-92,17,85,86,-80,100,-30,-94,56,-45,-10,-53,55,-5,-72,-5,-45,73,-4,-72,-34,-99,50,-14,39,25,88,-79,-87,-62,-16,40,-18,45,-77,-48,-8,36,19,5,-90,-43,-90,21,55,-44,57,83,-71,-40,87,75,-80,-48,-68,63,-97,-62,3,78,40,45,100,-60,-92,10
-88,-55,-12,-98,-54,-32,99,-47,-22,56,-46,29,67,0,-76,97,33,-63,-86,-28,-69,-7,-10,97,80,-12,80,-98,-97,67,87,71,-6,-23,13,40,-33,-9,84,69,16,68,100,70,-58,-53,-80,-90,5,15,95,4,31,-5,-73,-52,67,-84,1,36,-13,-46,-24,49,84,-65,-95,-35,-91,14,51,52,-71,-64,73,-47,5,35,88,1,-82,-26,56,79,-88,14,44,19,67,-65,54,-67,26,-50,41,-95,79,93,16,45,-69
-34,-29,59,80,2,-1,-10,-19,89,-53,-36,-9,79,75,-3,-81,-51,65,59,80,-93,-42,-47,-56,94,98,93,5,-78,58,53,-52,-24,-29,-62,48,-85,-22,-88,19,78,57,15,-25,-24,11,71,-77,-5,-83,-47,0,10,-32,71,39,-7,-72,-53,-58,-10,74,19,32,46,96,87,63,-97,3,-99,13,-18,27,97,65,30,-6,-51,-8,-96,5,-13,66,17,-35,-58,-81,-61,69,-79,-73,25,46,20,25,67,26,31,15,43
-17,15,-3,13,-91,-39,-93,39,38,30,-76,-54,96,11,-20,32,2,-21,-23,-65,67,-91,-87,50,38,57,-21,94,-34,83,27,57,8,-1,-13,-37,-68,22,-36,-73,39,-68,-50,-48,88,95,23,-46,-13,-1,-81,-69,97,69,9,75,-87,57,32,-68,-49,-48,-81,-94,-43,0,36,-14,9,78,-42,-99,100,11,-31,62,-16,91,-36,-14,-33,-8,-44,97,-62,9,12,-94,80,-43,-9,36,-6,-95,-36,-63,-29,-67,97,-99,56
25,27,-70,-96,-93,-83,64,88,-39,89,-46,-50,95,-19,65,5,-24,17,67,40,11,57,-53,33,41,8,31,65,-55,15,-2,26,85,-85,-48,50,68,1,-23,65,-28,-10,-38,70,61,-7,67,-8,-73,-82,75,89,-71,-58,-77,-37,-17,73,41,-89,29,57,-64,-4,-79,77,85,65,-15,34,-8,-65,40,-41,10,51,-59,55,31,-91,91,0,33,-75,95,52,-12,27,81,-100,-32,-10,-38,-38,-21,-81,15,-86,-68,91,20
29,-6,-56,73,-27,-7,9,1,2,90,-29,-6,-22,-29,-78,12,-80,55,99,87,6,-7,86,1,70,68,-72,-57,-63,-3,47,-33,-98,70,-31,-87,53,-85,-18,98,-11,-35,-3,4,17,90,10,-42,1,35,54,97,10,31,58,52,93,-95,-77,46,-50,-39,31,43,-80,-90,95,-18,-50,-27,47,100,77,-46,-85,-16,37,-88,-87,66,75,-17,10,62,87,-66,-50,23,-43,81,-63,-39,32,-1,53,-19,16,-33,40,37,-55
-17,11,-73,-1,46,65,90,-17,96,-77,79,35,29,-74,-72,-73,-35,41,-6,-41,56,67,-8,-18,-35,15,-94,-11,-90,79,35,69,-48,-7,47,47,-78,57,50,88,5,1,-33,77,82,15,-20,36,-17,-5,92,6,11,55,-95,18,-59,39,37,94,32,9,7,2,-9,-12,-26,-6,-84,-45,-46,-16,-45,-32,10,43,-69,-15,43,69,-16,32,44,9,66,38,28,-69,72,76,64,-2,1,-98,37,60,42,17,-83,-100,56
-90,-20,-82,79,-31,46,43,88,16,68,-51,4,-34,-28,60,33,13,84,58,-46,-65,-45,-58,-29,92,27,72,98,-50,91,98,-78,74,3,4,-55,56,55,-84,38,16,-10,63,55,38,18,85,47,60,-38,86,-61,-26,-93,32,36,28,-62,51,-13,9,-83,-28,-32,-29,-79,-61,-65,-24,12,17,-69,8,-61,-96,15,96,39,41,-42,6,62,66,-49,15,-8,-2,-27,-50,-39,-32,-67,29,-19,-35,12,-75,-53,-49,-65,-31
85,81,87,-38,100,77,27,42,-79,66,29,-20,-66,60,89,54,-46,84,58,-30,-78,45,-44,90,-73,-40,97,7,-70,42,-56,46,62,76,14,-41,27,-23,81,94,37,34,26,94,16,66,-4,-38,53,84,67,-48,-6,5,9,85,12,-75,52,14,-7,-81,-31,-60,-30,-67,-34,2,1,57,-10,-92,55,-53,20,7,-70,49,26,8,-94,-43,-47,-57,4,17,25,42,-4,79,2,-15,-42,81,-13,30,41,76,-81,-69,-51
67,43,39,-86,10,97,50,8,94,-30,64,23,-38,33,-21,97,29,-2,87,-25,-96,0,-49,-31,-16,90,54,-12,-1,67,-10,-58,-54,31,-95,-92,71,-20,-36,26,-24,-76,63,-97,69,-56,71,0,-77,-46,-71,-3,-65,-2,18,-97,-34,16,38,-24,-85,68,27,92,0,70,27,-33,-14,-20,84,30,-78,66,-64,72,-92,60,58,-35,-69,54,-1,18,-76,89,-10,30,-84,60,-98,-7,78,10,29,-72,-38,-8,-25,74,39
39,22,13,85,35,-74,-22,-52,22,-63,10,-87,53,98,-53,-77,70,9,-88,-12,-6,-54,-56,84,36,-15,-90,22,-8,9,50,-91,-24,-8,-68,76,97,99,69,38,74,2,-70,40,-89,-12,-65,-38,-18,-98,29,-29,50,-88,-2,-62,-60,5,-14,-99,75,81,-81,-14,42,6,-61,-39,3,49,90,-73,-91,61,27,-39,-54,66,-26,-87,-86,62,-31,-4,-15,90,-55,80,21,33,0,-65,-21,82,90,-3,-37,-91,-23,37,20
-43,-59,11,95,-49,96,-34,96,-6,3,-4,-48,-54,-81,-60,-59,-44,50,2,6,-67,-86,0,-29,-87,5,-33,-20,3,-45,-73,27,-72,38,-47,-1,-43,78,83,42,76,-14,-79,32,31,82,-69,-33,30,34,-92,-43,-81,-93,-32,-96,42,-80,78,-86,-84,23,72,-17,32,5,56,-90,-48,76,-66,-22,38,1,-34,-71,-24,24,91,96,65,8,29,28,49,-99,15,22,-18,96,62,3,-81,-18,-21,23,-32,57,-36,-52,-96
-18,-7,5,-46,-23,-47,-44,-71,45,-15,31,-43,43,60,32,-49,-20,-43,22,-97,-72,73,-38,-38,-66,63,96,66,82,49,-35,-50,77,-47,-50,40,28,95,-77,86,0,-85,17,-81,69,-75,-52,-87,86,-59,-45,94,20,-10,-78,56,89,59,-25,50,-88,78,16,69,10,-55,-31,77,-70,84,-99,-57,22,-33,-71,30,-38,-86,17,65,43,-25,-13,-28,-95,-68,-19,-18,-71,52,-95,-18,-54,70,83,-56,70,-68,-51,-47,-75
-83,-73,-9,2,-33,48,89,2,63,48,33,55,63,30,-10,48,28,21,6,-74,-1,20,99,-51,-55,66,-96,-19,-26,-27,-10,31,-53,44,29,53,61,35,10,-1,68,95,16,13,95,7,54,-79,85,-80,-60,-15,-39,86,-79,-58,99,-51,31,-17,39,-54,81,23,-63,76,-9,-13,-69,-70,85,8,-90,98,-35,-46,-17,59,47,15,96,-62,9,1,72,5,47,30,31,53,59,90,40,-42,7,-20,85,80,-7,-29,76
86,-13,68,-89,-25,-47,24,42,-52,-6,-25,68,7,-9,78,-26,57,-13,-1,75,-9,-73,-28,-8,24,21,72,-49,67,17,-86,-10,51,-99,-12,88,-33,-6,-8,-15,54,89,-91,-59,62,-10,-8,-69,-78,-43,-42,-95,53,-74,-12,90,68,91,0,3,42,55,-71,-34,-59,-89,-39,-6,-67,-58,42,37,5,37,76,-88,96,-2,32,-55,-21,70,79,48,7,57,32,28,-71,-17,-4,-87,-22,95,53,32,-4,46,-15,-31,-100
14,94,-67,-92,85,24,26,-22,8,-46,25,45,2,-57,48,-72,49,80,94,17,-61,-36,-76,-72,-99,-42,8,-1,37,41,36,84,-39,72,-84,85,55,-97,-79,39,92,-37,49,38,-78,-78,-79,56,61,86,4,40,78,13,29,75,-6,-89,10,70,65,72,49,67,-100,29,50,-7,-44,7,19,18,40,56,-7,-93,-95,-84,-30,59,21,81,73,-47,98,-60,-76,-95,-32,17,-7,-72,-16,60,-28,9,-7,-41,-37,57,-7
8,100,-55,74,10,-84,77,-53,-15,20,28,-92,4,31,-26,4,-20,-36,-93,-26,-67,-21,-93,-11,19,99,99,-88,78,92,8,-28,-97,35,67,77,90,-3,74,-7,-80,-38,-81,1,-5,68,-97,-79,88,-81,-84,-26,-82,43,92,90,61,-26,89,81,89,-19,-65,77,-55,-91,-69,-55,43,-79,40,-81,44,-7,-34,-28,-65,84,42,70,-96,67,46,23,70,-90,-24,-60,-65,-55,-54,-12,86,-40,23,59,-10,-30,81,9,100
-43,-14,-100,-9,43,-60,-28,79,-14,39,55,7,-76,-17,-50,-16,75,67,23,-34,-50,17,-89,-89,97,91,-1,28,-81,99,80,31,90,31,37,77,-37,-62,36,38,-95,-35,33,-80,92,-74,-100,-68,85,-78,-36,96,4,36,90,-13,56,73,81,55,52,-88,-35,-98,-26,84,61,-49,-36,16,-18,68,-2,47,7,37,-6,-36,72,-72,14,48,22,-92,-21,45,35,11,96,49,26,5,-62,45,12,-72,-97,83,-94,-36,-56
63,-15,87,-95,81,44,43,94,12,77,-32,68,88,77,-87,94,23,-19,33,20,62,-54,13,11,-63,-76,78,4,88,-27,96,23,-79,-100,98,97,72,74,21,2,-79,86,-49,68,32,-43,-44,21,76,52,-22,2,97,-52,0,-90,7,82,10,80,100,-96,-97,-38,-39,-76,30,-62,24,-61,30,-85,52,-36,-50,79,-42,-30,17,1,69,-64,-30,0,-55,-19,-57,-68,-93,65,-22,76,96,-25,72,79,-47,26,-21,-99,95
-42,-42,-65,15,-52,63,39,-40,23,-61,-95,61,4,-74,9,19,13,56,14,89,-83,75,87,91,-95,39,83,-55,21,-78,10,15,36,-92,-8,27,0,-63,-78,30,58,26,89,8,-82,17,16,-2,24,-31,46,99,-96,78,16,-26,-63,5,32,-5,-27,7,-45,1,39,4,-22,-56,91,-37,-85,93,19,84,-23,-50,-100,-72,85,20,13,-7,-48,99,22,-90,-28,-18,46,91,67,23,42,32,-81,-69,92,-59,54,-33,2
71,-18,-1,-94,-10,-76,81,-85,-28,-35,-73,-44,-81,-57,-58,-10,2,-25,81,49,70,-71,15,-27,-25,-91,14,91,43,-65,31,-90,-33,86,-3,-88,3,16,-79,11,-53,-94,-49,5,-38,-12,-11,37,95,1,53,-24,-30,-53,89,-31,51,34,83,-90,33,38,-67,-94,25,-97,-23,-10,63,-88,-42,30,50,21,94,-85,-55,-56,-88,88,76,4,18,50,-49,-24,39,90,-56,94,36,-67,53,-53,59,30,26,2,-36,-48,-71
89,8,-35,66,-75,-93,-56,15,-17,3,87,-53,-65,-4,-39,-64,-13,76,-96,-64,69,-37,-54,-37,97,91,-11,71,-88,68,-27,-83,-51,83,66,-4,-36,68,-92,-62,-52,80,30,-73,58,-18,-59,28,-96,30,-69,-38,-50,17,48,49,-76,-86,42,-94,-69,-93,-30,-89,-80,-80,63,-67,98,40,56,-43,90,-78,-51,-51,-50,-27,-86,-50,-79,-15,50,-85,-42,-33,-39,82,-45,-96,-93,-6,-93,18,1,-11,97,-66,-7,-14,19
49,-70,38,84,20,43,79,32,32,-83,-92,24,-79,-44,68,-15,59,78,-78,-81,6,62,81,90,-8,42,-100,5,-23,35,62,27,3,73,30,-22,69,52,-30,-44,-80,79,-13,96,45,-28,-12,30,-54,38,-85,18,-49,-45,46,-98,-59,-93,-77,98,74,-32,-55,73,0,59,-88,-72,-18,-3,96,80,-70,-88,30,-3,-92,-20,-39,8,-84,-48,-1,-76,56,-55,37,23,39,-42,26,-75,-35,-44,-58,55,-4,39,-80,-35,77
0,64,55,-52,89,82,-77,99,-75,33,-14,18,-99,32,-19,50,-13,-54,50,-91,6,-7,-35,96,88,-36,-33,-61,55,-32,1,-41,31,81,53,-83,-77,7,-22,-99,75,-35,18,90,36,-57,-18,-62,64,98,-52,-80,69,13,-96,-42,68,3,42,61,-48,99,51,-57,31,90,-42,89,88,99,-99,-85,52,99,-85,-10,24,-38,-24,53,21,-33,-20,-40,-41,65,10,28,2,-49,57,-67,-35,-50,97,0,-27,68,-20,75,15
-60,100,38,65,38,-1,-55,-32,-28,94,20,-99,-57,34,-54,-84,78,-100,79,-77,-76,-92,27,18,-92,58,-6,27,-82,89,34,58,-28,-47,-22,7,-29,96,-48,-91,-91,-84,-74,43,-37,-64,-82,-5,-61,-68,-22,18,1,76,50,61,-47,-85,-18,59,71,100,-57,42,71,6,-62,35,14,85,60,26,68,-67,-31,57,97,29,14,-39,-17,-70,82,-44,0,2,73,11,-22,-96,25,20,96,-21,65,50,97,96,-4,-62,89
-73,98,64,-28,49,-49,69,25,92,-74,63,64,-84,-26,-28,-83,29,35,37,-100,95,-94,27,-71,-56,11,8,6,-62,-78,43,73,-96,7,-93,10,36,78,0,88,-33,-8,27,-77,-40,-80,41,48,-91,69,83,-11,14,-10,-4,90,98,-92,-50,-40,39,17,42,25,65,82,-73,-90,58,-16,-52,14,-51,-91,-17,-70,-55,-59,-12,84,51,79,-29,88,14,-16,-55,42,-45,52,76,-43,-13,-6,4,10,-88,-84,19,-19,-27
43,1,-86,43,29,-48,19,-82,-24,-16,-44,-43,98,-67,-35,31,12,-14,38,-34,65,96,28,88,-10,76,-54,-10,65,8,95,66,100,-66,11,55,57,-33,-97,1,-53,80,85,49,-89,46,36,-66,10,-71,-17,-88,-19,98,45,-23,40,-19,-71,-58,-7,63,-94,-95,55,-93,-62,-22,34,-59,-93,63,-69,9,17,-4,56,-11,-75,86,-95,-51,-92,-49,-86,-54,80,-88,-4,-64,60,27,-91,73,-31,72,68,-43,96,30,-63
-8,43,-38,73,-26,91,48,75,-76,-51,-17,-71,45,-6,27,-27,92,86,-53,-96,-30,2,57,-51,-78,9,14,-26,76,-72,21,1,-50,-89,-34,-78,-39,71,-65,-30,-79,80,-17,-40,-41,-97,-32,26,-35,-45,18,-60,-56,80,6,26,36,-59,-18,77,68,-51,43,28,-43,-2,53,52,1,-45,41,41,-98,-69,90,15,80,-36,-86,98,3,-5,65,77,44,2,15,-8,96,33,53,-63,-84,-25,79,-95,-55,31,7,47,-71
100,24,66,53,-94,97,-2,-23,-42,54,98,35,30,-36,-2,-4,22,-57,16,42,83,75,-96,-69,-93,50,-18,-14,61,-79,-1,24,87,90,30,29,-16,14,25,2,-24,-70,-11,61,43,74,72,-20,10,-97,-98,-97,44,-35,-44,-18,41,-1,26,83,42,-30,-74,58,-88,66,99,-44,-65,92,-51,99,87,-7,48,53,10,78,3,-72,13,-79,40,-14,-7,9,17,-99,96,43,56,-33,88,-57,-82,-98,69,-20,-4,23,97
47,-41,-57,-77,34,85,20,-93,-40,50,50,-6,45,-9,79,56,12,61,-95,-23,-88,46,54,-64,53,-94,-73,59,-5,-41,-23,59,-25,-43,-71,-19,36,24,-83,-25,-40,-93,65,-4,71,-7,-44,90,54,-92,54,45,39,3,96,96,-32,21,-57,93,-47,100,35,-66,16,-91,-25,84,-52,45,91,58,-29,-41,36,-9,83,15,50,-74,15,86,0,29,40,54,-35,-44,27,-43,25,-85,10,-96,-30,61,36,-87,-78,-4,47
63,62,-71,60,99,-3,-54,-12,52,20,-54,-88,-83,28,-24,-25,35,89,-29,75,8,83,25,68,93,-14,18,67,-42,-50,15,7,-96,62,-15,-13,-58,-43,-61,30,40,-3,17,18,-31,-78,9,-7,-24,93,7,66,-17,-92,48,63,57,26,-100,32,96,21,-85,-31,-90,-23,-30,44,-8,89,-77,69,-99,47,-46,-50,17,84,58,-42,1,80,-39,88,87,-38,-15,99,-50,-15,85,100,85,-7,-95,-41,42,-65,-41,-98,-87
26,-13,-92,-19,-91,-36,76,-13,-22,62,86,-99,0,-95,86,11,47,3,55,59,93,-91,-7,-38,-38,-8,77,50,-13,21,-2,-100,-6,-73,-49,-34,90,-47,-55,85,39,-44,-96,-53,92,35,-61,-20,-49,85,-71,-36,-77,-98,73,57,85,97,83,-72,-15,66,74,87,-39,-40,73,90,65,57,-49,-41,13,52,27,-9,-89,-69,72,-54,84,-29,-39,3,-84,97,-23,80,22,-24,90,-31,26,39,15,-66,-67,-10,22,48,-65
24,-93,-74,-82,-100,-6,-44,27,-74,-29,-18,-98,33,53,24,-85,90,56,-83,-80,84,100,-52,-17,-44,84,-29,-2,-24,98,81,39,14,31,-17,70,76,-81,-60,58,66,15,4,-86,-98,86,-59,45,81,-8,100,50,31,99,-96,80,-12,35,45,-95,-64,2,-83,6,-77,-88,-96,11,-56,-18,-87,47,49,7,-20,-92,-40,-42,6,91,-1,59,-47,96,40,9,-16,-21,86,-52,-24,-46,-1,-96,18,-52,83,31,-93,-25,28
-3,23,21,19,97,44,23,41,-55,98,36,-46,73,-45,44,-44,-4,75,-90,-41,-57,-77,-16,97,63,-92,-77,48,-19,8,-35,-86,28,77,82,-76,-55,-88,34,-24,25,-27,-49,-31,-86,-91,-59,53,22,37,-29,77,93,-83,80,100,-70,23,-26,73,26,68,12,14,-24,-69,-65,-40,-54,17,17,-39,50,29,-56,88,16,36,-26,68,-6,93,-18,-37,83,-73,-13,-58,-29,35,23,-24,27,41,-30,-98,69,-49,9,36,34
-79,-31,37,81,-94,-50,8,93,27,-99,29,34,10,1,0,12,-71,91,73,17,67,95,-43,-5,80,3,16,89,14,50,10,-55,71,-24,100,76,-63,-76,-19,-12,9,20,24,54,-62,-29,-31,20,72,-90,-81,19,-69,65,79,-35,25,98,-62,-53,-44,9,-41,-43,72,98,-31,-68,67,-11,-16,-25,28,-93,-21,-16,50,43,56,-65,-98,62,97,-29,-26,-56,61,-21,-11,60,99,-60,3,-67,36,89,-5,-30,-94,-54,-62
8,42,20,-89,-52,-48,-48,-49,-95,13,-49,-8,76,-23,28,-97,-41,54,-5,-24,-88,-64,84,-3,-23,-100,95,-2,83,55,-90,33,96,56,-72,-12,-72,61,64,38,23,-53,-42,-68,-95,58,14,87,-75,45,75,-8,-77,-34,-58,19,-32,-11,4,39,72,-16,72,79,89,0,55,96,38,22,1,81,98,-21,-22,56,60,-83,67,23,49,-74,-6,10,42,92,-29,69,81,-61,-78,-70,-91,-37,-48,14,-39,-61,18,-16,-53
-10,-77,-55,-38,-44,-8,-33,4,-69,18,-34,-1,-90,-49,-53,-42,-48,-97,38,-81,-30,7,39,90,-12,-97,4,36,89,33,-10,-29,6,61,-80,-81,99,-49,40,84,57,53,68,-19,-99,4,-25,-80,66,-51,95,28,34,-39,7,-23,-58,0,-35,-3,-37,77,-99,64,63,95,82,82,-100,4,-38,-34,58,83,-85,83,-38,86,96,31,36,23,88,50,-36,67,-76,-64,-64,-67,50,-1,-26,-56,25,-45,66,-10,-62,48,22
52,12,-2,-63,-35,42,44,43,20,-33,-59,86,2,80,-89,47,67,93,56,-21,35,74,-73,7,-10,5,43,-24,23,22,-19,-1,100,-6,64,48,74,24,14,-23,-31,-3,81,-21,-20,-32,35,7,-55,-43,-24,67,-77,76,82,-50,91,-76,65,-72,-32,-78,-70,5,-59,6,56,82,-42,44,-8,-76,-90,-44,-58,-54,-53,-92,86,-11,68,65,-59,42,9,59,-45,78,67,-67,-93,-74,-23,84,-1,47,79,18,-90,-77,61
66,-82,-77,43,-55,20,84,-37,-2,-83,-5,-38,-18,34,-82,88,13,51,-78,-27,-70,-93,-92,21,-33,-75,-4,-54,83,-41,-94,-31,-47,-48,9,76,-74,38,-18,59,89,-27,32,-2,34,-46,-92,-11,27,-80,-93,-31,-10,19,-96,-55,95,21,3,-65,78,73,33,96,4,-65,72,21,-96,-99,-20,-80,64,-4,-36,-60,56,88,-67,-24,-86,12,10,-42,1,23,27,-62,87,99,-44,-66,-50,-90,39,8,-26,-89,58,-86,33
-88,-72,-11,92,97,-87,-39,-51,98,-93,50,-67,18,-65,87,-40,45,52,-27,-93,-85,57,-57,23,-45,53,-92,-33,84,18,68,89,77,65,-22,-37,-54,10,-12,-55,64,-10,-98,80,64,50,2,-53,-90,76,93,-88,73,-69,-64,-100,85,-80,81,-25,-64,-64,35,-5,-17,61,65,86,-43,-65,42,68,48,-92,8,-59,76,-27,62,55,-9,-82,-29,0,-93,13,-42,-6,-57,88,79,-64,58,8,31,-58,-71,-29,-18,-53,9
-85,-24,73,-91,13,3,-93,-49,-77,-68,-2,-60,-8,-4,39,28,-36,-20,10,99,5,53,16,-30,32,-69,73,-16,29,-49,42,-27,-35,98,84,-47,-62,-68,44,-42,-19,83,69,-56,-74,65,80,-5,17,-12,82,-12,-45,-44,53,-73,14,67,31,-16,11,-90,78,-75,29,-22,79,43,77,28,-83,10,33,-45,-69,-26,-73,-46,38,69,-90,9,-35,-85,-19,89,-26,59,-64,56,58,-56,-81,-76,69,-91,9,8,53,-64,-28
72,1,69,-54,18,75,-45,95,66,43,60,59,-94,-36,13,29,71,10,88,92,100,-29,-2,72,20,-29,-94,-44,58,18,26,24,-22,79,-33,46,-43,34,-99,-5,-23,72,-35,56,50,-55,45,-28,45,96,-88,-88,-58,-46,75,-93,77,-98,28,4,-88,-75,-64,17,17,-27,97,28,75,20,29,-71,45,83,67,-17,97,34,-15,-61,-88,91,61,-85,-89,99,63,54,-96,-74,9,-53,91,-8,-13,66,-37,-81,-2,-69,23
88,-49,-27,-25,-42,-86,-30,-1,5,-89,28,-6,92,49,-26,96,3,-64,17,2,-84,-28,10,52,-92,82,46,43,43,86,11,54,73,82,85,-80,-2,-21,-59,-9,71,24,79,-4,-2,95,72,42,-49,-76,59,46,-64,64,5,-5,-68,-1,13,95,35,53,-77,69,54,-15,-30,51,-53,-17,-87,22,-40,67,-91,62,-88,58,32,-59,-24,-52,54,-63,77,-49,-17,-29,-75,72,17,-20,-24,-72,3,-91,-21,-21,-85,-19,10
-70,-52,54,-23,-6,78,-97,-32,-76,-68,-84,-8,-49,21,-66,-95,-81,-10,84,88,-26,72,-19,86,60,-48,70,-13,-73,91,-75,-9,-58,-84,22,76,67,11,-8,-95,51,30,-67,92,-40,4,5,-51,22,-19,-76,53,-48,66,-45,73,100,50,96,32,-15,38,-41,-69,69,-30,59,98,85,-55,-16,88,64,-63,41,60,10,-51,82,90,80,-84,-5,4,30,72,84,-33,84,-64,-71,67,-94,71,1,-74,37,-14,64,49,4
-37,-12,16,-70,-33,39,-37,66,56,81,20,-50,-40,45,100,-67,-78,-37,58,-8,25,-65,-16,-19,78,70,-89,-41,65,92,17,36,41,59,66,-23,59,-69,-86,-81,-90,-39,70,3,-38,-12,7,57,2,-56,-22,76,-50,14,32,-26,-13,-20,-63,-49,70,-84,-53,-2,-10,68,-52,6,-81,41,-39,80,60,26,89,-49,-83,94,-88,-31,53,-8,-15,-70,-97,-28,91,-6,4,54,-77,97,-62,-2,31,14,-99,-76,70,12,-20
88,74,-89,36,77,84,-83,-54,44,-60,-17,80,79,-32,21,53,33,-34,86,37,47,-48,-83,37,-85,26,100,60,-81,-99,-19,71,-14,41,-24,26,54,51,96,-15,90,40,59,32,-94,68,69,47,97,-9,59,-75,2,-21,-35,-5,35,30,-86,-21,23,-62,-99,-51,47,-14,-11,-76,33,70,18,-31,84,-77,82,31,-12,44,-29,14,-98,29,85,-41,12,65,12,29,-26,-74,-51,-8,-45,-23,-40,-94,62,-7,18,-77,-67
56,55,99,-1,-47,70,13,-4,27,2,48,84,-77,-47,-84,1,-57,-90,-99,-62,-50,-16,-81,81,21,-17,-79,34,-55,-41,-73,-100,-5,-24,42,81,80,56,15,-16,-75,-52,21,1,74,-68,-5,42,-93,-77,-25,22,-28,17,59,-22,45,95,-65,26,-40,-88,-35,1,-2,-92,93,93,87,36,-70,-18,40,93,-43,-45,-3,-79,-78,85,-4,92,-72,-29,-41,-80,-38,-91,60,83,92,-73,74,7,22,-56,33,-57,10,100,-32
8,-24,14,-81,98,0,38,-22,-33,52,-6,61,62,-75,-20,-37,-47,56,0,8,67,-7,-26,59,83,68,62,93,22,-41,-33,78,-89,-13,-30,-29,-28,19,-25,5,-25,-9,-15,-92,-37,-22,16,63,-31,-20,-34,87,-10,56,-16,-59,-45,-13,13,44,-4,-31,50,-6,-38,-54,-25,-3,-44,99,-28,50,40,-34,80,-41,-95,-70,98,-69,-39,-89,3,-64,66,-14,-71,-63,-47,65,50,-29,-23,-42,0,-32,-93,96,-81,-47,-50
-71,45,-27,-93,-68,-73,-44,-20,-93,72,43,-21,-61,40,72,55,0,-99,93,91,-1,69,69,-64,-97,-73,30,5,69,-48,0,47,66,-46,-98,-15,15,-69,21,15,14,-25,38,32,-74,-79,-65,-19,86,-54,-49,48,-38,-18,85,-98,95,31,97,-71,30,8,-52,-31,7,-22,-48,-44,6,-59,56,92,-2,53,-45,-86,-26,-91,-81,86,61,-80,94,74,-45,52,-84,2,33,78,-9,98,-53,-56,72,-44,56,-57,-87,66,13
76,54,16,36,-38,45,50,-26,55,-63,77,-30,-32,81,-15,-36,-78,-34,98,-43,39,-73,96,-11,54,51,-21,83,100,87,59,-87,48,63,-25,-98,77,-88,30,-34,20,93,-87,48,92,21,30,51,69,28,-96,66,61,53,-23,86,63,-64,-38,-66,-33,47,-15,66,29,-68,7,-32,94,-96,96,23,-48,-48,-36,73,-39,-43,61,-56,69,13,10,93,-67,-93,33,-11,68,-31,22,23,-47,-38,-3,-85,-71,-17,79,90,38
-27,-44,40,-93,35,100,59,53,46,83,10,-43,-47,41,-63,-4,-23,-33,-17,-88,-90,78,33,66,56,94,24,-96,-20,-78,41,-56,-90,-52,4,33,19,-45,-18,14,-25,80,-29,-72,-91,-63,75,-88,81,40,41,1,36,86,56,93,87,4,15,-63,-34,88,62,-75,51,24,-69,23,-51,11,-59,-35,34,30,-79,36,14,51,-25,56,0,56,-19,-43,40,-90,-74,86,-39,-36,-59,-52,68,6,-6,-90,44,50,-83,61,-92
78,-93,28,97,98,-100,-65,-55,21,36,58,6,-30,-51,-99,-83,-79,1,10,-83,92,98,-31,-3,8,-96,32,42,-60,79,60,-65,-23,-51,-49,7,77,39,3,57,-29,72,-80,-93,87,4,3,-98,-58,13,-43,-45,28,32,-95,-45,26,-26,-98,6,3,44,39,-58,-94,18,44,-9,-7,-25,-41,2,-1,54,64,83,25,-36,41,-88,84,-3,-78,60,-3,73,-80,32,30,-80,-61,-71,-25,-69,94,66,-15,-41,-95,-8,-70
-11,-97,-41,-88,-43,-57,-86,-82,77,44,-66,-76,28,-47,-48,75,-91,92,-70,98,-61,79,75,-28,-69,-50,70,8,54,78,49,79,-49,66,-12,-80,-27,-83,-33,78,13,-63,-55,-76,48,22,37,38,28,70,-56,-18,43,-19,64,7,22,51,-80,49,57,-24,-99,57,39,-34,-7,48,43,-54,-100,-82,42,89,-9,-68,-40,98,13,-86,68,20,37,33,83,-81,77,-29,89,-55,33,14,68,-43,74,-92,-52,-65,47,-11,0
38,-27,94,24,-85,31,-73,-48,6,-60,19,-97,7,6,-36,-31,-43,-63,99,94,63,-7,83,-1,-91,-6,93,-35,-16,-83,-90,60,-7,-21,44,26,40,31,-46,35,84,40,70,90,71,10,81,26,-52,58,-69,-86,-39,53,76,-34,82,48,-26,-46,-11,-7,14,62,-1,-47,33,-15,-18,-37,-88,-94,-72,81,-48,64,42,63,-17,-78,-48,-26,-71,22,2,18,9,83,59,-17,8,-9,-32,33,85,-70,9,61,27,9,-59
-50,99,53,19,37,-81,-13,-39,-78,72,26,55,80,88,-49,-86,-38,-51,-54,-85,-70,52,-58,24,-87,40,-12,84,78,-88,24,-18,43,-67,-84,67,40,39,-90,13,-8,-51,-63,61,-36,71,43,5,45,53,52,-100,98,-26,15,98,38,77,5,15,78,58,88,68,59,-4,-24,5,69,24,-58,-2,100,-87,76,-86,-54,-37,-44,47,55,94,11,56,-97,94,47,-7,-55,48,-91,-80,6,46,-29,79,-18,44,-33,4,-78
-41,12,-75,-46,-12,9,-15,-28,31,39,53,47,-90,-14,-27,64,-39,50,-56,17,98,-26,83,13,-25,-22,1,9,-62,-40,20,23,53,47,-88,21,71,26,67,-89,-91,90,66,25,56,51,74,-54,45,53,-74,-33,89,-54,26,-16,32,-35,-37,-24,42,62,3,67,-9,47,-6,66,-92,61,97,-9,74,-23,85,98,94,-91,91,-70,-93,-89,85,-93,7,70,50,-69,75,-73,49,97,75,74,-31,-6,-77,46,1,84,-89
-93,48,2,36,75,-86,71,100,-94,-86,26,34,-23,76,8,3,52,-86,-39,-26,13,-87,100,-51,56,-17,65,-26,42,-80,61,36,89,-10,51,-85,90,45,75,-71,-81,-96,93,-65,94,99,30,49,100,29,73,55,97,-51,98,94,82,-87,19,55,60,-78,-78,-10,11,86,-88,86,-6,39,52,-65,-4,-21,-29,57,-64,-96,16,-47,-75,6,20,32,56,89,60,-53,-69,-10,-10,-78,38,92,15,8,4,-80,15,-2,43
53,53,-54,-36,0,-16,59,41,42,68,20,-10,-39,-37,4,32,-91,99,-79,39,-84,81,25,-62,-60,-76,-49,16,-71,41,-76,-65,-10,7,-69,49,-42,70,-36,91,83,-92,30,81,9,-72,-12,-67,45,71,-60,85,-81,-59,-23,-17,-88,-78,59,47,77,-22,-48,-36,61,46,-96,33,75,-39,-12,49,-90,55,-88,-52,-47,-94,-58,-85,42,-83,100,-61,-35,8,15,29,-70,26,-80,16,-63,13,31,-63,-15,-81,-86,-93,12
22,-62,64,64,-1,68,20,85,2,70,63,-20,-58,17,66,-72,-17,56,63,90,-6,-94,72,-91,33,-68,60,12,74,-82,68,-44,-12,71,-1,28,80,3,40,51,-60,2,86,95,28,-88,19,-65,28,23,30,78,-9,-61,-69,25,91,26,1,-66,97,9,17,68,-32,51,-6,-63,40,24,37,-68,-67,62,-64,-91,-12,-14,-41,-65,-11,-18,-28,81,56,61,79,-59,-82,29,-10,-73,-10,-54,14,81,68,-68,-70,9,34
28,58,-9,23,-59,-5,87,54,-39,82,15,-13,-40,-93,41,-93,58,79,-5,59,-9,-72,1,68,71,-86,-79,81,87,1,-85,-52,-93,-56,-61,84,49,97,84,0,-89,99,76,-100,-48,-22,79,59,-20,-95,80,-92,-10,-52,4,-32,69,84,17,71,18,-32,60,-21,-39,85,69,72,-72,98,-80,-83,-81,29,-28,18,-32,44,-27,38,-40,-59,-31,-54,12,-20,-65,-65,-26,81,-10,67,-53,-65,8,89,-48,57,-89,-28,-84
36,3,-82,-70,-74,-25,-96,1,28,88,85,54,18,68,-20,-15,-19,-50,-54,-63,61,9,-5,60,-10,-23,90,-25,-96,-56,-69,93,-10,-18,98,-72,-82,-59,77,-72,56,-25,93,85,39,-75,-20,86,47,88,62,3,-21,10,-40,-35,33,61,-39,55,67,2,-35,-49,33,64,90,-99,58,6,-15,-51,-28,30,9,-53,-46,-9,65,-59,78,-53,20,-18,-9,-62,-82,-97,-48,-11,9,78,87,-100,96,-39,0,97,-55,-95,8
-26,-88,94,-6,90,71,35,98,80,75,48,-94,-46,-32,81,65,-84,92,-47,-78,45,-13,-29,-10,-70,-75,44,82,11,76,-65,34,92,-42,-41,72,-82,-53,39,-3,-90,-90,-53,65,66,-100,-53,35,74,-96,0,97,-31,-59,-71,-71,20,-71,41,5,93,29,55,-17,-40,57,35,0,71,-19,22,84,-83,-30,31,-53,59,-42,-69,-42,-97,-64,-56,98,-36,14,89,69,-29,21,-49,16,92,-40,64,18,-32,66,-19,-57,54
43,8,-31,1,-23,-15,23,-100,-82,-12,54,93,-40,98,-92,-25,21,15,-63,-34,66,99,79,-47,64,20,-11,-47,46,19,92,-20,-26,28,58,49,-62,72,-71,-14,7,71,93,-5,69,10,11,-66,-65,-27,87,80,10,-65,2,76,-40,86,18,20,33,82,20,-43,-12,7,33,39,63,11,45,-33,-66,-77,-26,-75,-31,-52,-65,-61,84,-31,-50,72,-96,-6,-60,45,97,33,-79,-26,-99,60,-77,55,-60,98,-51,-83,70
-7,22,-62,-27,-62,38,93,25,89,29,-20,57,14,2,-51,34,83,69,16,44,-100,-61,87,-98,-58,64,-98,80,17,78,-96,55,16,19,-20,-26,-28,83,2,82,-37,-90,66,19,37,-47,-29,83,72,93,11,68,-44,-77,80,-20,77,-2,-1,-15,-76,50,61,-20,64,91,61,-69,4,-46,-71,-61,36,-97,-70,-7,91,81,-60,83,-96,16,0,88,46,12,-95,9,50,76,-94,9,71,-44,57,-52,55,-46,43,15,16
68,-17,-19,-85,90,26,28,-96,-13,9,-23,-53,43,-7,-88,53,-94,40,-96,-85,-74,12,90,-53,18,83,-34,25,78,3,-62,81,-40,6,85,-98,-93,-41,-11,-7,15,54,63,34,-74,82,-64,67,50,91,49,22,-96,46,10,18,99,-5,-49,-57,-27,52,13,-8,99,-17,-21,96,-68,-24,61,51,-37,-31,29,-13,-71,-10,-94,-20,-5,44,76,56,-93,-48,-50,95,-48,89,81,6,84,-47,-19,-80,36,-20,62,77,-58
-40,83,14,57,-33,84,8,71,22,-84,71,35,0,38,-34,-84,69,-19,-42,33,-69,66,-45,-26,37,-96,-44,79,-84,-99,-53,-47,-10,-44,-78,-68,-15,-47,8,99,-23,16,-84,35,93,71,5,-48,-29,93,58,97,35,-16,-47,31,31,29,-80,83,-65,56,-80,76,54,-80,-69,86,-12,5,60,5,-30,-76,47,81,35,-51,-86,16,-7,-8,-58,-36,-95,-98,-90,96,15,-20,-48,-13,-42,-87,0,-28,-5,-53,1,-45,72
-21,20,76,38,-3,-80,-89,55,-28,-27,13,60,-45,-74,-94,-5,-63,5,-40,2,-13,-72,-84,-33,89,-46,-38,49,53,72,9,35,42,35,8,-59,-21,66,-88,7,48,-60,50,26,62,79,-43,86,-32,36,29,-87,-98,-58,14,97,-16,-61,37,-81,-2,60,-95,-37,65,-54,54,-48,-68,-64,-5,-93,18,-93,78,-66,14,34,11,97,-33,62,-64,-10,64,-22,21,-100,-31,-35,12,-92,-84,63,24,-85,-57,55,-18,-17,19
86,39,-47,-72,19,-94,-24,-33,-66,-97,-91,-22,-53,-63,-69,87,-9,46,46,-66,-78,-53,30,30,-55,-30,31,41,56,-94,-92,-33,77,-33,-84,67,-84,-58,-55,46,-13,9,-87,70,20,78,9,-89,-86,-81,55,96,66,-5,-53,12,93,4,-77,-35,-5,-85,74,46,37,-86,94,63,74,37,87,-37,20,84,-62,-98,82,36,38,50,9,-46,-11,85,-9,-70,47,-52,-98,-38,-76,93,13,33,-68,-2,-96,5,-71,65,-94
31,-55,-73,-92,79,59,-66,-63,17,65,33,19,-87,-63,-13,80,92,-35,-3,-16,-27,14,65,-93,58,45,-13,-26,36,54,-27,98,-45,48,-32,-83,-9,-16,-27,16,43,-57,81,-17,-41,-56,37,-84,-73,-2,4,-3,82,82,2,-68,-35,36,43,-45,7,51,-87,-74,59,99,3,36,69,43,16,-98,88,-76,-92,-84,82,-54,51,-1,-33,-18,41,-63,32,-69,-44,84,-10,-89,40,-67,30,-4,11,46,-61,-38,12,9,22
-48,-72,-13,-85,-66,-90,-9,-86,65,-44,13,-43,29,77,85,15,-16,29,28,50,-59,22,-94,84,-94,-41,-43,-81,-52,-51,22,33,8,83,5,-81,95,8,93,9,-96,14,-13,-92,-33,27,-82,-32,70,32,91,-46,80,-86,-99,-36,17,-15,100,-17,18,43,19,-45,-21,-29,-15,-67,18,12,-64,-91,-11,-8,5,16,39,41,-65,84,-94,-35,3,-68,-81,-49,52,-88,17,87,-71,68,-76,-22,86,93,-20,-82,-96,23,15
-56,-57,29,88,-94,24,92,-93,-51,85,76,-42,75,55,91,85,32,-14,86,79,-20,43,47,-29,54,85,-55,47,17,-9,-89,-6,37,100,-30,-98,-17,-40,17,-15,29,14,-9,-14,72,-45,69,32,-94,-67,79,-25,31,-41,-56,-81,95,-4,-58,58,-97,-96,-35,-20,-42,-99,-64,-78,59,87,-79,60,-78,28,-34,-61,42,-2,34,-92,32,-28,-9,-26,23,-89,-93,-7,-7,-51,-61,-97,-59,46,-45,29,-70,-90,76,-38,-58
-60,-14,17,77,10,-76,-14,-35,2,44,25,-28,87,-14,85,40,84,2,45,-24,74,-7,-36,63,-71,33,-65,61,26,63,-4,37,79,-75,-19,-31,-62,-94,-83,-77,-68,52,-51,47,-2,-83,-3,50,-67,97,-36,18,51,71,-93,-33,83,45,88,35,-45,64,-2,-14,91,-37,-69,9,41,49,21,-40,9,21,73,-94,-66,-23,77,-81,-21,-24,5,-77,52,-61,-97,94,42,-63,-34,100,50,68,27,29,67,-39,6,-69,-25
79,8,-76,-47,81,47,-34,-84,-83,7,-75,80,-48,-58,-61,-99,-14,98,58,24,-27,24,-66,34,44,-25,71,83,-36,-43,-14,-20,-80,50,7,75,78,46,-20,57,-57,78,79,-70,-82,74,26,-62,-53,-31,77,2,-65,96,-85,75,-98,94,-22,88,-65,29,25,32,78,27,18,-83,71,-38,83,22,-74,82,-96,13,29,-27,68,88,-63,-10,98,29,-98,60,35,-75,97,-27,-18,11,-22,39,-16,-77,78,-31,51,36,58
-80,76,-9,6,-97,-26,-89,-40,51,13,-3,-84,23,43,77,55,82,-90,-44,40,-79,-33,-45,71,18,66,52,-88,-68,-92,15,16,93,-74,-88,26,-79,-3,-30,-100,90,85,78,34,-66,-82,-62,-49,3,-31,94,-50,46,48,-52,6,60,-1,23,-81,11,63,-40,28,-2,32,29,-50,98,82,-27,91,100,-89,60,75,19,-16,-90,-86,94,40,17,-11,-62,96,38,18,-33,-29,92,-29,32,37,33,76,67,-56,30,-51,7
-63,-14,-59,-7,47,51,-2,42,-28,-55,25,-86,-42,-73,84,39,-27,52,76,65,-6,35,87,72,-26,-12,97,53,-95,-12,-84,17,-3,-37,-36,66,82,-31,-32,67,-25,-75,-89,-88,95,-79,0,98,-23,-15,28,13,-36,19,-84,-13,-14,55,73,52,15,19,-77,3,9,67,-18,59,-20,-83,-93,-24,73,-96,-20,20,27,52,-13,-31,6,-34,-42,-89,55,55,-57,41,7,53,10,-16,-42,-88,58,81,-87,-93,11,-73,3
-63,61,96,73,-4,52,11,95,87,13,-3,-15,-2,-61,-27,17,-58,-17,29,-66,82,-85,84,-7,-10,18,0,82,-88,15,98,26,24,-53,-81,-36,-63,-1,54,49,76,-58,19,96,56,45,81,64,58,-29,23,74,21,-77,-74,77,-64,-85,-46,67,-95,-71,58,23,22,9,-18,-73,15,60,-24,-4,2,48,-51,34,-49,-9,5,-80,-12,78,-77,-98,0,46,18,26,-11,-16,-48,35,86,-54,94,75,2,56,-25,1,-17
