-5,-73,-86,71,55,20,85,-58,16,23,-37,-89,-44,-84,-75,-32,6,58,7,47,-19,-67,29,73,-31,53,10,70,-2,-83,-76,-5,82,-61,-54,-86,56,-75,10,29,63,-100,-66,52,-32,40,-16,-46,-68,-71,-32,55,48,85,61,39,-14,-54,-66,41,9,-52,-13,-25,-25,93,-83,-21,83,48,23,31,-18,-34,-91,11,-43,-11,61,34,83,-54,-31,25,-39,-78,37,-68,16,2,57,-96,62,-32,-100,66,48,-58,25,29,-21
61,-89,-32,43,72,-83,43,7,-42,63,10,43,-74,-44,-24,68,-47,45,10,-18,-6,31,75,-80,61,19,-75,-5,75,-10,9,93,100,52,53,28,-77,46,37,-79,50,-50,-89,-79,-54,-94,82,14,-14,81,-46,-40,-45,17,-13,-50,20,-41,52,-71,-53,-5,-78,-72,-12,38,5,-2,44,44,76,-1,86,20,-93,34,-78,-81,37,-27,-4,-43,73,-72,43,-76,63,78,2,-96,22,-53,4,-83,-87,-78,79,59,-99,-38,65
-35,38,-89,74,36,81,60,22,21,24,7,65,-47,-46,-5,-83,-10,-59,33,96,-5,-2,41,25,16,-90,50,42,-94,-19,64,89,90,12,-87,-89,0,20,82,88,-60,84,46,-22,-29,25,29,-72,-3,85,5,-34,-56,-68,83,80,97,-41,70,81,-58,-6,-13,-20,-17,100,-82,-66,11,-49,-9,-68,72,36,41,-92,-60,55,-74,38,-91,12,-73,87,75,52,63,31,45,-95,-20,54,79,95,70,-26,61,36,-72,45,-86
-40,39,0,100,-25,-92,49,87,-45,-31,-44,89,6,75,84,-28,-38,-75,2,95,21,37,22,-24,-21,-75,39,73,71,7,-31,-81,82,92,51,-41,81,-21,-27,4,-84,62,87,-97,98,25,-74,-35,-95,31,47,-76,-93,85,11,-79,-5,-72,-18,28,-83,84,-27,6,-98,-8,-45,96,-13,46,-8,-92,-41,3,41,96,67,-68,95,50,-50,-86,84,25,-6,-46,84,94,-48,3,77,15,62,-14,69,-34,85,-12,85,10,12
44,-42,-56,27,11,-89,-43,-32,-82,-43,38,-100,15,-34,-81,98,-20,11,-23,-13,-82,-39,82,-74,-6,31,95,68,-45,-46,28,68,43,-22,21,2,-62,44,34,82,71,89,95,-75,-82,-73,45,-32,30,89,69,-8,28,-93,72,-87,-11,51,69,-36,-59,61,-50,82,-77,21,-31,64,43,25,50,84,74,9,97,46,44,-89,86,99,-28,73,-27,-39,58,-64,24,51,-14,-81,99,84,81,-11,50,24,32,30,-32,89,-85
61,-80,-60,-1,-64,57,-2,90,93,-61,69,-9,92,-78,18,8,56,73,-93,58,87,-6,-91,79,-19,-25,-95,-81,-4,83,-8,-57,88,72,-78,-24,68,-64,-23,49,-64,91,-77,-66,29,-79,-23,-87,86,-83,-35,95,-55,-15,-47,41,18,-29,98,-29,-69,-98,94,87,-4,-93,11,96,-35,-67,-42,67,-23,-23,-32,-47,32,-43,66,83,30,5,33,23,0,1,85,-3,42,72,58,-13,-23,-75,52,27,10,74,-64,23,-62
37,-86,-56,78,17,13,-68,-34,3,15,-94,41,-99,-57,-60,-55,-23,6,39,71,-19,6,100,9,-86,-5,-85,68,73,-11,72,-37,41,99,32,87,70,76,-61,-76,-50,-38,-14,50,-53,-83,-48,-46,-97,-52,-70,28,-2,-50,-14,-28,87,16,51,-66,-84,93,93,92,0,20,-43,-89,-16,-61,38,-93,-11,-40,46,11,-54,-11,17,-64,25,52,90,93,66,-96,-31,82,-67,41,24,54,9,89,0,-24,-80,-29,27,-59,-6
26,60,-68,6,64,-32,12,59,89,44,6,41,-80,80,27,-14,69,-96,-84,-45,15,-90,17,-28,3,-50,57,-94,-46,-65,-98,-52,19,-29,-35,-71,-73,81,-5,-26,-70,-30,-6,95,-63,55,80,-9,-4,85,80,-9,45,-64,-36,-80,91,71,-5,81,63,91,11,55,11,-45,30,42,47,-95,-99,-79,76,55,-4,20,90,-10,26,-72,28,39,-77,-39,75,8,56,-7,-79,34,95,-39,-64,80,-78,92,-13,-38,-67,40,-86
-90,-55,70,-25,55,57,54,81,-95,55,97,-6,-31,-68,-32,-66,-39,-19,3,54,31,-26,-14,62,35,11,37,-50,97,51,-67,0,-63,-27,-1,-43,-14,-74,50,97,18,-42,98,99,67,-79,85,24,28,-85,90,50,-87,11,72,21,-2,5,-57,95,51,69,13,42,-83,-68,72,-20,-82,19,-77,-40,-43,-49,65,-55,-51,-40,-9,94,-48,-51,-91,84,-15,46,63,40,69,-66,-2,-56,-98,97,10,-10,-68,11,-17,-16,55
22,-18,78,-32,52,-77,-20,-8,-45,-66,-52,96,-42,-42,58,-31,64,-23,7,-96,57,17,-24,46,-73,47,19,65,-14,-40,44,-35,-55,73,-20,-66,-78,58,-69,-76,39,88,-14,48,-16,-32,84,-10,8,4,-41,-62,-35,45,43,-8,3,-10,-36,46,-84,1,57,-68,34,16,61,80,-57,-29,97,-65,-88,-11,27,54,55,-43,29,80,22,42,-100,0,-45,61,66,-24,98,44,62,-57,-43,-6,-57,46,-80,-65,29,12,-80
-8,-41,35,-88,-34,21,-69,37,72,-26,-14,12,-63,72,89,55,27,-43,77,-57,65,28,95,-28,36,-58,37,-87,-93,-86,-8,45,29,-7,-72,30,90,-2,60,-29,-23,-5,-38,56,44,-90,-71,-45,-90,-5,-86,-68,26,-92,-38,-45,-100,-30,-53,-84,95,-49,-89,27,-1,-82,55,-59,-67,-51,36,-26,-18,66,-99,-63,73,44,92,-79,75,89,-80,-55,74,28,-67,-43,87,17,100,-63,-30,86,-60,76,-60,52,77,-64,-6
74,-77,47,13,-13,-52,41,2,4,-32,-23,67,7,-11,81,-8,19,-91,95,-36,81,81,13,-100,59,14,-49,6,-91,-1,-25,93,-48,-74,-50,50,-8,-21,-29,10,69,10,91,44,16,5,-41,-63,-63,54,-6,-77,-4,-85,38,-2,59,-50,74,95,81,100,70,43,85,-3,-24,-1,17,-76,14,-74,-86,11,62,-18,-62,-82,-26,84,22,-92,30,39,-77,-81,-64,39,76,-40,-49,32,92,-65,-97,74,-34,-9,-65,-74,-34
15,50,-82,86,69,94,45,3,-91,-5,-30,-22,83,-37,-23,31,70,72,32,3,49,50,-4,35,-35,30,42,-36,4,-11,-49,6,-15,35,-100,-75,90,53,57,39,-98,4,-96,95,47,19,99,76,-37,-90,-44,81,-28,49,98,-95,57,32,-4,-21,-60,56,34,-14,88,92,20,-87,-60,25,-80,40,74,-79,10,94,-49,-41,81,-64,72,-30,80,-32,-31,13,43,-14,-67,58,78,91,11,58,-51,-48,-54,3,-25,74,74
-1,-95,-84,53,-6,76,14,-14,-6,16,-16,31,10,-57,25,61,-3,-22,-40,26,-81,-88,63,67,-52,-91,20,-48,-48,71,-25,-42,2,-89,70,90,-42,-50,48,24,-68,-29,-14,-52,-78,52,36,-54,-80,3,27,-89,7,-51,41,-63,-90,-14,41,16,-78,65,15,-86,-60,-49,-58,31,-83,-59,92,-79,-58,13,61,56,-43,56,32,34,33,-65,53,40,-74,28,78,92,27,57,-48,-95,-55,0,50,-6,64,-33,-59,53,-53
27,-82,-10,-2,-22,27,89,87,-53,15,89,64,13,-98,68,99,19,-40,-62,72,90,-39,20,-6,45,-65,-90,65,-60,10,-69,81,80,45,-26,14,-8,-21,-96,-33,2,5,94,-72,73,-6,-84,43,-38,-86,-55,97,-87,91,98,-39,-70,84,14,-70,2,64,-41,-80,96,16,68,-76,-19,21,16,-25,-47,-83,20,-8,-97,-53,6,-8,44,-42,-15,62,-96,7,-57,13,-91,25,4,-36,-51,32,86,-59,71,69,-17,54,-34
60,-59,-89,7,-88,15,34,62,-14,-91,-33,75,78,-43,6,-77,60,0,-7,24,90,-59,64,-97,-71,1,-77,14,-52,60,45,-38,-100,20,-18,8,78,57,76,-75,86,62,42,-77,86,93,-34,-90,-94,-12,-54,95,-62,1,-66,-4,83,-65,-24,12,5,-49,15,-79,10,4,-33,-71,-58,44,23,-23,4,99,-36,-72,52,-84,-98,-38,92,-53,12,47,41,-40,-43,4,78,51,-94,37,-4,-36,29,8,-66,47,-73,-13,-85
-72,-94,81,6,0,-15,49,-45,86,-46,36,67,-94,57,-98,10,-83,-6,-66,32,-74,-37,46,-89,40,-36,-22,34,51,10,67,63,-95,-4,72,41,-72,87,-27,-70,1,14,-68,25,-7,47,-13,6,46,11,-87,33,-48,26,-74,9,46,84,-29,69,-85,-68,-89,43,3,76,-90,68,-93,-20,-10,1,80,-69,-5,11,0,-52,-97,-92,14,-54,89,86,-35,-28,28,-78,-43,58,-12,-86,-72,11,18,12,-73,-89,-100,86,59
29,-8,-77,21,-26,-83,98,14,67,-56,-70,27,62,60,-59,-59,71,79,32,59,59,31,71,-80,96,42,-7,73,97,-81,-52,-65,-34,21,42,-36,96,-12,39,75,-90,-37,60,-62,78,15,69,-100,-44,-98,29,-4,6,-62,14,-39,100,0,20,-30,62,89,-89,-30,38,-23,-10,22,19,5,52,-52,-20,-30,-28,-26,-19,13,26,-64,26,61,-2,-65,-58,93,83,36,-46,77,42,70,-62,22,4,-86,76,36,-11,25,-92
50,48,-18,60,-67,-36,67,93,-99,-49,62,44,86,-36,94,64,23,59,4,37,61,1,-15,-72,61,80,-9,-42,83,49,-34,80,-17,70,5,-42,-57,-80,92,-26,51,52,-100,3,53,90,94,89,-49,54,-29,49,42,-76,-14,-86,-63,-82,63,-42,58,-4,62,12,37,-25,-1,2,-61,-74,-79,-70,-87,-78,80,8,88,44,94,-95,94,-60,59,67,-11,92,-69,-94,-52,74,-20,12,-40,-33,-31,77,-20,-95,-4,-17,92
21,41,20,76,-35,63,-12,-99,-48,45,-74,93,-83,-1,66,86,-97,16,-72,-20,-33,8,-5,40,43,61,-7,-82,69,76,27,-77,38,-22,78,-42,-8,-7,69,100,71,95,42,-19,98,-23,74,8,7,-73,-83,74,10,30,57,-91,38,-84,12,-37,-73,-24,-87,75,-65,28,19,-62,-86,68,-3,0,40,100,6,-12,-44,-85,84,93,65,41,-5,13,-49,-5,-49,-32,-87,23,-43,46,74,75,54,60,-63,83,-49,26,70
14,-28,91,-69,67,-70,6,49,60,-62,34,-29,-91,-78,-87,-70,-50,68,58,34,87,-73,-99,61,-49,94,11,-69,35,-54,-11,94,18,99,-7,12,-50,-38,59,-47,-58,-49,-92,22,50,-95,47,82,58,-3,55,-55,-3,-54,-95,54,60,35,32,-84,34,54,37,-81,74,-76,-99,59,31,27,-92,-4,-63,-16,-70,43,-20,-49,-93,-57,-77,63,-45,17,-10,-77,99,-92,-86,-56,38,-53,-69,91,-17,-79,-53,61,-56,-72,12
92,79,-7,96,56,-43,19,40,-97,63,-3,70,72,44,88,-23,-80,44,94,47,66,-40,-54,49,39,-5,-30,-57,32,2,-43,72,99,45,90,-86,59,-26,-56,-32,50,-10,-5,-90,-32,-34,-62,-90,-78,-80,-61,-91,87,95,-64,42,-24,-59,-84,-43,-34,-86,55,-47,10,-46,50,72,-53,45,-66,-82,50,28,-95,-22,-85,69,76,-86,86,-55,82,-18,12,9,-11,24,53,-84,-58,-72,-34,41,0,-52,56,73,71,-26,-91
-47,-65,-9,93,57,-17,-9,83,26,22,61,53,-55,35,-42,30,-11,64,95,-99,-50,13,66,-68,-58,63,18,-51,-33,-39,-85,-90,-65,-28,-71,95,49,9,44,73,85,2,-80,-5,-95,93,61,75,-18,-80,-84,-80,29,46,-53,-77,-61,-45,51,45,43,-29,56,69,-27,56,-62,16,70,-41,-73,-90,-47,40,71,85,-13,-77,-91,72,-21,-21,-54,-99,40,46,61,-77,3,-76,47,65,-68,79,9,-32,45,75,-74,7,49
-6,-27,-87,-86,91,55,29,68,-40,-42,-16,-77,88,33,-67,25,13,-39,50,-37,-40,98,-15,39,-61,-1,49,-83,-17,25,17,-10,17,28,-25,78,-100,9,43,-58,-19,-5,-50,29,-66,75,-72,39,95,-65,80,1,8,-24,59,70,23,68,9,79,-79,70,85,56,-100,0,-29,44,90,-52,68,33,18,-32,-98,49,-23,-26,82,82,-74,43,78,-61,-70,20,95,-52,-79,-69,-45,-35,60,-24,-25,63,82,-11,-83,97,82
70,60,14,80,-99,-71,60,-86,5,36,35,25,-68,-4,-77,-78,-35,-18,30,36,-38,-40,-80,-6,-5,-51,-52,-93,47,46,-34,-46,95,88,93,-77,10,20,6,29,54,11,12,28,9,3,-56,-12,-10,75,84,-51,16,-33,-80,90,-28,-94,-89,-77,-62,-80,48,-32,16,-69,-100,-38,-45,-19,-77,-66,78,-8,-7,25,-44,-82,54,-21,-1,70,22,-59,-61,89,-63,36,-54,-98,16,-17,80,-88,77,36,46,63,57,66,-63
65,63,-70,55,-5,-87,-29,-73,2,-13,-8,96,39,-89,66,73,-39,-79,-19,20,66,32,44,17,-79,-75,5,26,47,66,21,-75,-85,-66,-11,-68,-91,72,-9,76,95,-45,-4,17,-49,90,73,100,-5,-82,25,-22,-4,25,24,94,-27,-49,46,72,-79,-31,-67,11,94,3,-33,-29,-31,-19,16,-96,34,0,-52,24,-86,83,61,45,52,38,64,-31,-87,-19,-83,51,37,-15,-45,-93,9,74,34,50,-26,-71,29,-48,58
53,100,-33,-99,-21,49,-83,98,67,76,-90,66,-21,49,40,16,37,-70,-100,62,86,-31,1,52,-43,39,37,-59,24,-33,50,95,0,-47,-19,25,72,24,57,6,-53,-36,24,42,-9,-57,-85,71,6,28,7,95,-64,88,21,-33,-46,-11,-21,6,-26,-19,32,77,41,-99,31,100,-29,31,-88,7,44,1,31,-64,9,-55,-46,-83,75,-22,92,-94,-79,-1,-95,95,-43,75,-22,-12,23,-28,-30,61,-43,14,-55,-7,-57
2,11,5,3,-90,-32,52,-20,84,-6,79,97,-24,-70,37,-70,-20,-70,-92,56,49,-67,94,-22,48,-55,-93,-98,22,48,96,-54,53,55,68,71,74,60,-10,57,65,-3,59,60,-39,-61,-62,-72,76,-25,19,9,-84,14,12,29,-31,84,-23,22,7,-100,77,77,92,-40,-63,65,21,-13,22,-76,75,-73,4,52,78,72,-12,-10,-26,-70,-57,-43,-76,-10,-1,55,2,25,-40,52,22,-47,92,-31,28,14,59,-75,60
-71,-52,-80,-39,99,-13,34,57,6,-45,-47,18,1,-70,27,10,-56,-1,46,-49,-76,38,36,5,60,-23,-72,-73,-18,-60,-56,66,-93,-32,27,86,69,-49,-76,30,-17,-98,-63,70,11,-28,-15,45,68,68,35,-39,-23,90,-42,-94,70,-93,-72,85,26,52,39,-36,-52,74,85,-76,96,-91,-87,-13,-24,56,45,-34,-42,24,-63,-4,-6,77,-10,-19,1,26,-15,76,-16,27,-71,-37,11,-65,74,75,72,-9,-85,-13,-8
-11,11,-8,-64,-11,-76,39,-72,82,-31,39,24,59,-69,80,55,-26,-78,69,-15,80,58,-22,14,-94,67,-13,19,73,-20,55,-34,-41,-91,8,-43,-21,1,-79,-68,16,-92,2,42,53,25,42,92,10,-52,17,-45,26,82,-71,90,-36,-26,32,-16,-3,-52,1,60,-56,-43,-21,-81,-39,-23,96,13,35,-61,-6,-50,-21,-26,-57,-76,-49,3,-68,98,85,39,-42,31,-81,-4,-41,97,-89,-61,-72,-82,-93,65,14,-46,-47
-89,-45,-88,18,-56,83,-31,14,-13,82,7,45,21,50,-78,13,100,-11,41,73,70,-66,-29,-21,38,-11,-46,-88,34,70,-32,85,97,-86,-79,-60,88,-96,99,-58,-93,-8,79,-87,-47,-68,-6,67,61,-73,2,-17,-91,-32,-73,-70,-22,-87,11,48,43,26,61,33,-64,-42,-4,-92,16,68,99,72,-99,-55,47,17,-35,53,-84,-12,8,39,-22,27,4,-35,42,68,-1,31,-30,58,62,37,-69,53,-53,71,-86,-77,52
-46,81,78,-34,69,-63,3,-74,15,94,-9,62,-59,-45,44,97,100,-75,88,-86,-33,12,34,-18,-33,-62,94,-28,85,-94,44,-14,-87,61,36,-97,42,-24,-78,79,-19,20,-80,24,35,-40,-54,-52,56,-56,-94,12,-84,-89,100,-40,-51,37,34,-18,-37,2,8,15,-74,91,-2,-64,-72,-10,72,72,6,-33,23,33,53,81,-11,-29,-43,-58,-54,-56,58,-58,46,-11,15,8,25,-97,27,-20,12,-46,-64,22,61,71,-31
73,-95,37,26,42,-45,72,-61,71,48,-50,34,75,56,52,-85,-32,-31,96,-73,50,61,41,64,-13,23,-79,-28,-50,65,13,-37,-99,3,49,-77,94,54,87,39,99,-100,-89,-53,-81,21,-50,-62,72,-94,86,96,33,95,86,16,-18,-38,41,40,45,95,-28,13,48,-81,-94,-48,24,-26,61,-2,-3,49,-21,-96,30,-40,44,-14,40,23,17,98,-31,-29,-6,68,-43,45,38,72,88,21,-30,-19,-42,-69,99,-24,60
37,-75,-50,44,39,-47,-100,-77,78,-68,20,11,-93,9,-78,-3,100,66,20,56,-45,59,32,-21,76,85,-2,49,77,-47,-37,-33,-17,62,-86,-69,-63,15,-7,-19,-80,-6,49,84,66,60,-56,-99,-50,-75,-14,94,-49,78,-33,45,29,85,47,-49,-12,56,-46,49,-78,-95,90,-27,79,-67,38,72,36,40,-99,-9,10,-45,45,-58,19,-44,29,-29,63,12,-4,18,-38,-18,99,-13,-97,2,-47,75,28,47,-65,-99,52
97,62,-68,-91,76,51,88,-95,83,77,54,-55,7,-66,90,45,-28,-100,-34,94,-46,33,56,14,87,3,70,-12,-94,81,49,56,22,15,-85,47,26,11,62,-57,83,-7,75,18,29,93,-64,7,-35,-96,68,-4,56,-37,13,-87,4,-97,-59,-89,93,53,-85,-8,80,14,59,57,-50,-95,-72,81,56,10,77,-97,-92,70,-7,84,-92,81,-90,42,-84,2,75,81,-22,-89,-57,2,-55,37,49,96,-83,83,5,-54,57
-12,27,35,20,60,-26,-15,-49,-31,-90,-1,-6,86,-60,-11,16,60,4,30,-80,-8,-25,13,21,30,-55,74,67,-56,80,65,95,69,79,7,-71,36,-99,-77,46,-48,-96,73,-49,8,-8,-59,75,96,89,75,-74,-6,62,96,8,57,43,-30,78,70,-41,-91,12,56,85,6,-61,-80,59,-90,22,71,-11,-28,74,-86,-49,28,-2,-92,-83,69,-22,-98,24,-69,-99,-86,3,-22,-34,57,-65,-23,93,6,95,-67,56,-18
94,-16,-66,-44,-66,15,-34,-67,22,51,80,24,-36,100,37,-62,83,-23,5,-49,84,-49,95,71,4,76,-11,-62,-7,3,98,96,63,59,99,71,-30,98,-7,-15,62,-67,-85,-4,-9,-88,55,76,-98,-39,11,-92,49,31,91,32,-69,-99,-59,57,-20,-59,63,51,93,53,-38,53,95,-64,-34,37,-56,19,-35,-98,22,91,10,-68,-97,45,-51,83,69,18,39,-8,-100,-92,-35,-26,-95,99,-19,-6,-22,81,-92,53,-84
-29,-30,59,-78,14,40,-92,-38,-40,49,-91,-33,-20,69,-4,27,25,-26,53,-4,-71,-48,79,57,64,99,39,-77,-36,10,15,-39,47,2,-60,-69,-85,45,-74,57,30,9,51,-2,21,39,-74,69,38,-23,-4,-24,-24,-48,26,-12,22,-71,-30,2,-15,-31,-79,6,1,12,1,-84,60,-42,-11,-50,-36,32,24,-51,40,-36,-15,-34,-44,-53,12,-16,-4,19,38,-22,99,-10,52,-33,49,2,-73,-97,17,56,-5,-89,-54
54,72,-23,-59,-57,25,16,-58,40,-97,33,-84,-84,90,57,64,72,-12,-77,60,49,3,-91,14,-31,-65,-64,-24,21,-55,-58,47,11,-73,63,13,-9,63,-54,31,79,-2,-19,23,68,52,93,33,12,40,-59,29,-42,-29,-83,2,-76,-26,-77,-85,-56,-93,5,-33,66,2,42,66,93,-54,-17,6,73,80,-71,-55,13,14,-39,16,-54,-56,37,46,36,-18,-53,-46,54,-46,-85,-23,71,7,-4,6,65,63,-86,87,36
-77,55,0,13,-85,-37,-6,1,99,-20,38,-90,-28,90,-48,9,100,72,18,-99,20,91,11,43,84,41,-82,81,-84,51,42,99,83,-41,73,-72,9,87,18,66,-64,73,-77,-43,-91,9,-79,-97,8,68,32,84,-22,71,-27,-64,50,94,25,-82,-37,82,19,30,99,41,-72,64,-7,-37,-54,-61,-49,48,-87,-15,-44,8,-19,-35,-58,-42,-22,48,-82,8,66,-50,9,87,53,-35,20,-1,62,-1,81,-68,55,43,-70
-59,-27,-30,-55,-56,98,-49,-57,92,-24,-5,70,64,65,73,-77,-58,-96,81,90,-25,-66,-87,-39,-54,66,98,21,-57,-74,32,-95,53,-60,54,61,77,-53,-72,75,-10,-56,-46,44,-65,-48,-38,87,82,38,84,40,33,-18,-37,17,39,41,-90,-66,-8,-86,49,-30,76,-52,46,-33,-60,-3,7,-96,-35,59,-83,-43,-63,-23,5,53,-48,42,-26,-95,-34,-15,53,-100,84,-44,16,35,53,27,29,48,85,20,38,52,-79
-91,-82,-76,76,-67,16,-35,-27,50,-83,-39,-65,-12,-13,97,-56,58,97,79,-21,12,-62,1,41,12,65,-2,92,46,63,-40,13,31,43,17,99,-43,-76,85,-11,-91,-44,-88,42,-62,-32,-22,-57,-35,32,-96,97,79,38,-30,-44,-67,36,17,63,20,51,40,-58,67,97,-75,-38,-44,38,-18,-61,-5,-25,18,-32,16,-56,-62,83,6,28,25,7,83,2,-51,71,25,-23,14,50,-17,68,58,-94,32,87,73,43,-56
-29,69,-86,-28,14,-80,-44,-59,-91,58,-9,70,-16,-93,26,81,-42,85,-82,-54,99,-23,-12,-15,-30,82,-55,-25,72,-47,-84,-52,73,99,52,-64,52,85,10,53,-99,34,-21,17,73,30,-73,92,-90,12,-82,-22,46,-19,-99,-94,-4,31,-83,-84,33,-88,-97,-39,-77,-62,-50,-28,54,76,-55,74,20,-6,-32,-53,-4,-50,90,-81,-26,-15,99,-36,52,62,-1,75,-8,-91,12,-89,-86,11,3,77,-59,72,3,73,-53
-82,-94,-38,65,26,77,-73,-36,-68,-49,-76,-23,-82,-4,89,22,-52,-68,-56,98,-97,-54,-65,86,-73,30,-45,-65,-67,96,-67,-63,-30,-67,-84,-98,3,-20,0,-45,56,3,37,-58,-6,-5,-97,-88,84,-83,-92,63,6,-20,45,-89,34,-87,-18,-45,58,-40,-30,31,69,-49,78,23,23,5,100,91,43,-14,-88,-16,89,31,-16,18,38,-18,-53,-96,97,100,-74,72,-72,41,40,-32,61,40,15,-29,-67,53,-97,14,27
-100,-36,-59,-93,41,-32,-7,-64,6,-90,-85,34,-18,-66,27,51,60,-40,19,-43,89,-15,60,71,-99,73,-69,-40,-40,-75,-54,41,-18,71,16,-82,-20,-83,-20,39,-72,87,41,-50,-15,-85,-60,8,22,44,64,-8,-29,23,65,-15,55,-92,-53,-48,54,-49,40,-1,-3,17,82,-89,7,12,70,-46,20,-77,24,-95,4,-9,-26,97,-53,40,18,14,-70,-31,22,-16,-4,-51,76,-16,99,45,-43,88,-75,-68,36,39,-99
-27,8,43,-46,17,86,5,91,-23,-91,48,-54,46,27,38,14,-49,-31,8,-66,-16,-17,48,71,-32,16,-35,-99,-82,-87,-24,-8,-15,-34,-1,54,7,36,88,-44,-21,-45,-83,96,-94,-97,-60,59,-20,91,84,-83,-56,35,-58,75,-16,-51,35,28,18,81,-73,24,-31,-60,71,-75,-46,16,-28,-72,-36,96,60,24,-84,93,-27,23,-96,55,-45,97,-34,-29,-66,96,19,42,92,90,49,-9,-54,-95,8,-90,-30,-73,53
35,-7,44,33,-9,3,-98,-18,75,85,49,55,73,88,-63,84,5,-78,-37,82,95,-19,-13,-45,95,-32,-80,8,34,-66,79,65,45,-56,49,-76,80,-13,-23,-18,95,88,81,-94,23,-27,21,25,48,59,96,87,82,-48,5,-92,74,9,-77,-86,-15,13,85,26,-91,-42,47,-37,-18,-23,-23,60,33,-1,-75,-93,55,73,-14,-53,9,79,23,16,37,-71,-77,59,-32,-99,-79,-2,62,-87,22,61,-59,60,-29,-24,92
76,2,-11,-21,-42,-71,-74,-53,-90,-38,-72,-64,-27,-34,46,-89,87,23,-57,-54,-29,27,-37,27,32,-54,-79,-34,-18,35,28,64,-90,48,-1,66,-19,-31,37,-1,-1,93,-59,-1,-71,-2,-90,71,47,75,-64,91,66,22,-89,-94,70,22,74,-100,-14,45,98,-89,-7,7,-15,74,26,83,15,-79,72,7,57,58,-2,77,-77,-6,-67,-56,-35,80,-20,-94,-16,3,85,-65,-79,-53,54,-27,22,65,96,-35,41,-20,8
78,11,9,-99,-58,15,27,88,50,-7,-47,96,-19,-12,16,39,10,16,-16,-52,-70,-10,48,-38,-5,-83,67,74,63,92,-15,36,100,48,-67,47,-44,-32,-73,-19,-13,51,-17,-76,-20,-86,95,94,77,74,-19,-77,75,79,-50,-54,78,-19,81,4,16,33,-17,-99,19,-6,62,-12,-73,-59,82,18,10,-33,6,85,-44,-38,68,-92,77,-90,63,-15,16,72,64,-91,-25,-76,-84,-91,-38,70,-5,23,-5,-46,56,-84,84
-84,32,-74,58,49,42,-48,-40,-33,-7,57,-49,-82,72,84,73,-75,-63,-35,-26,13,20,11,-44,-60,-69,-2,-43,18,66,71,-26,41,-90,83,-14,-77,62,-77,-35,-60,29,54,-77,-74,-88,-49,-86,-65,57,22,91,38,-92,-84,36,34,9,-75,52,-45,-97,18,-87,44,91,30,-9,-27,32,27,7,10,-7,-76,-24,-34,-41,-96,-19,8,-35,8,-76,88,-64,-99,12,-88,97,-89,-3,70,-8,-91,52,-34,71,-1,1,66
96,-4,-51,51,-100,58,-85,-36,-2,-86,60,-83,-66,-24,-52,91,-77,3,-12,57,73,49,8,5,9,44,-78,73,38,-21,-15,-77,83,-16,-83,71,31,97,-64,-94,71,29,26,63,7,-59,73,50,69,-71,-29,-46,-21,-2,-40,-1,-68,84,99,41,-45,0,68,80,29,51,95,-27,92,19,-31,84,46,-39,-98,-18,-57,94,-64,23,43,-56,-4,-4,-92,-58,-10,6,-58,-10,-97,41,90,16,-20,-52,32,37,-46,-61,-14
-91,-94,90,-39,-53,38,-99,-61,-21,-92,-46,33,-92,-87,56,22,58,-55,54,-25,-92,80,46,-37,70,-25,-23,37,98,5,-52,2,-34,-21,-68,74,9,7,-51,90,-96,62,48,6,-78,-50,72,-20,-48,-91,21,22,-42,-77,-7,-26,18,93,-82,-10,11,77,68,-16,-89,46,35,17,65,-96,-82,-2,-69,-6,-2,-71,-25,-30,40,58,57,-78,75,-41,-24,-31,40,-63,60,20,91,77,-9,56,85,97,59,73,-36,32,41
-70,15,96,-100,63,19,-12,-79,-31,31,-15,7,-38,-16,36,47,-30,-89,-65,-63,96,-93,39,0,-60,32,-8,-45,61,-45,83,-47,-95,-4,-31,-26,-44,-12,14,46,61,47,51,-33,64,-48,-69,20,11,67,-60,25,41,82,6,-93,67,46,46,-73,-43,64,-41,-25,-54,-69,-59,-1,84,11,-40,-19,-74,-45,18,66,-88,-40,-58,1,47,0,13,74,-35,94,86,-67,-41,89,-23,37,95,21,-26,83,-23,-37,-98,16,-50
96,60,-24,-60,79,15,-13,32,-89,57,-4,79,71,-19,-91,-29,81,83,57,-71,71,-58,-87,0,-70,78,-57,78,42,30,99,54,54,-39,-57,47,80,81,10,-53,76,-51,-95,90,-53,-25,-69,-98,-6,64,-75,-73,69,34,-73,96,-44,83,95,-77,-43,84,56,-60,97,23,-53,-15,-19,99,-89,63,5,89,-94,23,-30,-31,-44,73,-48,-62,-93,86,10,25,46,86,68,57,-69,91,-66,-46,-10,0,52,-71,-69,-72,-97
26,23,99,-7,-69,23,23,-38,97,-43,30,-53,41,-99,1,59,-35,-10,-70,34,6,42,-76,-74,46,64,-56,-57,-40,-1,11,56,61,21,-32,63,-2,-33,29,78,87,-68,7,86,79,27,-74,64,-87,40,-99,60,-83,-49,-24,-99,-67,42,10,-30,-30,-29,-38,-85,28,13,-15,-38,-42,63,-64,-21,-99,64,99,-30,4,18,58,35,79,8,45,-31,-91,-9,-87,91,41,-13,78,-24,-42,64,-41,22,12,-67,-45,31,-8
-84,18,24,-18,-90,-55,-93,66,93,33,-94,-1,-43,-12,-60,66,-30,-78,-28,3,69,-44,86,-70,19,-45,-81,96,87,-16,-80,20,27,-53,69,87,64,51,20,-88,75,45,-95,-13,-24,74,-88,80,38,-51,18,71,17,77,15,61,-80,8,-74,51,-10,-26,-93,-52,-4,47,-92,-32,82,94,87,28,-88,-15,-2,-44,85,36,55,-42,27,-11,41,-3,-39,93,53,-37,15,39,-38,6,-48,82,-27,-12,-23,19,-8,27,72
93,-62,82,-9,38,57,-99,-100,40,85,-31,-59,-24,-33,21,31,48,-89,93,79,50,-80,16,52,89,-1,71,-19,-67,-2,50,1,85,-85,84,-55,100,98,-58,8,7,-89,-58,36,-60,-43,47,91,-74,-68,97,64,15,-99,39,12,-51,17,-5,-77,19,81,-34,6,81,58,-80,68,-11,23,90,51,-7,-81,1,45,50,37,-100,28,56,-13,-69,-62,77,15,1,-41,98,-95,-89,74,-64,-20,-81,94,10,51,-74,34,-88
-85,-2,-55,-39,42,-98,84,-48,-45,77,63,97,-91,-77,54,-4,-88,-73,51,-58,-38,-66,-72,-62,97,36,-7,-63,-78,-87,51,-70,74,22,-96,-65,30,46,-98,-11,-52,91,-56,4,-6,3,-16,64,-57,56,-68,-83,37,82,-70,-45,29,31,-15,99,-21,77,24,-98,20,-95,-78,-16,-69,-16,46,85,32,-68,-5,-84,86,12,79,12,-17,-96,-88,-70,78,87,29,4,-9,-61,91,76,-11,77,-53,-76,51,-46,76,-84,-34
-76,10,-100,-4,11,95,-9,63,-48,37,-96,-13,-74,8,73,-47,44,62,43,-82,72,100,86,14,45,18,-94,-45,-51,93,71,-94,-10,-97,76,24,44,-70,100,-4,-42,9,-82,-79,54,52,9,29,-33,12,81,81,91,-41,47,58,-95,-36,23,96,-27,-87,5,37,-98,85,-79,89,50,54,-80,-19,-44,33,39,100,49,27,82,44,100,-20,44,84,-8,25,4,-43,9,-85,-47,-33,-47,85,70,19,4,81,-84,47,-53
-11,-63,-51,1,-80,-53,0,-35,27,-81,1,92,14,7,33,-79,-93,56,38,53,12,-54,-53,-31,-14,-37,91,85,-76,-76,-8,-67,93,-95,32,-68,44,-60,-83,-71,-54,-65,-63,-21,-14,62,-96,-3,1,57,12,47,74,3,-13,25,58,-100,-11,-74,-25,-39,-22,-19,-62,13,-70,-59,52,-91,39,-49,84,-7,85,26,-45,-65,-88,13,62,60,34,10,-11,31,20,7,70,-26,24,72,92,-82,33,91,16,-65,65,-92,-65
70,-96,69,-47,-14,100,44,15,60,-12,-38,-15,89,-40,12,-39,38,72,79,-93,25,-89,8,-53,100,29,68,-49,-41,-76,-41,51,57,6,-68,82,-30,-81,-97,8,-73,21,87,100,70,8,27,-56,4,12,1,6,27,-52,99,-40,-61,50,-73,72,72,-60,-22,-85,-5,81,78,-42,-68,-55,-65,-73,29,-87,-9,-58,-38,28,-15,-77,-51,61,-13,-53,32,-89,30,-68,-2,-75,-17,-16,98,67,-4,32,15,25,55,-22,66
20,-44,67,-37,2,-1,80,-65,18,-13,77,-15,76,81,87,-78,-85,7,-100,73,69,74,44,-87,9,16,3,-78,-92,-36,22,-31,97,82,40,56,-8,87,-47,85,-30,46,14,9,-60,59,-53,55,2,24,19,-77,-99,-67,1,50,21,-24,-83,-73,39,-53,81,37,99,10,6,84,-58,56,39,-20,-30,-100,72,75,-31,31,61,84,32,24,57,-47,11,3,-23,85,58,-34,16,78,-25,27,28,-81,-70,62,59,81,-36
-17,70,-40,20,1,-76,51,34,-81,-16,38,-97,-52,-68,52,-97,83,-99,55,12,8,-82,-20,-94,-72,72,-60,-30,16,39,-50,-45,-7,24,-38,22,-71,100,-92,-92,-67,-62,42,-17,73,79,-4,63,-21,-80,24,-80,100,-69,-74,-46,39,71,-79,59,-89,-49,-29,-96,1,-73,-47,-31,77,90,25,24,34,-38,76,52,46,38,91,90,-27,99,-93,-72,83,4,40,97,-20,-40,-84,-86,-77,32,6,-21,76,-26,-59,-64,-13
50,6,-20,82,-44,92,-3,21,69,41,77,50,53,38,56,53,23,-37,-38,52,-58,6,-48,-53,-19,58,23,18,-95,-63,-8,92,-67,47,81,-97,100,-94,6,40,-65,-95,7,59,-41,-56,-47,-94,-45,-80,3,94,-73,-95,-67,-61,44,-53,9,-41,4,-17,-25,-81,93,-41,-7,54,-54,80,-74,-78,-4,-34,76,89,-22,-48,-57,-27,85,-54,96,33,-84,-88,-98,44,-84,53,78,-83,85,70,13,61,98,23,-87,47,14
75,-4,-62,-84,15,-95,42,56,-77,15,3,-78,43,-21,95,12,93,77,-4,-18,43,75,25,76,-26,-98,-6,82,27,-63,63,-75,3,-24,91,-1,56,91,37,-93,70,88,-64,-88,10,-92,51,55,19,-54,-56,7,28,-19,-7,-99,87,-78,-44,48,60,96,-13,-1,12,-26,-57,-92,-48,-27,-23,-72,-7,-45,34,100,-40,44,-86,25,91,94,43,27,-15,64,9,36,34,4,26,14,64,34,33,-19,65,-29,-9,-11,64
-89,53,-60,43,-95,-57,-57,-11,-17,54,-59,52,-99,41,60,35,-79,28,100,-71,38,89,56,26,46,-73,-84,-73,-93,78,-66,-47,11,84,73,-48,7,-80,-37,-14,-57,9,-95,53,-96,-26,-22,-56,-76,-52,12,16,24,-96,-12,-27,18,-35,72,-70,48,8,-18,-8,14,65,29,-77,51,-9,74,-53,13,-32,92,2,97,14,65,-58,5,-71,46,87,5,16,-2,95,-90,-32,88,40,-53,67,37,70,29,37,5,11,-12
-96,26,-50,-12,-74,41,-88,20,51,-20,45,39,-73,-33,51,83,2,76,-9,-32,61,-15,-40,2,10,-5,19,6,-32,99,-83,-19,-89,-94,30,-6,-89,85,16,85,60,-39,15,-98,30,84,-82,-80,18,87,76,-35,70,75,21,0,52,-91,-21,-6,-4,21,-35,3,-8,36,-32,-43,-49,-57,-43,-56,-64,-98,14,-42,-92,-44,-40,-80,-57,-71,-44,-44,-49,12,50,-89,81,95,-82,71,26,41,-99,71,36,-14,-95,86,81
60,43,8,41,31,71,21,-95,-20,55,50,-55,36,-35,-86,27,49,-82,44,2,40,70,37,-44,-98,64,-28,43,-19,50,81,2,44,51,86,96,-11,3,-8,-43,-11,-41,17,90,-18,-76,-35,-10,-83,8,36,-55,94,-61,-12,63,0,-47,13,-25,-72,-49,-31,-12,26,-74,-66,56,-99,-15,44,-79,65,-22,3,-20,-34,-15,21,-34,74,59,45,-89,55,-45,31,-99,-99,65,-38,-33,-89,75,44,-61,-66,-38,11,-55,-59
56,32,72,67,69,20,79,-62,-27,26,4,85,33,-16,5,91,97,60,-17,-10,53,-13,63,26,43,54,-81,-51,34,-14,-38,48,76,46,85,34,-86,82,48,35,73,-83,73,-96,-6,-16,-58,-86,12,44,43,-4,7,25,36,-40,-83,-91,-94,-20,44,9,78,-44,-64,89,35,24,-73,62,6,-18,-4,39,42,79,-36,-22,86,60,-85,-99,43,45,45,45,-40,83,10,-45,-53,-42,-1,-94,-89,3,92,-32,-75,68,76
-25,-46,50,-15,22,75,-53,-2,-68,78,-18,78,-81,-24,-71,98,5,64,57,48,51,35,95,1,42,84,-96,-98,97,-1,89,-36,62,67,58,-53,-70,32,-49,-56,67,7,17,86,-64,-95,-51,80,69,12,-78,-61,-96,80,12,-52,8,-12,48,7,-63,-12,-43,4,-6,18,15,-65,-57,29,-19,23,-9,100,-97,73,72,69,2,7,-3,66,-77,-22,52,8,42,100,97,43,98,91,71,-30,63,9,-8,91,74,3,57
36,10,-16,5,76,-39,-14,36,-97,-46,-16,34,70,16,-94,92,-76,-42,79,-65,12,11,-99,-52,-82,21,-45,64,67,12,56,35,12,16,-49,-34,27,-50,86,-68,-23,94,-29,-41,18,-64,-19,-82,-30,-16,67,-33,78,9,-59,-29,-87,23,57,92,-63,50,-37,-95,50,73,17,37,40,66,54,37,-93,83,-44,-29,-3,88,-60,0,76,-67,6,1,-99,68,79,-86,62,-51,96,41,12,-76,52,32,-64,69,-82,39,-77
-56,-80,-78,34,-57,53,-49,88,-71,78,-8,-15,-26,-46,82,-20,23,-96,5,-27,-68,-85,95,-77,38,-87,-96,71,74,39,75,-95,39,40,64,-52,91,57,-49,-86,-9,-50,85,-42,-11,-68,-75,-57,-29,57,52,25,27,-37,53,-90,17,-28,-80,-82,-63,41,-58,-18,-78,73,-93,82,61,90,-66,-72,65,-16,52,-55,-95,-44,76,-37,-38,14,-63,21,-26,-11,-15,-31,-81,-50,64,-73,-71,70,-77,28,-57,-87,-85,-95,6
96,89,88,52,38,-27,-12,-73,-98,33,2,-94,24,-88,-55,-26,76,-81,61,96,-52,34,-17,72,-28,73,82,-26,56,95,-46,89,-26,92,-76,-38,98,-6,57,-77,63,-51,71,21,29,42,-55,57,-38,-30,20,-96,-37,-26,-50,-34,32,24,-54,-79,-88,5,35,-13,61,56,23,69,-11,43,-92,-11,13,-100,60,-1,42,79,-55,67,-32,-80,91,31,-75,67,-77,41,-12,97,-19,43,0,-52,-99,-86,-72,35,-1,-75,38
-63,41,67,-55,-5,15,-100,13,33,-50,-51,57,-44,-11,-90,-89,0,-100,95,70,-36,-64,74,-38,23,75,75,-4,-83,-53,-8,75,83,-1,34,12,-5,71,-60,-9,-43,-31,93,92,45,22,49,99,-81,-55,12,-3,-85,-50,20,31,-38,-58,5,47,79,-40,-68,86,42,40,-50,97,-87,-22,-92,38,90,0,-85,-20,-17,-9,80,-90,-73,100,-25,92,-57,-74,-62,-98,-32,-25,-18,90,-15,-79,-48,86,46,-97,80,-42,-78
95,76,89,16,28,41,-60,-8,27,73,86,-81,0,-19,92,13,-65,76,76,31,-15,36,4,-53,35,98,75,-84,68,62,-37,-34,-82,64,96,-18,-100,-1,-80,95,98,68,-9,-95,-39,33,-21,-65,-39,-57,-24,-2,38,-12,31,95,-17,-93,-46,-65,-23,79,-42,-10,45,-17,50,-62,2,96,89,-12,52,10,23,87,-93,-47,43,37,-55,-86,76,-23,-47,-20,-8,1,-80,-61,-36,-100,81,-35,-92,75,-99,-69,47,-35,-75
-55,6,10,-95,-11,82,62,44,0,-96,-69,-39,17,62,-68,-47,16,96,-20,79,-31,74,-35,-45,39,-83,-87,-27,-14,13,-42,-60,24,11,6,-16,27,-20,-100,98,23,-74,-54,-40,-79,-16,84,-94,-30,-14,23,-11,20,57,-94,-99,68,59,-68,-84,-55,-25,80,-99,-31,64,-34,45,-38,-82,34,-8,23,-63,5,-58,-35,-98,24,73,90,72,-14,32,11,7,-58,42,19,-77,-13,-51,30,-72,-3,-66,40,12,-15,57,-64
15,-67,91,4,50,-52,-100,-82,46,-32,-28,-35,-42,-30,-7,28,-54,-86,86,-49,95,98,-76,75,86,91,50,-87,-16,72,-32,-4,30,-22,86,72,-65,49,82,-60,89,48,41,-88,-84,-26,17,-87,70,-9,-46,5,89,-9,-97,-56,63,-37,62,-68,61,-64,67,-89,-54,-33,-62,98,42,79,-70,-67,-83,82,-18,-40,-77,-95,-86,65,5,44,91,56,-1,21,-23,85,80,-61,2,-40,6,-44,71,36,36,-10,-95,19,27
60,49,74,59,-89,-28,38,-80,73,33,59,8,14,60,0,73,-75,38,35,48,8,-33,88,7,-60,38,77,28,-8,-36,85,45,-5,69,-64,-62,60,24,-70,19,-24,62,25,25,-64,-56,69,-3,-42,-2,-44,32,-12,-61,-23,-35,59,-18,-83,74,-92,92,5,90,-29,72,29,-5,83,94,-92,42,45,78,-30,77,36,-73,1,-81,29,-1,54,65,77,-65,-44,77,78,-100,-2,-20,-18,-7,-15,-27,84,78,-46,26,67
9,-76,36,62,-30,-10,-84,26,9,51,33,-77,38,-53,-50,-3,-17,82,-20,-42,28,72,1,66,-47,-67,92,-11,13,-96,-53,63,-22,47,60,51,-50,38,48,-6,-87,-50,62,4,50,96,-30,-5,-64,4,37,40,53,-59,93,-80,-95,-24,-69,-76,85,35,-29,30,100,-87,10,-89,24,-35,6,-31,4,40,48,86,-75,62,-40,-81,65,73,7,43,60,94,70,-36,4,-72,-7,-100,-9,96,75,-15,-49,-62,-21,-87,-81
61,-67,-30,40,-35,92,84,-84,72,8,-65,-78,-22,2,4,61,40,48,-32,41,96,27,-100,-95,-50,87,-32,-10,-91,42,80,-55,-28,94,81,73,63,0,20,-15,13,2,-24,78,-84,64,-29,66,-31,-72,-71,89,76,-56,36,-29,-71,55,2,-100,5,-31,21,76,-38,-41,-79,67,60,92,89,13,45,-34,-20,21,-46,78,-79,-42,26,-4,0,-23,89,77,-68,-47,1,-15,71,-34,-19,92,32,85,5,2,31,89,-16
-61,37,-64,56,61,-49,23,-1,98,85,-2,48,6,6,51,-97,0,47,-59,-98,85,-93,89,42,64,67,-37,3,-38,46,-74,-94,27,-22,90,-50,39,42,-100,-58,-44,-91,-71,89,94,9,53,-25,-85,21,-98,65,-97,36,-3,18,95,80,-65,-74,100,-69,-20,66,-90,-51,4,69,-44,-35,77,16,-70,-48,-100,-24,80,-28,75,-94,-45,-10,-52,-50,-99,-100,-47,-54,25,-12,96,83,94,-47,62,16,-1,-50,-8,10,60
78,-3,-81,24,29,91,-73,-4,41,-76,-91,92,19,-41,95,81,22,99,-59,-66,13,74,50,35,-17,-82,14,-88,-82,-38,-37,19,97,-5,70,-5,-49,11,-58,-100,19,4,67,63,71,-15,64,11,70,-24,-30,90,-38,-56,64,69,40,-96,-21,84,-15,-36,59,69,-75,-69,52,-44,4,92,-50,68,-82,24,49,71,-72,68,95,-72,18,67,-44,-18,88,85,-23,-28,-68,-86,-92,79,-29,16,83,-12,-20,-92,-64,-66,47
90,0,-99,6,-48,-69,8,69,-21,60,-52,93,-27,-86,-17,-54,-28,-62,-37,-45,5,-38,53,-42,66,-8,-34,4,-86,67,18,-48,91,68,-90,54,65,-17,-57,-29,-34,79,-40,-56,98,-74,66,-57,-72,-9,23,100,-10,-72,76,-85,2,37,61,80,44,93,-94,68,4,-55,27,28,-51,73,26,83,91,-73,89,84,75,-72,-27,87,11,-58,-70,46,-85,97,89,-66,-56,-4,-2,-47,-4,-60,75,-4,-21,-3,7,-9,-58
63,-29,65,-49,-28,76,65,11,-88,-52,67,-98,-84,66,-33,17,96,-8,-69,38,6,92,-47,-21,-32,2,-11,-6,-63,84,85,-64,31,67,39,-89,91,72,22,-65,93,-64,-18,-29,-16,23,-42,-10,-99,99,-9,-46,-88,46,11,25,-55,35,83,-24,-95,-12,-21,-68,-50,-34,94,-100,-23,58,72,76,-58,87,44,-57,-10,33,96,100,16,-100,-1,-76,-73,97,51,-92,97,13,-17,45,-44,20,70,-6,-10,97,60,-17,-4
-30,-26,-100,18,97,-61,-11,91,98,22,45,-57,6,99,5,70,-94,-86,83,-58,54,74,-53,-72,-7,-69,8,-94,36,-56,17,21,94,90,-27,-11,-47,43,-41,-47,-3,92,-46,89,71,25,-8,90,-26,71,7,46,7,10,23,-96,3,-31,-46,-56,97,14,5,-90,32,21,-38,-14,-93,-90,-76,-76,41,-35,49,-48,-77,83,95,76,-84,-80,-7,-9,81,84,-9,5,25,-69,56,36,88,-51,76,90,-98,-12,-6,-22,-64
67,4,14,86,28,58,-78,-42,-71,37,-25,88,94,-94,-63,61,86,25,3,-77,-21,-46,-31,66,41,-74,-93,-43,-60,13,-49,-63,-3,-91,-12,-14,59,58,-50,-10,-70,62,3,-34,-31,56,46,55,7,100,-98,83,91,14,26,-49,-74,14,-48,69,-1,-22,-73,41,42,78,52,-41,-53,27,-97,-72,72,-87,-81,-68,-21,43,12,-90,-40,-76,81,41,-46,-41,0,-81,11,22,-53,-71,100,26,-51,-32,42,-32,-14,-66,-90
-8,17,-97,38,-1,-47,93,61,87,16,-22,78,-10,-58,12,96,-22,48,63,15,96,86,-29,84,54,-18,-11,-80,-80,56,46,-95,34,10,-70,47,-18,69,15,2,1,-68,97,79,-17,15,-89,-97,-86,97,37,1,-41,-62,0,-70,-53,13,-21,81,0,75,-13,-2,-68,-59,-79,-31,41,-8,-31,-55,-34,69,-62,-41,-39,-43,85,47,-35,18,-95,-96,51,20,-46,17,17,59,-25,-85,-38,46,-32,16,-66,-35,-41,51,57
-27,-32,-11,26,-1,-63,-96,-37,-79,-39,-93,31,14,63,73,13,-47,-23,-58,-18,-65,34,42,81,-14,0,31,53,-51,37,-54,-70,-7,-6,65,86,42,9,-60,35,-27,16,-91,-2,4,27,-96,-77,60,56,53,8,11,-87,76,-19,-6,-25,-73,-29,91,-9,-41,-85,-60,52,-32,71,53,-84,46,-47,-49,-55,-5,23,58,56,-29,-93,-76,-49,-62,16,61,-83,23,-76,47,23,-96,-82,-51,-19,-14,41,-47,71,17,-45,-24
20,16,7,-56,18,-13,24,60,-1,95,-42,96,90,2,82,42,-82,67,97,15,23,31,-36,81,5,-26,-53,-89,52,41,-63,82,3,-21,28,-86,64,54,29,-37,-66,-48,92,-40,60,69,-2,-50,-57,25,-39,-94,64,54,-88,46,-53,-77,-94,-99,42,27,-38,74,-70,36,67,-6,-76,-84,-48,51,-24,-64,88,51,97,-79,-25,51,79,30,10,-84,-8,54,64,-95,80,84,35,11,-40,-53,98,88,11,-26,-55,-18,50
4,-22,-96,13,-45,-13,-35,47,14,-63,99,-30,6,82,-86,27,-64,-15,-15,-29,-99,99,-23,87,50,57,-69,-71,21,-85,-92,-75,15,92,98,-98,72,-45,95,-94,1,32,-34,-36,13,-32,75,-44,85,98,-66,-27,15,-38,56,-90,42,67,-25,-40,94,-26,87,17,74,42,-46,-31,-90,-59,33,43,-24,68,32,-88,-18,46,-38,-53,42,-66,34,91,16,10,39,35,-72,68,-23,-25,56,74,-20,26,67,71,-90,82,-50
44,-76,-16,-73,-96,-21,-30,-31,-85,-51,-85,-15,77,-48,-79,71,-51,55,-13,98,73,16,-22,58,39,78,-9,-88,82,91,39,-54,-97,26,14,-10,-18,67,45,-100,-79,-100,-80,-52,-98,-16,1,64,-46,28,-45,47,24,93,-21,-45,33,99,78,77,51,-71,60,69,-76,-55,-75,-50,86,35,-27,29,50,-100,-86,-59,62,64,-12,-21,-98,-78,-73,-99,8,-3,-48,23,61,40,26,-97,15,-65,-40,47,15,25,45,82,-52
80,67,38,-51,43,-59,100,-1,-39,-50,65,36,-78,24,95,90,-23,-51,-75,-41,-25,89,-89,74,63,16,-60,-76,72,-100,95,29,24,71,-89,-96,75,-24,81,46,92,-49,-81,64,-80,-91,-35,1,-54,-15,93,-48,-53,34,20,86,-32,38,-18,-90,1,-51,-53,-97,21,2,-76,-49,23,-14,-39,-67,-95,75,28,53,66,-17,-60,-31,-34,28,-2,-41,-80,-35,13,-90,-83,98,88,12,-41,43,60,-15,12,-21,10,-16,86
47,-79,62,21,48,-62,39,-93,-57,-67,78,-67,88,-44,-81,8,91,-44,78,5,11,-60,0,-38,-40,3,-19,81,-88,-26,-24,-71,73,87,36,-39,-48,-97,-87,27,-89,68,-56,95,24,8,1,-28,53,47,-50,73,-64,74,76,7,96,-35,41,74,16,56,74,0,-33,-81,20,29,49,-8,39,83,-60,41,-12,16,13,87,28,-30,1,29,58,-44,74,71,59,41,72,60,85,37,-78,-7,-71,76,-64,-13,90,87,-50
33,-91,-30,96,-3,-30,28,85,63,-62,-29,89,-78,99,43,-29,62,79,67,-20,-89,-70,15,-23,90,18,-88,36,23,100,24,80,-51,38,-73,35,47,-9,58,20,44,-85,48,42,-96,-98,79,-74,-85,25,-2,52,-38,-45,59,-87,45,-94,-33,22,-27,-64,31,66,-46,36,15,-62,-76,-73,-16,24,-36,-48,36,15,-63,21,-10,-48,77,-26,-22,-23,-23,31,24,44,58,-41,-46,23,-2,-5,-76,-91,46,89,-24,10,-18
-69,-37,-92,-43,-42,88,-88,-95,-44,16,-16,-59,54,61,-33,68,58,18,51,73,-68,-33,-61,1,-65,-90,-14,24,-92,33,-99,-84,-22,76,-57,82,47,-79,0,-16,61,-86,86,17,-56,59,76,46,90,62,37,72,45,86,31,43,44,76,-49,-19,8,56,-83,47,-92,-29,-22,13,33,14,-86,-51,-45,-65,19,28,58,49,41,-73,81,-97,70,-85,-68,-6,-4,-66,-71,-90,46,99,-97,31,23,-8,-42,-80,-33,93,-49
-18,-61,-24,41,80,-28,13,99,42,-64,-31,-66,5,100,-80,-42,-23,80,35,43,44,-46,98,27,100,-28,77,-78,96,-32,59,41,89,-76,-50,-45,-99,-28,59,-25,-48,78,92,9,60,-91,12,11,-83,62,21,67,30,11,1,-36,-15,-34,-70,-47,8,-92,-9,92,92,-67,-40,-94,42,-19,-64,29,71,60,-44,25,-47,-33,-3,-79,54,85,-81,-61,86,-84,-90,-74,-62,-69,-13,23,53,1,20,-6,10,46,-36,63,-23
24,58,48,-70,-22,-94,-59,55,-64,26,47,-26,-83,-99,86,91,21,-16,-76,-33,-48,84,-68,-55,26,80,-19,94,32,24,-43,15,33,40,-53,-38,91,36,17,87,0,67,2,39,-87,97,10,-87,14,-94,-70,-16,19,51,67,-40,62,8,-86,-58,-72,32,-20,-37,-62,13,-48,33,-54,67,17,-26,76,32,91,77,-42,-33,-5,-37,14,16,-88,64,26,-43,67,61,-88,79,19,-28,-64,-44,72,-30,99,2,-99,60,30
18,16,50,26,-92,-19,32,-100,-78,5,-72,-78,2,-82,-87,-57,87,3,-62,-28,84,6,94,-73,-47,-49,-43,-26,-66,-12,15,-85,10,99,0,13,50,-9,-84,17,40,80,-88,10,49,28,20,-41,96,90,-17,81,3,15,48,-86,-39,-82,50,30,-86,74,-51,-57,81,22,-99,-8,65,92,32,12,-6,28,-12,79,63,16,-21,60,-71,-80,-92,-20,-26,96,28,11,3,-87,-82,-84,47,17,-12,44,-83,-31,-57,-99,87
-60,9,31,-25,-69,-61,15,28,35,-63,39,-91,-12,43,17,-65,-14,61,-79,-39,-98,85,67,-51,-98,50,94,80,-20,-24,-30,-100,-4,-42,-38,43,11,31,6,-33,45,100,-81,-99,63,-35,25,-38,7,-13,41,8,50,71,7,10,82,62,-80,14,91,-56,23,56,27,-95,56,15,3,-51,71,5,85,-95,-96,74,28,79,-7,69,6,83,-22,-82,22,3,25,24,44,-92,52,18,15,18,-28,-80,-70,95,92,-37,9
99,90,87,-46,68,65,-23,77,21,-48,39,16,-78,40,83,-44,-72,50,31,91,34,72,-30,2,21,-95,52,58,-14,56,96,19,-17,-35,-57,-77,-15,22,37,72,-68,57,83,-73,-6,-72,70,-54,-77,64,-11,98,19,-84,4,9,3,-64,-89,-92,98,88,56,-47,-13,-20,86,41,39,7,-84,53,29,67,60,20,-93,-63,61,-87,57,-76,35,-74,-70,-12,-63,-18,-7,-64,-65,-60,71,-96,13,13,-45,79,52,-82,6
