90,-47,74,45,33,-25,13,-75,33,51,38,54,-100,39,94,46,72,6,-2,-47,-28,52,99,13,6,-82,-8,-78,-54,-6,-53,-40,18,-72,98,-16,-26,-38,37,10,26,-15,-34,55,-51,55,-36,93,-62,-86,-93,73,57,70,36,-52,-71,-93,41,24,-56,37,-45,-50,60,-45,-51,-2,-66,-100,-98,-39,69,-72,47,61,-15,83,84,-85,-36,12,-72,61,-59,-13,-93,-66,-25,-88,-19,-86,-68,-5,9,-77,3,-49,-91,50,84
-57,18,68,-67,70,-26,-44,83,-70,-50,89,5,-78,40,-13,77,100,-99,73,-2,22,13,92,-75,3,55,-42,-12,5,-74,-65,-56,39,86,-43,-25,-4,90,28,-73,-23,58,67,11,34,-71,93,-31,25,-88,-68,-69,91,18,-59,-18,39,-46,-80,-45,-70,-5,35,51,66,76,-49,-86,99,78,24,-38,-58,8,-22,-90,-17,51,38,87,-76,-52,-72,-5,-56,-62,25,76,100,65,-50,-54,81,-62,26,51,-31,-87,-83,-82,60
-22,-57,-44,77,-89,29,56,-37,48,-19,-81,12,83,-45,68,8,56,-82,4,-9,93,-44,-99,0,51,83,-52,-88,-32,-37,-33,-57,-92,67,74,4,19,47,-44,-46,66,-4,15,39,-54,-96,-8,71,46,2,82,-56,1,77,-56,-47,-33,-61,34,38,7,11,62,-50,38,65,-9,-83,42,-43,27,-6,-58,-36,-12,-9,75,63,-7,2,68,-77,99,30,94,-35,-39,60,41,-14,96,30,-43,-32,54,71,83,44,39,45,-93
86,-1,79,26,-88,-1,64,85,34,-71,41,31,6,-60,88,64,-73,-62,-32,11,-44,21,-37,-14,26,-63,62,50,40,70,89,-71,63,62,83,83,69,-82,90,-37,-56,52,-29,79,-23,-87,-38,7,-2,82,-22,-67,72,-53,45,0,-73,-92,19,-2,40,-90,80,-36,92,-100,-10,66,97,-78,-99,32,16,-69,-79,68,-24,96,-71,81,82,33,-25,-17,69,85,8,54,-58,-3,61,100,48,39,-36,-90,-59,-96,-21,52,1
-52,49,-20,36,69,-11,5,76,41,-13,98,-13,-31,85,64,66,-83,-7,-25,-92,-40,-66,94,-53,79,18,-86,18,-71,-1,98,-44,59,80,-48,-85,-100,36,-79,90,-99,-8,9,-77,-37,78,51,94,63,29,96,-70,-42,-90,77,-53,25,24,35,-45,-62,-63,-79,31,-31,-92,8,-85,89,-68,-27,-30,35,82,74,-89,-12,-12,-95,-50,-69,-85,42,15,85,15,-65,-54,-79,88,-47,47,31,47,-15,-47,98,10,62,-86,-26
75,-95,-56,32,20,74,86,35,2,2,46,93,-72,71,-72,71,-10,81,5,38,-80,-24,15,10,13,29,47,40,-62,-10,43,80,-95,-43,58,-13,63,64,21,76,32,-88,-39,2,-16,-72,96,75,-49,-78,-38,74,67,56,46,13,-51,95,73,-31,-37,60,-21,45,43,-49,68,40,-67,-74,56,2,47,31,1,6,-74,71,-37,-26,58,90,98,-3,-69,52,35,2,-38,80,-61,-54,-40,-79,-85,-33,-45,-83,49,-2,-17
-19,62,40,-86,-40,-58,12,-34,-11,42,-47,19,-51,83,-40,41,68,72,11,80,-13,-47,-36,70,-48,44,-71,41,61,-83,3,-33,-28,-27,-1,77,-94,-86,49,-76,17,-45,36,56,49,-50,-89,-63,93,84,-48,-94,32,91,11,78,-7,79,78,80,24,90,-25,-79,-51,-5,59,-22,-28,13,82,-42,36,40,-90,46,-71,-28,-36,28,65,-56,-48,82,56,-42,-59,-85,-4,90,41,-42,-77,97,-91,83,-80,70,62,86,-15
64,66,-19,72,66,-14,-72,-1,15,-21,27,-75,-49,-77,-86,40,22,-79,-41,17,-31,-43,-93,0,59,6,-33,82,-77,0,-7,35,65,-14,-93,-33,58,70,11,-84,-54,-8,-66,-97,-14,-8,-97,-3,-81,81,71,-74,-63,-94,77,23,93,-61,26,23,-53,-14,-24,-22,14,-18,-11,91,-71,10,87,-64,46,-98,-34,67,-13,1,5,9,86,76,68,50,-55,-25,36,8,-10,5,11,-69,-55,-93,77,-67,-39,-26,-94,-32,97
0,35,-5,-79,-46,77,-26,-50,13,-13,100,22,10,-72,66,-74,78,-100,-99,-18,24,-94,-40,-52,-23,26,10,58,-26,-55,84,77,36,-61,75,44,27,-89,-79,-16,-31,-92,85,-65,3,-31,-26,-8,-48,72,55,-2,-45,60,2,-57,-4,77,-41,-26,78,-6,-6,47,42,48,31,86,40,90,94,9,-3,88,21,71,2,21,46,-14,53,-53,65,32,27,98,-76,-88,-59,-6,74,-65,-72,-66,-84,-19,-27,-2,46,90,66
-27,-98,30,8,-40,-99,-96,27,26,83,70,52,-75,80,63,-5,33,-50,-37,95,-18,-21,86,71,86,24,-17,99,-86,60,-20,-32,-20,28,99,84,59,-55,12,41,90,-44,-14,-19,76,37,65,-89,57,3,-57,-41,76,-36,65,-21,-46,-37,59,-29,60,48,-50,-31,56,26,41,6,79,8,-91,-7,87,-56,-56,65,35,-93,-6,70,20,-23,-88,95,95,-74,84,-95,-59,-69,-8,-13,-84,18,0,42,75,23,-32,1,14
-17,-70,-91,37,-65,94,20,84,-24,-21,-41,71,1,10,3,15,-50,-11,-74,-60,-27,-41,59,-9,46,-78,10,-44,-72,-33,-14,66,-62,-97,-52,73,-13,89,73,-56,87,-21,-10,-74,40,-30,10,10,88,59,-19,39,-11,88,-46,31,-93,-74,93,12,-16,-84,25,28,-61,73,-82,-39,74,94,-100,-45,66,14,-56,-30,-91,56,-88,73,78,93,-42,87,-21,80,-100,26,-20,5,-62,-74,-45,30,-18,91,40,-65,50,99,-91
-39,-62,5,-2,11,48,-66,46,36,-7,14,30,-93,-50,55,41,-68,43,-17,93,36,78,-8,-96,6,-74,52,-70,-76,67,-3,56,96,18,73,13,-22,2,55,85,-6,100,-6,-57,5,77,23,-63,-53,-86,-61,-45,-57,-49,67,-38,15,62,47,81,44,-4,-92,-30,10,91,-82,40,-12,-75,39,-47,26,-45,88,63,-44,-25,-74,33,43,64,-59,-79,-99,-72,-30,-73,-58,24,32,-61,67,-12,4,-24,-78,-34,84,-94,-61
82,16,-99,-65,-39,-28,-29,51,30,-10,-7,-10,52,36,-54,42,-78,-58,85,-27,91,28,-78,-72,-35,-52,10,-57,79,91,3,49,-62,35,-70,-24,54,66,-58,87,39,-99,-77,90,-18,-30,33,-44,70,-22,-87,11,64,-12,83,-50,-73,52,4,-22,-28,5,35,50,-51,-37,88,78,89,20,69,-86,10,-27,33,-84,85,-94,-80,42,-19,-5,56,-88,86,-92,-51,26,-80,43,77,-25,65,-36,-85,99,30,46,-33,59,-41
-96,-73,39,-12,-5,-96,-9,-68,-66,0,97,-61,91,-30,82,83,58,-24,-12,55,32,43,-24,25,-4,-1,-11,3,79,-53,26,46,77,90,-61,30,-62,-30,10,56,-90,-2,-78,-95,50,-67,39,41,53,50,99,75,-81,-23,-27,17,-24,-11,51,87,98,56,32,89,-53,-43,83,20,27,-16,-45,36,38,94,38,59,-37,54,-30,-56,17,72,77,-27,62,86,-32,-55,31,-98,-91,-11,-79,-30,48,-70,18,-67,86,11,73
20,-49,-7,96,7,-19,18,4,-43,86,-76,78,5,-2,68,16,43,-33,32,-23,59,36,-24,2,4,82,6,-32,32,-94,-12,-60,69,-77,-1,68,74,42,33,24,14,-55,66,95,-82,34,-92,29,-25,-40,-33,-22,-32,30,100,-25,-50,99,-66,61,95,63,-28,-72,-8,28,-63,-80,-28,34,-23,-89,59,9,84,46,-69,84,-57,-10,79,47,77,4,64,36,-66,-21,33,-21,49,99,19,-75,-10,-13,-83,47,30,-31,-4
95,-8,97,-100,-66,-7,-66,15,-86,-38,-49,-78,42,43,-31,-53,97,-66,-3,-81,-35,-28,-9,-67,93,53,-97,0,-12,45,21,-42,42,7,-85,32,-59,-60,53,-40,-19,-10,-32,-87,84,-86,89,13,-89,74,-44,72,29,-37,-44,-17,57,39,-5,87,80,37,22,-54,-9,-51,-83,45,-10,-58,68,-39,-47,-45,63,20,-53,-7,23,98,51,42,47,51,57,-43,-17,7,-27,-51,59,-82,-80,-96,-21,-86,73,-56,25,-8,59
60,25,-30,71,-47,80,36,41,13,-59,18,80,74,42,-67,-35,-46,83,-31,96,-86,-69,44,97,66,54,20,98,-91,-84,-15,-98,98,30,43,-60,70,-59,11,-84,-3,29,-16,-86,-31,-58,35,43,29,-98,35,86,-57,-89,-13,43,87,-16,-56,-39,-13,64,-22,-17,2,-80,-41,35,-40,82,-12,41,1,-38,24,-89,73,-11,-40,2,30,-73,-63,-94,-29,-61,-95,-98,100,38,-41,-53,43,24,100,-32,-98,4,6,-54,-46
3,95,-27,25,-1,-62,90,-52,-50,6,-2,-15,56,1,-1,85,-5,-20,82,66,17,-94,90,-46,98,35,82,-29,76,-77,84,-54,-47,58,48,-28,-12,-47,55,40,-37,-38,5,22,-100,63,-69,32,-17,71,92,-50,78,-10,78,-39,-25,83,-29,58,72,-72,47,34,-9,-42,-8,28,10,-84,3,-53,38,66,-33,-4,10,-63,100,15,-87,28,-58,-94,35,93,-28,27,-30,19,58,-50,-15,-20,69,-92,18,-8,-64,-24,44
-49,36,-35,-50,-43,12,12,-50,96,61,42,46,-6,-80,-5,-64,100,-99,-76,-26,63,-70,-13,44,78,-47,-30,42,-83,-5,-34,73,46,-79,29,5,9,86,-8,33,86,86,39,5,-24,92,9,67,-93,-78,36,90,-39,27,42,-58,-81,-16,55,19,-50,-52,-58,49,99,-57,-16,-89,-68,87,77,34,1,-93,6,78,53,78,7,97,41,87,33,-40,-53,2,49,-14,-25,79,-78,49,3,79,80,62,1,-49,29,15,97
3,38,-2,29,-89,-46,-14,11,-80,20,58,-99,-44,-81,83,-50,-87,-94,59,73,-8,-92,-93,-80,78,83,69,15,-64,71,80,90,37,-27,-77,100,96,-6,89,50,-36,-73,2,-89,-57,-72,80,71,95,13,-33,26,-27,1,7,3,87,-63,32,-70,-99,13,80,-50,-83,-75,59,-18,47,-13,-94,67,4,19,57,-8,44,76,-3,17,75,-24,-100,92,9,21,-35,23,-24,-72,-31,10,-31,-17,-28,-91,17,-28,-1,-68,-76
-44,95,-42,100,70,-74,-73,91,60,83,-38,96,-26,98,35,32,20,-76,74,50,41,-95,-1,92,-11,-19,-67,-8,-38,17,31,-63,44,51,-7,4,-89,-48,-85,-39,-89,62,17,11,-89,-62,-38,-23,-60,74,80,-44,96,48,52,61,-90,-13,84,-89,43,-23,-15,-26,34,-68,-64,12,67,-25,71,-26,15,41,-25,-73,68,23,-29,-1,43,-27,90,89,50,95,-45,-94,-25,-25,12,-35,0,-96,-11,-39,35,-6,26,-76,-29
3,-89,42,-80,11,57,-25,-52,-97,8,-10,90,92,46,-30,66,-59,-78,11,-100,53,-63,29,-82,-55,-46,96,-62,24,-84,71,-6,-48,-58,33,96,-48,48,-86,47,41,84,91,29,-23,-27,54,55,-19,24,62,56,-85,-10,70,-41,-95,-11,-95,26,41,91,99,68,-64,-17,-11,-51,85,34,-64,-2,-14,-19,-54,10,41,71,42,-50,-98,70,25,-33,-6,-81,12,-87,39,4,22,37,-73,82,-17,-97,-31,-74,-15,-70,39
68,12,-5,-8,-79,31,-38,-92,-8,99,-3,8,-62,12,-48,-48,-83,-79,2,-53,1,-70,-9,62,1,-12,-43,30,-97,67,-99,21,68,92,3,-2,-7,-65,-66,6,89,30,19,74,87,60,-5,-76,49,-7,63,4,-66,-96,-72,64,-69,-22,-100,3,-60,77,-32,40,65,-54,-10,43,-81,-33,-48,28,-51,-84,-33,64,-26,-50,-6,98,82,50,-72,-11,-95,-63,49,-86,0,-71,-87,9,-22,28,-78,74,53,-33,-24,76,97
-24,-2,-35,46,-44,74,78,3,24,-27,62,-51,99,-74,-99,88,81,95,39,-41,73,-46,80,10,-56,25,-12,-12,27,12,29,82,95,13,75,90,43,16,-17,-12,-28,92,-46,-47,-28,16,60,58,-80,61,83,-20,-96,-74,-73,-71,84,-1,-54,-81,42,91,15,92,37,52,-51,98,-57,53,-5,38,-84,-3,-4,67,23,76,-68,26,-4,58,-7,100,2,-79,26,23,72,-78,-64,-40,-45,58,-46,43,-29,-32,-72,-70,-60
72,-1,-87,-60,-4,-38,36,-37,46,-100,35,-34,84,-50,22,79,81,-47,6,13,-70,-90,-36,76,-92,73,-9,76,76,-17,49,-68,-64,-55,-40,15,76,31,78,-13,90,-100,-59,82,86,24,59,62,-73,-14,31,-88,-19,-19,69,-10,-68,50,99,-51,72,-2,-89,66,9,-100,27,-59,-15,-16,84,91,3,-66,-54,81,-1,49,57,-39,18,32,44,58,-93,59,17,65,-49,-89,49,24,-6,-71,-67,-25,73,-39,91,28,-44
-16,-51,97,-27,80,-29,27,48,-61,3,20,91,-38,96,44,-80,97,-22,-23,45,61,-78,-84,-26,-55,-85,81,83,-85,-87,78,62,8,77,-44,-49,52,93,-23,57,93,96,-37,42,40,31,-30,-92,-17,54,39,-52,-91,-19,43,38,72,-27,48,26,-56,57,39,-12,82,81,62,-9,-87,-76,-61,-7,9,45,-56,13,-39,73,-81,98,30,77,40,-28,-65,96,40,-93,80,-84,2,-42,72,99,-83,87,61,-26,-83,5,26
-22,6,21,-66,-49,-45,-15,-34,74,-40,38,16,65,50,-64,14,-50,30,4,-45,18,-7,-73,-81,53,-88,54,-67,97,5,31,-38,-34,58,-84,-30,53,50,-56,92,70,88,7,-22,19,54,7,25,-42,15,-41,-27,86,84,-29,-11,-2,52,-35,-81,43,-56,-35,-10,6,-47,81,-67,-4,43,89,59,-77,74,-88,-11,20,-57,-93,89,31,-52,-63,49,-88,61,-40,48,-21,70,91,18,61,39,91,58,47,-55,81,-52,-17
-82,-86,85,94,-11,8,-55,-1,34,15,83,86,52,48,31,82,-9,-83,-8,66,22,54,39,-28,-14,52,-31,0,-83,45,9,-37,-61,13,33,-36,40,-52,-58,-6,0,-38,-44,-19,3,100,6,16,36,-25,-51,-77,10,-6,10,-7,-57,-63,-35,38,21,84,-97,81,-30,-93,-91,-86,11,87,89,29,-27,97,-30,28,98,61,-97,15,-47,-100,73,-7,-100,-46,-17,74,48,-7,-1,21,-47,38,25,76,-14,-27,30,30,-77
81,-58,73,-69,55,-1,23,76,-22,54,-53,2,99,-67,-19,-81,-9,84,96,8,58,-82,31,-56,45,-68,-12,38,4,85,-76,-20,-54,83,-99,-76,50,61,-74,41,73,-41,-32,91,-18,-99,-6,-69,80,29,-57,-81,78,29,52,-64,-35,-77,-35,-84,-98,93,-88,-74,-67,96,-44,26,68,-72,51,1,-23,16,28,13,-79,-22,62,-90,28,91,1,55,23,-40,46,95,-48,37,94,-11,61,99,12,-58,-46,83,26,99,-86
16,93,-17,-45,95,-68,-42,13,59,-12,93,-11,-14,-12,-82,17,73,-5,30,67,33,74,-90,-84,99,90,-13,85,-9,70,67,70,43,73,43,-11,82,30,-83,12,10,-19,6,94,-63,-83,19,70,88,85,-24,15,20,-27,-4,-4,-24,26,-11,43,-35,63,82,14,-92,76,-34,43,-74,66,-4,-55,33,58,82,59,56,-8,32,100,-75,-84,84,93,-9,-69,64,-95,-88,-74,34,38,36,-90,29,-37,87,-42,94,80,-94
99,43,-79,60,31,-72,-57,-73,-14,-32,-36,4,70,-65,9,44,-59,64,-56,15,51,-69,36,-54,31,-8,-23,-47,84,57,30,-84,30,32,-39,-3,-16,-65,38,-83,-44,90,-42,-84,9,-95,2,-92,-98,25,71,-62,-24,93,71,-65,-46,-46,11,-30,75,58,-87,-24,-95,-88,-54,-59,96,-60,64,-96,23,90,-17,-86,-29,46,4,99,-10,-17,-9,-50,60,42,-29,10,-10,82,-21,79,61,-19,-21,-95,22,-69,18,8,22
23,100,4,-17,-54,35,86,-14,-71,-82,-41,40,-39,41,38,-76,-27,49,69,5,4,74,100,-71,33,-51,-20,35,-87,-25,80,-84,-93,68,73,97,-96,63,65,-30,-84,9,-13,65,63,-53,-78,-17,-22,-17,-26,-2,-60,-79,86,-81,-83,-29,5,-16,-57,-76,-95,40,98,25,-38,-1,4,2,-89,-81,6,-78,98,37,44,-20,25,11,67,45,28,54,7,96,82,84,-25,96,67,95,-51,5,-44,-84,73,61,-86,-59,-30
37,96,20,-53,-43,43,-52,18,16,4,-26,54,2,-26,-53,-77,12,25,18,25,-65,99,84,24,79,-56,39,-23,3,67,9,-94,-43,-5,22,5,43,24,73,47,-55,84,-47,-85,-25,-83,59,8,32,14,-57,45,-28,-78,-34,-3,-51,-80,77,29,8,-70,-95,-60,-80,16,77,-54,41,-45,-75,92,76,-93,-5,2,40,96,-11,-49,12,-4,-5,63,23,-44,57,41,-95,21,-72,96,39,-51,-61,-68,80,48,63,0,55
-39,-54,-82,-41,93,3,-17,81,24,-15,-91,42,-25,-39,-20,-84,47,79,-59,52,-32,58,29,44,-95,-81,-21,-72,-85,22,95,-18,-78,68,-39,76,32,-85,83,49,68,82,-12,98,84,57,5,7,-35,-98,-13,-89,82,61,86,-47,38,94,44,-19,-97,53,0,78,18,-99,-30,62,77,38,-26,-44,-80,-46,97,72,-74,56,82,-40,-61,51,-48,-51,-76,40,33,72,30,-77,36,-74,21,-94,-23,-88,72,37,-25,-33,12
-19,-72,88,70,77,-20,-63,-20,-21,-75,63,61,25,-58,-64,-21,71,70,81,-55,63,-40,24,-37,10,84,94,-51,-23,-56,-73,96,-3,-22,-75,-3,64,98,23,-19,-81,-85,35,-99,-74,-19,-13,-98,84,-90,10,31,70,-84,76,98,-68,93,3,-3,-65,-57,21,-42,56,-27,50,-81,8,-83,-48,-97,26,-15,74,-17,78,50,-33,6,41,-7,-24,73,-8,-13,-87,-79,75,-54,-67,72,28,-50,97,-24,59,22,-36,80,21
-36,-54,-30,-1,-95,-78,50,-76,46,-80,-64,-87,-10,-54,8,87,1,36,-100,9,57,5,-43,58,4,93,-14,-78,-53,64,60,-34,-10,44,-51,-8,57,-6,-50,-44,69,-65,-30,-14,63,-20,92,-95,64,-75,4,94,40,-76,27,-23,53,-98,-64,0,97,-17,42,-1,-64,-83,77,75,1,1,93,-70,-26,59,27,48,39,-48,-46,-30,42,-88,62,-67,-38,-24,0,-6,55,-24,-30,34,-10,57,61,-7,-18,-79,25,91,33
100,40,90,-66,72,-17,-56,-74,-9,-63,0,-19,84,31,60,-23,-27,-19,31,17,87,-36,-58,-72,-5,-61,-20,-77,14,60,-40,-25,15,-71,50,87,92,77,47,-4,-84,-90,-100,-52,-23,63,15,35,-31,-24,31,-54,48,86,67,67,-5,-4,20,3,-35,14,-27,-6,-29,-18,-91,27,4,50,81,-89,43,41,-71,-24,37,-98,-15,77,-93,11,-63,-79,-65,13,-64,33,73,12,-99,96,-68,40,-8,-80,48,-28,-34,-74,38
-95,-6,50,-28,16,-100,-31,-72,-57,22,-28,56,-88,12,37,15,-20,38,-51,-29,3,-56,27,-96,-24,1,-77,5,44,47,25,-46,-46,39,-65,-88,23,83,17,53,-78,-10,5,90,67,74,-92,46,26,49,87,-41,-52,-26,-66,71,-73,70,82,99,-72,26,75,41,90,75,-17,-5,-62,70,24,-60,-99,-39,-86,25,-24,81,-93,-39,49,42,54,81,74,-90,-62,-54,13,72,65,66,-48,40,-44,5,-18,90,-74,-41,24
-65,41,8,-70,-48,-89,-99,79,-33,63,91,-18,-4,33,-57,32,-56,6,-64,74,95,46,79,20,-19,80,83,-99,-80,-87,-78,-98,-15,-31,-98,-37,86,-90,-70,-42,-44,-47,-55,-35,62,9,-37,-37,17,7,8,-21,-81,-39,-53,26,16,-23,-35,71,-46,3,-55,-97,-90,-72,100,34,52,-43,73,20,-70,-79,14,33,17,-19,76,55,-32,-75,60,-9,44,67,-81,57,-22,-11,83,-91,74,-79,99,78,-17,-8,-70,-55,10
78,-42,3,-82,-38,-2,-46,76,-94,-45,25,57,-14,5,-62,-61,-2,53,36,24,25,-49,36,7,58,77,9,-98,47,50,43,66,-62,30,-79,-23,91,-5,-81,-98,-78,54,-91,65,11,-53,15,30,64,-38,79,33,-32,-26,23,77,58,-51,50,94,100,-72,-76,-86,24,-52,-40,-51,64,-99,87,94,56,-40,30,-79,49,16,96,87,47,20,-68,44,95,73,10,49,11,3,-3,-65,-3,14,-38,-2,-19,8,38,98,35
-98,-90,48,-39,-57,-9,-35,76,-90,-36,32,-83,81,42,-38,80,-12,-67,53,40,-62,5,-2,-10,-93,30,-3,88,-86,66,19,66,-88,54,36,-59,45,15,-88,53,22,-41,48,-44,62,-80,-73,18,-63,30,-87,42,88,-13,-81,85,-46,94,42,66,-43,28,40,-11,-28,-40,89,79,62,63,84,62,-9,-40,73,-23,60,-10,-34,40,-6,22,68,-27,-68,39,1,96,-15,50,100,-86,17,44,43,-64,100,-41,33,-48,99
49,-88,-30,-72,91,-93,-84,-1,-33,69,36,88,-15,1,62,-3,70,-9,-26,-37,85,55,-66,-93,-27,65,-39,-98,-33,-11,-14,-80,38,-31,94,-40,-3,-96,52,88,-84,98,-53,97,-51,95,-12,62,62,99,7,-24,20,70,-55,78,-11,28,8,84,56,31,-94,69,-88,-74,24,-84,32,-67,-83,-6,22,70,-70,-100,-11,96,45,8,14,-97,79,6,0,75,34,37,-1,32,-86,-78,34,74,75,-73,87,-22,26,-79,38
-57,59,87,60,-36,52,-30,-55,64,-9,-74,-66,73,-59,-45,-60,-34,28,42,26,-11,-54,82,-67,15,36,23,32,17,-2,60,-80,15,81,10,-89,-10,61,87,94,-66,-94,23,-75,83,29,58,6,36,-22,44,33,-90,-55,-33,-14,73,-54,-85,90,-24,-47,-8,19,-38,54,-13,48,49,-10,78,-91,20,10,-45,61,-7,-71,14,74,92,-59,23,-99,-41,-11,-3,-6,-68,-65,56,-30,94,32,-34,-76,-3,71,-41,-35,96
-88,-5,-69,72,-28,-92,-2,-37,-72,-8,68,-42,85,52,-66,10,88,78,-31,38,15,28,-76,78,-84,-17,-48,-65,5,-89,67,-70,-86,24,-16,90,-41,-84,-15,-22,-87,14,-18,-23,68,-39,69,55,41,-24,-81,61,51,-98,-20,-37,-52,38,-48,54,83,95,16,91,-60,28,82,47,-40,38,-38,11,-83,5,-74,-81,-65,-99,-19,-93,-15,-61,-21,-53,62,-42,-6,-13,7,14,-1,89,-17,-98,8,-62,-40,-76,-34,45,-97
-99,-6,-1,-46,40,-40,86,71,-21,-87,-64,24,59,61,5,-88,-87,58,-4,-24,50,14,64,10,-19,0,-24,45,80,85,5,-92,74,0,69,-89,13,2,-50,-87,26,-1,47,80,-62,55,-14,25,65,-66,-16,83,22,-80,-32,86,76,92,-50,-21,15,12,-72,-88,-5,-9,-53,-23,-62,-84,-94,-16,24,27,45,-89,-14,46,-49,88,81,97,43,51,-65,-64,-15,49,13,46,-38,63,97,-34,43,-34,79,6,-15,16,96
17,-76,77,37,-13,47,-16,-92,-24,-6,-75,-61,-10,-71,-36,83,-91,-39,-36,-60,-82,18,-11,58,99,-86,-85,-15,39,-80,8,-52,35,32,99,-97,-69,-17,-27,-52,-94,56,7,-6,-29,38,54,-17,-92,-69,43,-14,-76,28,24,-54,26,9,-13,-23,-97,-41,61,36,83,-71,-16,13,-57,45,58,26,-47,-84,-63,-64,58,25,67,-43,21,25,-17,-47,-21,-75,98,31,89,37,29,-28,-5,-71,-11,-89,88,6,68,-90,77
-60,-7,-12,89,-11,-11,13,56,-9,6,-46,-75,-63,92,44,-26,17,-77,-66,76,11,-81,-6,-91,44,59,65,-54,-14,-51,96,27,86,50,-71,65,35,-72,32,39,-88,-41,100,69,12,65,9,24,11,-75,-24,-84,46,2,23,-98,98,-33,91,82,8,-35,-17,-44,-56,81,-26,76,28,74,13,-47,72,35,8,-76,84,-82,61,44,-17,-93,92,10,-1,90,87,-21,58,39,-80,-17,11,-86,-1,17,-50,64,-62,40,36
91,-7,-62,-46,63,62,34,-41,40,-49,92,-72,-37,-65,-61,99,1,92,58,-61,-46,4,-72,88,-4,-34,81,82,-17,5,-70,-26,-9,-80,-41,77,-20,77,-18,-46,-59,3,39,22,-42,58,47,-3,-2,-47,-33,-67,-39,58,-72,37,34,-36,-82,31,-52,15,-9,-9,-11,-18,54,-9,7,14,-95,-7,14,-33,68,82,86,-83,94,-83,93,-65,54,-86,7,14,38,38,-67,-85,-96,-4,-48,25,-61,37,16,-17,11,-78,-85
32,-26,87,-45,80,53,-50,-55,-68,-59,40,97,93,38,-72,48,-34,-34,23,-27,74,16,-29,93,31,13,8,-60,-23,-20,82,-98,17,33,40,41,-9,-60,-67,-50,-21,3,-34,-91,-98,-28,-85,-29,44,-23,-91,56,69,83,43,-49,-38,-92,33,88,51,42,81,47,-69,-68,-69,78,73,27,57,-64,79,-43,-23,-81,12,64,-72,69,83,-46,59,-15,-87,-37,76,70,-59,-99,92,43,79,-15,-54,87,-17,-36,-51,21,11
-27,12,-18,-56,59,-20,-47,38,46,41,-72,39,91,5,-42,-8,-12,38,50,-13,76,-91,-56,42,-93,-36,78,77,16,17,22,42,53,48,11,-62,-91,-85,-60,71,92,95,-48,24,-30,15,1,-54,-11,-54,32,-87,-68,8,93,95,-90,-9,45,-1,-27,-89,84,-2,-42,42,-28,-46,79,63,-42,-45,-43,-13,66,-71,10,-28,2,90,-12,-89,89,84,76,83,65,-19,50,-19,87,-22,81,11,-46,-93,4,72,-2,-55,3
-47,100,-75,37,7,59,-27,29,3,-75,64,28,-34,77,-46,69,-69,82,32,47,31,-11,86,-63,-4,90,25,-74,94,97,-5,-40,-81,-84,-5,-59,95,3,-76,-67,-4,-22,10,11,-100,25,97,32,69,-16,-14,29,32,-84,-17,-59,-3,27,-72,-28,2,5,76,-24,10,8,-70,-72,26,-81,-76,8,-30,-24,-43,-3,65,-14,-46,17,-83,-64,15,36,-51,-92,-86,-89,33,44,76,-86,29,31,-73,82,-47,34,65,-78,-33
79,84,86,28,82,17,-96,-38,-97,50,-75,-24,52,26,83,49,97,51,-10,-81,-67,-50,-86,-19,71,-30,74,-12,87,64,63,94,-62,71,58,-8,-83,45,91,-90,-28,-25,37,-86,5,66,-95,62,65,99,-85,-66,-69,-90,50,80,-65,-60,65,22,22,9,21,-6,-38,-60,-78,-9,59,79,-34,78,-82,-64,-27,47,-54,-69,-78,-15,75,17,-69,69,26,-21,18,-40,-1,-50,29,9,-8,-96,68,31,-28,89,-98,-48,-4
82,51,72,2,99,-100,48,-65,90,74,-52,-44,-78,-87,88,-97,41,99,37,-65,-8,-77,24,29,57,31,19,70,-5,-99,5,-28,26,-69,52,-59,79,16,97,-27,28,-82,97,81,-26,15,35,91,18,94,89,8,-27,-25,-13,17,65,36,-54,-60,-28,54,97,-34,-47,60,31,-67,98,-78,72,-16,-49,-71,17,-92,18,-81,-18,83,22,-59,-16,94,-51,94,-73,-77,-22,60,82,-5,17,-47,-28,85,-73,85,61,97,-33
25,-93,-5,59,-88,-15,28,40,-3,86,-78,37,-32,-24,17,14,-48,-86,80,55,-6,-97,-59,93,9,96,91,52,84,-49,-47,81,-57,57,87,-67,-48,2,-37,-4,-74,-64,-76,-20,74,-4,98,-46,-33,43,96,49,-78,-89,-29,24,58,53,-50,75,-63,14,-44,53,87,87,41,31,89,-30,-94,61,-66,-81,-80,36,-62,64,77,41,-49,-94,61,-5,-44,97,-78,-35,12,-10,75,27,48,-33,20,91,-97,-23,45,8,67
27,89,-86,-88,95,16,-53,-2,-63,93,72,-33,74,49,-55,-10,-46,-97,10,51,-70,-80,-41,-82,-5,-91,-80,51,-90,88,-75,31,-46,-1,3,-2,-86,88,-10,-69,-5,41,98,-7,-82,-98,-48,62,87,-1,-42,-70,-54,19,37,-4,59,87,12,-16,43,-64,-8,36,88,15,24,-39,-77,-92,-10,-23,39,-12,-87,8,47,9,6,-58,10,-31,62,-7,14,-76,73,-73,-46,23,-17,-96,-11,16,-87,11,-94,83,51,86,21
-3,-50,35,23,-21,-73,-100,69,34,-47,-75,35,-34,-69,29,56,68,25,-70,27,-99,7,80,36,42,54,-16,-28,12,-15,94,-94,62,20,88,-49,33,-75,91,-76,-28,48,71,64,87,95,2,9,8,-54,68,-84,-1,35,80,-57,61,15,72,29,71,91,68,-37,-13,-14,-66,4,-40,-96,-33,58,-2,-60,-35,-49,79,-20,-28,57,-43,94,-80,-100,62,75,-32,26,88,89,-90,38,-51,-100,64,-34,35,17,45,84,-34
37,-36,88,-63,-53,7,-29,-76,61,-17,-59,66,30,-98,95,25,-11,-14,92,69,-35,78,-6,-71,-90,99,76,41,62,-16,-22,83,-65,-4,-12,-32,49,76,-42,-97,-47,67,-91,-56,-29,27,-23,71,77,-98,38,62,-46,52,-90,33,-22,97,37,-6,59,0,83,-9,-66,-97,79,79,4,-53,15,-85,11,31,-73,-24,95,32,22,12,-20,14,-97,-49,-99,-53,-97,-98,13,-61,-83,77,10,-91,53,-92,-75,66,89,63,-10
57,-1,-41,27,21,-11,-29,68,-25,69,63,-26,-70,-90,18,-90,-37,55,0,83,-20,38,26,89,-50,76,70,-66,91,-24,34,-41,-21,89,90,41,-2,-37,-25,10,-84,-72,93,-8,-82,-27,-17,35,-87,27,-60,4,-80,24,-91,-55,-92,-13,-94,-83,79,-93,88,-93,37,47,-86,84,-27,-77,91,-32,-19,-28,-58,38,48,-37,-38,-32,45,-98,87,-31,-57,97,-26,97,76,21,-14,42,-83,26,-80,0,-51,76,85,-90,-66
3,-37,96,-88,-64,0,-26,-27,-97,-12,-64,-31,-81,-69,57,45,-51,-8,44,34,44,-31,77,-6,97,-3,-13,-49,63,13,-48,41,96,29,2,-31,20,-32,55,-44,-57,55,71,-54,78,43,-72,-97,71,74,54,77,-61,48,-51,-38,47,-36,-10,-90,7,-32,-98,50,-55,65,-89,89,38,14,-42,-58,37,62,-59,76,-65,-40,-57,-6,-93,86,33,56,69,4,-94,28,66,-2,90,-34,-34,65,-42,76,68,40,-14,2,56
-17,-43,31,-13,81,52,0,15,-38,-43,6,-37,89,-40,95,69,-28,-78,-26,-17,-14,-82,-18,73,72,-9,-73,-44,-61,31,71,20,22,-83,-64,-76,-34,-79,-92,28,92,-77,98,7,-57,91,-15,13,98,-47,-88,-6,65,-92,55,-46,15,-46,23,-84,-25,5,50,29,-46,-86,31,62,54,69,99,87,38,-15,100,6,50,-70,-28,-28,75,2,-53,39,-91,-97,-8,52,-93,41,55,55,-13,59,-1,-26,3,28,-85,-92,51
24,76,51,-27,24,0,30,-55,-83,-36,24,29,-20,56,-15,16,-17,81,-38,77,-47,-91,80,-73,35,21,44,6,99,78,12,51,91,43,92,-6,84,94,-73,-73,56,72,-69,-56,-34,-78,71,-2,-32,91,-27,-51,14,19,-25,12,43,-28,42,-65,86,4,57,-75,61,-70,-12,-58,34,51,-70,34,37,41,-87,-7,3,3,53,-86,-70,96,34,100,-71,-43,17,15,-98,97,72,-93,14,-59,-26,72,26,79,23,-88,53
97,-25,-54,-100,-77,-38,67,71,-81,11,0,49,50,49,91,81,21,97,-55,82,-81,30,-34,-32,-86,-95,75,-91,82,-46,-49,6,-26,-48,97,-64,89,-21,-43,-46,-28,16,-26,34,-23,-56,75,-71,-48,71,70,-1,-97,-46,45,-15,-73,53,-54,82,-15,63,-10,29,87,70,50,-34,-89,-82,-96,73,-72,-35,-18,-78,-77,4,-24,-26,-41,39,-99,40,91,39,79,-76,-22,99,-77,82,-34,29,27,-84,61,-81,98,-11,79
36,81,93,4,-69,99,34,5,20,-83,78,29,-93,36,-94,-31,-54,40,-19,88,18,12,-46,-57,-25,-96,86,-22,1,-20,-45,-40,-91,61,71,51,73,-98,-76,97,-35,-96,-55,62,-59,-81,0,26,60,-87,-89,-87,51,-12,-35,-25,66,-82,12,-33,5,73,-36,7,-41,69,32,35,-16,3,50,-23,-9,-47,34,95,39,79,34,-19,-95,32,-59,40,34,69,57,96,-87,98,40,44,-83,-7,15,68,3,69,77,36,-33
-47,92,36,10,-15,-58,71,-9,27,67,-87,14,28,-52,80,39,-93,-2,16,33,-76,76,-80,-99,49,23,-64,-88,-90,-37,82,62,97,46,91,55,-57,14,-96,83,91,-84,-74,16,54,10,-72,-32,-81,-99,-39,54,-40,-29,47,100,94,85,-64,-33,71,-13,10,-67,68,-23,-89,-38,69,-5,-12,-88,-33,2,-68,-37,-90,18,-88,-17,-7,81,-79,-10,86,-57,38,78,56,26,-95,91,-45,15,-92,52,34,-86,83,-44,-46
-95,85,41,41,52,92,-25,88,-79,36,-58,-59,-39,98,76,67,72,-95,-69,-18,39,61,67,-7,-92,60,-47,-92,56,-75,20,-34,4,23,-25,42,-79,-57,-73,-52,90,50,-78,69,-45,-90,87,94,-8,-59,-94,-66,-67,16,-80,64,-25,-79,43,-43,-98,-96,91,85,-93,-30,-46,-2,-69,47,80,37,-51,38,-43,96,-2,77,38,46,-67,-61,-99,86,-82,54,83,-83,28,57,32,-65,82,91,-41,-45,-80,59,95,42,4
-32,13,-58,-94,-55,-80,-11,20,-31,-17,24,-43,-9,-71,9,35,-63,-69,13,-45,86,-94,33,-51,55,12,-22,-78,-37,90,67,-50,-40,91,43,40,-11,30,-72,11,-62,53,-29,-1,-48,39,-13,-22,-63,-77,-13,-46,64,39,-56,83,-45,85,5,92,-37,-56,-5,74,-43,-43,57,67,-95,29,70,-94,-21,-81,-48,-8,83,-51,25,-92,-29,-95,-66,-87,-39,23,-94,-93,27,27,66,50,74,100,9,77,73,-77,-13,78,-92
18,12,10,-12,82,90,45,-24,-32,85,-81,-45,88,14,-52,76,69,41,32,-31,-31,35,12,54,-62,29,-78,-36,9,-89,90,-62,-50,-53,11,54,32,-28,-83,67,91,-43,-14,68,-45,70,-10,35,-1,74,-72,24,-94,78,6,-32,-84,39,87,82,92,-56,92,-7,10,-75,61,30,-82,-89,34,-80,19,54,4,99,79,81,-70,-65,36,7,-40,98,-69,-39,-88,95,3,24,90,-34,37,71,-43,-76,26,-62,-47,40,-91
12,-51,86,48,-42,-68,98,18,-22,-99,-42,31,-19,-39,15,16,-81,-7,29,-11,24,69,16,98,-54,60,43,-8,-15,36,72,-90,-30,97,89,-68,-70,43,-23,71,-97,-72,-93,-72,90,-8,-87,-14,48,71,-24,59,83,-68,-40,40,92,1,23,-61,4,-100,-98,26,-9,44,-37,-24,-59,7,88,-90,-75,25,60,-95,78,-68,85,61,-41,97,32,44,-72,83,76,49,35,-40,-23,49,100,-13,88,9,-55,-50,41,-89,12
11,-72,-77,25,22,-29,38,66,21,-89,-19,-28,36,95,77,-68,90,25,93,-67,-51,25,-70,-2,-74,-42,-31,31,-96,-15,14,2,47,-55,49,12,-67,-100,1,70,-77,12,-3,3,35,0,82,22,43,58,67,50,81,100,24,-99,-1,-10,-42,47,-40,-50,28,-9,98,67,94,19,47,88,58,-85,-17,-61,37,62,-43,18,-77,64,7,-41,95,30,-7,43,-27,73,-1,-100,-59,-47,-89,-64,-2,89,-3,-46,-43,-80,35
-63,-60,64,65,100,58,-49,-35,32,36,-34,-46,84,62,-95,22,-26,76,58,93,14,27,-17,-28,-56,-35,-6,-46,25,40,13,-74,10,-83,-77,91,40,33,-38,83,-26,-22,26,-11,77,9,36,-85,2,36,-1,88,38,48,-45,-91,60,54,58,-16,-43,4,53,67,-82,-41,77,41,6,17,-16,4,-87,44,53,-42,-32,16,81,-32,38,5,12,36,28,23,-85,-83,57,46,-57,-71,53,-38,-16,99,-77,-37,-56,-40,-57
-100,-6,-26,45,39,-70,-94,-36,-33,42,-71,-34,-100,97,-13,13,-8,73,46,-45,30,-80,-69,-65,63,-77,-50,63,-13,72,-18,99,82,19,-95,-34,-11,-84,50,46,-52,68,44,20,-57,91,6,6,52,-62,-40,23,-81,-70,65,-83,-34,-87,-13,-6,-42,65,78,29,-26,-56,92,23,-57,-63,54,-25,50,81,-64,96,11,-13,-45,73,28,-78,-80,99,63,69,97,-69,59,76,16,-91,-23,83,-12,-69,-82,61,47,-84,90
65,-46,38,20,24,67,21,81,24,-80,57,81,20,45,56,47,-17,21,-97,-49,-48,1,0,73,6,-72,2,-88,-33,88,-39,-3,-19,60,-9,13,-34,-2,-3,14,-56,-81,-86,-86,-1,-41,-3,-9,77,89,-71,84,-22,4,-99,52,-56,-63,30,68,-83,-53,-27,-9,79,-91,-2,-97,36,-16,-44,-13,88,46,94,-40,-46,53,96,-9,8,5,-67,-89,-60,44,-23,-12,-14,16,-92,-35,50,87,-60,25,99,-13,-40,-52,-7
53,30,5,82,-34,-69,4,-67,2,0,-8,-8,-74,-43,16,83,-91,41,-94,29,87,-33,-14,85,74,-10,7,78,56,52,-71,71,-7,88,-83,-51,2,22,54,54,-69,11,21,84,88,91,-47,66,-73,9,68,-83,-83,-83,38,-98,-58,-99,49,-32,55,14,-70,-98,-26,-32,3,96,12,-20,-45,95,-57,-83,-87,20,-33,20,-66,64,-33,-42,-84,-71,67,12,-59,20,-53,91,33,29,-83,-72,-45,87,19,-93,50,1,-89
97,-98,-7,45,89,-69,-39,66,-81,48,5,-40,-8,-64,-17,22,-49,51,-31,19,-43,17,10,23,40,-60,-46,-13,-71,34,94,-75,-31,-73,55,-14,-4,14,-15,-66,86,47,-43,98,66,-61,51,-22,-43,-92,26,-24,-14,-70,-13,80,83,-14,36,-68,-15,12,-6,-28,-49,-46,-96,6,68,-65,-79,-4,71,59,48,-95,-14,-75,74,-79,38,0,64,34,-1,-79,54,25,-15,24,84,55,98,57,40,100,-6,-20,6,85,96
-90,-60,-100,-36,-18,-47,-59,-52,53,-80,32,-100,95,-99,1,89,27,81,-92,54,-28,2,10,-10,-78,24,-34,71,-97,-45,-61,-44,14,-94,-74,2,-44,84,84,18,-8,90,90,-92,-38,-35,-52,-58,26,43,-52,-33,98,-21,91,91,40,-36,-57,27,-64,-81,40,-18,-14,67,56,-76,-82,34,-57,51,-60,-56,-26,93,85,-99,59,29,-48,-25,54,-58,55,95,-27,10,-46,72,-35,97,-7,89,63,-43,-50,58,22,86,-58
-68,-57,-46,12,60,0,-6,47,-45,50,-31,-46,-97,77,-34,23,63,-6,-32,-6,-4,3,92,83,-13,-93,-7,66,-45,47,-35,-73,99,-96,30,-11,-21,22,47,-63,41,-49,-41,-40,75,90,90,58,0,84,-85,-56,-75,62,-85,-30,98,48,-15,38,-22,-17,-83,-95,58,47,-55,86,46,60,-88,-26,-22,-22,35,-27,52,-40,-21,-52,93,40,-31,65,89,20,88,25,73,2,9,-89,81,82,13,-24,60,22,30,33,64
13,27,71,-24,-70,-79,-19,-37,52,-40,-35,61,4,46,42,-81,99,19,21,45,-43,69,-15,-85,-5,19,-95,43,25,14,-45,-82,-5,40,72,-80,92,-14,-68,24,-27,-94,8,-91,-6,-37,4,-73,-93,81,-44,27,-61,33,-68,-15,-90,-61,-15,-4,100,12,-93,-84,29,-69,-34,87,-15,18,-11,-36,35,-39,-1,-9,77,-1,-47,60,-97,90,0,35,51,62,61,3,48,-33,80,-85,100,93,64,-43,-5,-98,54,46,-80
44,-47,75,16,-87,66,-57,-81,-49,63,3,20,-27,-20,-75,21,-99,2,50,-11,39,-4,59,91,-31,-77,94,-36,51,-40,-72,-4,-28,56,72,80,-91,-36,-45,-67,-96,95,47,33,-3,-89,54,36,-84,22,78,96,-7,-68,-65,54,36,-79,15,-87,1,-32,-31,-54,-64,-14,20,55,-59,35,-61,33,13,-43,-6,61,99,-13,-87,8,87,38,60,-87,-87,-68,-50,-54,100,-78,-66,-99,-85,2,-64,-67,-81,25,93,93,-85
93,-4,-4,19,-80,-27,33,-1,68,-87,19,31,17,88,39,85,-64,61,20,2,-79,-12,54,-85,-99,-12,12,10,44,-51,92,-14,-26,-67,-67,91,-37,-22,-99,99,23,-74,16,57,27,-64,-66,93,-85,-60,-32,69,-74,52,-74,94,74,-18,-91,-92,72,13,-87,-83,59,-56,-2,37,61,-55,57,68,-60,-37,64,-69,-73,70,5,-9,49,51,-28,-4,8,-75,53,35,-30,94,97,93,91,49,-76,89,-27,-83,48,-75,95
-6,-70,-26,-67,68,-71,-57,-95,-22,-36,-24,-38,-46,73,-27,74,97,81,45,10,-41,-68,78,16,-43,93,28,-24,75,-62,-100,52,-89,62,86,-97,94,27,-11,94,-98,16,73,-31,77,26,-88,-46,72,91,-97,-100,-23,-92,1,51,57,97,-32,-67,60,-19,22,-38,-92,-39,97,-44,-85,54,-34,-10,20,36,73,93,-75,2,96,20,-41,-26,-79,-1,68,-83,-51,-13,-13,-33,75,64,-7,20,-62,46,73,-31,-78,88,2
-15,4,-74,70,-62,0,81,73,83,-65,77,9,-17,-64,74,-49,-59,49,-32,-84,-29,-54,-63,-62,28,-21,-99,29,50,-45,12,-82,58,81,84,-34,27,6,70,-86,83,89,-98,-82,-24,-60,81,63,-62,-28,-78,-60,60,-54,-93,-72,-30,97,-67,-51,57,30,60,-71,-27,-20,-25,-97,94,87,-96,-29,99,-88,-83,-77,29,-15,85,72,-51,-86,65,-44,-56,97,-80,58,-88,-72,-7,-43,32,18,-71,-89,16,54,-29,29,24
-16,-87,-46,-43,-26,100,68,87,-52,38,-8,-13,-18,40,-67,43,-67,20,66,96,0,99,-87,-73,56,63,95,50,-18,8,31,13,69,-81,-24,7,-90,-97,-91,41,-82,-43,45,99,-60,76,-56,-28,-13,25,-42,65,-24,82,97,31,30,-5,-5,-40,-24,-27,-80,3,-79,-78,-29,83,14,-86,16,69,-19,70,53,10,-67,-25,-5,86,-19,-6,-96,-84,56,-31,18,47,79,-81,98,-25,71,-79,65,-33,33,-25,21,53,-52
-40,15,-75,12,-41,-86,29,36,20,-99,-57,65,31,84,-2,-73,-99,-100,-100,71,42,88,-92,52,69,-99,97,91,91,49,43,-39,-22,7,-73,-17,54,-83,18,-31,44,1,-41,-23,-36,-100,96,60,37,88,-16,95,63,-3,-51,92,18,25,-25,-62,27,46,-93,-60,-61,-76,-45,26,-56,40,-65,15,49,-28,69,42,-30,55,-55,11,40,-57,48,-14,-10,88,86,14,22,-31,-51,-58,38,-10,13,22,-61,97,31,-22,-94
-70,-97,98,33,-64,-100,-86,-72,30,-43,-45,38,22,-16,57,-100,7,17,-76,10,-69,-3,-62,-30,-89,-43,80,81,64,-43,29,-61,27,-50,-18,9,-24,87,10,-54,100,73,-56,31,-29,-29,-24,-40,17,-69,49,-65,-41,62,6,57,99,-35,-43,-73,-67,-51,-54,33,-70,-22,31,33,35,-35,-66,62,61,65,10,63,12,15,10,-46,-74,-5,84,18,-12,-27,-61,38,43,76,-16,5,-7,35,39,16,-24,-57,-79,4,55
30,19,-18,-94,45,-1,-38,-35,19,-78,43,25,-33,-13,-45,18,-86,-23,36,90,53,1,-60,-42,-19,-22,100,-5,-40,-95,48,-19,32,-90,30,78,87,-14,71,40,-20,3,45,-35,-92,-62,73,48,-17,47,46,-48,-65,-47,-51,79,21,32,-90,64,2,16,-77,8,60,-36,35,-100,46,-55,34,54,5,-6,-87,-87,73,99,-41,-63,-23,-14,66,85,71,6,-46,53,97,4,-42,-66,67,-76,68,78,54,19,13,35,6
-10,94,-49,-62,-43,90,40,85,-56,44,25,-14,97,4,50,-47,22,10,-76,-88,-36,87,2,-87,73,-100,-90,-10,-92,-24,-89,-95,51,2,-83,-8,-50,60,-90,-42,-77,15,-74,96,-85,-96,-71,71,-10,33,70,-81,-45,12,-25,45,-9,80,67,85,-33,78,15,-78,84,55,-95,37,-72,-65,-51,19,77,10,40,27,26,78,-49,-4,-18,25,13,83,-40,-41,25,70,-28,-71,83,83,-20,-100,-52,12,46,-43,-91,-46,-61
33,-75,81,-24,-89,-96,92,7,-60,31,-73,-88,58,36,-62,40,-76,84,-82,-23,-91,98,16,-30,-38,-90,-60,-61,-45,-96,-21,23,19,47,6,-30,-36,-43,-24,-75,4,30,-18,23,-81,-66,-63,-72,-45,-78,-48,-70,-55,-75,-99,11,-37,30,71,47,-95,-23,-60,-37,35,73,62,-1,-95,6,88,-53,27,-98,-23,13,13,84,-66,-45,-86,-70,-92,12,85,69,100,14,71,63,-11,7,6,-48,62,82,-44,-8,52,23,79
-46,-4,49,-79,90,22,-80,6,-57,-73,-3,26,68,-23,71,82,-20,-85,53,66,34,1,15,-79,-73,-99,78,28,-69,-78,-5,1,-30,-13,66,-48,-24,23,73,-16,-91,41,-51,-65,-17,91,-78,10,90,-100,-20,45,92,-46,-13,-62,-18,-31,-19,-18,-7,-34,-96,-23,85,41,97,67,49,-7,-6,66,34,-77,-10,22,15,-20,-40,87,-26,-9,39,-15,-100,-96,-48,-8,-32,-50,87,26,53,94,-24,79,-50,58,54,39,20
61,2,-65,-79,25,-20,-42,12,32,-21,-57,72,32,-97,76,-47,-75,34,-33,-12,-86,62,70,-85,77,-71,10,71,-61,82,6,28,26,33,-4,97,-96,82,-36,3,80,-19,-63,-32,-31,-15,72,-100,40,-16,5,-90,80,23,-99,57,49,30,16,-86,8,31,-49,-79,5,76,-6,8,-58,-52,30,-80,-23,-77,96,18,-39,-48,4,-60,16,11,34,100,-75,4,48,-1,-6,-65,93,46,-5,-49,-47,-58,56,44,94,6,82
-65,-25,-63,82,-16,98,-75,-32,76,80,86,58,-14,22,-91,20,71,-73,69,-65,51,16,93,64,9,98,40,-83,22,-39,86,-2,-26,18,-17,92,14,30,21,52,67,24,10,-85,48,17,-7,92,-24,4,46,-1,-55,54,8,-12,-68,89,-94,-37,79,-50,47,-83,-93,1,60,-18,-21,73,63,54,-55,-15,43,80,-86,12,60,-30,-89,-30,76,-21,18,39,-21,-56,88,99,17,2,-58,-70,51,51,-6,53,59,-42,-62
22,14,54,47,99,-95,-97,-28,21,-82,-14,23,-48,-66,28,20,-34,-15,2,83,-99,-37,-55,-62,57,40,63,90,-41,-21,-8,-42,-55,-47,-79,-2,95,-26,-48,83,64,-61,-71,-82,72,47,-50,17,-19,-67,31,44,71,-9,42,24,-88,42,-46,28,70,-55,-82,38,-8,49,79,97,70,-65,41,-71,44,86,92,-79,-44,72,71,-46,19,-28,47,-11,-57,-30,-4,88,27,-85,75,-55,-99,-91,81,12,-98,-1,69,-47,85
24,37,39,5,-7,-71,-43,17,-86,42,20,37,53,-65,-47,63,-8,-65,-49,63,73,43,44,-86,-11,-88,-73,-48,-70,0,6,-37,-39,-70,-9,60,81,-6,99,96,-30,5,-65,71,-83,63,57,43,46,-2,-100,-50,52,78,31,26,47,-23,13,99,-74,-51,-63,-68,-84,-16,-29,12,-28,57,76,-32,-77,83,-48,-90,-92,-21,-83,54,-80,87,28,28,99,-31,63,35,-77,28,80,80,84,-82,-12,35,-7,44,-42,-38,32
-3,21,-19,-24,-26,9,43,86,-18,-46,-94,-55,82,47,33,-50,78,-30,-34,6,7,-63,-66,-41,60,33,63,90,8,34,-5,-66,-58,4,73,-76,-68,-16,81,-83,29,0,61,-74,74,49,-61,-91,6,98,59,-48,30,-80,-52,55,-10,31,-52,6,-55,32,81,-33,-10,94,98,-27,-4,69,-54,44,4,-54,-83,67,-78,-33,18,77,62,100,82,33,12,18,-21,67,-28,-12,27,-76,-19,48,-68,41,-60,-77,-9,79,90
28,-70,-55,24,-67,34,-92,40,-94,88,-92,6,68,96,84,8,92,-7,-79,-13,-94,85,68,39,-68,-25,-49,45,1,-83,-98,-26,-24,-92,-53,-84,-67,61,41,-35,-57,31,-25,-24,-71,-94,-37,-48,-29,-79,28,33,99,48,38,-11,53,44,-30,91,-69,0,-17,33,86,26,83,95,-49,-30,-72,43,-82,-23,20,15,-30,12,30,-28,-15,-5,94,70,-13,-92,-84,-51,-63,-58,-99,-51,7,47,95,11,-23,32,-4,-5,-22
-84,-47,-90,-66,-19,-89,-15,57,-28,-30,55,-36,-21,1,94,-2,31,93,52,-30,3,-84,97,75,72,18,-29,-2,-41,93,-27,-96,-90,-28,92,-92,-88,-70,-77,-22,-72,45,-89,-27,13,15,-45,26,32,7,96,-50,-16,-2,21,-34,88,78,7,46,48,-74,49,-60,-95,-85,-82,-52,42,-87,3,-13,-72,36,91,-37,17,-29,59,-89,76,53,95,81,5,17,66,55,-87,41,-6,-4,-22,-89,-45,-100,38,95,-40,4,70
-59,-45,99,0,9,-45,-55,55,-46,9,-89,-10,-64,-10,-74,-19,17,-96,33,60,-9,-37,-73,-72,-24,40,40,18,-4,-65,-11,-36,43,-60,65,24,62,-62,57,79,-90,64,-48,80,-8,-57,97,54,-38,-84,60,36,43,-92,41,17,-15,-13,-45,-56,34,-84,-90,-68,25,-18,34,20,-86,-1,51,72,16,-98,-50,-51,38,-68,-86,-32,15,93,-11,-98,6,14,-58,52,-12,-2,51,-56,-75,11,56,20,41,71,37,-68,84
6,-95,-14,-3,-29,-70,20,65,56,-78,2,-5,-18,29,7,27,6,94,52,-94,-31,-92,-83,-81,-98,-96,94,16,71,-14,49,-81,0,-63,-42,-78,-56,5,37,-40,12,24,-61,36,-71,-2,-28,11,59,-46,-61,90,-4,-19,46,-99,-100,-58,14,-44,-92,-100,-49,58,99,-67,-35,70,-30,-76,100,-26,-23,42,50,44,50,63,24,-10,98,77,76,74,-23,16,-83,63,-51,3,55,50,-80,-93,-49,48,55,23,-25,-50,-77
-89,4,27,-69,-11,-98,-100,-57,-9,87,30,15,62,-13,32,92,50,98,42,-81,-95,32,28,-8,-52,-18,-92,-8,-83,77,-11,-98,-92,-41,-75,55,-41,-60,-6,-16,99,-21,24,66,-78,19,-35,45,-1,63,3,-65,-66,-37,37,74,6,-29,18,-81,-86,-22,66,36,-47,-98,-79,72,-4,21,-54,48,58,26,26,-23,49,94,57,-64,-78,-15,-72,-65,65,12,-1,36,84,29,-91,-34,-64,66,-96,26,-97,63,-3,-86,-31
-99,47,-96,-8,-39,-67,68,70,-70,-54,-53,62,-70,-47,-66,18,-29,75,-63,95,-43,80,9,95,4,-18,-94,-69,-29,87,-26,20,65,40,8,-21,98,42,89,-80,99,-91,21,43,-26,-46,9,66,66,-64,32,14,7,-95,-12,-22,38,11,-83,58,-63,40,35,-16,4,3,54,-70,-31,-21,25,65,33,14,92,49,66,53,-14,98,-13,-66,-41,-59,-95,69,-76,52,-61,46,66,-29,57,77,-60,92,62,-31,42,-21,52
97,-83,-75,-36,5,-19,0,-72,-35,-9,60,52,-45,37,98,43,74,-74,55,46,82,87,-52,87,-50,-18,48,-95,-18,-77,-12,96,-57,11,38,65,-5,-60,-47,-81,-59,30,-11,-59,53,-48,-97,89,71,-33,-11,-7,-40,70,19,68,28,-85,17,65,-8,16,-7,93,-66,-41,-2,4,-43,4,-42,55,89,98,-2,-14,92,-89,-34,-70,-47,88,-57,-24,51,-97,-16,-39,-95,37,24,31,-65,75,68,27,85,-37,78,92,-80
