3,-83,-82,63,14,85,-97,71,-100,-16,-67,-25,42,-9,36,-42,8,-41,-71,-88,75,25,-43,-40,-41,-31,-2,35,-13,-42,-5,2,100,76,-20,47,55,-71,3,-26,67,53,41,-70,3,-90,-66,24,-25,-69,-79,-21,40,-32,5,9,24,94,-9,-90,-4,-27,77,-99,57,-65,47,81,-35,-15,-91,-75,-96,52,5,59,-15,-18,60,21,-65,41,-54,-43,100,56,-3,27,10,86,-46,57,-96,87,-30,45,-96,27,14,-98,-75
-57,-19,77,-100,77,-29,98,66,58,-49,50,94,-24,61,-50,-6,-35,27,56,29,79,-65,7,-61,-79,-62,-15,-57,33,-73,60,88,-50,5,96,-11,61,3,51,-47,72,49,17,63,82,35,96,5,-11,-44,72,-87,-33,98,-33,-78,12,-82,11,-62,-99,76,-84,-22,-100,-71,65,96,69,82,-52,-39,25,89,-78,-85,-17,34,-32,-31,-35,-33,7,82,-42,100,-79,-94,-33,-67,-67,-86,75,-90,-7,-82,-25,-90,37,47,95
14,18,-71,31,98,68,-78,31,37,-75,39,-48,-46,47,-34,76,29,53,-47,22,-3,-88,-50,-33,-28,48,19,53,-96,-93,44,30,-76,51,35,-56,40,-48,24,88,-26,42,49,30,-96,79,-100,-99,-47,45,6,-38,-19,31,94,-96,-63,-61,-29,-84,-52,-24,-69,-22,-30,-17,37,-39,41,31,50,-11,10,4,81,62,-70,100,-38,-19,-69,-37,25,26,1,-61,41,-43,59,40,-75,67,48,-12,-27,-91,70,69,-66,-31,45
67,-94,-5,42,42,-74,38,-5,27,-29,75,37,54,6,-79,31,-76,-80,4,-95,98,-25,17,29,-20,62,38,-19,-98,-54,-61,-11,22,7,72,66,-58,-60,-30,-73,-16,7,9,-94,-24,-53,75,41,46,45,70,90,24,-33,-68,-82,64,50,-16,59,-6,-100,-15,76,93,80,96,28,-92,97,10,-58,-47,86,72,-96,34,14,-49,-40,35,-21,-74,6,-17,-72,-2,-74,52,0,39,-45,90,-47,-85,24,99,-87,64,48,-15
4,-67,-6,66,-73,41,70,50,11,38,-31,77,54,75,81,-36,29,12,78,45,64,100,-22,-46,32,50,-64,-49,-83,-4,49,33,40,25,66,35,26,-90,72,19,79,86,-83,48,34,60,50,96,12,35,4,-100,86,49,-43,89,-14,6,-67,-97,-90,-51,40,-79,21,95,9,94,69,38,-63,-36,-20,-42,8,9,-93,-53,63,50,-55,18,-22,-82,-9,21,25,79,16,95,83,-48,-46,-44,-41,-70,-76,-80,53,89,-72
-100,58,-16,6,-16,18,100,-75,-26,-22,43,89,20,-61,89,-72,-58,-97,49,-26,-49,90,-37,-65,-74,-75,-96,26,-6,23,-21,18,57,-48,-37,26,14,-8,-37,1,68,92,-44,-27,13,-7,89,33,48,-48,-85,61,-12,11,10,44,-94,-13,78,-35,76,-60,-84,-85,-54,-31,-82,-79,-9,-14,59,-94,-86,-39,15,62,-75,43,85,42,35,89,39,-11,-49,59,-31,-31,8,38,89,-64,-49,-5,53,52,-41,-100,-85,-99,56
11,-61,-80,84,64,-4,-8,14,52,0,-83,-60,-97,97,50,-10,36,72,2,-82,-3,-2,-84,10,22,-94,-98,85,51,-86,-62,-92,62,82,-74,-75,92,-15,14,-76,-30,24,95,-10,-61,-45,19,-61,80,70,85,34,22,76,50,75,-75,78,81,14,59,58,73,67,8,-36,-80,-84,-53,-79,95,93,-13,-41,2,-86,-2,28,54,45,-13,-13,63,95,85,-25,90,31,55,-69,-99,62,-43,-94,-48,-80,-39,8,64,-91,-5
18,-98,-64,62,-38,57,-43,-98,76,-19,61,-61,-33,95,50,90,19,-78,-94,-31,-87,-82,63,35,45,1,-91,-20,-1,37,61,22,16,34,81,28,34,99,95,78,-86,-89,42,-37,38,-87,32,51,75,65,-89,95,25,89,57,-21,-9,76,73,17,-19,37,-89,25,-62,45,-13,-8,-23,11,-31,53,-30,9,34,1,-34,-80,20,-98,87,-80,-63,-96,26,97,5,-1,78,9,-88,74,-43,-19,18,63,-16,-64,-17,-46,19
-2,80,63,-53,27,-10,-29,-37,71,-89,18,-60,72,34,98,-94,-4,93,15,55,61,-4,-45,-76,-57,-77,12,97,-34,-11,91,30,16,48,77,92,80,-2,79,6,-98,-45,-5,-22,-94,-23,-4,10,78,-18,-8,90,-38,1,76,-97,-37,41,11,3,-65,35,-84,-67,81,-34,89,83,-34,81,-65,8,45,37,42,-62,-74,-63,53,22,40,-5,1,-16,13,49,-43,-86,59,38,-25,-28,-96,58,-65,-18,-35,21,-84,-8,-60
40,31,6,65,-24,-41,-70,47,45,96,-7,14,28,79,36,6,-68,-70,-60,-80,-89,-33,-78,85,-82,-49,-11,29,-14,-14,-2,-24,-53,-75,1,-44,-60,22,28,41,-52,-62,40,78,60,-49,12,-87,66,-68,-8,-26,61,-38,-84,0,47,17,98,-42,99,-63,-77,5,-82,-47,29,91,24,88,32,-20,43,62,11,75,-12,38,-70,100,2,-8,-18,-57,48,60,9,-11,76,30,-34,-35,58,-38,-45,-15,-47,100,-38,95,52
36,-99,19,-73,61,74,5,-25,3,-11,-96,-22,-42,64,59,-81,-29,-100,92,-20,-51,-16,99,64,-31,-71,-39,95,-20,80,51,74,22,-30,-76,88,36,-43,-43,6,-83,76,10,11,-70,-58,-62,-35,58,-33,-6,-26,27,19,10,24,-3,34,60,87,-36,-92,14,-35,-95,33,88,100,-19,5,-17,-55,-11,-19,-31,63,-70,-85,23,-33,-50,56,-2,97,100,32,97,3,-4,-72,-3,-4,67,51,9,2,54,95,32,-54,-75
-40,-90,89,-38,-14,-17,8,88,26,-76,1,45,25,-19,-58,60,80,-76,98,-72,37,4,-12,-44,65,-66,55,42,32,43,-22,70,-44,65,60,-71,23,91,-23,18,-41,98,21,-82,65,-4,24,97,73,1,82,26,35,82,-27,34,76,89,62,67,44,-9,59,35,23,-98,73,74,-64,23,-16,26,-22,58,-13,-1,10,62,-77,70,-90,37,-16,27,-11,21,-35,76,-87,43,7,-89,88,-41,-95,54,-19,45,-6,14,-22
63,-85,25,-74,89,99,-41,94,-14,7,81,-23,-72,58,6,-22,99,33,21,15,-88,43,26,91,-17,-100,-21,-77,59,-73,29,-82,55,13,55,-50,81,-75,-40,31,43,26,51,45,-78,8,-30,71,-63,20,-13,-34,99,-75,-66,-36,-99,62,-77,30,87,-25,11,-71,93,43,-55,88,36,-23,-100,0,-50,-84,60,91,56,16,-93,-56,-51,95,-91,56,32,-41,-27,-58,57,-43,10,22,-97,59,-81,42,-79,-22,-42,-49,55
-90,71,14,28,46,-65,63,62,-47,58,98,-91,-15,-83,55,-1,68,-30,-29,5,80,-32,29,69,-31,-93,18,95,-62,-20,-54,-50,-43,-17,96,98,-7,34,42,-61,-47,50,56,-88,44,62,-24,21,64,85,81,10,66,63,-67,51,-53,-27,-66,57,38,45,68,93,7,64,13,-48,-40,-41,-30,76,-9,99,80,30,12,-25,33,46,-86,47,35,-31,-51,-54,-70,7,64,26,76,61,-11,-19,18,3,41,-55,54,-46,-6
-14,9,-69,-32,-53,48,16,39,-51,-64,-89,-36,7,-54,86,14,43,36,-20,-35,79,-95,-94,61,6,-97,-99,-98,-28,69,64,-35,-85,-89,-59,-6,-77,-65,8,34,-7,-53,-75,-10,-72,-71,-30,74,-68,46,53,57,-45,-8,86,5,33,22,62,-52,-27,-5,-65,12,-48,-90,45,-7,-5,48,47,-92,-76,44,-32,-29,61,97,63,-83,-57,59,-9,-76,-40,24,-78,-76,-14,-46,-15,2,-40,-32,-51,72,-85,-55,7,-25,8
-32,-38,82,-21,-6,-49,-87,-64,-89,89,93,28,14,-22,14,-18,22,-18,-96,98,-28,7,68,60,-48,-31,-4,-64,72,59,-78,48,-57,74,-35,-33,-17,-5,-53,22,-36,16,-87,56,4,-88,78,93,13,61,-51,-41,-46,6,-75,-76,66,33,-23,7,17,-54,21,-51,-75,30,-69,41,77,-60,-83,44,49,-100,36,17,82,14,45,55,-92,9,-56,-62,-10,-30,34,26,-95,73,51,1,-78,-99,-78,-39,-41,-87,49,-41,-20
97,81,-47,-76,-92,84,-1,-16,-21,44,94,-74,27,71,-7,9,4,95,13,-89,-24,-57,14,-85,48,-89,90,68,-80,2,97,9,16,88,-3,-46,-99,-45,-20,-64,-56,-64,-68,-2,-6,19,-5,-21,-57,91,-12,83,19,6,18,25,-13,71,-88,45,44,42,49,-93,-15,-71,47,22,6,-100,-14,91,29,27,-37,91,-93,100,-75,-78,76,31,-43,-13,-41,-33,-20,2,-66,-91,-37,30,-29,-69,-67,-61,24,-9,37,-30,-85
-21,-11,58,39,74,20,23,53,-1,-18,-23,-61,-71,-99,82,-61,-95,36,-51,65,-23,36,22,-79,18,12,28,-27,-13,45,79,-90,13,-24,90,-96,-95,67,15,18,91,26,-84,47,-5,-68,92,-21,41,1,-12,-94,-65,-61,60,-4,-77,94,62,-53,-66,28,53,-20,57,48,-24,-60,81,-58,-1,84,-80,30,47,6,-89,-75,-53,37,-31,-36,-39,-30,53,-62,74,75,-33,54,-41,-90,58,12,94,47,7,94,84,36,88
35,18,95,-70,65,61,-71,-60,67,58,71,-81,-97,43,-17,40,-30,50,58,-14,92,45,-84,-75,0,72,85,48,28,-51,-58,-84,-56,40,82,-23,66,-63,-24,-79,32,-10,9,-21,24,-36,91,97,-34,-7,-15,-81,82,29,92,-96,53,39,33,85,57,19,41,-71,-22,-29,39,-98,75,-7,50,75,-6,-78,-30,70,43,75,-53,-10,72,-97,-7,24,40,-20,4,39,79,-23,44,-60,33,60,19,96,25,-99,-8,90,14
-6,34,89,55,6,-35,84,56,18,-82,4,-30,14,19,-83,-89,-71,36,73,40,-27,-27,-64,86,24,-70,10,39,50,-13,76,47,-86,47,92,95,20,46,-64,-31,42,-89,6,33,7,-17,75,-6,56,71,45,-51,71,40,87,30,-41,46,-76,-4,-91,73,79,-21,1,31,-76,7,-23,34,59,-53,-47,-87,26,25,43,25,38,-74,22,-1,-86,3,10,-59,44,-61,69,-89,-64,-72,31,70,71,8,53,-38,33,-70,78
16,-78,-6,98,60,76,-37,14,-1,-78,25,75,-54,32,-23,62,29,87,84,14,6,41,-5,50,-12,45,79,-77,4,-23,1,-36,-27,52,8,-97,100,30,42,23,-72,27,-53,-7,86,19,-32,-35,-3,29,-33,-30,29,-79,-74,50,53,-92,58,-89,-83,-5,51,-63,-76,-20,76,58,-16,-76,-20,-100,22,78,-86,-79,12,-19,20,22,-48,-18,29,-3,43,-6,9,-51,-99,-57,41,34,-62,83,-67,-97,65,16,-53,98,42
8,78,-91,72,-50,54,-89,52,44,90,43,-91,-40,-59,47,-45,-79,88,32,87,48,6,-81,-9,-51,92,-59,-79,70,-19,17,32,37,-85,8,-20,-6,-68,71,11,2,75,60,27,-56,-44,85,65,-34,36,100,84,30,91,-38,-60,98,-70,-95,2,-48,-31,11,48,-73,-65,80,88,-18,65,-3,-87,27,69,53,59,-2,-81,26,68,53,-76,37,-75,68,69,47,-98,-60,29,-25,-59,-51,43,82,30,16,-23,-43,-48,-10
-25,83,76,82,43,6,9,-29,-61,47,15,-98,-23,-44,-26,-86,-24,-58,16,-73,45,-66,13,-24,-70,-62,-50,61,-17,77,-5,69,99,22,66,82,-11,-23,89,-92,37,-70,54,-29,11,-42,10,-78,47,92,-18,58,83,72,-50,-50,35,-61,14,-75,4,-52,5,60,-22,-84,15,43,70,68,28,60,-81,-44,-7,-41,56,15,97,-21,-47,25,36,-35,58,-20,-58,-64,9,11,-66,92,-70,-19,-36,-44,31,56,0,100,94
43,-26,-6,-84,-76,-88,-81,61,-70,78,-35,74,-54,-73,-20,-8,-54,-14,33,-2,-32,-30,-25,-90,75,-66,-51,70,-35,70,95,-27,-83,-11,42,94,39,-48,87,49,65,52,-80,33,67,-36,-19,-72,43,-18,29,56,-94,-25,63,29,-75,-25,-83,-23,12,-7,-35,18,8,73,51,-20,66,13,-46,-58,-94,53,81,49,60,-24,-46,-26,-7,56,15,-35,-35,48,-62,82,-11,3,10,-69,5,-3,-98,-97,-60,-45,-14,15,-22
37,38,-25,94,77,46,-66,-98,93,-49,88,85,-50,-87,-50,-54,-27,-25,0,-51,86,15,-84,74,-62,-81,-58,11,99,-12,43,-23,-84,64,-79,26,-61,61,-57,-38,56,6,23,8,96,-90,-49,96,71,45,-93,87,48,24,-25,76,-35,18,-97,95,-79,49,78,-95,-11,-11,37,-45,-46,0,56,74,4,-51,-91,-86,-2,38,-26,85,-20,-70,84,-31,-82,74,65,-92,52,-38,-39,-28,16,-82,62,82,57,-94,-1,-58,78
-82,54,96,25,95,58,73,-45,-60,87,-83,77,-61,-75,87,-14,47,42,-82,-82,-17,-17,21,34,-93,77,61,-95,12,-88,37,-39,-43,98,-60,4,90,75,-3,45,75,72,-78,19,40,89,63,68,-23,7,27,64,34,-78,-54,11,34,-16,3,-56,43,-1,-22,67,99,-45,12,-93,84,-94,74,-65,54,-61,-95,29,-86,-8,-80,-62,-1,56,-27,93,57,51,-6,-58,78,54,-54,-4,93,40,91,89,76,-53,98,-25,-93
-98,-53,29,-40,-63,-86,5,-27,-30,-67,-90,-19,-88,-94,-98,-16,-18,18,49,-64,-47,27,-55,2,-45,54,-47,80,-27,100,-14,-45,-88,28,36,51,3,62,-66,2,-87,-74,-52,-94,49,-46,46,85,-49,-10,37,15,16,-41,-25,-98,80,-6,94,-98,-13,9,-2,14,0,11,-78,89,-83,0,-87,-83,60,-10,-99,65,23,-42,-27,-80,25,-4,100,-34,-89,-1,-77,100,-39,-17,84,-36,61,-72,63,-54,71,-64,-25,-78,-76
48,12,95,-71,63,-82,-99,-82,21,1,5,-4,-17,90,-50,32,18,76,13,-79,34,-43,-97,71,37,-48,-17,-3,-95,88,-95,75,-17,-28,62,-7,97,-18,100,8,-2,-55,-20,100,22,-11,-56,75,82,96,-22,70,-61,40,-84,16,-17,86,21,19,-22,-19,-46,27,100,85,97,56,-37,58,51,77,99,13,-60,-47,37,20,53,47,96,86,56,33,32,96,19,24,-34,-90,-35,-8,-23,71,-99,-71,4,30,72,38,-73
3,59,84,63,9,67,69,-59,-55,-97,-84,27,54,-44,67,95,-71,-84,-28,76,-34,-44,-29,96,-81,36,-23,75,74,7,-58,-27,57,-92,80,50,-37,-17,86,-20,-7,13,-84,25,-8,-92,-78,89,-51,-86,7,-38,-82,83,59,-64,-48,-2,-78,57,-32,-58,19,-70,23,-89,-97,-63,-79,25,35,91,72,91,74,84,50,9,-68,-69,-99,-56,-39,23,-91,37,26,-89,-14,-29,40,-16,80,-23,2,39,-60,10,-90,62,90
-72,-84,-61,32,-6,-21,23,-3,-49,-26,2,15,-6,-58,-12,-27,62,-97,8,-83,93,15,51,21,-27,12,9,61,35,52,-36,0,-29,65,-55,-7,-44,5,-69,52,-99,1,98,-35,66,3,-47,88,70,-39,-86,-60,28,26,-20,-68,100,92,-32,96,-84,-46,21,-40,66,66,86,99,-34,91,89,-57,93,59,-28,-20,50,43,-30,84,75,-75,36,63,33,-48,7,-92,62,48,-81,-92,19,-4,100,97,77,100,54,2,-41
49,92,9,65,-98,-61,-14,26,55,98,-78,7,79,-35,-8,18,52,87,-70,-68,-45,-64,47,-69,22,83,-86,-7,81,-58,6,89,4,-69,-7,-74,-65,-12,-98,82,25,-69,19,14,65,30,36,-29,-36,64,58,45,-52,-6,-69,73,-94,62,46,69,16,28,-68,-97,7,49,53,-67,16,82,82,32,-71,-10,-88,26,-93,1,-87,-77,-32,31,-85,-63,-63,94,19,6,-53,-53,-87,-17,-87,-81,-44,-8,99,82,70,-63,-77
44,6,98,33,2,-46,-26,-94,-83,84,-66,-7,7,47,-27,74,-71,72,59,-92,-51,87,17,-60,-73,29,83,-52,99,-7,11,81,-21,87,24,25,-33,62,-47,75,-55,35,-75,-72,73,-23,47,3,94,-12,-82,80,94,95,-37,-42,13,-96,-54,-74,88,38,-2,-94,-16,-44,66,24,58,93,81,23,15,66,-27,-62,-15,70,87,-82,-16,-43,86,23,-56,24,-74,95,-5,38,39,-16,-48,42,22,2,-95,-36,-76,-79,-41
-80,24,-58,-44,33,71,-16,98,24,34,-74,44,-75,27,-80,46,99,8,6,-55,5,-84,57,47,10,62,-18,46,40,79,-83,-93,-99,-86,77,33,18,49,-96,-64,86,58,-10,20,52,83,42,-10,2,-28,-41,86,10,12,88,-33,-40,46,30,-70,-67,-96,-55,62,-4,24,99,75,-47,75,64,15,-91,35,6,61,-49,-86,63,-26,51,5,1,91,74,97,-63,8,-42,-1,6,45,-86,58,69,16,36,1,-11,-82,4
-43,99,-54,66,-99,-44,11,-2,-15,3,50,-54,40,-39,84,-5,85,-29,51,-63,55,33,86,67,-47,-25,35,-33,98,-15,-43,82,44,-73,94,-65,-68,87,-5,-2,30,51,13,-51,-63,-9,-70,-97,67,11,19,3,-17,9,5,32,36,-6,93,73,98,-90,27,91,-58,-14,-44,38,-99,-43,-7,-70,27,-78,-61,-37,38,18,-70,62,45,91,94,-52,-69,27,25,97,38,27,90,-37,-47,54,9,-7,-13,-64,-10,2,-7
64,-89,4,-30,-89,75,-3,68,-37,-63,-11,52,70,36,-31,-47,-42,-76,-55,-60,-76,23,19,-54,10,-70,-38,-64,31,-31,-22,-72,-23,-14,-71,-92,-49,67,-32,-65,-35,27,-73,63,-78,44,46,73,-83,92,73,15,-90,-21,-51,50,-94,-98,-71,61,20,-79,84,-25,-29,-34,97,16,13,25,-45,-42,-24,-79,-34,0,-20,-68,27,-14,-87,-74,-49,43,63,42,-16,99,-60,-63,65,87,-76,-21,-85,18,54,-99,68,-1,45
64,57,22,15,47,29,15,-97,94,21,-14,46,-25,60,42,24,62,-86,57,88,-75,-98,74,-41,41,-98,-44,10,25,86,-60,14,-32,61,16,-9,-7,41,-96,4,14,82,-7,70,65,83,-74,-7,-46,49,-51,-50,55,50,18,61,45,-69,-5,68,84,-60,92,-22,-35,36,-82,-58,1,-71,-85,24,-10,30,-85,-58,-63,69,11,-79,-46,-35,-15,56,26,83,26,-37,-68,60,-35,-39,30,23,-37,-84,-36,7,1,-94,8
76,-1,-94,97,-79,-75,-17,81,-38,-54,-29,-25,89,83,-58,-4,-59,16,-89,59,52,-41,99,-66,79,-25,-84,-99,-65,-22,-40,-81,-63,-70,-70,11,28,6,-77,29,-14,90,76,60,34,52,-14,-34,98,-14,9,87,26,-39,-91,89,69,7,75,39,-41,-33,-87,-62,-63,81,-16,25,-92,13,78,6,-54,-21,-46,-17,44,51,-19,-16,-32,6,90,53,-91,-80,-3,50,52,-81,-1,86,31,90,43,-86,31,47,6,-78,76
49,74,9,-78,-55,-98,40,56,-46,63,-61,-54,62,2,34,-68,61,3,11,-20,-99,-59,-19,-3,13,5,12,63,76,18,-6,22,72,67,-7,-19,-25,71,60,70,47,-16,-72,74,84,-59,-59,63,-72,37,-44,-88,-26,-65,49,26,55,-56,-19,16,-7,-38,-36,11,98,-18,76,36,19,-92,-63,45,95,27,-56,-26,-29,-54,-3,-50,3,-53,74,-11,-3,13,58,-69,65,-59,87,16,69,-8,55,47,81,79,-44,20,41
-79,82,48,-14,22,66,5,11,-80,27,-90,-36,-59,-33,-60,-98,10,-48,70,-70,64,-44,100,83,-17,34,89,44,-76,-41,79,-80,-26,-13,49,27,-87,60,-54,-99,9,-74,85,56,-30,39,-53,45,-37,-100,68,-13,-3,39,-75,58,-78,22,-22,13,-19,73,100,-80,2,-5,-52,21,-15,53,48,-92,-84,-48,-20,6,-86,-75,-38,54,70,-23,68,-68,-55,-100,89,49,-41,-53,84,-52,-90,-59,-41,5,40,-48,0,-27,19
37,-38,-35,93,37,36,57,-10,-48,-6,-32,-56,-81,-53,71,58,37,18,18,51,-10,-71,-73,-60,-18,-10,3,-57,-65,20,44,81,-54,-65,-70,-91,-12,10,-4,-80,15,-16,44,-3,52,-80,-38,-82,-62,-78,-40,-21,32,-97,27,-53,97,89,-63,-61,-5,57,-99,-64,86,-91,-93,-9,-59,-65,38,-82,-84,-90,-89,-10,97,43,-63,83,-59,76,83,-64,-10,79,74,97,1,-8,44,-76,-17,53,68,70,-71,52,-83,-32,28
-12,10,59,-40,64,-15,-73,29,11,-74,-96,-4,-91,-83,-31,11,-91,35,66,-99,91,82,79,-70,9,48,76,-100,-35,-42,-26,-51,-28,-40,51,-71,-12,-43,37,44,-41,-57,-45,-37,-6,-53,-5,26,29,-75,-63,70,12,67,-81,26,51,-76,48,39,-40,34,32,-67,-85,93,77,45,-99,-3,41,65,24,68,25,68,-57,-58,-39,-73,34,-68,-93,-44,6,-45,3,-90,-12,79,63,31,-51,-56,94,-98,69,36,87,13,92
91,-71,-93,-58,95,-51,-13,31,18,29,45,43,-96,7,81,-73,-50,-26,-52,7,8,98,-14,-87,69,100,8,-39,41,43,-34,32,-76,-53,90,41,0,-9,65,42,-39,48,99,92,-89,61,94,1,-13,32,33,21,-5,29,88,-75,-79,-37,-78,-74,88,37,61,-21,100,34,-41,70,35,86,65,13,-35,-23,-66,-80,55,92,84,-40,-80,-95,4,20,-83,78,62,4,-26,-94,-79,-82,-8,-85,-22,-11,87,64,43,-91,-89
-36,86,-13,-4,-68,-44,95,67,74,53,-99,48,16,-44,-38,55,24,42,25,24,-97,62,-52,-62,-49,11,-76,64,53,79,59,-28,71,-64,96,19,70,-4,-98,28,56,-55,-25,-70,46,-27,-54,-77,73,-52,-4,18,33,2,-46,100,71,-80,70,-93,-87,83,61,-41,4,-8,69,84,12,44,-38,-71,-51,-49,-27,7,80,26,0,16,-66,57,26,10,-75,-97,-74,27,-7,30,18,25,84,89,4,-46,-44,-75,6,90,49
-2,14,73,-52,9,87,-48,-21,90,19,37,-15,-41,-88,-78,19,-2,81,-4,-97,-83,33,9,14,-34,66,52,31,-9,-7,-27,89,61,-23,0,82,-55,97,76,94,100,-15,-72,1,-13,-72,-74,4,53,26,41,-84,36,11,-48,56,-15,-72,92,-46,-51,-36,54,-7,73,-27,69,13,-40,4,-48,-36,-77,-62,75,81,9,60,1,-14,75,-30,-66,17,96,-11,-43,26,60,-81,-40,-65,80,40,10,93,-94,-27,-42,14,0
-45,40,24,98,41,-18,-64,54,64,13,-91,-78,7,68,-22,-18,100,-83,98,-14,30,-9,69,-15,-99,-79,-57,-84,-19,41,76,-13,-20,-3,-97,-95,45,-24,8,39,-39,53,-87,-13,70,99,66,-19,-8,-24,-28,-82,79,95,19,85,-30,-33,-66,70,-27,31,-77,-4,19,38,53,-20,-66,40,-99,-100,1,38,-19,-92,5,-57,-98,-71,43,76,27,85,-89,-13,72,-84,2,15,64,44,27,-85,11,-74,-13,75,-41,88,86
61,19,-67,88,61,-98,53,-87,-11,42,-49,66,79,67,-90,80,72,-43,23,-83,-68,-63,16,-35,-25,55,37,85,4,-39,-94,-58,-71,15,21,-49,49,-23,71,-58,82,-51,-96,93,53,-41,-55,-28,-91,68,-78,-60,-14,-35,42,-1,-2,-9,-25,-19,38,-20,53,-84,-46,-82,-78,82,13,76,17,9,83,90,-40,8,83,-56,-17,-33,17,-28,20,82,-85,61,-7,26,-17,-19,-7,13,-43,-63,13,-79,46,-29,93,-26,-11
94,-79,12,-37,-6,-71,-83,-4,59,-51,20,81,-57,3,72,-35,71,62,45,-22,-96,-34,-66,60,25,-95,-2,6,-81,53,51,-70,69,9,40,27,73,-85,83,-98,83,-78,58,71,49,18,88,63,-40,-59,27,-57,-33,-29,84,-91,-89,-49,15,100,-10,-50,-69,-97,68,-7,26,-65,-98,6,5,-50,-17,-84,-55,51,-45,76,-32,32,-18,-49,-44,41,47,-95,79,-14,-34,-54,96,92,10,-72,-99,57,-58,-56,42,-79,-74
1,-79,73,71,-21,48,68,41,46,36,-53,25,41,63,-3,66,-99,14,-98,79,27,-65,-35,-89,32,-59,22,-33,-79,-25,-37,-38,-48,88,-34,46,-57,-40,96,1,-43,99,-37,-46,-30,47,-46,1,-98,87,100,-59,-24,-12,89,-35,-51,97,-50,60,59,26,74,60,-96,51,66,31,-16,11,-90,32,86,-85,11,-98,21,-62,-65,-77,93,35,-50,-68,54,-58,-23,53,97,-65,14,-17,82,-74,94,-61,57,81,-52,-9,45
47,-72,-83,-66,61,71,52,-35,-70,-68,-71,-58,64,40,-72,60,23,20,48,-87,72,71,-42,27,21,45,-14,10,24,-67,69,57,64,98,-57,66,19,80,-57,67,-17,74,30,11,-53,-81,41,-72,2,20,-87,-19,-49,-40,45,-75,49,-20,39,-28,37,-21,19,10,-31,38,20,53,-94,-16,84,-78,10,-69,56,-68,-81,-87,-66,99,-100,52,3,88,31,-28,11,86,3,-29,4,-63,8,-82,-15,67,-11,-85,0,-26,50
-27,3,-16,92,45,-31,-37,73,-16,-74,77,18,0,38,-37,84,-70,-13,90,-81,78,94,87,95,64,21,-46,-51,-67,70,92,-76,-56,90,99,87,36,92,90,74,-10,14,-38,24,-23,-52,48,54,29,-25,-95,-51,-15,15,64,91,67,-97,8,57,95,-86,-99,94,-95,60,-10,-84,-75,-78,53,5,43,65,46,35,75,-46,49,36,85,-40,28,67,-30,-54,-38,76,40,30,61,8,-90,54,6,-90,-2,-43,97,79,-14
80,90,87,-29,-23,58,-65,-68,35,-90,-20,49,-55,18,54,-81,-26,-44,-47,54,-17,-9,-12,-4,61,41,-99,83,-77,-3,-7,2,-98,-56,54,71,93,57,-25,-38,38,-79,30,-30,53,-14,-91,-83,20,90,18,38,-20,-57,-14,33,-90,-89,-6,43,18,-25,26,6,-92,72,-34,28,-57,-75,48,71,-43,-67,-50,-56,-87,-75,1,28,15,39,99,-92,81,87,-61,6,-25,63,-71,-70,-61,98,26,64,78,77,96,-72,-94
39,-69,63,-88,-63,8,40,5,18,-69,-41,-26,89,4,23,-1,-41,-18,-85,72,31,27,-25,4,34,100,64,14,5,-25,-7,61,40,-28,27,5,-77,80,87,-18,14,78,29,42,-47,-46,-66,-40,-7,-76,-68,-60,-64,41,-3,-15,72,40,-80,-44,92,-33,87,53,-73,-43,44,40,-64,-44,-16,-60,-99,-25,-14,-11,13,79,36,-76,-5,25,82,-16,-64,18,-48,-40,-60,-17,-24,69,-58,69,76,38,25,24,-46,13,-11
-87,64,-53,-67,34,-83,10,-1,-87,52,98,-66,44,-76,-94,46,-97,74,80,95,6,-48,11,-14,40,92,92,58,-58,23,-44,45,-36,1,46,31,82,-9,65,-29,78,30,-32,36,97,82,-13,73,-77,-94,90,-49,94,7,-48,-100,-24,0,44,24,-26,91,36,4,-53,57,-84,43,88,27,98,79,5,-64,58,-80,-74,-29,58,-31,-91,-9,-4,-69,50,-41,27,-78,-61,46,58,80,-90,84,-9,86,-59,90,72,95,-53
4,-66,-12,-33,36,-96,-20,44,78,-97,-48,-84,72,-65,-90,84,-74,55,-57,40,3,-80,-52,-63,93,60,79,98,82,85,-89,-11,95,-5,45,-66,87,76,-53,43,-25,-51,77,68,-1,-20,-55,0,-46,-15,-62,-58,-79,-66,17,-76,-66,-32,46,-7,-9,-31,66,8,83,89,-74,-51,-70,-12,-8,-29,8,-31,2,-66,88,-80,-42,-85,35,35,8,-57,89,94,40,85,95,27,-56,-9,-22,-100,19,37,-11,-72,64,-72,-54
-66,-99,87,-86,18,-46,-36,-49,-57,-37,69,-58,29,6,46,-39,49,-65,-89,-48,71,6,-90,-19,39,18,-71,10,-72,4,-32,59,77,6,43,-46,-83,27,59,-31,99,-52,-97,-74,81,40,-37,-19,-23,-15,-32,-94,10,17,-10,-21,-33,69,79,13,47,53,-96,36,-25,-22,59,-86,-86,23,-47,-43,37,98,-52,-36,61,10,-5,56,-42,-65,1,39,0,76,100,-89,77,-83,-40,65,-24,51,0,-84,75,-13,-49,90,100
10,8,23,-99,-28,93,13,-77,56,99,99,5,91,-26,-7,45,-77,14,-97,93,80,83,51,-54,-82,-14,29,95,0,30,1,-70,36,11,45,72,-8,-38,-64,51,-82,-26,84,-91,-95,94,39,18,-21,39,36,-53,14,94,-39,12,-13,13,-36,-47,91,-79,24,81,61,-43,56,-87,-99,11,-77,-5,65,87,-16,-84,-63,17,7,-93,48,49,20,97,-10,-26,-9,34,72,8,100,17,30,-79,37,69,39,-49,36,83,-9
20,-65,77,9,24,-20,8,-26,88,79,-71,-16,-2,-21,77,91,46,-11,-63,-47,-39,27,100,19,-86,-25,20,4,-79,68,68,86,-3,-90,-59,-25,10,-74,34,-93,-70,-76,-39,88,12,78,-20,-72,-1,35,72,-12,89,91,55,77,11,89,-5,-58,-13,88,-2,-59,77,14,-2,-66,36,-6,97,-12,84,-69,20,1,68,-1,3,4,-73,-96,-92,-41,23,-92,58,73,1,61,88,16,56,71,87,-75,-85,76,97,89,-69
95,-65,59,12,-65,96,40,-82,18,52,-93,41,-47,23,72,-21,20,-48,-5,-80,9,60,-70,-88,34,72,56,56,40,-43,-100,42,65,21,-52,98,-95,74,37,80,-40,21,-67,81,28,60,7,87,-75,-37,22,26,9,35,86,58,37,-27,99,100,42,-67,-57,-88,9,-5,-99,82,-40,-15,-18,-27,-91,-18,44,28,23,83,-41,-18,-61,-37,-85,-78,0,-23,33,32,47,44,20,9,1,-94,4,-25,-87,55,64,-17,89
87,-54,54,-57,12,43,71,39,29,90,-66,-85,92,38,-3,37,-34,100,4,26,53,-47,-10,-55,16,56,-47,-36,35,11,4,39,61,54,43,-72,-37,13,47,35,44,75,-81,44,-98,-14,-47,78,42,95,69,87,-1,50,-8,-33,-92,11,-94,-87,13,13,99,55,50,-96,-32,79,76,-48,-15,-49,-18,-83,-55,38,-95,-77,-4,21,-95,-84,-8,96,83,38,-38,74,6,-38,78,-15,-1,-27,-81,-82,9,-49,48,-41,94
0,-80,31,-23,-49,-44,22,95,-5,6,-97,91,-75,81,17,78,76,-55,8,-45,39,-81,81,-63,-32,46,27,-35,78,69,13,-79,-74,-66,83,70,-11,-75,-64,-12,-29,86,71,-15,92,-89,-81,-13,-11,-12,-91,17,-6,-29,35,60,-29,-45,-10,65,-85,-57,31,-15,-39,70,-94,78,50,61,-95,15,57,41,-16,-8,-12,76,60,13,-52,-78,-21,100,56,-69,-59,-86,68,-33,18,58,75,37,-71,31,16,100,53,-33,29
90,27,-6,14,-64,0,96,-57,77,63,-60,-37,15,-75,-22,-25,16,-70,-28,75,25,4,-71,-37,-93,65,-71,-37,-56,-16,-26,40,71,26,-40,-18,-97,-83,55,93,-22,12,-75,-18,98,74,-94,-76,-80,59,94,15,47,-33,93,87,65,-88,-24,32,41,37,76,19,6,-49,-91,-34,-35,-65,91,-67,-78,-51,14,78,-82,61,1,58,-14,60,91,23,84,-46,-38,66,-39,-80,-51,-52,74,-62,21,14,3,-43,25,8,-89
39,37,69,58,39,55,93,-15,63,29,-28,29,-62,-11,65,84,2,-89,83,81,-55,-22,-30,-98,-62,24,-90,-25,-31,13,-91,-38,-99,-21,36,10,20,-23,-60,-97,26,-24,-35,-81,-83,45,72,60,58,-87,61,-28,-32,-51,-15,39,-18,-16,-44,86,-54,-94,2,27,40,-98,89,-6,99,50,-100,3,18,-94,-22,23,84,-76,20,-6,52,97,-55,12,-3,-60,55,-22,52,97,-77,39,-51,-76,34,75,22,-15,12,-82,83
28,87,50,67,-22,26,-23,2,-80,-56,18,26,-31,-25,26,-86,88,65,-50,43,33,80,-41,80,31,8,27,41,98,50,-44,100,-25,87,-51,-25,76,47,77,46,-44,16,14,-25,-10,-41,-85,-32,59,-22,95,-31,-72,94,13,0,62,-40,45,-92,-26,74,-90,-91,80,50,75,78,-88,6,64,-59,-75,-100,-44,0,-42,89,24,-8,-53,-28,80,8,-14,-66,-41,3,-66,31,33,-38,34,-3,46,-1,52,-67,-65,-34,10
-41,9,-81,16,66,-61,-37,30,45,17,-56,78,8,-44,85,100,-40,-55,-49,51,-95,-64,-28,45,72,52,25,67,25,92,41,-19,-38,-51,66,-77,94,-88,-15,96,72,20,-53,-86,40,-91,-27,-73,-90,-1,87,-32,1,25,-8,90,72,-60,-20,-7,-65,-92,-51,-28,25,49,-33,-48,70,89,-35,37,-64,-84,66,-21,-49,-99,-11,-16,-7,-85,-71,57,-40,-91,-53,-95,5,78,42,45,-48,14,-3,-94,-89,-47,78,75,19
-84,-59,68,-20,-58,0,-95,17,33,37,14,-62,-80,24,-76,-16,22,44,-46,-60,48,-68,2,46,-76,-16,53,15,-27,-6,96,-50,-5,92,-89,76,85,14,8,-52,-68,34,-50,-51,65,28,-83,96,-44,-40,-35,-3,-8,13,7,77,-67,-18,1,40,22,-98,79,-93,6,80,-51,2,30,36,78,40,45,-85,-75,52,46,-43,45,35,-40,-20,77,-72,3,26,-64,-1,-93,-84,-83,-67,7,74,-54,-95,29,18,-94,58,-90
-10,-93,40,34,-64,4,27,-40,-1,32,-3,-78,-72,76,-77,34,7,-21,52,-85,8,35,-40,56,86,-27,25,21,8,2,-61,-93,79,-87,22,5,3,-11,79,21,20,72,-53,-30,97,80,-100,-89,-37,34,-66,57,22,-92,-73,16,-60,-4,52,-77,-7,-49,61,61,-68,-18,70,53,-14,20,-51,57,75,69,-47,44,94,-82,-21,13,21,78,90,-45,82,-65,-72,54,-71,80,-48,53,0,-18,-84,36,-32,54,45,-67,43
67,-6,12,47,-60,-87,-46,-71,-24,9,-21,-99,63,-39,75,-94,54,90,44,-89,8,-14,61,99,-40,55,66,-41,-73,-64,72,31,9,23,28,-90,-34,0,-86,-36,-88,99,99,-34,98,0,12,-90,6,-90,-86,7,-27,77,43,-64,-34,96,51,-22,-65,2,43,-34,-18,13,19,-81,50,76,-59,-56,-72,-69,69,9,74,94,16,55,-19,-6,34,56,-78,-76,51,-27,-58,73,-38,94,-2,-4,-81,4,80,-93,100,-34,26
-99,22,-15,-97,-5,-62,-79,-76,-87,-17,-12,11,58,0,76,-100,84,-14,-41,80,83,-52,-46,-11,-13,100,47,52,66,11,-37,53,-68,-30,-59,56,-26,58,-69,-38,77,71,72,24,91,-66,14,63,14,-83,-67,100,-44,-61,-52,17,3,67,45,87,-93,-26,22,36,-10,-47,-36,-76,77,22,59,-4,92,-37,9,-15,-95,13,3,-98,17,61,-30,-22,-7,89,-1,-99,2,-31,-45,66,86,56,53,76,63,93,-76,-88,74
58,11,11,70,-40,59,63,-34,97,51,49,72,-56,34,-5,11,17,-75,29,76,-34,1,58,-45,22,95,99,-82,-98,52,16,-77,45,-66,-54,-18,58,-12,-30,54,39,-25,-90,-85,9,24,-45,28,58,3,-20,-31,-17,-2,99,-44,-65,-26,13,15,-97,27,-29,-62,-7,-11,9,48,94,75,-39,12,38,30,27,90,23,-100,67,-34,51,-89,60,-47,-23,-83,-71,31,81,88,3,-89,-78,76,-32,-44,-44,-47,-7,-44,-60
41,-3,-31,29,-9,70,6,46,42,68,83,-51,-31,-66,-39,27,-47,-30,17,-51,-25,-85,-14,-37,-50,50,75,-67,66,-20,81,2,-44,-66,-16,-44,66,-17,56,43,-70,24,44,10,-1,82,-2,-49,-58,5,-14,7,-89,32,-16,86,-73,-76,-90,36,27,-17,7,-59,-30,-31,-19,80,-65,51,95,-36,-8,31,-72,72,-8,11,11,-52,-95,73,13,-16,-54,3,58,-34,77,-84,-19,27,49,-80,-91,-18,39,-38,15,75,-27
87,-11,61,6,-35,-100,-83,-2,-73,-81,-9,-75,94,-67,82,19,-5,-60,3,29,-5,-52,30,18,-73,38,-62,-10,-83,15,20,-11,86,-95,-10,74,76,-59,44,-77,-24,-44,-38,-64,24,-60,44,98,-53,28,16,77,-57,-9,59,1,-32,-29,-66,63,46,14,20,43,66,38,-74,-34,77,40,-37,-72,51,-62,5,-11,-58,26,42,74,-95,18,-54,-55,-78,-52,9,22,0,-77,-50,61,-58,-74,-47,-72,-27,100,-48,76,-3
2,68,-58,-11,0,77,-74,-41,62,40,-52,9,20,-98,48,58,50,-95,-59,95,6,19,48,-92,-93,21,99,75,-78,78,-51,-25,-13,8,90,50,-93,-93,-3,53,-26,-40,-71,88,86,90,88,-6,-5,91,24,-13,-22,-98,-67,-23,-45,35,-23,20,51,34,-53,95,73,55,-52,-12,-100,69,8,-82,6,56,83,-66,35,25,38,-18,91,30,16,12,-6,47,27,-7,67,-94,22,34,95,29,-62,-91,-56,84,-98,-28,-51
-85,-25,98,-82,-35,-22,-16,-29,1,-40,-71,-15,61,27,80,4,-4,45,-69,-31,87,-63,-16,-54,-47,16,-24,-77,-96,38,24,88,-62,-80,39,-11,-81,-34,-23,-76,-4,-3,-46,-70,11,32,40,-89,-47,40,-10,-87,79,5,-99,-42,-25,30,-42,-92,-2,-44,-20,36,-38,-68,-74,64,-87,14,-36,28,13,-95,-25,-67,-49,46,-66,-1,-89,-10,69,-50,21,74,-68,34,0,-83,37,-63,-88,-32,-53,39,-95,48,40,76,30
50,-90,-42,-14,18,76,-56,75,-27,34,27,-91,-31,95,25,84,-65,0,26,-26,90,-2,-84,7,-23,20,-20,-76,76,-85,-50,-85,6,9,95,-76,9,58,13,-39,-37,-41,17,65,-24,-31,-2,37,-80,-68,26,60,79,19,31,-67,-88,-57,83,-47,31,-24,-88,34,19,-73,-8,-20,-30,19,-10,85,98,64,27,-5,64,53,-93,55,-84,-100,8,-45,44,-43,87,-25,-80,-89,-9,8,-24,-45,9,70,81,-49,79,55,99
49,91,-45,13,26,5,-8,78,61,-27,76,-26,-88,-52,42,-84,-72,-42,39,22,-50,-32,27,-2,-65,-59,61,41,-15,37,-71,29,-26,94,-96,36,99,57,75,-53,-47,-7,-30,-56,-32,-62,61,38,-37,-16,-20,2,-27,-50,-25,-34,12,-93,55,85,56,40,-92,87,-25,-6,83,69,-53,52,97,-90,49,26,48,92,74,-73,94,-86,76,-55,-54,35,34,77,88,31,-70,61,18,-99,95,-61,42,-80,66,-76,74,5,35
-13,59,43,9,39,67,46,-57,33,64,-16,16,52,4,9,2,95,-27,75,9,-4,-91,-6,100,-3,-74,5,-66,-85,75,-52,33,-80,-55,-67,96,-43,4,61,-75,71,-49,-92,73,-100,-86,-93,-46,-93,-100,-30,-21,67,72,-82,89,-6,65,-7,6,-86,90,-13,58,-20,-4,13,-43,-24,17,-90,-28,17,-1,88,51,61,-26,41,54,-74,-71,-1,-24,-15,-3,2,-59,87,-6,19,-35,-86,10,27,-32,-33,2,-25,-31,-12
26,4,-80,-69,79,15,-64,-56,15,36,91,-71,58,-84,-24,-12,-31,-43,58,-79,61,-27,44,20,-40,-14,88,66,-63,38,78,-40,50,96,86,-43,-62,6,33,98,24,-71,-48,54,-25,30,18,13,-12,-19,-93,26,-57,-32,73,-89,-30,100,71,-18,-44,82,-59,-12,54,-50,-47,85,-15,-13,19,40,7,-24,-29,31,78,56,45,-68,98,-92,99,98,-63,-86,-21,17,-82,-31,-29,87,49,84,63,-44,-87,-92,-95,62,-67
48,-24,16,50,94,-39,-59,25,-77,8,63,41,29,80,41,-28,41,-39,-76,55,17,12,95,41,17,-44,-15,68,-70,-84,-10,92,-13,-40,-20,18,-99,-11,93,94,-98,84,59,-72,39,32,68,-90,-1,55,-48,87,33,92,-74,-62,4,-49,-85,27,-75,71,-98,-49,55,91,-84,-51,16,37,71,-12,38,68,-46,99,-93,-63,94,-46,-83,-48,-10,-60,-78,50,86,43,-23,67,-26,68,61,-1,-82,-33,-37,-58,-47,-23,-48
46,33,21,89,-79,33,-74,65,66,-14,67,-35,84,63,94,-54,21,-77,47,-65,86,14,-37,-55,-65,41,64,70,39,-85,76,-76,66,-82,-65,80,85,38,27,76,-90,-4,79,75,9,67,-63,45,34,-43,97,-13,84,-90,-75,-23,92,62,55,7,-17,-70,73,-32,-92,82,27,92,28,36,6,23,64,-19,21,67,-72,-23,-99,99,16,-94,-75,65,-72,53,-89,77,99,10,8,42,79,-72,-11,89,20,-74,30,81,-16
-36,-38,-14,-23,50,-27,-8,-60,85,3,-77,-48,35,8,-46,10,11,-63,23,32,-94,77,48,-65,-32,-75,-2,-46,-27,77,6,76,43,-3,98,84,-61,43,-71,-64,-91,-98,-64,-99,-3,5,-50,46,58,-2,-1,-25,-42,63,47,47,-60,-90,-14,-7,32,54,-60,17,-74,-36,8,-12,92,10,17,25,17,-75,-43,35,-36,-79,-56,31,71,87,-60,-52,55,-23,79,-61,-62,-11,-50,71,-99,-9,66,52,46,100,29,35,-3
99,-50,91,52,-6,-24,92,-91,12,60,35,27,-17,-89,25,79,-11,48,79,87,78,64,-93,1,-40,-50,91,-34,47,81,75,-50,15,-87,32,-53,-42,97,99,-73,44,26,-32,-32,-63,63,-73,79,-9,62,-36,-31,14,91,-33,38,-88,77,39,-30,-16,-71,-9,67,77,-39,26,-79,39,-56,-61,33,-87,-97,-53,10,62,20,-81,85,-42,61,-1,83,24,23,-4,65,-91,56,-77,93,-21,-4,-82,98,94,52,46,-23,86
-2,69,-8,-60,-85,42,73,-95,-38,47,-61,32,45,77,22,-17,-58,27,-78,87,91,34,-10,82,80,-8,59,11,-72,53,-56,-7,66,94,-55,98,-88,29,11,41,-63,-68,48,21,-28,36,-77,37,60,-64,38,-49,-33,23,-16,19,62,-39,-50,99,86,-21,18,69,-46,-34,61,12,67,-61,-14,-75,23,-3,-31,-13,86,-84,-45,-8,90,65,-2,-25,-14,57,31,-4,-64,-41,-71,-45,44,-30,-59,-29,13,-71,30,-75,-99
-77,-68,-82,14,-56,25,37,-62,96,49,-39,35,20,-21,-87,64,30,-99,-70,82,-92,-19,-16,-45,-37,97,-78,18,-60,8,47,61,84,5,25,95,-70,74,-39,-67,-90,13,37,44,-89,-83,0,-43,34,49,-71,-69,2,-16,36,-37,74,-75,42,47,88,-91,6,15,-56,66,-63,-91,35,-29,-99,10,47,-2,76,-30,-7,-11,-95,59,22,-29,29,0,24,23,83,96,50,60,62,1,75,9,100,-23,-7,71,-38,-15,-53
-59,23,81,-68,1,-72,-4,11,-44,-94,-44,67,29,-40,-73,-15,-1,62,9,29,-63,51,73,-83,56,52,95,85,24,-30,-24,-67,24,-52,82,73,-82,19,-28,-91,-18,-97,83,-53,9,84,-93,88,-21,-33,22,-78,-45,-61,-78,-7,48,84,-65,0,37,-98,-54,40,95,-57,-70,3,-69,15,26,-89,98,20,89,-40,31,-20,-96,73,39,44,65,-46,72,-22,-18,-28,81,68,-50,-52,20,85,-74,-47,82,87,-24,82,10
41,90,-18,79,31,69,-7,-36,79,-65,18,-35,27,-61,-25,-58,79,-43,-40,-24,82,-20,-39,-71,1,74,21,59,-92,-40,-26,-43,-42,-55,65,88,88,-88,27,-61,-90,21,-99,15,-6,22,97,71,65,41,-46,96,-31,84,-36,-74,-55,-9,25,93,33,-6,-8,-79,19,-25,-31,-51,-73,83,-70,84,12,17,-81,-56,-40,-90,38,-36,-64,-71,-93,-63,-93,68,-87,-72,-59,44,-91,-77,69,-84,51,-10,-43,61,-84,42,72
-30,-7,-21,-24,90,-17,84,-32,-54,-63,-22,11,44,-45,-80,-100,90,10,64,63,-57,74,-69,89,1,-8,69,22,86,49,36,-79,49,-17,53,86,-53,-51,50,-46,-41,71,-13,-79,-47,89,88,-24,36,-44,99,35,-52,92,-1,15,29,6,-62,24,-39,80,-67,-22,-84,-45,-100,-51,76,-96,-41,60,54,-72,79,-61,-91,67,-20,-19,-96,86,25,25,-85,-98,-91,73,-16,-92,67,57,-63,59,-97,27,-43,65,59,-24,-63
-64,100,41,-78,-8,-60,32,-40,-66,-39,81,-20,97,72,-45,10,-31,-50,53,75,81,-33,-94,-86,69,92,-2,-39,51,53,-84,-73,85,-94,-77,52,35,38,-36,-30,-91,60,60,-24,-33,24,22,60,10,-20,86,80,35,-44,38,-86,82,14,75,2,-56,89,-43,12,46,51,22,92,63,7,55,74,14,-77,40,39,24,-19,-92,24,-99,-36,-58,-36,-80,-52,68,-54,98,27,81,-25,-91,70,19,-67,63,91,-1,-89,4
52,-80,-92,68,78,-58,-2,-93,31,25,-50,54,-43,99,23,38,-48,32,-25,64,-40,-63,100,-88,-22,22,95,76,25,74,65,65,-35,20,81,86,-33,-44,89,6,11,-15,-34,1,66,-85,19,24,-61,11,-47,56,51,10,-88,0,-35,-100,82,87,24,36,-96,-70,-35,-33,-80,77,-80,-98,49,-10,100,20,92,-42,-17,-32,-8,-53,30,59,-9,-9,-79,-63,-12,12,6,-95,-40,57,30,63,23,-81,-84,40,40,100,-3
83,97,45,-39,83,-55,-78,93,91,-51,58,-48,-44,62,69,-84,-22,51,-33,-95,7,-74,43,98,87,-20,-23,-30,79,55,-69,58,8,-74,-87,84,-75,81,-60,-24,-40,-71,-99,-96,-29,47,54,-15,-85,-76,33,39,-93,-34,-78,-71,89,17,15,-7,89,44,20,32,-57,34,64,-38,-3,-90,-48,52,-99,-79,-83,71,-99,99,-69,-5,-79,-33,-37,-67,36,-75,-98,-89,-64,-66,-85,-26,-37,-26,67,-11,53,7,-70,-21,51
22,-1,91,-46,-68,91,-77,54,79,-38,94,-38,-35,19,31,40,-52,83,89,78,3,63,-79,-62,17,-27,55,-60,-73,69,-63,-1,-10,-35,94,98,43,-79,-32,-71,-47,85,-74,-28,75,77,-66,-22,-82,72,-95,59,55,24,-55,91,-33,82,65,-40,-80,-69,69,79,-7,-59,-26,36,13,60,-15,88,-1,-36,-47,-62,26,27,-66,-50,-4,26,-8,-80,8,-53,-74,8,69,36,-97,-37,62,-16,-36,-94,24,-33,-72,-90,23
49,52,-73,-46,-47,59,-6,77,72,-97,-11,-62,-20,14,-94,-80,-12,-87,92,67,-71,91,-19,66,97,-88,47,-40,-30,-67,-18,86,25,95,-66,-12,-38,-53,-42,75,-6,83,41,24,-50,18,-42,-28,-29,-17,64,-70,-66,-26,37,-36,71,4,75,-54,40,52,70,-4,31,-40,-75,54,88,-28,-63,28,-11,-36,87,-22,-27,-31,-21,-31,99,68,14,-65,73,-35,93,16,-1,27,34,-97,83,37,3,12,0,-64,79,-4,-75
26,50,-83,-95,-13,-89,-18,-59,35,7,6,-38,38,-93,15,30,-75,-15,66,-61,29,-83,56,-6,-89,-28,1,51,-83,87,10,36,-99,-32,44,-87,59,-71,5,68,56,9,60,95,-28,-58,78,56,16,61,-81,21,-33,-58,-78,-95,14,-33,71,93,-65,-73,17,-88,4,-12,98,-69,-26,-91,25,63,-22,78,35,77,-22,-13,60,55,-21,-14,-21,99,91,12,-31,-74,-73,93,47,84,-91,81,-93,-13,20,-70,-88,10,-74
74,22,-56,-33,-31,-15,-43,-4,56,-33,-23,-95,96,67,94,11,-36,-24,68,-72,-76,73,-32,-61,-95,98,-86,37,56,56,-9,92,-36,-63,-84,30,-3,-26,65,24,-30,6,78,-9,-61,96,-92,24,-67,56,-34,66,-14,-19,49,68,-37,67,-23,-83,-79,-1,-50,71,-42,-32,-3,-19,-36,80,-79,73,-21,-33,89,68,0,54,-45,-6,65,12,-51,33,3,-79,73,1,-11,-96,-3,-24,25,-31,-88,-100,-94,73,21,32,-67
97,-75,-73,-92,-80,19,68,-31,-62,77,-61,-18,-97,99,-6,82,-83,-34,86,0,69,1,51,-37,35,-41,41,96,-2,65,-14,54,-84,-77,88,77,-9,33,29,-32,-97,-75,-43,28,-59,-97,37,-4,-41,-87,-42,-26,-61,-93,12,32,92,-44,-35,45,-57,-49,49,15,44,-48,91,-96,-68,29,17,44,89,47,13,-49,-65,-18,-4,78,84,86,76,-91,-99,30,-78,92,-40,-26,84,-59,40,-30,-68,-99,-25,-81,-52,65,51
51,-68,50,-56,-35,12,45,-77,21,45,94,35,10,49,-28,22,66,24,33,26,-72,91,60,64,81,93,-12,17,-15,-85,77,-10,-57,12,29,41,54,-33,15,96,-98,-59,-96,-79,-4,30,-50,22,74,7,33,-24,44,75,58,-19,80,-50,-10,9,87,-37,79,10,21,-26,-3,-53,-49,27,-9,93,41,-17,-33,-25,-65,22,-4,26,-77,-80,-53,-66,-25,11,100,-32,-1,-31,-79,-86,11,-3,-64,-11,-89,-88,97,-82,-79
64,66,-42,-77,-95,73,63,-95,-93,-62,77,49,53,53,39,-54,91,33,-12,24,46,92,49,38,-80,-57,-37,-30,51,-61,-41,50,42,27,95,35,76,96,47,-15,48,-57,88,-5,38,71,36,49,-37,-8,62,12,45,10,56,62,50,20,78,-60,-67,-71,82,97,42,-72,-27,88,-33,100,21,-48,-50,75,56,48,-78,-87,-76,33,-95,-94,15,-67,98,-33,-52,1,20,26,11,-96,0,-30,26,55,-62,63,6,-9,1
71,-62,-46,91,-90,24,-17,56,17,40,73,-92,14,47,3,-63,90,-6,-42,52,-78,-16,26,-9,92,-31,14,82,-12,-1,-85,-1,-8,92,-97,58,-82,-13,-23,18,27,-3,-37,73,56,-39,-21,9,58,-68,29,-59,-55,70,-95,-1,-1,15,85,-52,-70,-61,-93,-72,52,-70,-34,18,-31,-77,-21,-8,-23,37,47,81,52,51,24,27,-46,68,-47,-4,70,41,39,91,-19,-67,37,62,33,-60,-46,-31,-52,11,-35,77,-21
23,-75,84,85,51,58,90,37,23,-75,98,-65,70,18,-8,63,-59,-7,20,-60,-49,-37,7,73,-91,29,67,-79,51,-45,81,62,67,86,47,58,-78,-45,-77,-7,23,93,77,72,98,48,-26,-88,86,-24,35,-38,-18,-36,-64,51,-20,-6,-63,43,27,-73,-36,39,-95,73,-46,-31,-22,17,50,74,-11,85,-61,69,63,-60,12,15,12,28,67,-28,33,38,14,82,81,21,-95,-90,23,93,-87,97,-71,-16,-31,19,-55
-36,-97,28,3,-59,-47,-23,29,-17,-17,15,80,-47,1,36,70,-24,-71,49,-58,17,-26,-69,-75,-68,80,83,-8,82,-59,78,59,-50,-92,-11,16,-14,-23,16,-30,97,-75,26,69,62,36,-3,65,-16,42,64,46,-34,91,87,39,-2,1,78,-88,96,-27,-12,-27,-99,-43,27,-80,0,18,42,74,-25,-8,16,95,96,94,45,40,-43,65,-4,-64,25,51,34,-92,-32,71,32,-83,-74,62,-43,25,33,-95,-69,15,-77
-62,38,-27,93,-88,47,72,-18,64,65,83,18,4,-6,26,20,38,-90,54,51,-4,-84,-87,95,10,52,24,64,-48,-8,-53,6,-94,-49,45,82,-45,96,51,-27,-1,-41,92,-95,-60,56,-25,-64,-29,-8,-57,-14,80,56,6,-23,98,-71,-41,-74,-18,-16,-46,88,9,-29,-94,-5,-33,-26,-72,-29,76,-67,-63,-68,8,83,-56,53,-5,-1,86,-74,-73,30,35,-39,-66,75,98,43,-62,89,-53,-71,-58,-98,21,51,-72
