92,66,23,-96,91,77,-93,12,-73,43,58,51,-71,91,43,-86,-73,38,95,41,-33,43,4,40,-26,-71,79,-30,-25,25,96,-48,19,98,-78,63,-6,-3,72,10,3,-39,6,68,5,96,-17,-59,60,-46,-69,-61,-78,-44,-44,94,94,-66,-30,-67,-32,-33,-35,57,-35,85,24,-23,60,-53,67,88,52,-8,-34,5,-93,52,64,76,62,0,53,-27,14,-53,53,-82,-57,-85,-32,16,16,35,72,4,-72,-49,-45,-26,5
53,67,29,-95,-59,-34,-74,83,-10,-63,82,37,-59,-56,-1,-29,13,-35,77,-24,61,82,-22,-26,-27,-92,60,-18,-39,22,28,-72,59,56,-39,-4,-54,-71,32,-29,-11,88,-62,-77,-79,-2,-88,15,-15,16,-71,-58,36,-58,-29,88,47,52,-12,67,-6,-85,97,34,-54,80,-92,-90,14,-58,-65,-28,7,53,7,-62,-16,-87,-55,-66,-31,-94,23,-96,-38,75,11,-77,-62,-33,-92,-22,-71,-63,-58,-52,-99,-31,-54,15,-61
-96,-20,-72,69,-11,23,29,-16,-25,-8,-33,-69,-99,40,68,81,-96,21,31,-53,61,59,-86,97,14,-29,-64,65,-23,-92,-77,13,-87,-69,66,-77,98,76,-2,96,-44,-94,-23,28,-85,-56,35,14,-78,72,4,61,90,-21,-31,99,58,20,-98,15,27,-19,64,-38,-56,68,7,71,-71,36,29,-21,-71,-50,-45,-33,-94,49,-38,-8,-47,-61,-56,-78,-89,90,-47,-36,93,-32,-93,-6,-54,-36,91,-97,-97,48,-51,-68,63
-56,91,-51,35,-57,48,-79,-39,-46,78,70,92,66,69,-1,3,91,-88,26,63,-67,90,78,-66,-91,-25,-80,32,77,18,-34,-51,10,-8,81,-63,86,95,-79,87,82,9,89,-92,-84,51,-38,-83,-47,47,24,74,67,-49,-28,-51,26,-23,65,24,15,52,41,62,10,76,8,81,-14,-81,54,-70,-20,-10,-88,-54,22,-42,-76,53,-17,-18,18,-41,1,28,-25,53,-33,-61,-54,-29,72,52,42,-11,93,-75,93,59,58
33,99,-38,-75,11,-95,-94,13,92,21,3,-77,69,77,55,14,-15,-2,-16,93,31,58,85,-18,35,61,15,91,62,-27,-58,35,-3,67,-100,-58,63,87,-41,-63,-24,99,-14,-1,-61,-64,81,-57,-88,-82,86,-17,79,12,-62,-37,70,-81,75,39,60,-14,50,-97,-91,83,-43,-58,15,4,-51,-14,26,86,-82,-28,-69,-26,76,-17,21,-94,-66,-91,-47,-93,16,91,12,-84,-29,-32,26,60,79,42,100,-65,-69,-59,27
-16,-30,-95,57,-74,-92,54,29,50,-36,-84,80,52,-1,62,8,86,15,-68,-65,83,-13,-73,-29,88,-30,-81,75,78,-10,29,94,-60,51,-27,-73,-27,-95,6,-69,81,-17,-97,49,11,-76,-86,71,93,-45,-33,81,-42,-25,36,34,25,-75,18,-18,99,55,6,84,42,69,-80,90,85,-17,-52,51,37,46,-6,71,-51,-61,83,6,-55,-30,-26,-66,4,-99,-45,100,81,22,-46,-22,-82,-24,75,-97,88,-25,87,27,-73
21,-7,71,-7,-63,47,-19,26,-79,59,-58,-35,80,-75,46,-35,13,-35,-38,9,97,-82,77,7,86,31,-62,33,-5,-25,61,53,-6,2,1,-6,-59,31,-34,45,59,-35,19,-12,48,68,26,1,95,-41,-90,-23,1,48,88,8,-96,-16,-81,-59,-29,-9,-28,64,30,87,91,74,-97,65,75,-75,-77,-69,-74,73,65,31,82,-29,-9,-7,-68,45,-24,-72,-69,-58,-19,-83,-19,-38,-92,-23,-60,-82,56,-4,56,65,-32
-66,13,-3,-18,-44,-20,31,15,36,37,26,-48,-39,-22,14,-19,22,-83,74,30,94,-70,35,78,44,18,95,70,-69,-28,14,9,75,-88,65,-15,92,76,3,25,-23,97,-46,45,55,-61,65,100,32,-84,53,-81,-29,54,-60,48,41,78,-99,-9,-57,56,-88,-43,-58,71,52,-1,78,41,-62,17,-95,47,49,93,56,-59,-7,-3,90,-32,6,-9,86,53,22,-49,-41,10,41,71,-73,-49,-1,17,-64,-52,-87,-66,-76
-30,32,79,-16,98,-87,-90,25,-91,-2,23,-54,50,43,-55,98,25,-80,36,74,-47,-30,-39,6,40,31,93,16,-62,-66,-52,64,19,-51,-50,-84,58,-13,28,74,81,4,-35,-52,21,59,-79,33,-47,6,83,28,79,-14,-40,45,87,-8,4,-82,89,-26,-1,58,45,56,-59,33,-9,26,-80,38,89,-28,22,-88,-98,54,-87,68,65,46,36,36,-72,-18,48,-75,28,84,-68,64,44,98,-4,98,89,59,-58,61,-61
59,-3,-26,26,65,-37,-8,-21,33,-67,17,-86,69,-83,-81,41,89,47,-82,-8,11,47,-14,59,56,24,72,-49,-72,14,-16,77,59,-93,50,77,14,-82,49,-80,-48,-42,-79,80,-56,-27,-6,-48,4,29,90,38,-62,77,-24,-41,80,-17,25,-61,-49,-94,-98,88,47,-79,-92,-84,-10,-94,62,2,-56,-14,7,50,38,-75,-80,66,20,-18,79,31,91,-14,46,79,45,-80,95,-16,47,-13,32,83,92,-85,52,86,47
2,-11,45,-80,-82,-72,17,-82,-90,-7,-18,-63,35,-53,45,7,80,65,-71,42,-19,-50,-46,28,-85,78,80,-85,44,-91,97,50,8,-88,-69,53,-64,68,14,24,43,-45,-95,-38,-57,12,24,80,-95,-42,62,76,42,-19,89,38,61,21,15,-39,-76,51,37,55,20,73,-72,-93,6,-74,74,-43,-95,85,69,33,2,-4,4,-21,-2,-39,-87,-89,28,-14,89,16,-60,29,-87,73,21,-96,-89,76,-56,9,-13,76,20
62,49,-72,-99,50,-79,-88,-6,-41,14,-5,-87,15,18,6,-99,-45,100,-59,-44,-82,20,-44,-3,63,-68,-25,77,59,84,70,-43,-73,-29,15,71,100,2,-57,65,-85,41,-68,-45,-29,-48,58,-36,-81,69,-78,-8,-94,-64,0,70,-31,45,-69,9,-90,-25,-11,64,-78,-39,58,-34,1,55,-85,88,-63,-3,-63,-19,38,7,48,96,14,0,10,6,-1,23,-58,-40,-84,-16,-49,44,-36,43,77,40,58,53,85,13,-79
-57,-8,2,-56,58,-19,-87,15,-6,-28,-12,72,24,-94,-82,65,-11,32,32,90,-48,37,72,0,-67,-25,83,-10,0,-49,-100,12,-54,-18,-3,-41,14,16,11,88,36,-80,2,74,62,-61,0,5,49,67,-38,61,-5,-16,90,16,76,-2,36,25,68,-40,-11,80,-40,-18,40,-47,6,45,48,88,-88,-17,42,-51,33,83,36,32,52,-51,-55,16,64,-65,60,-64,-50,-27,18,-11,90,10,-98,91,44,40,-20,66,68
82,-71,22,84,-23,25,43,-60,-86,75,58,96,32,-5,24,-32,-71,-87,-75,32,78,-96,6,-65,-53,-99,-95,-74,8,23,-11,86,-91,-91,-62,35,-78,-44,-10,-32,-67,-90,35,71,19,-79,48,27,85,-47,41,77,-58,-76,46,-36,-9,1,-38,-69,-39,-52,-50,-77,82,29,54,0,-35,-25,-70,-42,-68,66,9,-95,-76,-38,-56,55,-81,-67,75,-98,-8,-37,-23,-4,23,67,-42,-86,20,-50,-46,-30,50,84,-84,-46,-16
-40,9,-59,1,25,-11,-30,42,-74,-36,31,40,-15,62,-41,-88,81,-28,19,1,-24,-95,44,-42,49,77,-62,68,88,98,40,-85,20,-36,-43,91,1,48,-51,-7,-97,94,4,-4,-69,-15,100,41,-78,3,-91,-73,60,17,46,-53,35,0,43,49,-60,-45,-1,-82,79,24,-70,-61,50,100,26,62,46,55,-72,-98,6,-42,69,-44,-24,63,-80,-13,84,21,-16,-35,-86,47,-80,-63,52,17,-30,85,79,-26,-81,49,39
57,-50,57,-62,-10,70,55,-18,87,-18,-75,71,-63,-25,-79,100,-20,44,-98,-96,-5,84,-100,-52,-63,-66,38,84,88,69,-48,4,90,13,-9,86,77,-84,-22,51,-69,61,52,97,-75,77,-61,-5,-99,93,76,5,-94,-46,67,-62,-74,-34,-34,-12,6,-41,-70,-70,-63,73,39,-9,-61,-85,-63,43,-12,-3,-86,-99,-65,-49,-7,15,65,65,10,100,66,68,-19,-40,-37,15,55,-15,25,-11,-86,16,69,61,-14,-41,-41
66,30,-24,-5,60,43,-73,35,-87,93,69,71,98,86,-34,97,-31,-63,-35,-21,45,-27,-28,22,-9,-8,-72,41,-5,-98,16,0,-77,70,27,33,2,82,20,-55,-75,66,37,69,24,11,85,22,51,-43,73,97,-21,-76,-26,-52,-90,-11,-52,-21,67,-100,86,-70,-67,-38,-7,-71,43,92,-46,88,6,22,74,-62,13,-63,-83,-88,-26,40,33,97,62,-94,21,-83,44,7,-31,-49,-71,-81,100,-16,-20,32,75,100,39
-7,99,14,-87,81,-41,82,-4,-55,-62,24,-75,-93,-33,-87,-59,22,51,-72,-50,-74,-39,72,92,-74,-69,65,68,84,-39,50,34,-65,9,70,-73,27,38,16,-48,49,-16,-49,86,72,19,31,84,-42,3,99,57,47,-25,-19,-10,6,97,-70,60,5,-12,-74,-12,-5,-83,-18,41,-6,38,29,-47,-25,-5,-54,-59,-47,-41,-74,-45,-3,69,-73,51,33,33,-95,47,38,-91,56,54,-18,55,-20,63,-19,49,-49,18,66
-56,35,78,47,-81,-85,58,99,10,-62,-8,27,-5,-7,21,41,-27,-6,82,21,4,-18,44,68,-90,-76,-53,-31,17,-94,60,46,-93,2,-72,-71,22,-73,59,38,-47,-69,-99,-54,87,91,95,-22,-74,27,77,42,89,-22,-45,92,-8,5,-86,-76,-15,36,24,-90,88,34,26,52,-37,35,-49,-55,-90,44,-13,-30,0,-9,-58,84,72,-3,42,86,68,-78,-50,-96,-53,-35,10,33,44,95,-42,-16,24,95,92,97,-21
42,62,-74,-30,1,-77,-21,-17,-39,37,-30,-6,-51,-82,12,-21,-8,78,90,-83,8,80,-67,-85,-36,-51,20,-47,-37,-27,77,-15,63,-3,73,81,49,72,-90,32,76,5,-58,80,76,63,-44,58,9,98,35,70,-4,34,-60,-6,15,-51,34,95,69,89,-76,-48,-67,75,-85,11,13,88,100,33,20,22,-85,12,93,-1,80,-21,50,-12,39,89,75,66,55,68,99,81,51,68,25,-89,93,31,81,-95,33,13,34
32,-81,69,8,14,15,55,-93,-59,-46,22,67,-30,-19,-43,50,-39,87,84,-62,28,60,-15,95,-70,-55,-37,21,51,77,93,43,-20,-25,-2,94,92,-74,-30,52,-27,-12,-93,-17,-52,-39,75,-65,25,-53,97,64,-15,95,-33,-52,54,-70,-94,-53,-11,-45,7,-79,94,-42,-59,90,-15,23,-44,-21,-90,-38,-85,8,-58,-2,22,33,26,51,26,-33,87,-56,-15,97,-98,4,87,35,52,-1,-6,-10,2,-64,21,-3,-72
-58,-99,-68,55,69,-66,-54,-91,-8,-93,-28,67,-55,53,94,-6,-54,78,-44,97,-38,56,64,70,-79,-10,0,-68,21,75,-25,66,-10,89,-63,-79,76,68,1,-86,64,91,63,85,-2,-72,41,-17,-10,66,7,99,4,-46,-99,21,33,21,-44,-83,54,-69,10,-38,6,26,31,78,-57,2,26,-91,-5,-35,75,-32,-80,-8,27,66,99,-50,34,-38,-84,67,-85,-78,94,-35,-87,-55,77,-29,82,-13,78,35,95,10,-26
57,41,19,22,0,84,18,-73,56,-43,69,56,-78,36,72,-67,5,-6,-17,-40,33,87,-47,-20,-88,-70,7,-35,59,53,43,-53,67,17,52,-99,92,67,46,-40,64,-77,-92,17,92,-18,17,-92,-69,21,7,-75,-19,-93,86,-63,-35,52,53,-3,-65,-86,-32,-33,60,-39,-25,-24,-52,-13,100,98,40,-36,-5,-46,11,48,64,-92,-1,-14,64,14,-99,-33,3,-15,12,16,-58,-100,94,95,-73,-72,69,24,65,-21,-17
96,22,-91,67,95,-81,-88,-96,-15,-87,-54,18,13,-78,-4,3,60,86,-30,1,-85,21,-57,-83,-19,-71,-35,-48,39,-99,-98,94,-51,69,7,-24,-47,-57,65,-28,94,-86,2,54,-12,-28,-61,-71,65,-61,-46,-77,-39,77,-93,41,-6,72,91,24,84,-27,71,73,16,-25,-88,-77,-12,73,35,-96,2,-24,75,69,58,-72,-84,46,-70,-73,-2,38,-72,75,-7,63,-52,-71,20,88,-96,45,-30,-1,56,66,29,21,15
-38,51,-36,99,-2,8,17,44,-26,-36,-7,95,-36,4,94,68,87,-2,23,-43,14,79,36,-66,65,93,75,34,-51,19,76,-39,-78,70,-72,31,-21,7,7,-44,-35,-84,-69,-78,89,-23,-57,-39,-35,16,-86,-41,98,99,46,-85,54,-79,48,41,45,97,95,3,50,40,-49,35,43,-9,40,15,-88,57,1,97,-47,15,-84,88,-40,24,25,-10,-58,15,-17,-19,-96,35,-95,36,28,62,34,-73,24,-67,-64,66,-10
30,-43,-82,2,-2,87,89,91,16,85,3,-13,33,-8,46,82,-62,72,76,83,48,-69,12,19,-32,-69,62,56,-80,90,97,77,4,69,-65,45,62,-13,-35,94,91,-17,25,-48,-94,0,-49,-97,16,34,73,49,4,-70,-99,-89,22,-98,88,52,89,-24,-20,-39,71,15,60,-22,-3,-41,-32,34,-86,-92,82,77,79,83,89,-77,82,23,-73,-13,13,95,-83,-8,54,89,47,-63,-76,-23,-58,-24,34,-7,51,-14,-53
33,-47,-73,64,-9,97,-98,-52,77,-73,48,-65,88,-9,-41,91,-27,-85,22,50,39,42,79,58,6,10,22,94,-93,-22,7,-51,9,41,-29,33,48,-23,71,-93,52,-23,1,67,65,-13,76,-98,-45,-77,-59,-44,51,-58,48,-45,3,-12,26,65,-4,-48,-3,37,67,-51,29,-81,-43,20,-99,-27,-61,17,52,81,-80,94,-29,-83,19,89,42,-18,-82,92,-12,39,-6,63,-65,-44,-40,-7,-26,-88,36,-31,-26,-28,76
76,32,4,-22,58,-43,65,-30,38,71,44,-35,-32,89,80,-75,-55,58,87,97,-33,26,-35,-98,9,73,37,-3,-44,68,-25,7,13,-38,8,63,-29,-37,53,38,39,-50,-53,-66,-39,-47,24,-39,34,-2,-53,-16,-94,-100,-77,34,54,-17,-10,70,-23,14,16,-21,-36,4,-90,8,68,-53,-24,60,-33,34,61,15,45,-53,64,65,-25,55,16,94,-29,-15,81,-58,-37,-28,-37,49,-77,-44,18,46,27,71,-94,73,-17
-73,76,-96,46,-49,-98,75,39,73,-51,7,-28,14,-68,16,-12,19,9,-71,8,-66,-86,-84,-51,56,13,69,-70,-71,38,58,-27,-26,-92,-82,8,-7,64,40,-99,22,50,99,34,-31,-77,93,-41,23,15,26,51,-76,11,25,21,-28,-42,-57,-24,72,-95,-36,26,-25,-64,-62,68,74,20,39,-89,-4,-28,-52,-56,82,-13,-93,-62,-29,-18,51,-94,-61,39,83,-52,99,77,70,88,26,88,-26,39,68,-8,98,86,88
-66,-34,69,-50,-42,66,89,-16,22,51,83,-58,-39,4,-95,-96,-83,-100,46,70,48,51,-50,-27,95,11,-18,24,46,-62,2,-88,24,85,-67,50,75,-12,-20,-1,-99,-52,-66,-41,-17,-8,-12,-61,-31,-10,-1,25,52,-2,-61,68,14,-91,14,-21,45,-63,31,-30,-93,56,57,-95,-97,-18,-27,-62,3,79,-99,-57,40,-18,50,67,68,-44,-14,-38,8,-7,-57,-44,86,31,-5,-100,-73,-32,100,35,6,99,-51,90,-27
-50,-99,29,9,-18,95,-14,-79,-53,-56,-33,-10,-28,-32,30,59,100,28,33,-85,-51,-69,-54,66,35,-6,24,67,-51,-34,26,18,89,19,72,-23,19,41,28,-27,93,-30,80,97,-60,95,33,20,-60,93,69,20,-90,94,-44,-81,-100,41,-2,85,-86,32,-11,-85,-46,-93,42,61,97,-91,-100,-99,48,-92,-76,-77,-64,36,63,45,62,56,-21,-17,-95,-69,96,30,-19,-25,-100,91,47,81,39,20,59,-81,-14,89,-16
41,-19,78,-68,-57,-64,67,-78,54,-42,37,-32,81,33,13,-12,-77,-29,-78,-81,52,12,79,-75,78,87,-47,-16,-62,43,-18,64,76,-40,-60,-6,-37,-91,-50,34,41,-87,74,-98,55,-20,-78,32,-68,94,-20,-87,-73,-43,7,-7,16,-84,19,-12,-15,-90,-20,56,47,28,81,12,49,-44,32,-58,86,-4,62,-87,-82,74,-11,-72,-11,6,87,-35,-77,-17,-86,33,93,-65,29,-4,50,51,17,97,-38,75,51,-78,70
-7,-73,43,0,-36,-73,68,-7,-63,40,-45,-10,-63,-62,-9,100,-92,22,-52,46,30,95,84,-26,-6,77,63,-78,-72,20,25,-9,37,14,-20,-85,40,-49,-96,-7,-1,90,24,-26,15,-76,1,-3,-16,-15,-91,-48,-67,97,39,-11,34,48,8,40,-98,-16,-40,-72,-38,-80,-10,-40,-66,-89,69,95,7,0,64,-97,-28,65,-61,55,-3,21,-57,31,-40,1,80,63,-93,-85,88,-73,87,-27,73,4,60,75,34,97,47
-81,6,-47,-23,-35,-46,-1,95,84,-27,24,-52,-12,-18,70,-51,-89,-62,-50,-74,23,-59,-23,-79,18,65,73,3,37,56,8,-93,-65,74,31,80,91,65,-8,72,-40,-96,66,5,76,65,74,-32,-4,38,78,-75,14,81,17,66,11,-11,-43,-27,34,-13,90,-5,-59,-64,35,84,-5,63,87,-29,-26,26,54,-51,17,-60,93,42,23,84,-10,-40,100,-62,57,23,89,86,99,89,-2,-83,27,29,59,55,-77,-30,-7
-83,97,-70,-55,25,50,-56,7,92,54,-74,-13,87,3,27,-86,-70,12,-7,-5,25,78,2,27,57,65,13,1,-5,75,-11,-61,62,33,1,28,-36,57,-7,-63,-97,6,-59,26,-70,-32,-67,57,20,66,90,54,66,-94,-85,-56,91,39,-40,-43,-3,42,51,56,-49,-94,0,-91,10,73,99,59,-72,-53,14,-59,-3,86,-52,58,46,-94,-63,96,-12,-37,25,3,96,-19,74,-42,76,-3,-18,-82,0,-23,34,-21,59
-76,-8,24,-1,-88,-81,-87,-39,-86,-98,6,55,-83,-58,-46,38,47,2,55,-32,-91,-35,-91,-72,9,3,51,-77,64,96,65,-95,-72,68,-33,71,48,-55,24,-46,22,86,89,21,75,-25,-97,-76,90,13,-68,43,-68,-63,-91,-48,83,85,81,22,49,-80,13,-68,57,-98,59,-90,50,29,54,-54,-4,-99,-72,-8,26,-18,17,-36,87,-54,27,-26,4,63,0,-20,42,32,-46,7,-45,-23,78,4,-11,52,40,97,-97
-24,74,-28,-92,-5,79,-41,3,15,17,96,43,94,4,-58,7,-14,68,-22,26,34,-66,86,-5,80,94,26,-98,-7,42,-95,4,79,-54,-77,86,29,71,-16,84,-77,-7,90,-54,-22,8,58,-59,68,-59,-19,49,-83,-46,-42,89,45,-20,-33,19,51,92,6,86,-19,-53,92,-61,49,-97,46,-64,-83,-44,-73,-33,86,-16,62,-39,-62,-33,-42,7,90,-6,-88,-49,44,-4,-1,-51,2,-77,-48,-81,-2,95,-56,-17,99
49,98,-74,98,25,96,78,57,-47,79,-63,52,1,-24,94,75,11,27,-29,85,53,-34,47,11,-35,-77,57,38,-38,-17,-7,69,-52,0,-32,91,-60,64,47,20,40,69,86,57,24,22,83,-68,69,97,-5,-49,25,51,68,-52,-71,49,6,-79,-99,-69,-92,-74,99,17,-81,-30,-37,27,17,3,-52,-95,-33,56,14,94,-50,-23,61,81,37,76,-87,-13,-70,-5,-82,-23,38,-83,19,42,-28,54,12,70,18,-70,1
-54,19,20,-82,-93,28,87,-57,-8,99,59,76,67,37,-65,-93,69,-32,-63,42,-28,38,-39,-72,27,-71,-78,67,-62,36,65,-5,-60,37,88,-78,42,32,36,-14,50,55,48,-82,10,-37,75,-42,-28,0,-47,-37,-47,70,-16,38,-84,95,38,36,-81,-99,39,56,66,-10,19,-71,33,86,-12,-34,80,46,32,-75,-51,-68,12,63,72,89,64,-96,59,15,-79,-77,5,-82,-13,92,93,31,90,68,32,55,27,35,85
-6,6,-58,10,-33,67,-70,-40,-59,-39,90,48,78,-98,-37,-85,89,-32,33,-21,77,-79,-22,26,-85,-60,-64,51,4,6,26,-58,-42,-80,87,79,-16,68,-66,-3,39,-71,-67,9,-39,-90,72,50,80,-96,-91,63,-24,35,79,65,-29,31,76,-80,-84,-25,12,-35,59,44,15,69,-33,25,-81,8,48,-56,-47,17,-74,-49,-54,55,-100,66,-20,-74,90,-34,97,12,-88,1,30,-88,-35,17,-53,51,77,-80,-97,-66,23
-8,90,-30,83,35,-56,-45,61,45,16,28,-39,-48,19,37,-57,-66,96,-29,-96,-73,-14,-64,54,-84,75,2,55,-87,-95,4,87,99,-14,-14,51,-6,51,-77,-29,-18,75,44,93,85,39,-40,-32,-12,24,-16,49,-44,-38,34,-84,-84,-11,87,25,-44,-79,33,14,-65,39,21,51,-19,-75,-37,8,-61,-9,78,97,-47,2,-76,-76,-63,-84,-35,-36,72,95,8,9,81,-54,-34,67,-56,10,-20,-18,-80,5,-21,3,-45
-31,-7,-86,-22,-56,-95,24,-56,39,-18,-38,98,-57,-92,72,-15,-22,-17,-41,-95,34,30,-12,22,48,-51,88,52,-77,-34,80,71,-27,-59,99,100,29,92,-1,-37,1,25,78,-82,35,-30,-60,96,64,23,5,93,-99,-54,97,67,68,-60,-4,-19,-35,-83,-57,19,27,80,-89,75,74,-14,48,-70,-83,48,-13,25,-31,48,-5,64,66,-35,8,-100,80,-84,23,-32,-9,64,50,-10,53,-6,-18,39,47,51,-48,-16,-24
-55,-61,3,65,54,30,-53,99,77,-1,-57,41,98,-48,49,7,-11,-95,47,44,-75,93,-98,-62,45,14,25,47,-57,-46,79,98,-38,59,-31,-35,-17,-72,-69,10,73,-6,26,4,38,-84,-6,-58,91,-28,45,-60,-1,-13,-65,-80,-27,72,99,14,69,-40,-60,-64,-21,46,69,-56,-91,92,-26,13,-40,-6,21,-59,-3,6,-68,35,73,-78,-47,86,-71,55,76,-98,-79,-5,21,33,-98,-23,-23,83,54,-42,0,-100,80
-57,4,-20,-63,92,-62,-19,1,74,-60,74,-3,-5,97,-21,-91,-2,37,-34,-4,69,-76,-53,82,-50,18,95,55,79,-16,-66,-14,-59,-89,-57,-67,-80,-68,-79,-49,-97,43,-5,-40,-78,-58,-2,85,39,45,39,46,-83,-10,-41,-36,42,79,-73,93,-78,-97,49,-29,-14,33,36,-60,86,59,89,-98,35,-83,33,56,-81,76,-42,48,-54,85,67,78,20,-43,-43,-53,22,17,-54,-32,-44,10,-88,54,-74,40,77,-55,43
86,-93,24,19,60,87,-53,2,-14,98,73,90,-50,-87,-86,-10,-22,91,83,38,62,62,35,-4,-20,-67,-49,77,-87,-60,-11,-83,-86,-78,85,-8,-67,21,28,40,51,75,52,-34,-16,-63,-64,86,54,41,61,89,-7,6,71,2,61,37,-20,13,-71,-90,-27,-45,-85,-59,-49,-16,-24,-30,100,-33,17,71,-34,-35,99,39,99,-75,87,-9,-29,-19,25,87,13,-53,-88,37,-64,14,-1,31,-40,47,-30,-72,-91,92,-59
50,19,57,44,19,-16,-78,-35,-62,-30,52,-97,-43,-12,-76,-62,-14,49,-22,-5,53,89,-39,-18,-22,64,89,84,-42,52,46,-67,-52,-52,-45,-57,-73,-11,46,-42,67,-94,-98,4,-63,-18,26,7,29,-52,5,-8,-97,1,-10,36,32,8,14,61,-72,35,-65,-65,65,-82,81,62,-60,76,-46,42,-19,84,-71,-20,42,-32,97,18,-4,69,99,-77,-21,16,-30,35,88,-10,-17,69,-67,68,84,9,-78,43,49,75,67
-16,26,51,72,88,-76,-93,72,-40,-6,-20,50,-77,-92,29,64,87,-48,9,-100,-46,89,-88,32,-100,-87,-71,56,-58,-85,-68,0,37,30,68,48,-94,-32,69,-65,81,-12,1,-96,93,-23,62,-97,-94,65,-6,83,43,63,39,-61,40,-98,-96,-77,91,-48,56,-23,31,60,-64,-60,-43,0,46,-44,44,-2,51,-64,-81,-1,-79,-29,80,-53,-20,-12,-20,36,-96,-8,-50,-26,76,-66,-90,42,-62,21,93,50,-51,-98,-62
-67,0,43,-20,34,5,-25,-18,-11,42,47,-39,-80,-26,-69,-36,-30,78,41,-36,-83,79,0,-16,-11,12,1,-36,7,-9,-25,61,-48,25,-11,54,32,-86,-17,17,90,97,-64,12,-52,4,-60,-9,41,-57,-95,-45,-1,93,47,39,-68,-93,39,71,45,44,60,99,-12,95,53,-8,-100,-34,-76,-33,83,-2,-41,-72,81,9,87,-94,-65,-76,28,-59,78,14,-4,33,-77,65,-43,15,72,66,44,32,-50,29,34,-76,-98
22,-90,16,-95,-13,75,-27,17,-83,30,61,62,47,-38,-43,-71,-85,94,77,-86,-30,28,-85,-31,-82,-42,34,10,78,61,34,35,-53,69,-41,-64,-25,-33,8,-81,56,-71,-52,-98,-86,-69,14,-38,-81,-22,-12,40,-97,20,98,50,82,-52,-99,-82,90,-15,-61,-50,36,46,51,80,32,-22,66,89,-75,-29,16,-84,-80,5,32,40,-13,74,-3,23,-49,16,95,99,-62,67,88,-85,15,81,-85,-70,-58,-99,22,4,-84
-89,-17,-53,7,26,77,-14,-47,-72,57,-44,69,21,-78,-31,-32,31,35,-49,1,-84,1,-6,26,-45,9,7,3,52,30,-40,23,-86,32,15,22,43,-4,53,43,-65,-18,-92,-53,-55,90,7,-38,-84,-64,-15,-60,26,70,69,59,23,44,-1,49,-72,23,79,53,-23,-17,79,84,-62,12,36,-54,-37,-54,-86,-22,99,71,71,54,-27,22,64,94,-3,-55,-59,-16,28,51,33,-41,18,-22,30,-99,-71,-23,6,-63,-37
59,-77,17,-39,-73,-84,70,14,85,-39,-39,37,-23,-31,67,-75,86,51,83,85,82,49,-61,-99,84,59,-47,-100,60,-15,-91,48,80,-8,52,-52,4,43,-97,-10,-75,39,-60,-2,-70,-39,59,-27,77,-8,100,-44,-7,40,34,83,-32,42,36,-83,-87,-16,94,81,20,61,51,83,-8,56,91,-86,67,-52,84,-51,-86,-10,31,-92,16,-30,-88,-55,57,-8,-79,26,98,-28,-85,54,70,3,-26,90,91,-27,78,95,22
54,-69,-47,6,-81,-91,14,66,6,-73,-10,-22,80,-12,75,-3,-43,63,-94,-87,-15,-81,-21,81,-34,-97,87,-70,-55,-88,-45,-40,-41,82,-31,17,4,71,1,80,-89,-14,-17,-13,-29,-96,59,89,52,-37,31,-6,63,79,23,36,69,-82,45,-77,18,46,-4,77,12,-43,57,-64,70,-32,11,-69,-90,47,74,50,-97,12,-63,-35,-5,43,-74,-93,-27,-83,22,-75,12,-84,-22,70,-89,85,-97,-46,6,59,-62,41,70
-68,8,-98,24,-39,-19,-64,-50,79,-95,-46,54,-19,-45,-19,-67,78,-52,11,-84,-62,-68,-64,31,17,39,-20,19,-7,50,67,49,-62,50,-25,40,-12,60,-35,-51,98,-36,48,-13,-62,-4,-93,94,-95,-50,-72,57,98,98,-40,99,-27,-25,87,-36,7,78,-100,-6,-24,-12,-31,-31,29,74,60,-17,-79,1,-90,-25,-90,16,-94,-80,55,-21,15,61,60,-12,-88,92,-83,73,80,90,21,-95,-84,93,42,-97,62,78,90
-95,-5,25,68,-37,-80,-87,91,-1,-33,83,17,-21,42,-52,-80,28,-34,79,49,9,-51,-7,-68,62,90,-67,25,-70,28,55,57,-64,91,-93,42,-44,68,-34,-6,-90,11,-52,22,-31,16,34,75,49,60,-96,52,1,71,-46,1,-26,63,27,83,42,98,-49,70,58,96,-12,-8,-100,-82,12,83,77,24,74,-63,82,31,-47,-21,78,6,75,-4,-66,-3,-40,-48,48,-6,74,-17,22,27,74,32,5,64,-42,-21,45
99,-63,-1,-42,-50,-68,78,25,20,-58,78,-42,32,-42,-65,-25,19,86,-96,-29,74,37,97,69,64,-49,98,62,97,-77,-71,-86,33,-89,63,-25,-69,-3,56,-24,-88,-55,33,-80,9,55,75,90,64,-14,42,71,-67,57,-1,87,-8,39,71,79,-19,62,0,45,-38,-75,100,-42,-93,-28,-49,34,68,-93,75,-79,33,58,-58,11,-23,-11,19,65,57,62,52,-34,52,13,-49,-51,11,70,15,64,-74,-36,45,85,58
22,49,37,-48,77,-29,-3,-80,11,-39,24,60,-61,-65,39,20,19,-90,-90,52,20,24,11,-26,40,-32,-77,-95,-91,-38,-70,-61,-82,-49,50,-86,-59,82,66,93,58,62,24,-100,42,-10,22,-96,2,-8,-30,-54,42,6,21,31,-23,-20,65,-87,-11,-16,58,47,100,-57,-55,48,-85,-88,-88,21,-13,-17,0,24,90,-51,7,70,-39,51,-99,60,46,36,55,70,37,-61,-3,-46,59,-51,78,-40,0,100,21,32,-41
36,-62,-75,-13,-99,-78,-98,85,50,80,93,86,27,-81,2,-18,52,62,-86,-28,-52,100,-68,-8,-95,-31,-75,86,-19,-67,-68,28,-59,-52,-41,-3,9,27,87,-97,61,-56,19,-41,87,-41,96,61,-93,-69,92,99,-22,-70,33,-26,-1,-18,-4,86,2,31,-99,-58,-3,-55,-47,-23,45,-85,-39,-94,16,-78,42,-29,44,-74,39,93,87,88,-19,-40,-54,52,-40,48,-65,86,-68,-72,33,-68,47,87,19,5,-64,-90,12
-98,78,18,-55,51,-83,77,-58,-82,13,-40,-67,-9,60,-62,73,-82,-72,-21,-19,79,13,51,-16,43,95,55,99,42,30,-29,-98,-88,20,-47,69,-7,81,95,-100,-52,40,-86,31,-4,71,24,-19,99,-59,-7,51,24,-40,60,-34,-81,-85,2,8,82,38,37,66,37,-67,-79,-24,-7,-57,-88,-22,17,32,-6,-41,95,26,68,-43,-62,28,51,65,-99,-77,48,20,-24,29,-54,-93,81,48,70,-67,93,-51,56,-15,26
-93,-62,-6,-87,61,-41,41,74,-17,-79,14,84,-81,-74,-98,-30,29,44,80,85,-20,27,73,78,90,-73,5,42,81,-22,42,-11,49,28,-21,-25,-81,-21,74,-42,68,82,-82,-7,76,-42,24,-16,0,22,43,96,-8,75,93,95,46,-53,22,32,-15,66,39,-39,31,68,20,41,87,93,-72,-57,-14,86,6,97,-59,14,-28,-36,43,-74,54,-24,100,-30,-99,-98,82,-82,5,-9,-54,-63,33,-24,-3,77,-16,-93,79
-21,-17,35,86,69,41,-89,-30,-85,8,-14,-79,-29,55,-72,25,-77,-50,-45,-59,97,30,4,47,17,-79,-33,-28,64,-93,-54,43,-56,-12,-62,87,-45,-98,12,-5,-37,-77,-99,22,13,-8,-36,-8,-10,-12,30,67,2,-73,63,29,48,24,53,80,-40,43,-20,65,-66,34,81,-30,22,23,85,45,-2,17,83,33,-51,-43,80,55,80,-20,-63,12,-26,32,85,-4,51,-41,-92,53,12,-53,-28,16,-21,-35,28,-99,-28
-77,20,-38,-98,58,-25,-94,-9,13,0,-93,98,1,-78,40,12,65,100,-35,-39,-21,-76,-7,19,22,78,-51,83,99,-25,33,78,-67,4,26,13,45,-61,51,16,-19,62,-67,33,30,26,-78,94,-6,-1,-66,-100,68,-56,-36,-80,-43,-16,37,-18,-30,-86,40,20,-6,18,26,-13,-16,-97,78,11,10,13,-79,81,65,51,-94,-25,-51,-87,-38,-11,55,30,-27,28,79,-51,-36,-3,-64,55,-77,-49,-78,-17,-51,18,52
-92,-76,74,-95,79,-37,-36,8,89,-60,57,-70,-46,24,-34,-50,27,-51,-17,35,26,-92,-37,10,42,59,2,-78,95,-68,-60,-72,-57,-57,-94,-87,-95,-67,-65,-91,-23,-52,97,-64,93,-6,-41,29,29,-67,59,58,-99,-58,7,58,50,100,-90,-33,-56,43,34,-10,-3,37,45,-39,-71,97,28,83,-52,-23,-100,-88,-90,39,79,-31,50,-5,96,-72,11,-99,15,4,-48,100,-27,3,95,77,14,88,-49,-89,90,0,41
49,-58,57,-26,5,-25,54,93,-96,63,-53,-74,-20,74,33,30,81,-80,-73,59,52,-53,-99,92,-67,-35,-27,-7,-95,-31,-62,-36,-88,-98,11,80,-61,-66,66,-76,-59,-46,-4,-27,95,-99,75,59,-68,16,-46,59,98,23,4,-55,55,48,80,-61,-38,-87,-88,-85,99,-41,-43,16,42,17,26,21,70,-50,94,-36,-28,-57,-34,-24,81,-83,52,30,-2,79,31,-40,4,-92,-11,41,69,-37,-41,-26,24,100,-54,25,74
93,90,27,4,-11,41,-72,-34,15,47,-64,-73,-61,44,-74,-48,-32,-81,-13,43,-11,-25,-87,-71,-13,-82,70,-39,91,37,-6,13,-3,38,14,28,92,36,44,0,-51,28,72,51,-63,-9,38,77,-60,15,-68,-95,96,46,-63,32,-85,7,-99,-66,-11,8,-49,4,-22,-67,99,10,-51,62,57,-87,85,-28,-49,76,60,-8,60,-71,70,42,30,-48,3,86,32,58,23,0,-7,36,-6,-48,-68,-46,62,-67,92,42,-30
49,34,67,11,-15,7,17,-53,8,0,-76,92,-18,13,34,-63,82,54,6,-40,89,65,-88,16,-57,-35,33,48,-38,-52,98,67,-58,22,19,43,-45,94,70,-91,-52,-73,100,44,5,7,15,-47,-72,45,-36,42,72,-36,73,75,75,-91,-72,47,-66,-92,-72,-3,30,-27,-13,-82,17,-17,-34,36,-65,96,-50,-34,-89,-76,-4,54,35,-34,20,36,-12,13,9,-100,69,-67,37,51,25,-32,-43,-54,-58,20,-11,52,20
59,56,-85,31,27,60,27,49,-6,28,23,17,53,6,-33,72,-75,-1,-46,96,92,-81,52,80,57,-88,-15,-78,-67,35,-23,-36,80,-91,-35,20,66,-30,25,-84,-100,78,-97,39,-23,14,-14,26,-26,-97,45,26,-57,-83,-21,-69,18,3,-62,-95,-51,-83,88,-10,-89,15,70,77,29,-40,-82,-58,-47,-68,73,54,43,-43,45,-74,-95,32,-48,-42,1,80,81,8,-46,18,18,-86,-83,-69,85,86,5,15,-11,-70,9
-57,-33,6,-12,-41,-98,3,-3,87,-56,-1,-58,76,98,67,-15,98,61,-27,58,66,6,4,-85,-85,-68,12,31,25,46,7,0,32,72,16,85,47,-6,28,13,-91,74,100,84,22,62,84,52,-54,-18,-62,-17,-10,11,-41,15,-40,-13,-82,70,-85,23,-72,80,-43,-89,54,44,-3,22,-64,80,-62,35,-9,-70,-13,-97,-40,84,37,81,46,32,93,90,43,72,50,99,68,-37,-16,-66,3,-96,-43,52,95,17,-42
42,72,-68,-44,65,57,78,85,48,-9,-49,33,93,-36,63,-61,33,-46,69,-30,-8,36,-39,61,64,35,-39,4,-7,-33,-32,-93,93,-20,-28,-10,73,48,-60,-6,-81,-60,-78,-39,-70,-64,-38,-28,66,-19,-67,94,51,-11,52,39,82,-55,19,51,23,-71,71,-17,72,94,98,-98,-65,31,-75,-95,-82,-52,-80,42,-69,-97,-98,-58,10,52,97,-78,-91,0,97,-33,37,-94,83,-55,93,-85,-90,9,-84,-40,28,6,35
-80,29,-34,12,68,-59,-6,35,60,-83,-1,-94,88,-31,-17,-87,-41,24,30,-21,-59,-87,39,93,-54,-47,-58,-4,69,30,33,-39,31,-90,87,-48,76,-68,37,63,-84,-16,3,-69,-66,-56,97,-30,75,21,-64,49,51,0,89,-46,67,-41,8,-40,-90,26,-10,8,86,8,-37,-71,-48,-35,-99,93,19,-93,36,75,-46,-81,-13,-36,74,25,-61,-80,-65,81,-93,-21,40,77,44,63,-29,-56,-75,-51,61,45,60,-23,46
-32,-49,5,2,-60,27,64,-33,87,69,53,-77,30,-11,-12,-14,85,12,12,-95,58,-57,4,100,-18,-72,-10,-30,-80,54,77,-73,-12,59,-96,34,-84,-59,94,-67,34,-94,-73,-58,12,85,7,41,-50,-76,49,-67,-58,43,-29,62,100,29,-58,-29,68,53,-93,-46,34,-28,94,34,-19,-28,-59,12,-88,-68,53,15,-56,-31,4,64,32,95,63,-33,-11,-58,-28,18,-100,70,-39,22,-86,44,-77,96,-57,-58,88,-30,3
-58,-31,51,84,-12,64,-64,-80,-31,14,69,21,-66,-4,-17,41,-24,39,56,51,-80,-14,-36,-41,-93,97,90,51,-6,-44,-13,-65,46,-30,21,90,-90,-62,44,69,-69,-29,45,-60,-22,-26,-8,1,-61,-51,1,-66,-94,-27,-29,20,85,63,-74,68,8,59,30,28,11,98,46,6,-15,83,52,-26,-5,-21,39,76,69,42,-95,72,75,23,9,27,-5,11,55,80,-25,1,-92,-87,99,-65,-16,75,-16,68,57,69,-41
-63,21,-20,-93,93,-14,-83,-54,8,-9,46,-96,-72,21,36,55,15,12,-27,-8,-71,-69,31,-76,-44,0,18,-31,-22,45,49,48,-12,15,62,83,19,74,32,20,55,49,-90,-52,16,-7,-9,47,-35,17,-67,-58,-46,29,-15,-84,-90,67,-33,78,59,-51,96,97,-88,-65,75,98,25,-17,-9,97,54,9,-63,43,6,38,-2,8,-74,29,82,-8,35,50,65,-67,-79,46,80,86,-27,97,-69,-50,-69,57,27,-54,75
54,-65,31,33,51,-6,-69,15,26,-12,16,11,-55,-37,-78,-51,-72,78,-49,44,30,58,81,-63,23,61,-99,83,37,-58,-8,89,79,30,-18,-65,-63,-25,4,36,23,66,34,-1,-26,-67,-63,-18,-59,46,-92,-47,62,70,43,-82,78,78,-67,-9,-1,-67,-81,-62,45,90,-41,-76,67,63,37,-31,-50,-50,-32,9,54,-44,-65,4,-49,-96,56,7,-64,80,-79,34,-54,9,-29,99,43,-82,13,8,-70,64,76,-69,14
-63,-65,54,58,-44,-93,-91,24,-2,24,76,10,-6,-76,73,-68,99,66,58,82,96,95,82,69,84,-9,-17,66,78,-6,1,-17,-49,-35,36,-52,-39,-49,91,82,-57,99,-89,-5,77,-66,-93,-18,-43,-29,26,-60,-21,-20,-65,-40,-31,-58,84,98,-83,20,-12,-95,12,10,13,54,-75,29,64,-5,-55,-66,92,-68,86,28,20,28,-86,-73,-2,-81,18,5,-91,-23,55,55,54,41,-75,-35,-44,-69,-91,-59,21,2,20
12,-82,-63,-67,-29,84,50,17,61,-20,-80,60,-69,-39,-6,-59,-27,70,76,82,29,43,-33,-27,26,-10,98,-17,-50,1,-48,-5,-69,32,64,50,-76,77,-92,-63,-31,-38,89,10,7,73,-14,72,46,-12,79,-21,91,13,-20,91,-31,38,-63,9,78,83,60,-46,95,53,88,72,61,-10,39,66,-5,-99,-36,-46,81,4,40,-54,-18,92,-76,-18,1,93,-18,90,-36,-4,79,71,53,6,-19,34,81,25,-32,-40,-57
97,23,92,-50,25,-27,83,-92,-54,81,98,-17,48,-69,-92,-30,88,56,79,-20,-28,97,-67,37,-75,16,49,-7,42,46,24,64,44,-79,48,41,41,-98,45,99,-99,-77,-60,-92,36,-16,55,60,28,62,-53,77,-45,-95,20,65,-81,-45,24,-41,27,100,92,-6,-39,78,23,-30,-91,29,-55,24,59,-14,19,96,-92,3,31,-59,-38,-20,28,1,49,16,-53,39,64,24,-50,42,-79,7,8,14,-77,-11,91,-62,97
33,26,82,-97,-1,40,25,-24,63,-26,-86,75,-60,100,13,34,55,-21,72,-55,37,-32,72,3,9,80,35,65,-69,-23,-91,59,-34,71,-55,-20,71,25,67,-74,74,46,-64,72,92,-48,56,82,19,63,44,-58,66,71,4,-47,-69,-77,44,-15,-47,-6,7,61,-39,-18,47,-27,-61,-3,-50,-44,-79,-82,-36,73,25,64,24,-31,-54,60,-100,27,24,65,36,18,-3,-45,-26,77,27,18,-67,55,92,-3,47,-32,69
22,-28,73,20,-55,70,51,97,49,-21,8,100,9,68,81,28,11,-56,34,81,-6,-36,-24,32,0,91,48,-44,47,-89,48,-3,-86,-80,-41,97,11,16,-74,76,5,-67,91,92,-55,88,28,64,-60,-56,-66,64,73,-45,-57,-47,52,-77,-92,-24,-43,-46,-27,-82,44,-3,-39,-89,-54,-28,-91,56,43,29,78,-1,-80,10,-64,14,51,98,93,-70,-54,91,76,-55,-66,80,-79,-10,-84,-58,61,-46,-89,36,80,94,-9
49,-34,-86,-34,-18,82,-33,-49,-71,-48,40,-1,100,26,-33,83,12,77,71,-77,-41,71,-82,-50,-77,32,-92,30,-83,72,-84,-71,0,-92,-25,14,79,95,54,87,-76,-37,28,30,70,-35,61,-82,5,99,-92,97,95,-99,-56,35,-63,-8,-35,97,18,46,25,-1,-88,19,-42,-27,-95,36,-89,63,-69,15,-83,-42,30,29,-10,84,23,65,-51,18,83,21,-51,41,26,43,48,-18,68,35,-70,86,-5,-75,71,56,29
-7,24,-95,89,-1,78,-26,-17,24,-87,5,-24,-49,23,59,43,23,66,-7,-12,85,-43,-93,-51,-5,-76,35,-62,0,51,-60,6,2,-59,77,-33,-67,39,-44,13,-73,-32,-54,-68,-33,-96,27,41,73,-17,-51,75,36,6,-47,34,-44,30,-38,-31,20,-68,-26,-38,-58,-69,98,-88,-89,36,-8,-69,25,-26,20,87,8,34,-51,80,-32,-5,-9,-7,77,-86,48,-77,36,23,20,46,-9,-83,87,-57,-35,-4,-26,-63,99
83,26,61,-38,-79,24,-9,84,-14,8,-8,-79,84,-47,-100,13,-17,94,60,-12,33,-98,-2,-38,29,92,31,8,-63,10,35,-97,-55,49,27,42,18,-33,-23,-92,-75,-14,-9,93,-77,84,89,67,-4,-33,29,-84,20,99,-20,13,-71,-28,91,-42,75,-67,-44,83,-37,75,24,62,21,-58,-24,90,-50,46,-37,45,-13,97,94,-19,-49,27,42,11,94,-81,-55,-51,-90,31,-97,-80,-26,-6,-11,-85,-58,25,79,-8,-68
35,-55,-16,3,34,-93,-60,-66,84,-74,-73,86,93,55,-39,-90,-97,-23,-34,11,-20,-59,-90,-45,-67,56,58,4,5,-29,86,46,-60,-54,39,-83,29,44,-52,24,-54,-54,99,26,-13,100,3,-11,-40,-77,-57,-29,-100,-44,91,28,-88,-17,73,82,-29,17,86,43,-76,99,-93,43,-41,26,-33,37,26,53,-30,48,-82,-86,-69,76,-54,76,63,73,-95,62,98,79,-13,-56,81,-35,99,-63,5,13,-14,23,67,10,-87
-80,-59,61,-12,-78,-3,-21,-99,-65,-69,-11,19,-9,-8,-37,-24,7,-63,-17,-53,-91,86,49,72,32,32,89,75,-79,84,-95,24,-42,34,52,-77,-93,-34,16,-80,79,91,-36,6,-85,-42,20,-31,86,-86,40,54,-1,29,9,-13,-94,32,-94,-6,-80,-76,6,57,23,9,-52,-55,-78,56,-84,-59,1,-68,-20,26,-36,-100,-15,-39,-62,-76,-49,19,-49,-45,-59,71,-31,-27,88,85,-4,72,-2,56,100,-44,6,0,31
3,-77,53,-36,17,6,82,-2,-78,-81,43,61,-22,-15,-68,56,24,-23,-17,90,-42,-23,-58,52,-48,-44,54,78,-74,-75,24,-26,-68,-87,-78,-35,-35,33,51,-69,0,100,91,-4,-44,-78,-96,-21,77,18,53,3,15,-31,55,-57,-82,98,89,50,-44,85,91,0,87,78,89,-87,-4,-87,67,74,-21,49,93,-55,82,59,-65,-56,17,73,-10,-30,86,-71,69,70,77,28,-42,77,-75,-43,37,-67,45,-77,-30,-16,-64
-11,-81,-58,5,-72,-99,-16,40,91,-8,11,87,95,62,80,-94,55,72,-94,63,-93,-92,-66,39,93,-45,91,50,64,-11,5,-6,-21,72,-20,77,34,4,0,52,95,-95,80,-1,88,-54,44,31,-12,99,54,-1,47,-5,94,-58,53,76,85,31,-59,49,91,-38,21,-98,100,-7,53,34,67,83,76,-2,87,-47,-43,61,9,93,-5,21,-8,10,89,-95,46,-72,-76,72,-53,-36,-5,30,86,38,-12,-11,-76,-35,67
-85,-48,-53,30,-34,-40,10,86,-11,32,-81,-9,88,57,-33,-17,21,60,-3,97,29,15,-62,20,35,-96,34,-82,24,-78,-23,-83,14,-45,-81,-68,-62,-88,93,-57,59,-97,37,54,34,46,-79,77,35,76,33,-93,77,10,-39,-19,-48,-92,-69,83,19,66,87,14,26,90,-95,68,-4,-49,96,44,-64,-73,98,5,-45,-39,82,-82,67,11,71,66,31,-32,50,8,34,56,19,-6,-93,9,69,53,96,-100,-18,-75,38
52,58,9,51,-45,-13,92,-21,-13,30,-77,51,92,82,81,4,29,35,70,52,5,-38,-3,35,48,40,-43,-4,-41,-29,-64,87,-99,-70,97,69,87,65,-75,-99,-54,-99,60,-43,48,76,63,-14,100,39,-90,39,-20,-73,-2,99,-36,62,61,83,-82,-72,-84,5,43,-83,40,84,92,-36,-3,-76,-53,-99,-72,-63,-92,-76,-24,60,-35,-28,83,-4,-81,-53,-88,5,38,-71,45,96,-43,72,-95,-49,56,-92,29,-61,56
4,100,51,80,19,33,61,-30,-82,33,-20,-49,-27,-30,23,13,74,-89,88,-29,-55,56,19,34,-85,70,-37,-13,21,55,14,8,-40,14,-23,12,35,59,59,24,2,80,-62,-65,29,-71,21,-87,-58,22,42,-92,35,-19,-71,75,46,29,73,-50,-12,-36,-80,26,-25,20,-97,-93,-43,82,-9,-96,80,42,-10,49,29,-48,-26,-92,-34,13,-8,13,-86,-55,0,-67,-94,-27,87,34,-19,-94,91,53,14,79,-31,-11,-91
79,-15,19,67,21,-92,95,-49,-69,31,-36,-52,61,75,-70,38,77,72,40,2,-68,77,16,-35,39,38,-39,-10,-8,0,-79,-37,23,-23,27,-78,46,-89,-64,31,-24,-75,73,-66,31,66,65,-69,-36,47,-54,-98,-52,36,-88,-23,74,45,-90,19,59,-68,23,-14,-52,-20,28,-42,34,-62,87,46,-63,-92,-62,61,-93,22,-49,-38,-25,-47,63,95,89,3,96,-93,-93,-8,-89,-7,59,45,35,-32,69,42,12,-90,-51
-62,60,2,12,29,-89,38,-67,-39,-51,72,27,-44,31,55,-85,-1,-15,-97,39,70,58,-53,78,-51,-59,75,-34,-17,-69,-21,-22,-41,-67,-4,-49,-38,-48,-21,88,-71,-58,-30,100,-1,99,-50,-70,-5,34,-28,83,41,100,-37,-79,78,96,-10,-80,47,38,-18,-60,-79,-48,16,86,-9,50,-45,45,-68,67,64,-62,-98,-29,-68,59,-66,11,14,-94,49,-51,84,-33,60,-47,51,74,83,-73,99,55,-66,64,59,37,-80
49,25,54,76,-10,-87,6,82,75,-26,-80,-34,2,-67,-37,-30,86,53,32,5,-62,-70,-53,20,-15,-17,51,-65,66,-47,-26,63,10,-24,-93,46,37,44,-64,38,15,-43,-41,50,-48,-14,66,29,65,71,5,-9,-82,53,4,-2,-90,-92,22,-87,-94,78,39,-2,54,14,44,9,-39,-14,40,90,19,-73,-34,-46,77,-21,-85,9,-15,-19,91,76,57,35,99,14,-21,82,49,76,-47,-76,57,-75,-95,-97,75,-16,-89
24,4,64,53,70,-24,-55,-48,96,54,-98,-65,-31,-3,94,88,28,98,-66,-22,-29,54,-67,29,97,90,18,-56,-34,66,-52,5,-13,-13,-55,-29,14,-36,-42,63,15,-80,90,7,4,-85,-29,-4,94,-5,77,99,92,56,-96,69,-10,-25,93,-63,-19,39,-53,4,87,-15,-54,-12,70,-14,-27,87,68,29,-68,61,-80,-69,27,-58,14,45,-63,-80,-69,-14,67,-9,-20,-5,14,-56,-14,15,75,37,-39,-70,27,-85,-43
50,-20,-59,52,69,-20,59,5,-94,13,-34,-45,62,-26,-28,-20,70,-81,-54,17,-44,50,-36,67,25,70,-28,34,-99,20,21,-39,25,-52,-82,89,-59,-44,-35,52,-77,32,-38,-91,76,-50,-60,-14,6,0,-90,90,93,-66,70,16,-80,-40,-51,-64,12,-87,71,52,-46,25,37,76,-100,37,-89,4,32,-50,84,-80,45,-6,49,66,-3,25,-48,-65,-42,-6,-45,-75,66,-74,4,27,-59,-75,77,-65,39,11,1,-22,45
-83,73,-13,44,58,-78,-17,-71,-39,-21,-82,55,39,34,-85,19,-73,-19,52,45,24,33,-49,84,81,-4,84,24,-26,-24,25,83,-67,4,-44,-30,-72,-99,-37,-92,-40,100,-42,28,6,16,29,-4,71,97,40,66,-19,42,72,20,30,-84,-50,47,54,57,-32,97,-73,10,-32,-38,-80,74,20,-83,70,74,-23,-7,28,82,-61,-16,-29,74,65,50,-29,-31,-69,-88,39,72,-8,62,58,27,-40,-74,-77,20,13,-2,99
0,-41,89,-83,94,-70,44,-97,-93,-88,-20,-16,-81,40,-73,-68,-63,61,-32,25,60,-62,-88,68,-48,-77,53,-61,-28,74,-90,-10,-85,-88,-11,71,-52,-86,0,100,-59,44,29,-11,77,-79,87,-3,-55,-93,-53,2,78,-15,72,-64,88,-15,82,-100,-100,-92,69,-65,31,-52,78,-62,-45,84,38,86,-80,62,-46,35,-81,-52,91,-99,55,-92,-8,28,100,58,20,-7,64,-85,-80,44,64,46,13,61,35,2,-11,-66,-24
-52,-32,-75,93,76,89,32,37,-68,70,80,-91,-31,-89,-17,40,-31,-79,-49,67,-19,-2,-76,80,-41,68,-63,-68,99,56,89,-10,95,-37,79,-48,43,25,11,16,-74,22,76,24,-80,-79,4,37,-89,-28,7,-40,-54,37,42,-73,-18,2,91,-51,40,-34,93,-67,-90,56,84,-3,1,-24,33,19,-21,-9,-45,88,-88,32,51,-43,60,-27,82,11,-30,14,29,10,-89,-85,72,27,10,-82,72,-9,-96,7,58,16,30
-17,27,-29,-69,47,-73,-79,83,55,-67,53,66,55,-63,-68,48,34,70,-48,85,65,-4,41,79,5,97,-12,-31,34,-26,-11,-15,52,-51,-81,-74,-72,-90,15,95,-25,-37,-42,-80,4,-39,31,43,-38,77,-66,-67,-38,-84,44,49,27,-9,-53,0,97,-68,88,66,99,90,-21,99,33,38,-74,58,89,16,-45,-99,24,-22,18,-8,39,-23,5,-60,68,10,-11,52,2,97,50,42,11,28,61,1,15,72,-57,99,23
17,13,73,-79,-40,-51,79,31,31,21,-74,84,58,51,-91,42,-75,42,-50,-38,-74,-53,60,-31,-64,47,8,-83,-42,-2,-22,-85,-98,46,-23,72,-11,-52,96,-10,90,-6,18,93,-60,-55,-52,91,47,-93,86,57,-91,-9,62,98,44,92,-78,98,11,-33,-68,-49,74,-59,81,-34,-21,18,84,-96,13,95,73,-55,55,1,-91,-91,-2,24,-30,-7,-72,77,27,39,-34,69,22,50,-11,67,-90,-85,-62,-66,-24,48,69
37,52,83,-33,40,-99,-99,-95,56,-60,13,-58,6,-6,73,65,-52,56,-71,65,80,-93,85,-58,53,-5,-43,56,-33,-21,36,-25,77,-87,-37,84,-36,53,-34,-61,-93,52,-55,98,-46,50,65,88,67,46,-50,-8,33,45,96,-100,92,-41,-13,29,39,-79,52,70,-15,-92,72,23,-97,-74,95,-91,37,-3,-26,-31,98,42,-30,96,2,48,48,1,-1,-40,61,-5,-90,43,-70,-15,15,-20,-85,-83,-66,98,-80,30,54
-64,86,-38,-50,-8,-72,63,50,-92,91,98,22,-4,-45,64,-66,-36,76,-100,-59,92,-12,50,-50,56,54,-70,81,80,85,91,-60,47,-13,-33,50,-89,100,7,25,7,21,77,-91,4,86,-31,-63,13,-6,-60,-66,11,71,-9,-80,-98,-15,-53,-88,24,92,-3,-25,-3,42,-89,61,-94,65,98,95,46,79,-14,68,-40,-37,85,-33,-86,30,2,-87,-82,56,66,-44,-8,100,-74,62,-50,-28,-56,-34,26,7,11,-8,-40
