-48,25,42,-74,-58,-69,40,-78,-84,-6,91,83,4,4,66,-71,10,60,-85,48,-36,-11,-16,52,43,-22,-50,22,-37,-97,49,86,-54,48,44,17,3,59,31,-95,-75,95,85,49,74,56,44,-30,80,-77,3,2,-8,-10,87,-4,-8,9,-52,-66,95,47,87,-1,-38,20,80,5,-2,-23,-60,-58,89,-10,-89,2,-17,-30,-43,-69,66,1,37,46,-96,29,-82,-72,-46,-46,-37,-49,-68,-1,-70,75,85,31,95,16,27
20,1,-18,-47,-25,-50,-81,90,39,59,-53,97,59,62,53,-6,13,20,-78,96,72,-46,73,-49,-19,24,32,-81,-90,-94,78,4,49,3,-38,63,97,56,-97,55,34,32,-11,52,-42,40,2,58,21,84,82,-19,-4,43,-5,40,-26,45,-22,49,34,-90,24,15,33,78,3,81,72,42,36,-38,-51,-62,53,-14,-77,0,-77,9,77,79,-29,-62,-96,-2,-1,-43,-30,-66,88,50,-95,21,10,-18,-69,-71,54,-36,-1
47,-86,-11,50,-56,17,-63,37,-69,-52,32,97,-60,-22,15,1,84,95,-27,-41,29,16,-92,-15,2,27,85,-39,-87,-42,37,66,57,4,-19,3,35,95,58,-7,-90,96,-31,93,80,72,-32,53,34,48,35,97,-10,52,-97,40,-58,-15,85,-96,81,-77,63,76,-53,30,-20,95,-16,63,15,5,-3,34,-16,-40,-93,-38,40,10,70,92,67,24,-27,-88,55,-4,-85,-47,2,-66,46,28,43,-8,-39,-12,35,-89,-88
-26,-45,-85,56,53,-42,24,94,44,83,43,-2,-75,1,93,-62,-83,-38,36,2,-10,-9,45,-74,-95,-4,70,60,50,-51,22,5,77,64,-1,-56,-23,-62,-76,57,95,68,50,-22,-73,-99,82,-54,-60,28,32,92,-51,87,41,-58,-20,97,-81,60,34,26,-54,-54,-49,25,-25,-27,56,82,-46,-25,95,83,-89,84,67,44,23,-16,-34,-92,87,-36,-12,41,-21,-20,54,-51,25,66,74,-32,-36,29,30,53,-91,-60,-18
49,72,100,62,35,20,82,-34,19,-1,-80,77,-57,61,21,-86,-31,26,57,-81,-42,48,1,-4,-8,-47,-41,-91,57,-77,56,52,-74,91,-13,-88,100,5,44,23,-65,86,-24,-80,7,-63,-86,5,48,-75,34,36,22,20,66,-85,44,-56,-36,68,-49,-49,-89,-47,91,-95,77,51,-20,63,10,2,-60,-23,20,94,14,32,-4,36,-27,36,-2,-68,51,45,-45,-67,-45,61,-26,48,-48,30,-85,33,-58,-75,-74,-90,84
-68,47,-80,-64,67,80,-71,-51,93,-32,-24,80,72,-74,44,7,55,97,-63,-49,25,-7,-33,-68,26,-28,19,-6,-52,-25,90,-61,51,57,-41,36,3,34,-42,79,-10,86,83,35,-72,33,75,25,-31,31,-38,-34,-16,-25,-6,72,-12,-17,-64,99,81,72,35,-18,45,-23,-75,37,-29,30,-63,51,-85,-31,-93,1,57,-16,-5,-7,-74,-29,28,-70,-51,73,-31,43,11,-75,-60,48,-41,-47,-50,-12,-80,9,16,58,-81
-28,-71,76,-98,89,-5,41,-78,75,85,74,60,-67,-41,-15,10,5,70,-69,-27,-50,-33,-85,25,-46,75,3,-83,-10,-29,-89,27,-19,36,-38,-98,-24,-69,-16,92,13,87,84,-19,48,-6,-92,-74,71,-15,-64,-83,-81,-80,-57,70,-60,21,85,2,-46,80,8,12,-81,-54,17,54,5,-76,0,-32,62,21,10,-1,6,67,37,-80,-46,12,-29,40,-1,-80,-73,-88,-5,-71,-84,-21,68,61,17,97,92,-23,-57,98,-26
27,72,-78,-4,11,-29,14,-96,4,-24,-13,-60,69,64,62,99,-12,-85,-58,68,-7,-6,-33,35,9,85,-24,71,96,70,73,91,0,-91,82,-34,-52,28,60,63,-97,79,-28,-19,-81,-44,-75,52,87,-51,-64,48,-38,-22,-77,-49,30,-89,-38,31,99,1,90,-79,21,69,10,84,-45,-83,47,87,-31,87,29,79,-80,-31,68,79,19,62,7,87,-29,65,38,4,-56,-89,42,58,72,-98,34,9,-88,-30,45,30,83
3,69,9,-38,-33,77,-77,21,57,46,65,38,-82,-34,96,-26,-74,-56,96,-50,66,5,-43,-97,-19,83,-33,39,63,-46,-2,73,54,-29,-16,-15,-8,-37,12,5,77,60,-94,-64,-40,-48,40,94,6,-1,-53,48,-22,-97,9,43,-59,66,39,-13,-9,-14,52,65,-32,-47,12,82,-51,-13,-80,-51,-62,-71,33,-8,6,-82,62,88,-62,54,10,86,50,76,-45,-8,-90,-40,97,2,38,72,-78,-7,-99,-87,25,79,-59
-90,16,30,43,-34,-3,98,-12,-15,29,92,-59,-60,-27,-91,27,-1,99,-26,-29,-61,31,-86,-72,-50,78,-10,10,23,22,-76,-22,23,-78,-28,-54,44,-81,64,-100,84,95,-79,-58,-17,55,-19,78,60,45,-29,19,-14,15,-41,9,-74,-23,36,-40,-49,6,-59,64,-66,-31,6,-12,3,-55,-80,-28,-87,18,-87,27,64,-53,71,41,-16,94,-30,-17,-93,-43,-97,-53,91,-46,84,70,-33,-65,13,-87,-52,30,15,-47,-76
0,-11,-52,-19,-5,43,86,-35,83,-13,52,39,-73,8,-87,-8,59,-81,2,31,-16,25,5,-97,82,-10,-43,-12,-3,-95,-39,26,54,65,-37,5,70,-29,11,77,12,-90,4,-45,-69,-35,87,-74,-43,-88,55,-69,65,-53,-72,-3,-83,-41,-62,39,-65,-3,83,-3,-73,-3,18,40,3,16,-85,-84,-38,6,15,-66,77,-11,-64,88,89,33,41,47,81,53,80,30,40,-40,62,-77,-15,-74,73,-97,44,-100,-73,-83,-92
10,-18,40,13,22,-36,49,74,-45,-73,87,73,-23,38,83,100,-59,-35,-97,-63,12,-15,17,36,8,86,-96,-48,-20,-27,-33,-67,39,40,1,49,-74,-46,-69,81,91,66,66,-78,16,0,43,80,-16,-77,85,-9,-5,34,35,-31,13,-7,65,-86,-12,63,22,-22,-87,-4,-70,61,-35,73,-15,-36,37,-83,-50,-32,-100,77,-99,78,-61,88,-40,-70,28,43,-8,77,78,27,18,82,-72,-81,-13,-91,-72,4,4,63,5
-15,-35,55,-63,-58,33,-78,-32,8,-6,-34,35,-78,-13,94,53,-82,-7,89,2,21,-12,27,39,-74,-63,-18,-15,22,-85,43,-26,-16,98,-32,-29,18,-13,-76,93,-16,100,18,91,-84,-3,-61,-87,-31,-98,74,17,-62,-76,89,83,-20,-68,31,-86,-58,63,53,-93,7,66,-33,54,-91,49,54,79,13,-33,-75,-10,-19,5,-67,79,-6,-10,-47,-80,43,93,-58,12,60,15,97,-78,-1,40,76,-9,64,-92,-98,-34,-82
-98,-58,-62,-13,-95,96,-61,14,-26,76,-41,-89,81,-66,75,71,26,-70,-83,84,-93,-32,-94,-28,86,-66,-30,71,-74,69,33,-8,-22,-92,59,-8,-98,17,32,-17,96,3,18,-78,12,-56,-79,-7,45,18,-9,83,-27,26,-14,30,86,9,93,34,-66,-75,29,12,-87,100,69,-15,24,66,53,46,-93,-54,-69,14,97,54,-28,61,-28,30,-15,-2,44,-4,4,86,-37,-62,18,4,92,-85,67,81,-92,17,58,-30,-32
-4,65,95,-12,62,-89,79,82,54,90,-44,69,-44,73,-27,66,23,4,-55,65,22,-7,-94,-100,88,67,-56,89,-26,70,94,51,-3,96,-16,-86,97,48,-74,-27,-10,-46,-92,33,52,11,-31,-79,-53,-80,77,95,45,-73,-93,4,-72,-34,-40,69,-87,48,46,-9,-31,34,22,-55,42,-99,100,83,47,12,33,-85,78,-74,-47,26,33,-91,-77,64,-83,-25,-86,91,92,65,19,-81,18,-55,28,-16,-52,-33,19,-94,-36
-79,46,2,-62,55,-9,25,-71,89,99,2,-42,-17,92,33,11,-9,12,-23,-28,27,89,-41,-5,7,54,52,-57,-27,-58,-94,-89,94,29,2,-24,-19,92,-48,3,79,-17,82,-13,-99,-23,85,57,-98,64,68,-88,59,-7,60,-25,-70,91,90,4,48,4,-28,69,-73,-32,20,-71,-89,-37,24,8,84,47,-34,-48,-18,31,-18,-62,59,-68,61,67,-22,7,-59,93,-71,9,-29,5,18,-100,98,63,-83,-100,11,-97,-47
-10,29,-33,55,55,-71,41,28,-77,-29,1,-69,2,-49,-69,12,26,-23,-88,-39,-4,-91,-92,-5,16,-98,47,62,14,-33,16,-46,-19,89,10,-86,49,-9,-83,-20,-15,83,-91,2,-53,93,28,-45,29,-87,60,89,40,-63,84,40,55,59,-28,6,-64,69,-61,-67,-53,77,51,-89,-72,68,24,7,-64,60,-95,-7,69,71,-38,-61,88,19,-44,18,-37,-33,40,49,19,-86,-95,7,68,94,-94,18,68,-93,40,66,9
-58,-3,-87,15,-20,-33,-48,20,37,-58,-31,-30,43,-12,5,-65,-88,79,-9,-72,62,7,-45,-3,-82,-42,-53,92,40,-4,32,70,-75,-52,38,38,23,-94,-4,-41,-10,-4,-52,-23,-62,99,-84,100,-72,45,54,85,23,-70,-18,-73,89,9,-7,48,-21,10,51,11,-8,57,-51,-30,69,54,69,-80,63,-20,-91,-51,99,51,62,-13,-44,-25,86,21,38,29,-58,-41,-11,81,-80,-99,39,92,-65,-18,73,-6,-42,-42,-2
16,-80,-50,-32,56,-60,-6,-16,34,-60,-88,-1,-22,4,-14,-61,42,38,-99,49,-48,9,-76,75,-41,50,-73,-41,50,-58,17,-69,22,-20,-42,26,-29,70,14,45,-72,30,0,-53,-71,-28,-34,-2,81,-86,54,50,33,-48,36,-82,59,-36,-27,-8,61,-74,-23,82,50,-91,39,33,-45,60,-43,-96,-70,-58,60,65,34,31,-70,-55,25,-42,27,40,-75,-74,50,-27,78,-49,-47,88,5,43,54,-54,100,2,67,-39,-63
-35,67,11,-43,46,43,-1,2,96,36,83,-37,37,86,-58,-77,13,29,-71,72,51,21,15,68,-11,1,-78,-70,-54,-82,-40,-42,-20,91,9,15,-47,0,86,-47,72,5,18,36,40,-29,-99,-90,5,11,83,17,-41,72,44,-41,-64,-51,42,-38,19,89,-10,46,95,-89,-4,55,92,38,-3,61,98,23,-47,-99,-100,-4,46,-26,10,-5,47,-64,-71,21,-11,47,-74,92,48,-35,56,-85,29,-40,31,-97,28,94,-57
-11,-65,-86,-38,-46,36,28,25,67,-73,17,60,14,50,52,75,-64,63,58,-91,-96,81,9,-66,10,39,60,-22,39,13,63,-98,-88,-23,-58,46,32,72,59,99,13,-46,80,75,44,53,3,68,-31,9,-75,-63,-52,58,-58,-61,96,-40,88,60,-7,-24,64,-80,94,-80,-59,19,73,-33,-57,99,4,-17,58,47,-42,-5,65,-99,-16,62,-51,-15,-67,36,97,47,61,-55,-94,-75,77,26,87,-15,65,-19,77,-62,59
34,-70,-74,17,-12,30,-39,-70,-62,79,74,-73,65,97,14,7,58,-98,-75,-92,71,24,-59,48,70,25,14,-70,-18,-71,27,-94,47,99,5,92,-32,-83,69,50,-4,38,67,56,62,51,-72,40,-17,-7,-1,69,-89,93,-56,-69,68,-31,-18,-89,63,-74,49,4,6,-4,-7,-63,-30,67,-60,-61,-73,-44,74,5,-96,-61,-59,-23,15,13,-44,-10,87,-71,-37,-54,98,14,-22,-57,98,-74,53,-83,17,71,-22,-20,-51
-76,20,91,8,36,86,-26,-7,74,-77,44,59,71,-35,-46,33,9,-16,0,-41,46,-83,37,-8,-8,48,59,16,45,60,-28,-100,58,24,67,-93,38,-90,20,26,-95,0,95,12,-74,97,-80,90,-69,66,-74,-23,88,22,99,-58,-68,62,14,-75,-40,46,51,1,56,-79,54,85,63,-79,48,-74,-43,-38,64,-30,-84,91,-28,-92,-36,43,-64,60,43,-53,-25,-46,-88,-17,71,66,-89,-77,5,19,86,85,-29,-3,16
-93,71,61,27,-36,-12,41,-57,-66,16,31,51,70,20,47,69,-15,67,-56,33,-75,25,-59,-26,-61,-70,53,-75,-85,86,47,20,-80,-65,-24,60,53,-20,-80,73,64,79,54,57,-45,-60,44,-34,-63,84,94,-39,-44,-47,-32,-18,62,72,-32,-20,-11,-49,-4,97,49,-4,-56,-10,56,50,13,-97,-24,73,-53,-1,-90,-3,-77,-97,-64,-9,-44,-65,76,22,79,0,0,59,25,20,-31,67,49,3,-1,98,-89,-95,35
96,-64,-40,-33,23,-66,-79,46,-9,-31,10,-88,68,-83,48,-77,71,-86,98,33,-29,80,27,69,-89,92,-1,-33,99,46,87,-21,-61,40,58,-5,-3,-80,-56,30,56,-65,-90,-17,23,-72,3,93,-30,89,-68,14,-6,-85,-34,63,15,85,-44,-51,-41,-51,-81,23,74,84,-8,26,-90,-10,74,-21,-23,4,-13,26,-45,-23,-59,-48,-85,94,-26,-21,-83,52,-26,-46,-55,14,45,7,22,-95,64,-27,-42,1,30,-99,83
-89,42,-98,93,60,-27,46,57,-50,63,-41,-79,-52,-51,52,-4,14,-39,-56,-3,-36,97,3,-4,-17,62,9,-88,-37,-100,46,10,82,56,-45,66,29,-93,-5,-33,-55,1,4,69,-29,-97,66,-31,-28,12,-70,-33,-96,-18,-19,10,19,-86,82,-91,-84,43,38,80,-14,87,80,-98,-13,80,26,87,79,13,-27,43,-42,-85,43,-78,55,2,57,-75,81,4,71,88,38,-90,-73,-25,57,35,-19,36,55,-76,-94,6,-16
-62,4,23,-68,52,-24,-78,-93,84,73,-97,-4,-16,53,-45,-55,-2,-12,-5,22,42,-68,58,63,-84,-51,-58,20,82,11,40,93,81,-6,15,-83,-97,-58,-67,27,72,-79,18,-40,-54,77,-93,-80,-52,65,-79,34,96,10,-61,-73,96,21,-73,81,8,-83,-2,19,-62,25,-2,15,63,36,53,-78,-50,-31,7,85,-23,72,-66,-95,5,82,-93,-83,-14,-3,43,54,60,-96,62,29,34,-91,49,-91,83,-59,83,-21,69
-42,26,100,67,11,6,49,86,61,59,-66,-4,-81,48,-43,72,76,-53,57,75,55,17,28,91,-8,-17,8,-1,85,88,-94,-42,-58,23,-33,-43,-60,6,-31,11,-91,-45,3,61,17,55,68,-58,39,-58,-100,44,-72,-28,-59,-94,-35,84,89,-47,17,42,13,-85,45,5,-13,-85,-26,-43,-80,40,74,89,-88,74,100,56,28,-79,-52,-43,-2,67,36,-45,51,-22,4,6,1,-99,26,-87,-57,57,35,-68,46,77,-35
77,-6,21,-65,21,22,11,22,-84,81,-21,62,77,-5,-94,-1,54,44,-61,-57,-19,-13,97,97,77,-13,-62,-64,-26,-76,90,27,0,69,77,-94,78,-73,50,-58,3,67,67,-49,-69,76,-80,-77,-65,-85,1,100,-80,6,67,-91,2,-59,93,-87,67,-15,76,8,-79,88,-25,89,-100,-37,54,-69,-22,67,16,-29,37,-64,-53,-45,-66,57,-50,-16,-53,15,-5,31,-84,-97,-35,-26,-78,-63,50,68,55,8,17,-28,99
49,-28,91,-41,40,47,7,88,2,-97,-27,-77,-34,-36,-62,-58,51,22,-59,50,-88,88,-2,-16,-24,68,99,94,-18,5,1,-7,99,1,20,5,-25,87,-30,19,-89,76,-98,-97,-10,27,-93,-22,5,-41,-29,-11,-65,-78,76,-75,-15,81,-28,-47,-9,-65,19,-67,25,-98,-67,-87,-54,60,-53,-12,18,-61,-66,-79,-24,83,78,-51,-26,17,19,-24,30,41,-25,92,-41,61,93,-44,-16,-60,22,68,-75,-99,47,-57,-63
20,-72,-52,4,19,57,49,-4,49,56,65,91,66,-3,-57,-85,-37,-17,35,80,-88,-13,88,-51,-44,78,-47,-19,-77,-41,-54,-19,-21,-75,-36,17,57,-62,-76,93,73,-39,-91,-45,2,71,-63,-64,72,-18,-25,71,74,89,63,-84,15,-30,65,59,78,-49,-28,-42,23,-21,-8,-4,-86,-62,3,-72,56,-85,75,-87,97,-40,40,-53,6,-51,3,-24,45,27,44,-72,-77,53,-58,64,-88,33,-94,31,-60,23,26,81,-91
-52,-63,-63,97,16,-20,-78,-88,-23,17,-99,63,-40,12,23,51,70,46,-44,-7,-48,90,-44,42,38,-55,8,-82,53,-11,-69,-73,100,50,-74,60,-2,38,-99,61,68,-47,-3,19,-94,18,40,69,1,89,7,28,95,-58,-98,-20,-77,94,-29,-97,70,27,96,-34,-13,71,29,92,-83,21,83,-65,31,-52,86,-91,68,38,-46,-47,-14,-76,5,22,10,-23,79,-42,-87,12,42,-43,93,87,-2,92,68,38,-33,-98,-17
55,-7,28,78,-54,99,-40,39,-46,-28,87,-1,75,-6,-59,94,-21,-59,21,8,-38,-8,-57,-3,-86,-11,-22,42,-57,76,-38,-46,29,-68,71,-12,-14,-95,-100,-58,96,80,53,96,-48,-35,-28,69,28,1,52,71,57,1,-35,-51,72,21,-33,-62,93,-68,61,-33,57,17,14,-48,97,-48,93,-45,38,39,-17,-24,9,22,98,-24,-38,73,-9,-26,84,1,-79,92,-25,27,-46,-12,53,-91,-73,21,26,-73,47,96,-32
61,8,-60,84,-75,-24,47,29,-90,58,88,31,-16,-12,-79,68,66,34,97,-1,0,-11,-59,47,-63,83,99,-23,-91,-90,23,100,-89,55,-34,-11,-66,71,60,75,-41,100,1,-54,-70,46,19,-45,-70,-94,-20,83,49,82,-60,87,41,-29,-56,-83,-100,6,-65,-65,-17,59,36,-9,96,31,83,33,3,-18,-23,60,-58,-63,44,16,40,87,-67,94,-40,46,-21,71,99,-46,-47,82,66,-61,-6,91,-29,54,82,-76,-87
80,-60,72,-75,38,5,-26,-61,-14,-85,73,29,-3,-64,-11,-100,-52,-29,-51,45,0,-10,-12,-1,-26,38,14,-50,67,-10,95,16,-87,-44,-34,73,71,-16,-20,77,-74,-20,40,-10,4,7,66,-69,-11,-37,64,31,26,47,-85,-37,-94,-76,17,100,-58,-2,-62,-28,-78,11,-36,-95,0,36,51,-54,-86,61,13,-6,-19,-44,60,9,77,83,24,31,68,-21,50,-89,1,45,-12,-72,-87,-92,-71,11,-47,66,41,-88,-64
42,55,71,3,-18,35,76,32,-73,-64,-42,-3,85,69,60,57,-45,96,-70,85,-4,38,-50,-11,90,-72,-71,40,43,57,76,34,18,-34,-17,-16,-86,-81,76,-7,9,-74,5,-8,-87,56,26,-91,-81,-75,-95,88,44,-84,-73,-18,-87,-11,-68,-18,-73,-89,79,-79,-84,-3,-89,-26,-40,15,-68,-14,-48,-32,14,83,-2,-13,68,94,-82,-70,12,-36,-63,48,87,7,-36,-2,86,9,55,-96,47,44,45,-39,68,-40,-70
46,-88,-69,-23,19,41,-58,49,-71,-7,73,58,16,6,-25,88,-26,9,-9,72,28,69,39,-46,-74,70,14,68,-31,-41,-37,79,58,-10,-21,99,19,-79,-29,25,30,6,-11,-51,13,100,87,-65,0,36,42,-14,-84,32,71,-72,78,47,-80,-76,65,-65,-16,81,39,-50,-33,31,54,-66,18,65,-89,60,-87,69,-44,-91,22,56,-49,47,95,90,17,-32,-8,90,-74,48,-52,-13,-77,-1,5,-69,16,-88,19,67,29
-28,-88,-37,78,51,35,-73,18,-46,78,-81,-7,10,84,-56,-16,79,-7,-33,-95,-58,-88,-85,44,47,-19,-22,54,-2,30,21,80,-17,-93,55,-85,-77,5,57,-73,-95,-51,-36,-41,-48,19,-55,60,-11,81,35,-45,24,52,-64,-11,68,58,100,-84,88,29,9,72,-36,67,-29,90,-18,81,-68,-7,-79,-60,94,-30,89,-80,62,-36,-2,-2,8,-48,-88,-88,52,-21,-85,-56,82,10,86,-42,-49,-80,21,1,-12,-12,30
82,-60,-78,36,-8,-31,-29,13,27,98,7,-77,94,50,-12,21,71,52,33,32,40,-99,81,-75,89,54,46,85,2,53,6,-19,-62,30,5,-42,59,-18,6,98,30,-46,13,-83,-88,-29,-30,57,-7,66,-95,-40,-18,-85,15,-55,0,-76,-46,73,-72,0,18,49,79,-38,30,-89,0,21,32,-7,-38,0,-24,-4,60,0,-69,81,66,-61,33,-62,58,25,56,59,77,-19,-62,1,-66,45,66,0,37,54,-64,69,80
-13,52,-2,5,96,32,-81,-49,-57,-81,87,-21,-35,-44,-31,-59,-57,66,-67,14,6,-68,-83,-82,-11,-48,-55,1,-49,-23,59,-91,66,-64,54,44,7,57,-75,43,55,66,-21,75,70,-70,86,-74,-33,85,-78,91,-15,41,-53,65,-76,-50,-75,85,61,-78,86,-26,16,11,-56,86,-40,85,-6,81,98,81,-23,36,83,-95,47,-89,-12,84,76,61,42,52,55,4,1,-92,-70,34,-98,-88,11,72,-50,-12,-73,-19,-28
78,18,-32,40,40,10,43,92,42,80,29,-4,-19,15,78,-7,-20,98,-55,90,-14,2,4,-84,15,-100,-14,37,79,38,-91,-22,-15,-21,55,65,-22,-87,77,0,17,71,-43,90,-97,-100,-26,42,24,-35,56,-88,81,3,-96,-21,-35,72,55,-82,-71,-81,-16,47,98,-17,-32,98,47,69,-49,-64,10,20,34,-23,2,80,17,82,-41,-8,50,75,26,62,82,74,3,-68,-17,-77,-5,-78,-7,15,-43,21,56,19,91
-94,72,25,62,-83,-15,32,93,30,93,74,-66,-29,9,-22,77,-39,-35,43,10,-68,-47,-91,93,97,-50,-42,49,47,36,-50,-52,69,64,68,28,2,-20,85,1,-34,17,-99,-43,88,-93,47,62,57,3,72,-70,-34,1,13,89,58,90,-89,-55,45,-66,-13,47,97,-100,34,61,39,-47,-23,-82,73,78,40,14,-14,94,-16,-47,98,-61,-71,-66,7,-9,52,61,-49,-16,-95,48,-98,97,-18,63,-5,-43,53,54,64
-84,-51,11,26,-86,29,31,67,-53,46,34,20,-46,57,-28,-17,77,-42,32,-38,59,-55,57,71,9,-92,-89,-61,-66,-60,65,-85,-72,100,-11,-50,-47,-35,-33,-9,-94,95,16,-60,20,-8,-84,12,-26,-78,57,-23,-41,61,-39,-70,-39,54,52,-77,55,-84,-41,-23,74,34,-7,-39,90,57,-13,-82,-86,8,1,73,31,14,-70,17,5,-74,95,72,-22,79,9,-2,15,79,65,-34,-73,-63,11,-26,23,-30,91,65,49
6,-93,-25,47,-38,24,33,86,57,-53,96,6,11,-82,-98,27,59,-9,4,64,-97,-52,75,4,-61,26,-14,38,98,-89,-67,35,-84,53,-18,-53,1,87,95,-42,-17,10,-80,94,-88,95,-74,-96,9,33,14,-89,73,-84,76,-15,96,-55,-35,-44,-70,-14,-19,-17,58,-87,77,36,-65,-91,82,-96,-35,91,64,2,-39,95,63,-52,10,58,86,61,-30,24,1,-18,-66,-24,57,-1,94,-57,12,93,-15,25,70,-85,2
-72,93,96,57,-90,-87,48,-79,17,-8,-5,60,65,18,76,-14,86,26,-61,-18,79,99,25,-57,58,-84,98,-57,52,-54,-31,-16,-53,-51,95,7,-23,-76,16,90,-64,-73,-84,-99,-29,-93,-28,-17,-57,59,64,-84,31,-48,8,-41,49,31,65,-8,52,-7,86,32,-4,43,-52,-66,-93,56,93,-37,-68,42,-22,-17,51,87,-49,-88,-43,28,66,-44,61,81,-16,-36,61,-56,10,-96,-87,-10,99,20,90,-29,-86,-69,-25
-7,73,45,-89,-12,56,17,70,-41,-91,-7,-91,24,-58,-52,-84,90,-99,-38,-84,-96,-33,0,49,62,-24,82,-74,37,-16,34,-79,-78,-43,-74,-17,-54,-81,23,-50,-41,2,71,50,-31,80,-4,-68,43,49,4,98,90,-1,-88,-36,-18,-23,-81,-63,39,-16,88,71,82,75,-21,-62,-35,-13,-96,63,-8,72,98,-20,46,-27,92,5,-58,-11,-55,-76,64,-43,-70,39,-35,-69,82,66,-91,0,48,35,60,-4,69,-32,51
44,5,-22,4,-44,1,-51,-1,-62,-37,-72,-87,-94,-81,12,-57,-38,45,76,-83,-96,-95,-40,76,-10,90,-66,43,28,-80,86,-77,100,16,92,45,-77,-43,-52,-63,-54,68,-42,82,24,-95,75,-25,-45,-98,-72,-38,-58,-67,73,41,57,-90,-4,-10,-73,35,-28,-14,15,-44,-77,-35,25,-69,85,60,14,-94,92,97,-68,-100,-71,87,-45,-48,5,54,27,-78,50,-75,-63,54,-42,43,-40,80,20,31,39,-67,12,-14,-24
90,54,-58,15,99,-11,39,-99,-92,-11,-54,1,-51,94,23,11,57,-85,97,-51,-100,67,-11,9,-61,-96,-85,33,12,36,18,-79,-86,-16,-57,41,24,61,30,41,83,27,-84,-76,70,4,-32,49,-54,-53,-8,-20,46,92,64,37,88,-9,70,93,-38,-47,83,3,-85,42,49,-30,-52,-59,-14,-48,-70,-69,-99,46,-7,-8,46,30,49,85,42,3,-83,-91,-16,-67,-47,89,45,92,-93,29,-47,74,-99,-55,-14,-79,96
-4,-45,-77,-80,-38,81,-98,46,-53,40,23,-49,22,-29,-20,-41,-78,-83,-77,87,-31,19,-10,83,-82,-47,39,18,92,60,4,-74,36,-49,78,33,-74,23,-63,80,-29,-6,-45,-10,92,39,-43,-81,-79,-5,-42,-23,-99,-21,-20,-77,70,57,-9,-7,-86,-71,70,37,-61,-10,33,-62,-57,6,-74,-55,39,-89,-2,45,-18,49,47,-72,17,-10,12,43,-16,-74,20,54,-70,-52,6,-92,-30,-49,72,51,-76,32,-91,12,-87
-4,30,-10,-64,-96,-30,81,-89,54,83,-9,83,-59,40,-55,-40,45,80,-61,-51,-74,62,-83,-12,-41,-44,92,-35,100,95,19,87,-11,-62,-79,-58,-65,70,-7,43,68,-5,-13,-33,73,-28,48,77,59,46,1,51,95,-2,65,-4,36,-98,-38,20,-47,39,39,93,100,12,-8,37,-63,41,-4,-51,-8,-63,26,93,-55,92,80,-43,2,12,32,-64,-52,93,39,93,83,6,36,36,22,-17,-41,97,-79,88,-70,78,-36
-55,75,-19,-60,18,89,-9,-45,83,68,0,-2,-21,-82,-65,84,-83,62,60,-62,-50,46,98,55,-24,3,24,-33,87,-18,-85,43,-85,56,7,51,63,-62,-39,84,77,90,51,67,27,-19,79,-53,33,11,-18,-64,66,-8,-98,68,20,-36,50,83,16,30,-66,90,-64,6,-65,25,-85,-48,22,78,14,-52,50,5,94,8,28,-84,-61,-72,-60,4,10,-79,-98,-46,65,18,41,1,-81,16,57,84,36,71,2,88,26
64,16,-62,-27,10,-99,-79,63,-87,-37,-67,44,3,-86,-9,-72,93,-60,-26,-50,40,-12,-76,17,-79,0,18,90,38,-52,8,-10,-94,-20,19,-68,-42,-73,86,40,-19,34,35,-94,-44,12,-64,83,-81,8,-80,-75,-77,-28,3,99,-58,1,-11,-41,-99,18,21,-74,-66,43,67,79,-63,-24,35,3,-15,10,-29,-100,36,45,54,-47,-37,-12,-37,59,17,-45,-71,-4,19,86,-41,-19,-71,57,-73,14,15,-39,-10,-64,98
-35,-37,-40,43,47,42,44,2,8,90,-45,-13,-20,90,16,-84,-22,40,-52,-30,-97,-84,-75,94,2,-24,67,38,-88,-10,-76,45,58,16,80,4,-31,-85,61,6,-63,97,53,-9,85,-41,-6,-15,45,-30,21,80,69,-92,0,-61,84,-47,-19,-16,1,33,-47,26,-24,-26,-81,90,51,36,19,-68,81,-42,-10,-40,-82,11,55,-15,93,-65,25,23,8,38,-25,-36,29,-37,-30,-57,100,83,-21,-88,63,-72,65,-17,52
88,-31,-81,-18,-96,39,-28,68,48,-33,6,-67,-93,92,-49,-30,-69,-87,18,0,-62,18,42,1,15,100,-24,27,-58,-35,57,-42,-25,-63,-63,92,-42,99,-81,30,-66,4,-14,-56,-4,99,-89,75,35,-22,96,5,1,-73,24,59,-79,37,-78,75,31,-55,-16,44,54,90,-99,95,-72,24,59,26,-12,23,-68,21,36,-47,-17,-93,-77,33,-22,-59,55,-33,-78,-22,-57,95,49,-61,-84,-73,-18,21,45,28,-38,83,49
-86,0,21,75,6,75,86,-80,7,12,30,4,80,-15,-77,-28,-51,17,82,55,-78,96,-29,-3,-24,68,87,39,37,-95,-24,-1,-51,95,-35,99,70,-93,43,-36,69,39,-53,-73,-31,-42,-59,85,-78,-54,60,-84,-71,31,-37,10,-32,5,-18,17,2,-65,-87,-1,4,95,-55,99,41,-70,65,48,-58,19,97,54,-37,87,86,82,38,-79,72,28,-33,55,-96,-15,-58,21,-88,70,-22,-6,-2,-44,2,94,56,48,-71
61,14,8,-42,-100,35,-51,19,-17,-36,82,23,-57,16,18,57,48,-12,24,-68,-88,-20,11,-86,-15,-42,66,36,-79,42,-39,58,31,-97,-46,-69,-83,-25,-93,2,73,7,10,-9,-56,11,85,28,-93,-39,-30,-30,-81,-89,66,41,-98,-40,13,64,39,-62,10,55,-95,-94,32,2,-47,-84,73,78,-48,98,3,-100,72,61,-15,74,49,-77,55,34,-93,-22,65,-99,-46,-36,25,63,100,15,80,32,95,-78,78,-60,-22
-84,-82,65,53,12,-22,-90,-28,-10,6,-37,62,4,-91,-23,44,-10,-8,-46,10,-27,-34,85,6,31,-46,6,-94,53,-83,-63,30,80,-22,-47,19,-43,91,11,-29,18,92,-9,-56,75,18,-72,-40,60,-60,35,-75,-12,18,41,83,-59,-56,-45,14,-56,89,57,-5,-83,-39,-9,-81,15,74,21,53,-31,24,5,-85,20,-97,-82,53,81,98,-76,10,83,32,-21,41,91,94,-66,91,81,5,17,20,62,79,44,-14,-45
-93,-10,48,13,-73,54,-67,94,-67,-90,45,-75,100,34,-67,-45,-56,-53,3,-24,50,34,33,-38,79,91,-28,52,-4,67,80,-18,17,43,-4,85,16,13,-36,67,-87,-81,46,25,-91,-23,-23,79,-69,20,-53,1,35,-11,-36,78,-22,95,-59,18,-41,93,25,-45,22,-30,-42,56,-3,6,82,-25,47,100,65,5,23,-52,-11,55,52,65,-95,83,-10,-91,-41,2,74,16,-9,66,70,30,-51,80,52,91,88,-68,18
20,-40,-54,-57,99,-67,35,69,97,78,-93,-18,84,0,65,53,10,58,19,67,35,98,-54,98,60,-34,-52,-61,-46,13,11,-20,-74,-100,-100,27,-89,93,-9,-37,88,48,93,20,73,91,53,33,29,6,73,25,27,75,71,98,82,-79,25,-89,-12,-3,-38,32,-77,-87,54,-89,43,-4,-66,-61,-25,-77,67,71,-67,-85,-95,28,-23,-53,88,-70,9,65,89,3,15,90,-74,-31,49,-23,11,62,7,31,96,-91,-94
-78,-61,57,-71,-95,-55,-89,-95,-4,7,-20,14,-87,8,48,27,51,-45,-93,96,-94,-25,6,7,46,38,-20,55,-19,-97,4,-83,74,64,-97,-7,99,-88,86,94,-92,-47,19,-26,92,92,-26,-26,-40,76,-45,-15,60,10,34,36,35,-70,-40,71,47,62,-62,-39,-75,-84,30,54,79,-48,64,-77,-25,-48,-27,15,-79,0,-15,-13,-92,1,-54,1,38,-55,-4,-89,61,38,-1,91,-11,-71,79,-33,32,12,15,50,-85
-66,-29,18,-77,-34,-18,54,-18,-65,74,-80,-88,98,22,-29,81,42,-58,55,-31,47,43,34,-76,-16,-48,-24,19,71,36,-18,-13,-36,29,4,-82,96,79,44,56,75,-46,-58,-37,-37,-49,-56,-3,40,5,-29,89,60,11,-94,32,-72,-100,-50,68,-82,51,-38,-72,46,27,-68,-93,-99,41,21,91,50,-61,-80,72,-19,-1,-35,-90,55,-22,55,80,4,10,73,-91,-33,56,72,-52,-21,-65,16,-98,35,-73,-91,-68,-61
16,-35,-76,84,35,85,-69,-83,-36,78,-1,-87,-22,-33,-51,-67,-26,44,-68,-42,77,96,96,11,-100,-48,-58,-68,37,-49,-26,28,-24,-31,-65,44,-37,-22,21,63,5,34,-31,-76,-92,20,-92,40,27,-29,-57,-21,-11,-38,-73,81,-99,-84,-33,88,-85,-1,-100,24,18,43,-19,76,18,87,-54,-36,14,42,-97,-74,28,-30,-78,-59,-35,-88,38,25,-58,-56,-68,-100,72,54,4,-27,16,-99,-32,33,81,-67,8,-56,46
4,11,-100,25,21,30,-16,62,-74,-48,-8,-74,26,-42,86,-23,95,-57,-19,-83,35,-53,4,77,-45,64,-76,93,67,41,21,-35,-80,-83,7,76,-64,35,70,-74,-51,36,2,55,38,30,-65,63,18,-91,23,45,-96,29,97,-44,-17,34,39,70,-29,18,13,-81,-5,-77,8,30,-54,-65,-18,-83,-50,-3,-50,51,58,6,-34,95,-85,-55,-84,71,24,-43,-10,63,69,93,76,85,-8,-62,-57,-86,61,12,14,22,-76
39,-97,89,-36,-58,88,34,30,34,-68,-73,33,68,-96,-58,-73,-14,46,92,-24,-48,24,56,24,-9,1,-85,69,-38,-7,-19,21,16,4,12,-77,75,61,-8,35,-21,-57,91,-95,76,79,58,67,-27,-93,99,2,-12,88,-15,6,77,-18,99,-24,-70,-65,9,-40,42,60,81,-77,70,-38,-45,15,-74,88,-93,-38,-88,10,-8,9,39,-17,74,-13,-97,-94,88,-1,23,97,2,82,30,-79,-70,-26,-97,52,-72,-8,-55
68,95,25,-89,51,57,-86,-20,-71,90,-79,26,-87,34,65,-20,-84,-96,-68,73,18,53,-11,52,-66,-47,81,-12,18,53,-70,26,-55,-52,92,20,-31,66,70,91,72,35,-39,-62,93,17,-47,-21,16,-29,76,-17,3,4,22,70,-90,-58,10,-60,55,93,-67,69,-81,-31,54,41,-98,55,7,96,53,94,-59,-68,84,-100,-15,88,26,5,75,16,11,45,-81,-66,-96,86,55,-3,-59,-99,61,-83,-100,-40,-70,28,-81
38,73,-9,-67,8,-85,57,24,-94,73,-52,76,84,32,-81,-3,-26,-80,-55,28,39,96,-66,13,32,-57,51,-96,-43,44,-93,35,-35,-88,20,-8,-40,77,8,-25,6,-29,-78,-100,86,-2,-25,-41,-24,46,15,-92,-78,40,65,90,75,-21,-92,72,-21,-87,7,-64,13,-87,97,-69,-15,-6,-18,67,-65,-48,87,-58,-70,57,24,92,-63,-78,56,-14,38,88,-36,-86,-29,60,25,-86,-46,62,-100,-56,80,-69,-80,75,-52
-37,1,27,-20,30,-63,-28,92,-88,-95,-58,26,-86,-19,-50,45,-76,-83,-10,-78,75,6,-98,-30,14,-83,-77,100,-83,15,-16,-6,58,-94,47,50,43,80,-47,-12,-56,0,-63,78,13,81,36,31,61,86,-72,-26,-2,0,54,73,94,-59,-79,-21,-75,49,37,89,-28,-27,-78,9,35,36,81,75,87,95,-41,59,72,93,-30,97,11,-66,-75,-51,-14,-38,71,63,-64,81,46,39,92,-15,-51,24,-21,60,-93,49,38
71,25,63,52,-87,-91,33,27,32,30,87,-95,76,97,-70,-54,100,-62,72,-10,56,-18,26,-81,3,-48,73,19,12,-39,27,-15,-40,-6,45,-46,-85,97,-60,79,9,-60,-20,-70,-42,-9,-31,31,-45,-96,37,-78,-89,52,-61,5,77,-60,78,-24,-13,-9,-10,-68,78,55,-94,-32,-31,45,85,-96,-86,13,-17,20,43,-87,-1,12,-50,-90,-8,50,59,-36,-30,16,-96,83,1,-27,-10,65,-10,28,-83,27,2,61,-21
8,59,85,83,-58,7,-31,-51,37,76,88,-96,-48,8,61,-21,-81,28,-90,58,-37,-79,39,78,-12,-93,76,-87,85,32,12,-6,0,-23,19,35,-8,-20,-65,-21,72,52,12,58,75,4,17,-15,-60,-1,-29,-95,96,87,-35,-40,-62,-82,3,13,96,-9,-58,-2,-65,53,52,-97,75,-68,73,40,27,-17,62,-16,14,29,-80,0,-43,79,-95,27,-2,-3,-8,-42,-48,81,-77,63,44,-25,83,-35,-27,-65,-51,79,-47
-10,75,45,-58,94,-92,58,-29,18,-37,-20,70,-78,-83,8,-52,18,-88,-27,28,-7,16,-43,-22,-54,46,4,-93,94,23,57,-80,52,-2,47,44,-50,-54,-20,87,-44,-13,6,34,-53,33,-40,64,96,66,23,16,-72,-1,-5,-62,96,-78,-55,4,-20,91,99,-79,44,-99,-64,62,-61,-51,-76,-96,-98,-31,37,-65,64,-23,-29,84,100,52,35,-66,-60,-73,-100,2,-43,-2,8,-41,92,79,85,-96,13,-37,-67,-50,61
46,-73,-40,-99,-96,85,-47,11,-43,34,-94,-66,6,-49,-5,-95,90,-42,94,80,-67,-37,-2,-70,45,-88,91,10,-11,75,50,-79,66,-50,38,-84,92,-7,-63,23,-92,88,54,-79,96,-50,-81,-83,81,-56,-9,-34,67,87,48,41,-83,-98,71,-7,42,-90,97,-21,12,36,23,-18,-89,12,12,13,36,-24,-44,-59,100,-20,-25,11,36,-39,-28,-47,-27,0,26,-14,-45,-26,-11,60,-61,-44,-60,37,-33,-11,33,72,-56
1,-26,12,-47,-34,11,-11,56,-8,-68,-48,8,-61,-46,32,-22,-52,10,-13,16,77,40,93,-72,89,90,22,-33,-7,62,57,-13,-2,-80,54,48,57,14,-59,64,-34,-69,-75,67,-86,41,13,81,34,90,47,-4,-61,24,47,57,-54,-23,-50,70,58,50,26,-82,-9,18,-83,54,54,91,-76,94,26,-44,44,-71,57,-65,-6,-65,-26,-92,-60,65,15,-31,-1,54,-6,-10,-36,14,-97,2,6,-8,-55,18,-89,-73,27
73,-90,80,-67,65,24,-50,61,80,-7,-83,20,13,20,66,-13,-23,75,-41,-60,24,-81,-88,32,88,55,97,58,14,-28,-40,8,28,77,-14,43,8,85,54,-69,87,62,26,85,89,-26,11,-24,-92,-84,-54,22,59,73,-75,48,-2,27,-80,-79,28,-18,2,9,-68,21,-14,-53,-90,9,-84,67,64,1,-53,21,-14,13,-37,61,-96,-38,-69,-71,-51,48,-51,-40,-24,-70,1,-96,-84,63,12,8,-16,-22,-54,8,-68
-41,-55,96,-53,-43,-97,-35,-73,-34,86,-69,58,66,-77,-70,-90,-58,18,-62,-62,-8,-73,85,-35,45,-33,45,36,96,-9,33,32,64,32,-82,-63,35,64,76,-25,29,-23,-81,-32,41,-77,-89,98,30,54,18,30,28,-61,-40,19,9,81,22,10,32,-87,-59,-16,-6,73,-99,4,-21,92,-35,-85,-45,20,-18,-34,-66,7,-13,78,34,13,-99,-2,72,5,-47,52,-97,62,-83,-94,75,-57,38,-71,-1,-72,-27,-22,32
-55,63,99,1,-57,-31,-85,-17,-75,9,-72,69,22,93,-34,52,-15,69,-81,-75,-28,-94,-44,92,-5,-64,-25,69,12,-11,-83,12,4,7,40,-72,-96,27,62,50,39,-89,81,95,-48,66,78,3,33,-94,62,-23,-39,66,25,-3,59,62,55,-17,88,59,-11,54,-86,-68,-94,52,90,-78,-82,3,-77,37,-31,-100,69,-41,19,-45,-34,86,-68,-56,-63,33,36,-35,65,91,-3,55,-46,15,96,-14,-82,57,-53,-45,48
89,-67,41,-6,-40,71,5,68,26,78,-57,-80,22,10,-75,-70,69,-59,85,-45,52,-6,-61,17,44,-14,66,98,-47,83,-28,-34,-47,31,-52,21,48,6,57,-82,7,-35,-92,67,-49,17,88,57,3,51,-15,-43,-26,15,-33,1,-11,-27,66,33,47,81,-1,67,84,-35,82,64,30,-9,-70,30,-4,90,-28,-75,-52,87,-66,54,-52,-83,46,44,-68,6,-21,50,-24,68,77,-9,28,82,-49,17,-80,-19,-4,2,-26
75,-98,88,-68,83,73,83,48,-11,-75,98,84,-7,-48,-66,32,5,-60,73,-2,-50,57,-66,11,77,-42,87,-72,13,-17,-93,18,-69,-5,-68,66,27,40,47,41,70,-57,29,100,64,-11,-90,9,35,0,-32,34,-42,-54,85,1,-91,-95,94,17,68,52,-68,-50,100,-53,-13,-38,-70,-10,-2,-87,32,-78,56,58,-24,43,-95,74,-5,34,82,96,-15,-100,-32,16,-5,90,-53,-37,-41,86,0,56,-83,-64,3,83,96
55,-52,29,99,16,95,95,-88,-85,96,41,7,95,-8,35,42,-25,55,-23,-20,62,-9,-75,3,88,-26,-13,-56,55,7,76,80,89,26,69,-75,-43,49,65,58,-5,-34,38,-2,-69,31,-77,-67,-78,-28,-29,97,-61,85,6,-56,-46,59,-8,-42,94,90,77,-41,25,-1,23,71,74,-97,-19,86,-73,-27,21,43,7,-19,51,41,72,-43,-22,-84,16,88,1,-13,54,-96,-100,-53,-60,-93,62,-18,-69,-80,-82,63,-96
-55,59,-11,34,-24,-48,90,1,-52,40,-45,86,34,53,-22,-32,13,82,-8,64,-80,-32,70,71,66,-66,-58,-96,23,66,-31,66,89,-90,63,29,-66,-41,99,-16,-75,51,-4,-51,-44,77,67,71,-32,12,-12,-12,8,27,22,83,43,-44,-59,95,-3,33,42,71,65,-60,0,74,-71,-25,-76,-53,44,26,6,-94,-36,-90,-15,2,61,34,52,-2,67,74,-45,-39,-76,28,-36,82,30,62,95,68,82,20,-24,51,38
-65,-15,-42,75,83,4,-12,-58,51,29,-61,36,90,-5,58,33,99,9,96,-87,-97,45,63,17,11,-64,-41,-65,48,-28,-25,-3,-93,-15,83,-31,-40,-3,5,33,-21,-75,79,36,-88,-5,75,88,96,-61,-45,12,-79,36,-63,92,34,34,-6,64,-89,91,36,86,-92,74,-13,-13,94,-8,-72,5,61,-34,73,-17,48,100,-55,10,-97,39,77,19,-47,33,-55,-95,65,25,-68,-77,21,-82,-33,80,-74,-31,-67,-15,-64
77,-32,-42,-82,-27,68,2,58,90,20,93,-32,95,-4,-73,-50,-10,46,-32,-65,-29,92,5,-53,42,-38,92,-19,-5,-54,-57,1,98,-68,88,-25,87,48,-5,-12,-61,-32,47,-76,-97,-27,95,24,77,45,10,-18,-79,-61,8,9,95,-70,-70,94,-11,52,76,51,-3,-84,-72,75,-60,-24,-48,15,94,-49,-48,-39,96,-80,93,49,36,82,-9,-74,11,-24,59,-33,100,80,-71,-64,-37,-45,98,33,-5,-76,5,-21,-82
97,-98,-16,-58,59,89,-68,-12,-58,-50,-52,4,-65,44,-93,-36,-4,19,76,-81,-36,-93,93,30,-49,-22,31,54,-95,52,94,10,54,16,-95,48,-7,-13,31,-88,-99,89,-21,70,47,-27,87,40,-77,78,35,75,51,19,25,95,45,27,-6,62,-39,44,-13,20,13,41,0,84,2,-93,-6,57,60,-49,31,-69,-26,-46,0,31,-93,50,48,-23,-10,59,-77,80,65,94,-22,24,95,-70,-46,94,-62,56,-12,55,21
-74,-17,86,-16,6,20,-47,-39,-23,12,-62,-40,-29,69,-67,-64,-82,-72,100,72,40,-22,-2,-61,-82,-95,-82,74,-45,93,65,73,99,-17,13,36,91,-71,44,-37,-27,-36,-74,-99,-57,5,-62,5,-18,-17,-73,-9,-32,26,-77,-76,22,0,100,-95,-65,-29,-39,64,-99,-63,87,-56,-68,10,79,-41,-26,80,80,-18,33,-71,-66,-35,-31,-22,-64,-56,-3,7,9,-47,-43,2,97,47,29,53,70,-10,-5,-7,47,-77,54
-57,6,76,1,-87,-64,66,-17,-20,-95,-86,15,-52,-97,-86,-21,-58,-95,17,1,17,43,95,97,-60,-71,72,-89,-16,-41,89,-83,90,76,-16,53,-18,-68,-42,-94,84,59,-90,-96,18,3,-42,-62,98,74,73,-73,-80,80,-83,-85,89,91,74,-85,79,-25,-27,69,-4,-50,71,86,-5,-20,46,-77,-64,58,25,-52,84,54,40,96,-1,20,25,-25,-95,-68,-29,-57,-14,3,76,-51,71,96,9,73,-2,-38,-34,-51,-63
-39,-39,75,84,-32,-66,37,-32,2,-44,-71,20,18,59,-43,-37,-60,-68,20,-76,73,-95,-92,-70,95,15,-40,-29,55,-66,-66,-30,-90,3,5,-71,-31,38,-39,-2,-50,20,92,-23,-78,-72,78,-77,32,-79,-23,30,-82,92,1,-38,28,-44,96,-52,-56,-21,-68,66,-55,91,28,-71,-23,-19,59,-74,91,-56,58,-33,-34,88,52,-98,-56,-20,27,-87,20,26,-21,43,1,-44,45,-51,92,-99,-68,-74,-36,-30,68,92,6
53,27,-68,12,67,82,-11,84,59,3,-88,-38,-96,-32,-48,-35,-40,50,-93,41,-7,-62,52,-13,-66,-29,82,-62,8,66,-19,40,55,-71,4,-9,-64,79,-16,91,-95,-53,-65,83,38,-24,51,-15,6,-39,42,-75,-33,74,26,91,26,-4,40,-30,-42,52,-79,-25,76,84,-9,-52,44,63,-18,24,-13,-7,8,81,93,-42,-83,-19,18,10,-63,-45,90,98,-65,3,98,-24,-18,-84,14,-97,47,-11,-20,-57,27,-48,-83
20,-14,36,91,73,87,-35,-88,-79,53,-24,37,47,-60,8,-38,-17,-31,59,54,18,-75,-2,98,-72,13,-68,87,61,-31,-64,-87,93,56,77,60,92,-24,24,73,-66,4,-63,54,-24,-49,61,67,-79,-79,53,36,-39,-44,-70,93,-7,81,40,96,-37,-72,-77,63,-52,36,23,95,65,48,-6,57,97,-8,33,76,-32,87,-87,-73,-17,-99,4,-63,-6,-38,61,20,34,-58,-78,-63,-6,-41,-73,-24,-30,-39,-59,2,61
4,-81,-32,-10,-13,-63,-15,66,-77,-88,11,-81,11,-22,97,72,68,-32,-83,3,44,-72,-13,86,-28,-93,31,36,37,74,60,-36,49,45,-92,-43,5,93,-21,85,-14,73,55,41,25,37,69,23,50,-100,-71,-29,87,5,-60,-65,38,78,-59,7,-45,-56,-75,82,-67,98,47,-57,-5,-88,8,-45,77,90,56,25,27,-65,45,-76,88,-98,-57,-19,28,67,43,-37,-62,12,58,70,-16,-32,-13,23,95,55,52,9,-87
-78,20,-93,-95,39,85,-55,-65,80,-68,13,0,47,99,-48,-96,39,-21,-82,-91,-82,-41,6,52,-60,78,77,98,28,42,-80,-43,54,-15,86,13,83,71,-43,-27,-100,36,-94,-91,3,21,47,71,-83,95,81,-69,-77,-88,34,99,-37,11,-84,-15,-32,57,5,-74,-65,-85,-46,-23,85,74,-25,-72,5,-4,40,-96,74,47,39,32,-28,-70,34,-45,98,11,56,89,-65,-86,78,-97,29,-70,26,-63,98,32,64,72,-52
74,-69,66,7,37,19,65,68,-58,63,42,55,-25,-2,-77,-93,-50,-90,27,-84,37,-29,87,-54,-50,34,94,-12,32,-20,-88,4,19,83,5,15,70,-46,90,-17,40,-85,-92,58,-41,-71,-61,-73,-42,-55,-98,-69,26,58,-1,6,80,-5,49,65,88,-66,-61,-38,55,7,71,78,-48,53,57,31,-81,-43,60,-73,-45,-26,-63,83,-71,25,18,-90,-10,19,-87,-63,-10,-20,15,-97,-35,-62,-15,36,86,89,-35,-13,70
6,-93,-72,22,-2,-12,41,39,8,17,-56,-12,-85,-9,13,-73,22,-50,43,72,-64,77,72,-85,-20,79,98,-82,33,60,93,-79,-2,-61,-26,-87,60,-76,55,45,81,17,26,100,-42,1,0,53,-94,-86,22,3,-93,-75,50,-31,-78,-10,-27,-79,-62,-77,-81,67,-45,-10,89,-81,-10,39,23,4,-48,10,36,-46,-22,-65,86,-98,52,51,-50,37,-12,65,-1,-77,-60,-28,-72,65,-47,44,92,-59,-46,-58,-69,-96,3
29,-95,-25,88,89,41,-29,1,40,64,20,-100,80,-43,70,44,-85,19,12,35,-4,62,68,39,98,10,76,-80,73,100,0,92,-46,99,53,18,100,-19,14,71,-86,-11,37,-68,54,46,39,45,-36,13,54,-71,65,78,68,-5,-67,79,21,58,-62,-61,55,68,13,-58,30,-29,99,-24,-41,36,40,-49,-74,74,-85,55,-20,-72,-53,-82,-27,-95,-15,-37,-40,-67,83,62,50,62,-39,-52,24,68,-20,-98,-28,36,76
50,-90,69,30,12,3,-55,-48,100,17,-57,94,-76,-64,-53,-98,43,86,93,36,75,-3,99,-90,50,51,44,-52,-27,54,-78,62,-82,-11,8,-69,-59,-20,-84,-27,-41,-97,27,36,62,14,64,-4,-25,87,56,-90,47,-37,-68,-75,-25,29,7,-4,88,19,53,-42,-18,-24,-77,-49,86,63,-59,79,-40,-91,79,-17,-89,-48,-73,63,-62,99,-68,-61,62,86,-42,30,-93,69,-90,-36,-65,9,-88,49,76,-39,-4,-71,62
95,-44,-36,-83,37,-80,42,-68,-24,-79,-29,83,41,-44,0,-20,-37,84,-22,17,38,41,76,-25,96,14,95,89,54,72,28,19,-92,-88,97,-91,62,86,38,-55,39,-91,88,-77,94,-35,-45,89,27,-46,48,-20,-23,-73,77,-4,-94,30,-46,79,16,-83,-99,84,-42,5,97,-56,73,-2,-63,71,-93,-35,36,67,32,36,-36,3,6,77,-66,0,-12,95,-85,-57,-84,34,17,90,92,52,37,-54,58,72,45,-69,16
-37,40,8,40,53,-6,-12,55,-86,-27,85,-3,70,-59,-51,44,44,-55,96,-73,62,55,-9,56,-22,-90,40,-3,-84,62,76,-43,-9,79,-70,38,67,-60,47,-55,-53,-68,-92,20,72,-70,-39,90,23,24,-57,-92,-94,-88,-100,98,16,-52,-81,62,11,59,89,99,-40,29,-44,-47,71,79,22,60,-48,38,22,-84,17,81,85,36,-68,76,39,-21,9,-31,2,-50,83,-19,-58,-14,80,78,-83,38,69,-15,78,-18,-99
-36,-43,-44,-2,-71,-64,50,82,-77,-49,83,24,53,12,-80,-42,-53,-22,-13,-45,-69,31,-82,85,45,-82,20,-86,-66,13,-42,-15,-53,-15,48,81,-13,89,-29,-22,-32,-18,12,-74,-70,30,16,84,-60,81,-83,-33,-23,88,-93,-97,-30,41,37,-91,79,48,24,-29,84,-50,-14,-47,-9,-89,-98,-69,-46,-4,7,96,-33,14,26,91,73,-25,13,54,91,61,-40,-82,-15,45,-75,33,-12,-70,-68,14,-92,-57,-70,-56,23
38,-59,-60,83,-42,-9,90,79,-93,-74,15,8,-25,20,71,-84,51,-26,-75,12,81,-24,85,-1,-49,-97,-44,97,-24,50,-83,-74,72,-11,-87,38,-16,-30,30,79,11,-7,-8,81,93,51,-89,18,59,83,-22,58,97,-48,23,87,96,-74,33,87,89,-94,56,77,-27,20,-71,39,-84,-15,30,71,57,-56,-67,86,32,3,15,96,70,-9,-3,-50,-92,68,-4,84,-19,32,97,24,-58,100,-30,32,-19,-71,-56,-98,28
30,24,89,-27,-60,49,-70,-3,93,29,-96,-33,53,-62,-43,-59,-6,-31,-91,-69,73,-69,19,31,33,13,33,45,-4,-73,-83,-62,-17,-15,-74,85,-38,-19,2,-21,19,91,-33,94,-75,44,10,64,-68,4,-52,18,-64,-96,59,64,16,-60,100,0,-55,51,-40,-24,-33,31,-6,94,-85,-98,79,24,-9,56,-74,-17,-49,-11,65,-51,-16,76,34,40,-96,-28,-95,-82,-82,-61,96,-60,47,13,1,-70,66,-45,40,70,-51
-68,59,-57,21,2,-95,-17,-49,95,80,-65,62,-3,-56,-5,86,-9,-54,78,-78,14,-17,1,-86,-35,-67,-9,85,5,-66,98,-9,93,7,72,21,-35,-33,-75,-53,49,-13,26,42,60,8,-20,-2,58,40,-62,61,-81,-88,24,-68,63,19,47,-77,-17,77,21,54,-84,-21,-10,75,-55,1,41,87,95,8,37,-35,-3,75,70,-31,-70,23,73,-93,67,82,72,86,100,-92,93,51,-62,-21,-58,-71,-71,36,-67,47,0
3,50,71,-5,13,-36,9,-7,95,-34,87,-59,-11,-35,58,92,-47,43,-82,12,34,47,15,95,-42,33,-62,-45,-58,-88,-30,38,89,97,-2,30,-68,-74,-26,27,82,-3,93,24,-86,68,59,-12,-41,-76,-89,-60,-6,71,39,23,-38,-3,67,-22,15,9,32,43,-10,9,19,15,-65,-66,61,59,-23,53,-19,-24,-67,30,-61,-87,37,41,-28,-8,-53,75,63,-57,-10,0,64,95,-5,60,-22,-79,-67,56,-32,100,-16
