-61,-82,81,-15,-42,-25,-49,26,-7,24,4,-67,-53,-41,22,1,71,-11,6,-86,-38,11,-9,-93,-56,56,-66,-2,57,21,83,67,49,89,66,-52,-20,44,0,4,3,-16,-44,13,-71,-67,-38,88,-29,10,26,87,38,-64,86,-65,-1,78,-92,3,-74,-84,-39,8,-28,37,-83,92,-5,74,98,18,16,8,-47,-36,-92,-100,12,55,-54,-3,76,-39,82,-91,22,84,46,71,-4,-57,68,-16,55,-61,4,-71,71,2,-40
38,-18,12,-86,-15,89,41,-88,38,-18,37,-41,-91,36,-54,-30,72,11,64,-94,-60,91,-46,-30,-63,96,-83,-15,-68,-73,6,71,-73,-35,-64,16,65,-32,59,67,-55,25,97,-29,42,-19,-45,45,-27,-66,-78,26,-33,80,-34,7,21,-73,12,98,24,16,-72,24,75,46,-60,-13,37,-45,-40,-38,4,57,-39,9,21,3,14,92,-53,84,-92,9,38,-47,-74,-94,69,-14,-96,74,-39,-3,-36,85,94,55,-26,42,-42
5,-2,-58,-66,97,-69,99,-43,-17,7,-40,-9,-19,-9,-22,82,12,52,-70,-95,-46,54,44,54,-46,-17,73,21,-60,28,30,77,-95,-99,4,-27,-44,19,-30,19,27,52,-30,6,-91,-57,18,-43,99,41,-71,-83,-31,92,3,-67,95,-86,-6,-16,72,-49,9,-22,89,56,-22,2,39,-99,-87,68,-91,65,-37,75,96,14,20,13,-26,-68,22,-23,-31,4,-21,76,75,-2,82,72,16,-54,-58,-44,-6,-100,83,88,45
99,55,-98,60,69,-85,-63,-74,-53,-43,0,-18,52,28,-99,61,-9,34,-12,-91,74,62,-49,26,98,-8,-28,68,-88,74,-67,-37,54,-69,52,72,-73,-78,-41,50,3,-76,-98,-55,-61,13,48,61,89,-46,-89,-57,24,32,-23,-92,73,-62,18,-23,2,48,45,-23,77,31,-35,-19,-48,57,17,31,79,-69,-54,-61,-49,-14,58,22,66,58,52,-36,-78,91,-91,3,61,13,-56,-94,46,8,-78,9,-9,-40,-77,0,-88
-39,40,-60,41,-89,17,-11,45,-19,-46,77,81,9,-28,-23,20,28,94,-13,-3,-42,46,38,5,-90,1,-25,-100,-69,-4,-43,20,37,-89,-45,-23,55,82,74,-100,-46,47,-23,28,83,76,20,23,-54,9,92,-54,70,-60,40,-26,-37,58,-93,-94,35,98,41,33,-16,20,62,42,92,-41,30,60,-92,0,-61,-88,-12,-32,65,19,-39,70,-1,-44,25,-48,-46,-20,-92,-3,-39,-81,43,90,54,-68,92,-78,77,56,80
31,32,38,4,-80,-45,93,49,-50,-59,47,-55,-93,-77,35,76,-48,-96,88,-98,94,-25,16,61,20,47,66,79,-49,-12,83,84,83,79,-100,71,-82,31,29,-22,82,74,88,-81,-47,39,-44,-96,-9,-66,87,87,-38,12,-24,-14,80,-74,-74,45,97,37,-28,66,-34,-76,34,3,21,50,-6,80,15,66,-3,-5,-43,90,75,-76,-65,47,-55,56,93,-12,23,-78,-80,72,50,-33,-15,76,73,-27,21,-82,89,62,42
54,22,33,-4,66,32,-53,-19,-77,64,77,63,-67,86,-12,-34,-68,-25,-92,-21,51,-58,-68,-92,-14,-34,56,51,0,-91,12,-76,-59,-40,96,23,-60,-54,-30,4,65,53,65,77,12,69,7,52,63,78,88,14,72,-31,-68,-81,65,-5,33,52,-80,54,-9,46,-76,81,-1,20,-78,15,60,19,-17,57,27,71,52,99,-65,-5,50,27,-2,73,-16,41,-96,3,66,43,-54,-67,-96,-21,-1,-38,96,-19,51,41,-60
33,63,38,14,77,-1,31,29,-32,-31,-51,-51,69,64,1,89,3,2,14,-13,5,-48,44,-38,73,-82,-29,48,89,-28,-100,-49,-78,-10,-73,97,6,7,45,9,95,-62,-71,-99,11,-19,-20,-28,-60,-63,-40,72,67,-18,-29,-89,34,-26,91,-41,19,66,21,44,-93,46,-77,-84,6,77,84,-100,-35,-3,82,-46,-24,61,-69,13,85,32,-87,10,46,-88,99,41,-60,44,63,62,26,-76,-29,98,-69,-80,34,-94,-7
41,46,6,74,89,-45,82,49,-80,-46,-42,-38,-27,37,-80,-99,56,-68,-1,86,6,75,-65,-92,-31,-70,85,-17,77,46,-68,71,-34,-31,71,18,-40,-16,-47,28,-34,-24,-11,-25,78,-48,-100,96,89,-100,-17,47,-3,57,-4,5,-68,-79,34,75,-87,18,-80,-58,-27,-37,73,-65,-14,39,-2,78,36,38,-91,-36,36,33,-41,-30,-53,-24,93,-17,31,30,7,-94,84,-17,-61,-39,49,31,-28,-87,57,42,57,23,44
-10,66,-13,88,35,94,-18,41,62,-69,-32,66,9,-46,-90,-11,-16,-77,-44,-79,73,-20,40,-39,-70,56,86,-47,71,55,8,-89,15,47,3,-70,-61,45,96,18,87,96,45,-21,96,17,-78,7,-96,-79,-41,-32,93,53,26,-94,98,-20,-61,54,80,35,54,52,-11,50,-68,-67,82,32,25,-92,24,67,-46,62,91,83,65,53,-89,-55,88,81,44,-98,-57,-60,-78,78,8,-85,-96,43,54,-60,50,-93,94,-85,-9
-93,-76,58,50,-37,-72,70,44,-26,74,-94,85,-90,-78,-39,27,68,46,-7,73,79,-10,-12,14,37,20,-16,89,79,-60,69,87,83,6,84,80,47,-54,30,-9,-25,71,93,-89,-51,-34,6,55,65,-50,65,-20,16,-92,-77,-80,-1,74,-91,-76,-12,-95,-17,93,51,85,-94,-38,-65,97,-98,-84,-71,-74,-90,77,-72,-87,-27,33,-48,-29,-8,-66,32,62,-73,89,30,87,-49,-65,31,28,-2,80,-43,17,41,48,-74
58,-54,12,-67,96,31,44,-41,-82,71,-16,83,-44,-98,-85,64,-1,50,-84,92,31,32,-96,93,-71,33,11,-18,-83,-72,85,-16,67,-35,-53,66,74,-61,-19,46,-90,24,-53,-12,43,-45,53,24,-75,91,58,-40,-34,83,78,-28,50,24,96,3,38,26,-69,-50,23,-77,63,-14,-12,-45,4,67,67,74,-74,-83,69,-26,31,2,-23,41,1,-80,2,4,-51,-29,-13,-80,-94,40,-8,-73,-44,31,-95,25,-93,-13,-53
-67,-52,-97,-5,22,-96,-41,44,-39,78,-65,9,83,-55,-80,72,33,-40,62,-55,17,-34,4,-18,17,3,24,-63,-21,41,26,-46,12,61,-24,-73,31,48,95,-92,-37,25,-44,66,88,-62,6,-18,52,-27,-30,-34,-76,-33,67,-67,0,4,79,-39,87,2,-33,-68,-62,58,-68,-59,-41,76,70,2,-92,81,-28,-97,46,-77,36,-30,-33,19,5,-94,48,-59,-20,7,-38,-39,8,89,60,25,8,17,-23,-94,-66,98,89
43,-17,58,-46,70,-35,97,-6,-27,-54,-40,30,-100,94,41,-12,70,42,-20,87,-50,84,-68,-20,-68,-29,55,-9,-2,-25,-71,-43,-71,56,28,-41,-25,-72,32,33,-54,7,49,48,73,47,35,-100,4,71,20,-92,-44,5,18,-94,-1,-83,92,-60,76,86,72,-62,80,82,16,54,82,-68,-23,-66,-8,44,21,-84,-13,45,-34,35,88,47,55,89,54,-25,36,-24,85,-27,-66,-53,-52,-77,-7,77,15,-8,29,-22,-21
-15,-81,-39,56,86,45,-98,-58,-88,24,-11,70,-92,26,68,-40,-25,-24,67,-21,-50,-39,-67,29,54,93,20,-98,-16,-71,4,99,63,30,-93,97,100,84,28,39,92,-68,69,-51,77,55,20,-95,13,-77,-16,-47,-25,55,93,27,-38,-19,-4,-60,98,94,-48,-90,-12,99,77,26,55,-40,4,-8,-60,77,98,-48,-40,-94,82,43,-40,6,-28,-67,-37,-27,28,-69,-37,22,18,29,-56,44,70,10,-37,24,-56,35,-11
71,73,-81,35,66,-62,93,27,-4,-65,5,-34,61,98,-81,58,-44,-78,-89,-76,-20,-55,-72,-23,51,37,35,-13,20,-35,8,-29,-8,62,62,63,-22,-83,-58,-7,52,52,96,7,71,-48,-76,-63,-23,21,33,-46,-32,72,86,69,-35,38,50,48,-96,67,-64,30,-8,78,49,-33,-7,-67,-43,84,37,7,24,-46,-99,95,-99,45,-95,-58,-58,-96,54,-64,-38,89,56,72,-6,30,15,77,-70,-73,78,49,40,14,-94
55,-22,-85,19,-47,30,-20,-33,-27,85,-7,-71,74,-45,-39,-23,96,52,28,-4,-93,-10,17,-2,19,47,71,-64,42,49,-46,40,20,-5,-22,17,-76,45,39,-64,-27,20,-61,84,0,46,10,-58,14,-53,-82,84,-26,96,8,-44,-47,-44,24,49,-30,37,12,52,17,1,45,-1,-51,-69,36,-8,-59,90,52,99,25,90,57,-20,-57,26,-72,-50,76,58,-66,64,65,-89,-49,20,-95,2,45,-92,-44,-82,-6,31,-19
-41,79,99,-72,38,75,0,-45,48,2,67,39,-80,83,5,49,-87,12,-58,33,-53,26,-72,4,29,-44,-69,-11,3,47,14,-88,-72,-40,-53,-29,-92,-23,2,51,-60,-37,19,-77,82,-40,-94,-43,97,-30,38,93,-81,79,-100,31,52,5,0,-50,-45,90,-77,72,-19,54,80,74,28,76,-9,50,-27,36,-92,38,87,79,10,31,2,-60,59,-58,-46,-53,-86,-70,55,95,82,63,93,-36,-30,-85,24,35,-49,77,-28
-21,-71,81,-51,-86,43,34,-51,1,-33,-34,47,98,94,94,-6,-58,-79,30,-52,1,-33,65,-73,-40,-32,-84,-49,-45,39,86,96,2,-23,15,-98,-65,51,77,0,-90,28,54,24,-52,-8,89,-76,99,-82,-77,9,-49,-7,-39,35,-51,-77,1,-88,98,36,-69,-31,98,20,56,-38,3,100,48,87,-6,44,-78,11,-95,0,-79,-38,22,18,-39,4,61,64,-30,-61,96,-38,95,52,4,91,-50,40,13,26,38,39,27
26,90,32,1,-56,94,-29,26,-16,89,2,40,-98,-70,-94,-3,17,-94,-53,37,72,35,91,-81,-91,-44,64,27,37,-60,-71,-12,63,47,-86,-25,41,-52,-44,-55,-68,18,16,6,-62,27,-44,95,-11,-80,-26,8,72,46,-93,18,-69,-58,-6,7,42,-36,6,5,10,22,-76,75,-71,-72,53,-72,11,-15,96,52,-76,81,19,-52,17,-58,81,81,97,75,91,36,21,90,97,-53,1,64,-81,43,3,1,38,-20,-4
69,27,43,67,-49,85,50,-60,94,80,-89,-85,50,-3,59,54,63,-1,98,13,6,21,-19,-25,-93,97,22,49,-13,-93,28,-42,55,16,89,-26,81,76,77,-69,-43,-45,-36,56,29,3,37,99,-23,84,-98,77,-40,67,-78,-88,44,-24,-33,-23,40,-64,53,37,-87,-52,-34,-35,-43,77,79,45,-35,58,-52,35,55,-3,52,42,89,84,-75,27,67,24,63,27,-97,-9,48,-59,48,-40,30,41,39,-30,-52,-6,-98
-8,-25,-33,1,9,-87,91,-61,-82,38,34,39,11,-29,-37,68,54,-12,-54,-44,-78,35,9,-59,20,-54,-56,75,53,61,54,35,-73,36,6,-32,-70,-69,9,75,-40,74,-63,-15,-74,-27,33,31,64,-100,72,66,59,24,45,42,89,83,-62,25,-43,7,26,82,42,1,-52,-28,-84,-47,61,-8,-79,89,-7,-15,-2,87,-75,-27,-95,-40,-35,-84,-69,-17,68,86,49,-48,27,16,54,-90,-67,61,65,72,16,75,-84
-46,-18,28,16,10,58,46,100,-40,-81,-39,-17,-65,59,5,44,44,61,-76,96,-18,21,16,35,70,86,80,95,79,-100,-65,96,-47,-46,-95,-42,-33,14,88,57,86,3,11,98,97,-33,57,-85,81,-20,74,-92,-75,39,28,-3,52,87,72,37,67,100,5,-88,32,76,55,5,-26,-39,16,-29,-81,83,93,28,-44,-28,19,-56,-98,3,77,-51,56,-72,60,74,54,39,4,14,-83,-20,-97,79,59,-98,-64,-66,-67
92,27,-72,57,-6,-83,19,58,90,-59,-23,-32,-32,96,-82,-32,-52,67,-99,8,-58,-26,-26,11,-65,18,-91,-68,-18,-27,54,2,95,96,32,97,-53,91,-92,-20,23,-32,48,-84,-41,-36,82,79,-53,-73,-83,-91,84,22,-77,-31,23,-33,-1,83,64,35,63,-21,51,3,-100,-69,5,25,-12,-77,-8,-25,93,91,-81,-84,53,31,62,-56,-88,-34,49,-48,-24,48,90,59,-1,2,-41,-80,40,-49,57,-60,-70,-80,-18
-27,-66,-90,-88,64,-59,13,77,25,-9,-15,-49,55,-89,-14,-16,48,92,-34,-63,-86,-31,-19,36,94,-20,-47,14,-78,-64,55,-76,81,-20,57,-16,-93,74,44,79,68,-74,-65,-89,94,46,59,99,-76,46,-61,62,-8,-30,-13,62,36,-48,97,-31,48,-57,-56,-29,-10,-95,38,-33,-87,5,-87,-96,-80,93,-39,48,20,100,-94,8,-6,22,41,-8,-74,35,-11,43,2,-22,76,68,71,-71,-27,98,79,76,50,60,41
-92,-77,37,-3,14,-32,-51,84,-35,64,97,10,-92,-68,-60,8,93,-66,92,16,-30,10,3,88,86,98,-7,22,-81,56,2,-44,-12,24,-31,-60,-97,38,31,26,-51,-54,78,-44,-2,-58,14,-50,2,76,-62,-68,18,31,54,-39,79,31,41,-10,-1,-93,-11,-96,-32,-36,64,66,-82,-96,-62,-62,-75,-42,61,-30,-57,16,-26,-44,-91,-22,1,-84,66,-10,-50,-35,80,75,-68,99,-46,-65,-26,72,78,-31,-23,75,20
41,-36,-44,-29,-25,-32,75,67,60,-47,82,-61,13,-91,-3,-85,33,66,-37,-80,99,-62,54,-71,16,82,26,13,-11,60,-81,15,68,-15,-84,-11,-79,48,-15,-12,80,88,-17,54,-46,-54,-70,42,-77,-100,-37,42,-73,-78,-62,-37,15,-52,41,-84,-81,97,-5,62,68,98,-91,33,-60,-59,35,13,12,64,66,-83,52,-31,11,62,-81,68,7,2,65,-49,72,-97,99,-20,91,-36,-52,2,6,-5,-100,53,-80,-31,46
69,44,16,-99,8,-11,-81,-28,18,59,27,57,-16,-10,11,95,7,23,13,92,-87,-51,51,-45,-32,21,71,-2,36,90,-66,-37,-75,-91,66,-68,-75,78,-76,-55,-18,-40,39,-49,22,75,-60,80,-99,48,38,-9,-22,-80,-96,90,87,-33,-64,-13,91,-71,5,-90,-65,81,73,58,-40,66,-85,80,10,58,76,90,-7,-10,-89,25,82,-5,-1,21,88,-36,56,69,59,23,73,27,69,46,-86,83,63,-39,82,71,85
-83,71,-33,44,57,69,-64,60,-31,-46,3,91,-11,12,26,61,-49,19,-44,-26,-20,-43,18,100,-66,45,-68,47,17,75,41,76,45,-59,-78,42,99,-33,84,-87,-23,-74,-75,66,16,94,-42,94,-64,-33,96,-56,88,-43,-51,-87,93,72,51,60,43,-81,-2,-76,79,-13,54,-84,58,22,12,-38,39,-77,-15,92,71,70,98,9,-67,-26,-5,-11,0,-84,79,55,-88,-34,-77,83,83,-17,33,-8,5,13,41,8,7
44,36,89,-53,73,-24,74,-30,37,24,80,-17,-29,-61,-50,56,-65,60,63,96,-26,95,6,72,67,-24,15,-4,71,-77,-11,-74,34,95,59,23,-5,81,15,-5,84,97,-10,-78,29,-23,13,20,-20,72,46,-34,75,98,-21,-94,66,-11,33,-36,-55,96,17,-64,-73,-84,70,-40,-73,25,-64,7,29,-97,20,32,-53,-10,96,49,-30,-46,73,2,61,28,27,-62,-36,-69,-66,52,-10,100,80,5,-4,29,32,-61,-38
92,-29,30,-44,31,23,-30,-12,-72,-31,-20,40,-78,-92,-58,7,-28,94,76,-43,-64,-56,-4,91,3,31,-61,74,-63,-19,67,92,-93,33,29,33,64,-53,53,58,-74,-79,-43,-20,65,-77,-97,20,74,94,17,40,-73,-68,48,34,67,6,-64,27,-12,-80,24,-11,50,32,97,53,-95,-79,-95,-22,-68,-61,98,85,-11,94,-56,82,-46,7,37,-23,19,77,-92,91,32,-99,-83,-69,12,50,38,2,15,65,94,-55,-15
48,-72,-8,-29,80,77,14,-13,8,-17,-67,30,-61,-3,-83,15,30,93,-79,-81,-5,-6,63,-26,44,87,28,76,9,-44,74,-74,-42,13,4,-18,88,-68,65,14,43,-100,-17,5,91,-48,74,0,-72,62,-67,-89,-53,32,-5,-26,27,93,-45,70,41,-86,64,-69,37,48,-91,-20,89,93,76,-10,13,50,-91,-95,-96,43,-10,33,74,-68,44,94,19,-23,-57,41,82,11,4,-8,-36,59,-59,37,90,80,-91,89,78
97,80,-87,23,-71,1,21,-11,32,24,48,59,83,-81,-28,24,-35,-95,-25,-89,52,-44,30,4,28,-60,85,-42,20,-26,-25,-31,64,23,-93,84,63,-29,-60,13,55,-42,27,79,-3,-7,-27,17,45,24,83,-1,71,20,-25,-85,-85,-59,-24,92,27,72,-11,-47,-80,-12,45,51,58,90,7,-99,-68,24,10,-92,-51,31,-5,54,29,-99,68,-57,71,25,11,23,-40,38,-25,28,-99,1,-82,-20,-77,52,-71,46,-2
-44,-44,89,-73,11,-73,-51,1,77,41,-12,28,-78,62,84,-28,82,52,67,97,2,88,-65,-1,9,-9,51,43,-20,29,-93,19,-64,62,-71,11,13,69,61,-89,-34,52,-57,-60,79,64,-77,71,95,-87,0,82,-91,23,6,-30,72,87,36,53,-14,-71,-63,100,40,70,-60,-65,93,25,-83,-72,-57,-81,35,24,79,-12,-89,93,90,-37,-12,91,0,-42,-36,-72,12,3,-19,-34,-58,86,88,-11,6,22,-60,-66,-8
3,-77,-43,-38,4,-79,87,-39,-91,28,18,-34,31,-67,97,53,60,-46,-36,-86,70,81,47,-19,-37,43,-99,-27,-13,89,31,-88,98,55,-76,-91,-57,-62,-79,-76,-20,45,98,-74,-81,36,67,-36,92,55,-5,-63,-100,87,-61,-13,61,-62,30,51,33,34,-96,67,29,-73,10,-57,62,96,20,11,55,27,-75,51,91,-65,98,56,41,-45,56,88,87,84,37,-85,54,47,45,-50,0,96,-46,-4,33,42,-43,31,-92
-80,21,-1,-67,52,-46,3,64,46,64,37,0,-60,-44,38,-25,87,-65,-17,71,-72,22,11,-29,-61,-58,-100,-12,-35,43,-94,76,94,3,89,-17,82,-52,65,-35,-77,22,10,-71,73,83,33,-94,-59,12,74,-71,-57,80,-38,40,80,-70,44,14,-73,-64,-88,-20,-22,-88,-42,-74,67,90,-77,-70,55,75,-36,17,12,17,-72,53,1,57,-37,-49,78,71,99,89,57,-40,-30,-90,-46,46,-35,-68,-80,-42,-19,34,56
-1,33,-7,-41,8,-65,-60,28,26,66,84,-46,11,31,69,39,-18,60,5,-10,48,7,-24,-60,-97,-23,51,-71,3,26,86,70,33,83,-39,7,55,-15,57,16,-41,-26,37,27,10,6,-71,78,-66,90,-26,-83,-79,28,-77,-80,76,64,-3,73,41,-99,86,46,58,59,0,-19,-23,95,-47,36,-34,-28,26,-80,-76,57,61,18,-50,99,-95,11,-14,-10,92,-11,-64,82,5,20,-46,44,64,92,66,46,-89,-100,-82
-26,-82,99,26,-53,19,49,-24,47,93,31,-16,-52,-92,26,-2,17,-36,-6,10,4,-28,40,-45,54,-40,46,-31,-73,-51,-19,7,-90,82,-39,66,34,-37,59,59,-85,17,-46,18,81,65,20,-81,15,79,-11,32,34,56,-83,93,-38,-46,-44,-81,-74,12,-39,-66,-95,-60,14,-88,92,40,54,-41,-14,64,34,68,78,-70,-71,-26,54,-31,-37,84,-52,-80,-85,-97,-65,-14,-99,-65,79,25,-85,46,-26,100,45,-89,1
-55,98,19,66,81,-8,-6,66,-52,-4,-18,-71,-99,-67,-81,30,-77,81,82,-97,61,-53,53,24,-59,-80,89,-78,55,-53,-42,-90,14,17,-95,15,69,-39,-75,-91,47,-80,-2,-33,-71,71,-26,68,-78,11,88,64,54,-80,-100,4,71,45,74,38,89,-27,5,57,92,49,78,-46,54,-23,15,-35,96,-7,34,84,-12,-34,-59,-64,37,82,86,-13,19,-96,-72,-18,11,34,90,-9,64,-62,-30,-47,-39,-32,77,67,-62
97,-14,-37,14,-28,70,-85,-37,-3,-12,66,-13,-42,95,-85,-71,12,92,63,-91,-73,-40,-52,13,99,-93,-74,79,-73,99,-31,-23,60,8,-43,41,-14,-11,-17,-38,-85,-97,49,86,-64,-99,84,18,-24,37,-88,79,56,-31,26,38,-19,5,100,93,-12,52,-25,-10,-44,9,-68,72,-24,85,44,82,-4,94,-28,-69,58,-75,-71,-30,90,-10,67,32,48,18,98,-82,100,-8,80,-12,-47,89,-23,-64,-43,0,22,38,54
65,-81,63,92,-65,-79,-60,-36,75,41,-27,-53,-86,34,10,58,37,15,60,-79,79,-61,-37,60,-92,78,22,-57,-91,15,47,-25,66,1,-93,49,-6,-8,-16,-49,33,64,61,27,-34,24,-45,17,-20,69,-40,-29,-72,-65,-53,-93,40,-49,-14,-86,-41,-12,0,-9,20,54,-34,-91,35,19,-50,99,59,-6,-19,83,53,-38,18,4,75,18,92,-63,-17,-72,-99,2,-67,-19,-12,-2,14,7,-75,52,99,-4,3,-34,32
77,-86,-63,73,5,-36,-7,-41,99,-35,-9,-34,-69,-29,75,23,48,-32,-93,-75,-7,-10,42,-98,-89,-42,7,27,36,-82,40,86,45,70,42,-10,-2,94,53,-57,8,7,-74,25,88,-91,55,67,-28,-80,15,-9,30,-78,49,-25,53,8,-72,-2,-55,40,38,79,41,-34,-2,90,80,92,-34,-58,9,-44,42,32,97,1,76,86,-70,-90,-3,42,32,29,6,-66,96,-67,27,-36,7,46,-90,-97,23,-1,39,-83,61
-63,7,23,84,34,-66,87,4,79,52,86,67,-80,-14,88,49,35,92,-5,-8,-42,78,50,15,9,2,34,-13,5,-41,-37,-81,62,-75,35,-36,-62,-52,-97,-56,-63,-18,-28,72,5,54,-62,70,39,61,37,-31,94,17,68,54,-52,-38,6,-46,45,-78,35,-31,-55,-91,-7,-76,54,-39,-55,-84,-20,83,-90,9,1,76,65,40,-8,68,35,20,16,-84,-44,-18,-14,-31,85,-83,0,-34,78,-55,-1,-54,21,-98,40
-61,-23,18,93,17,45,-17,58,-40,-42,9,-100,96,-78,90,-52,-54,-90,92,97,-47,-87,18,-62,53,37,61,-11,19,-49,-7,9,-37,-11,3,-15,73,-21,97,-9,86,30,30,7,75,1,-19,-22,21,-63,76,13,-46,-17,85,21,-93,79,35,58,-22,47,-94,-48,-53,43,94,94,72,-38,-94,-52,98,41,80,-61,-60,-47,86,-12,74,-43,39,-8,73,-45,-45,-4,-74,47,-1,-93,-23,-59,0,100,-8,51,4,69,69
49,-86,-32,37,-74,84,-90,-26,-91,90,-10,-55,64,25,94,62,7,-54,85,-1,55,-9,0,-50,95,-73,-69,-74,84,-77,26,56,54,-96,63,33,-28,-92,-70,-18,62,62,2,46,21,20,-86,53,78,-15,2,-45,94,-31,-78,-52,90,76,-64,-68,-94,-32,-66,-47,82,-13,-38,-45,-41,100,-71,96,-12,-7,-73,21,16,-43,-39,64,10,-49,98,37,8,70,-19,-96,38,96,-93,77,74,-33,-16,-86,53,26,31,-22,-51
10,-18,84,56,3,21,-13,-11,-32,88,17,-42,21,-50,-100,-51,68,95,-36,-35,-33,-5,-3,-19,-55,-82,64,-29,-96,-18,65,13,-17,-80,52,47,4,1,81,-81,57,38,91,-1,20,-37,-59,-67,-87,-21,-74,63,15,44,-69,-3,-68,-60,33,42,45,80,-81,73,-52,-48,-71,36,-72,37,-75,34,41,-81,-89,100,-58,-38,65,-84,-18,38,78,-74,76,-24,-88,-59,-75,-68,-80,55,-13,68,1,25,77,18,89,54,48
-92,-90,-86,54,8,3,81,47,30,69,-52,-46,17,-86,-21,68,-60,-58,54,-86,-10,28,76,72,-66,-23,69,-14,-73,-45,17,-80,-13,-45,13,18,76,20,-81,33,-42,-3,14,22,82,-19,-18,-6,-76,3,90,56,100,78,84,-62,86,94,93,94,-100,4,-94,-8,48,-76,-44,3,-85,-49,-65,-89,26,-4,95,80,-81,9,56,11,81,28,86,20,-98,-22,-10,-33,-86,44,6,98,-86,-84,-79,50,22,24,-35,50,20
-24,32,23,5,-98,-9,41,75,-71,-78,99,2,54,57,12,-63,-80,6,-100,-62,5,-46,82,88,-58,95,-53,68,69,-32,51,-7,-43,27,72,-100,-74,-52,80,-70,65,-22,-55,37,1,69,-100,60,-74,100,99,90,90,42,80,-77,53,42,17,65,38,-99,-64,-64,-15,-44,-60,-36,-25,-49,55,-13,-58,58,95,8,-46,-31,-11,14,-97,-43,71,-7,-36,69,-36,97,-91,-14,-46,56,90,54,27,47,-78,16,31,98,-16
-28,13,-41,7,-49,-54,-13,38,27,-78,11,80,-63,-87,68,-20,-11,50,-70,22,16,-91,-1,-32,-82,8,39,-67,-88,-52,38,99,58,-7,70,-68,51,91,-89,100,-44,41,98,-34,18,-43,10,-24,30,88,62,34,98,65,-80,57,61,-77,-74,-73,33,-82,-99,-38,11,22,-83,-18,-60,-71,13,87,-12,20,-25,94,-65,79,-59,84,-17,30,25,57,-12,15,6,-6,-65,-24,-81,47,4,49,71,60,-53,90,68,-2,23
-22,98,-86,-62,7,10,82,36,-9,-59,-6,-3,-97,-24,37,33,38,38,-21,34,-74,55,-4,-3,-26,3,19,-94,78,-70,48,-71,96,46,17,-89,-76,55,55,-93,55,-88,60,85,-8,-90,2,30,-25,84,85,41,-97,-100,9,-67,-49,-27,22,-33,-99,91,-93,-77,67,77,62,-21,58,96,-37,53,-13,-92,58,97,66,18,-1,-72,-50,-27,-55,-51,-45,43,100,-71,37,-48,77,-75,-34,94,68,91,-4,-14,-43,88,-45
90,-52,93,19,49,-71,89,43,52,3,-87,-93,-32,79,-3,7,-97,-69,-60,-66,-99,52,-94,1,-85,58,58,78,75,-69,45,-16,55,84,-78,100,-36,-48,-43,-52,-27,8,-60,94,-70,70,74,75,52,23,-79,8,48,59,96,-72,-98,-3,-36,64,47,37,-63,-35,74,7,-53,-22,-39,-54,-81,-27,-35,-36,-35,45,88,72,90,59,18,-84,5,29,42,-76,-100,-69,-45,-41,99,-55,32,36,-5,-44,50,-26,-99,-90,47
87,-27,-80,-56,-35,-89,-94,-78,-96,-72,50,-8,-90,35,-89,47,34,39,82,-78,-71,-34,78,94,-4,-3,52,-70,-28,-91,-98,25,-31,88,-33,11,-31,42,-4,-85,39,64,-65,-97,72,-35,-83,29,30,-33,-72,18,-28,96,-90,27,-2,55,70,19,-71,85,91,11,18,54,-31,-56,-73,-66,-4,28,87,52,-71,-4,60,5,-36,-26,17,-68,-4,-88,-18,-71,86,-66,-7,93,-86,62,-13,12,-39,81,44,72,-40,-35,-62
-94,75,55,-88,-52,-86,32,17,-57,-4,-50,8,71,8,-41,4,23,-5,20,26,-87,56,-88,-2,-81,32,-77,6,-71,-26,-82,-40,81,-56,-41,90,-66,-33,-19,83,-31,77,-37,-38,-88,-99,59,-39,-33,64,34,-23,39,-8,-79,-70,-85,-41,-94,-8,-14,24,-41,-28,-15,39,28,25,52,-27,-5,-92,-15,-7,21,-89,-43,8,34,99,-32,9,59,17,-18,-23,-86,72,-15,10,-47,-39,26,45,-52,-14,-56,69,-65,90,-99
-93,43,25,69,21,54,-30,59,-77,85,16,46,-43,46,-35,81,76,-49,-67,-96,-99,11,-54,50,6,96,23,31,10,-47,96,-86,44,-41,-90,-43,29,72,10,15,34,69,-51,27,9,-39,53,-4,-94,77,87,-45,60,-21,88,-61,26,-45,80,88,-71,22,58,-52,-79,47,-85,-61,-61,99,36,63,92,32,-41,74,19,35,25,-6,78,26,-8,75,-27,-28,-90,-64,-16,22,69,1,-69,58,3,52,-55,-73,-89,82,-23
4,72,-66,22,-27,67,-13,73,0,-99,6,27,-8,69,-83,-33,24,32,10,-85,64,71,-20,67,54,55,-3,86,91,45,-71,13,100,-14,-64,18,91,36,62,41,71,-41,73,67,11,76,-79,67,20,36,30,-10,-18,11,-42,65,-40,-50,2,10,-39,-63,96,82,33,-23,-54,64,15,15,67,-63,-90,7,70,-15,-32,22,-55,65,69,48,-95,-41,-39,-59,-71,100,-4,36,-31,-31,-26,85,49,6,34,-96,93,70,16
18,-1,64,73,93,15,38,12,-19,-38,-47,-17,84,-93,-63,-30,-62,-70,20,-79,33,54,23,-50,-29,-26,-74,-38,76,54,-34,-39,-77,42,36,46,-62,-2,-44,-2,-32,-57,33,34,-32,-38,57,94,-7,25,82,63,-16,-30,-10,41,-31,-62,53,-73,-86,50,-68,-94,12,15,89,56,40,-82,91,20,-54,69,41,-69,62,95,78,-2,-81,55,57,-37,2,90,-78,-82,-28,53,11,-90,87,77,-80,79,-72,-51,-62,-27,44
49,58,72,30,40,14,-11,13,9,56,66,-77,-95,-73,7,54,45,22,68,16,38,-46,40,78,67,77,70,-100,-50,51,-10,82,-84,41,-99,48,-7,54,-33,48,-79,81,-79,17,-99,11,29,62,-63,-89,30,-39,80,-21,39,-99,24,-36,-93,31,0,17,-19,14,-16,-89,87,89,14,13,37,20,-1,17,-11,-34,-36,-21,-86,-95,-18,-1,11,12,61,86,-74,36,-24,-85,100,10,-37,89,-11,-41,-13,97,48,0,-100
3,-60,-11,60,92,-42,-24,-90,33,-66,-97,-41,-9,80,-58,85,33,15,95,-57,-9,35,43,31,-98,-4,-84,32,52,-38,34,63,79,-67,11,-82,-74,-35,76,-82,75,-71,-45,-84,14,40,85,66,36,-50,59,-1,16,-92,-13,-74,-38,48,88,-95,-37,-27,41,53,-38,-3,-12,-21,5,-35,82,-99,76,-41,-12,29,-74,-52,-65,-22,-36,14,63,-68,-58,-54,-56,59,94,-80,-64,-61,11,79,-46,-26,55,-1,-58,-88,5
97,91,40,45,41,-26,59,-59,-1,-94,-99,8,80,-10,62,-66,75,50,-66,79,-44,20,-96,5,-94,88,90,-83,-75,-35,88,60,68,-41,18,54,-51,78,-94,71,70,12,-71,-96,-49,-18,88,-35,-41,-39,-79,53,-49,-61,9,50,47,94,-27,-81,-56,-57,68,-16,88,-1,10,63,37,11,51,-98,-46,-40,4,40,29,50,-44,49,53,74,10,-33,-15,89,-63,72,-13,-77,-58,-9,-40,-31,12,-56,-74,43,77,76,-67
48,-78,86,-64,43,52,45,87,-95,40,52,-95,90,-38,22,-33,87,54,-44,-43,-47,6,-62,96,41,49,65,42,25,90,-65,-8,69,68,-59,72,-82,31,-50,-46,79,-98,-55,49,-77,9,48,88,37,51,48,88,-80,46,6,14,-53,10,55,33,-96,-28,41,-97,68,96,-32,-29,-96,-17,71,79,7,59,11,92,87,67,-45,32,8,-93,-71,-98,31,1,57,-37,-17,46,-36,7,23,-72,65,19,51,-32,17,-10,91
-77,-38,-86,-68,20,65,-49,-87,44,-35,38,87,93,-42,6,-4,-72,44,31,21,63,46,2,-90,13,89,73,-4,70,48,-73,-45,-51,66,28,15,48,-48,48,-75,-9,-9,69,67,-69,66,55,-44,-76,87,5,-10,60,15,-72,96,15,-15,45,-59,59,-87,-29,0,13,17,-81,74,92,-56,55,90,-64,63,-36,36,25,15,-29,-78,-15,92,-98,-12,23,77,-53,-93,46,-61,0,-87,-26,31,-87,-17,59,52,-44,16,4
62,7,41,73,-32,-67,32,59,-29,-44,-29,-94,-15,-36,-36,97,-44,44,12,-72,88,78,-18,96,-56,-27,-45,85,4,-43,32,-33,21,95,-7,87,23,-73,-89,27,25,-1,85,89,-20,-48,64,80,71,-85,-94,-29,41,38,84,-77,-82,-33,-63,-55,-92,-14,-7,26,-77,19,-32,-93,27,5,15,54,-4,33,35,68,96,66,92,70,-63,-67,74,-10,69,-76,-48,64,69,53,-65,-9,-73,21,-97,77,-71,75,53,43,-91
-80,-16,88,-90,-38,-100,55,-30,4,18,41,47,99,-19,92,-57,8,63,-4,63,10,32,65,-59,80,22,16,-7,73,-87,-87,-35,14,24,8,99,2,-34,-11,-46,-1,-88,-84,-55,96,24,-20,12,76,74,-75,86,67,18,-26,56,32,-3,-36,-60,70,-45,-8,80,98,-14,54,24,86,-42,-90,-36,38,72,36,-63,24,-41,22,59,-98,84,-43,23,-71,-26,80,18,63,-89,-78,56,-28,87,48,-75,32,64,54,-93,22
-33,100,64,92,25,-89,70,29,-39,16,61,-47,-21,3,83,-95,-61,-16,74,26,66,-43,14,-59,-45,-79,-75,26,38,-72,76,35,-100,73,8,88,-90,-5,-1,14,-4,46,50,-99,-15,-40,99,-32,67,-26,61,-3,-75,25,-47,59,-44,-99,-93,50,68,44,90,76,17,-19,22,-30,-22,68,79,12,-4,0,-94,-88,7,-87,40,31,-22,81,-98,51,-1,36,90,24,-64,16,-10,45,31,86,12,65,80,55,-15,7,-98
76,-13,-67,29,47,-68,-89,51,92,-40,-11,-26,-15,5,50,-94,17,-31,-5,61,31,-39,57,24,84,80,37,-99,62,13,45,-71,96,33,29,9,13,-87,38,-91,42,32,-44,-55,95,20,10,62,63,73,8,-56,95,-35,88,12,-48,39,84,23,-85,42,-46,-20,52,25,68,-22,-32,-16,-82,-4,-35,40,-95,-45,23,-2,-47,-53,-100,-47,71,-86,-52,-79,-79,60,31,26,91,-92,26,-38,91,23,57,-88,4,96,100
60,52,87,-53,42,82,-98,30,-33,-20,-24,1,-27,-31,19,-34,-11,-10,-59,-13,-20,50,34,-71,72,42,46,-36,-100,9,-3,25,81,78,82,86,46,-46,-46,26,86,28,38,19,12,99,-92,33,-20,35,92,79,39,17,96,-80,-74,-53,67,-78,-54,24,37,76,55,36,20,-28,73,8,47,-69,-58,65,-7,-12,38,14,53,-81,-34,76,-70,-55,81,36,12,-53,-24,-41,-10,19,25,-25,6,-73,42,55,-67,2,-95
96,-57,-29,-37,-57,62,-8,-78,13,79,-32,-40,19,69,-85,-61,-57,51,57,93,-23,4,-32,-1,23,-19,-50,-5,96,-13,-25,-87,68,71,24,51,-85,8,-55,-5,18,-49,-26,75,-68,56,84,37,-68,-77,37,56,51,-25,13,-43,75,-5,-11,5,-11,-83,-72,-6,23,-72,7,-64,70,47,-85,-42,50,70,56,-84,33,-80,3,90,-51,57,98,-24,22,-9,29,-41,-31,-73,-96,5,94,41,54,-58,-33,-4,20,92,19
-80,-18,-25,27,-32,21,-75,76,15,55,94,48,-79,-67,-25,-85,-49,63,84,-71,94,3,-12,53,59,-48,57,38,-31,-42,77,-94,-51,65,-44,65,0,4,-80,25,-80,60,-85,-4,49,88,24,-50,-29,-74,-92,-29,-83,11,-63,-62,98,-43,-5,48,77,47,-14,-22,33,13,93,-77,-39,-89,-52,-30,-65,43,-23,61,-74,57,-49,-54,76,15,-95,89,-12,20,-68,-83,-24,-79,-8,-32,88,-84,-14,-19,-48,26,-49,83,81
-7,78,-55,56,-43,29,-29,-14,38,-74,-30,52,-31,29,75,-15,10,-39,-81,59,-52,88,53,57,-46,-54,31,-36,43,-76,-21,-99,-79,60,63,79,-31,80,58,-97,100,-52,-84,-71,-31,-98,73,-24,-6,-32,-48,-47,-98,-57,-85,-53,71,85,-34,88,34,33,-45,31,84,79,-50,62,-33,-65,9,67,-76,-55,-71,-16,-81,15,-53,-3,-85,75,-18,-3,58,-52,84,-4,0,-45,-93,33,13,92,-72,86,93,54,-90,-48,43
21,45,89,61,-24,-38,46,10,-88,-2,32,-6,-87,-32,24,-25,49,-30,-4,43,7,-76,24,-2,11,-3,53,37,-58,22,-55,29,70,-61,-48,39,83,-50,22,-93,-1,60,-60,-99,74,-94,33,39,-87,-63,-80,-88,65,-64,45,-35,-82,54,26,-63,87,99,-13,-93,-51,98,77,99,45,82,74,3,16,55,-16,8,-94,32,-82,-29,-64,-63,-12,7,45,9,92,-9,66,-66,-52,94,-100,75,30,38,32,28,-87,-5,61
-9,91,31,3,-96,76,92,44,-89,34,2,-57,59,83,4,44,-22,-36,-91,-79,78,1,-26,-5,100,-23,16,-40,59,96,40,-63,-66,-26,29,69,-13,20,-3,-72,-60,-87,18,24,34,27,-28,-35,98,89,82,81,44,75,-84,-91,-90,-99,45,-24,88,27,-15,-17,-12,83,-81,-35,-33,-6,0,-7,56,-67,12,-82,8,27,32,47,-56,13,-96,-67,92,51,25,80,99,-88,53,-37,-66,80,-38,-44,33,-44,-34,72,-9
10,45,86,68,35,58,-30,-64,-61,10,-13,-68,85,-20,-92,-62,89,-83,86,-30,39,-87,-17,33,-5,84,27,-5,83,-86,12,12,-14,-66,41,44,75,-53,-29,32,-86,19,-82,14,-62,34,-40,-66,44,-91,56,-28,28,14,22,-98,25,-70,64,8,65,-86,-85,-44,-28,2,-58,-20,-80,64,20,-95,-3,-54,-99,52,26,51,17,18,2,15,-10,-88,68,-34,-70,-43,-77,24,59,5,49,-7,9,72,-34,16,-69,-100,-62
-50,-38,-70,-85,-76,-6,58,30,3,69,37,80,25,87,47,-29,-100,-73,-52,-89,-6,98,-2,16,-89,-68,-8,35,51,-52,-68,-28,99,92,-15,32,-20,7,-68,-40,23,-60,-96,50,54,85,-22,82,76,10,-65,56,-60,-84,75,14,95,65,-59,-79,-75,47,-41,8,91,-74,49,61,95,-91,37,46,-89,-72,73,43,-100,38,85,75,19,-71,19,-93,87,76,100,25,-41,-46,50,-100,87,-30,68,-92,88,48,-62,58,80
-51,43,-37,-78,-55,-53,-13,78,58,22,56,36,7,-21,42,-82,-66,-29,5,-41,-28,9,64,30,41,-25,16,-94,81,-43,41,31,-24,4,85,-78,-94,65,-44,-24,-68,53,-43,81,-14,-66,5,70,43,-27,-37,69,-64,-68,-44,-96,-40,-78,53,-81,11,-27,-45,-61,-68,-76,59,-47,35,-29,-50,-45,-80,21,55,-99,80,-63,-24,26,17,63,-85,71,88,75,-78,2,-87,-33,-18,-21,72,-53,-67,4,-89,61,-27,-23,12
89,51,-74,78,23,53,-51,98,78,-61,-77,-86,-7,-49,6,16,-23,11,35,10,-67,74,-48,-25,-85,-31,-62,-9,-77,55,38,-66,51,-51,-37,69,5,22,-94,47,-15,43,-87,89,-67,-24,-4,-57,-49,89,-86,80,19,-38,-47,-80,1,30,-56,22,-77,30,-60,29,-56,-89,-53,70,83,-27,-90,-20,14,26,1,-100,28,-37,83,97,-100,-98,-52,-83,-88,21,-54,-79,-97,-6,-84,24,48,0,-83,98,42,-30,87,-58,-26
-65,-47,100,40,-92,-25,49,-49,-8,87,58,-56,16,16,-97,92,76,-17,73,-85,78,67,31,71,6,-85,-76,44,18,-77,-41,84,-88,-1,-30,-77,86,-11,34,32,30,94,-99,-3,-29,13,20,-22,-21,52,-25,-93,-71,63,-84,21,10,-56,-46,-76,45,100,-9,-11,-15,54,9,-13,-99,5,-66,-19,-89,78,-29,21,76,96,34,-80,-1,-53,-46,56,-94,69,-71,-67,-73,-3,-69,55,59,-24,-40,-19,-70,-74,98,57,20
-4,-40,-38,-44,-6,-99,-65,-84,96,-78,-3,-23,5,-62,25,86,-66,45,76,-51,-15,66,73,23,46,-56,-13,9,83,46,68,-85,80,27,28,-58,-87,-100,18,48,52,43,-13,-63,-71,27,3,66,-7,-70,27,78,-1,96,21,85,-59,77,-39,-36,59,-55,-98,-61,-28,-35,-46,-65,-69,-11,97,90,-81,-78,0,59,-20,-89,11,91,-9,-90,74,-19,-65,21,-98,22,59,71,-98,9,98,-48,-80,63,-17,3,19,-3,-68
-82,67,-23,-48,14,65,-85,52,9,98,-9,81,-48,99,94,-83,23,-39,-6,-69,59,88,-82,-28,-40,-74,-29,73,-80,72,-97,0,-15,61,42,-67,-66,59,52,54,8,30,-24,-49,-34,-92,-7,50,90,-20,-44,52,-93,-9,-72,46,94,-95,-17,-65,-22,21,-32,91,-60,-5,57,89,70,-73,96,51,28,33,58,-82,66,19,-44,-48,92,-68,22,-36,14,-36,69,85,69,-27,67,68,99,-36,48,8,-5,66,-4,-3,23
-96,83,-15,-99,76,-3,43,91,60,-85,-28,15,37,72,-2,-2,17,-21,-47,4,93,58,-27,-77,-74,-24,94,-31,-45,-29,15,-78,59,2,29,-42,-94,65,-64,24,-21,-90,96,98,31,6,-68,45,100,-76,-28,3,87,34,86,-91,-63,-56,-32,10,24,-38,100,35,36,42,92,-68,5,7,3,26,-23,-63,47,86,-74,-69,7,-80,5,29,-25,98,-46,-77,-43,-97,87,-55,-94,-9,-21,50,-34,84,-96,10,-54,-78,86
-8,93,86,40,14,-13,-76,83,33,80,-6,10,15,42,82,-35,14,-79,-43,-76,-95,-22,-60,-32,84,-62,52,61,-93,97,7,33,-94,-24,96,-54,100,32,-84,29,-52,92,-47,-33,-86,12,-32,-12,80,-21,-46,-5,-82,69,-97,47,-76,64,10,63,-26,-54,53,69,-2,14,30,39,97,66,-70,-42,-60,-52,-65,-63,-59,11,-51,-80,-33,-54,4,11,7,44,24,-63,70,-25,94,82,-95,90,72,-55,-99,-67,-14,-74,-72
50,82,-58,94,-77,94,95,15,84,97,34,-72,-50,-23,97,-50,-34,-82,-68,35,75,2,-51,-52,-68,-19,-45,-87,-76,20,-65,74,37,-67,78,-1,16,36,-64,-99,90,-66,1,24,-79,88,79,80,-40,-63,15,30,44,73,-56,-84,99,36,-82,-4,3,-9,54,61,79,45,80,-75,71,3,100,-36,-9,79,-12,95,-42,28,-82,83,-32,-87,75,-91,22,15,89,40,-35,98,-28,-40,-13,71,-94,49,-92,-47,-81,50,-37
-10,-29,73,-56,60,-98,-56,55,-40,90,-28,34,-56,-49,26,29,-4,14,34,36,-75,-19,-64,67,77,25,-18,71,-21,72,11,-12,-7,43,-9,36,-84,-73,14,-59,79,-42,-14,-69,-9,63,-73,55,17,55,-57,76,-100,41,5,-74,48,88,-100,-42,83,29,-71,37,-63,-17,51,-92,-72,-98,75,80,51,29,-9,-84,33,-88,-87,33,77,62,96,49,81,-63,46,3,65,-1,-76,-4,15,48,-76,58,78,13,24,66,-10
-81,-25,-33,97,25,-69,35,65,57,-28,15,-46,-57,45,-75,-82,95,94,-26,-81,10,9,-80,58,-4,96,-78,-33,-95,86,16,94,-17,-73,72,-13,-37,-15,-19,55,-5,-28,63,-23,-67,-69,-72,-83,-24,23,91,90,-10,-90,-8,21,10,-95,1,-9,35,-45,-25,-36,-54,-76,41,-42,-4,49,-18,-28,-81,-32,-49,-89,71,17,48,-66,-78,63,88,-64,71,-28,-95,2,34,-4,30,63,-51,65,-3,33,86,-92,2,18,97
62,-69,35,56,-62,-92,49,45,-21,-25,-54,100,-49,56,-38,35,-7,-27,-15,49,42,50,46,63,39,-71,-21,82,-39,90,62,-59,72,-33,4,38,-97,25,-94,-78,-21,68,34,6,13,22,-20,57,-70,86,-11,89,-52,93,53,8,53,41,81,54,-61,28,92,28,80,46,83,50,10,-34,-71,-81,-61,41,-46,54,26,-84,39,-34,-35,44,-13,50,100,0,-78,23,-88,35,50,-29,-78,-64,83,80,96,42,8,-12,-82
73,18,-98,-100,54,-96,-82,78,-92,-19,-15,-37,80,76,-8,-16,32,-22,73,16,-33,-38,24,33,41,-24,68,-48,16,-40,-56,-33,-32,5,-31,-28,-16,-50,-17,48,-27,44,-84,-66,-47,-90,-16,26,-58,21,12,-16,-38,100,-47,-92,79,-58,77,0,-16,-50,-96,-8,88,-51,90,-54,-89,-10,53,-3,-72,-79,-92,-11,-90,-45,64,-36,-100,63,-85,63,-99,12,-51,59,58,76,-17,19,64,-70,-97,-45,-11,-98,73,-74,87
57,-12,-86,-52,-4,64,-44,-65,-57,74,-87,15,-88,48,-22,-45,98,-77,66,29,-36,-39,-90,40,64,-70,43,-84,-67,3,91,66,20,96,-81,96,22,32,-76,67,-65,62,83,94,-93,31,95,-13,-67,9,-97,26,-94,46,-61,19,72,-82,80,26,97,18,-33,-19,91,84,76,36,-53,61,29,94,16,69,-1,-54,-30,-33,-93,-34,78,73,4,67,87,-74,35,13,59,74,-89,100,-95,25,18,-13,-28,16,83,54,92
32,97,76,-4,40,-50,-5,-12,-91,-100,28,-51,-81,-31,-45,-16,-61,-97,-47,-2,-80,-14,51,97,-21,21,-61,-83,-23,-53,-76,-41,-52,-50,61,1,55,27,73,5,-26,76,33,-58,-92,-8,65,-13,-9,36,100,63,47,-7,26,49,88,-88,-99,-68,-22,0,82,-78,-33,-65,-79,-73,0,68,-98,-85,-7,-64,81,60,-92,64,49,-10,29,-13,-77,75,35,33,-22,20,3,38,-80,11,25,74,-53,-70,-96,16,38,67,51
34,6,-52,-98,46,-85,2,-55,-91,-96,-66,60,-65,66,-5,-67,-21,89,-50,-56,-36,-2,-79,95,0,36,17,-43,21,-25,-66,26,44,-16,93,91,-1,17,-41,-40,55,30,30,23,-77,-97,29,-68,-74,62,-67,9,48,9,34,13,-68,8,-77,87,-37,59,65,58,-38,31,-100,-62,71,-77,74,34,-7,-86,-90,32,-66,36,-46,-56,-82,73,23,34,-64,-18,-77,-23,46,61,-90,-50,-47,96,62,23,21,51,57,0,-51
-31,-8,18,18,31,13,-100,69,-69,-47,-68,42,-17,-98,-64,-26,-10,-61,27,-28,-44,46,33,48,-22,-99,90,7,34,76,-8,-49,-87,-39,-67,68,28,-76,-4,13,-93,22,69,-18,70,-87,25,-5,-8,85,-8,-60,-93,88,84,-16,-95,-28,71,-23,42,-40,1,85,7,38,-25,-66,-19,33,14,32,-60,9,73,-4,58,34,-43,6,-36,-69,76,-90,-66,-77,47,7,-6,17,-93,-82,-13,51,96,35,83,25,-42,33,8
34,65,88,-20,1,-71,100,-22,82,-79,-35,34,95,-29,-100,40,-2,-16,-98,88,-76,96,-53,-77,45,26,10,-52,-59,-13,-10,34,-82,-72,94,-55,-85,35,-3,-50,-44,-78,15,-13,43,-14,82,63,-24,-89,-97,-4,-94,-6,66,5,-82,43,26,-75,-53,2,78,16,70,3,-13,-62,43,-98,38,46,47,55,28,-82,-30,86,13,67,-58,-64,10,-24,21,13,2,28,-79,-47,-67,-42,-18,41,-98,-59,-58,60,-7,80,-18
-65,-11,12,98,34,71,-20,-82,7,-80,-18,27,14,89,-35,-77,-85,84,6,40,-96,12,-37,22,-98,-81,-48,12,29,-30,-55,-14,-16,85,-60,-54,-4,-82,24,76,28,-93,-33,-29,-95,-35,58,-7,-16,24,38,-49,0,88,55,3,-23,-40,-57,-71,20,-23,62,-96,-43,-58,-70,-64,52,-51,-63,85,16,47,-2,36,57,15,24,-30,-12,-13,52,-37,-77,-54,21,95,70,14,81,-20,45,45,98,20,-67,-52,13,-47,-39
98,-8,78,-42,86,-89,-62,-78,65,-65,63,12,-76,71,-38,-95,-33,5,-27,87,-98,82,-52,-32,90,50,76,27,64,-71,95,10,3,79,62,-69,-2,-85,-60,-61,88,-82,-52,94,96,16,-27,56,-38,69,-10,72,-18,97,-46,57,-67,78,83,91,-42,-89,5,-86,50,51,-24,39,24,-70,-93,81,82,-38,-67,-82,14,-26,38,-21,85,-60,-87,-3,-2,-67,6,93,-7,-8,66,-58,-28,60,-45,-66,5,-50,-6,-77,-76
8,-50,42,16,-60,-76,36,-41,54,-25,-36,47,92,-71,-67,22,-32,72,58,-33,30,50,51,-4,36,-14,-15,39,30,-61,75,-52,-72,98,-51,43,-29,23,-86,-89,-7,33,-92,-10,41,-23,27,-64,-9,35,-42,-37,-35,71,31,95,-38,-32,-23,81,-82,34,-33,-76,40,56,-83,-89,-81,10,60,79,-93,-88,-48,88,62,-21,46,-84,59,-40,54,29,93,-18,69,-13,-86,-39,-11,-75,48,69,26,-17,-84,-25,14,23,-14
66,48,49,5,-100,-38,-9,-23,85,34,89,-74,-86,59,-71,42,-17,-74,68,-91,97,40,-71,67,-35,-15,-98,-5,96,-46,-86,88,63,-5,-50,12,76,-54,35,-27,29,-80,8,-90,-98,-29,-58,64,-28,25,29,-96,51,51,-33,61,-64,-93,-86,-56,36,95,-23,-20,-29,59,-39,-49,76,-5,-82,12,68,-56,-91,37,-65,78,-3,3,-21,-51,-84,-16,41,-89,35,-25,-60,49,11,19,-82,-86,-21,-89,82,93,28,-89,85
-35,80,-99,-92,-92,-61,74,47,5,61,68,-68,-21,-86,-9,-73,26,-3,-77,25,-42,78,16,99,-75,-27,15,-42,-61,-29,78,-88,-81,-33,29,30,83,63,-16,61,71,77,6,35,89,-75,26,-69,54,61,-31,-40,11,-18,42,-82,-32,-77,-61,41,80,98,-20,-87,24,-72,-27,92,-94,64,68,-81,39,4,69,-71,9,-11,34,-6,18,33,19,-45,-68,-60,85,-28,-37,-71,40,-82,45,45,-52,-74,74,43,94,-13,1
-57,88,50,14,-68,-48,99,100,8,72,37,10,-63,-2,-71,87,-86,92,43,45,8,14,40,88,12,100,-84,-42,16,-84,100,57,35,-26,-72,-85,-23,59,20,-30,-10,-60,85,86,42,40,16,33,89,-13,-6,-91,-57,37,65,-32,5,14,85,7,70,99,-90,58,-92,-73,90,95,1,-48,96,-85,-5,-7,-92,13,-76,-10,28,72,91,-67,-83,-21,-48,-97,-24,-47,42,82,-45,-10,12,-6,-5,99,44,49,-33,86,-40
-91,76,57,14,-62,-33,-79,1,-6,-75,-32,61,-18,75,81,-50,68,-80,17,-16,99,12,-21,97,18,10,-64,51,-41,-37,97,-20,95,-1,6,23,-88,-46,49,71,-22,1,31,12,19,68,-24,-94,-19,88,93,-48,20,70,-9,-41,8,-56,66,88,9,67,81,61,61,-69,-47,77,-46,54,-2,31,-5,-94,-72,-43,-20,-48,-11,-57,-12,-42,34,35,15,-64,-23,-42,53,-76,-28,-65,-80,-4,-44,82,-92,-73,12,-3,25
-70,11,-7,-59,-61,2,8,-37,32,33,13,-91,-23,91,48,-45,-87,-79,14,-19,80,-18,26,33,-54,-72,-5,-11,13,18,-5,-14,32,-56,-15,-35,-76,90,-98,-24,27,-93,-57,70,-18,-71,4,-61,-96,25,-35,-14,-73,-44,-97,-71,85,97,73,-68,97,15,39,-55,-93,76,84,-97,83,12,19,43,-76,12,72,-45,-53,15,-68,28,64,-68,70,17,-21,-23,-39,73,-97,93,26,-50,-12,-40,82,-78,-40,23,-7,65,57
3,-78,90,43,-93,-55,-53,90,-91,-15,-22,-52,-86,1,44,77,-11,36,42,-55,20,3,81,79,-61,-51,-11,-32,13,54,43,-16,-14,-46,-70,-43,86,-15,-67,78,82,57,81,-55,7,18,-37,28,-32,37,-87,-30,-99,24,-16,-47,-98,24,53,35,-29,84,9,85,3,85,-100,96,-74,95,-24,-25,-39,-30,96,-18,-14,6,19,-85,87,-79,21,-71,23,33,61,47,-78,86,92,41,41,28,-10,-45,-9,-44,93,-65,23
64,-91,-19,-91,50,91,98,-58,-89,-73,-16,-46,-67,55,58,-60,-10,71,69,58,-55,-21,64,35,-22,60,-84,92,-67,91,79,-72,-43,19,3,42,35,100,-55,80,33,-91,-88,-30,49,17,65,-5,-10,-52,-44,21,35,57,98,-4,-18,66,-79,-38,64,19,66,5,42,30,-77,23,-58,54,80,90,67,-56,86,53,-79,91,16,-13,-62,-2,-83,-50,66,80,-61,-31,-1,-80,28,-28,-21,-21,78,-52,-87,8,95,-92,-8
