-40,-62,20,46,66,20,-99,47,99,25,0,23,-26,47,95,-83,91,53,94,-52,-94,-13,-78,85,88,7,-41,100,-30,-57,-1,-77,98,98,-61,6,41,25,-86,-16,44,-10,-99,84,-18,-16,75,19,-91,21,79,-96,62,-40,3,-28,-59,35,60,-43,87,26,-72,-98,5,-68,-92,-36,51,47,87,-23,-28,48,-92,49,28,85,79,-87,-24,31,-60,-40,28,-43,97,-17,63,8,85,93,-20,-28,73,-68,82,-35,-86,-61,63
-80,-31,-47,76,79,-75,-20,-57,45,-85,-100,-12,50,-3,-72,20,51,-42,68,-69,-54,-81,-69,51,-11,-16,30,64,-15,64,-61,17,-29,47,-81,-61,31,-10,-42,81,-66,91,-54,76,31,-73,-78,-98,49,-47,63,-7,-22,31,60,-62,46,27,59,93,-40,4,33,-93,-81,59,-85,-74,96,66,3,2,14,31,99,-34,-72,89,98,28,-26,-59,18,50,85,78,77,-38,25,81,-100,-67,26,80,0,80,64,50,1,-18,4
-29,14,-75,-40,20,-31,27,-3,-89,-25,-87,-49,92,-16,41,59,-50,-74,-21,-53,60,-53,-71,93,14,46,-81,-100,79,-27,27,34,-23,-32,47,-49,-87,42,-7,-62,82,-94,55,23,-80,35,-75,-63,-33,77,42,87,68,34,48,-77,97,70,-5,-84,35,58,-81,-58,-79,-59,-25,70,63,84,-64,82,-63,-94,-55,-11,68,85,-11,-72,82,58,-79,0,-47,96,14,74,-66,43,-92,63,-86,88,-82,3,20,51,68,-51,-34
95,61,-58,38,-63,78,-63,-36,34,-23,-17,42,-70,32,4,-7,93,-71,89,70,91,77,27,71,-67,-38,17,60,41,-67,23,28,-76,-16,-82,45,89,-61,53,-78,-38,-77,-60,85,32,-23,75,83,-84,20,90,82,-9,95,-81,11,54,41,-93,13,40,-79,15,-24,86,83,-69,48,-10,28,-91,-1,5,15,-37,-76,75,-17,99,-16,-50,57,98,97,29,-83,93,69,-53,49,-24,-23,34,-69,100,61,-58,85,-96,-34,-98
-47,74,-77,-2,-35,91,23,-17,26,-57,90,-69,28,-67,32,-87,-21,94,-38,82,-42,-50,-33,-11,83,99,34,13,65,23,-17,39,43,-77,88,91,2,-19,17,-95,3,16,-46,95,77,23,57,-9,-40,-97,72,-59,-49,48,-98,95,-4,33,89,-20,-95,38,45,75,59,62,-86,22,-79,-77,29,-42,55,32,73,-66,-84,60,-58,-40,-56,28,84,-90,11,88,-76,-83,14,67,-38,42,-28,-97,90,61,67,-76,-62,22,24
56,-60,-69,72,-73,-54,-57,-76,63,-7,-56,-59,70,79,84,-79,57,59,65,5,36,12,-15,8,-79,5,-34,-13,61,99,47,93,96,89,-65,-69,4,81,-28,15,-15,-62,-54,-39,22,-53,-54,-50,72,-6,-95,1,-82,-97,1,28,97,-90,83,30,70,-84,49,45,-51,-14,-3,-46,-78,68,1,18,-34,45,1,68,85,-6,78,-79,-40,-64,-19,41,31,63,75,-43,-29,-81,-92,41,-4,-8,80,36,43,-36,69,-98,93
37,12,-15,-12,34,60,12,-64,5,79,-23,62,-74,18,-28,66,-11,41,-48,-11,49,89,-20,-36,-23,-8,-67,-65,97,20,49,-16,80,89,3,-46,-88,23,9,-83,91,89,86,29,36,67,97,-51,73,-80,60,84,-17,22,-21,75,29,94,-71,76,37,13,-88,38,46,21,-67,83,-49,-15,-79,-5,-60,54,12,65,-80,69,42,-33,70,74,82,79,-95,-92,-11,54,82,-62,34,-93,57,-14,91,47,88,78,-58,-84,-44
-19,69,6,-40,24,81,-64,1,86,-8,17,40,79,34,-20,-64,17,61,100,-67,-44,21,98,-4,-86,10,55,-31,-39,-3,-34,-60,-20,76,80,-83,36,36,83,20,93,78,73,-30,-50,-89,-23,-61,61,40,42,-75,23,-48,-17,-34,-94,83,-16,54,38,-22,-72,-23,-98,84,-27,-61,-94,-58,14,7,-46,-17,97,-93,32,-43,-19,29,-51,68,-11,-54,8,7,25,-91,3,38,8,81,46,46,68,6,44,-10,5,-37,-87
-20,-58,80,91,-76,15,24,92,-21,-97,19,-1,34,-33,7,-44,76,-91,-83,-20,69,-60,-54,-66,64,27,-13,75,54,-8,3,-92,-73,-40,-53,-89,-52,90,-79,12,-80,-11,-10,-76,67,-62,-45,61,-99,34,98,-100,-44,-76,58,-100,27,26,-37,37,6,20,87,1,97,-48,6,-87,45,-33,-43,-13,-4,0,-74,-27,44,97,-9,86,-47,88,76,-9,58,-66,71,58,90,58,75,1,-57,66,-69,20,86,2,-24,67,20
-22,64,-93,68,-81,86,12,-48,80,-24,99,-75,66,32,76,-10,72,34,48,-50,51,3,51,69,13,-69,-39,29,-83,88,-67,-87,26,-34,-76,-47,26,76,35,51,63,47,-72,44,-44,15,65,87,5,97,47,-27,40,49,0,-4,58,-7,22,-78,52,-90,-99,12,-97,-71,99,23,82,-54,-20,16,40,70,-6,86,28,-78,-23,88,56,6,-60,43,-4,-37,-13,6,-77,-62,-89,-93,-74,92,-17,-16,33,-30,-2,-47,-14
-38,-47,82,60,38,100,-7,-98,-11,-88,-51,82,99,-53,-71,54,-11,70,-44,43,97,-82,-40,-64,34,88,52,78,-7,-38,-65,34,72,-85,-67,-47,-18,-27,-92,99,-8,-80,-78,31,-92,64,37,32,-40,7,-54,-90,85,29,-6,-38,47,-49,88,-13,-15,60,34,-59,-99,-85,62,87,97,-41,34,-88,53,-39,-25,86,-61,-76,53,-98,-68,63,-1,-35,3,-83,91,12,-77,96,62,-9,-15,39,96,69,-25,-96,-64,77,74
28,-35,-57,98,-66,8,-54,26,55,-70,-47,-47,8,-73,55,-75,11,-54,91,23,-86,-96,-17,15,-55,22,-68,58,-81,-95,58,66,-75,40,62,64,-71,96,66,14,-2,-37,-79,4,-65,93,-10,91,40,10,-99,86,69,-46,-28,-72,-63,95,85,-76,-56,-52,-66,35,-45,-64,-71,8,47,69,17,65,62,46,42,-21,38,9,19,69,62,27,-6,-96,-82,-80,-48,32,86,21,79,-100,50,38,-21,-52,-98,-71,-3,-11,-45
-28,62,96,-84,35,-89,-50,-57,-34,35,-76,61,-10,-37,10,64,-53,-27,-4,-22,-62,68,49,71,-46,32,84,58,2,-43,94,-67,85,49,80,-96,-96,-84,67,32,43,-69,-57,6,-95,-1,83,89,60,-72,5,36,-17,47,74,98,24,-53,-86,-82,-94,69,45,72,-31,81,-57,-37,-89,-64,75,21,-55,-99,45,-29,-18,-50,-21,28,-88,-14,-2,-41,42,11,-21,-46,61,100,-93,12,-96,-69,-68,-81,-51,14,12,80,-99
91,-58,69,-91,-47,79,78,-72,-66,16,-77,7,-80,88,-83,56,-29,47,-41,36,-53,-30,-61,-8,86,-29,-21,-92,-5,-72,-68,83,95,-7,34,40,59,-93,-15,-74,-57,-86,58,22,-89,-1,25,46,-83,-38,-94,-91,-99,-94,-52,-38,40,-63,-77,-6,73,76,-45,8,-27,-44,-73,-86,-89,74,95,-34,62,-35,4,-71,-47,-8,67,-69,-81,82,-8,-13,-40,-58,21,-32,-34,-92,-47,96,-33,35,-83,-96,6,-32,-25,-94,-55
21,-30,-23,7,-39,-19,-62,60,6,-9,91,23,64,16,-57,-64,23,24,-88,-80,-26,-25,-23,42,-78,-24,-21,-28,-4,-20,-24,63,58,-36,81,53,80,-11,24,88,10,-62,-12,88,38,71,70,-17,8,-99,54,66,38,18,26,-57,-85,90,66,58,0,-71,-71,-6,-39,-56,51,-25,76,28,14,69,-62,14,38,-62,26,20,-5,14,49,65,-8,-13,21,-65,74,-98,93,-80,76,-61,-49,-34,-17,-1,28,-40,76,-66,0
-95,32,55,-73,79,-78,-14,-86,37,89,60,-26,72,-94,-6,-33,88,29,46,1,-32,-15,-22,49,-17,-27,100,-73,16,-55,29,-97,40,76,20,37,71,-73,99,-98,66,-100,7,-56,64,97,43,79,20,28,64,-96,2,72,10,66,37,-50,-53,-1,-77,-34,-52,-90,22,-25,-30,46,7,65,-56,-91,20,82,24,59,-70,13,63,-22,48,-45,-68,-2,30,-16,61,-13,-95,82,-23,18,-69,-53,-46,-17,-42,88,48,-71,29
-37,85,-2,25,-31,19,-44,3,-97,26,77,60,-47,67,-29,89,-53,35,82,79,-66,42,-25,-50,19,-55,-92,-17,-22,-98,-71,54,-78,5,50,-68,-38,72,4,97,52,17,97,8,-33,-2,55,-50,63,60,1,20,19,31,70,18,63,-44,-11,21,85,-84,-16,51,13,-73,36,-83,2,58,-80,-76,-63,3,-58,-18,42,80,-100,-63,21,59,39,-21,5,56,42,-24,-94,18,-18,-76,-10,-45,95,71,-65,69,92,76,34
85,23,-54,45,-34,8,-84,50,-46,-40,-98,80,33,78,77,-87,-50,-90,89,84,-11,19,63,19,-19,82,-69,90,-48,-78,-46,0,52,-36,100,-58,-30,92,18,12,31,-14,34,-98,24,89,83,-14,-84,55,70,35,-42,50,-58,34,-63,-38,-95,32,80,-7,87,-11,-80,93,75,-95,1,-29,7,89,-59,-18,-25,-20,-60,73,-87,-83,47,34,-31,26,-53,82,-76,-93,80,88,27,-3,-30,-76,10,42,-34,-21,11,9,27
-30,27,-62,-5,97,69,79,-63,59,2,-38,29,41,23,-16,-81,48,-88,-32,-45,24,-80,49,-16,72,-25,69,-62,-58,33,5,-31,-79,31,-36,59,84,-36,-71,-15,42,-73,80,-28,99,-70,-3,-42,12,45,68,-73,38,-100,44,-54,-71,26,-87,58,37,-13,-46,-60,18,-60,-10,-76,-64,-11,76,37,-61,-44,47,42,-92,-43,-68,68,16,32,-10,-34,89,-36,27,9,61,7,68,57,-59,89,-68,-62,-88,-35,6,-70,-2
99,20,2,99,52,97,-3,-34,93,-14,43,-9,26,-78,69,-92,-84,21,-37,-11,20,-83,16,57,-85,47,36,93,71,10,-84,20,38,63,88,-49,-8,56,42,-33,-66,-36,15,99,64,-69,8,-55,-43,-64,-51,-34,22,-90,4,-65,-97,1,-69,-83,10,71,61,-7,-80,-65,68,-34,-69,30,-92,89,-35,8,-37,61,64,27,60,-68,-14,-71,-35,88,-94,27,-90,28,57,91,17,55,-60,81,-19,7,-94,-92,-89,-50,-5
83,1,-41,-14,-25,-48,14,-5,-27,-24,2,-23,-42,74,-99,-54,69,75,-19,82,82,70,18,16,42,-39,80,-70,-33,48,56,-15,95,80,-98,-21,25,75,96,60,55,-9,82,-13,48,32,-3,58,0,-21,-16,15,-93,56,40,2,45,82,-87,75,-58,-67,-3,-34,-49,78,-100,-56,79,-16,-66,-95,-29,-73,-24,-16,9,-75,28,95,28,-59,-73,-2,40,58,17,51,-28,-67,-1,45,-70,12,-37,-93,80,52,-3,1,24
-36,-58,49,-43,0,-33,-93,-67,62,-56,9,-49,-54,81,-76,78,-13,49,37,89,53,91,-6,-1,-59,-2,-83,65,23,-43,-64,99,64,-23,23,-63,78,87,-41,-96,72,94,-62,-45,-58,46,96,-83,89,-44,1,-95,81,49,28,-33,71,91,-33,-32,90,-57,-11,70,25,18,48,39,-57,92,76,-56,99,78,29,21,7,59,39,9,-54,-51,25,-83,53,15,84,5,17,28,0,32,-14,58,-56,59,-67,54,66,91,70
34,4,-29,-53,-99,49,-20,6,-23,79,15,37,61,-50,27,-11,17,24,3,-50,-74,-47,-66,48,-13,-98,-93,-19,-48,-65,-30,3,-68,-88,-53,-55,32,-90,-28,1,100,-85,-26,-11,-100,-75,-7,80,21,4,77,-78,9,-4,-38,-49,79,18,70,10,89,54,-2,49,-34,-84,100,-99,-65,-23,-74,95,-39,87,1,-96,77,38,-8,38,45,-16,100,19,4,-65,-35,66,-82,-2,-41,67,30,1,66,76,32,13,20,24,-59
5,86,79,-67,-26,-65,36,86,18,-5,67,-28,-47,-25,22,-80,-5,32,0,21,-53,38,-72,32,26,-30,51,34,-20,95,-68,-95,-35,82,-86,96,-17,13,3,-80,-30,58,-100,-13,23,13,-52,40,31,-83,6,-17,92,32,39,-93,-93,-99,39,-89,67,-51,-88,-14,-71,-41,-57,90,1,27,69,-63,73,86,26,5,-49,63,-83,-33,-68,93,47,41,67,-57,-93,-51,16,61,39,-31,-18,-46,31,61,12,87,-59,79,-91
91,77,-34,10,-45,-81,37,7,20,96,-51,28,-31,18,-29,-68,-60,84,-51,-88,-12,90,76,40,-5,1,89,-84,-48,-30,-67,34,62,52,46,-94,82,44,-42,-73,38,-50,4,52,52,-60,85,38,12,59,75,-48,-82,-96,-53,-87,52,-58,15,29,-87,50,-20,-26,-37,66,67,9,-24,-74,-87,31,64,-74,-2,-24,87,50,-81,-24,42,-79,-40,-16,-45,83,42,98,-66,23,79,-73,-30,-96,43,60,-48,90,-15,63,5
-78,-70,-20,81,41,-15,-1,61,-22,-34,-5,42,-90,-26,34,8,-77,-91,51,-8,-42,52,-47,90,17,54,-73,13,51,-49,69,-44,69,35,49,-13,-60,22,-50,-29,25,45,-73,-73,-26,-79,-30,-41,-32,-6,-55,-9,7,-94,-26,60,32,-24,-35,51,-4,58,12,-3,-24,93,96,-75,96,-53,53,-45,1,53,88,57,-48,10,81,-31,-66,-75,-65,36,88,-93,-38,-85,25,-1,0,24,-84,0,-89,84,90,-1,-68,84,-58
39,43,-66,-69,-24,87,-79,-64,2,-21,4,-16,13,12,94,46,3,-66,50,-17,69,2,93,-49,-96,-67,45,43,-52,-23,1,36,45,-98,28,38,-68,-30,-45,17,15,-10,10,-42,-12,42,24,-38,-74,-14,-29,61,-82,-9,-74,-25,-88,-62,31,87,30,-82,47,11,-82,9,46,-78,-33,-88,-7,57,27,94,-76,-19,-1,-17,59,82,52,31,-12,75,38,4,85,-66,32,-33,39,-79,-24,17,-11,22,-85,54,-97,53,70
-5,42,73,70,-13,22,56,52,10,-60,70,36,41,98,-100,-13,63,84,19,-2,46,-36,-75,48,15,-2,-27,-79,66,38,-5,22,54,-40,51,88,44,-79,77,-41,84,13,35,15,65,99,-24,21,-31,-27,-41,-81,-16,93,-59,-58,69,98,-42,-100,-25,43,-10,61,40,14,94,-25,-61,82,-91,-9,-74,57,44,-55,16,86,44,-3,80,89,41,-15,64,-48,-100,16,9,-33,21,25,-99,-93,49,-11,75,-69,29,-3,-17
-95,-57,-18,-71,1,-62,94,54,-15,96,-33,-50,28,82,74,75,-23,66,-56,12,40,-77,10,91,71,-21,41,45,67,36,94,55,46,-31,17,-49,-77,-12,97,-62,73,-41,-76,-55,-29,97,-10,-45,-11,79,-52,-75,48,84,83,16,66,64,-53,63,13,65,90,-65,-35,26,28,18,-75,7,-2,86,-69,7,-92,88,-100,24,20,82,-99,54,-19,-10,72,-5,26,-58,27,87,-81,75,-70,-96,-15,75,48,28,54,-2,14
-93,40,56,56,70,2,1,-73,95,27,-10,-68,23,-7,46,1,-20,-73,-64,31,-36,23,-14,-17,-76,74,-36,59,84,20,-31,7,78,-28,-69,-14,-55,3,23,-85,-14,-40,-53,-63,78,-9,96,45,-61,-20,-37,-41,-84,-45,19,-10,91,77,-81,70,-46,-38,-53,46,0,86,-49,-38,75,-79,25,24,14,43,-70,34,15,-8,55,3,75,-2,26,-19,-15,69,100,64,55,-10,-87,100,87,19,32,-28,11,94,-31,83,71
-47,28,44,-18,10,89,88,-43,1,62,-2,-91,4,13,5,70,-56,10,64,-60,-96,-100,53,71,31,70,-65,15,-7,30,64,-9,-28,-9,37,-77,-29,61,-11,11,-28,22,-6,10,-10,88,-25,-63,-79,-81,51,44,60,59,-2,98,-21,29,66,55,-62,31,-58,-1,-52,84,50,0,-6,68,90,72,-27,57,-30,-91,-21,11,-94,78,24,88,62,98,-46,66,-66,85,42,-10,-84,-62,67,-75,35,-90,22,-45,8,16,-27
22,-46,-94,-12,69,5,-84,-66,94,-55,-25,98,-61,-30,4,-70,-63,18,1,52,-26,-66,-95,26,98,32,74,17,-33,57,-12,-5,-78,66,-55,51,35,7,28,64,-66,-26,-55,12,35,-78,85,-20,-95,-60,77,1,-17,76,5,-33,94,19,-56,7,-99,-51,52,85,23,-11,75,67,79,-73,-56,37,-66,96,-78,46,-76,95,57,-48,-22,-53,-62,-83,-42,-61,-65,-58,-44,-7,-20,47,48,-6,20,-59,-88,72,-99,96,8
99,75,10,91,-83,48,47,-57,-68,23,79,84,76,100,75,44,-83,-48,-53,88,-90,44,67,74,-29,59,70,20,-84,-95,23,-10,-50,55,-77,-25,-78,-45,-50,32,-89,84,-14,58,-62,94,-92,-28,-59,-23,-59,69,0,-84,65,-84,-93,-79,60,-12,14,-12,15,-87,77,-63,8,-53,-89,8,-10,52,-30,-37,-91,82,-98,44,-69,28,-17,81,-93,-6,47,-27,26,27,27,-81,-1,78,52,0,90,-56,58,-44,-63,26,40
-2,37,73,17,-47,-70,-57,-49,85,93,77,34,-88,64,25,-76,7,12,82,-57,81,-25,-68,45,1,-92,-40,29,-15,38,9,-6,-28,21,-71,67,54,7,83,55,1,72,86,40,-8,59,68,-36,85,36,88,99,38,-81,-45,-97,-23,-2,48,66,53,2,-74,75,-10,61,65,63,27,40,-74,-48,51,-81,33,-83,-19,-37,69,-2,-6,-23,-22,-48,-17,-41,-85,38,22,72,21,-68,52,-10,-46,43,12,56,97,66,-70
-29,-84,-16,53,85,-93,-35,-99,-72,-32,-78,-13,-87,11,14,39,62,94,-25,-26,-38,5,-92,76,-23,35,27,63,-58,-85,-66,-26,43,-43,-94,-4,-17,29,-28,1,77,-45,-31,70,59,17,-21,-42,14,-31,76,-93,24,78,-79,10,44,99,-87,-25,8,-65,-52,-62,-52,92,100,-1,-44,-97,-73,-87,-83,66,42,81,34,-58,31,39,43,-78,-43,-8,-99,-67,56,-46,98,58,-15,-74,4,38,-53,70,38,1,54,-43,21
-41,59,94,87,-82,17,93,3,-1,-7,3,76,-39,71,-58,-1,85,28,85,92,-11,54,-18,-78,37,84,-4,-19,91,39,-48,42,12,44,21,83,19,47,97,13,-59,-70,-73,-61,69,52,97,-17,63,-46,-77,22,99,-77,10,90,78,-20,92,66,-31,-38,-15,49,55,37,-27,-59,70,-40,94,90,24,14,-44,-28,-24,-64,10,22,97,15,10,39,-89,-7,-10,14,-79,-64,30,93,32,-63,42,27,74,33,7,-4,-44
-30,-89,93,-46,-42,-12,-92,-91,-23,-61,-43,9,90,11,40,46,-65,62,-97,-14,5,76,59,-26,-37,27,0,28,13,14,-100,-41,73,65,7,-98,10,-21,-8,-70,79,-81,-44,-37,-87,-37,-71,-94,-73,-67,18,-34,-8,5,-84,-18,-34,76,35,-7,-30,-46,-62,-85,15,43,23,67,-95,-55,-63,91,44,-83,40,18,-93,-61,-78,81,79,-55,34,26,-1,-9,1,20,-51,33,-8,53,-54,13,-6,50,23,100,66,-31,-27
-38,22,45,63,51,16,-96,52,67,56,-73,-36,-90,-91,-78,89,27,-62,-81,18,65,-44,44,29,24,90,99,-97,30,66,-84,93,5,33,-35,94,63,-41,4,45,12,-52,-63,94,53,-59,81,-57,85,-67,99,96,57,52,-39,49,16,-28,41,37,73,-22,-63,1,86,100,-8,92,-15,5,90,57,-12,-46,75,-16,57,-88,-13,27,6,-23,90,-60,-71,-70,44,-42,13,23,-61,-7,-49,-18,67,-12,-37,86,-83,-80,-98
43,98,-8,-41,-67,56,65,-64,98,43,-17,18,7,53,-35,35,-54,58,79,-41,-46,-37,90,-42,70,93,97,8,29,78,-25,-100,-72,18,40,-99,40,-44,91,16,-52,90,67,3,-6,-98,-63,42,-32,-16,56,-53,3,35,11,100,-96,-21,0,29,-1,-35,-8,14,3,-21,-75,95,-21,38,-1,74,38,-18,80,35,-77,25,-76,62,-38,69,20,-2,-7,-87,-3,-41,43,93,59,-47,32,86,-15,-69,-66,-20,-51,63,81
-25,-74,66,91,55,-27,100,-38,40,6,44,89,-32,-9,-13,36,-48,73,-11,88,-72,53,66,15,44,53,-98,10,83,16,30,89,-82,-32,-78,-98,-12,-46,-71,-66,42,14,88,-17,3,-72,14,-12,73,-7,-62,66,-72,72,-75,28,-60,-80,-43,-94,-98,77,-52,60,-52,96,84,-69,80,59,70,-74,84,96,61,90,29,-58,-44,58,-69,-46,-10,-85,80,-13,12,86,-57,-12,66,-66,45,10,50,25,84,-70,-76,71,-93
44,66,42,-82,58,-3,11,8,30,29,0,97,-86,-92,94,17,4,-97,47,72,49,38,-35,-60,-91,69,20,42,-68,22,-41,84,47,-86,-78,6,62,70,-51,-91,85,10,19,-49,-7,-19,64,100,-24,-32,97,-16,83,99,-95,-73,82,81,80,46,33,64,37,-95,-57,5,-69,70,-96,-97,-80,1,-31,-53,0,5,-82,-100,46,-35,-75,-35,63,18,24,36,61,-39,51,-46,-66,0,-91,49,73,11,-93,-72,19,55,34
-83,1,-41,-50,-5,-76,-7,95,58,-97,64,94,-23,94,45,-60,-54,40,-34,45,53,-86,-38,-30,83,54,-77,-24,12,1,-52,-53,72,99,-32,-65,-41,46,88,53,-94,61,94,-73,17,-88,86,-4,-23,-94,-17,59,50,-68,-59,-16,-51,39,100,-5,-80,-68,-15,-75,-56,10,81,22,-10,-78,56,9,6,-66,46,-25,94,64,63,75,-70,69,-85,53,-23,22,-11,12,22,77,-4,95,-100,86,-13,12,-61,20,22,56,-82
-85,-22,-79,22,-72,31,-89,9,-21,76,96,86,21,60,-12,-63,-4,-11,68,-35,8,-85,-34,-76,31,68,84,-40,-41,-17,-100,62,-68,8,-33,-33,-71,90,96,-89,85,87,60,-20,29,-60,-8,-83,-67,-4,-34,56,-21,-68,27,-63,-29,-49,-25,98,-99,-88,-51,54,97,-13,41,33,97,42,1,-97,7,-41,12,-94,11,62,-56,44,75,67,-81,-25,-33,74,92,-23,47,49,89,-68,22,-43,77,-22,-95,-49,4,-24,-40
-85,81,43,-65,-47,-47,73,-81,-62,-95,-47,23,-38,-14,-17,-66,64,-43,-60,-28,77,-27,18,15,63,-78,-46,-59,-34,76,87,15,3,-88,-87,-38,-48,-47,14,82,-3,-74,21,-49,24,-83,82,86,-95,45,-57,-7,-5,-56,32,-25,22,38,54,-20,63,9,20,-40,-65,19,-94,-42,-72,65,69,31,72,49,75,-22,33,-3,62,-19,83,14,-38,2,-89,73,-49,31,29,56,-49,-81,13,26,36,-35,-62,67,59,20,-5
10,16,-60,84,-80,89,-51,-1,-15,-90,-36,-50,-74,46,-63,98,-99,30,84,-39,-97,-28,-78,-52,-50,-57,-48,88,-25,-95,28,28,-24,-21,-14,-67,-60,3,70,23,-53,28,-20,55,-92,33,47,43,27,24,1,-74,20,-80,81,8,42,47,-46,64,65,-3,18,31,-9,-89,23,-28,79,6,50,44,-27,46,12,-29,-90,-46,62,30,-57,85,63,15,54,12,-64,52,-89,94,-83,98,-63,-64,19,-52,72,64,75,-41,93
5,45,94,42,52,29,32,-45,60,1,82,80,61,27,-93,-63,100,23,28,-76,93,61,-84,-88,-61,-13,-98,-99,22,-27,20,-75,-89,88,-41,87,55,47,84,32,72,-35,11,-50,6,-15,38,57,22,-15,0,-5,48,-67,-49,-99,-32,-67,63,-80,55,16,-5,-25,-2,69,-97,54,-16,52,-19,-27,47,97,-56,36,79,-89,-74,-19,-55,72,-97,-4,-92,4,-71,40,56,31,-14,-44,48,-97,97,52,-7,74,-53,-33,-74
-19,68,-5,-95,65,-11,74,-2,-44,9,26,12,47,-91,69,9,10,52,-64,-44,-34,-19,-33,16,-9,-1,-13,-95,-51,-5,-64,32,-7,-74,8,-43,48,-35,49,-67,39,72,21,3,-93,62,51,26,-12,-4,38,47,61,42,55,51,22,-31,82,-16,-16,37,-5,-32,83,75,-27,57,43,37,3,90,21,-39,60,-90,-89,51,54,42,46,69,6,63,-26,13,-21,50,-3,26,66,-56,-8,8,-80,93,-99,70,-57,54,-64
-88,-60,-4,-94,-41,-50,8,53,71,-99,-99,33,16,69,82,65,14,-89,-94,20,-40,60,28,73,-34,-31,16,87,-8,-27,80,-20,-86,-11,-78,0,79,44,25,68,-54,7,-71,-73,66,-99,-37,-47,-78,66,97,16,73,76,43,65,14,8,11,-54,-48,-47,-86,-79,60,85,19,92,-10,72,83,93,-70,77,-30,35,-38,-29,100,12,-79,-21,-7,-78,-64,-71,12,-46,-17,-17,-53,-53,-69,1,25,57,-84,42,38,74,13
65,-43,7,31,46,-53,8,-74,96,-91,-65,95,-18,-45,-90,-53,68,5,-60,-72,-72,17,-86,-80,-63,-74,47,44,63,-41,25,-5,44,-24,58,98,-17,51,47,25,62,88,78,-79,58,-42,-51,-24,82,50,-68,84,9,-68,55,92,-64,-71,64,-78,-3,-17,9,-50,-66,-81,-73,-61,-9,69,42,-86,-65,-94,-48,-89,-60,-57,-34,97,-19,-66,-69,51,62,-58,-93,60,-87,-30,-70,-56,81,-86,33,21,-41,14,0,45,64
77,82,-24,64,-71,-52,18,68,4,-21,94,52,78,-25,1,-75,-12,-67,98,-91,57,-97,55,-17,-43,-89,-81,44,-30,91,-2,-47,18,-61,75,93,47,-53,44,-78,-58,-6,-85,77,55,46,32,-50,23,79,-22,-3,-62,-52,-41,89,-23,74,92,96,72,2,48,95,43,56,43,-42,-26,-28,-18,-77,-17,-71,72,-37,73,-53,95,-59,-45,-84,-30,8,-23,-1,-71,36,-47,93,22,-71,-91,9,-87,42,24,91,-40,-72,25
90,-41,84,66,-49,-23,52,-30,81,-69,-87,83,-53,73,92,16,6,40,-26,-97,-14,55,-35,-55,-54,88,4,-12,70,-4,-29,-53,31,-66,-8,4,-82,27,-10,19,-55,-80,10,74,51,-46,50,-8,86,-42,-40,-68,35,33,-71,1,2,-18,-23,-24,-4,71,58,52,56,100,96,-3,-9,96,-87,67,-6,26,-19,45,38,-45,-32,47,31,79,-100,-22,2,1,-22,27,33,82,36,44,-38,-42,29,-43,-16,-25,21,-72,16
-69,68,-31,-19,-94,-84,5,12,7,99,-15,-23,-3,57,98,98,-35,-48,66,17,-22,-68,22,49,70,26,20,-89,64,59,-28,97,96,0,-5,20,-95,-38,-36,19,88,65,90,51,-14,13,-76,-71,48,-59,-25,-96,35,-40,-85,47,-75,-80,58,41,75,-66,21,-57,-89,38,-35,75,-10,3,-29,-22,-74,-24,91,87,48,3,-1,-45,-55,65,-98,72,-84,63,-48,89,48,70,14,-57,83,42,-55,-25,56,-90,42,39,31
-50,-65,5,-42,25,-43,62,90,-65,65,72,-97,24,-46,34,15,-87,28,-84,18,-69,50,-92,87,-99,-43,25,-34,-20,-25,28,15,-15,-32,-33,-27,41,29,8,31,-54,48,-21,-95,61,86,27,-59,-90,41,8,-12,-13,52,-90,11,-81,-41,-88,78,86,-32,36,-3,-5,58,-6,-90,46,24,-81,99,-99,-15,-72,-77,2,10,-53,-83,93,78,0,-37,5,62,84,51,-37,-67,86,78,1,76,-88,80,-30,-19,29,64,38
34,-28,-49,62,-88,-51,-73,13,-90,-3,-71,-66,1,23,-96,-19,80,24,-77,39,85,36,63,-55,15,40,-27,19,-29,-39,-77,65,11,-36,55,-47,51,-96,-6,43,-52,59,-56,-95,-97,-89,2,88,-28,-49,69,-33,-45,-34,10,-64,-51,91,-50,29,-3,51,10,60,-73,91,-74,-68,86,97,-83,-39,-81,-16,24,96,-97,4,-20,32,6,13,42,-77,-51,-90,43,-57,10,-50,-93,-11,81,41,-46,30,37,4,-49,-98,-15
-31,6,-70,-13,67,22,-89,-49,49,19,-66,50,88,52,-92,-89,-24,-96,22,-45,66,75,-43,-15,-33,-75,54,42,-34,-6,-79,94,-86,76,-47,-98,34,-57,-91,20,57,-79,55,80,-24,-80,8,36,-25,-28,17,-66,52,-91,0,52,88,-38,43,27,12,10,19,100,-56,-49,-55,45,-43,-13,-19,-26,-43,-89,94,-59,-34,-28,41,-7,-1,-39,-29,61,-43,-43,95,-72,-30,-27,-82,-15,-74,-69,46,48,68,76,71,36,-89
-57,97,-3,31,71,32,-79,-84,-46,-64,-73,-87,-80,-49,49,30,-55,59,-90,29,-58,99,-44,29,86,0,95,5,-97,7,11,88,-48,81,40,-66,-8,-98,-61,-3,51,-4,-85,18,3,-22,36,79,-50,-45,-6,16,-100,12,33,58,-55,-63,65,-28,-7,-87,-20,66,-11,-87,-7,-7,83,-82,2,55,64,84,8,-9,-69,-46,64,71,-99,-54,-49,93,-17,27,-95,14,-62,-92,72,81,-38,25,7,-8,-77,97,82,89,37
-9,59,91,87,-73,63,-65,-30,-45,-16,-94,-62,4,-71,78,83,-27,-85,18,94,-33,-22,29,68,2,-94,-91,-47,76,-3,-91,82,96,-61,-74,75,-94,90,-45,0,28,9,19,58,-16,-65,-21,-22,-100,-31,-17,-25,-37,4,-33,-73,60,-54,96,67,87,41,14,-48,-29,-79,-95,98,-46,-10,-94,-3,71,-93,-11,34,89,-65,92,-70,18,-79,62,59,75,28,-18,92,-75,-35,73,-96,-43,-22,37,39,-76,7,1,25,-3
-8,88,69,-87,35,40,-75,-1,-100,-13,100,36,55,54,-50,-93,61,-17,-19,67,-88,1,-56,-58,71,100,-22,-58,58,-40,48,-57,8,-72,82,-25,-10,-10,-42,-35,-68,88,72,-39,-13,-77,-10,-19,-71,79,-43,62,86,75,23,-7,-21,-41,-62,0,-75,28,-55,-88,-66,20,-89,92,-19,-32,57,42,91,27,-86,-68,-77,-10,59,28,75,78,-41,-75,-33,89,-12,-47,45,-94,-28,13,22,-89,-53,-84,15,51,84,-6,65
6,-10,-26,-94,-97,22,-59,-16,22,-1,60,96,67,53,-22,39,77,-55,-57,77,57,-48,-10,92,-81,27,-41,26,-58,-23,23,-22,-48,39,-90,12,-77,93,8,-61,24,-82,-42,37,100,25,26,-65,53,-50,-43,-78,-87,5,-81,74,42,9,97,70,23,87,34,-45,-60,12,-79,-95,-42,-34,-32,92,64,-37,-79,-12,-37,77,84,75,-43,49,-92,-87,74,-75,78,66,-87,-7,91,-21,-20,-97,35,-27,-33,23,39,-6,-69
-80,53,63,-24,-40,-11,22,52,24,41,13,29,71,4,6,-70,57,19,93,26,-16,-31,48,33,76,97,-15,-91,-79,39,8,-61,-45,80,-41,60,85,0,-69,-82,-21,63,-72,-95,-32,37,-15,-82,-59,45,5,28,-66,-34,-21,-98,11,50,12,48,37,-36,17,-87,-25,48,-56,-32,58,-69,-59,24,54,78,-95,-47,-6,51,-21,-49,-11,-100,36,-55,-54,-85,40,82,10,98,40,55,23,-39,95,-39,-18,-10,80,-24,-48
86,-26,24,-18,7,-31,20,-42,98,81,10,94,-18,79,36,-33,-40,-49,-7,-99,-29,-12,-19,78,72,6,78,31,-86,-90,88,-39,28,27,16,57,-73,13,67,-14,30,-16,-18,17,-39,-36,-50,23,54,63,-87,73,-63,-30,91,-74,19,9,40,2,81,84,37,70,26,86,13,76,-98,75,-87,17,-81,73,36,-74,40,-39,37,-20,85,-42,-86,-99,70,13,14,95,88,-69,-68,79,90,-37,18,-88,-39,28,-24,54,-79
79,-19,-45,-98,80,28,18,7,-69,-34,-90,-71,-38,29,62,31,2,-38,23,-93,-4,-4,97,3,63,5,67,-6,34,32,-86,57,-19,42,71,10,-87,69,-82,14,77,-74,-82,-10,61,-60,-10,55,38,27,3,40,-79,-88,35,56,80,37,92,30,92,65,7,10,-55,26,84,26,-42,2,82,-86,-62,-92,-52,1,64,-56,-40,-97,-65,80,81,-40,-28,86,-22,8,-50,40,18,-62,67,25,13,88,68,-82,92,19,61
34,62,-24,31,-58,-80,79,72,-35,-76,-63,35,43,-23,-23,-28,-36,-20,8,96,38,37,-88,-53,28,-18,-65,-77,-29,-57,7,60,8,54,83,84,53,-92,-35,-72,73,6,-20,-96,-49,-86,16,95,50,31,-4,33,81,-66,-75,51,17,11,-34,-1,8,-10,-99,18,-71,46,-93,-47,97,-29,39,68,-69,-8,66,10,69,-68,-91,-37,84,-96,62,60,23,18,-41,28,45,-7,79,87,-18,40,49,5,48,-3,-68,41,-37
11,-12,98,-15,86,-68,-30,-79,81,5,99,62,83,32,81,66,68,-66,-90,75,14,60,-21,89,-26,76,-3,-65,-62,-93,-95,50,-39,59,49,15,-96,-66,-87,-94,-73,30,18,-50,-68,-76,68,99,83,-94,-64,-74,17,-40,41,-77,-47,35,-5,-44,-81,-92,-21,85,64,72,1,34,-3,71,-1,11,-65,34,-60,91,1,87,-83,74,-31,-16,68,-82,-11,-99,19,96,87,24,-68,40,8,-48,-25,82,-25,48,-26,51,-11
-11,25,-45,62,-11,54,52,-6,67,-91,-89,83,3,-39,-47,-10,-91,50,37,83,76,-32,-88,64,46,65,39,-48,29,90,-77,58,82,23,76,95,-18,77,-12,-64,24,49,-5,-74,-79,22,-35,35,68,6,97,17,66,-80,4,-8,-26,24,-93,85,-32,92,43,-53,-44,-25,14,-78,-27,-22,36,-92,-9,-82,14,54,-50,7,1,27,-97,25,-16,23,-72,4,-70,44,82,-1,-86,88,-87,-13,-76,-84,39,7,40,43,-27
95,89,-33,-100,82,-56,68,-68,31,88,-51,71,-53,-32,98,5,88,-10,-24,-70,-35,13,94,64,25,73,61,41,-89,-96,-22,-67,48,-69,-12,-40,71,-42,28,43,-4,69,60,-77,49,81,84,31,-91,-92,57,-34,36,-33,38,-72,86,52,-99,-63,89,99,89,74,42,15,40,32,-76,-78,76,-18,81,98,-69,-50,24,96,74,-21,87,-53,71,-1,31,-1,-10,-73,10,11,-16,6,12,79,-100,-62,81,-57,0,41,-81
-99,32,-15,99,88,-34,38,27,-55,-79,35,41,-61,-28,-62,-68,77,-76,-92,-52,-58,-4,-31,42,56,-33,53,-73,40,93,-13,56,52,81,68,95,-67,-48,94,-51,21,-69,8,-48,-83,39,-13,66,-80,2,4,-49,-36,-10,30,-48,-52,74,87,9,-84,-29,95,74,-37,-27,10,-93,45,54,88,-84,-50,14,-72,-76,85,-74,71,-7,2,-43,-44,46,-8,14,73,-18,-44,-43,58,6,60,-49,-4,82,-44,-9,28,-75,9
-65,37,44,-48,72,28,-27,94,40,36,-67,-9,-10,-99,29,48,100,-93,99,-65,78,75,50,-35,65,98,6,-49,-74,80,-80,93,-92,96,7,-2,74,36,-41,88,-4,-72,11,27,60,-62,-51,99,58,-94,13,13,-68,-1,39,73,40,96,-99,56,-50,-55,-76,-95,15,50,82,2,79,68,26,-94,-29,-74,-15,75,40,-94,-90,33,22,5,-93,-32,31,-12,46,-9,-22,74,-75,-97,2,42,74,11,-67,72,19,-73,-20
-91,34,9,5,-40,-38,28,-52,98,6,66,-5,-42,-87,-77,-52,-72,-9,15,56,-93,-84,-37,67,11,66,-73,-90,-72,19,45,74,17,98,-33,40,82,-53,-25,84,54,80,71,30,-23,-17,-91,43,76,24,-70,-84,-21,44,-22,-49,47,29,99,-89,-70,77,-84,-37,9,-75,11,-16,-68,-5,97,57,81,-2,-51,83,33,-25,-59,-69,-17,72,1,31,59,100,-63,-83,-9,-11,-6,-22,-87,-24,96,50,71,-48,38,-41,4
80,82,90,-21,-35,85,89,-36,-8,55,85,65,-40,24,-46,-48,-52,-41,79,-12,-30,63,5,-88,-14,-15,-71,35,36,-9,21,-54,-56,67,31,81,-74,-54,21,9,-41,-47,69,-29,-54,-93,29,-27,-85,-5,-77,-22,-67,-6,19,-16,84,-35,31,39,88,41,-98,65,-52,-17,91,28,8,-23,-8,86,-81,28,12,-93,-53,86,-74,88,-71,4,43,-43,58,79,54,46,-80,99,15,11,-29,-38,86,-30,-24,-50,-38,88,58
-11,-40,-88,-78,35,-4,84,-60,-27,-93,-13,-27,-45,-82,-22,86,9,-76,-17,9,28,-72,-16,47,1,48,-76,-8,86,29,-47,-53,4,87,-24,-98,-93,-80,-33,5,97,-33,-31,64,14,82,7,-45,-8,-25,-88,30,21,-41,56,99,-26,61,86,-28,79,-77,-36,4,-52,-16,76,-77,-14,-10,43,23,77,-11,16,41,89,97,21,-31,4,92,-100,-85,-18,-19,-34,9,23,54,40,67,9,59,-82,45,24,-15,48,8,75
49,-86,49,51,69,32,-5,-19,-85,-33,15,-51,20,-91,-52,-71,54,-51,72,74,-37,-71,-74,40,56,-62,-12,83,-34,-15,35,69,-43,-54,89,-72,-47,-37,-37,-6,-66,40,9,59,-95,70,-63,70,62,15,83,-31,2,-20,38,18,53,99,86,67,48,-39,100,55,-73,-3,-59,-66,-31,-76,66,-37,70,-25,-67,68,-60,-37,8,-51,-4,94,-44,24,-25,70,16,16,-56,31,9,21,-80,-52,-3,50,47,16,-22,-82,33
76,2,31,37,41,85,-100,82,62,43,-8,-81,-40,-32,40,-3,40,70,-15,36,-66,38,67,53,73,15,-10,21,-88,-56,20,-36,27,-91,-92,80,1,61,-53,-66,16,15,20,96,-80,-40,-4,92,-10,89,0,94,-97,-100,0,-67,12,15,-74,33,23,43,-82,55,33,86,-31,-88,19,75,0,-35,27,84,-29,16,71,62,74,-42,47,-90,4,22,-3,-93,45,-94,1,20,86,-65,49,-80,-11,-88,-49,-98,27,50,-45
87,-99,-94,-59,-59,12,42,-33,99,8,33,-66,87,13,11,35,49,79,32,-22,79,15,-90,87,-30,69,6,-3,-76,4,-6,-91,25,-26,99,-14,79,23,7,-9,-43,-95,89,67,88,49,25,16,61,-16,94,-14,100,-63,-72,-50,-44,-99,-85,86,-47,73,-5,99,54,44,-10,5,45,-54,-73,-56,-96,-13,100,-55,12,-25,42,14,-67,53,70,-27,44,4,98,-33,-84,71,63,76,49,-41,-4,-41,-67,-78,58,9,-6
-15,-73,-54,-27,-55,-37,47,-99,91,80,-21,0,59,95,63,28,-97,12,-27,-19,-19,8,-84,-54,24,22,-18,84,-63,-100,82,56,-93,92,-3,73,19,-84,59,-23,-41,3,74,81,-93,-66,38,-91,78,-58,64,60,84,-29,-46,-73,28,44,41,52,43,69,-14,-77,93,32,-3,71,83,-33,-42,83,72,93,-37,-95,-54,-15,-88,59,12,46,-81,-74,66,-6,79,40,-53,0,-26,-12,-30,24,8,14,-51,-18,22,64,84
-90,70,79,0,-43,50,-29,-32,-58,68,-72,29,-25,-50,-74,-88,97,0,25,-48,-28,-73,81,-4,-49,-19,-33,22,25,69,66,-55,23,-35,-90,-57,-20,47,63,15,-81,86,46,-5,77,55,0,80,-24,14,-40,-87,21,18,-44,-65,-53,15,-23,-66,94,40,-98,-59,-15,97,14,-93,48,-48,7,17,-18,-27,-21,-17,52,-21,-70,66,60,-8,-7,73,92,9,-55,-3,6,75,59,-27,-27,30,-12,11,-73,80,-49,-38,-69
-66,11,63,25,-15,-28,74,-100,90,36,-52,83,30,15,-54,39,-86,-83,0,-22,-87,-64,39,-17,59,-79,57,-97,27,-33,-100,-84,51,-53,22,-58,79,50,11,-56,-39,-21,20,81,76,6,-89,28,2,-82,-14,-57,70,-7,84,84,-11,-86,92,71,-23,-36,34,37,5,-49,8,-66,-35,-95,41,95,-54,37,-76,-19,-53,35,-6,-62,-27,20,52,32,57,33,43,-30,79,-19,37,-45,-45,-24,-9,76,-74,-18,75,39,-78
-7,-43,-41,-25,78,54,-39,-88,93,-84,-78,89,0,93,-35,88,67,45,88,27,-59,-53,28,77,-78,-56,-17,-55,67,2,-85,-15,79,-92,74,80,59,85,40,85,-39,57,78,-98,-13,-53,85,-57,-96,-63,-91,-50,-62,-53,-19,-67,-10,-76,-10,-63,71,64,-85,0,-56,-69,64,-33,76,66,58,-73,76,59,44,-14,-29,50,82,-41,-41,-15,15,-92,59,-64,-8,-6,89,-85,16,-85,85,-85,-59,90,80,-58,-7,53,49
61,17,61,72,-53,-25,61,-83,-66,-94,76,-11,-65,-36,-96,47,59,-34,-90,-99,-45,65,-39,29,-45,-21,-89,-19,28,-50,-92,77,-3,0,-1,-50,23,55,-95,35,-16,50,54,16,11,64,-54,-17,60,83,-80,-97,-92,-58,78,21,84,91,-86,-18,-38,-24,-41,23,36,55,-5,58,18,-35,-80,13,50,10,21,34,-23,16,31,-91,70,-35,88,77,-23,63,9,-53,80,19,-6,-33,82,90,-39,-67,-93,-80,-10,18,-10
-50,1,84,100,93,67,-58,47,10,34,33,-15,34,26,-17,1,-99,-40,-59,49,-77,6,-68,-60,26,-73,-12,-62,-60,2,18,-62,-76,-85,-86,-52,-43,-51,-67,-3,71,30,15,-95,-23,-85,-91,9,-75,-88,83,-63,-91,-62,-68,38,43,65,3,24,-20,-10,-91,57,-1,-15,92,-20,37,2,26,79,19,-45,-37,-91,-99,54,67,-98,-72,21,18,71,-24,62,-64,-67,-61,89,-25,-38,-15,62,-50,78,-19,26,33,-85,-82
-51,100,-79,-73,-12,79,-94,-65,78,-1,6,-49,-1,5,21,-12,-17,-37,-26,80,83,63,42,-96,29,0,89,-85,54,15,-58,-30,79,71,-64,-45,30,39,-90,78,77,27,-28,59,-55,-12,72,-36,-37,58,-9,7,51,1,11,-2,46,-53,-57,39,-59,94,-53,58,-78,42,70,-86,-19,-70,-17,-85,89,-54,-22,16,-70,25,34,22,5,12,-4,-36,-98,-95,-60,-45,-85,50,14,-12,-78,-69,87,-23,-4,-64,72,-61,-62
100,51,69,-91,92,1,10,-33,40,52,-13,68,7,94,-97,-33,-20,-98,-82,7,93,18,46,-29,2,5,-18,71,-83,-24,-15,85,-66,34,83,2,49,-87,45,31,-37,-54,77,56,-48,77,-70,31,52,-65,46,38,-55,-96,57,-16,27,0,-65,-13,66,65,71,-90,-36,93,32,56,-54,-75,38,-14,-30,18,-30,-40,26,85,-74,-95,-31,-51,-71,-51,68,-9,-27,34,-44,-58,98,-56,-72,50,-52,-44,38,33,-1,11,-70
-79,-33,100,26,-28,-97,-95,3,-7,4,-89,-89,-67,64,94,5,42,27,-32,61,-94,-50,51,46,33,-7,31,65,14,30,-14,51,-82,63,-92,37,-5,-91,79,67,36,-65,11,18,-4,36,-1,-60,-12,62,-81,-77,-64,25,61,96,3,75,-67,-62,-53,-5,35,-34,-72,39,54,-58,76,-31,77,-56,-64,92,34,25,71,72,28,80,81,43,-82,-62,-81,-35,9,-10,-70,76,-49,-45,57,-29,82,22,33,-44,9,-5,-14
49,-91,48,87,31,-12,92,-81,88,33,0,32,-25,-60,36,69,-25,24,-91,23,19,55,-32,35,53,-52,65,-81,80,-18,28,-90,5,-39,31,-23,-87,6,72,-49,-8,63,-81,-38,-46,-29,-51,-31,100,19,6,22,48,36,-73,-90,-27,-73,-88,-75,22,7,-33,-71,28,26,9,-84,38,-54,89,-56,-76,32,-75,-22,65,-57,42,-59,-4,-58,48,-59,-62,95,58,-58,-9,81,-46,-35,38,-33,-82,-2,9,-40,30,39,-53
-36,10,72,16,14,33,48,42,-87,34,9,51,-85,-4,-73,19,14,57,-20,12,-100,-12,-80,-16,13,4,31,4,44,-22,-95,28,-90,-9,32,26,100,50,88,-38,33,-5,-12,-95,0,-62,91,48,37,43,-69,24,-36,93,24,-72,-99,-86,13,-83,85,-90,-6,-9,-58,55,-1,88,1,13,-7,93,11,-30,-60,-2,75,-4,54,73,-39,40,49,92,-55,-41,64,24,-82,51,62,-53,8,-77,-76,-78,-2,-17,35,23,-51
54,-67,82,-79,29,-29,-35,-57,98,-39,20,-4,-5,-73,-54,39,87,-74,-51,92,22,87,67,48,-75,44,-17,-54,92,-83,96,-22,-25,-3,-21,-38,95,62,5,5,-31,-69,40,-93,-74,13,81,62,-77,22,83,-60,-12,70,23,58,-27,26,-55,-13,-17,-92,-62,83,-9,-83,61,-94,-66,-48,64,88,-16,86,66,43,14,39,-86,70,53,-91,6,-88,59,94,4,-98,-84,-5,-40,-46,-27,75,41,97,59,-97,58,-15,85
93,41,83,-21,-85,15,57,-89,-99,-79,10,83,-95,41,6,15,100,74,16,14,24,48,22,18,53,-95,22,-72,44,39,15,-87,81,-72,51,98,-42,-34,-97,-29,69,83,40,-71,27,93,-50,41,-81,27,-75,54,60,75,72,-32,-5,-14,99,-77,-48,95,46,-73,-53,28,-42,-82,-9,-87,-16,-1,100,-79,-94,-46,-77,100,1,-54,-40,-11,6,71,-93,62,1,19,-2,3,-81,5,-75,46,-60,94,1,-95,52,-26,-75
-35,-5,-3,-14,43,-42,32,29,-12,87,-73,-24,-74,25,-23,-69,72,-24,-29,-23,-76,-61,100,26,-67,20,52,-49,-20,-54,75,53,-97,9,-47,-76,92,-46,-73,-53,71,-4,-57,32,79,22,98,-58,26,66,57,-2,11,-55,-65,85,-100,-26,-37,35,64,-65,55,-45,78,5,-39,-58,-74,29,10,50,-83,-58,-8,-24,-76,-81,37,-26,-71,-61,51,-29,9,88,-5,-89,18,-93,-40,81,59,-17,77,83,19,-16,11,10,30
47,8,-56,58,27,49,43,7,32,-78,-78,-84,49,22,-46,27,-44,97,66,-81,74,-64,-20,91,99,99,-38,-95,-3,84,-67,-99,-24,-32,-76,71,10,-62,86,48,-36,1,-95,-12,-74,-43,26,-1,96,49,83,53,-46,83,27,56,12,37,76,54,19,-35,31,-77,11,0,-94,89,-16,15,33,68,65,69,-61,2,-5,69,4,-69,-17,-97,45,66,69,6,-7,13,57,-20,49,68,-75,77,76,-28,91,-8,-61,69,-80
-60,-12,-48,-85,33,25,-8,47,88,19,-4,-63,20,-17,-73,-15,55,98,-5,-63,0,-25,-16,60,31,-62,-38,-25,-39,-78,71,48,-5,11,36,-77,99,-69,52,10,-5,-51,56,42,31,24,-2,17,85,-16,63,18,-12,76,-7,15,-42,-60,83,72,-2,50,56,-20,59,-43,-4,66,-62,-29,43,54,43,-78,10,82,23,-23,-53,-75,-25,-49,-73,-31,-89,-15,-19,24,35,-9,96,-55,-10,64,100,99,91,90,68,-82,-6
-87,26,-30,7,28,24,70,84,-2,71,52,63,4,28,67,17,-41,47,47,-88,-48,27,-28,-83,-11,-12,5,-27,-72,21,13,44,40,89,-68,51,-41,-17,-92,13,24,-31,57,-31,-9,3,-68,31,83,-82,92,7,-95,-37,-45,-38,-49,28,-94,-33,85,35,-44,-36,-10,-42,-66,47,-77,84,-65,-81,93,13,48,26,-65,-33,-5,12,-62,-91,-10,10,34,-70,72,0,-40,-84,-17,-66,-16,75,-10,15,86,-97,-96,45,58
-64,-84,-9,-1,-72,60,24,84,-4,-16,40,44,76,100,-94,-84,86,5,95,-97,95,-7,-18,63,-96,100,-83,-98,71,-8,-94,-50,-6,50,56,83,28,31,96,-38,-63,47,28,42,-92,-47,88,0,38,61,-88,93,-58,-36,27,91,16,60,19,91,-48,-44,-22,-41,88,57,47,60,29,26,-91,-67,62,-3,-7,66,-39,-91,-80,-43,-36,-72,19,-98,47,82,63,-48,-28,65,-35,-93,12,25,-21,4,-65,7,-12,35,-40
23,68,-43,-80,-3,59,94,31,89,-20,40,70,-17,-82,94,6,20,66,31,19,70,72,83,-84,85,-39,93,58,62,24,-16,-60,2,-54,-19,-66,3,86,56,14,33,34,79,76,-41,-12,-35,-60,-43,83,-67,-11,62,-16,-44,63,85,-66,-49,-83,20,90,97,95,-91,55,-76,-48,-69,-18,-60,54,-56,-8,-12,22,69,46,-88,-28,-82,7,78,54,-18,100,-53,77,-20,-34,-25,11,-67,-47,-38,35,-96,-30,-15,36,-76
-37,-24,22,-13,-84,-49,0,-78,-59,13,-14,-75,-87,18,-31,-27,-34,58,-43,97,-25,28,-6,4,86,-71,-14,-16,-33,-80,69,-62,38,-46,-26,-17,81,-97,-13,-33,59,-89,23,1,57,50,25,3,33,87,-43,29,79,12,-16,-14,-67,70,16,28,31,-55,48,-49,-68,-69,-1,-7,14,15,-32,59,80,56,-18,-72,15,20,53,-22,-51,10,5,92,29,59,57,74,53,-97,74,-35,-16,-79,87,14,-50,-82,76,-34,-52
89,64,61,-78,93,-31,39,13,42,74,28,60,-5,-98,-65,99,-26,-32,-50,12,-63,-83,-96,-69,-3,-65,-99,-61,-22,-34,-8,73,-30,-48,15,-45,78,26,6,-7,-44,34,-99,78,-32,-6,41,-49,81,-77,47,93,-70,-42,-85,-23,68,-29,-37,11,91,-81,-74,-12,-74,49,-7,-61,22,20,75,68,35,-74,86,67,38,-1,-47,100,96,32,-7,40,-42,96,61,-48,37,87,51,94,-58,61,51,23,-30,60,-9,50,-10
9,21,-7,85,-40,-54,-59,-71,76,-12,-68,-68,41,-32,-85,-73,26,-80,6,-77,97,-94,25,22,-19,64,-6,19,-95,-20,-77,8,10,79,-39,-44,49,1,-71,24,62,-44,-3,-43,-97,-63,-54,37,85,55,-81,53,28,-53,66,13,-99,-81,37,-91,10,-4,6,-8,-69,-96,39,9,88,27,-58,66,47,23,-45,93,67,-15,-81,-71,-91,69,-58,-44,3,-35,34,-76,-54,-33,-58,4,71,-62,-90,83,15,-19,49,5,86
6,-33,-5,81,-69,-3,-43,-1,-76,40,-97,34,-10,-3,61,-24,-99,-26,38,-84,63,-70,-5,91,-18,71,13,76,72,-68,17,-27,81,-11,-62,71,-58,31,-3,-80,17,-91,24,75,-52,-73,19,63,74,-47,24,-56,19,7,46,93,70,34,45,-46,8,-19,80,-82,-61,6,12,68,-64,6,-87,22,4,-37,-90,-100,-10,28,45,61,-69,-65,-73,-62,-91,-24,-88,69,51,-38,57,99,6,96,73,-91,-6,-75,-12,90,95
5,52,-49,17,-27,16,78,-13,-57,44,-45,-81,-55,96,-30,40,72,61,-88,-33,47,99,-24,92,-38,-3,-79,35,5,100,98,56,27,-35,-22,-29,70,96,-47,-96,-58,86,-6,-53,38,-25,-79,3,66,-72,30,94,22,-62,-31,-16,-33,-14,55,-66,30,10,6,-68,-90,84,84,16,-70,-84,-51,-40,-7,8,35,-39,59,-73,71,81,13,21,66,-51,96,75,12,82,73,-56,-81,49,42,19,-57,-65,7,35,-47,66,100
-31,52,-5,90,-94,61,27,-2,-24,-8,27,3,72,77,58,53,-11,-49,26,-67,67,21,17,1,-79,46,74,-62,3,-17,84,59,-79,83,-32,91,64,-8,82,37,-14,-51,-71,-90,26,71,52,21,19,92,-85,21,30,84,-70,-79,2,-56,-46,-14,-26,-15,-21,0,-65,75,-96,-54,-14,48,-32,-29,76,-42,77,2,46,-4,14,87,86,70,-78,-66,5,41,-16,37,76,-87,52,22,16,-85,13,57,35,-2,69,-13,15
-80,72,34,-100,-12,62,81,-37,6,-39,75,-8,-66,59,-82,24,61,73,81,20,-39,16,12,-31,41,61,-24,43,-84,46,-45,88,-88,35,56,-22,-34,35,-83,48,-72,-30,-31,24,52,-80,46,-16,52,92,50,10,59,-91,-80,64,70,-19,60,17,39,-40,-6,50,96,-10,20,-96,13,-98,-26,-9,61,74,-63,19,4,89,-87,-91,-28,-5,-44,90,94,11,-45,-59,-85,57,-3,99,-14,-84,4,69,79,83,91,0,-7
