-16,-36,-35,-93,85,-36,-4,92,-25,-33,-80,-83,-73,-94,8,19,-86,-53,16,-81,-14,89,21,86,-52,16,-64,-95,95,-60,44,-1,66,13,-25,65,27,-83,28,-71,88,74,-28,-84,53,71,-27,36,43,61,35,38,-17,60,-82,53,99,96,-80,62,46,-4,86,65,17,-32,-57,-16,-66,82,-48,54,-8,-61,-72,2,-18,59,70,-83,-65,11,-22,76,53,-58,77,15,-79,89,-92,-99,-93,-9,15,-10,-45,-60,36,-88,-98
-7,60,40,-46,-73,15,77,-47,21,-86,10,77,-40,1,7,-44,88,49,-99,61,-9,92,37,-19,15,-21,50,-84,69,64,96,-74,40,-67,71,-77,44,-73,92,60,59,-98,-78,-96,69,-65,53,-31,-12,-54,69,-8,-6,42,-24,-62,46,55,76,91,-64,37,-42,-4,66,-12,-5,52,-6,-82,-40,28,-7,-62,-13,-63,-34,35,34,42,89,-95,-37,76,3,-38,93,-79,58,-74,-48,56,-46,-75,66,52,15,-97,-24,51,36
67,91,21,68,54,-21,100,-100,-34,85,-35,82,10,0,10,87,-38,-36,-38,12,-75,-99,82,-56,70,7,-85,75,37,91,77,0,60,-43,1,-86,-47,58,-59,-83,-25,19,-9,51,-40,-60,43,-81,-87,-11,78,85,18,30,76,-99,-74,-59,52,-43,0,56,77,-87,6,-83,-13,54,-71,-7,93,-44,-26,28,-44,-82,-56,35,-51,-16,-9,43,-12,-48,-42,93,-79,-47,57,69,15,31,65,-36,54,26,-29,69,30,-5,72
88,-97,78,86,-76,-86,-55,-73,21,52,-88,79,-61,-67,-87,-2,-100,12,-74,25,17,94,68,-45,-28,81,-43,-57,-7,-13,-82,-30,12,-91,36,74,36,-22,54,-49,41,-53,-21,69,7,46,-14,41,44,-47,-99,-49,-10,-15,-37,81,-78,95,-83,53,-22,97,-50,56,-8,-43,72,-46,27,98,81,50,69,-95,-88,-83,-90,-71,25,11,-71,-20,33,2,21,-76,-42,37,-22,-74,65,-27,-79,76,-99,-39,-11,-59,87,58,5
39,-99,66,-54,37,60,96,-15,-96,9,69,55,45,-78,-57,-13,-86,-60,73,82,84,-59,-79,57,71,-23,-27,-94,67,-40,83,91,35,24,70,-26,94,-43,-66,-12,4,39,-86,48,44,89,-58,15,17,66,39,73,64,-91,-100,97,-14,-73,-50,18,-18,-74,63,-34,-61,9,62,33,-45,15,64,-63,-59,7,20,-59,-67,-33,-23,-84,-27,-57,-42,97,-50,-63,73,72,1,95,22,43,64,-59,12,72,-79,99,-81,67,-25
55,90,-10,20,80,-42,75,63,-68,-49,-82,23,32,23,41,28,26,41,-52,-58,2,-66,48,-14,-35,41,38,74,48,-72,-45,47,88,71,-86,90,45,52,-14,21,-15,0,-54,69,-9,58,-80,-11,-49,-75,31,28,32,-38,-16,53,2,-44,68,97,-71,-30,12,78,70,-45,-83,-23,59,-6,-5,-44,-32,37,-51,82,14,-52,11,96,46,32,-84,-15,-47,82,-63,-100,71,-97,70,-27,17,54,94,-77,3,-73,19,-91,-16
77,-18,-49,-70,-21,95,16,44,-73,3,-88,-10,36,-70,68,26,41,2,75,82,93,-19,66,-26,-3,-72,85,23,19,-28,99,-76,-54,-31,19,69,-33,-53,36,99,50,-11,-87,42,-62,39,-5,92,-48,-54,-43,-32,-83,17,-61,54,-47,-49,-59,77,67,-10,-22,7,88,-88,-16,62,-26,34,49,15,0,-78,37,21,-43,8,-61,16,-96,93,-32,-76,-29,17,-51,97,-11,94,55,-100,49,-33,68,-17,56,95,38,-3,-70
-53,-93,40,-31,96,38,19,-30,97,14,70,9,64,-16,-35,96,99,-45,19,96,32,62,7,-70,38,83,-29,55,-23,68,35,39,-61,-47,82,-96,98,0,27,32,-98,-84,4,-52,-80,-55,79,-67,-23,75,83,-40,66,73,-58,18,-97,-13,93,94,81,-32,-94,-98,35,-96,-95,-51,-40,-33,76,99,60,42,67,-2,-21,-33,-84,6,-32,36,5,74,-55,23,-84,-16,24,37,39,-72,13,27,79,-42,12,68,-61,3,-76
80,9,20,83,-89,-75,-19,7,-4,86,38,74,-91,-57,-7,-27,33,27,72,26,-46,-57,34,-66,-45,-82,-14,-46,17,-63,-1,-53,-52,83,98,-36,53,-36,-60,67,23,100,36,24,88,-42,89,-75,38,-51,-26,12,74,98,-48,55,-63,-25,44,81,10,47,-77,-87,-94,-72,-22,49,-62,57,-30,-16,72,-70,-1,46,-24,-49,21,-98,-98,-24,40,4,34,-32,-91,-95,4,-9,-75,94,7,-54,-77,-40,-83,-7,11,-88,-7
-64,34,27,47,-83,75,-40,-46,20,83,-31,37,53,94,-87,-10,26,-28,-10,40,-13,-15,-97,-90,-66,-28,52,-73,81,-17,49,-51,55,-13,31,32,-34,-78,-13,-94,-44,47,-39,82,-50,-40,33,-5,-83,-52,23,-58,-58,83,-75,-95,-27,-43,-63,-80,79,84,46,59,37,90,-99,-56,-92,82,-41,-82,84,-84,-69,27,-87,-38,-48,50,100,-14,96,11,96,-29,-65,78,29,79,64,75,-62,-59,96,-63,-60,-5,65,66,3
-10,-10,57,76,77,-35,8,-76,6,50,38,54,86,-80,-24,-16,11,-34,20,-93,96,-6,-54,76,-59,1,-22,71,21,72,95,88,-23,37,-16,50,92,98,52,-10,90,71,-13,97,-54,-30,-46,22,50,-11,81,-4,-96,13,-32,70,96,71,-93,-42,14,40,-31,-78,35,-47,41,61,1,49,82,6,-86,-28,7,22,-44,100,-7,-10,63,24,-88,-69,83,-54,60,-84,61,3,-59,53,-84,-85,43,-14,-85,7,57,92,-99
-88,-7,53,49,86,-15,-97,56,-72,43,84,-24,-62,44,2,-70,68,-97,22,68,55,-46,-52,58,79,-83,92,26,-79,-65,-89,-28,21,-97,-23,90,-12,39,-51,97,64,-22,-80,16,6,-49,-42,-13,-73,69,87,19,99,2,-76,-71,-51,81,1,-97,-88,55,-19,54,-4,74,-20,-46,-57,84,-4,-45,-31,87,-30,-83,10,-40,81,-36,-49,-69,66,92,83,92,80,64,-40,67,75,-79,-69,-65,-73,-59,54,-27,-9,7,-81
78,-53,-60,-100,54,28,76,29,0,97,-27,-33,-72,-99,82,91,47,56,38,46,-92,-54,-96,51,-37,24,75,18,40,-13,5,-69,-71,31,19,99,-50,-19,-56,-93,-50,92,-23,-51,-53,4,-31,30,38,-53,29,43,-41,-78,70,-73,-55,20,-60,83,87,91,42,48,89,-63,22,-98,-80,-44,36,19,-56,12,-9,49,40,83,96,-87,73,71,61,39,37,45,76,48,35,25,95,48,-80,98,66,34,-74,98,93,-82,3
6,66,-64,-95,-36,-77,-17,-57,73,80,23,-38,54,42,27,34,-12,-100,-92,80,-6,35,54,74,38,-52,-9,-80,-74,88,-22,13,-76,49,37,53,-57,30,-98,95,62,63,5,13,1,32,-36,-45,18,9,67,-49,13,-61,72,-3,16,-47,-70,44,-71,-39,-61,24,-11,-39,100,55,14,35,41,-32,-53,-55,49,84,-55,-58,48,-92,-14,-32,37,74,80,46,-78,55,9,65,21,-92,87,-31,-24,-75,87,63,-59,96,13
-6,66,-20,62,-44,82,-33,2,-90,-22,31,12,-38,34,-15,-1,62,19,29,-56,-34,-16,-76,-55,3,29,32,39,69,-38,-99,23,75,-68,67,71,-6,-55,-7,-31,-60,-73,-73,87,-46,91,-52,34,24,-83,48,73,-81,-70,44,47,-82,-53,43,74,25,26,-58,-67,-28,-33,10,8,-32,12,16,-85,75,33,90,-99,38,-57,-95,11,-89,-84,-95,-21,-88,-33,23,-97,66,-3,64,-11,-14,84,15,-3,-91,-26,-64,41,-54
-25,-81,-98,26,-100,-75,91,-10,-22,-59,46,-21,38,-93,-3,-10,15,8,-40,87,-72,51,-63,74,48,-10,99,84,-84,32,-32,46,100,-87,8,-59,-33,-55,-54,7,-49,-31,20,16,75,-15,-25,-1,-41,21,-25,-22,-67,32,50,-37,-22,-91,100,-57,72,6,-76,-35,53,100,-18,-98,-27,-82,3,71,-94,-13,-100,-36,-20,68,27,45,-100,-90,-11,-67,-64,87,-47,9,-38,47,57,71,54,3,36,-1,3,54,-9,-100,91
71,-22,23,29,-70,-41,-83,-92,-67,54,-15,22,-45,78,47,57,-63,-21,-89,-93,-2,91,-52,76,-74,38,-67,61,50,-3,-21,-68,90,-91,42,-36,3,90,66,85,-93,30,-22,-60,-34,-44,-78,-38,-54,-57,57,22,-27,88,-45,70,-22,-21,-75,92,61,-29,57,95,9,55,26,1,-81,33,45,-83,-69,-2,5,64,-14,-10,53,-33,26,-97,-57,-71,-73,63,9,-12,66,78,-12,24,-76,-50,-95,-50,-18,13,24,-67,-65
90,10,-5,9,-49,78,-89,39,10,-89,-65,-2,33,31,-71,-90,-36,-75,63,66,34,10,-39,61,-97,-37,-37,-100,39,-46,-29,59,-1,39,-95,82,8,-72,-52,-34,97,-94,-82,-2,61,-99,15,-41,19,-23,-22,-73,-19,19,68,63,46,-70,-52,33,-94,-81,-49,80,-59,-48,2,75,75,9,-11,83,24,-86,43,23,-55,51,-98,30,-62,-10,-95,31,-1,71,-88,29,-73,57,49,36,57,63,-51,69,-51,44,-16,-69,-87
-24,36,72,7,-34,-29,-78,98,-14,-55,25,88,71,-23,52,-94,22,23,89,-44,-94,45,-94,-78,-50,53,-97,-61,46,-76,-30,-45,78,-21,83,60,59,61,66,-36,-66,-3,-70,74,10,58,72,-81,77,-46,81,66,15,33,0,-72,75,-81,-49,-28,74,31,-92,43,95,85,77,-31,-66,-58,-69,-95,54,-85,-54,-11,4,99,-11,40,12,-17,-77,-10,-58,10,-10,37,-54,-24,-35,89,67,82,-89,-15,53,13,-11,4,65
47,34,15,-61,-50,33,-86,-100,-91,72,-21,15,14,-70,89,10,29,79,11,64,-79,-39,-88,-40,-88,42,-29,-21,-93,31,-9,77,-33,58,89,-60,30,-78,-8,99,97,98,-87,32,17,-42,60,-12,-85,46,52,-16,12,-19,7,23,98,51,-65,32,-72,58,-15,52,46,33,-63,42,-66,-23,-90,18,73,-68,92,-53,-35,52,86,92,42,52,-60,28,76,19,-47,13,31,15,60,-3,-50,-61,-47,77,-54,12,-71,6,-80
-26,-21,99,-43,74,46,-15,5,31,88,-89,34,-88,9,52,-48,-67,-56,76,5,83,45,-18,62,12,-24,-63,-17,-5,26,-86,-92,29,-65,32,90,10,-65,-93,-35,59,-96,-78,52,-60,-69,-89,-94,86,-37,-90,-9,-96,1,-88,1,-97,-57,30,-97,18,-47,25,-1,11,7,-72,-92,-18,-43,9,-39,6,89,-68,-40,-60,76,90,-13,14,-23,3,-91,-96,61,28,-51,-85,-64,-56,-100,92,33,35,75,-5,-42,91,67,68
6,-75,7,16,-21,-20,45,79,-77,89,-20,-51,-21,-89,-16,-79,42,41,-63,-43,-23,-9,81,26,2,-1,80,47,74,-74,-71,-89,-7,92,20,-8,53,71,40,85,79,-27,77,-25,-70,-1,25,6,-70,2,7,54,27,69,-78,21,-27,-7,36,-46,-29,-73,40,85,-30,97,-77,44,21,68,-79,89,-29,17,89,88,25,-52,-52,-22,92,-1,86,-39,31,-51,58,45,-33,56,58,26,-38,12,-29,0,-11,72,73,-67,-38
-75,-76,-27,91,89,-40,-4,-44,82,62,13,-77,-39,-44,-78,62,-10,-22,-100,91,-11,4,-66,0,-87,62,-93,-13,90,-21,-67,76,-75,52,-12,-43,-14,-78,-72,-74,95,-84,-25,87,9,-98,28,-57,-26,81,-65,-13,-16,32,57,13,75,-5,-80,54,52,53,18,64,33,-11,-35,18,93,75,-80,100,68,0,65,-38,-75,77,-6,33,-66,14,-6,-4,93,-4,-88,-70,15,-35,83,-50,-50,-85,-35,76,69,15,37,87,-76
84,50,45,-64,-40,29,-50,-85,22,-31,94,-40,79,96,22,97,81,-45,-50,-68,-85,-29,-6,11,-79,-40,-97,-77,81,95,86,-51,-94,-27,19,-85,-85,81,96,99,-27,-98,-73,-8,43,-61,90,-90,98,-90,14,54,33,-37,-81,-50,82,30,-9,96,75,13,85,-67,-15,8,-77,-87,58,79,80,-39,-41,-58,-78,-97,53,-47,98,57,-55,-17,-4,23,45,-66,-73,27,-100,-88,53,-19,-96,-24,-98,-44,-15,18,42,-42,22
10,-33,79,47,47,59,-39,80,-95,-1,63,-61,-54,-61,-60,61,-84,-78,87,-93,85,45,-59,-14,14,41,-21,-23,49,-9,71,54,40,-6,3,-97,-64,-51,16,69,-60,3,-13,-5,42,-6,-91,-38,85,47,-69,68,-6,-41,92,3,19,95,-42,38,-84,90,-58,2,-75,-95,62,-86,-89,100,1,1,-29,50,-44,91,-26,-48,74,9,89,-38,66,-25,29,-54,37,-4,15,-1,37,17,28,86,-46,-22,-34,4,46,-23,96
98,-64,-65,-41,-78,-30,58,74,17,-80,-97,-78,5,-19,-10,-91,-73,38,-13,-57,77,96,-71,-22,-29,-38,78,-22,93,32,84,65,84,-20,-38,-62,48,-54,60,98,-18,-39,-2,75,26,17,64,31,54,48,-36,-66,-91,-12,56,-37,33,93,-29,-8,-41,1,-44,-10,99,-37,-48,5,-85,-16,29,-14,27,-40,-34,-93,-65,-68,-42,5,-93,-75,62,18,-82,-52,-3,18,-1,95,50,3,90,77,19,-36,11,-63,-2,-70,-84
30,-17,57,15,-67,44,-89,-38,-33,62,-22,-60,49,93,-34,42,92,69,-4,75,-95,5,36,52,-94,-92,-84,-52,31,87,-61,-97,12,-61,63,7,-39,-79,-41,29,21,37,-38,34,-35,-31,91,-7,-67,-2,-70,-87,-9,21,-30,9,-26,66,-84,89,26,94,-3,0,3,-57,-29,-34,-30,-74,100,-70,97,64,5,-62,98,-98,-65,0,-90,97,-44,-38,94,-55,77,97,75,-94,37,-6,-36,-96,-90,-19,6,48,79,-41,33
58,42,-53,-57,57,-52,-18,-26,31,82,15,-52,58,-44,-23,62,-36,90,12,-27,52,18,-32,-84,27,-45,58,47,-83,98,4,55,52,-29,-61,-17,-54,72,86,62,65,19,79,-81,59,3,-95,-40,-64,69,-37,-74,7,-43,-54,-79,21,68,74,21,-28,19,-99,-13,-15,8,-95,-29,43,72,-21,-10,25,-39,62,13,54,-35,43,92,-56,6,94,77,-40,-50,-90,-62,27,5,45,3,76,79,-69,-100,-98,14,-28,-45,-85
-86,38,75,81,44,13,-37,42,-35,-95,-8,-51,34,56,12,-89,-43,49,-23,-16,-87,-83,38,55,-6,-97,31,-8,-33,47,38,34,-86,-49,3,-57,73,40,-83,82,83,-83,58,-88,-88,81,-73,-100,20,-58,-96,92,75,96,-48,9,87,-67,66,16,3,4,-63,-35,98,65,53,11,-82,-12,0,63,-36,-14,76,65,-29,89,-19,-16,-65,-80,37,-79,74,39,-22,-36,60,44,-62,55,84,-32,-87,-51,72,7,55,-27,-23
-89,84,64,-85,-100,32,-35,-38,-51,53,-16,18,-88,-97,-13,37,95,61,-53,64,-1,-85,53,59,23,55,26,22,-63,67,92,-37,-74,17,85,-1,36,72,-82,-7,-99,31,96,8,-98,-70,53,-3,60,17,-77,-90,95,86,84,-2,26,98,-48,49,-40,-11,-1,11,-4,-56,1,-13,68,31,14,66,-74,-6,54,40,89,-90,-65,-41,-81,-97,95,38,-44,11,99,3,71,63,-54,-14,-36,-47,-11,15,11,26,-52,6,17
-44,69,8,17,95,20,-16,-92,78,-5,-85,59,-4,42,83,-94,-33,-41,-52,15,-87,29,65,88,-23,3,91,-58,90,98,46,37,-8,55,-33,89,68,92,-66,-6,8,35,43,-72,10,67,47,-55,-4,42,-52,26,59,-33,73,-34,61,26,13,77,79,-55,-4,-29,-30,-69,42,73,-4,67,-10,-35,-29,3,-75,-31,-3,74,86,-39,-14,2,-85,-39,26,72,23,98,-95,70,-81,16,17,9,51,100,-68,-7,47,72,23
-73,60,73,91,-81,-82,-59,49,54,91,38,0,-93,89,54,66,80,-77,-54,44,-99,-28,-38,91,22,-3,-71,82,-44,-59,-28,67,-67,40,-22,62,8,-35,94,-55,9,-2,-56,4,5,-40,93,87,23,-57,-65,5,-76,-55,-66,5,-60,7,-94,8,95,-37,-46,99,-13,90,-63,11,84,-68,20,-96,32,-18,-54,-15,-38,-60,3,85,-29,-3,86,-87,78,4,38,44,81,-60,65,99,47,-84,55,6,-47,54,-16,15,55
7,-34,44,70,-82,22,55,-36,16,-51,23,54,-81,22,-23,-92,90,24,-66,-66,37,-99,-38,-32,26,0,10,-69,26,-44,-55,66,90,-50,-83,55,53,31,-20,-97,77,-42,-14,-1,-92,81,-5,-59,91,-10,-44,19,68,25,-58,-39,-12,38,-19,-74,75,86,91,-18,38,-18,87,70,-35,-35,-63,-69,68,-53,-33,-9,23,-69,45,-35,68,-52,9,59,8,-3,-58,-24,-34,-76,-16,-92,71,-72,50,-69,35,-22,66,-23,-74
11,-64,-8,71,-62,14,-39,85,-98,-75,79,-10,-98,-34,57,27,100,48,46,54,-84,-77,15,-15,-1,-29,-26,-17,34,3,94,2,75,-80,55,1,37,80,38,-60,22,56,98,-81,66,27,35,99,-68,64,65,35,72,3,27,86,1,48,14,-3,-33,5,3,-87,53,-39,-27,56,-50,84,-60,56,61,-84,63,-5,39,95,51,52,-66,-82,63,-94,-47,-84,-4,37,47,45,5,66,72,-51,-8,-25,79,95,9,23,21
-10,72,83,84,68,61,97,-83,-79,-17,61,-24,78,41,-89,72,4,67,-47,96,43,-39,96,44,45,-4,-73,49,7,-30,98,-7,12,-24,65,-63,-11,34,-17,48,43,73,-80,23,84,-66,18,-47,86,75,-9,35,-69,95,13,79,70,-39,64,16,11,-90,-19,-66,-70,-16,-62,-59,44,-39,37,64,42,-49,91,-67,-68,-60,42,87,-22,89,69,67,-8,-8,-36,-100,-53,25,-37,7,-25,88,17,-19,-54,-78,-47,-69,-67
37,-75,-22,3,-49,9,-18,41,-8,-99,28,-42,40,-30,10,63,-19,93,-66,-16,36,-85,18,-97,15,24,-14,30,66,-51,-52,83,-75,99,87,69,22,-98,-12,-61,-92,-80,-98,37,62,21,98,-84,-23,75,-46,-36,36,26,74,34,94,24,36,-81,-35,-100,68,-81,-37,-1,-54,93,14,-49,54,-25,-31,36,50,-72,95,-6,25,14,40,-84,-98,-86,-10,-14,84,-55,8,21,-1,100,-16,81,-58,-81,-85,10,27,27,64
39,42,-93,-11,-97,-89,60,53,30,89,-80,-17,-49,-8,-53,95,-30,-76,-75,-26,87,-57,10,-37,-49,20,29,-32,22,-39,-8,0,63,5,94,-25,-12,7,96,-84,-52,27,82,-77,-38,69,7,81,-92,-76,7,-4,-61,-23,93,80,-28,73,13,-31,21,93,92,25,-71,-19,-58,-32,62,-44,9,-76,-53,-69,-58,72,56,74,1,-94,12,76,-52,63,-70,19,81,21,47,54,4,-78,30,-53,-27,23,-43,34,23,-28,32
70,-11,84,-98,80,60,-31,59,12,-29,-30,61,87,17,42,-10,35,-40,-97,-84,-59,29,-50,35,79,-81,45,-58,-51,-65,-46,9,73,-62,-99,-13,-89,32,-58,-11,-54,3,-30,-69,61,25,-83,-1,-79,61,7,97,-13,55,-28,-43,-81,-57,91,97,-35,72,98,-22,-90,-11,17,98,30,94,28,78,-82,-53,-32,67,-50,-23,-24,44,55,-83,-34,-100,53,-26,30,66,45,17,-46,-60,35,-8,-60,74,39,-39,-71,71,25
54,29,62,-29,45,71,-18,-90,62,26,59,-38,20,-28,53,-11,-49,-89,-28,-36,-86,1,-13,-58,25,-37,-11,-57,-13,3,-100,-31,5,-69,-31,91,79,-91,-99,48,-64,15,-64,-41,35,8,5,-98,100,44,97,2,-6,80,-39,25,7,-72,-7,1,-34,90,-9,18,45,81,3,-3,36,93,100,-98,-63,7,1,-75,-48,70,52,11,34,83,43,-54,80,-42,-80,49,73,-40,-78,-35,-100,19,49,75,66,-41,55,58,-28
57,-70,27,-14,-91,-5,-62,-73,78,12,-97,76,66,53,4,-86,45,99,4,-84,-27,-33,2,-20,-56,90,-29,-86,95,-52,79,84,90,7,80,-80,12,-45,32,-40,-59,33,79,65,-61,1,-70,-58,54,93,-35,19,34,-62,82,25,-52,-74,-99,-9,-10,-35,-35,26,16,87,-70,75,-29,-52,8,-23,-40,92,-62,34,-54,1,31,9,-79,-84,5,-58,34,1,22,65,-100,-25,19,77,14,-91,-27,58,66,17,-83,-63,-82
23,59,68,31,-82,-64,-100,52,-30,36,-47,-37,20,92,-89,-90,-88,72,-77,-18,-42,-2,93,-20,-66,-50,68,98,24,33,-77,-32,98,96,-97,1,-100,51,9,-21,10,45,-62,2,-69,6,68,15,-72,-78,8,80,-26,81,52,57,20,52,-75,-23,42,-7,81,54,2,-65,-85,-23,-73,27,70,-30,-38,84,-34,50,44,41,-33,69,43,-57,35,39,-41,61,23,3,54,-77,-15,-92,95,-73,62,84,40,100,51,37,-2
-87,0,87,-59,58,-10,9,56,63,65,-33,-6,-93,95,45,-46,83,-1,91,86,19,-46,-74,-60,-48,-17,75,31,85,-93,76,-58,-73,42,-53,-15,-66,-52,31,-43,-49,-96,-38,-67,-60,59,46,83,-33,-76,12,86,6,74,-3,25,13,33,52,-84,91,55,84,-1,35,-92,-81,9,-86,7,84,37,51,40,86,-46,75,-54,28,-72,-13,55,32,-51,76,84,-45,49,22,54,10,-54,52,92,-4,87,77,-3,-90,-49,-13
54,38,20,94,20,77,-78,35,62,-94,92,-72,89,-92,-48,52,-61,53,-34,38,77,-58,-89,-16,70,43,-84,-27,56,-16,-77,-97,30,41,-21,-66,-1,80,-31,-95,-35,-21,35,66,-30,67,-9,96,-32,7,-58,67,-70,-68,39,53,-69,86,94,-21,85,90,-6,-52,-85,95,-91,44,59,-66,1,-43,13,-83,27,-38,-9,17,45,-68,83,-11,-63,-56,24,29,-70,-93,92,0,67,-61,45,67,-54,69,-72,-66,-5,-82,18
-2,-59,99,-10,76,-25,27,-4,-49,18,79,28,62,-92,-14,24,37,-6,17,41,4,14,-52,31,48,55,-21,54,94,27,-77,-76,6,59,37,53,32,-61,-41,-56,22,-12,-66,73,1,88,-38,57,-64,-23,3,-68,-86,40,16,-29,67,-97,-35,94,-54,89,-25,-44,-75,-71,90,29,-85,18,-39,22,-37,97,21,65,77,-25,-1,-16,-93,65,95,-58,24,-63,100,93,14,88,57,-43,9,29,-85,59,-33,-45,48,28,51
-89,-28,95,87,43,-41,-7,-12,49,-63,-20,-13,-99,19,-42,-96,-61,46,-97,19,-49,-76,-89,-80,-41,17,-18,15,-31,-30,82,-21,-98,-84,73,9,40,-43,0,-39,97,44,-45,-33,36,46,84,-69,-26,-65,19,-16,-96,-67,-27,85,9,70,-2,49,16,8,83,78,-54,-1,32,19,-64,-15,-29,28,60,-30,10,74,12,-32,21,-42,-42,-91,-50,32,-1,60,-70,43,-34,54,-80,-8,-93,-42,92,-85,36,25,-55,55,25
-34,81,96,28,-98,24,10,-83,10,-10,-77,-100,18,52,71,-40,-63,-20,-25,100,39,34,31,62,100,53,-87,-72,-54,54,41,5,59,1,72,72,76,56,-43,8,-91,-87,-13,97,-83,-28,-82,-54,16,-82,35,64,7,34,-45,23,-52,-53,-60,-60,-96,-75,-4,-48,47,88,-29,36,-61,82,-19,-49,26,-83,10,-23,-81,-70,-89,72,-2,-29,-27,51,39,94,-57,-83,-90,34,4,90,-26,48,-53,-68,-20,-3,6,-63,-78
-92,24,66,-45,-59,-42,12,-64,-48,42,-52,77,-13,51,92,74,-56,35,-98,-49,-12,-3,-34,84,-37,57,63,-22,-30,-3,80,-39,95,71,78,7,-17,99,-18,8,-67,10,-68,-54,-98,-70,62,-45,-99,39,-28,72,9,-92,9,83,26,21,24,37,52,100,-73,-11,-9,-41,25,3,-77,25,64,95,-34,-76,50,-70,82,-22,-37,70,-1,-39,45,-38,-8,-25,-25,-100,36,55,59,-96,-79,-20,-12,8,-12,45,-68,-100,91
34,79,-49,86,-90,14,-41,-58,44,-64,-42,84,51,89,-72,-94,54,-71,-95,83,-95,-87,-73,19,21,27,-56,-1,37,-24,-64,59,46,-3,-96,97,86,52,-27,83,3,88,71,21,8,87,82,-75,-23,-8,26,44,-49,7,-64,45,76,76,-46,-62,-43,42,-96,-77,2,26,-36,47,-2,77,-59,6,72,-92,56,7,69,-54,-27,-90,43,31,-25,-2,82,-17,49,-6,75,68,-64,100,33,-45,98,-33,-80,61,-58,5,-80
11,-71,-83,19,-43,-62,-50,-15,-41,-74,82,-26,77,93,21,-62,76,66,-52,32,78,10,-75,-71,-33,36,-34,94,30,20,-62,-93,-65,46,86,95,44,1,-88,24,39,78,-6,46,7,9,-42,90,-52,-90,-43,-58,-89,38,-18,41,-50,-82,63,-94,5,21,47,-40,6,-22,-41,41,50,37,-75,-68,-81,-68,-48,15,9,-62,26,-91,17,-88,20,20,-23,-55,53,-87,94,-85,-80,-23,-10,-68,-80,70,-78,-8,-37,-29,94
-70,-99,34,42,-86,-30,48,-70,-36,15,-72,-8,-97,32,50,-30,-7,-46,86,45,-88,33,-60,4,94,-98,49,60,44,-56,-41,-38,57,-70,27,20,53,37,77,87,-77,76,-31,74,28,-90,-6,-69,-21,46,-17,-66,24,-63,38,34,26,2,-77,-6,-60,62,-29,0,5,-45,-32,18,-32,46,78,-96,-16,31,-97,29,44,-29,-20,85,87,-2,79,-2,54,32,-34,-12,-94,-85,18,-29,-96,-68,35,-36,-81,43,-76,-3,2
-5,-14,-38,-74,63,5,39,13,-99,89,46,64,-12,-69,100,54,10,-26,55,-67,69,95,22,40,26,90,22,16,-82,47,-46,12,17,-99,-57,14,-99,33,9,52,59,-96,-94,-51,69,-74,70,92,24,49,43,99,-35,63,-2,-53,52,50,48,-5,65,10,-13,-39,-9,27,-70,-65,29,-39,-67,75,-100,43,59,26,-21,46,1,53,50,-17,-95,70,-59,26,-32,-43,67,33,64,57,78,57,13,-31,-80,84,-30,62,85
78,-51,87,-14,78,-49,-34,84,51,95,39,-38,65,-18,43,42,30,98,-45,78,5,13,72,-76,-89,-94,27,-19,69,-93,-30,-4,-7,-58,-63,69,-56,100,-84,11,14,96,-61,-27,48,-54,-86,-76,-47,-96,-88,-55,-7,-48,-60,37,100,-70,25,71,-20,-83,-90,-9,-91,-46,-87,-71,89,47,-68,-19,-99,-23,-49,0,40,-75,95,-14,48,-86,-61,73,-21,21,-18,-14,13,-4,57,-1,77,-24,-28,-49,71,-15,4,-8,-84
-40,32,-91,58,87,58,35,-37,26,-99,16,-16,-25,-34,-94,-10,76,37,0,88,-69,33,82,-59,82,36,54,-71,10,-100,-85,68,1,53,-95,11,79,-70,37,-91,-46,76,-87,87,68,92,-4,-43,96,-45,-83,66,63,13,-71,51,-38,-98,-25,-13,30,-50,-15,80,-83,61,37,10,56,61,-70,43,-99,-92,22,15,-19,7,-1,92,96,39,-50,11,22,60,83,-56,7,95,-56,70,-19,64,26,26,81,56,-14,50,7
14,93,10,39,59,-4,100,-94,-49,-12,1,19,-10,-47,-7,57,29,-7,-67,90,20,-5,-70,43,-21,-69,12,-47,28,71,-78,40,8,39,31,-61,82,-94,-51,-38,80,53,13,12,-91,-30,88,-99,-57,35,41,9,12,62,20,-45,-73,40,-74,17,14,0,-59,8,-76,23,6,67,7,87,68,77,-75,1,-58,-72,13,-51,-58,57,91,-41,-32,41,24,0,30,-72,-48,-13,81,7,-89,54,64,16,-57,-99,82,44,-62
94,-66,-52,67,90,43,-71,-60,15,-62,-97,-56,58,58,28,-81,44,-74,89,-76,-70,30,19,-70,-12,-18,99,63,-52,-5,-12,79,-66,44,-94,-29,-41,-3,-87,-69,42,-55,83,-23,45,-62,-66,-84,-77,88,74,86,-35,33,-58,67,14,58,-81,-6,41,-90,9,-65,-7,11,-21,19,-90,-76,17,-49,-100,20,41,-7,38,-53,-8,-84,29,2,-61,22,14,-95,-87,-53,-22,98,12,-72,-4,-15,77,-48,-44,-66,-100,59,83
-70,-2,56,-98,36,72,-81,18,9,64,3,-86,-20,-13,-93,-70,-89,44,45,31,-92,62,-34,79,81,-49,-91,46,80,35,-85,63,42,15,-100,1,-68,-83,-14,8,-56,46,-91,9,4,95,-41,-1,16,-77,57,-44,-2,32,-72,52,61,-87,21,-1,62,-55,23,28,99,-21,13,91,-41,53,-88,-67,78,31,29,62,63,44,65,49,22,91,23,-76,99,1,74,11,-89,-87,57,80,22,79,-88,-69,24,80,-85,-82,42
-36,37,-98,-65,-72,-50,38,29,86,-36,-45,-78,-21,-86,85,-50,49,81,91,37,-13,-87,41,-46,-59,-87,12,27,78,62,-63,-20,-25,-6,88,71,-96,41,-72,73,-55,88,86,53,-70,-37,72,-72,33,-80,-11,73,27,-87,-44,-62,83,-27,34,-40,-50,-67,-71,8,-34,-29,-58,-48,21,-1,20,0,-14,99,58,37,-10,-98,-33,57,-14,-48,66,18,-96,12,-23,-7,-74,76,44,62,48,-57,87,78,36,-94,-93,-34,53
55,-96,-56,-72,86,11,-39,-10,-95,62,-15,50,-29,45,3,84,2,-66,-96,-92,-71,50,-91,-19,9,-11,-51,35,-13,5,-53,22,-77,7,-9,-49,-4,31,82,25,0,-25,20,14,-91,51,-42,-19,82,-72,54,-70,75,-41,-65,36,49,-58,-96,-29,31,-16,-31,-25,59,-60,-74,14,90,3,62,-70,-38,-34,60,-65,-10,-64,68,18,-38,87,-11,-70,51,22,80,6,-3,-37,-68,6,41,59,24,96,-43,47,-58,37,21
36,60,72,37,91,-96,25,-43,-12,49,33,-11,80,-73,-62,-84,-8,64,-53,48,70,40,-59,45,84,-73,87,33,-83,71,-49,60,-88,36,-10,-38,-32,-15,26,50,89,92,-94,-21,-54,-97,-96,-98,-76,20,-2,-12,18,-31,15,38,76,75,37,-5,-62,32,16,-43,16,24,-58,-82,32,-31,9,23,48,86,72,-67,93,-20,84,-7,-33,-84,37,-45,13,31,90,14,11,13,48,-99,97,93,41,-26,53,41,6,-22,55
98,-43,43,-44,100,-48,37,-43,77,25,-49,3,12,64,77,-83,-43,-7,-46,53,18,57,5,-69,83,-42,-89,-62,-3,16,-64,-99,-15,-94,-9,-61,55,29,33,-60,-2,11,66,24,30,-42,36,-68,59,-18,-68,67,18,70,-62,-14,-66,-68,-32,-63,-9,100,-26,43,-95,-64,-29,-16,-98,-15,38,11,18,80,-64,-78,-2,-73,-6,3,73,9,19,-18,71,53,24,91,-3,-5,-35,41,-20,45,-81,51,-28,-49,-46,56,-52
-37,76,-93,-6,97,38,-92,29,17,42,-77,49,-13,76,-75,63,74,-86,68,51,45,-33,-16,47,28,-84,89,31,79,7,46,-89,-17,-15,29,16,-23,-61,-37,82,96,-59,33,16,30,81,-20,80,97,53,-76,-2,-94,20,18,85,-25,-79,-70,95,-49,-6,-23,55,-89,94,-6,33,11,77,41,94,26,22,-45,37,-54,23,27,-14,67,99,-75,92,28,-90,9,-26,48,26,14,-59,5,-26,-92,83,49,-15,-85,-34,-4
-24,-48,34,39,-74,-99,-30,45,10,91,59,-34,-49,2,18,-90,89,11,-97,46,-37,-69,-53,47,6,9,-90,-95,7,31,-24,-60,0,47,-12,30,-44,-41,-18,71,44,57,57,-81,28,-53,-53,26,-10,-11,-25,-79,9,-97,52,51,22,-20,-16,-24,69,-52,24,-97,7,48,-28,25,-39,67,-1,-73,67,42,-4,11,29,54,74,-70,-23,66,-10,24,20,22,26,-30,81,-39,22,11,82,-41,25,32,-72,54,37,0,74
36,-96,2,32,19,-31,33,88,-38,56,-4,83,-27,-44,86,63,-86,20,59,-1,72,38,87,-18,13,-34,-95,-94,19,95,-72,-10,-32,-60,-49,95,62,-76,-35,-14,72,-57,-34,-11,37,-84,-10,-65,29,-72,9,42,-32,-92,-12,64,29,-36,37,-67,41,-96,0,-34,22,-68,27,-90,-63,-81,-24,70,28,-6,-76,-90,-94,77,55,-90,-77,21,81,21,89,7,77,21,-72,56,1,-31,-42,-77,-43,-7,72,25,-87,-31,-14
-62,63,93,-74,87,-25,-66,25,-4,-28,-22,-13,-51,-52,-64,49,62,-69,83,85,-62,-6,-34,71,37,-66,50,79,97,47,-54,11,-36,45,-56,-24,13,-36,-47,-71,52,71,22,-19,-83,-99,-12,-62,39,-73,39,-7,8,-71,-69,-73,-29,-73,69,-50,23,-27,26,-57,-17,-87,62,-21,57,-31,-68,-49,55,-4,-50,63,90,58,1,-98,-16,13,-42,-18,69,63,-79,-68,-34,65,-64,71,34,-50,-47,48,20,81,-90,70,59
80,-3,6,-77,-54,-39,52,-19,74,32,73,9,-16,-78,-77,-93,72,4,96,9,90,93,50,47,72,-97,83,-74,48,-51,-11,36,66,-35,69,50,19,-51,1,86,96,-85,55,-90,97,-58,60,63,-48,90,-26,-8,-21,55,67,39,25,-94,-79,-59,-45,-77,-75,91,70,-57,100,14,-42,-48,10,-69,-26,73,-3,-79,-46,-17,2,-64,-41,82,-5,18,-27,80,-82,-14,-7,67,61,79,55,42,-4,63,-58,91,14,48,91
48,42,-17,64,-11,-93,-13,-80,91,-78,-13,-76,-86,0,19,-16,-37,94,-36,90,84,11,100,-56,4,30,-14,92,-26,9,20,-42,-42,39,79,-64,49,11,-15,49,-22,62,100,14,-21,75,38,50,20,44,33,36,-51,-21,5,-41,-35,-41,-74,67,-70,-30,79,64,54,-69,59,41,-57,28,-22,-75,-69,-59,-15,23,32,100,-15,61,-48,-38,-49,-66,70,63,61,-42,6,86,42,-45,14,65,-95,-37,-60,-79,-51,14,41
-79,-42,-93,-51,81,-28,75,58,93,-50,-75,12,-8,20,-54,4,53,10,-9,7,-74,82,-30,-26,-12,78,-59,-75,-79,-56,23,-67,18,-1,-33,-3,68,48,-3,-69,35,39,66,40,58,22,62,43,43,-21,48,-65,59,76,-86,92,-33,42,-18,90,12,96,-36,-57,68,-79,88,1,22,-63,10,60,-5,40,31,-88,-90,-6,37,97,-33,42,71,32,46,-67,-25,12,58,6,-43,39,7,40,-6,-70,79,62,0,70,-40
-21,20,-24,34,88,-85,-86,-58,-46,-37,25,58,-25,37,-29,-56,-44,-31,38,-22,16,-100,-54,71,87,30,55,-55,-95,45,-52,-53,61,-76,-8,25,28,8,-93,20,59,0,19,-68,-57,99,-59,65,-63,-15,-79,37,76,34,-93,57,98,50,9,34,-74,79,21,59,-14,-15,-42,54,87,59,-9,76,-8,100,45,37,81,-59,70,88,-89,-50,8,8,1,95,69,78,53,57,-70,46,-35,-52,71,-100,53,94,-96,89,-51
38,25,87,76,60,-71,39,-16,-89,-3,-11,12,-99,20,59,-47,-66,36,84,-95,37,-8,44,100,40,50,34,-68,-76,40,54,-22,3,83,15,-98,41,29,-14,22,-30,13,42,-55,41,6,-91,29,-12,-7,7,97,39,-34,85,66,47,-94,-75,68,7,-31,-47,-71,-12,74,79,16,-38,86,-15,80,43,-72,-30,73,51,-36,0,12,57,96,-41,-92,17,6,-74,83,33,-42,-25,68,23,86,-72,-29,-48,-69,-34,78,55
36,13,-54,-90,54,-65,-99,-51,77,-96,31,68,87,-2,-58,48,81,66,96,-66,88,42,79,89,56,-3,51,3,56,-86,61,-44,-50,25,37,-95,-59,37,-49,-51,-87,95,-82,-2,4,-79,-93,-9,26,59,97,39,66,71,19,30,-3,-87,-99,28,96,-10,20,21,17,-58,-98,26,37,63,80,-6,3,-84,-39,-37,35,-54,-79,83,-36,93,11,-90,72,-41,-39,-48,26,55,-52,42,77,-61,32,-4,23,-45,76,-30,11
-34,-45,53,77,5,-41,-94,-99,-75,-4,-17,-73,81,43,61,-72,-96,-76,90,63,-41,26,-51,-98,20,-54,-78,-51,-72,63,78,58,-54,-74,100,-40,-88,-51,6,-86,9,48,-8,-83,-7,18,-61,-20,-10,-90,80,-60,68,28,65,98,-49,-11,2,49,87,-46,-85,-82,-87,-90,-77,30,19,-77,27,-86,71,-78,-20,20,3,16,-94,-45,-99,-12,-29,36,-33,-70,18,-25,45,16,4,32,-55,-56,55,-46,-27,33,-52,-91,-37
96,58,-55,-54,60,47,-56,37,-52,-64,-6,1,-2,75,99,8,20,-53,-96,79,-13,-39,-84,-4,36,10,-28,-32,7,12,-3,71,83,62,69,84,-14,46,20,8,-58,-67,-41,-96,20,-35,-53,16,81,-54,-17,-59,-62,74,-81,-21,54,-15,31,56,29,-42,42,47,98,59,-38,-32,88,-53,67,-54,-19,-7,46,-19,28,78,71,-67,-23,47,83,-25,-21,72,97,-37,-11,97,-99,38,91,-92,-99,-81,-92,97,-86,-16,-25
-24,-30,-39,69,-71,-97,84,-1,50,-15,91,-39,-47,-71,-12,93,89,-11,96,95,-54,52,-29,76,-86,5,10,-48,34,-89,55,18,30,78,-36,0,-27,-41,-77,87,-33,93,-74,-7,-93,-42,-80,75,-29,69,63,-68,-14,44,-62,60,-47,-58,23,7,78,-42,83,-87,-48,-74,99,62,-18,64,-9,-87,23,-66,-4,31,75,47,-8,-56,62,-78,99,18,63,55,79,-77,-51,3,66,50,-75,-63,71,12,94,-30,-43,73,-90
12,-2,-5,-91,15,63,-25,-56,49,26,-62,94,92,-51,-66,-15,-74,-25,-3,42,14,11,-67,90,-19,-42,-74,52,-43,-21,-91,53,8,75,-72,68,70,-68,-23,44,-32,-48,-10,-53,-46,87,53,82,59,17,-76,37,-60,95,-32,-45,-87,83,-69,98,26,-92,90,-8,95,-70,-60,99,64,33,-73,-80,50,-55,-4,-78,78,-17,22,49,95,9,0,-59,38,64,23,39,-44,57,63,-20,11,84,-53,-60,-83,-19,-15,-63,-81
18,-79,95,-64,8,51,10,30,-90,-99,29,6,-46,21,-78,-68,30,-99,35,8,46,-46,13,60,-8,73,-13,54,94,85,69,57,-18,-100,39,-22,-25,17,-88,24,25,74,91,9,15,-82,-23,-74,8,-27,0,-4,-51,-15,-56,43,-56,25,-60,-96,-1,-94,47,37,41,-95,62,-67,-42,52,-17,48,53,-50,-54,35,-41,-45,-43,-50,-81,-68,46,-18,-8,-75,78,-95,78,-57,99,-52,-74,-34,72,-87,23,71,44,92,-95
61,47,-81,-66,-62,-23,17,-5,-41,-87,98,-65,-72,-79,-71,66,-64,-47,25,-58,44,-13,33,-63,-85,-100,-73,67,-89,78,-79,-86,28,-16,-92,82,-92,17,-85,-14,-45,-96,-49,76,-46,-78,-62,37,-8,22,-39,81,36,-34,-55,55,80,-3,-76,-22,-91,56,-40,-60,-93,75,-25,6,-89,5,51,12,-96,26,81,38,80,3,9,39,83,-91,50,1,94,12,19,94,-78,19,47,68,53,-35,99,-92,-34,-62,-76,6,-36
-1,-5,-71,14,-32,57,-48,-31,56,66,-38,-5,14,-82,-95,-2,99,73,89,33,20,80,-23,49,-55,-16,35,11,-43,3,-64,-61,91,52,-76,-87,2,40,-85,100,-44,44,32,95,31,44,87,73,79,-6,-82,85,12,-60,19,-21,43,30,80,66,23,58,-98,4,22,-83,14,-7,29,-45,-71,-81,51,43,9,-89,54,61,75,96,-49,85,-26,-72,-39,80,-94,-57,-11,-91,-63,79,87,34,-35,60,-78,-100,70,-63,-85
-40,89,-86,3,-19,79,87,-22,-22,68,85,20,-13,72,87,-54,-24,-34,70,-64,72,11,28,43,72,-52,13,49,44,-5,59,26,45,-7,-86,100,-3,41,6,-87,97,-51,75,43,-2,-41,61,30,71,37,-24,32,-39,18,79,-11,51,-59,-4,-79,-77,-52,-43,37,-43,-16,-8,-6,1,-68,22,20,56,77,90,62,-58,70,17,54,-19,39,-32,-24,-79,-74,-53,25,-17,-18,-14,4,-92,-39,74,46,-38,-9,-6,35,31
-30,66,-7,89,-76,95,-65,66,19,-80,33,-41,-64,52,-12,-21,9,38,93,31,78,53,34,2,-85,53,24,60,67,-70,-97,-51,-69,-84,-80,2,81,-1,43,15,57,-66,42,47,-68,-64,8,-97,-30,-74,-60,-74,-77,-22,-65,27,-16,-23,59,-57,58,-10,89,27,57,-57,-19,-11,-51,-16,38,52,-5,47,-78,82,5,95,-46,-45,82,-23,81,-56,58,46,-26,-19,-2,82,-49,-64,44,-14,16,30,-13,-68,90,67,-25
54,-89,-59,-3,83,-85,66,35,-77,-78,54,-50,6,-5,-47,81,62,-29,-36,-95,-53,9,-64,-93,29,-10,-80,-82,-65,9,9,-49,50,-10,33,94,-93,-52,99,-88,39,49,-80,-6,-35,96,42,-73,-89,-17,47,78,-81,-92,-90,-11,-94,-38,18,-10,-36,-90,-54,69,16,-20,-31,74,81,-43,-9,72,57,61,12,30,-82,-20,4,-100,-25,27,94,-42,-44,-56,-88,54,-9,17,-60,26,77,96,18,-77,-74,-30,-41,44,89
-13,-60,96,64,95,87,12,-34,33,47,-23,-46,73,-8,38,92,23,45,59,36,-26,35,-48,-95,63,-59,-90,-82,-22,63,-19,69,60,23,34,72,-28,-34,-43,-48,44,21,36,83,34,100,68,62,-32,7,82,61,-78,-15,-12,-27,70,-57,-43,71,-4,15,-74,-37,9,76,33,-18,60,-25,45,-84,27,-52,-45,12,61,-70,76,-56,-70,-12,67,-15,-31,-32,-88,22,31,78,100,-88,-32,70,-85,71,-84,-53,22,87,26
-85,87,-53,-46,-29,-92,15,9,34,35,-50,-43,-26,-15,33,3,60,21,79,-42,-56,-70,99,-94,51,11,-24,-76,3,3,25,-96,-81,59,-99,-73,3,33,54,55,71,35,-1,21,-12,75,-10,87,83,-81,21,44,16,65,20,-61,6,-24,84,30,91,53,-3,52,-32,38,88,52,66,31,-19,-33,-39,-100,-74,-48,27,68,-40,-5,4,-96,32,-28,11,28,-55,48,-67,93,-25,-78,-56,42,-31,-89,-56,-65,-70,-6,58
-93,-72,-6,43,-90,51,-5,-10,-82,31,9,16,38,-45,42,-38,60,42,69,20,54,73,-83,-16,-43,-83,51,-11,52,29,83,40,-67,8,-30,68,96,34,51,-99,-14,-58,-56,59,61,-48,87,0,46,79,85,-42,46,25,77,-65,22,56,-10,-71,27,-8,-95,47,83,-25,12,-25,-85,61,14,-4,-22,64,-44,40,-22,-66,-35,-1,74,71,-68,-46,10,45,28,86,30,3,-92,49,-83,78,-8,-71,-65,64,50,23,-51
83,-81,48,-13,71,98,54,67,17,-56,56,29,-26,-48,-72,31,-36,8,-12,-12,34,-47,-58,49,63,21,-26,-43,-56,-48,54,86,-66,-61,89,2,-36,75,-26,30,75,-67,47,76,-5,-90,-66,-73,94,0,5,-5,49,95,8,84,96,33,-24,-30,-77,-26,-51,-88,2,95,-36,78,-13,-40,-16,57,62,-89,-1,-29,-33,3,-68,-29,-39,-53,-20,18,-93,-86,7,-66,-17,27,-92,-67,-31,5,61,-76,-35,49,-70,79,-82
-66,94,-93,-83,-36,57,61,25,-89,80,47,36,-94,-49,88,62,-49,88,14,45,20,-18,8,-68,-65,-3,-66,-14,69,-5,-69,72,-83,-31,79,-90,39,-76,-4,78,96,-42,6,86,-84,16,85,-90,36,-85,-2,-70,-21,14,-25,-65,-31,17,61,25,-58,52,-66,-23,-41,78,41,78,-68,-83,-34,33,-53,17,-12,-38,-78,-71,-25,99,98,-69,84,96,85,-45,-76,-30,60,25,59,-5,33,-33,-75,0,-6,-94,-62,5,74
66,-40,-23,43,-14,-60,2,-72,59,77,86,83,53,60,94,-44,72,21,62,-12,-40,24,58,67,43,24,55,-27,53,-50,-7,95,-91,46,-100,-57,6,-8,76,66,-44,17,-65,40,90,94,79,-8,-26,28,-15,74,49,84,14,-49,27,12,-53,22,-20,100,58,3,-31,14,88,-61,88,-99,79,-51,87,52,52,20,-75,30,60,-80,51,80,27,58,30,-81,85,19,37,-70,59,91,-16,-3,61,-71,69,-48,-49,88,-52
51,93,65,26,44,37,-18,-54,-79,67,29,-41,56,48,74,38,-52,20,-1,-73,76,-64,91,-78,8,-69,53,-18,92,50,-86,-9,-77,-40,-80,48,29,-36,46,78,-20,-7,8,93,-29,-4,83,-48,-72,67,-100,-64,24,97,45,-31,-91,22,33,-65,-36,-79,-7,-3,-76,75,-49,-31,55,-65,-24,90,73,48,-50,-78,80,92,-93,-19,-5,-93,46,-67,-15,-54,2,-72,-50,-31,-2,94,19,-17,7,-97,-93,50,-83,0,-19
-2,-30,40,-15,69,-5,-38,47,36,80,-3,80,-46,100,40,36,-49,-38,-94,98,-76,-45,-99,-22,-61,12,84,-17,17,13,57,-66,-84,-41,43,66,-29,-83,35,-76,-82,13,34,93,36,10,72,8,80,30,-74,-3,77,9,-52,-5,-4,-23,-20,-20,99,-69,-6,79,17,-92,-50,-16,42,-17,-41,-38,22,-8,2,30,65,90,-82,41,89,-31,82,-59,25,-90,-44,95,25,3,-65,-11,14,-70,77,-9,87,45,-78,-33,92
-2,94,-44,-26,-16,23,-80,-55,71,95,86,-89,-11,93,10,69,25,-59,42,-92,-5,63,-13,62,-59,-55,70,-71,42,-88,-40,-87,47,68,89,-3,-8,96,-27,-75,59,-27,-91,-37,-8,69,-94,-77,88,47,-81,-96,67,-57,-76,-95,-59,-25,68,20,-67,-83,-52,35,84,-94,-97,-52,-11,66,21,51,-19,65,-51,-20,-6,-73,-21,-81,90,-45,19,-56,6,-90,-54,4,-88,-75,96,1,35,-58,4,65,-86,57,-51,-99,26
-63,21,-14,70,-17,-83,-96,-34,-98,-1,95,-18,-66,47,16,-37,-92,15,58,-91,-19,89,-92,8,3,-100,90,69,40,74,-99,53,48,88,-58,76,51,49,-89,-85,-54,-66,84,37,-96,-44,-69,84,61,-91,97,2,85,86,-9,-87,-82,-38,92,77,-55,34,-68,-50,36,90,-71,69,-10,13,-95,-42,11,-85,11,-85,5,-16,66,-92,-83,62,-4,57,-3,94,-34,57,45,68,13,-23,-30,-23,5,5,97,93,17,26,61
-30,10,-8,19,13,10,-72,-68,77,-61,0,-40,-16,-61,71,17,-89,41,16,-19,-37,20,-81,42,-13,-85,83,69,-100,52,8,-7,16,100,95,-33,-52,90,-22,64,-75,20,-28,-37,-88,86,89,-8,29,-36,98,-55,-35,93,-2,7,46,-9,42,48,57,98,62,18,52,-84,-79,-33,45,-65,-14,75,-72,14,-91,-69,-11,-97,-33,55,65,87,-49,-24,-64,45,-65,-20,-61,-98,-85,-96,-87,-47,6,-1,-30,-46,-64,-64,4
-6,22,14,28,-72,52,-82,64,-98,17,78,-46,82,94,-47,86,-43,-79,-81,-90,62,-7,-97,8,-11,49,79,-81,91,-49,-87,18,-52,100,-6,38,16,44,-97,83,96,-68,-51,-47,32,69,70,15,-10,-83,72,28,80,88,2,-51,89,-95,-28,12,19,-76,-38,26,-50,58,1,10,-33,-57,29,-72,-17,41,59,92,89,-46,-89,-90,85,88,-100,9,67,-72,83,-53,92,97,63,-62,-40,45,66,-19,48,52,41,59,61
-27,37,-13,58,20,86,55,91,-91,55,-37,53,84,16,20,33,76,34,69,100,-22,-66,1,-2,66,-57,61,7,-1,-9,-78,-23,55,-71,-39,58,-80,-52,-64,-15,3,26,-20,73,-28,-16,-62,12,63,-68,25,25,42,-41,41,-66,64,-67,-7,19,-59,93,-1,45,92,-84,42,96,78,42,38,-53,-74,8,56,-67,14,-48,20,55,22,-46,10,42,71,41,21,91,81,46,69,-37,-36,-75,-11,-90,-57,72,34,-64,89
-52,29,-33,-76,40,1,14,-88,56,81,41,28,-50,-47,42,93,-54,27,18,36,51,99,-5,-49,-49,44,11,-6,92,18,64,94,-1,66,78,41,66,33,-68,-41,82,-100,-45,54,16,24,25,27,-79,81,-40,-13,-19,65,-38,88,-53,-68,-82,81,53,81,83,30,94,86,-80,86,-42,-3,25,12,18,51,11,89,65,40,40,87,89,5,-91,-75,-77,-40,66,-43,-80,53,-5,81,-5,3,53,38,42,-2,83,-30,-68
56,44,93,9,28,17,-18,-90,99,24,-54,-68,98,-27,-17,54,-44,48,-97,10,92,-65,-61,-67,-9,34,-78,16,-25,69,-72,-20,-34,-86,-59,66,-95,-65,-49,97,49,-20,61,-79,-85,67,-70,0,-57,34,49,96,53,-46,12,62,35,-84,-39,17,-93,54,-80,-43,-9,0,-53,55,-57,53,55,71,-62,-57,65,-44,-44,-81,86,21,-8,0,56,60,88,75,-90,-34,-13,77,-44,88,-76,-58,-3,-83,80,52,100,80,-15
-57,55,-65,8,-26,6,81,22,10,-6,35,-3,-64,-79,81,26,-57,31,-59,36,-72,76,-84,-87,-35,17,35,64,-41,-1,84,-33,-2,99,-32,-72,27,-88,47,38,7,-33,-68,77,-29,12,-19,51,97,39,-77,-17,39,-40,14,-53,12,63,40,-21,94,34,-64,39,67,-47,-69,10,59,2,-71,63,-67,78,87,-31,29,-89,45,-39,-76,-69,-47,57,87,15,-69,71,-29,-99,-14,68,-8,-13,97,75,-11,77,-20,-33,-36
-73,-9,36,64,-91,28,-43,-95,-83,44,54,-50,80,-35,-37,17,62,35,-81,-12,7,82,-29,-18,54,17,-30,43,80,-59,-74,44,-87,39,24,-83,-71,32,-77,-15,99,11,95,26,47,22,76,42,43,91,44,24,7,-23,80,-36,-56,83,10,-88,-86,-35,-69,-96,66,-76,-65,100,70,10,26,-26,-6,-79,-1,61,12,-11,10,31,-51,95,81,-46,-83,-10,-1,-85,85,40,48,84,85,-70,-83,29,-88,97,37,12,3
12,-49,63,-11,-96,84,87,-45,44,-66,62,64,33,-61,27,-53,47,-51,-91,-67,-6,14,-85,-50,-90,58,-79,-63,-18,9,14,5,-30,27,4,-74,-54,-2,-35,56,-34,46,25,39,81,-38,25,95,6,56,-65,-66,72,92,72,-73,-32,51,26,-42,-92,-60,-6,-90,-45,30,-46,-42,-22,-18,-33,95,-60,7,21,59,-46,-52,-87,-27,-98,73,49,13,-54,75,-47,-73,15,30,-35,35,-50,61,55,-95,99,66,65,92,-90
54,-79,43,4,65,56,-82,72,-87,28,-27,-54,-96,19,100,66,-47,59,-90,-7,81,-60,-91,13,-19,-61,-7,-38,20,56,6,8,-69,60,-18,18,67,-95,-52,94,5,-36,-28,9,-12,29,83,23,63,-76,-93,-48,12,97,33,34,-46,53,62,-100,-45,-87,54,-69,-56,52,-22,63,100,-72,18,15,79,39,10,44,6,64,-25,-10,-14,-75,-53,-65,50,-45,61,-46,-74,-9,17,86,23,96,64,18,-22,-65,83,-92,-22
72,-29,36,41,-33,30,-51,-9,31,40,-93,-2,-46,49,40,-57,-100,-56,-23,49,-74,-16,74,38,-68,20,-6,-70,-17,-71,16,-7,-65,97,-40,-57,47,-76,75,-36,68,-40,22,85,82,-100,76,-22,97,-32,69,-33,-75,-6,22,-29,72,52,91,73,27,47,96,56,-68,-32,31,-84,87,1,1,19,-6,0,-18,62,2,37,42,99,85,94,-31,-98,-34,85,-51,86,-95,-65,-11,36,-87,-84,-34,-88,-85,21,28,-77,7
