-6,56,-67,88,-63,-81,-32,-42,90,96,75,52,-7,-86,-31,51,66,25,-80,36,-85,-62,43,-48,76,-54,67,-57,-96,94,-12,-57,48,33,7,-83,-88,-57,67,43,94,-57,67,18,77,94,-31,-50,-82,51,47,-31,-58,-74,55,-22,19,34,81,-64,-15,-23,-23,66,-98,33,21,-91,3,-4,88,61,-21,24,-40,-61,19,-49,80,-28,-78,52,-24,23,47,-87,70,-53,22,-39,38,-69,-94,-38,-10,-98,-4,-96,96,-11,66
48,86,-26,-61,61,95,67,-14,-54,1,49,5,81,-22,-59,-61,9,75,10,-61,31,36,54,-76,98,87,100,-53,66,77,-68,-75,-51,-71,-30,-97,52,-50,65,-86,-20,-58,-56,-23,98,-64,95,52,-49,75,74,97,-50,64,-70,-1,75,10,-67,87,-94,-2,1,-2,2,93,65,-3,42,26,6,-43,-5,-4,-51,17,-66,-21,24,-41,-40,24,88,71,17,-48,-87,-55,71,-12,-18,43,45,92,14,85,1,-55,52,97,-47
51,84,2,-65,-16,-41,4,-2,92,-67,-2,-91,-24,-49,-16,94,-11,-76,-95,28,-36,8,56,15,-53,76,57,91,-95,-84,14,-28,67,-32,48,54,-11,-1,92,98,12,-79,32,-65,8,-6,68,90,-23,-52,-45,92,74,49,-54,-54,-32,48,-17,16,-75,-74,-85,57,-64,92,6,84,-37,-87,-41,90,21,51,56,63,58,-25,10,-88,-67,25,-100,72,-2,10,23,11,99,8,14,64,73,-1,70,33,31,-37,86,41,92
-28,-55,20,-2,-29,71,87,-55,-84,89,30,24,-5,53,-66,94,-76,21,-59,-93,1,62,31,-95,-19,91,-24,86,7,70,7,-38,72,-83,37,-88,-58,23,-43,-57,54,-55,42,39,80,0,-100,-62,-6,-34,61,-91,-48,94,39,14,-97,-2,57,48,-46,10,-28,-53,-79,95,6,-95,39,23,-5,-66,-59,-33,51,-87,13,46,-47,-14,1,62,24,-30,-14,45,-21,-82,-54,99,90,-87,-89,91,65,31,76,-48,25,31,43
59,-72,-71,98,-11,-57,-97,-7,-18,-53,78,18,-10,-96,95,-16,-65,70,42,50,82,88,33,-57,-21,100,25,-30,76,-45,2,38,-81,86,6,49,92,-2,98,-88,-25,86,-51,90,18,-16,-53,-32,86,-17,-32,-33,72,32,100,-95,-49,-56,-32,96,-17,-20,-4,3,-88,-10,30,34,54,-11,74,-87,34,28,-29,30,36,-54,10,-10,-92,73,-58,13,-6,82,-68,2,67,-22,-71,81,-95,64,71,3,16,98,-90,-93,11
70,30,19,-76,-89,-69,-66,61,61,-57,36,65,65,20,46,60,-14,83,-41,-8,50,-76,33,97,-4,86,40,25,-5,-17,-65,49,-96,-19,-11,-59,66,-76,-99,-37,-9,-95,10,-36,47,40,-28,97,76,92,9,7,41,47,17,-59,-97,-32,99,-56,59,-34,-39,44,-26,-52,-13,6,-97,-73,-23,66,-60,-33,-33,78,11,-87,13,72,26,50,-6,-98,-60,68,86,50,-70,73,-50,48,-9,9,21,-61,-37,17,-66,-74,8
-49,-74,-86,-2,25,-9,90,6,57,81,-67,92,43,98,-13,-25,-99,100,70,-93,87,13,-9,30,17,-55,19,33,-41,0,69,-87,38,63,55,75,-14,10,3,-51,25,13,2,-6,99,17,56,-39,44,56,90,-38,-72,-1,-93,52,67,-44,38,19,-24,43,-28,33,3,-65,92,-30,-28,-51,70,-9,74,7,-78,-9,57,6,94,-9,-97,64,-50,84,-84,-59,53,8,-95,62,-3,-31,5,-70,78,-74,-42,78,91,50,-40
53,-91,75,-82,78,-49,-51,-32,-100,-44,97,0,-23,-44,-1,71,-8,73,-77,39,62,60,15,98,43,-92,-36,15,17,91,1,86,35,16,-37,-48,6,-45,-27,-93,-12,92,81,100,-83,-54,-64,-99,98,-18,42,16,5,58,-94,-7,-72,89,0,-65,87,-99,16,94,6,37,-50,-31,-99,34,76,-74,-36,36,-95,82,-17,-72,-63,43,10,-51,41,-53,2,94,47,-88,-91,73,-59,-49,52,-75,-59,34,-7,37,-20,92,-41
67,95,-53,29,79,79,-73,-62,-76,-62,72,-66,-4,-34,63,38,47,-89,69,-55,-99,58,87,-85,-14,99,97,50,33,-55,64,74,-75,25,69,-57,47,-1,95,25,-70,18,27,-99,3,100,-80,42,-11,-27,-30,95,7,-24,31,36,-62,-71,42,-58,-87,41,25,-23,-42,-76,-52,-98,15,73,-28,60,-100,-34,74,29,14,11,78,32,-38,49,26,70,58,-27,85,73,-39,-4,47,21,-74,44,-89,68,-11,-18,47,-27,42
-21,-63,8,46,-34,84,69,1,15,95,-78,-48,-26,-86,-15,-69,35,-55,41,42,13,91,75,-8,45,-12,76,61,82,-72,-24,-57,-43,-46,5,-33,-65,-26,-13,-41,21,-49,9,9,62,-42,-22,49,-38,-10,0,-61,-76,-14,3,-21,36,-47,22,-97,-38,64,72,79,88,-53,55,-37,-51,1,92,-51,-31,-31,36,-88,72,-69,-33,-31,-45,-17,-8,-48,6,53,14,-24,-81,-34,27,-29,30,-82,100,20,95,27,-19,88,74
-20,48,-13,-41,64,-59,-56,49,-29,78,98,98,-2,-26,-5,78,-69,-81,-7,15,-31,61,95,97,-53,-99,10,83,-33,-23,62,-85,-31,-71,-72,53,-80,-97,47,46,69,46,-8,39,99,86,-23,64,5,75,18,48,-58,17,84,-78,-37,-9,41,97,10,-47,-76,100,39,67,49,7,-73,73,-17,95,5,-29,41,50,-74,-15,-28,73,70,-100,-30,1,-98,-18,-87,-13,99,-80,-4,-23,-38,38,74,38,-10,-34,-28,-7,-64
-2,87,-96,11,-35,69,7,61,74,37,74,11,43,12,12,33,-96,94,-1,10,88,-49,-35,-42,-35,-73,-36,86,-72,93,-16,97,-21,60,-45,-4,-83,-95,-58,56,45,78,-15,0,-27,-49,-26,-26,77,13,-18,-43,33,33,-97,5,81,55,91,-74,39,-98,-8,65,-59,14,-48,-55,98,57,59,-83,-3,25,65,16,-18,-32,-53,1,-45,-55,48,3,52,-79,-25,85,-91,-4,50,81,-19,53,37,22,-89,77,15,-44,77
14,-84,-62,-13,44,83,2,75,84,-23,71,-42,-4,100,-52,-74,-83,94,52,79,-89,33,76,-87,66,5,-25,-100,-10,89,-97,-99,55,4,-84,72,17,68,89,58,23,-90,-17,19,-8,-86,-59,15,-1,-98,-27,83,34,-100,-33,-86,48,38,72,82,81,71,43,87,-100,38,-79,74,46,59,33,4,-19,45,-5,85,90,80,51,-80,61,64,-27,61,31,-61,66,-23,-18,-4,82,15,-64,-54,6,69,-99,13,36,-30,-31
66,75,85,8,-16,92,89,85,39,-78,-15,-59,-38,-90,69,-36,68,56,98,-41,5,44,-76,-99,84,22,-63,81,-27,-34,2,40,-71,-29,75,79,62,52,19,20,19,10,4,-99,-27,57,50,-91,-61,8,-59,-35,-36,-98,66,-69,77,90,-18,-96,-89,34,-66,33,17,10,-54,24,75,2,94,53,-10,11,-92,37,-82,-73,89,69,87,-28,-34,44,28,-9,17,-68,13,-11,14,-79,-37,-95,-35,96,1,-47,34,26,-32
-43,-6,1,-64,-52,86,-16,52,-32,78,-15,-95,-92,-21,-100,-21,-52,-92,64,-1,7,-1,-71,-78,44,4,-6,-1,-84,-18,32,21,57,40,-63,-82,-46,34,83,-75,-24,-83,100,-55,-84,74,89,-59,-39,100,-69,-37,-98,23,86,-87,79,-47,-12,5,80,-32,-75,42,-47,30,-79,94,61,-77,-56,60,38,26,-9,68,99,-89,-95,81,96,-85,-2,71,22,3,16,-19,-48,21,10,-91,65,43,-14,-56,24,-96,-34,-59,-33
79,-73,-35,-61,45,25,-31,19,-96,-94,64,13,95,-98,65,-4,86,-94,-9,28,75,17,88,73,-82,-97,23,52,45,-48,-19,58,70,53,28,86,-24,55,-65,-43,-23,-82,-65,-81,35,6,29,39,-50,-87,9,-99,-94,65,12,24,-1,-93,-39,74,-59,99,-18,-87,-91,-45,-14,53,41,38,-62,99,22,22,-6,29,-65,89,4,-81,-56,47,-55,-51,-69,26,95,-7,-12,-27,14,84,84,-58,-67,-82,-43,96,15,-94,93
8,38,-26,-16,-3,-89,35,61,13,49,-36,-44,6,-19,61,-40,-31,-15,-29,82,-72,92,-23,-7,60,-68,71,24,29,-10,-26,12,-1,-62,-31,75,-29,-22,-80,-18,-95,50,-96,96,-5,32,-97,-52,-86,-45,-74,1,-81,90,-38,-94,-11,-73,87,-28,-70,11,52,32,-84,-17,-19,-23,82,44,73,77,12,67,64,-40,54,86,71,25,44,23,51,-44,-70,54,83,36,-65,16,-65,58,96,-25,-14,-92,-17,79,18,-17,-97
49,-23,-49,85,-6,-81,-88,-89,-57,-42,9,-69,85,-54,-17,95,-31,70,32,-98,-50,-73,69,-73,66,89,-65,-49,74,69,-10,6,98,35,88,-55,-22,14,69,69,-27,18,-93,50,26,91,64,-73,-90,50,39,-10,-88,-7,-78,-49,-20,-29,25,11,43,30,79,62,73,72,-28,-16,-71,90,14,-96,16,8,16,-35,-58,-16,78,54,-91,58,41,86,49,58,9,-21,-91,-31,-30,-81,32,-15,76,24,-38,51,19,-19,-30
-49,-57,50,26,-25,15,73,71,-66,19,-54,-80,-69,34,-7,-73,-8,55,15,-49,94,2,-43,5,11,18,74,54,46,91,81,-30,-44,21,-21,-2,-46,17,42,48,44,-69,-19,80,-8,44,-95,-86,-20,80,-96,17,-64,-4,-64,11,80,-95,-66,1,-11,-83,98,-90,-68,-66,73,28,-30,-18,100,-47,43,31,-22,8,63,-45,-79,100,-94,48,-34,-87,-43,29,-13,-30,6,91,46,68,-40,21,-43,23,-50,-12,13,-72,25
-28,-68,-94,-65,-39,16,75,86,-97,-57,60,-63,-59,-54,-73,-86,78,-63,65,-54,97,38,68,17,11,52,22,66,72,82,14,66,82,-69,-82,-55,-59,-1,64,73,37,-40,23,39,-7,-80,14,78,-36,-96,29,-62,74,24,55,-28,-22,74,3,-16,67,14,-70,-34,-44,-73,-51,-15,-100,100,35,74,-40,-90,-67,37,95,-4,-59,-3,-26,97,30,-92,-52,50,57,-92,-8,-94,-84,15,-62,-95,22,-16,-14,31,-12,-66,12
-56,17,8,-9,18,40,16,-80,6,-52,23,4,32,40,-89,99,80,-83,33,-90,91,-46,-95,-9,80,96,60,67,89,-78,-31,-85,-24,63,-97,-100,-49,58,92,72,-49,5,-64,-57,-95,-99,59,-91,63,78,20,2,72,-20,1,8,89,100,-82,64,-62,-91,-48,81,-35,-57,44,43,30,55,-72,-76,92,66,59,-3,85,50,-30,-84,84,-18,-14,99,-31,31,-70,68,67,-63,74,-40,38,-90,24,-73,-2,-82,98,28,49
-50,-26,17,-11,25,-7,71,-52,92,97,13,67,-16,71,-58,-60,-60,54,-58,14,56,-22,91,51,92,30,77,-34,52,-9,30,65,1,-67,37,-91,-92,-52,65,-70,39,73,42,78,73,86,60,-43,-67,-9,11,5,-63,-73,-50,-44,-95,72,-78,55,-76,96,30,61,-22,18,-83,42,-4,-97,-99,37,37,23,20,76,65,-31,39,-36,61,-79,99,70,-20,19,-94,93,-25,42,-7,-33,-93,-8,-15,-99,15,-71,98,-26,49
-1,23,-92,34,-33,-18,48,6,-69,-43,91,-96,54,-97,65,70,-19,-92,-3,72,-62,40,-9,-79,91,-26,-22,-56,-47,35,-100,79,60,91,-35,-60,-43,-40,3,84,-29,31,8,-87,54,35,27,-47,-65,49,-65,72,5,3,-99,97,-89,68,-32,67,88,-45,-92,-76,-11,14,6,45,74,64,67,-18,-85,72,65,43,51,-11,-65,61,10,11,47,-50,-77,-39,-41,-38,-22,53,-41,-9,-88,-62,74,-87,-63,-79,-69,23,61
-27,-5,-100,-73,-10,-71,-59,55,95,41,-65,-75,45,74,36,22,-55,36,-79,52,-24,12,100,15,22,-84,-99,35,35,-53,-8,19,-45,25,-82,-66,-23,38,-56,-85,-68,-4,94,96,-90,35,34,-50,87,-5,-2,-21,52,-12,21,12,33,2,67,65,-34,-26,-76,-68,12,-74,-75,-4,44,74,63,32,-68,-84,81,67,61,56,-85,-88,41,78,43,20,29,-91,-11,-99,73,-74,19,-29,-29,76,-57,-98,31,88,73,95,97
-44,98,-63,-6,26,-9,-64,-91,-12,8,-78,15,97,75,77,95,20,-85,-4,15,-40,7,92,-57,-86,52,-26,52,58,-8,-51,47,-61,-95,-83,42,-24,-26,-43,10,-91,66,78,3,0,-9,-5,-33,-12,-60,61,-45,4,61,-36,-32,96,72,-87,-80,-26,16,91,47,79,-40,-45,56,-9,-11,-87,23,-66,53,66,-98,2,-24,28,-70,64,-69,-73,-40,87,97,-67,-35,0,93,-75,29,-42,-31,-72,33,24,0,-90,-54,85
70,29,-7,25,-53,-84,-80,96,65,98,-24,-20,9,58,-43,-94,55,-26,-19,52,61,74,30,52,45,-41,-52,-44,-78,5,72,-3,53,-33,92,56,-73,74,-12,11,-70,-44,-79,34,88,49,87,93,-85,54,22,-99,9,97,86,37,-89,2,57,-64,51,33,83,26,57,5,-49,98,-48,-92,86,32,84,-65,64,52,-80,17,44,47,-19,-57,42,40,59,82,-60,30,80,-94,5,10,5,-5,19,3,59,36,-43,30,-87
-100,-93,66,-56,31,-4,97,-96,-68,69,-62,43,61,49,-39,19,89,-12,71,32,17,43,-8,57,-2,75,75,21,-28,29,89,-56,-91,-51,21,-12,43,28,9,33,-61,-34,60,-54,84,-55,-53,-24,11,51,47,39,-90,6,15,35,-80,-22,-33,40,37,-81,62,83,-36,-71,-64,-18,-57,29,6,53,83,-73,-78,74,-95,51,-66,-70,22,-98,65,87,-79,-66,-16,0,32,-74,-34,17,-83,-19,29,-11,19,36,-86,42,-14
77,-44,17,-2,-49,-60,55,-96,10,97,32,5,-41,-71,-40,-60,-13,-84,-27,33,70,-56,30,-48,23,-26,-23,44,8,11,-70,28,-14,-79,-30,68,-53,-83,-22,-12,8,11,51,63,14,89,-37,70,91,71,46,-94,-67,-48,68,-86,-98,64,86,64,-30,9,-42,96,5,-24,-97,17,-82,38,-60,29,40,-79,23,-34,85,95,-4,-66,-61,-57,-14,30,-99,-9,9,70,67,-23,92,-4,80,31,-78,74,-30,95,-29,-45,-7
76,-75,53,5,19,14,17,-66,53,-19,82,50,-53,79,45,-72,-24,-34,15,98,33,87,33,51,-40,39,0,88,-27,87,20,-46,87,-47,-52,-89,-38,-82,16,-36,87,16,-81,-25,-37,-74,-1,4,70,65,81,79,-46,80,88,76,91,-24,-51,-89,14,-29,69,-48,-78,67,97,-26,-63,-83,-38,-70,-91,-73,-6,-21,39,99,98,45,-74,30,-14,91,61,89,-94,-80,-46,-40,61,75,65,-36,-24,56,0,-81,17,-48,44
92,83,65,-54,81,-90,9,43,31,31,-76,49,-25,34,-24,0,-67,58,-30,19,40,11,42,-93,0,71,41,-13,80,-49,-15,-100,39,84,-95,-86,43,15,-4,2,50,-12,89,-27,-16,-15,62,40,-19,49,-63,96,-5,20,79,71,-90,9,23,18,-59,85,-83,-25,-25,-18,-20,52,-91,51,26,52,-69,79,-99,-56,-7,76,-32,41,-84,-30,36,33,15,-57,10,25,-61,-56,61,80,14,95,75,97,-70,-87,-100,85,-2
28,-86,45,-9,-5,44,-51,20,20,-18,-91,8,6,34,-20,-67,-43,-44,69,-87,-4,-46,-7,-42,-39,-15,39,7,-57,95,-23,-40,18,-49,-88,72,98,84,15,39,47,-47,55,33,20,-65,58,2,32,-73,-98,-68,67,-35,-13,34,59,-81,-98,94,-92,58,-6,-79,18,-79,-34,-67,-82,23,13,15,-10,12,-22,63,-50,-47,-64,98,-63,-47,-18,27,8,71,-14,15,4,-70,48,-52,-82,-21,-13,-87,39,-71,29,-91,97
-42,-25,-18,15,-69,-2,-70,69,-92,34,52,-78,72,20,-58,22,-86,-85,-89,-43,-64,75,-58,-13,-63,-91,70,-38,26,35,33,-87,20,-37,-63,73,61,94,52,77,21,93,65,38,-69,-21,-36,-10,62,-41,-9,-51,-99,22,45,-49,79,7,54,-14,40,56,74,-28,-3,-1,-28,15,91,18,-86,0,-31,-36,-52,77,-39,-88,27,66,60,99,-94,63,54,-86,-92,39,82,-1,-60,35,-82,-39,-70,7,75,-73,46,29,-79
-13,50,-42,25,-41,-21,46,-60,65,-51,29,49,82,6,84,58,-86,29,39,66,-11,79,73,56,64,72,10,7,91,-37,-62,20,-47,-32,74,-4,45,-41,-5,-55,3,37,-64,67,88,5,94,-90,-20,20,86,-60,78,53,-43,57,17,21,-88,-1,90,31,-5,-31,7,11,-83,-70,-26,79,64,-22,-58,-21,38,-80,-61,5,31,42,67,82,-2,1,-28,-28,-69,72,-83,94,4,60,58,13,-38,81,64,32,-95,17,75
-72,20,-55,13,-42,67,34,-9,93,44,-63,-95,-40,-23,49,-46,33,68,-20,29,86,-99,-35,-100,-72,85,-76,86,-27,40,-46,94,-79,63,55,-7,88,4,88,8,-100,-91,99,9,-53,-6,-24,64,69,-29,27,27,-21,-28,65,-9,8,-38,56,-88,-15,-84,85,-49,-90,86,-40,43,-36,-18,82,83,-12,8,46,-92,36,-35,-78,-88,-5,-38,61,-62,-91,-74,-36,86,-32,-85,-26,37,-9,-58,-33,3,6,-83,-9,0,38
-39,57,-25,97,5,85,-14,-65,-52,-61,-72,9,-69,63,3,-5,88,-75,85,-44,-51,-52,-57,90,21,37,99,-56,-83,-3,-30,43,74,-59,62,-56,11,-35,-74,47,18,32,-30,39,81,-35,56,-95,-80,-34,97,70,18,-18,-98,-36,-46,51,58,100,3,-37,-17,84,86,-83,-82,-17,-4,32,91,-37,25,-76,50,-93,-43,58,-70,-29,53,89,-84,-60,40,-74,-84,-48,-95,-39,93,57,-64,-25,2,-42,-21,-31,-11,61,52
-67,-34,2,-4,-99,-43,-56,-98,-92,-53,95,-44,49,32,-35,67,-42,-62,-80,-53,12,6,-19,14,-70,-83,82,31,-91,77,55,-5,-52,-95,-84,95,29,-21,85,51,30,-35,-32,81,21,7,9,10,100,91,-22,65,-68,-60,61,-85,80,14,54,-33,-44,10,-61,-24,-95,-89,55,-10,-51,0,-29,-9,87,78,-61,25,-57,-39,-15,52,-39,43,-47,-30,-6,69,-91,-24,-6,57,65,-75,90,24,-10,-31,43,-7,-54,-95,57
-76,65,-39,38,-100,-50,-50,-26,39,-38,24,-76,63,-69,-44,10,-14,41,83,8,85,-88,-1,-99,99,90,67,9,14,53,56,97,-3,27,13,6,-99,-78,59,-50,69,51,20,-56,72,52,53,30,98,21,-67,39,-98,15,83,-10,53,-3,18,93,14,-44,5,63,-84,62,23,-13,-88,100,82,-86,-2,-72,-91,40,30,10,-64,-43,-3,-24,77,-41,92,-63,87,61,40,-88,18,-51,-60,91,-54,48,-26,-4,-93,19,47
-51,62,-21,-73,-17,87,-7,25,-8,69,37,-60,19,4,-1,62,-7,49,14,-29,69,38,93,-9,13,-84,72,-46,-18,78,95,60,-30,-61,-30,10,-2,0,34,-86,-22,88,76,41,32,72,-49,46,-35,-59,64,-79,74,26,13,59,1,12,31,88,-39,47,13,-53,25,-13,77,86,-80,-51,-17,13,-34,-53,-36,10,78,75,-14,59,-4,84,-59,80,23,98,-4,-87,-48,61,14,-82,6,-31,-55,52,90,-70,-83,-46,19
-79,3,30,-63,91,24,-7,-1,31,65,7,-12,-34,45,16,74,2,35,-39,-62,-49,-96,72,-81,34,15,-98,45,-65,77,47,-66,75,34,33,34,65,24,21,-10,97,-42,71,-26,34,-5,31,71,99,64,13,58,63,-77,45,19,-48,-3,-100,-48,82,-24,-17,-79,45,-78,-35,96,66,-48,-76,18,14,-43,-78,76,-55,-3,-56,21,-53,10,48,3,99,-32,41,-83,21,-76,20,77,66,-2,68,45,-29,62,-82,5,-34
72,92,-60,82,86,-24,-53,42,95,-49,1,15,98,-49,10,6,-47,34,84,12,67,-46,88,-36,26,-3,83,-74,21,7,-53,20,-48,-66,99,32,48,49,-43,-54,-56,-75,-40,29,84,-74,86,-47,46,38,4,-74,-73,-97,3,94,1,60,95,21,-19,16,-59,30,-89,-83,73,-65,31,-40,-20,-42,-29,-22,-6,-92,60,30,-5,14,27,-47,87,-42,-78,-45,-46,94,-85,91,-25,-55,51,-3,-28,-16,-2,-9,74,10,-84
-98,64,18,-95,88,71,-45,-98,52,-51,60,-82,7,42,19,43,53,-5,84,-32,56,4,25,-38,-38,-51,62,-66,-12,59,98,30,-58,76,11,-87,67,-51,-18,29,60,-60,12,-26,-49,51,-9,-70,-7,9,-52,10,-64,-22,-7,43,-40,7,80,80,-8,-98,33,70,59,56,-82,-66,60,6,-72,-62,18,38,60,-40,-97,-23,37,-58,8,-95,62,-35,96,-43,-7,33,65,-37,-57,-40,-87,68,-97,15,-68,-15,89,-42,-7
98,77,-100,-62,62,-35,7,-97,-70,-82,-18,-56,-88,-78,-70,73,8,64,-36,92,97,44,-64,51,21,-27,-42,-71,18,-70,-27,-33,-93,-87,-60,73,-33,-93,-90,-32,-53,-84,82,57,26,-80,-73,88,7,79,-20,-6,-97,15,-26,-45,21,20,44,-50,18,-30,86,-87,-4,27,34,-48,81,18,-31,19,14,-40,41,-88,72,66,-18,-90,-10,-76,-32,-90,-37,-11,11,-13,-12,76,100,-39,0,25,87,19,23,92,4,-9,-37
63,97,4,88,-20,-64,50,63,84,47,-57,-70,-91,-21,-6,85,31,-64,-9,-78,57,-88,-51,-80,-12,5,5,69,-97,96,-69,69,16,-10,98,-76,39,79,39,77,59,65,8,58,-73,70,-10,-79,41,-84,-80,-17,69,46,17,-34,-97,-50,93,-94,48,-5,9,-83,-35,32,98,-5,70,-1,71,-99,-90,28,6,-12,-53,71,5,-30,-36,-45,-28,-34,-70,-25,92,-24,-55,-46,28,-60,44,-57,5,34,-3,-10,79,3,91
-11,-13,4,-83,49,-69,-30,-21,-17,21,-1,-16,36,-79,-3,-66,59,-91,-29,96,10,6,-43,-85,77,-1,-25,14,93,13,-8,28,81,98,100,-58,-13,-40,10,11,-31,-62,40,13,-60,-98,37,-95,6,-72,57,18,63,-10,67,-99,15,-42,-64,-98,-48,-56,24,44,54,64,-26,100,0,69,-20,75,71,3,-11,-42,-65,51,-4,41,-90,80,-95,-98,-21,-2,-27,-74,54,15,23,52,85,42,79,-50,27,7,73,-71,40
94,70,21,-57,72,70,68,-4,67,-56,-22,-86,71,45,-15,19,7,-14,-66,44,-97,70,88,44,92,7,-82,-56,-21,-69,-60,38,32,71,-51,-48,-28,59,-94,92,68,-90,-22,93,26,-67,-46,-80,97,33,4,-96,-87,50,-75,29,22,97,79,77,-68,92,-31,87,-36,-82,52,-8,64,55,72,-88,56,9,61,66,64,25,-43,71,-53,54,-72,-13,85,50,-12,57,23,-17,54,-46,69,67,-60,-16,-2,55,86,-41,-99
-90,70,41,20,37,76,89,-51,-54,-42,-31,44,33,-77,55,-62,8,-40,9,-53,3,40,23,-74,61,68,54,-33,-70,-20,-34,-5,-37,-47,34,-92,-13,44,-10,-71,-32,75,96,-91,90,93,34,-26,-77,-86,-85,-64,55,-41,-90,77,-90,-76,-16,-94,-82,-32,-21,17,-75,-60,15,28,-2,53,-27,20,-5,28,69,64,-42,-56,42,29,1,-80,58,10,-56,-42,29,-86,-2,56,-40,-81,32,-28,-16,-46,4,-31,71,22,55
44,-35,-10,35,42,61,-44,-91,-60,-13,11,33,-57,-41,94,-5,-9,12,-94,5,82,29,84,0,-75,29,63,-20,83,33,-79,89,15,-62,-88,-65,-42,-30,95,-4,-2,-61,-10,85,-57,36,-8,-55,-93,-5,96,-80,87,69,21,11,1,86,1,-18,81,18,-63,-85,12,-88,-70,95,97,56,51,-80,-14,88,54,-41,24,-45,-48,2,-31,56,-19,11,65,45,-90,76,-30,-38,55,-69,88,93,22,-7,82,100,-70,-41,-53
-35,-24,-17,-90,22,-17,-28,39,31,57,7,54,39,57,36,-59,-73,88,-86,31,50,22,-11,-80,-16,61,95,78,23,-61,46,-50,-64,22,-60,-86,-9,-22,31,47,-76,86,61,19,81,87,-59,-93,-24,-76,37,-82,19,-38,70,-56,-15,22,60,-44,44,-55,15,-79,-16,-86,-73,-16,-64,70,44,-20,-51,48,-89,84,-70,-26,-47,69,-54,-40,-7,93,-87,36,74,-48,69,58,-94,-26,59,-83,-97,-30,-10,-90,-94,12,-63
26,-54,47,-89,42,23,4,53,23,-48,-40,-52,-32,2,35,50,-98,30,-71,46,52,36,-26,52,97,-36,6,16,21,-29,-98,99,-58,7,-18,-24,-28,0,-71,-50,-12,13,-72,63,-2,41,-82,56,-24,35,-50,79,-1,-34,-53,94,-17,-19,-57,-45,27,-91,-52,34,-67,-76,32,91,-96,15,-80,-72,84,92,33,-51,69,38,55,75,60,-93,-3,17,-10,10,9,63,-18,100,-5,21,-71,43,-3,-95,-8,30,0,-93,-17
-65,-51,58,19,9,94,66,-40,43,53,48,-46,54,-19,-64,-26,72,12,-38,22,-67,61,44,70,78,91,33,3,43,93,81,3,-2,-78,-56,38,7,-70,4,-39,80,-48,-13,-57,-6,33,-13,-26,28,14,-71,40,-1,75,84,-54,-82,2,25,34,-9,13,56,73,-39,-19,5,-95,-84,-62,88,69,-98,5,-9,-2,-15,-7,-43,92,18,55,46,70,63,56,28,-78,32,-80,-94,-100,98,-30,-38,-79,18,-100,-80,-49,25
71,-91,-3,6,63,75,-54,-62,-97,85,-51,77,5,-77,8,86,-4,60,-69,-57,-25,-19,56,-17,-71,46,-19,-46,-4,-80,-28,-50,-92,32,-60,52,97,-51,-75,55,91,76,-67,-22,-18,-49,12,78,87,1,-69,35,54,-17,-96,-74,-79,-19,54,-89,40,41,28,-29,-36,-77,79,-88,-68,-67,61,-58,5,-51,20,-50,70,1,-85,54,-61,72,-58,-31,26,20,-9,-43,95,-31,-5,18,44,64,94,-43,-48,46,-73,49,-34
-82,-94,-75,-86,-88,-90,9,3,-43,76,-1,25,-89,28,16,38,-60,-4,66,9,37,18,-20,-56,-68,-50,7,-70,37,-5,-19,28,7,93,7,-60,-5,33,-86,-30,-49,-2,-36,-24,50,-8,4,-32,-47,-73,20,-75,-39,23,-66,3,-29,-88,-39,-63,-42,26,-38,-64,-10,-40,-83,34,100,22,72,84,3,30,-20,32,-97,8,-98,-62,-42,21,11,-54,27,17,87,-100,50,-23,-55,-7,-66,-11,-40,1,-64,20,-26,86,14
74,66,65,5,19,50,-28,-22,-11,-93,-47,76,28,-73,-10,-56,53,-44,82,-30,-54,-32,63,-94,60,33,-10,-71,-88,97,-94,64,-4,-44,58,-72,-62,-77,-1,43,-81,62,93,77,43,55,49,52,-71,-9,78,37,-21,-9,17,62,57,54,-63,68,90,64,33,83,-26,-41,-26,-3,56,-28,36,-20,-62,-98,-12,30,10,-69,-13,-37,-84,-1,95,24,-92,84,67,27,59,-23,-42,91,69,-4,-40,18,94,-11,-89,-9,86
-72,86,-22,52,17,-52,29,-58,70,-48,-34,51,-63,-10,100,54,98,20,-86,23,-51,-71,-65,-78,-63,61,8,-23,7,-41,-19,5,29,70,-19,-25,75,-43,45,-65,49,50,-98,-69,80,-53,-20,-93,24,-31,-76,39,51,-27,-36,13,-87,4,-32,-1,13,37,-67,14,84,22,-84,-27,84,20,37,-15,36,8,40,42,26,68,71,-83,21,-92,25,99,-56,48,-82,-18,-25,38,-42,-30,99,-90,-21,-95,93,-88,-65,60,10
54,-3,-5,38,79,73,86,51,80,93,-45,48,10,-39,-68,35,16,97,66,69,-81,56,-25,20,-6,-69,-96,74,48,69,25,-50,45,0,33,85,33,-26,-55,-6,-90,31,-64,52,-50,-88,-76,70,-46,10,50,19,3,-13,82,-48,-5,-50,-8,-67,-50,92,87,89,23,-80,-46,-6,18,47,-99,-50,84,-33,42,-94,9,-49,-68,-33,-32,94,-39,53,-82,48,-55,-26,69,-73,54,-19,39,-15,-98,-41,-58,-48,-73,-12,-4
-53,94,-74,-80,7,88,35,-49,-2,-70,-93,-29,-86,52,62,49,-73,-55,-36,36,-71,1,37,75,-44,96,68,-59,2,67,-72,56,85,18,41,-22,9,-95,93,-20,89,-80,22,-95,9,-83,97,-81,26,-59,71,-33,-97,-84,-85,78,93,99,-71,76,-10,-62,-52,41,-49,-59,10,-80,-74,96,-93,-70,-80,-56,1,21,-36,35,-16,10,-61,85,-64,-1,56,16,70,30,-93,-64,89,-28,-12,-66,12,5,32,-78,-20,8,25
35,34,91,23,-84,57,17,86,-80,16,-3,-100,34,61,46,53,-63,-24,-42,-12,93,-96,2,61,-30,70,90,8,-34,-30,17,42,83,-31,-20,28,84,87,97,25,45,-23,34,-35,0,-46,47,-11,66,-25,61,96,-98,50,34,66,100,62,-14,16,-18,-53,30,-42,91,-2,-29,46,64,57,100,76,67,-9,-67,53,-86,46,41,-62,97,59,43,-32,-34,-66,4,-74,-54,-37,59,97,60,-70,-74,96,-64,77,-8,-77,-73
14,21,56,4,97,-24,23,-47,-31,23,-78,73,45,-64,-76,-1,46,-62,29,44,-17,35,-27,38,-85,88,33,16,-53,33,44,60,-92,28,-35,70,-73,-90,-64,44,-62,-95,37,-72,83,-24,47,-5,32,66,-51,76,25,-31,67,12,-43,-29,-58,96,-27,-33,-24,-60,-68,-5,72,37,43,-67,-28,-26,-99,-71,-60,90,79,-67,73,44,90,20,-43,90,88,27,-43,-82,-47,59,-60,-17,8,-84,27,-8,-39,-20,-1,94,-27
-47,-4,23,15,37,-85,-46,-63,-48,-70,-30,-100,-77,17,-100,-38,98,-12,69,31,-88,-54,98,53,21,69,35,92,25,-49,-94,-57,22,-71,93,-73,-49,-64,-89,-61,53,38,-36,22,46,-86,-100,-40,38,46,69,19,-62,-74,60,-58,21,-18,-28,19,3,-24,-96,26,17,44,40,79,50,95,74,51,-23,-96,59,1,-69,-75,44,82,-87,37,-86,-74,56,19,49,-19,23,-83,-35,94,-87,-53,1,-57,-84,-52,97,55,74
88,20,-13,48,-91,-44,76,44,41,56,-94,-98,88,92,30,-78,23,-16,96,53,75,54,-38,100,-68,92,-33,97,6,-96,41,-55,-18,39,9,85,48,-7,-90,14,-44,-70,23,10,-16,-39,-88,8,10,-12,-95,-100,-64,-10,-14,-68,29,55,-87,-85,-76,-69,100,-66,8,-25,64,43,-89,-79,-75,-3,-67,-37,-44,-87,-63,7,-38,30,79,-16,31,-93,-80,41,-35,-75,9,83,-86,55,-44,-6,21,13,-74,89,-10,-52,90
84,46,86,-98,41,49,6,-62,-55,-10,70,79,-78,-2,-73,-69,-30,80,30,-57,51,94,-91,50,-51,-71,-26,-32,-6,-78,58,20,97,67,-57,-55,60,-58,-51,64,-15,2,-99,-16,89,-87,-35,59,-55,-78,28,89,79,0,-84,-55,-81,54,-82,-56,11,-47,38,44,-79,5,-63,-71,-97,-4,-83,-21,40,-13,-50,17,92,74,63,70,-34,-26,-23,91,80,-85,-98,48,53,72,16,98,-19,-19,-77,5,82,-70,6,-6,49
-28,16,-35,97,76,56,-35,-12,-95,-79,55,-16,-36,-95,18,50,-6,89,-37,91,78,1,77,3,89,46,-84,-21,-44,-45,30,2,70,-8,-47,-29,-72,-96,-82,45,-83,72,27,42,28,-35,18,-86,-100,68,-28,-55,-71,31,-23,34,95,-49,43,38,-45,-54,76,-34,-24,98,-38,27,-83,-53,-25,-38,42,-76,-10,-83,76,96,-10,-60,-79,15,-63,19,-52,-56,-22,68,14,20,35,-6,-1,87,94,-47,33,-50,-31,65,-49
-8,-11,51,88,-19,60,8,-96,7,6,69,71,-21,46,8,71,78,-94,99,94,-72,-13,14,64,-31,57,-63,-55,-51,1,97,-18,10,51,11,97,74,73,-40,47,51,63,-5,89,-98,-19,-38,88,22,-87,-48,72,98,63,62,-43,75,19,12,30,87,-14,-16,-98,-71,-55,31,9,87,-57,-82,21,81,-58,43,85,18,-25,-64,26,-14,64,-24,-22,-37,12,73,-4,-56,17,-7,39,-50,-30,22,57,12,37,80,-12,-73
16,66,-20,46,94,-45,36,-12,15,59,81,-85,-71,68,-6,-35,-75,55,21,-32,-16,-73,6,19,-81,50,-60,11,32,79,86,40,85,-11,-16,14,-30,-3,-44,-1,-27,-50,78,-98,36,-3,76,-21,-93,-40,23,-78,-26,18,-90,-70,32,54,-66,-96,-43,-7,-14,21,14,-94,-75,47,-49,14,-27,-34,-72,-86,84,-85,-85,-1,21,-45,-10,-50,7,-69,27,2,-75,95,98,52,-4,-36,58,72,-100,-99,-89,70,67,43,-80
-31,50,47,45,-25,45,-56,12,-56,45,76,94,-86,-47,43,12,69,-17,100,12,-90,-72,21,47,-81,14,-95,96,70,-21,83,49,-77,-27,70,33,62,-20,-80,-20,-71,94,1,5,68,-91,8,-63,-44,-38,70,83,-37,69,-16,-98,-37,10,-54,-22,-74,-37,46,-39,44,-35,74,-94,-33,76,-49,85,-6,3,-74,74,-49,60,88,-63,-8,88,95,85,32,57,39,-55,39,40,44,-25,-62,-76,26,37,96,13,-24,32,1
-67,77,-15,68,-33,34,70,56,84,84,-31,66,-81,65,53,-15,-8,15,13,-20,-32,26,66,47,5,-50,-13,19,-22,15,75,-5,58,1,-8,58,44,-43,51,8,-34,11,85,10,89,-32,-55,53,-58,-29,50,18,99,26,-41,-56,24,-19,15,-53,-43,42,50,-65,100,-29,-87,-54,-45,-70,18,-39,15,24,-26,-22,-46,-71,5,-15,-18,-80,4,-52,-50,-46,-29,-24,-18,-79,84,55,-65,-42,-80,-51,29,98,76,-99,-76
19,-76,56,83,-28,-75,-5,-70,-33,21,40,58,81,1,-21,70,-79,3,50,-76,-35,-14,24,94,62,-3,75,-99,-41,61,-22,-36,12,-45,3,-23,61,-51,-14,-35,-62,13,13,35,-25,-65,41,95,-36,20,-91,-52,-34,71,-66,-39,52,97,-6,9,58,-66,-17,86,-14,72,42,42,1,24,64,-3,-61,83,24,38,-6,-41,-94,37,25,-90,61,-74,64,56,8,51,-30,-86,-50,-71,74,-25,50,49,81,8,-77,79,-38
-98,-25,-91,45,72,-41,74,78,92,91,61,-38,85,-19,-96,78,51,-35,72,-87,-75,70,-58,-99,-33,-71,-19,79,12,61,86,30,12,-37,40,-80,38,-96,0,-4,94,-52,92,-48,64,56,30,-40,-52,51,-26,31,-2,-99,22,-72,-60,-32,-70,-98,36,79,84,9,98,-62,42,-38,43,65,61,-12,-48,85,15,-11,40,60,77,43,58,10,-14,-89,88,-76,-72,29,-77,76,87,-74,1,1,-2,-32,-7,-34,-36,76,80
60,70,18,-25,71,-15,-44,64,54,-25,71,34,47,-20,52,-55,72,-32,29,80,5,15,-73,38,5,42,-66,-6,-69,-12,51,-48,-60,-54,74,3,-39,-47,23,-38,-84,-53,-22,-50,-61,92,47,18,40,79,64,94,-17,62,87,13,43,-89,-73,7,-37,-7,40,-66,31,-21,-73,71,60,-35,29,84,38,16,98,-68,49,-22,25,-70,73,9,-9,75,-57,86,31,95,12,-99,65,-40,31,-19,-83,15,100,32,-58,75,-6
57,18,79,-36,-3,-39,40,19,-12,-43,-17,-63,-68,14,39,67,-57,-35,16,-64,-99,69,90,42,56,0,-13,-14,-21,-51,64,-10,-56,28,-40,-34,-49,-29,-68,-36,61,-48,52,-17,83,-59,-73,27,15,70,-4,-75,51,25,-6,-11,-13,9,69,30,-97,90,36,-32,-16,-72,95,91,37,87,40,25,7,-42,100,77,56,15,83,-20,14,-6,24,39,30,82,-56,17,-54,-95,60,-89,-92,-43,-29,-16,11,30,-7,76,-91
-87,-71,-25,-72,-50,-15,29,4,41,33,11,88,-78,-28,35,-96,-39,82,-3,23,-21,-32,41,-86,-16,-13,86,50,-5,67,81,56,50,-92,-81,-20,7,-62,-48,19,92,-52,83,38,-88,-29,-24,65,57,-85,89,24,-16,98,-12,39,69,88,-31,1,26,-86,56,56,29,-14,-1,79,22,49,6,-28,-59,-47,-92,15,22,72,-26,67,-70,-63,-39,11,25,-18,29,85,98,-26,-48,15,89,81,40,31,25,82,-72,-40,59
25,-11,79,-19,96,-74,-41,-80,-37,26,-9,60,40,-4,-3,-9,-66,85,-82,2,2,47,-63,-88,-46,62,84,77,-76,-69,82,-32,-19,-89,52,30,-39,72,22,35,-8,-22,-45,-31,42,-40,-8,-3,81,70,89,56,98,-71,0,72,11,28,35,-9,-16,74,94,-71,-61,86,-88,-18,-14,87,-34,-65,10,-63,73,-92,-37,-17,66,77,64,-18,-53,-24,32,58,1,82,43,33,67,-28,98,20,22,15,-55,-100,-84,-53,15
-77,42,-72,61,31,20,19,33,56,90,27,-63,-48,21,-31,44,-9,-28,-9,33,84,16,-52,-91,68,71,4,77,-40,72,-80,83,-99,-100,97,-19,-66,-83,72,-46,-53,36,-32,-34,-43,-99,-46,-18,-58,-28,4,-81,84,96,-82,86,-15,97,-50,22,-60,-41,13,-1,70,15,25,28,82,25,24,73,86,-53,8,-62,-11,95,-61,-35,-86,88,0,-30,-27,-34,26,-18,59,-6,-75,-76,-3,-78,-51,46,77,-92,-79,7,29
35,94,79,20,-39,94,-73,10,51,-9,50,37,1,64,9,-26,47,85,-84,56,31,-76,-51,-88,-86,47,-64,-22,-40,77,31,-24,-24,36,22,100,51,79,-82,56,6,80,71,29,-6,28,-20,54,-30,-43,0,64,61,-10,-70,2,-57,99,25,59,59,14,-56,-28,-96,-61,-62,95,-12,-83,39,-34,26,44,100,-2,68,-87,29,-62,50,86,-84,-95,-95,20,31,-75,-61,67,86,64,-95,82,-82,-53,88,-17,63,46,-4
-78,-79,-19,37,58,40,-49,-13,-47,34,-35,99,-88,-64,59,-39,5,42,-37,88,-6,0,-86,64,57,-81,-44,69,-47,-61,-1,43,85,21,60,56,-70,-68,85,-14,6,-94,-41,18,-56,2,-67,100,97,-91,-100,-40,4,-86,57,-20,24,32,-81,20,11,-61,70,-88,77,39,-83,-28,-36,48,54,-85,-44,92,61,88,-84,4,-65,-43,-84,79,-63,16,43,-64,-57,-61,-19,90,-21,74,-73,48,-34,71,-76,-49,-36,31,-72
40,37,76,-22,-51,-15,59,41,-66,-53,96,9,17,78,91,78,42,84,-48,34,64,-50,-9,-40,-10,27,63,-30,-1,-95,-11,27,-74,56,72,48,6,-76,73,-73,39,39,-11,79,-50,15,44,14,-64,-32,26,36,-78,-75,-37,-3,-15,99,-81,47,-76,97,-16,-21,-4,-15,-79,29,-55,30,97,-66,77,63,-65,98,-96,49,-10,16,-88,-82,95,67,7,-26,93,-17,94,-70,-12,87,45,4,21,-25,20,62,-19,38,-49
73,-42,-9,11,57,55,-29,-83,-53,94,17,19,-46,-81,88,60,-98,-10,96,-88,54,34,65,36,31,-91,-92,-14,-7,-30,-65,24,-40,-68,-60,9,61,-81,49,-78,45,66,51,4,-80,20,-13,23,-15,86,53,-19,40,-64,40,-58,-90,8,43,69,-25,-29,-12,-51,9,-36,23,23,-2,-26,26,-14,3,-39,-49,42,98,14,57,-50,-91,-29,-95,-14,-60,-93,-20,42,93,14,49,-38,53,-54,1,73,-97,58,29,65,-66
27,-83,34,46,60,-45,74,-83,29,83,34,-40,-4,-30,-62,60,-47,-61,-26,51,-13,-100,100,68,-89,-30,-66,-23,19,-30,-72,-80,13,-26,-28,-64,-50,-31,7,67,-69,-74,-14,-17,78,91,-27,19,-34,-38,-18,70,32,-35,-45,-30,3,37,27,63,58,71,-80,91,6,70,66,50,21,-56,88,31,57,-41,-34,-16,-83,20,-70,17,53,-3,59,-89,-32,73,-84,-1,-67,-84,64,-61,100,-60,49,98,-93,-9,46,-76,-16
13,-28,-16,2,-41,-9,49,-21,-73,-24,34,34,-35,96,56,30,-15,56,32,35,-18,28,-20,-51,79,53,-19,13,-77,71,-47,53,79,-69,-18,52,25,-89,-38,11,12,-64,79,-43,16,66,-85,-90,-88,72,-79,-59,26,-76,5,24,-43,-11,57,-64,60,2,-43,-40,77,-97,56,19,-89,50,35,1,76,-7,33,77,-26,28,-22,98,-27,64,-20,27,-14,48,-60,90,38,-22,-24,-31,-13,-55,76,-17,100,64,51,-48,-94
15,94,78,25,-99,-67,79,-13,-2,73,37,-95,-74,26,78,66,24,-90,-8,19,41,53,86,48,-57,-12,-2,80,-77,-30,31,32,-65,-62,-95,55,98,-67,-90,-51,96,98,-46,-10,-68,44,-99,-17,-29,-60,32,-23,-37,96,-63,55,69,74,-36,-21,100,15,9,32,-83,71,-52,-72,-64,-47,-23,-13,-19,21,-86,-9,-84,12,-74,61,-53,18,-27,72,-62,-19,66,41,92,15,54,-57,8,4,68,54,56,40,-46,60,-66
22,22,21,43,54,-32,-96,79,97,-1,98,16,-19,100,-21,-54,56,-50,-59,-89,-50,-38,-40,-56,-89,48,31,-59,-61,6,79,77,-82,16,61,-20,-87,-41,-99,-96,99,71,49,-14,65,75,37,-89,78,-86,-63,-64,33,74,85,-94,22,74,-7,78,-72,-42,22,-18,-3,-96,3,-94,-74,83,38,-27,-67,-4,3,-20,52,74,24,-49,13,2,23,31,68,-90,16,46,77,-56,-78,-61,52,-87,28,47,10,-64,6,93,-69
-11,86,-11,74,33,37,-3,-61,87,-6,63,43,-92,-57,9,78,27,-31,97,-26,-60,-18,-89,-20,15,52,-10,-35,90,54,87,59,64,-16,6,58,-15,-88,-45,23,10,-100,-57,20,-6,45,53,33,-22,40,66,82,25,-24,9,1,-16,-8,7,34,-48,96,-51,76,-16,78,-17,-53,-67,-52,22,-59,71,93,68,14,-58,-34,-54,-61,-38,26,91,64,-69,27,-23,-61,-77,84,-76,21,80,-98,0,76,41,-39,-17,66,4
40,57,41,32,-70,19,18,-47,89,89,-87,-43,-35,-20,-87,-82,86,55,-85,-67,78,-93,23,-29,55,87,-69,75,-89,8,-34,-11,38,94,-8,1,-49,-76,-26,-79,-94,-8,-37,-10,18,26,-90,6,-56,8,12,-38,53,-89,-35,79,93,82,-5,88,67,-85,52,44,-50,-39,95,-20,91,28,-88,31,-51,-44,-41,-19,-29,-45,4,10,88,-78,11,-3,-20,69,-14,72,-48,-90,21,18,22,75,-31,93,-42,19,66,68,-96
40,22,-61,-27,-61,-47,37,-15,88,58,-19,64,99,-65,31,87,53,56,-69,-71,-72,16,-21,86,-30,-85,30,35,-77,-46,15,27,-56,-70,46,87,-22,12,62,-93,-76,-46,-90,-62,71,58,95,-98,58,-59,75,-42,37,-16,-5,45,7,-5,-16,-72,91,-35,22,-75,-11,-98,37,-28,-72,42,-34,-33,-13,20,-71,30,-8,-91,-23,-24,38,8,99,42,-34,26,4,98,83,-2,10,21,17,88,-11,-74,10,60,96,-4,44
-78,21,57,-85,-11,35,-61,17,-55,28,-64,-58,-22,-39,77,-64,-27,99,38,-81,-40,-72,-67,-92,71,-35,53,39,38,-58,27,-84,0,-22,-34,67,-45,99,-35,36,4,-17,-20,-98,-62,-8,-45,0,-45,28,-11,-58,87,78,15,-68,-45,-17,-79,57,-61,39,-19,50,68,-10,-9,-46,23,12,9,49,93,19,46,-73,43,35,-1,-44,-50,-43,-6,-29,-51,49,34,-46,-36,-79,-48,-87,-12,46,-6,50,-45,-6,39,-88,-62
-40,-24,85,51,34,16,-66,50,-1,66,61,26,-79,-4,19,-71,61,60,44,-92,40,-5,-68,-9,-100,-48,47,-23,41,17,-96,-47,87,-71,-43,-83,-35,70,-2,22,-47,-17,32,-70,66,-95,39,-13,-54,43,79,-24,63,-15,-48,24,-31,40,80,3,-24,-41,-65,69,33,73,-31,-38,99,-48,-91,90,-49,-45,-40,56,-27,20,-5,-61,-28,57,-91,9,-25,-66,-86,-36,-64,-75,-38,34,80,81,-2,-76,51,-44,27,24,-40
76,3,-2,-10,-60,-60,46,-66,81,-43,-30,-60,-68,-11,58,-25,90,-79,-58,-5,43,1,7,3,77,87,68,-17,-60,-66,79,-68,44,48,94,-83,-34,36,-96,28,66,-37,46,-64,-93,-8,97,-30,74,-74,-87,69,7,62,71,-80,-14,30,-42,66,16,-4,-53,-16,-26,89,-93,-50,-27,95,42,-57,-98,37,11,28,39,84,-23,-47,63,-37,-34,-40,-61,-12,45,66,23,-69,97,96,-52,23,-80,-54,47,86,95,-93,-69
83,72,-67,68,-24,-92,-14,95,46,-46,22,10,-3,77,76,30,-92,-8,95,-74,9,39,87,-5,-76,-10,60,22,84,-33,10,88,-85,22,-78,51,78,-14,16,65,-64,-35,-34,25,58,56,-76,88,-39,-62,-69,62,31,54,-44,82,46,-70,15,-92,-28,-88,40,79,95,52,23,3,-91,-13,-52,51,26,-93,-19,94,-98,8,-38,-49,-89,-21,-72,90,1,28,-36,-79,3,-46,62,87,43,38,13,77,54,63,37,82,55
75,-22,-39,3,43,-96,0,-11,-15,27,-95,-91,-23,45,47,-45,9,15,30,-60,-44,-89,-87,90,-18,30,94,-83,-84,-61,-85,57,62,-8,-58,56,-90,35,-15,26,43,-53,40,100,15,-33,-44,18,50,-18,46,-14,99,-52,51,-89,72,14,0,31,-10,29,30,81,-8,-43,-36,19,-58,-91,6,47,-92,-30,-40,50,-90,-19,-1,-76,-18,67,8,-95,-72,75,-62,-31,95,-91,-72,88,-60,-79,-54,60,89,-25,-60,-89,46
86,-2,-74,-26,2,67,40,-81,17,68,22,66,-65,12,43,73,2,31,-30,91,43,40,96,-86,-23,-20,-26,-81,65,15,-43,77,-7,-47,4,89,-93,62,-47,31,-41,6,-22,40,12,57,-82,-13,-71,-52,68,58,81,-94,-82,35,28,-61,96,-87,-11,-87,-23,-27,76,40,33,-6,44,-87,23,13,55,-45,-86,26,14,-58,-43,-10,-30,-44,10,-4,36,24,-96,-76,-32,-8,47,81,-9,62,43,-56,-92,65,-50,51,-72
-76,59,-16,-90,-90,33,92,77,-79,-83,-69,-100,76,99,58,65,96,36,72,57,-59,57,68,-24,49,37,-94,1,-57,56,46,-81,47,86,-37,-27,-31,-29,-94,-88,58,78,-55,-85,-36,46,-65,-23,-42,-22,-77,-68,-5,-49,81,-76,6,-27,95,74,55,14,59,-70,52,33,86,-31,-9,-27,-14,-93,-16,-30,80,-9,-29,62,-85,36,86,-64,78,98,-14,19,78,-69,76,9,-11,93,-37,83,45,-88,25,98,44,46,-31
8,-92,-19,-17,-76,100,89,-24,44,-83,-46,-96,68,24,-72,-52,57,-22,70,-76,-39,39,-8,56,57,95,-27,-82,7,46,-71,40,82,79,-46,-78,33,69,62,-10,-69,-64,2,-69,76,19,-20,45,-74,99,15,-82,87,-99,86,97,-58,-98,97,95,-46,-47,-60,-30,-81,-38,-38,-48,-8,-83,-88,-27,25,10,-87,2,8,13,13,-54,55,-40,-70,97,61,46,83,42,-19,-10,98,19,23,-74,35,47,-1,-18,-5,29,16
-5,34,-16,35,-98,2,40,76,98,59,11,63,91,26,-28,-18,23,22,28,49,76,91,-29,17,10,37,-40,-91,74,60,-81,75,78,-64,-3,-1,-33,-57,26,-11,-100,83,23,100,-29,16,-2,-48,92,5,-45,-97,-36,-12,-31,85,-37,-31,-94,77,-65,75,-45,92,-97,83,-58,79,53,-77,60,-49,68,76,14,-53,25,-86,-83,-31,26,16,-92,96,-22,18,-67,9,16,37,-48,16,27,97,-21,-91,-97,-50,49,-96,99
-98,-74,-15,45,-84,-91,-38,-77,-2,82,-68,-85,-1,-21,-11,-7,3,17,61,94,32,82,4,-32,26,79,-27,60,73,-14,-15,18,-70,-92,-37,34,-63,-15,78,50,50,-23,-40,48,6,-66,-54,17,-44,-14,-68,93,90,97,56,11,-35,44,87,55,-11,64,-59,13,46,2,-78,-16,34,-27,-15,-23,70,-38,56,-38,41,-96,-96,-52,40,52,-59,47,-6,-8,-8,47,30,-7,82,81,-46,92,70,-23,-38,83,-74,40,-90
-11,89,-13,85,58,3,97,-65,-35,-1,-31,-50,55,7,99,6,-30,-78,-44,-23,100,28,-21,-8,54,-32,85,-55,65,-31,99,-49,-4,-26,15,-79,-67,76,20,34,-14,48,-50,87,-76,-25,35,93,69,12,72,-99,-3,89,-90,47,-7,93,68,-88,19,4,89,5,52,99,75,65,82,47,15,-60,38,-84,16,59,68,99,3,-50,-58,90,73,-58,34,82,19,-72,-32,95,-29,86,-100,62,92,49,-86,64,84,59,85
-100,93,-71,-41,-15,-88,39,35,-90,9,73,-87,-69,68,-79,27,-87,27,-92,-89,8,23,43,-43,34,31,-23,46,-1,-98,92,6,25,-11,-24,-19,-57,45,87,-68,-88,-40,-59,-31,-83,-43,-40,3,-43,-84,-19,84,45,12,28,67,-16,-11,14,45,36,30,71,64,-50,6,83,34,-87,-47,77,-65,45,44,6,-6,58,-32,-23,-46,-1,24,-1,-31,-8,-72,-92,-41,95,-83,95,76,8,-88,42,97,-28,91,-73,88,66
76,48,24,-96,-6,58,-91,44,-82,-90,80,33,59,-42,47,-79,5,-85,21,-43,-56,-58,77,42,-67,-34,71,-31,36,100,-21,-87,-17,8,-13,32,50,99,19,91,5,-47,-22,-70,85,45,75,24,-98,-86,4,-72,29,26,50,83,61,-95,66,-53,-88,24,-39,-75,15,26,-94,-44,76,-21,-26,-67,-92,-14,76,-41,-39,-98,68,-10,29,71,100,18,70,41,-60,-36,-62,64,-11,-38,-45,35,76,99,-80,4,57,87,30
84,-93,-42,80,29,-25,-44,93,-37,82,-42,-54,54,29,69,71,-58,9,62,-73,-12,-6,-31,4,93,23,32,61,-1,33,-45,-91,-61,62,-1,15,6,94,43,19,95,10,26,76,-89,17,-28,53,-71,-56,6,46,42,-34,34,-65,-96,2,99,-42,6,74,48,-41,0,-55,24,2,31,24,-15,-51,-37,-13,-92,88,-91,42,-91,-88,-87,-77,62,-13,-70,97,-2,-9,-37,22,22,83,95,-64,2,-98,-73,-16,95,6,3
-87,-51,-93,-46,-59,59,27,-21,14,-62,-63,-27,-17,6,-12,60,78,61,-19,77,82,7,-48,16,12,96,78,11,-46,-48,-43,56,36,42,30,17,-57,-97,60,18,-18,60,-85,92,59,-9,5,-36,-90,-9,-57,-82,-50,-84,58,-61,-53,29,94,50,50,-65,-17,71,-47,93,74,-30,42,93,60,-100,24,46,69,-11,-77,-100,54,-88,90,-47,65,43,17,-37,10,-22,43,-42,-80,-6,-50,5,-91,-94,82,56,56,51,-14
-31,100,63,56,-54,-45,100,-57,3,86,-55,-43,33,-57,97,-62,45,-43,-98,80,-14,-35,-46,67,76,-77,-43,-43,20,37,95,80,20,-72,-7,24,-99,14,20,-39,-25,52,-72,-13,-19,16,8,-19,84,-91,-60,77,-42,16,71,71,68,15,84,-21,49,85,68,94,82,62,-5,-67,-28,55,-65,-22,-79,-50,23,40,-32,82,63,6,-22,-5,62,-23,-95,78,-43,-84,-18,22,-5,-16,9,93,13,-67,26,87,-34,-20,-20
