53 80 83 33 -16 23 5 -100 -88 97 98 66 88 64 34 -79 78 -2 -46 -51 21 80 -51 1 46 83 -50 3 15 -57 -88 -41 -89 18 -55 -27 -8 9 -68 -89 -64 13 -27 -95 -10 65 -89 13 72 -89 30 -74 -8 81 3 -80 74 42 -82 -45 70 -9 53 52 21 55 10 19 81 71 87 65 1 98 44 78 -26 -15 -97 80 34 -72 30 44 -66 -61 -69 88 -8 57 20 47 41 56 65 12 -80 -23 27 15 -78
55 -74 49 45 69 -72 -8 99 -2 91 75 -6 -69 12 2 85 50 -58 -85 69 66 47 -92 -20 -84 52 -20 100 -33 82 34 15 70 71 -92 38 36 -5 29 39 1 -28 -8 96 72 84 99 14 -73 90 61 9 -28 37 -84 1 -29 80 0 -41 -38 34 -74 86 90 -26 -38 -12 -71 87 -91 65 78 1 -47 -12 26 76 -96 80 -14 45 100 -86 -16 -84 20 -1 90 -50 -67 65 -1 68 -45 -89 -9 55 13 -37 -88
36 27 48 -95 14 -78 37 -64 6 -94 37 56 -43 16 59 -9 -51 -29 11 -31 82 60 -13 -63 33 -16 56 -43 100 66 5 23 -23 59 43 -99 -5 -48 -52 -68 -25 -19 4 -80 -45 0 -8 65 23 76 15 -7 61 -82 -39 -22 2 12 51 16 -73 95 60 67 59 11 -63 77 -17 -29 89 16 -30 98 -12 -1 96 -69 47 54 -99 -89 -99 -3 5 12 80 28 50 75 60 95 19 -27 -91 -37 50 26 48 -21 -39
-29 93 5 -21 76 -5 -70 25 -67 82 -56 -90 72 -74 -9 -70 82 17 -8 54 -55 50 86 55 -20 33 13 78 -79 -38 13 57 63 56 -40 -34 13 7 -8 -4 -41 -23 42 -85 -88 5 67 84 -57 -5 40 -90 73 45 46 50 46 -54 -3 -10 -87 35 2 26 -25 81 -88 -27 -49 -9 40 85 -11 26 -6 -81 -85 81 81 85 41 -31 -10 -67 -43 11 -95 13 -70 -80 -25 -55 100 -48 89 22 -93 94 -92 4 -58
88 5 87 -10 52 -47 -23 3 41 -65 34 -54 -68 -14 7 52 -11 43 7 63 22 -34 -28 41 -71 37 74 -4 -97 89 96 99 -87 93 -59 17 -5 70 25 -21 96 -34 -33 -52 52 -75 -77 73 52 -34 -24 69 46 87 32 25 10 62 75 -45 -1 -66 -89 23 85 -85 -91 86 97 7 47 40 68 56 87 -66 63 -34 -27 -91 -22 57 61 70 89 32 64 28 -18 44 5 -82 -86 -83 1 18 15 11 -70 57 100
-100 -80 93 -46 27 66 70 -42 20 -68 -55 -50 -6 90 -12 -4 -45 87 27 36 -8 -65 51 -3 12 4 -42 -38 43 -93 15 27 89 -1 31 -100 -19 7 51 41 80 -35 -57 87 -45 -51 -6 -74 -31 -88 8 9 -91 58 -50 -92 -89 76 13 -13 57 -76 65 -46 87 -50 47 30 -5 99 -59 -4 -57 -51 -54 83 48 15 -43 78 40 -5 61 -71 72 6 -58 -3 -42 72 8 42 94 25 -40 -66 -65 0 5 -63 67
-12 -24 23 3 21 96 2 38 -3 47 61 68 -93 30 -94 68 59 80 -61 64 67 -53 76 38 95 -1 78 -79 -5 97 -29 -66 30 71 -68 -14 -51 30 64 -19 7 99 6 -86 57 -61 72 -34 8 -74 1 87 -43 98 41 -79 92 -77 52 -63 41 27 76 35 14 -6 42 73 -26 87 61 29 -78 43 -11 -86 91 40 50 -15 62 37 -85 -55 -75 62 -2 27 9 35 -67 15 72 -90 19 75 -30 86 74 -14 -59
-23 -57 -23 -7 9 94 -78 90 -45 -50 54 72 42 -26 -53 -100 -90 -29 -7 -78 -19 -37 23 -77 -40 97 -33 -49 72 17 84 -69 -75 84 -79 16 42 54 -91 94 30 -15 6 31 -21 3 -28 45 -61 -100 69 -80 -61 -78 -95 -15 -20 32 37 28 -10 90 77 -99 5 92 -62 -53 8 60 18 89 -80 -81 -60 19 -65 94 39 -26 -37 -17 28 29 -90 36 92 -34 -35 -4 43 -29 74 7 88 21 -31 -69 78 -69 95
-94 7 61 -99 -90 69 54 18 81 -42 29 -67 -73 91 -61 20 5 -21 13 -89 45 -36 65 -20 30 -63 95 79 -95 68 -84 -82 -65 -32 -45 64 -49 24 -43 -96 55 -91 -55 65 -76 87 36 32 -100 2 -56 -100 24 86 94 44 -75 57 -68 -51 3 -45 -60 -31 -59 -12 32 -60 -30 1 -58 70 46 -96 90 -29 15 64 96 -6 -76 -82 10 91 57 79 -96 92 0 -96 86 -67 96 -56 -4 -72 92 -50 27 -61 10
-98 97 99 66 -92 21 -18 -7 18 -38 33 96 -8 -90 -11 20 -62 -24 57 -69 -52 55 -84 -25 -87 -61 68 -45 -69 2 11 -44 -91 -91 5 -90 19 74 -36 53 60 33 -63 -79 68 -65 -44 -52 -22 45 69 3 -63 95 -97 -42 -13 -97 -5 80 79 -81 74 90 75 22 25 99 -37 -47 42 -51 5 25 -26 -57 18 -41 65 -67 38 22 88 -69 40 -95 -52 -32 80 -47 14 -37 90 -77 47 4 74 -16 98 82 -20
100 -23 78 -98 -91 93 -55 66 26 84 54 99 -87 -18 90 7 77 98 76 -56 -74 -16 -83 -44 27 38 6 -26 -48 -95 -70 -51 53 -1 -63 40 -81 -40 85 -14 21 -56 86 -89 -99 21 51 23 -27 -80 55 83 13 -37 78 12 56 -19 -15 -67 56 -54 34 -79 89 77 -4 85 -93 -16 -11 -88 -84 35 -14 19 -83 96 46 54 69 -21 98 84 98 -36 66 84 0 47 1 99 -71 93 96 -27 -16 97 -96 -32 27
-73 15 16 -14 17 -55 -2 -59 -10 -67 -100 -26 -27 96 77 -4 72 -58 99 53 -6 -61 46 49 23 -48 -25 -62 -19 72 -42 -51 -71 77 11 41 93 -42 -96 -9 -26 18 86 57 -58 -53 37 66 18 49 94 93 53 -4 90 94 -41 14 70 -14 86 -92 26 -65 3 11 -93 -18 45 -15 78 52 6 -60 -49 7 -80 -56 -74 -68 -32 -96 25 4 -87 -52 -20 74 77 -50 42 -64 -64 -99 48 -28 39 -20 -73 -68 -40
92 -32 -3 -33 75 16 -69 59 -75 67 36 -92 25 -12 -48 2 -11 -8 -59 86 -67 51 8 -23 -46 -90 -29 55 -90 -97 -77 87 45 -89 46 19 97 74 -33 60 85 63 -54 -63 74 88 -76 -14 -65 -42 53 61 -9 -2 -60 -1 -78 40 47 37 -22 -53 -45 7 -7 33 60 -15 35 -25 26 -77 -27 -15 -45 -7 85 -51 -39 -76 65 -62 -14 61 -91 53 88 -39 -68 58 8 8 -25 100 91 -64 -57 89 96 -44 -14
-15 -81 65 96 62 -82 -86 -23 -53 59 86 0 92 83 -47 -20 -53 33 -87 -61 -18 -75 -34 -64 89 -69 20 94 95 -75 97 23 61 87 -71 54 99 -35 26 87 -80 63 14 -11 97 58 80 69 55 -24 18 -49 60 25 -1 79 -96 12 -7 45 -20 8 22 -48 -12 -40 3 -93 99 53 53 40 -15 96 -18 -68 33 -7 67 62 -56 -64 96 89 -86 -65 55 28 42 -89 25 -40 71 -46 -34 81 -88 26 77 -29 -7
7 -38 -69 -98 18 22 92 -71 -32 34 96 58 -71 -47 -74 -41 -59 100 96 16 -94 -73 -83 74 -13 -92 70 -72 -78 -19 -54 -49 35 57 -81 -44 -98 -76 -12 -63 -20 23 -17 71 22 -34 -50 -52 -99 85 -68 66 -4 -56 -6 76 8 -61 48 -96 -30 25 -21 -9 -95 31 -11 -22 -81 -70 70 3 40 82 92 -100 -78 32 23 33 -46 -34 99 62 -62 -94 -85 21 -75 73 -83 17 -66 45 -64 -14 71 57 -63 72 53
97 -72 36 94 -24 -16 63 44 -89 -27 -26 -89 38 -57 78 51 -81 -48 -69 -25 91 -45 57 7 -73 21 -57 61 21 66 83 -13 51 -31 -65 -6 -9 99 59 -17 -88 49 10 -41 78 93 20 -100 56 92 -18 96 -32 -59 16 -1 -56 -52 -36 -72 0 -17 -8 87 2 66 -80 6 3 88 69 20 72 -78 -45 94 -60 -53 98 58 90 79 -58 19 48 -59 56 22 6 -79 -65 -30 -24 -19 25 10 -78 -99 77 -100 -2
-60 -73 45 85 -56 56 -51 -19 -86 -62 24 100 -62 94 77 -78 60 83 64 18 -93 40 12 -75 -50 -65 36 25 -13 56 29 -52 14 31 -58 29 -67 -84 23 -47 28 44 -10 -51 -52 -3 -59 -43 -15 63 35 -18 -38 0 -45 0 92 5 79 -86 64 68 -1 9 78 -29 84 -99 -85 -63 52 -28 58 100 -40 73 77 40 10 51 40 -68 -82 -32 52 -4 -68 -52 72 -12 10 -99 82 89 64 10 -26 26 95 59 23
-15 -64 61 61 -91 49 -1 -37 -96 30 -10 58 86 -44 91 -34 -49 -5 -65 47 83 90 -60 57 98 -28 -98 0 -21 72 74 -71 -14 -54 -6 -68 -27 -80 -10 18 -42 10 16 83 -85 65 15 -21 85 -85 23 7 -12 72 52 -5 -61 53 39 -48 -92 -13 -69 59 19 -60 31 -6 -48 -32 -53 11 -75 -17 82 -26 54 -33 92 25 42 27 0 -16 13 -54 78 52 -87 -79 10 -34 62 -82 56 -13 -46 44 48 -91 -9
-65 7 68 -84 -27 -43 -42 91 -21 -13 -12 47 99 -49 96 -8 -34 47 19 -32 28 76 -20 -70 -45 -69 100 22 61 -86 63 -57 -11 -100 -77 73 -10 68 -41 -82 41 -8 34 -9 -58 74 -21 52 -88 -72 90 94 23 44 1 -33 -28 2 -17 -29 45 70 -94 26 50 0 88 49 -36 97 71 80 -49 -7 59 -68 -20 -90 -90 -67 64 42 -12 100 89 -21 42 -58 -26 14 -93 48 25 28 23 22 -2 -2 28 37 77
57 -69 -5 45 31 61 -98 40 2 -54 93 -3 -91 92 67 -97 41 -9 54 -64 -15 -64 -89 99 -2 46 -51 -15 -45 -28 -5 -44 -56 -13 -10 -73 13 -36 -8 80 52 -76 81 -74 -17 35 -25 12 -93 65 -57 17 -15 80 97 -93 96 57 -65 -83 -11 -14 16 -40 45 35 -47 50 98 52 66 -72 33 -72 79 15 -27 94 13 26 -6 -94 -82 51 80 -91 73 -42 -17 -22 -95 -21 -89 -76 -34 14 -64 34 54 98 -84
47 -3 -37 29 40 -56 -77 73 82 -55 -18 -24 97 -52 85 -84 86 51 -8 -48 -22 10 27 -97 42 -41 95 46 -10 30 60 -21 -67 -43 7 -37 -95 32 61 12 -17 -59 77 -52 94 -56 84 82 85 -53 82 -84 3 -34 -49 98 -89 69 100 14 67 -75 41 -62 -67 44 93 -41 -48 -38 -31 -27 -83 -17 -43 -47 -21 -62 82 70 -10 -26 15 83 97 -9 11 -70 -54 35 15 7 32 -53 -71 95 100 33 70 -1 29
7 -45 -89 96 -84 -85 28 -50 -64 -48 79 50 -37 17 19 -12 -33 35 -8 60 98 32 10 -11 100 -18 -22 -99 -38 -58 -25 -43 -80 -44 57 56 42 -55 36 37 -90 -36 -19 -1 36 -44 -16 69 6 85 -95 14 -96 75 -59 61 68 5 24 77 -68 26 54 -2 -79 -57 33 35 -93 71 50 42 57 55 75 13 -35 -44 30 64 -82 -10 71 96 24 -30 52 -98 -23 -95 82 -45 24 87 3 -44 -23 -27 80 6 -90
73 -12 93 -38 -61 0 73 40 -5 86 -57 91 9 8 -46 32 -16 -44 27 -43 93 -76 -95 -28 -41 92 -65 -45 -79 24 18 -60 98 -12 -36 -49 42 39 -99 16 -88 59 55 91 -58 38 86 -20 13 -13 -50 -50 -19 -57 -15 86 -52 -27 43 91 -95 57 32 54 -36 -67 43 -62 -93 -27 10 81 51 71 11 56 35 91 52 -40 29 -54 -80 4 -78 -5 -24 76 72 -47 78 40 -69 -9 42 -12 -56 -85 98 -32 -100
-44 49 -35 -8 69 -51 44 73 28 100 56 -34 -24 -10 -36 49 -24 -100 39 -2 53 38 13 -27 -50 18 -16 81 -55 -19 -37 -27 -23 -66 -57 8 -76 6 57 8 -91 43 64 85 48 -60 -100 -69 63 -63 76 -19 -81 -93 91 34 58 -99 -74 -3 -59 75 -8 -73 -65 -97 -91 -23 6 -2 -63 85 2 -61 44 -27 -15 53 12 -3 -80 27 49 52 19 -23 4 -1 -68 -91 -10 97 -49 -48 28 -25 -13 -87 10 0 -4
-33 56 18 96 69 -61 100 98 -27 -56 -28 49 -42 -42 23 -47 -28 -89 65 5 83 93 20 87 19 -5 4 51 -85 90 -32 58 -26 71 3 73 -57 3 54 -73 -24 -44 -52 70 -28 21 24 13 65 -60 95 -79 90 7 -47 63 -8 81 4 15 -42 19 -39 49 98 4 -5 39 -91 73 -61 20 -89 -61 -45 -85 -19 -87 27 -54 32 -31 60 24 -31 -35 -99 -58 48 -98 -25 -84 -91 -40 -13 80 -5 -49 -13 8 -24
41 26 72 -99 58 58 -69 -46 53 -53 11 41 -24 9 10 -82 28 -9 -36 46 -65 34 77 41 -43 -8 84 47 30 -42 -40 -14 30 -67 -70 -8 -28 -61 -40 -66 66 -46 8 -12 28 93 25 -61 7 11 44 -60 100 24 57 -39 30 99 -98 87 -19 -61 -93 -84 -97 61 -45 -41 -71 -90 25 -60 50 78 13 20 42 -60 89 88 63 -77 -94 67 53 32 -32 29 93 -44 85 44 23 -99 88 99 88 72 48 -3 37
-87 12 91 -14 20 91 -9 -14 -57 -16 -86 -76 41 -69 -91 -47 -68 37 30 1 33 8 -15 -14 -77 -48 -30 27 75 91 77 63 48 -14 79 -56 -38 -56 -78 89 -91 23 9 -69 -73 -55 69 3 -4 2 -65 6 24 9 -93 78 8 64 -28 -97 -42 -76 -71 59 -99 45 87 -11 52 -13 -95 -48 90 -94 73 -83 -45 -72 17 -46 54 24 -81 44 -50 33 -95 23 51 -14 -83 58 68 12 -4 -95 -99 -61 4 -46 -4
-78 44 98 -42 0 22 51 3 96 -78 -71 14 50 -16 -45 -96 43 43 -44 42 -60 -77 -71 58 -96 66 -53 -11 72 -4 91 89 -86 81 -30 -18 74 -29 -52 -35 86 98 -74 65 70 -23 -59 -70 91 83 28 50 58 64 -73 15 -40 -60 -40 39 61 -61 -33 -24 -23 -34 37 -71 -56 55 52 61 67 -68 -25 -59 -58 7 47 -12 -100 84 54 92 91 84 67 94 44 -76 -87 -58 7 88 37 -87 92 -99 -59 83 37
-56 67 -59 41 7 -57 -97 -93 32 -8 14 62 -41 53 -94 -16 31 24 15 51 -97 87 -38 -75 -9 -37 65 -85 -60 40 95 -24 -89 15 -47 -68 78 55 67 -93 -67 97 43 45 65 1 73 83 -51 17 -71 -94 52 -32 45 21 -44 -77 30 30 -16 87 -31 11 -95 -74 -81 94 -21 12 95 99 7 -28 51 0 13 -33 3 -94 53 76 -50 79 -50 -30 95 -70 70 -90 -39 54 -76 -36 -45 -76 72 24 -31 59 -59
-91 -11 -33 40 -100 -73 -10 36 89 64 39 28 24 66 -55 67 -23 4 52 28 -21 20 80 -27 -16 -78 -51 59 -84 -84 87 11 3 -68 92 13 8 -99 89 -37 70 -27 -40 -47 -40 19 99 16 -23 57 52 75 41 -99 -2 -84 64 18 99 -91 -32 -21 39 -51 36 -81 62 63 -12 -54 -67 -52 -59 93 -65 19 -68 30 -74 10 63 81 67 43 -83 61 -49 74 98 -52 80 -75 50 -19 15 63 -33 42 84 63 -39
32 -96 46 -2 79 -87 -20 -65 51 51 -68 -40 44 16 -49 88 -53 26 38 -66 44 -13 11 -10 60 34 94 -86 -34 -41 31 -97 -76 -93 25 -36 -20 50 98 -83 40 -2 -70 -3 -22 -100 60 70 82 -88 73 -71 48 63 7 50 -6 30 -20 -11 -7 39 -42 -90 -66 -61 56 -49 -29 -33 97 88 43 52 -34 26 -20 39 -36 -22 -42 77 56 73 -18 -19 82 41 50 75 7 -66 39 -80 55 52 -12 40 53 61 44
-32 -81 -28 78 -46 29 19 -78 48 -39 -91 -14 -39 47 -59 61 -12 62 -5 -28 67 -22 86 -59 -10 -92 13 26 100 -96 -30 5 11 3 31 -93 -46 -99 18 -49 -79 -16 -52 76 20 27 -2 11 100 -90 60 -24 -20 4 67 -17 55 -21 -52 -15 -86 -69 23 -16 68 -96 -10 -91 -68 3 -86 31 -72 -60 -99 13 -7 -88 27 2 -40 19 -5 71 19 56 53 89 21 -9 89 -8 44 93 -79 12 -4 -31 -56 25 95
-67 7 -94 36 29 59 -70 -73 -74 97 69 14 -82 -27 -38 -26 -34 50 60 31 -88 -21 -31 38 -26 -20 29 -65 -57 8 -88 -50 -74 97 -63 35 -16 -70 93 48 42 6 77 17 -57 76 41 76 89 30 7 18 79 -15 49 14 100 -54 94 2 -28 63 78 0 48 18 97 -26 -35 -79 -27 41 25 88 55 -75 40 -92 49 -96 -38 23 -10 2 -31 74 -70 13 -96 6 -5 -67 37 -75 -44 -12 -26 -29 70 35 -38
14 -83 -65 58 34 -69 -1 -57 -39 -2 72 25 64 -19 31 34 74 -57 -35 -90 47 79 8 -16 69 99 78 62 65 75 91 54 -64 -30 -49 -83 32 3 81 63 -4 -31 -22 54 8 61 66 36 -19 -4 95 27 -65 20 -39 68 13 -65 -61 93 -27 11 0 6 -6 93 -12 40 -3 2 18 20 -18 -4 49 44 -76 20 -99 -3 -19 -55 46 64 47 -3 73 -65 -22 -41 -53 -86 -84 -45 11 4 10 12 55 -31 -65
23 -51 59 -3 36 -49 -76 11 -68 27 70 75 -75 -50 -97 -7 70 -16 -92 71 40 61 -84 -64 -10 63 -96 -19 -100 44 -66 96 -82 29 -15 45 -3 64 -72 87 3 3 -19 61 46 -50 -37 37 67 25 -49 12 34 -22 1 -76 66 80 -20 78 -33 -24 -82 66 22 -70 53 88 -79 7 -7 31 70 4 22 59 77 -66 -45 -59 -47 -98 -8 50 16 -21 82 89 -66 -42 -21 -67 -13 -45 -27 -90 -1 -60 -62 -1 59
-1 61 69 30 32 91 20 -21 76 -67 -9 -31 -69 -14 62 47 -1 -16 -29 -10 -5 21 99 94 -26 -26 -9 86 44 28 -95 -24 52 -28 -69 50 78 14 29 -29 43 -39 67 -66 -60 -31 -97 6 -100 55 84 -93 38 -75 -59 -65 -97 66 37 -86 -59 74 22 -68 27 -8 97 -87 85 34 73 -8 59 31 12 -21 13 66 -76 8 2 28 73 -68 -27 -58 40 36 -11 64 -16 88 79 18 92 -29 -32 -40 63 -7 72
-76 -35 11 -78 44 -33 -73 29 -87 -91 -89 -84 52 -61 58 73 58 -43 89 -26 -4 58 9 -63 -78 63 -64 -48 -99 -10 -55 3 71 44 -97 62 -29 93 38 -70 -42 3 -45 -93 -26 -91 -94 -7 -63 -29 78 -91 13 65 -3 23 98 -94 -61 78 56 81 -45 28 -59 -53 -28 20 -34 45 -18 94 -42 36 18 63 -39 -36 50 70 -33 33 -73 52 -65 -9 -30 87 60 -16 31 -23 -13 64 -20 93 -12 88 -88 32 -54
32 95 -42 7 -73 -9 -44 28 -16 64 98 80 -55 -11 -58 49 4 43 -19 -93 -40 61 -79 -38 -94 -87 72 -70 -2 -64 81 49 54 59 -77 57 72 -38 -93 75 45 -87 -7 65 42 46 -49 62 -90 -37 -68 -64 -16 -90 -21 44 46 -57 -94 -64 -45 -23 -18 70 41 -23 -62 51 -4 67 -62 -64 -88 16 -70 -87 -16 31 68 0 -70 13 -65 -19 -61 -61 -45 -1 -21 -25 52 15 -42 -9 -68 96 -58 80 61 -38 63
38 -43 -68 -23 79 -52 69 8 70 -97 -31 16 37 -37 -98 -66 46 -93 40 3 46 -89 -21 -15 5 -1 86 -85 -31 -87 -48 -81 86 -16 78 -55 82 -49 -98 -36 -53 60 -98 48 51 -50 13 -78 -26 80 -87 99 -55 79 87 79 -82 -66 91 30 34 -99 -13 -48 -89 -45 88 -18 -65 -94 85 68 77 -76 13 59 -16 15 -84 27 79 -84 -8 -34 0 94 82 26 76 -39 55 2 -92 -21 -98 68 64 -41 -73 93 -31
13 14 -14 -67 82 -31 77 -64 -3 -39 -55 88 -98 -28 89 -38 68 10 26 -74 -61 -35 18 -97 53 -86 10 -10 -99 27 -53 27 -99 -10 42 33 39 -87 2 39 45 -7 -7 58 -94 76 64 -16 32 -5 -54 -85 90 -84 -10 -37 52 -46 25 47 38 -89 60 95 61 -19 -78 -24 88 69 -78 6 -80 90 -9 28 77 -92 97 73 58 -3 22 40 40 -21 -52 4 93 69 93 -11 -27 -78 -7 0 -82 99 -37 99 65
3 43 69 41 8 -69 24 3 -21 15 28 25 94 18 -62 95 93 52 -32 -19 61 88 57 54 93 37 -65 -47 -3 -34 -55 7 -79 -7 -94 -25 -72 -7 72 -35 72 -49 1 -74 75 58 -41 -9 25 -30 -55 -76 33 5 11 -41 -83 -15 56 -70 98 55 -45 -97 78 27 56 66 -76 79 11 76 -7 -56 -98 26 10 -22 -65 -91 44 99 -54 57 -16 -18 -83 90 89 -12 -24 -80 76 -77 66 -92 0 58 -35 5 -52
32 72 -90 -11 -55 -29 36 -20 67 -48 86 70 -85 -48 -39 83 -80 -16 41 -93 -12 -70 79 -46 -6 -49 4 25 -39 -32 4 -40 99 85 15 23 34 -75 5 74 -92 16 12 -23 -46 65 81 -83 10 -31 -38 82 39 23 61 11 -11 -20 -93 -28 32 95 -47 -31 19 -4 -80 -35 -73 90 92 -59 22 -80 8 -3 -65 -52 9 10 -71 20 29 89 -83 9 18 67 -4 16 -73 -64 11 29 52 64 15 -33 37 -55 -65
12 -7 -10 -62 -13 -15 76 -1 -66 -5 8 59 61 -71 56 -88 74 100 -92 -94 -93 -26 7 16 15 48 77 -44 16 -79 -50 -49 53 16 65 50 -48 -94 -39 -95 29 69 61 95 -21 -67 60 52 70 53 49 -28 27 30 90 14 -23 -59 47 -58 -99 78 93 58 39 -71 -92 -40 -12 -61 -65 33 84 -14 10 55 -91 98 -6 -43 75 -1 -97 9 69 44 -97 63 -60 36 74 30 93 12 85 61 -28 52 58 -47 14
17 26 -59 -3 8 -43 84 -32 -95 79 -16 71 21 29 22 -63 15 37 4 -28 5 53 -89 68 40 69 -76 -48 -12 83 94 79 -80 -39 -48 -71 42 -80 -84 -49 84 -98 73 0 16 -67 36 -28 -71 -6 96 30 -38 -67 48 75 -23 4 -31 -62 -84 93 -64 68 87 57 -33 35 -26 -39 7 -88 95 -12 80 59 -78 80 -1 13 -47 17 -97 94 -2 -20 -86 -6 36 94 84 0 96 -88 -63 34 47 -39 82 -68 -33
-88 -93 -19 -24 -81 59 61 -59 71 79 55 24 -75 42 60 100 -89 -41 -72 -2 -21 -10 -45 36 -96 68 -90 68 98 5 72 -20 -74 -52 46 -33 75 57 -18 -62 40 -13 32 -67 62 86 30 -12 43 -81 98 -16 75 -94 -6 58 -6 -28 -81 15 55 -16 -3 -89 -73 -63 -80 98 49 -42 -15 -46 -96 -17 -45 78 -46 6 -16 -76 -83 -55 82 51 78 21 49 -73 -4 41 89 97 48 -19 -15 20 93 -3 40 -61 53
69 -26 38 39 78 28 -62 5 -99 94 -16 -52 -17 -10 -87 30 -13 11 20 7 79 34 -30 -41 0 20 -77 17 81 -41 88 0 -77 -85 -15 -22 -18 -45 -42 65 63 -47 -35 6 -3 -17 34 77 70 -79 8 -65 1 -26 -95 36 -19 -44 30 -80 -12 95 -73 -12 93 -100 58 -46 50 58 -7 -27 -70 98 -97 -27 54 -37 76 -65 -59 -18 -41 74 -50 -62 -73 -28 1 21 -17 -47 81 9 39 43 -6 48 75 -13 80
-83 -53 71 78 -20 48 36 17 81 8 12 -4 -23 12 35 84 -34 -80 38 14 -21 56 -40 88 52 98 86 -56 75 68 16 -37 42 6 69 -62 21 -77 -38 -58 -76 -74 71 33 -18 -45 93 88 69 35 24 6 -44 -84 -99 -26 -94 90 28 -50 -18 45 -67 -66 -3 23 -88 -72 -15 34 68 -86 -60 65 55 -16 -59 -32 -79 71 82 70 6 49 -66 20 -19 22 61 79 -63 6 -47 87 47 -47 41 -99 -94 34 -3
-33 54 2 98 -11 -48 58 -42 75 57 -69 -67 55 48 -79 68 88 19 86 0 63 26 -45 -10 35 0 -10 -41 93 -56 21 38 94 -56 -14 -56 51 -66 1 35 86 24 96 91 -66 -15 64 -4 -34 -22 -76 -52 25 -65 66 -28 33 -46 34 59 53 -64 42 63 -25 -3 -88 -47 45 -10 4 -24 -89 -55 93 57 -74 30 88 -29 46 34 90 -5 -69 11 59 77 -78 -72 -50 -98 34 86 -66 48 79 -50 19 70 -22
80 -92 -89 -20 -87 72 55 -64 0 -36 99 16 83 14 24 77 82 72 -56 83 94 63 -95 -49 -56 -99 -42 -74 65 30 -2 92 -82 21 -95 -57 8 -87 -88 70 -34 -28 -86 -33 -67 82 -40 82 39 27 -83 13 -2 85 -69 -62 43 3 41 28 -78 -28 97 -16 -60 -64 36 60 -56 -73 -18 -8 51 -27 -40 -22 6 -91 -14 -16 -30 97 -23 77 54 99 -90 -31 -59 62 -92 -10 86 -69 -54 65 -71 49 12 45 10
-56 15 63 53 -33 72 5 -73 -61 7 -24 91 -53 31 95 16 11 -69 -43 -15 -51 -37 -90 43 -11 -61 89 27 26 -14 -67 85 -30 77 -97 -37 -73 47 55 39 97 13 -2 52 -20 43 -56 -16 -21 -23 -63 81 -96 -95 23 -15 82 -5 93 -80 -5 18 -96 -65 6 -17 -78 62 -70 33 10 1 -29 -36 56 -7 -42 52 13 86 6 5 32 22 70 -50 -45 -8 26 38 27 -59 -99 -72 35 -60 -63 -59 -86 25 13
-99 2 -21 83 1 22 19 -86 36 73 -81 -95 81 -58 -17 -14 89 -23 19 -32 10 -16 35 69 20 89 -54 -93 39 35 -88 -88 -1 -49 67 19 -6 35 9 -29 -58 -98 -37 -73 6 -88 -13 79 38 7 -85 -95 43 -10 -16 -5 34 -44 31 93 59 7 -27 -1 -92 81 -17 -6 47 -1 89 -27 79 53 -98 -65 10 -34 -87 68 -42 -59 -1 -83 -87 75 -100 -19 -50 -90 14 -92 3 -36 62 -99 -40 12 5 -80 -33
-19 80 89 65 44 -12 -5 -65 -28 -95 92 -38 -22 -78 -45 -83 -70 -97 3 17 86 29 32 -68 26 36 -73 -83 -24 69 57 -47 -58 83 -19 -69 -92 -62 12 -40 -34 13 -26 82 51 -46 83 36 32 -31 -75 9 57 -10 56 37 -63 47 61 -78 -2 88 -83 -50 43 -49 3 -7 -57 -83 -71 -68 -75 -80 5 -87 25 74 96 57 -23 -45 89 13 18 87 -6 -19 -35 -22 -60 95 0 -79 16 -53 61 6 39 61 -64
-14 60 10 -19 -34 -5 -42 -67 -10 -52 -35 -64 -35 -72 -90 85 -34 36 -72 -56 -42 62 -70 34 -17 -43 10 -79 95 -88 -54 99 62 100 3 83 -40 -33 -23 -83 36 -86 -49 23 -15 -79 30 -31 13 63 6 -41 -41 -83 93 4 62 -26 79 -74 -24 92 -66 75 -55 57 8 50 49 -22 0 76 -62 -21 -83 -100 -45 -13 -5 20 -35 -91 -65 -34 71 -18 -7 65 63 28 87 32 -60 -50 46 41 71 -10 -80 -86 51
-37 80 81 8 83 -53 -40 28 -20 -78 56 -9 -87 -22 -12 -69 13 30 -27 -60 11 -88 70 -43 16 86 52 -80 76 -82 47 4 38 56 46 2 67 70 34 -82 -23 37 24 -62 -88 78 63 88 16 -59 -17 -8 -36 -52 -1 5 43 58 35 -62 -64 -51 -13 -2 -29 41 -85 -57 -12 -29 -45 99 80 -65 -30 -24 -58 -4 15 -21 40 55 5 79 16 -27 -25 46 -32 -93 97 -92 0 90 78 -37 -92 17 -73 69 73
19 -13 84 94 75 70 -70 -83 43 -19 64 -39 -91 51 -13 42 95 6 -65 97 9 4 -30 -15 -54 -42 81 25 -90 -58 -68 -47 -56 -34 70 91 -55 75 -72 16 19 -49 -86 98 -81 36 -95 54 -15 78 -94 -52 -14 95 -96 -84 -71 37 -29 -89 -71 70 41 -10 -87 13 61 61 -45 -76 63 -53 6 5 -32 -30 50 61 -42 94 40 -71 66 15 -89 -8 -63 57 -99 58 77 48 -49 51 19 -58 69 18 -16 -60 -59
93 99 31 56 31 19 38 21 -58 -23 -9 -62 -78 6 -11 -95 -26 29 99 48 -70 -10 -91 -74 91 -41 -17 -62 55 -63 -94 -18 -84 28 8 34 -22 -82 99 61 -71 81 -6 -80 57 21 -65 44 -74 94 -96 -59 -25 44 -9 -59 -93 -37 84 96 -15 -17 27 -71 0 17 -93 -26 -33 -39 -34 -79 85 29 -97 -78 47 -16 78 62 -91 29 96 14 38 -48 -47 -30 27 -92 -37 -74 -49 -40 49 94 -82 44 -98 -95 56
0 62 37 -86 1 2 -53 41 -38 52 74 -32 17 -23 43 43 53 -2 -57 92 80 -47 -18 57 12 89 49 47 -19 88 14 3 37 -94 12 -79 -98 -7 32 88 29 -17 -31 1 71 88 -98 -86 60 4 -9 -24 -100 -73 -35 -21 -37 83 -26 -20 -58 10 54 8 -55 96 14 100 -44 -46 100 13 96 34 -29 -68 -47 -68 -62 -54 14 -79 55 -75 49 48 73 -82 -30 71 0 -23 -81 -17 51 -97 37 -6 38 55 60
21 -59 -4 14 36 -98 -22 13 89 -93 -98 63 37 -91 -42 -23 90 56 52 -100 74 -1 -76 0 90 -91 -26 -2 -29 -62 32 -56 -46 -61 -52 -12 -55 -52 55 -27 -87 -56 100 33 62 -68 -87 70 -7 -16 -90 -78 -24 3 -97 -60 -76 -19 83 -88 64 -82 26 87 19 89 53 85 -4 -68 64 -65 36 -29 -1 -77 70 54 -33 -19 37 -8 -71 55 32 64 7 62 93 86 -67 -65 5 54 -70 35 94 58 16 -99 83
16 -4 -71 14 -62 -21 -23 -41 51 -36 27 -60 28 85 48 -11 81 -89 67 58 -29 14 0 29 -34 -64 -47 -78 -77 -71 90 -31 29 -58 -81 17 -100 21 13 39 -99 -7 34 25 98 -15 87 74 -55 -63 -2 -66 50 24 -46 -96 70 65 -25 -32 53 19 -40 82 40 -69 -57 60 3 79 -37 39 12 77 -45 -7 85 -40 -1 83 8 -34 -81 95 27 -69 -44 61 -62 -42 36 -45 74 -17 -86 31 34 5 -77 71 -62
17 -66 -60 22 -34 19 33 6 23 -40 -15 24 -98 -22 71 -5 89 -59 54 -51 94 35 -3 -5 76 45 -53 -2 90 -39 -74 36 35 76 -97 32 78 64 -20 13 3 -16 58 54 -48 -1 81 81 40 39 -48 86 -68 43 -5 -66 26 88 5 7 -52 53 -74 87 17 -66 99 -29 -96 55 38 -76 -50 -28 -68 -71 -91 -19 -99 -53 99 44 -39 -87 -53 -45 37 70 -56 -68 -54 45 -68 -43 -90 -78 5 -23 69 29 -32
59 -98 -37 -96 -32 14 -57 93 36 52 85 24 94 25 -59 -23 46 62 -98 50 31 -30 100 18 -51 -88 -86 65 5 -26 10 57 86 -32 -97 59 -73 29 99 -11 42 -92 66 -96 -5 -36 -72 -16 69 -75 77 -90 81 -12 64 49 -77 -28 99 -1 -20 -87 -29 71 47 80 39 -96 27 -43 65 -17 -27 -29 82 -88 18 12 8 10 -88 29 -10 47 -21 -58 -54 -11 -58 61 -22 93 29 -96 11 -43 -12 95 23 98 59
72 57 -58 -28 45 88 -75 91 43 -56 -72 21 -2 -64 17 -89 -95 85 41 59 -91 91 -1 -17 -49 91 25 40 38 -87 40 -17 30 56 -63 -79 -43 94 -14 -81 95 68 84 -14 -67 61 -7 -71 -48 23 74 -49 98 42 -71 -70 59 -69 -9 -42 -61 -14 -89 -22 -100 75 -73 -69 -19 47 -51 -45 89 -12 -82 -3 -97 89 -28 -22 -59 5 43 56 3 42 12 -57 70 89 -19 -72 58 97 98 -13 -39 36 -58 18 70
10 14 37 -13 -63 96 -13 43 -70 49 -31 89 -51 82 29 -71 46 70 -92 -38 80 -43 -28 -91 -96 86 61 79 -80 40 -15 -93 -80 54 97 16 -33 -7 -86 -99 -27 33 49 31 -48 -56 93 -11 -80 30 -16 35 89 56 -67 87 -72 0 -23 57 -41 57 82 -30 -72 47 95 -42 72 61 90 -95 -27 97 9 8 -36 -93 17 -80 85 -80 34 -20 100 -96 -19 -15 98 -59 81 71 -19 8 100 -7 -11 -38 -40 44 -61
-78 -29 70 -51 -93 77 -63 -39 18 -27 -67 -8 -63 -53 -19 50 3 -65 54 51 -38 -57 -61 -69 -54 8 83 -58 3 -12 64 -10 -54 10 77 40 0 -84 -34 24 -54 33 9 -81 94 39 -85 -31 49 -84 -78 95 -53 6 -19 -76 95 -32 -9 -26 -28 90 62 47 -84 -1 73 80 -72 -25 -96 46 95 -72 -28 77 76 -72 -59 -98 49 90 -61 73 -79 15 -10 11 -79 -33 88 54 48 -64 6 -75 -4 64 -58 -21 7
-47 39 2 66 -19 38 40 36 -2 48 61 -61 -60 -9 59 21 -75 2 41 97 -78 -12 -5 -74 15 70 -18 -50 70 88 -89 -61 -29 94 13 91 44 60 74 -5 27 -97 -8 -86 -98 73 -94 93 54 -54 21 56 -87 31 1 -36 61 72 -22 73 74 -74 74 -97 -60 78 -83 -94 89 -9 61 86 -100 44 67 -70 -69 82 13 -60 -41 9 67 -97 94 63 -57 -73 -75 61 5 -14 64 -72 26 86 -99 84 -88 69 67
-32 -51 21 18 -95 -43 98 -18 54 -85 -75 -96 35 49 -45 -91 35 -17 -97 -54 22 -7 6 41 99 -25 -19 -59 38 -77 33 -68 -89 8 -47 -77 95 90 -55 -69 36 3 24 -31 32 30 65 -77 -73 -90 -27 -66 -23 22 -29 25 26 28 -58 42 61 -66 8 -77 61 14 -42 37 95 -25 -64 -29 -96 -76 -4 37 65 21 -62 -58 -31 -40 66 43 21 8 -17 52 51 67 -44 45 9 -18 -35 13 85 -48 24 -94 -10
23 24 -7 -11 29 -23 -30 97 -76 18 50 -27 53 51 95 26 -99 3 93 47 -85 46 -77 -58 11 23 62 75 90 -95 -96 52 -8 0 -22 3 -8 4 -90 -10 62 -29 49 -7 34 -81 -85 65 -96 -54 54 -67 78 90 -37 62 95 -100 -53 -31 -66 -55 63 66 -81 -17 -60 -97 -40 22 -63 -40 86 78 88 23 -37 10 99 12 99 -19 14 -90 -44 -77 11 -76 -53 93 54 -36 -68 78 -59 -40 11 -51 -51 100 17
13 -82 5 -88 -11 -29 19 -74 -87 68 16 62 68 1 18 0 -36 -41 10 -11 -69 35 -14 -39 -7 -92 6 -32 48 -37 65 -13 1 17 25 20 -100 -75 12 38 6 89 -29 59 19 -51 16 -17 25 -56 -29 -98 -72 -72 74 -29 -48 -87 7 -68 11 96 67 -11 -64 97 -4 67 26 96 64 -87 -97 2 2 -3 -74 70 53 -28 58 -93 -100 42 12 33 31 66 80 43 -3 -42 26 47 -55 -63 -54 -70 -91 -54 -75
64 -98 53 -53 -61 -51 94 -47 36 -18 -84 79 62 70 -79 1 -26 -3 38 2 -88 -74 20 87 -28 -83 95 -53 19 -4 -65 -6 -7 47 15 32 -57 -97 -20 -64 21 -80 61 -29 -6 -82 -50 40 41 -60 -4 90 30 -66 26 92 -13 29 13 78 8 28 75 -96 93 -2 79 -53 55 -98 -58 -28 70 -81 99 23 52 -29 -75 87 18 0 67 36 79 96 -61 1 81 -94 2 43 -21 74 -77 -66 73 -54 76 -44 62
-42 -79 -23 -20 -83 -76 30 87 -24 24 79 -67 -89 -84 34 -23 38 87 20 68 -27 -27 -66 91 -32 80 -25 21 32 -95 57 -16 27 -46 46 -37 -61 97 -90 14 -47 -69 -70 60 -26 5 -99 98 -55 -63 45 -66 -50 35 15 24 44 -1 26 80 36 -35 -18 -68 35 36 50 65 -80 59 24 -63 -55 -36 -55 9 7 38 24 -27 -48 -84 53 -64 -39 -92 -49 -10 52 -28 -44 61 17 42 91 -24 -94 12 -38 48 -40
-15 66 47 33 43 28 25 11 -9 21 45 16 -2 60 -25 100 11 71 72 18 -24 16 67 80 -98 -7 -7 65 4 -31 83 -31 -42 79 -48 -72 -75 15 10 -50 -81 44 -5 72 -71 -75 -2 63 -2 94 54 74 -17 79 44 -34 -67 40 14 68 47 30 -20 98 23 -77 -45 27 91 7 34 -65 -49 46 14 34 28 -23 -31 -41 90 -82 28 -97 -69 -26 -81 -68 25 24 -43 -99 94 41 34 99 43 -77 -80 -79 79
7 68 -27 -6 21 -46 -45 81 -28 79 3 51 80 -49 -21 -95 -85 47 44 41 -35 -91 5 -1 51 -39 24 -36 22 -96 -18 60 -76 57 -2 -66 97 -56 20 66 94 -67 52 31 -73 -14 38 38 -24 -69 -73 -40 76 -39 77 2 48 -72 38 -100 36 -95 59 17 86 6 -28 66 -51 -35 36 -45 75 60 -57 58 -75 2 68 -21 24 -67 -92 86 85 15 -43 -21 64 45 -49 -69 -44 -44 40 -78 -17 -8 -39 -20 -11
-36 -23 54 -65 -10 22 86 -86 -79 -48 19 -13 -45 -64 3 -64 79 82 -16 95 86 34 -42 51 48 98 -20 61 74 -24 -94 17 38 67 75 71 58 -8 -96 13 -19 96 9 -55 -3 28 88 -32 -30 -80 78 -81 1 -60 -35 74 -72 42 -4 11 -61 87 3 58 96 68 42 96 -11 82 -13 13 -28 48 39 50 -30 23 64 -4 -48 -55 37 -13 -2 -89 -7 -32 -46 -60 -13 -75 -4 -89 -71 -46 71 -26 -21 -45 -73
-31 -24 -7 75 -80 -77 27 57 -81 -3 -32 -67 -52 -56 -34 -74 -19 -39 47 -18 -21 93 -42 79 -74 -40 -12 48 45 50 31 -64 -73 -34 -3 30 32 -27 -21 -27 -19 -17 -99 -72 95 21 38 34 20 -98 -35 -10 55 -57 -15 -35 -98 44 10 -16 -27 3 14 15 36 -58 64 -29 -71 2 93 97 -90 -33 -69 -83 74 -52 85 96 -86 74 -50 -89 -85 -29 92 -54 45 -20 -93 -57 -5 0 68 78 67 36 93 22 84
60 -34 13 -29 16 75 54 37 -91 -42 7 52 -29 -77 43 37 -61 -20 29 -69 96 -83 -28 36 51 -4 26 10 -83 49 64 -69 59 48 -14 54 30 -91 57 92 -92 49 -36 -9 38 74 77 51 80 41 21 6 -80 -88 -12 59 62 40 -97 41 45 -100 53 -18 18 47 -63 40 -68 19 2 76 -60 -95 -94 14 90 -14 -92 82 -30 -81 54 31 -99 -57 -91 -25 -70 -2 -8 -91 57 -8 -43 -41 -82 21 -23 -48 -79
-94 -44 -88 -49 -100 28 -65 -71 59 -34 -24 -30 -79 -97 -75 -23 39 -100 -54 -92 21 62 91 -21 42 93 30 -62 85 57 7 59 -51 -95 -4 81 -99 -67 71 61 -65 89 -83 6 -17 9 -32 9 79 -4 33 -38 27 -47 -75 -45 -64 -46 -55 28 -10 -34 50 -59 -11 -67 -56 -35 80 -43 90 63 -74 91 55 18 -35 45 44 -46 95 -14 1 -82 83 -66 6 -15 44 4 31 53 -81 42 -96 0 -11 -22 87 -18 52
-67 -11 -94 52 -53 63 -12 -11 -6 -23 -43 53 16 -96 77 79 -61 5 -49 -23 45 -28 -37 20 -28 -23 99 86 31 93 -69 -73 61 80 22 49 89 55 63 -99 58 72 -35 -67 74 -94 39 -83 -80 58 -77 -84 7 -19 80 40 -62 100 -69 -95 -89 99 -63 22 69 -18 -56 95 -88 61 -56 -53 6 99 8 -7 -28 -61 80 -54 -17 -43 73 -43 28 -89 -22 -94 -82 -78 8 10 -79 65 43 67 21 27 -98 -88 -76
-81 91 -90 75 -31 27 -32 75 -53 56 91 -97 15 -15 31 60 35 -95 -47 -8 -45 -64 -40 -78 -72 53 88 42 69 19 -29 -69 -88 88 9 -45 -60 -62 -6 18 -6 -79 14 -25 -50 20 89 24 73 -30 -53 34 -15 51 6 -69 46 -24 -2 20 -57 -14 -25 1 -69 -52 -8 -79 14 81 25 -20 -31 76 13 82 36 -100 -75 -11 -93 -99 39 32 -50 -81 69 -24 -29 97 -54 66 -53 -64 -32 18 -13 3 -87 -62 38
42 -24 63 79 -78 6 -20 2 52 16 6 -23 63 -25 -85 77 -22 -70 -34 4 74 99 52 97 -96 -43 -98 -44 -76 -53 -50 -89 -94 -92 -49 53 73 -9 33 -78 62 67 -18 34 7 -99 -48 67 29 -93 -36 2 -1 -80 18 -7 -66 -4 -52 88 -83 -44 64 -36 -76 -77 82 -80 -20 -49 40 1 -33 32 16 -67 -9 -97 57 25 -67 -83 76 -13 -88 66 -57 1 0 -7 62 -10 27 -21 67 59 76 10 33 74 -27
-38 42 32 -10 23 -24 34 81 52 -61 -55 -55 81 10 -76 -50 -38 -39 28 -81 34 52 -66 61 -63 4 22 -89 -65 -52 -62 97 11 22 -34 -8 -59 95 -34 -62 47 14 39 -22 -74 -56 29 -4 -47 39 -49 72 -60 98 -1 -48 -91 23 4 -6 80 -55 40 96 39 -11 30 2 5 -99 83 29 -2 83 36 -13 13 44 40 22 -27 -5 40 10 65 -42 -92 -58 -49 20 -78 -50 37 43 -75 43 53 -29 -46 -97 0
38 -51 -10 9 72 -60 -46 60 94 77 -16 90 -98 -29 -19 -74 65 -61 -49 -76 -33 -28 -35 54 -35 -37 -42 -23 88 -72 -87 18 27 65 -88 79 62 47 -45 42 -56 -17 -74 40 93 98 -23 46 -75 42 -60 80 20 -49 68 28 -18 44 -49 -69 89 -9 36 29 16 -6 86 17 -62 -97 -80 -28 93 -98 40 52 71 100 96 45 -11 -47 -48 85 18 60 100 41 -96 -91 -92 49 -99 8 -52 -3 66 -81 -69 -42 45
-33 -6 74 -11 -15 -6 -56 -69 58 41 7 88 -32 69 25 40 61 -74 -13 58 -15 -97 58 -2 81 77 74 91 -8 14 -74 88 38 -99 -26 51 37 -70 -46 -67 -24 -58 -98 -45 25 56 59 -51 83 73 72 40 -24 78 96 53 -21 -17 -5 -38 -86 -74 50 93 -57 -62 76 88 -81 -68 -67 -70 10 3 34 6 -2 80 54 -10 0 -58 44 -42 86 -40 35 93 -78 -54 85 81 31 -33 68 -30 -58 38 13 -77 88
-77 -97 -20 -44 62 -51 17 -40 -52 3 71 97 49 -8 74 47 -89 -12 53 20 -85 29 -13 32 39 -48 -4 73 -12 -31 -69 35 83 -40 10 76 -69 65 39 74 24 -91 73 -40 55 -49 66 -20 67 57 -30 24 -36 -32 -45 11 -97 47 -69 50 85 37 8 1 100 -67 62 85 -98 -65 -69 77 -75 30 -11 -20 -75 17 -48 98 49 89 -68 21 94 -55 26 50 -21 -41 -36 -11 -35 48 98 42 -100 -93 -6 -96 2
-64 -11 77 -64 26 -95 -57 -57 41 -69 -70 37 -38 -23 -27 63 51 -11 -71 -94 -42 -24 -70 -56 28 67 -31 -94 -76 61 98 24 -4 59 43 63 45 31 -85 -82 -59 65 -44 -54 93 70 64 -81 18 52 39 60 -37 -39 -91 48 60 88 27 89 -69 76 -68 47 34 17 53 -32 46 -55 17 57 -89 -46 15 84 -47 11 71 4 10 -87 99 -75 -47 -75 -40 -65 -57 -12 90 29 31 -93 -67 -13 100 90 -69 -46 -47
-29 -86 -85 72 38 -10 -60 55 -13 76 87 -80 20 18 7 31 25 -67 85 -81 12 -17 12 -35 89 92 10 28 -24 -63 78 -65 -71 46 -22 86 -42 -29 12 96 -26 -70 42 -92 -74 48 -54 100 58 -46 -61 58 6 16 -71 -31 -82 -5 13 -1 4 -39 69 -68 -28 -76 -88 34 86 -97 14 -23 -88 15 -20 -39 47 -64 11 -54 66 -45 -100 -87 -20 -57 98 38 -98 68 -79 75 -98 97 -15 6 -38 -71 -23 90 27
8 -82 -60 55 39 -24 69 87 69 -51 53 -72 43 90 11 51 -63 9 -66 -60 17 70 11 70 -41 -30 53 69 41 -55 -82 -11 -45 66 12 -83 36 -15 25 -87 -86 14 31 17 67 -76 71 -3 -44 -34 -33 41 25 15 -40 -56 41 -14 -90 33 -54 -5 -45 -10 89 -67 53 7 -97 -44 80 -42 -80 56 78 76 -85 -42 55 -13 -32 52 1 69 -56 47 -48 97 3 60 -89 89 61 19 -38 -73 -75 -29 26 65 38
42 35 36 22 -8 7 -45 41 11 72 -61 -34 -56 -84 37 -27 -20 58 27 60 -36 -45 41 -97 48 -9 -53 -31 74 -62 100 2 57 6 -20 20 -99 15 99 10 -53 -30 41 58 57 -84 -93 -64 16 -54 89 16 -79 97 -30 90 51 -94 42 79 60 -36 83 96 -12 -100 88 24 -26 72 50 68 -32 32 22 40 -70 -28 -67 64 -2 -33 -58 -42 21 -60 12 -36 -36 -67 -98 -21 -74 -73 -59 -94 -70 -56 3 55 -16
25 -38 -43 37 -36 54 -30 -52 80 51 39 -72 -16 35 -44 74 -49 -43 62 -88 71 74 -95 -95 -87 -58 -96 85 -18 -98 -65 -71 -10 -80 17 -45 26 75 55 94 -1 -69 -85 99 -15 42 -57 -23 100 83 43 48 -4 1 0 -7 -72 -60 -33 -50 -23 98 -56 -25 -53 -89 19 -33 -67 2 -39 24 93 26 -52 -27 -68 -42 37 71 57 45 63 -78 -91 -34 20 74 -98 -9 -3 -77 -75 49 77 67 -21 -16 -3 63 -7
-46 -49 -67 -54 0 -85 -72 -87 3 40 71 -99 14 32 -77 -61 99 -54 40 -12 -68 51 -80 70 74 13 1 -26 36 -97 -5 -71 -56 58 61 95 -80 67 -17 99 -39 27 70 -37 51 -89 -27 -36 51 -8 -21 -78 82 -43 -60 74 -1 84 67 -55 -85 -98 100 85 -12 99 -94 -35 3 -97 44 -34 96 41 -91 -82 -51 -54 -36 -42 -63 31 20 -69 -95 37 -75 -5 8 -26 63 94 -49 9 66 -74 17 19 76 -66 19
-66 54 -17 97 11 -92 61 12 88 -98 75 -9 -11 19 -60 94 -69 23 -63 78 -35 -39 -86 63 43 83 -41 27 36 64 -6 96 -3 -12 100 45 93 -89 -35 -21 -80 5 -90 13 -50 -56 -78 28 6 -14 45 50 -51 -12 -1 -58 84 36 6 19 49 37 59 76 6 -38 23 -90 -96 -70 34 -91 -14 51 45 -51 -56 19 77 -12 14 2 1 40 -93 -58 -100 81 15 32 19 -45 41 34 -23 39 -81 22 -44 28 91
-97 70 65 -15 7 50 -51 37 49 -21 16 20 -8 53 -15 61 -60 -37 -38 -89 -8 -57 34 85 -21 53 -1 77 -16 4 22 -17 -39 -25 49 -35 45 -3 -1 -41 -91 -71 -81 72 49 -34 -17 -32 100 19 -18 30 -81 48 -14 -83 -96 5 35 69 -95 -85 -1 32 4 23 -94 93 90 70 70 -71 28 -72 89 -93 73 -67 79 -73 -8 -82 -1 -28 46 -6 77 -76 80 62 -42 49 -46 69 46 22 -84 -11 -77 -56 80
37 -68 -32 -79 -59 22 70 -98 79 35 33 22 -7 84 -48 51 69 20 17 -86 -65 -51 79 -100 31 -89 1 -88 78 -1 -5 -64 31 51 -69 8 39 -94 86 67 -72 -17 76 2 55 -28 -93 -48 -37 45 -17 50 -27 77 22 -72 -62 40 -21 -43 -99 -91 -63 7 51 -35 70 -62 -68 2 49 -85 94 64 -26 -69 -51 43 -5 -46 -41 58 -25 76 -49 89 56 -86 84 0 -52 31 70 -10 -51 15 -6 39 35 74 -98
81 -68 -16 55 42 -82 -5 -45 94 -78 -25 33 -43 -15 6 18 -29 10 -6 -48 56 91 42 12 -89 -97 55 51 96 -66 -80 -42 -31 2 69 39 72 -78 72 100 0 74 -53 -39 -98 -76 5 3 -81 22 26 -38 78 -32 60 61 41 55 -63 -43 -5 88 -26 91 72 -93 15 -58 -27 47 -27 16 98 68 63 31 -33 29 51 77 70 10 -83 -90 70 77 -16 -68 78 38 -84 14 -43 42 84 30 -97 47 65 5 73
73 49 -80 21 12 92 16 81 -71 -95 -76 -32 -71 70 -81 39 21 -8 -16 96 29 67 24 -24 -57 29 -82 15 -29 32 -10 51 47 -25 20 -94 4 -15 -7 -72 44 87 -31 45 1 -53 9 95 13 -25 -52 88 77 -96 -38 97 -75 4 58 -30 68 59 -95 -11 -38 98 -23 36 56 14 30 19 84 64 17 -87 -48 -23 7 9 -55 88 -66 -61 21 -93 24 -12 -78 26 9 77 -5 63 -29 5 28 87 -19 -5 -66
-58 27 68 54 -100 18 25 63 51 44 4 12 -28 65 83 77 40 81 69 11 53 -66 -8 -8 -80 -50 23 -91 -54 -50 11 -12 -90 93 78 -22 17 85 7 -23 93 38 70 41 -52 -59 48 -65 -32 -3 -45 26 -22 17 -8 90 94 99 -10 29 18 -84 -88 54 20 34 -6 -46 47 19 -11 -19 -80 -68 40 27 97 17 97 55 -30 93 39 -39 44 38 -29 -87 82 -71 85 -2 -41 -33 1 95 82 -77 -47 59 -97
28 14 39 78 -47 68 -10 -80 -85 -61 -46 97 81 -6 -92 3 -68 89 42 77 -18 -80 -79 41 -84 52 96 37 -45 -19 84 72 94 -11 74 -7 -81 -64 62 62 9 -24 91 40 73 -91 64 -62 -73 -25 -62 -72 45 -7 -6 -28 81 -26 15 25 81 5 100 -26 -2 7 98 -69 0 -32 55 18 47 -41 -86 -1 -60 -51 -42 -68 66 86 -69 14 84 -94 -93 21 -34 29 16 -18 82 -42 61 12 -22 -84 0 34 -88
45 -53 90 -48 17 69 -53 67 63 -42 -1 38 -74 78 91 -40 -11 74 -63 51 86 79 -90 95 -60 -15 -26 0 62 15 7 -32 19 -34 76 60 86 -30 -75 8 23 28 -82 89 -66 -88 -37 0 54 -41 -4 79 -22 -11 2 23 -62 10 75 27 74 85 -50 2 6 89 -11 -22 -84 66 59 24 -41 55 1 1 -70 -46 -40 65 75 -11 -55 80 83 -95 -33 -51 77 -25 74 60 -5 100 -56 -89 -70 35 9 57 -72
14 -87 77 66 -83 -93 76 -71 -95 89 89 10 21 84 97 -43 18 -38 72 -28 79 59 21 -74 -28 65 -60 26 18 11 4 5 -80 49 62 88 -78 -87 -54 -3 3 -81 7 -4 -40 -58 -16 -53 -57 41 -60 83 -63 67 2 97 -76 -51 -87 -19 -12 79 44 -24 98 56 86 -74 60 -64 79 39 1 21 -35 -8 86 -28 100 -53 -55 7 25 -74 -68 67 89 2 -77 -8 -39 66 -68 35 -99 57 33 63 77 17 -23
87 12 71 -10 100 -4 4 74 -16 39 58 -19 -72 32 -28 -100 -91 97 41 -50 -55 79 -88 -39 17 63 93 -75 59 -39 26 28 -49 56 17 11 -39 8 15 -57 -96 86 66 -59 74 -1 62 -6 57 -38 24 76 -96 87 85 96 -3 19 90 8 -96 26 -34 64 -26 -18 71 -74 31 72 63 -46 -58 3 32 15 -53 -63 57 -38 -4 94 89 -3 76 -62 -2 -38 74 -21 24 -46 33 -45 43 -14 -45 -76 72 -4 64
68 -8 -87 -32 -17 -73 27 56 -100 99 -54 -95 13 -30 -4 -92 16 -24 -55 -95 95 62 -4 -19 -54 -17 -30 -13 2 88 98 3 -91 90 -18 -4 75 10 16 -82 -30 37 -93 -12 18 -91 8 59 -8 88 60 15 83 5 21 -71 89 17 91 -36 -70 -70 55 -57 78 -26 14 15 28 -91 1 -19 -47 13 -99 -43 97 -90 -37 -30 -13 -3 -3 54 -36 18 69 -61 55 41 -71 81 57 -87 34 100 53 12 -89 19 -1
