-1.204011
0.822904
0.768422
-0.033252
-0.149161
-2.212632
-2.828201
1.128642
-1.056850
-1.221538
0.134997
0.300199
-0.079838
-0.874571
0.278526
0.731407
-0.781718
2.062878
-0.388227
0.582330
-0.425017
-0.960523
0.372736
1.428236
0.688370
-0.232070
1.607924
-0.191724
-1.131920
0.394931
-1.200263
-1.121358
0.764882
0.286044
0.860293
-0.567333
0.336631
-0.332310
-0.671761
-0.253073
1.644793
-1.075510
0.466902
-1.168202
-0.356999
-1.586214
0.023438
0.570228
0.387706
-2.001557
1.272766
1.420918
-0.135875
0.334608
-0.593427
1.005124
0.403546
2.164887
0.301373
0.322351
-0.093038
0.230941
1.861567
-0.773880
-0.108492
-0.404974
0.210923
-1.374539
2.417331
-0.520002
0.605109
1.505902
0.712704
0.854196
0.822034
-1.075085
0.468000
-1.788325
0.631979
-1.122204
0.717464
-0.461914
1.324029
0.096600
-0.464385
0.350353
0.102989
-0.644168
-0.128044
-0.162420
0.133374
-0.114432
-0.117834
-0.094108
0.629597
-0.503864
-0.117615
-0.684576
-0.551152
-1.671663
