-0.030748
0.676298
-0.339847
0.470079
-1.598001
1.804353
0.307692
-0.722311
-0.760998
1.997135
0.564909
-0.024233
-1.169390
-0.438062
0.169135
-0.869849
1.235415
1.272549
-0.674258
-0.304603
1.040218
0.735793
0.160826
-1.378084
0.228577
-0.641177
0.979680
-1.482192
-0.552628
-0.043353
-0.185118
-0.734062
-0.740756
-1.164754
0.250908
0.966461
0.876641
-0.919100
0.325798
0.685037
-1.017989
-0.174839
1.018797
0.224608
-0.496783
1.269750
-0.469726
-0.921145
0.205832
0.337898
-0.368668
0.111325
0.095060
-1.604836
-2.336415
-0.185371
2.104961
0.765161
0.019922
1.092827
-0.375947
-0.105664
-1.120295
-1.584357
0.118275
-0.006990
-0.561444
1.197177
2.086337
-0.033902
1.086595
0.109118
-0.293821
0.535900
0.757547
-1.407865
1.116861
0.837826
-0.827626
-3.316814
0.101939
-1.072123
1.028023
0.122253
0.332082
1.626110
0.498302
-0.239139
1.581693
-0.505957
-0.512026
-1.744384
-2.415063
0.050378
-1.094863
0.496476
-0.321634
1.380347
0.283573
-0.274181
