-5 -19 -79 -68 53 41 -27 22 70 -78 95 -37 -4 26 -88 24 -27 0 -76 -22 -13 99 -57 -15 -83 -98 -26 20 -30 -85 -90 79 -15 -89 -20 41 -79 25 95 18 61 37 75 15 -52 63 93 -26 65 -20 -62 -66 17 31 -45 88 100 -42 60 55 27 95 54 97 17 100 73 -96 -13 -15 -58 24 -13 33 29 31 -94 -52 34 -65 94 -36 74 8 34 19 -86 100 94 54 -20 94 -62 -75 27 42 98 -87 53 42 -41
-66 -35 -30 -28 7 50 31 5 79 3 91 22 -68 -86 -44 -97 -85 -35 -76 17 -7 -41 -36 97 26 -60 -72 41 52 -31 46 22 -24 -6 -30 -27 -63 -40 -13 5 -92 39 33 -17 -72 -93 -28 -87 -68 -82 73 -74 85 -71 69 -40 -9 -55 88 87 79 -5 -68 46 68 81 -7 -84 95 -24 45 27 90 44 7 39 -46 79 2 -55 -62 84 -46 44 13 -76 -47 85 -81 -95 -2 -61 36 17 -34 75 63 27 69 -30 -58
4 -26 -21 -4 -19 -86 -45 -67 82 -12 36 28 -23 49 55 -11 78 -4 75 -13 65 -93 -97 -36 -30 97 -71 26 2 -27 -72 97 61 59 -2 74 26 -94 63 -38 -93 -9 33 57 70 -67 -80 43 16 53 -73 25 67 -78 29 93 -54 33 -28 -1 18 -12 55 57 -29 -14 55 13 58 13 -12 41 26 -88 30 88 -63 -69 -54 -48 -82 25 86 80 -93 -89 -75 -84 -87 -9 -94 -51 41 -8 22 -63 -51 -15 13 8 69
76 58 0 77 81 54 -57 59 54 -30 -88 99 62 -12 80 -8 -42 45 6 31 94 -35 -88 41 30 86 55 -22 15 65 64 -72 -55 -14 88 36 58 -30 99 43 -55 -37 81 -75 17 7 -4 74 90 -46 -83 86 63 55 -43 -97 -7 -2 100 -91 92 34 52 -44 7 97 88 -91 86 -82 54 3 60 -67 -72 -57 -5 0 -59 8 -58 8 -98 77 -64 40 55 -74 95 -71 36 -69 59 52 -2 11 -18 -79 43 18 82
9 -65 -96 85 -36 68 74 -76 77 82 -83 -56 31 81 73 -97 6 -7 -22 8 -14 56 -65 41 -77 80 73 -66 -8 -79 10 -40 35 18 3 81 95 -8 22 69 -59 80 -56 65 18 56 59 -3 89 100 -12 61 -60 24 78 -72 -79 39 -75 -8 52 -37 12 10 -19 -99 88 78 -31 -58 -30 92 -31 38 -23 33 47 -99 25 -40 66 39 -64 25 30 -99 79 -91 -24 -88 20 62 69 -35 10 60 -58 58 -9 74 -42
-96 16 96 -31 96 1 -41 33 -22 23 -66 -83 -10 -67 97 -55 21 24 -74 24 98 -42 59 -89 -67 37 33 7 -47 64 -93 -68 2 -96 62 2 -73 23 15 23 -77 -69 56 73 31 68 0 -23 -62 -68 -23 10 -60 78 -96 58 -72 47 63 -2 16 29 -35 -40 -79 -5 -67 -94 46 -92 5 18 -4 -35 -97 -59 56 43 -17 -58 -75 -67 -57 -96 92 75 52 24 99 65 91 -30 55 79 -73 100 -32 -34 30 49 -67
-37 36 -74 -49 -48 48 -18 17 58 52 -61 43 -94 -100 -91 37 27 22 61 -86 57 -8 -15 70 -100 24 -41 -34 -34 33 52 33 100 84 -7 65 97 5 -84 -15 -18 90 91 22 -13 -17 45 1 -100 53 84 -22 -56 78 -7 -96 -28 92 78 -54 -49 22 47 -71 -64 -54 31 -49 18 -54 79 -75 -51 10 -8 -11 -90 52 62 11 75 96 42 -86 65 40 -54 99 -24 -95 6 -29 68 83 56 20 -42 -8 -58 27 11
-100 -40 86 20 -3 14 61 78 -85 -46 62 -20 -97 98 85 23 -38 24 36 -7 -28 -92 49 34 -78 81 -14 94 -65 -92 52 -63 50 9 14 -42 -52 -28 -24 85 -29 72 -12 -58 100 14 -66 -69 -27 -95 -3 3 19 -69 -52 -3 48 -49 69 -36 16 -43 -20 -96 25 -73 99 53 -1 -2 85 96 53 -18 98 -66 49 -39 8 -95 57 -2 33 24 -52 43 73 -79 60 -75 -36 -18 56 80 97 -60 -87 -79 87 -43 -65
-36 68 -92 67 41 17 47 6 -31 -98 -74 62 -46 -21 18 39 -79 100 -92 91 -14 -82 63 43 69 -60 27 54 -81 71 -2 -40 40 -5 66 61 -55 59 48 92 55 -27 -85 -99 -6 43 -20 92 15 32 5 61 -59 -40 31 40 55 -89 70 3 48 -22 -63 -36 -73 -41 -11 36 23 25 -9 1 59 -50 -95 45 14 -21 -14 -1 -55 -3 -95 57 79 37 -57 -56 43 16 25 -64 -18 33 -2 -2 63 -75 25 -69 -46
-22 -28 88 -60 -40 -9 91 33 -26 54 -21 0 -9 39 -60 -25 -2 32 -60 -6 -57 -71 86 52 12 -52 -8 -100 -36 -44 -80 59 31 -23 -38 -79 -20 -71 97 -40 20 -70 -3 88 17 32 60 18 90 -37 75 -86 61 -65 0 34 55 -1 21 -57 -85 49 -44 -64 -26 -42 75 74 80 -46 3 -2 -20 46 55 41 25 -58 -99 3 -71 76 50 -17 -30 -66 -92 -85 -63 8 -57 52 -16 49 -81 -12 33 63 -38 -8 -59
89 -36 48 11 -50 -86 29 82 -54 -54 -37 -48 -22 53 -26 -29 -43 -87 40 -39 40 -20 46 65 -37 -97 67 82 6 -55 -52 -46 1 -49 -7 -82 11 -18 72 32 71 79 -85 -75 76 -56 20 55 -31 -75 -41 76 36 14 -3 78 86 -41 -76 25 20 -19 66 58 -30 -16 61 28 8 9 53 65 -58 43 -85 -64 30 -31 -19 34 -43 -35 -45 57 33 85 -15 70 7 66 16 -1 8 51 60 -7 12 15 40 4 87
-40 28 -13 6 -62 77 -76 -61 81 -16 86 -19 87 43 -40 54 -44 -54 6 -79 42 5 -16 -17 88 97 -38 6 86 12 80 -34 51 80 -56 52 -37 96 -4 48 39 -84 -16 35 -50 -68 40 74 -71 81 17 9 -79 40 64 57 -87 -33 -18 -16 -7 63 69 -96 84 70 2 31 86 -27 -83 -73 42 39 74 -10 -83 -27 21 -45 -88 -55 91 -18 17 -64 -12 -71 76 95 -65 -97 -48 4 -16 14 -30 77 -53 45 -41
60 -33 1 -8 -24 32 33 72 17 1 -31 51 42 3 27 64 17 -31 42 -77 48 12 15 -29 -60 50 -98 95 -94 54 64 -64 -22 63 24 -76 10 82 -49 84 -61 -94 -24 -75 -16 65 53 32 57 -33 -79 95 24 -73 82 -64 -97 -72 -14 -60 89 -92 9 41 -49 93 8 54 34 77 54 -7 -14 67 -26 32 -7 -85 -92 -42 -88 15 97 -30 17 -80 -57 33 -63 -35 2 86 27 -63 15 -72 8 -44 -59 11 -53
55 8 6 -89 82 12 65 88 -54 -93 -15 73 26 -45 35 54 -1 -66 63 80 11 4 40 70 50 -91 -46 -84 30 -66 -13 25 28 -41 12 38 -34 99 -85 96 -36 84 31 48 -15 -58 36 85 56 -90 -85 79 94 69 27 -16 -64 -59 22 7 36 -60 28 84 -7 81 52 -18 -65 94 19 -71 62 -97 72 -60 21 -54 -2 -67 62 -7 82 76 77 87 38 -72 39 65 -51 -60 -77 83 76 -44 79 -58 -50 41 -30
-80 -5 16 -46 1 -51 -40 -91 39 -64 -3 43 -33 28 -25 10 65 -23 85 -50 68 44 -39 100 -17 -14 35 -30 86 -1 23 -13 -46 -11 38 26 89 -16 -12 -64 73 95 -41 -59 42 98 -35 -75 76 -28 77 80 1 98 35 81 -4 -27 91 52 13 -43 9 32 -32 31 47 -89 -38 13 -51 -100 41 -74 72 -26 88 10 -69 23 37 93 -52 66 -61 -20 -66 100 5 -50 78 -69 -9 14 -39 -46 -80 -17 70 54 48
3 -29 -39 -55 28 95 74 19 48 -6 20 -5 -97 20 28 95 19 -73 -83 7 -30 13 65 -6 -55 -21 -90 79 -16 -55 -50 -81 23 -44 -100 11 82 48 -31 0 -86 22 49 56 -80 -17 89 -96 -30 -51 72 32 -48 87 62 37 -15 -96 -9 -95 -5 2 -23 -17 16 85 26 -78 26 47 -49 -41 72 -40 -44 -70 61 93 81 7 -28 -46 -13 44 -82 -99 -97 -97 -12 18 70 -98 59 -27 14 48 19 -38 73 38 63
22 100 17 61 -68 -84 -35 15 38 -78 82 -66 55 29 6 41 75 1 55 -97 57 -97 -17 -63 -22 32 31 -66 11 56 -35 -52 -62 -8 -99 53 22 -16 -35 1 19 -72 -73 -41 -32 75 -27 -38 45 -30 17 91 30 91 -86 55 -50 -97 75 -46 22 17 -37 100 -1 16 -10 34 16 79 50 95 15 -64 -77 76 -58 -48 84 53 -91 32 -29 -56 -70 -70 66 -39 -55 -94 2 -23 0 -44 4 48 -86 -45 72 97 33
-96 41 -76 32 36 -92 75 -52 99 -44 84 -27 -76 27 24 -96 -8 -61 79 46 67 74 3 86 100 -80 100 -99 -18 55 96 -43 -52 27 -75 58 37 82 -26 25 -36 35 25 -95 82 -96 -96 93 -89 54 79 -100 56 38 30 -52 48 8 -60 -66 -92 57 -11 -66 30 31 86 42 29 -25 -98 25 -48 64 -49 92 96 -28 16 40 30 -31 -25 -65 40 33 -75 43 -53 -78 45 -73 98 1 19 -60 99 -95 -27 38 -82
-27 4 47 -12 -26 26 -4 81 -51 23 78 51 -82 -31 91 -79 86 -10 18 -57 -58 68 -24 96 6 29 57 88 -97 -52 -77 87 37 84 -98 -73 -20 7 35 38 20 3 34 18 53 -39 59 24 -80 20 -29 95 2 -95 -10 -77 13 99 -86 -42 -72 66 -36 56 31 -34 82 50 -45 -8 62 60 -57 50 -19 23 31 -8 -84 56 -76 -59 -36 -72 39 -68 45 68 57 75 -16 -74 32 73 -41 99 100 -26 70 -36 88
0 -89 -45 67 -100 -37 87 1 45 30 71 -47 7 25 -75 -84 -9 51 22 66 -51 8 -29 35 -43 86 -27 -67 -64 -45 -83 38 50 28 -7 7 22 22 -95 -92 -88 -70 -57 -60 -89 -32 -87 -8 -29 -91 36 0 100 -4 6 82 42 -46 -53 -36 -27 34 -64 31 92 -14 98 9 -30 27 -90 94 -6 -19 7 -77 -70 99 35 37 -71 -76 -12 -49 -81 -61 -99 -64 -85 61 57 88 -36 11 -4 89 -6 -86 99 45 94
15 -94 5 13 41 75 91 -84 95 -30 23 30 32 66 -80 -68 68 79 -90 -90 60 21 27 34 77 -40 -99 93 -71 100 -57 92 17 -87 -45 -22 44 100 80 -45 -92 -9 63 -2 -16 -31 -5 66 -2 35 56 -20 30 80 83 64 77 -27 -66 -55 -53 -51 10 -88 63 75 75 -14 -29 -5 20 60 -8 -64 -88 -1 -67 -75 83 -98 -50 -54 23 -36 60 13 80 53 -87 18 -45 -65 -16 61 39 -50 -5 23 15 35 -7
29 -33 21 -45 37 78 -98 -24 -89 -8 -92 -24 68 74 36 -17 13 -4 -37 33 60 -84 80 28 -97 -83 94 -10 -39 -30 -81 17 26 94 25 -80 57 -82 -13 -65 -14 27 -54 4 -94 4 38 25 -99 10 -95 -22 -2 -55 -37 -79 87 21 34 42 95 57 37 -16 51 -60 -17 -14 -68 65 -26 -51 -100 41 80 55 -55 -39 87 7 10 -24 82 9 54 -94 -46 -40 13 -89 94 -70 -34 75 85 -73 9 37 83 -72 -41
-46 -97 43 3 59 -33 36 4 -44 63 -30 38 -40 30 -72 -50 -56 -29 75 -78 -47 36 -4 -18 -27 78 92 31 74 -16 -7 64 -47 66 -31 68 -75 85 58 45 -74 -47 -100 -44 -61 87 91 -36 -57 -83 91 64 99 -42 -84 -30 69 69 -88 60 56 -6 38 12 -95 -43 -76 62 -77 51 -18 90 -54 -69 -87 68 23 80 -81 30 95 -53 81 23 55 41 -70 59 62 80 3 59 53 -15 -19 -95 -33 25 56 16 -92
-98 88 55 -90 44 51 -24 14 95 86 -85 23 24 -46 75 15 26 -54 -53 45 -57 -73 93 -16 17 -76 -30 -92 -43 0 6 -50 -33 82 22 -8 -94 -66 -12 -36 -18 -43 -39 -33 -38 -96 -34 39 -60 -90 -29 -78 -15 29 84 73 87 -97 -64 58 -38 -91 34 -48 31 -66 13 -76 1 49 98 91 -88 -97 40 94 82 28 82 -78 66 70 96 36 -51 86 11 -28 24 -91 -33 -59 -98 -36 -41 46 -58 53 67 -45 -63
76 5 90 29 49 100 -82 -18 90 90 49 -87 79 40 31 25 29 -60 92 70 39 94 -70 -91 -75 45 51 36 -28 -98 58 -15 94 79 9 -22 -13 -28 -97 -13 21 80 -63 64 55 -45 -66 5 65 -56 -7 -35 -29 24 0 -41 94 2 -63 32 21 -46 -4 55 -44 23 -12 -30 -81 30 -69 94 9 -47 -51 90 -99 -49 -38 -27 -98 -32 -17 20 46 1 -18 -7 33 -86 -54 -33 -99 -9 22 38 49 89 -14 51 -26
-39 33 -19 79 41 -3 95 -3 -83 -47 42 -86 56 3 -38 80 -28 74 -6 -90 -13 93 -83 -78 72 64 5 -49 15 -19 57 -84 -12 -36 22 -33 -96 30 -43 81 54 67 36 94 91 -55 -61 17 63 66 -66 -69 20 16 -5 -79 45 18 93 52 26 32 -13 38 86 86 -92 63 67 42 31 -20 97 42 73 70 61 -92 65 -49 -21 -33 11 -35 -59 -40 -36 23 -94 -31 -30 -61 -17 -79 70 -10 96 45 -49 -57 4
-13 85 -51 62 -75 -27 35 74 77 51 -76 11 74 27 -30 -76 14 22 -62 -30 98 96 1 74 77 -22 -6 85 -39 -85 -64 -60 -71 66 -32 16 78 99 74 19 5 70 67 -16 -5 32 -88 -96 94 -20 75 72 67 -93 -73 -19 -82 -72 81 85 -29 45 35 54 -74 2 -77 -40 -17 79 -82 54 -61 72 -46 -45 59 -81 41 82 26 98 41 -93 -64 -94 80 -8 32 84 0 68 -95 -24 29 84 11 62 -65 -83 52
53 -27 -76 29 2 53 68 -10 -10 19 14 58 -9 -37 4 -54 -37 73 6 90 8 -87 -10 96 51 -58 38 37 2 -97 -39 64 34 13 78 10 -69 -65 87 -85 -17 -48 -24 -67 10 -18 43 -82 12 1 -77 49 -18 16 -27 -40 71 -85 -37 6 28 -64 -5 -73 46 -25 -20 -48 -20 -100 51 -94 0 -66 -20 -19 -55 -46 21 -92 7 -27 44 57 33 20 -34 -60 69 68 -24 15 46 -72 -50 80 93 68 -49 -60 71
83 62 42 -72 -65 22 -13 1 -76 -92 -70 81 90 13 12 73 36 72 -26 71 52 -29 0 72 84 16 2 95 17 11 -49 100 48 98 63 -17 -68 -69 -52 -69 4 95 74 13 -26 -48 -84 -70 84 -52 79 20 -57 -55 24 -44 -89 -40 75 54 35 -6 -44 -33 -7 -18 -20 -23 -65 -4 52 76 96 75 -55 34 40 -29 92 74 -99 -90 39 59 3 1 -6 67 -92 88 -100 81 87 -52 -53 93 -90 -98 -24 25 89
12 -89 23 100 -96 -84 98 87 -60 4 72 -89 -51 -49 -50 -82 82 -45 -76 9 79 87 -5 -86 34 -87 25 70 69 94 -26 -2 92 -37 90 -16 1 5 14 44 57 69 -31 78 2 6 91 65 5 14 -49 39 90 -67 -79 72 -53 -37 -30 55 85 -99 69 -86 1 53 -67 13 -21 43 96 -82 98 -55 -77 -60 -41 -6 -54 11 -68 33 41 -7 98 -6 7 -74 24 -10 9 -66 90 -40 -23 -87 33 -50 50 -83 55
-14 -69 6 -78 -11 29 45 -20 -84 47 11 -55 -43 -28 69 -92 66 -82 22 -1 81 -23 93 45 -51 -85 -1 -17 -66 -65 67 20 -5 -93 -73 78 -4 23 62 -6 40 -49 -9 53 -69 -28 -56 -28 -28 -6 -50 -78 -57 25 93 26 28 4 -59 85 -31 100 37 -57 -74 -81 -53 -14 65 -41 25 -71 97 56 26 96 -85 -80 43 -97 -27 89 5 60 58 -19 56 32 69 -14 38 2 46 87 63 -4 -64 22 71 59 87
52 -6 29 4 -42 77 -88 69 44 94 -67 -69 -100 -61 35 6 -98 -9 -44 29 -22 37 -54 -36 -54 19 -17 -56 -45 21 63 -63 -54 66 -36 -53 84 22 -59 -19 79 79 77 85 -96 2 -61 -79 -60 -37 -6 11 59 -11 44 -21 82 -72 6 66 -51 31 -56 42 8 -43 -30 41 37 97 -87 -51 81 -90 80 40 89 3 -64 69 -92 -72 -38 46 98 23 54 32 3 -69 86 -31 53 79 32 -32 -5 -71 -89 86 -88
18 -31 -33 -1 -58 -100 -92 94 -69 -71 -88 -59 -32 -24 44 -31 12 12 27 96 -96 59 -64 -6 -44 -12 -16 63 58 20 -59 -26 43 36 75 -16 -10 -17 21 92 -84 5 -57 20 -46 -83 -44 7 61 -59 -92 19 -26 -87 -3 68 36 13 -70 95 -72 43 63 -81 79 31 -27 11 94 73 85 67 88 95 -47 -65 -59 19 24 -76 -98 -85 35 -59 -3 -21 77 -35 1 46 86 77 57 -82 -33 41 -61 -92 39 31 47
50 28 49 -16 98 -87 42 33 -13 76 -52 -63 -57 -73 -86 2 -13 91 53 -60 -75 59 -52 53 -23 -45 -89 -33 -49 13 67 -64 53 -76 39 -76 -56 100 62 22 -15 -36 71 -37 3 -18 98 -74 73 -14 -49 46 47 -96 -61 -60 23 -1 -25 -49 -13 -83 66 -63 -28 25 0 42 63 -26 -66 -27 41 -31 -14 80 51 -17 52 3 -11 39 -69 -10 61 91 88 6 62 87 1 74 83 -51 30 93 99 14 -19 58 94
99 68 -63 60 -48 32 38 -94 20 -27 -30 98 -34 40 9 81 -4 -11 -85 -58 15 -12 7 90 -15 57 57 47 35 79 62 -55 67 -20 39 18 -89 -1 69 7 52 -2 -84 -47 17 -7 45 30 -59 -50 67 -85 80 -17 28 13 -77 -15 -87 -70 83 64 -22 11 -54 38 44 -24 -81 16 -93 58 -25 -7 74 -82 -83 -46 60 94 -35 97 -65 -43 21 28 -89 34 -66 49 61 -14 -40 -31 60 80 3 -54 -76 64 -14
-8 77 33 -79 -93 -97 -32 -99 -1 49 -81 93 37 70 92 -18 47 -54 -35 -47 -62 -41 86 18 42 99 -17 -27 12 6 42 -33 -97 -72 -79 -63 80 86 -88 -88 -35 96 83 56 -25 66 95 -56 81 91 34 -80 -99 27 -12 42 18 82 -6 -6 44 88 92 6 42 -49 -93 6 -45 18 -87 -24 -30 -54 -62 -51 -86 -86 -40 77 70 52 -42 27 -78 89 96 58 73 53 -25 -99 -93 -32 -69 71 44 -41 -9 7 -62
91 -74 -7 43 73 10 34 -15 -34 18 -18 28 58 -2 -79 -72 43 -9 48 -84 98 -23 -76 -98 41 -1 -52 46 47 -72 27 -36 -70 16 -59 48 43 26 93 53 -40 56 -18 54 -59 -98 57 95 -81 -99 59 -8 24 -89 99 91 67 42 -19 81 1 -30 85 -60 45 67 -81 -82 -41 -4 83 74 68 61 14 -2 91 -8 -14 -54 -28 -56 0 61 -9 9 60 -72 -4 94 -69 25 -94 51 -70 -14 -56 -43 91 97 -9
60 41 46 -48 86 -18 54 12 6 96 -61 58 86 97 94 37 -92 -19 3 26 -42 -76 7 -98 -11 56 -16 52 -57 -16 -89 12 -95 98 46 24 -16 -57 74 55 -64 70 -24 -9 93 -58 39 -93 55 92 -76 -10 85 10 -49 -9 -9 -38 50 -70 -19 39 54 -46 -32 -3 59 14 -92 -30 93 73 11 -91 -23 -78 41 13 -72 -96 12 -79 48 3 -70 -26 -79 55 19 45 79 -84 -95 23 68 -38 39 73 -91 1 -3
14 93 -98 91 64 -24 -12 56 -65 98 -98 -90 -6 -30 -73 -28 34 -95 72 -26 -73 10 95 7 -72 79 12 -82 76 -72 -49 75 -4 -44 -78 -29 -5 98 -17 32 -12 -57 -29 7 -48 4 69 -31 -50 80 10 98 58 91 -74 -76 9 -24 98 -57 83 98 -68 -20 16 -68 -82 38 -84 -56 -76 -52 -14 -70 -37 12 13 -100 -31 -69 75 -34 -30 29 -74 31 3 29 -53 100 51 12 1 -11 46 17 38 -87 14 38 -25
86 25 -64 -69 8 -93 -62 10 63 84 -67 4 9 77 -63 72 49 34 96 51 73 -41 49 -67 39 14 63 -59 -68 61 94 94 -10 -1 54 -97 -40 12 60 -45 76 -26 67 46 -6 26 -13 -23 46 27 -84 -52 38 52 54 -58 17 -86 42 38 18 -26 -34 -76 -17 93 -18 -59 -66 32 64 -71 36 79 26 95 1 -26 7 -38 -60 -51 -69 73 -89 11 12 71 -4 -70 -78 60 -30 71 67 15 89 -85 -42 74 65
71 5 -58 72 -71 -79 -20 -72 -49 -49 15 28 14 -80 -54 3 52 11 93 -39 -94 -15 50 -10 -65 71 62 -63 -34 -87 -59 -56 6 63 -91 7 88 21 -53 -89 -71 -16 -16 71 31 87 63 12 37 90 -56 1 -61 -43 -10 -64 -65 -12 18 -99 92 91 16 -45 77 97 -33 30 9 -3 14 -81 87 95 -46 90 69 -27 -48 -48 75 40 15 37 -8 -78 -61 -61 -38 -50 -90 27 46 98 49 64 -46 -5 -94 61 -50
61 81 -22 -96 97 -26 93 -16 -98 -8 -97 30 -35 -47 27 -70 100 -82 -9 25 -33 -4 -24 -39 79 -1 -12 75 -87 -50 5 44 24 -47 -40 -70 60 43 80 55 42 -100 71 59 -99 36 39 28 42 93 -11 -92 -9 -30 -45 5 -57 84 -38 -57 14 0 19 33 -78 22 34 -20 -17 -70 -97 62 -42 93 -26 -87 -59 62 96 57 -68 30 99 46 -8 8 51 -80 51 -6 -67 -79 -33 93 -95 42 -1 45 22 33 -86
62 68 -19 43 -82 -20 -30 -56 45 65 94 24 4 42 -76 92 -89 15 30 97 84 -11 -36 82 -57 -56 -46 -72 58 16 7 6 -69 58 92 96 -49 -63 -68 9 -65 22 -60 24 -88 -71 -54 -78 -96 25 54 90 -81 -43 48 -87 -19 -77 86 -22 92 87 95 56 -72 -7 -94 33 -78 -44 68 -29 76 -9 -65 -89 59 -23 -29 -68 49 55 58 -67 -45 -80 3 -100 37 27 -20 88 -73 55 -89 -52 77 -64 90 97 -42
-82 -46 56 -71 -13 -79 23 7 -99 21 89 59 23 -42 68 23 -6 19 -32 -32 55 -85 76 -91 63 87 -28 -77 -96 -25 -94 -23 -37 -25 68 47 61 -87 -39 -18 -2 -50 -50 18 27 87 29 -10 7 87 27 73 51 -6 23 7 32 8 87 12 -19 59 5 72 -79 63 -8 87 -20 -34 -23 32 8 -7 -60 -81 -8 96 -8 39 75 -19 -55 -22 56 28 -8 -56 -18 75 81 -72 94 71 -45 -92 88 -70 62 78 -8
-45 -7 3 13 -45 90 66 -54 -65 -91 -34 -82 -77 -23 18 -35 94 -24 39 50 -64 -69 -63 29 52 12 58 67 23 24 -77 66 -53 -54 -27 -85 20 17 88 -40 21 37 88 -64 67 -63 39 -14 78 -10 49 -67 -51 1 -21 9 -93 -99 90 -43 35 65 -99 38 -21 -44 70 30 -14 -87 -46 80 -78 -5 50 -36 53 22 30 66 30 1 26 27 13 53 25 92 40 22 22 -34 -32 21 26 -21 -71 13 -22 37 25
-44 -62 -58 70 -86 52 -74 -26 -2 37 -24 -42 -20 60 85 -99 35 49 -6 -97 81 -15 -6 -72 5 72 85 -47 51 -32 77 -89 -82 -26 47 -33 -69 81 -89 -27 75 24 -24 87 87 -88 -95 65 72 -79 -91 49 -32 65 -3 23 34 -92 96 -25 19 6 30 99 -69 -54 -23 -97 27 -64 17 54 -2 -37 -91 -55 26 -42 38 45 -27 -87 62 -29 9 -77 -37 -67 98 90 -42 12 98 19 -67 18 -56 25 -83 100 -69
-34 -90 46 -21 -76 1 -71 -41 -47 -29 -50 97 -24 -70 -32 31 -72 -33 -81 -98 -69 -79 -23 27 -25 73 3 92 -66 51 -26 -84 87 0 -75 -77 -68 -68 -5 79 50 -83 -7 -15 -32 -35 -70 63 -74 -89 44 39 95 43 -30 -31 44 3 67 11 75 13 -35 77 -27 -21 91 -28 -68 18 -89 45 31 -67 -12 0 17 27 71 -100 41 -83 -40 -96 -97 -69 -11 36 -63 21 -3 -93 37 -44 61 -24 46 70 -74 99 26
44 29 54 -46 31 -91 83 44 -58 57 60 -83 -11 65 -58 -42 34 66 -38 2 -46 -80 66 -60 32 -96 64 40 5 -47 -52 26 -4 44 26 98 16 -59 -52 70 5 93 63 -98 -3 94 -27 85 -92 -80 83 75 -5 -6 -14 9 -81 4 35 -47 -71 30 87 -29 17 39 -91 -54 -15 6 -89 85 49 14 2 -32 -31 80 -43 40 -71 -39 36 -46 -90 -99 9 -70 18 83 23 67 10 38 71 22 85 86 15 91 29
55 -6 -66 68 0 -94 66 -44 87 -82 47 -67 1 -5 -82 83 71 75 26 9 51 35 -93 10 -68 -70 -66 -14 -61 16 48 -83 0 -98 -35 -86 -33 65 22 -71 -63 -39 79 33 41 65 -83 5 23 57 -68 71 74 5 36 78 -79 77 -2 8 -20 -79 -62 -66 -75 56 -36 -54 89 49 -20 71 96 -42 -43 -88 -62 49 -48 -44 -86 76 -12 79 38 42 -34 34 -36 -91 62 40 -1 74 86 71 -16 25 -71 3 -67
14 7 -3 -79 10 70 28 10 54 -17 -15 -20 -58 19 -49 12 -77 49 99 63 -34 34 61 46 9 -21 36 33 11 28 -19 -46 6 -20 2 -16 12 52 9 -50 69 -26 -85 -88 -83 57 -29 -66 -83 9 -55 23 -74 -85 73 94 0 62 -74 -53 -58 -87 79 9 -81 -57 -98 7 -41 -24 -95 -28 -20 -7 -52 -97 99 69 -13 -28 -12 20 73 18 82 14 -34 -34 11 -75 -48 -99 -44 -12 -63 -80 -92 37 -83 39 -36
3 89 85 -15 97 38 54 -34 -10 27 -75 -98 -86 -41 69 54 -95 82 -92 92 64 48 -90 -45 -14 -82 -46 -99 -22 -66 56 92 35 96 -20 69 84 -58 86 -15 80 -31 25 66 -82 64 12 -70 88 -99 24 -6 -50 -80 -55 41 -57 -33 -83 -65 -1 49 -58 -46 86 -67 -20 -59 -19 -92 -1 0 58 50 -7 90 -100 -22 20 52 -22 -45 -41 -68 -86 -100 70 -69 -4 -100 -59 -80 -74 3 3 -36 88 49 -11 9 -47
-19 74 30 -95 82 -55 13 -78 -15 76 99 -73 -34 -100 98 -70 -25 -23 -40 -62 -24 96 84 -78 2 -7 25 -22 21 -81 -80 -23 31 -69 -68 -43 -74 8 9 99 -78 19 60 76 -34 -78 4 81 81 65 43 45 28 63 39 -70 4 -88 -13 61 -60 -23 18 92 -10 23 40 5 9 -86 45 -47 54 92 90 58 -84 -64 42 -12 -19 -98 34 98 -54 10 -28 82 73 -55 -3 59 -73 -51 98 -98 -40 28 -71 -94 -4
53 -86 90 26 -61 7 -88 6 -44 32 27 -40 -9 58 2 90 -21 55 -37 6 7 -22 -47 75 74 60 80 -20 0 93 -8 -85 7 -50 -30 -26 37 19 -92 42 -57 -31 -37 57 3 26 -40 -88 43 14 75 -90 -9 -46 49 35 53 50 -47 -19 -22 82 -11 10 12 80 -94 5 81 -79 36 85 97 -14 -14 100 -4 83 71 81 18 -30 -78 -27 45 64 -64 10 -44 -75 37 80 -16 -98 96 54 -61 -3 56 95 81
-49 -11 85 27 -5 67 32 58 -33 65 -31 -98 51 66 16 75 -61 69 -65 -98 -89 86 57 39 -18 -8 -44 65 97 10 -72 19 -68 6 24 81 83 0 -2 -70 -51 43 -92 43 -50 20 98 -64 52 -36 74 -18 41 11 36 28 72 23 -22 1 80 -22 -66 -21 -39 59 0 -94 -91 9 51 31 83 -90 4 -51 31 -42 73 -58 -44 33 -56 78 34 -56 88 -6 -40 -37 -4 -75 64 -71 -50 38 15 66 21 -27 -4
60 10 24 68 -8 6 36 17 -56 19 47 48 -18 -10 59 69 56 -100 -9 -30 -94 -55 -17 22 12 13 -39 -99 -99 -13 5 -46 78 33 -91 -55 -1 90 -1 -9 -70 67 -74 84 8 -77 87 87 -92 15 -42 97 44 22 -83 -26 -54 59 -66 -3 2 -61 -42 -37 -64 -6 69 -49 12 2 -81 47 0 20 -26 31 64 43 75 -29 -19 35 -96 36 8 -42 -100 90 12 -29 -30 -79 12 -52 32 -25 -54 72 -13 48 -20
-6 -33 -39 25 36 -54 88 -18 -40 -99 -74 75 -60 92 34 92 -6 57 42 65 15 -97 55 -74 62 -55 88 61 46 95 50 -56 53 54 -27 19 -19 -13 -93 76 -47 -4 13 15 -63 21 -88 49 -37 84 -40 -76 -8 -38 43 -41 -10 -61 32 -36 83 -85 -67 -83 81 3 -16 -42 53 94 -77 -18 -18 95 -53 1 -52 43 89 17 98 -13 -58 63 -10 36 -11 -34 87 35 -10 87 -87 73 -40 86 1 -70 75 -91 28
-33 -7 60 -14 -10 -36 -52 53 6 86 31 34 -76 59 72 2 -9 -70 -34 -39 -65 -25 -47 -60 99 80 11 -14 -12 -77 65 -17 -100 39 -20 -73 -13 37 57 51 -18 -56 -7 -80 -69 -31 -89 18 34 -81 -49 -78 -63 -46 -47 24 40 26 31 5 51 -56 83 -55 10 76 88 37 39 -33 1 -36 24 37 -72 -13 2 63 -60 -10 -36 -78 89 -42 38 35 -61 -72 60 49 87 -16 -16 14 -34 78 -50 -47 -6 50 55
25 90 1 -60 26 -11 36 -2 56 0 -6 22 -81 78 12 -96 -92 74 -6 -74 -38 85 -2 -39 12 18 -60 77 -98 74 32 5 82 -62 17 -22 4 64 4 -11 36 -20 -82 19 -74 -69 -78 -8 -27 8 -37 -16 -58 92 -49 26 -13 82 -19 60 71 -7 -96 7 94 -87 10 77 -44 -18 -13 36 -64 10 53 88 76 21 19 95 -7 -27 7 96 62 25 40 29 85 -30 24 66 -80 100 12 47 24 31 -7 -63 -9
9 -1 30 69 -5 72 79 -28 1 99 19 -57 77 -21 -24 -62 29 -9 3 36 -49 88 -82 -73 39 -95 -85 85 87 64 80 78 71 12 47 27 56 75 -30 32 -90 44 -54 -91 12 60 55 100 -6 -17 39 15 -55 74 -88 35 22 79 -60 -75 -82 92 7 59 81 40 -28 33 48 84 -88 55 -71 62 -52 -84 -67 -32 80 -8 7 63 47 62 65 72 -2 -8 43 83 -19 -3 -30 -45 -37 71 9 61 63 -4 62
-23 -89 45 78 -84 -93 -8 -28 -32 37 42 -4 53 57 -78 -17 -16 54 -43 18 65 -25 45 -42 -4 40 -74 -61 81 -12 -86 86 -27 9 99 56 -14 -32 45 74 -46 -86 -86 -57 -54 -33 -73 32 -46 18 -58 8 59 -66 -8 -28 -39 50 88 -23 -82 -34 24 -86 6 -97 -2 -63 34 96 -75 -2 64 -33 69 -4 -21 90 76 -35 12 40 -63 65 -82 -48 -69 69 -37 38 24 35 36 -20 -99 83 -9 60 -10 -36 -52
-59 23 69 96 -51 2 -22 -98 -75 -94 22 67 -41 57 87 -48 5 67 36 46 57 -70 55 54 47 68 -23 -45 15 63 57 97 -52 89 -27 -73 -6 -40 94 -73 46 -27 88 -73 96 55 -90 83 -10 99 10 -83 1 54 81 100 -66 -11 3 -40 -57 -21 61 15 -10 -97 66 -7 -57 3 -19 62 -29 -34 67 95 -80 -26 -65 -72 -21 -45 -45 54 -47 -42 -65 57 -97 56 50 90 -80 53 11 -3 -81 97 88 84 -59
-15 -24 -20 11 -95 66 -59 54 35 -77 48 -68 5 60 -58 40 33 47 53 40 -75 45 -21 69 -81 -68 -17 -56 28 46 -58 -22 74 29 85 57 -29 85 -38 -84 -28 79 -21 -56 -13 71 66 -61 98 -38 -64 -17 41 -67 -50 -95 14 90 -60 38 -75 -1 -1 57 -86 72 -52 -21 -64 -2 -31 -49 -2 -40 64 -78 -97 9 69 74 94 41 100 79 59 41 89 -90 29 -89 -100 34 47 -2 3 50 14 60 -19 -2 18
1 47 35 77 -42 37 50 44 -16 -68 -86 -6 33 -45 -59 73 74 -27 29 65 63 57 17 42 -19 95 98 -94 53 -92 -30 -8 9 -88 -99 97 44 -16 25 -55 -51 63 25 -7 -41 2 14 3 -39 82 -29 -5 -97 15 -90 7 84 76 -28 -20 44 -84 44 98 58 29 43 -100 -91 -50 -98 7 58 -7 34 -83 75 21 -22 8 23 -68 39 -63 -6 -35 -79 -16 -18 67 -12 98 0 91 60 53 93 11 -19 -22 -42
-18 14 29 56 11 86 -96 -76 -54 -92 9 -25 3 -94 -32 -57 35 -80 -96 85 41 75 -54 6 -80 -79 17 -69 8 -37 39 85 -22 49 30 19 92 -72 -21 93 -27 53 -99 -75 -40 68 -31 -73 -50 5 -31 41 -24 88 61 47 -1 68 70 -70 80 -31 -11 -36 34 54 36 0 60 -84 -38 -77 -47 35 -57 -81 47 -77 76 -15 -91 -100 1 33 -49 70 -76 -61 24 14 -27 -3 50 -71 -94 61 77 -40 -7 57 99
30 -57 25 -22 -12 67 81 2 -10 -73 -54 96 8 21 76 -33 54 17 28 -51 -84 67 10 -81 -90 4 13 50 68 14 -83 -70 42 -26 97 -19 71 -23 18 14 72 23 -22 -41 59 18 54 -70 -49 -47 17 48 68 -97 13 -88 68 64 -72 -95 -31 -33 82 49 -5 -65 -5 87 -69 42 -55 -21 66 29 -35 38 22 -52 16 -8 9 90 59 37 -97 72 22 14 62 -28 -53 -79 4 40 -6 -23 28 -52 -60 81 92
-86 -7 86 44 97 -98 -34 -5 -71 -89 -85 -45 -23 9 67 -76 73 0 52 52 4 9 64 5 38 78 96 -99 -44 10 44 -63 -47 69 72 61 56 -95 34 46 -40 -19 9 -28 -71 63 -6 -11 -27 -78 -59 -94 15 -73 79 -87 73 -8 -66 -85 8 56 22 -54 66 6 -30 -93 40 -91 -75 80 84 -14 -2 -97 13 -7 14 79 88 -45 -27 -41 66 -13 -86 22 -97 -9 100 -29 22 -62 -4 33 -23 38 -50 86 80
32 82 -84 18 81 78 17 27 -57 86 -73 67 67 35 15 -96 81 -53 -63 -8 19 -27 -7 95 -58 -81 70 97 -81 16 -51 7 75 -58 47 -29 -54 -31 69 89 -34 56 23 -31 -30 -28 28 65 -60 -19 -82 87 2 -71 -2 35 -6 -90 -52 9 -18 -74 94 -75 -72 -70 31 24 -75 -85 80 -64 41 84 25 4 34 7 33 59 22 -33 -84 90 72 59 44 -85 -79 -63 -13 -59 -35 20 -49 16 -40 -34 45 -80 67
-87 -25 -89 -89 69 -22 9 6 74 74 -20 100 70 -17 -68 -69 -99 -56 40 -57 65 5 -70 72 -89 95 95 -13 -66 52 -55 79 -42 41 84 -66 64 -60 23 -61 -67 -85 -74 -46 19 23 0 -90 97 -70 37 -100 86 -52 -11 75 6 91 -76 -81 36 74 70 -83 -62 22 -92 -66 -73 25 7 5 9 85 -78 83 -98 -57 -32 -35 -92 -40 54 98 37 -94 -11 -17 -51 -90 -99 28 96 -3 90 88 -65 -43 97 -27 -4
-85 64 -55 56 -81 -80 88 100 7 79 -53 -62 34 -28 -49 16 -45 34 99 54 -100 48 33 5 -66 -98 -85 -97 99 -16 73 69 7 -95 11 -23 30 -50 7 13 92 42 40 -30 39 -90 -30 43 -42 92 35 -66 41 -71 55 -67 17 -20 19 39 -96 -58 -67 51 -89 -5 -90 -77 -60 35 -37 70 -5 -28 17 -1 -24 -47 10 -67 7 38 34 10 -44 74 -21 -94 -8 -8 12 8 -1 -27 -14 82 -74 -5 5 24 48
37 64 -9 29 96 46 -12 -51 -88 9 46 89 4 57 8 -83 61 32 -18 -33 4 -44 -33 -95 -24 16 18 91 -6 58 -5 7 -60 -10 -37 -6 57 -51 -71 82 59 -45 70 -59 -54 41 67 -90 83 -65 10 50 30 54 18 42 -96 -56 -91 80 -35 -24 -99 71 -35 -44 82 -37 8 -15 -16 -35 -99 -15 36 -16 38 73 -61 -25 -84 9 51 44 -80 4 40 44 -38 -33 35 42 -94 -42 -6 2 -2 80 -9 -50 92
-56 -28 71 2 -37 -30 1 82 -78 -100 36 40 87 -27 9 22 55 48 -24 -75 -30 -21 -58 3 98 -23 -73 -39 -80 55 -91 -15 -84 -13 -73 -80 73 -91 77 97 43 -38 37 43 22 24 54 -31 -86 17 6 -41 35 41 -3 96 83 -11 91 93 -44 -52 -53 13 -50 38 18 48 89 -35 44 15 -85 -55 78 -78 62 -15 44 50 42 79 -29 1 -62 -7 -38 49 93 10 9 -42 -71 -13 85 -85 81 -73 8 68 -88
65 -46 -60 -73 36 81 -86 2 -29 -67 91 -7 -7 -23 -5 97 75 -47 -51 -39 -83 42 -59 86 -71 -19 6 -77 44 44 -17 -97 16 92 -63 -52 -74 35 -24 -43 -5 24 38 -1 98 55 20 -82 98 -84 52 -64 15 -43 -40 -32 93 17 -53 81 14 -76 0 76 14 -96 -1 74 -95 -62 33 32 -12 60 36 -42 49 10 -90 70 -81 -44 52 83 -93 79 -20 -33 -100 34 15 10 -37 10 70 -33 -50 23 -31 44 92
-77 46 76 -53 90 84 48 12 -64 69 -2 -44 5 19 32 -45 96 -52 93 91 -8 12 100 71 -60 33 48 56 -3 11 40 68 -3 -97 -33 11 -97 -35 -40 -56 -51 41 -84 71 80 -13 -17 -93 -62 -62 -7 -84 83 21 -62 -46 -80 -64 4 58 94 -23 -57 77 18 95 10 5 1 -47 -19 99 -61 92 48 35 89 -36 -5 -99 -71 64 47 -75 21 86 37 -65 3 -9 99 33 -43 95 73 10 56 -16 73 24 -76
-9 66 -11 45 -1 19 -19 80 -6 -47 33 76 -13 -23 -67 -19 23 91 -79 -31 92 -69 89 -33 49 -79 -100 24 -44 35 51 -69 -38 46 -99 -31 31 39 82 -4 28 -22 93 26 66 -78 86 -64 24 -11 86 81 85 -76 -79 -76 85 54 -1 75 76 -21 -66 10 63 33 90 -68 7 50 61 0 -23 -57 -24 61 38 98 96 94 -94 -92 -95 30 -61 80 -20 28 53 -61 -61 26 56 -33 44 62 62 -82 79 -87 93
-37 46 11 -88 -40 26 -66 9 -85 14 -73 -15 21 -85 22 -71 -95 -79 30 95 90 -29 67 56 -85 -77 16 26 2 -81 76 72 78 -74 50 -17 52 -5 79 67 -35 73 -20 17 15 35 88 -93 15 -86 14 88 -91 -48 79 39 -1 -80 54 -3 1 -20 -78 29 -77 83 42 -44 -74 17 -55 -14 -9 -63 23 -3 -93 -75 18 17 -6 42 -55 -34 18 -3 42 -93 -40 53 15 5 48 -14 37 77 97 -54 -69 58 65
86 13 16 13 -55 89 47 40 45 66 28 -68 33 43 62 -44 57 38 -4 -81 -28 -6 95 -83 61 -76 38 38 -75 77 56 -64 -31 4 63 -53 36 -90 -54 -69 -6 90 -49 -97 28 88 -32 76 10 61 -33 63 32 84 -30 30 -58 30 -46 -56 -56 -27 -62 -20 42 -3 16 5 47 78 -97 -5 -92 -20 -59 -82 -91 39 27 -87 -31 34 24 -80 -32 -52 79 16 -50 100 -46 -3 81 61 64 63 86 9 -60 -15 -27
44 12 -49 -85 78 -80 -63 -67 61 98 -79 -84 65 63 -13 39 6 85 -84 42 98 -3 -48 -3 33 35 100 -98 -24 75 -69 44 -80 -49 0 -95 63 -13 -64 51 77 -100 -8 -65 57 29 -28 21 -44 1 53 -29 -95 54 61 47 -23 74 70 -71 82 -89 49 25 81 -52 -32 -59 -71 61 -32 -22 -42 -73 40 4 7 -54 -93 76 48 34 -35 55 -43 -78 61 -5 70 -50 75 25 67 -69 62 37 18 -41 -44 99 32
-23 40 -87 -85 -50 -20 -32 30 -52 -96 64 -55 53 89 35 -100 -98 -55 52 94 -46 -55 -97 52 -63 -59 -56 3 62 94 69 -12 85 67 -6 63 73 -47 70 -5 -14 -45 72 62 24 -94 9 -5 3 37 95 56 100 87 82 -61 10 -6 -1 5 79 30 -61 44 15 12 -68 27 -17 -62 -56 84 14 -57 29 -43 -32 -22 99 74 -5 64 13 -4 1 -70 -86 -45 -7 74 78 -20 79 -69 3 -99 31 25 74 -100 -85
76 -37 -55 -15 72 83 3 -52 -59 -19 -85 -21 100 -56 12 -17 -14 -10 92 36 -42 69 -29 82 76 9 -28 -95 -32 25 49 5 -71 -87 48 32 34 98 97 -63 28 -14 -35 -21 -30 90 -8 -86 -24 -42 -37 48 58 -17 -71 91 -88 -93 -53 53 -73 -100 -55 -98 13 37 -47 -62 93 -1 -64 46 12 79 79 21 -67 91 -69 52 -92 -89 -25 6 28 48 73 54 -35 -13 -91 -32 -69 -22 72 16 3 76 83 -99 -54
33 -85 65 -46 -87 -74 75 -100 -68 27 100 91 44 -44 84 29 70 -79 63 -30 -14 -72 56 94 -17 55 -19 -83 87 -87 -58 6 92 -2 -41 -57 -40 -46 -100 -24 60 8 42 -3 -62 9 65 -38 65 56 11 -64 94 -99 -32 8 -78 48 -31 -43 95 -57 -11 12 -76 46 41 -80 61 54 -1 12 -81 -30 65 71 -91 -58 70 -17 -98 -48 46 -97 -94 47 69 -43 23 -55 10 -47 26 7 -76 97 71 -48 20 -31 51
-95 -72 -92 -59 -30 -66 -82 20 -58 -25 1 -72 49 21 -88 -2 58 40 -87 -7 35 -94 -71 -89 -95 34 -27 73 -97 -69 52 96 -75 -6 -67 -12 93 -83 -24 -75 -93 17 -40 -97 -98 42 -58 -49 72 -60 60 12 -54 -38 -16 -72 62 -89 -66 -67 11 45 -55 20 -22 -22 0 50 13 -78 34 100 79 2 -69 99 -7 72 -20 84 57 -35 53 -36 -8 66 -87 -73 38 18 38 -37 -98 -58 32 29 94 78 18 34 79
26 21 56 15 49 55 86 -41 2 38 -13 -87 -27 42 93 -68 66 81 -72 -38 71 76 70 -7 52 -20 94 47 55 87 26 4 44 -61 84 12 -82 75 58 57 11 -46 50 -52 -78 -47 -38 -4 -60 34 -23 34 -85 53 -36 -71 -50 46 -1 80 -36 10 -77 99 65 72 34 21 75 -60 60 50 -30 24 -44 -21 98 97 -29 -22 -90 17 58 92 26 -77 81 16 -1 -37 -84 83 -33 50 93 19 69 65 0 14 6
90 -51 17 23 32 -60 -1 -16 -44 -42 -62 -62 5 71 -95 -42 -27 -84 -94 69 55 -80 -81 -23 40 -99 6 23 90 -85 87 -49 85 -20 54 31 -37 -46 80 0 21 -81 -37 75 -53 -75 -14 76 -91 94 -90 62 50 -96 47 13 98 -14 61 67 10 -96 -82 67 -41 -31 42 -15 33 -27 -43 -88 -6 37 -47 -17 -82 -1 41 99 -25 -84 -40 81 44 33 -1 49 -56 -8 -89 -43 -29 -97 63 -62 28 -52 -2 4 88
84 -93 15 -83 -56 54 50 -14 -24 -8 -80 -83 24 51 -41 -80 -50 -42 -22 -31 26 -32 -22 -75 36 80 30 -42 88 21 -64 -63 -42 -57 -49 78 66 -50 -95 -41 -69 96 12 73 -41 -83 12 -98 -39 -93 -93 -84 -35 -8 70 65 83 -58 99 25 -35 1 -68 4 95 68 15 -66 -6 8 21 33 53 -90 -77 72 24 28 -95 81 -4 -71 -51 32 81 -100 -66 73 -43 -77 49 84 -64 26 -36 93 -58 -48 -95 21 57
49 91 3 97 -47 8 91 23 -99 59 74 16 -46 90 29 -8 33 72 -63 70 68 40 -15 77 -65 -85 -23 -44 74 -10 -45 97 14 -65 -29 92 -97 -90 -77 8 79 18 -37 42 65 25 67 31 -40 61 -71 72 -1 78 -67 -64 54 -73 -91 84 92 -30 70 74 91 1 -82 -77 38 -75 19 15 -96 -77 74 -41 69 12 -69 -39 83 -92 -61 -27 36 -87 30 1 5 40 -62 56 -40 -55 -68 66 -81 36 49 -91 -94
43 33 -80 -47 -12 -76 -81 -25 -57 90 22 -49 60 44 -97 -56 -33 -66 -88 -14 -49 84 -21 78 41 -9 10 85 32 -29 71 -64 -91 -41 -45 -64 -51 15 -43 -48 -64 -40 -35 46 29 -24 41 -1 65 23 -29 -53 -7 59 -14 -72 -32 99 -33 -4 73 75 46 -19 -37 -15 75 90 99 -40 -36 -92 -35 -64 51 -42 72 21 -84 -69 -2 34 31 40 -54 -36 37 60 -74 -22 -18 34 -22 -10 6 -30 44 10 -44 -45 26
87 65 26 85 93 -55 41 99 61 84 -74 36 -28 6 -14 -40 46 94 -87 -97 -40 27 51 -63 -53 7 88 27 -45 28 -23 5 -23 52 -10 -97 62 18 -42 -36 -75 -7 -16 68 -29 -89 -22 -73 59 10 -9 -65 39 -69 -14 -82 -14 23 -70 9 48 -14 -56 13 5 -83 -71 50 -67 -19 -12 -72 3 -10 83 -96 62 -60 94 -35 71 -5 5 -86 -85 59 51 -1 38 -28 83 37 -2 -54 -87 -97 100 56 -13 -59 -82
46 53 72 48 -90 100 -60 -99 58 -53 -90 -60 93 91 14 -53 -98 -53 76 46 60 -79 -66 -61 60 -13 -42 -89 -35 -71 -16 26 -48 48 63 -79 -97 -3 -77 -6 -95 -7 -36 -96 84 91 4 -10 -41 81 -8 62 61 9 -42 47 -57 60 49 10 -75 -10 56 -5 -1 40 49 -11 -27 -84 75 57 -16 22 -85 34 -23 -85 29 69 -79 83 11 51 -66 -48 47 -83 -92 68 10 -18 -32 -20 8 -14 -73 38 -83 -29 29
-96 -22 37 71 -74 -7 -100 47 34 81 -81 51 13 49 -16 -23 -56 -50 -37 -55 16 -37 43 -63 -67 89 -96 11 -78 -94 76 48 -53 1 -79 -37 33 26 88 7 -14 -60 67 19 82 47 85 -71 0 38 97 59 -9 50 96 70 -60 51 88 44 -40 90 9 35 7 -77 -6 -24 24 -51 79 74 -79 55 -48 16 -6 97 -94 39 -20 43 -21 9 -18 -69 81 14 87 -8 36 97 -78 -60 69 51 43 -61 -18 -34 -28
30 63 55 12 -61 -32 84 -92 -15 -77 -7 29 -34 26 -83 -18 4 69 83 54 -13 -5 -32 57 2 36 56 -63 -96 64 10 -11 67 81 73 98 75 -33 87 10 11 -32 97 78 24 2 59 -82 -19 12 92 76 62 32 -9 -67 -23 -21 -16 -55 19 -42 -9 -43 50 -60 -20 87 -73 -67 9 -90 -100 -69 29 -63 -4 60 68 11 -89 -57 -50 -53 -59 99 -76 -84 70 74 10 71 36 -100 -64 97 51 -55 -34 62 22
77 -1 -44 83 -76 19 -67 -26 83 -63 -25 -16 76 18 -34 45 -48 42 51 -25 -30 -94 96 64 95 74 27 46 -44 -29 64 30 -27 -72 -96 -89 -87 3 -100 -84 -67 -81 35 -84 38 8 89 -59 92 68 -45 -2 -39 -15 83 -90 -76 86 84 -1 -77 63 -92 16 91 9 17 -35 61 82 47 -93 6 -81 -19 -50 39 70 27 47 -92 59 79 8 17 -3 75 58 -77 -4 -73 -76 60 -42 -35 -20 29 -44 8 -68 21
91 -17 39 -20 72 4 83 -61 60 61 -73 -18 -20 100 -8 -80 98 -59 -96 75 -49 -33 -94 -99 88 93 -71 -14 17 90 -15 -67 41 79 -3 -7 18 -29 44 -93 -32 -34 63 9 -64 -50 99 -17 34 41 1 20 8 -99 -85 -94 91 84 97 80 -12 -95 1 -67 -92 -60 76 31 71 -46 -100 -9 29 64 90 -44 -44 -17 -70 -63 -16 -4 -93 -45 100 1 93 -95 12 -24 65 -26 -18 19 30 -87 27 -92 60 92 15
86 -7 -40 68 -51 77 69 42 52 -30 68 45 31 -63 24 -97 79 62 52 -89 -7 -5 -69 -50 1 -52 -73 -46 41 -16 66 -48 -62 54 -15 58 -7 14 86 -87 -54 14 49 -89 0 96 -7 83 0 21 64 -75 72 35 62 -81 -46 95 80 -21 -60 52 95 70 65 -95 89 -8 80 -85 0 18 6 -56 61 -61 38 -6 -86 -48 100 89 -64 -51 -85 22 -55 -80 32 73 -39 0 70 -40 -82 4 20 -74 6 47 53
69 8 -75 4 58 -95 -4 82 70 -51 -2 99 61 -64 21 51 -2 -61 62 -81 45 6 -44 71 -10 -51 -5 69 -40 -13 55 21 72 35 56 -16 84 -86 -1 98 -25 14 63 -62 86 -62 -93 68 -74 -16 -43 -33 33 61 -87 -84 -55 -64 -78 -92 -75 96 71 -61 18 66 79 -30 50 -41 -19 -30 -96 72 -99 -99 -4 -49 -24 41 7 1 -8 -39 -75 -32 -21 3 26 -48 73 -20 21 16 40 96 -29 13 50 -96 96
-11 -61 -2 -21 -2 -4 -89 90 -54 17 -53 0 -41 -35 -73 12 -8 -56 -31 95 -5 -4 -85 39 60 -84 -46 -15 -63 86 -97 -20 -69 7 25 29 -90 -77 65 66 -26 -79 -90 -46 -44 78 -66 -74 -32 -13 -28 31 -94 9 40 -4 -74 -91 31 82 40 -57 64 27 -55 30 -5 -57 -8 25 -13 99 21 85 -64 65 -41 -75 -90 14 -15 -87 91 -22 -79 33 -69 80 75 43 -24 60 -79 -2 63 -58 -18 -64 59 -28 25
71 -52 -86 9 -34 -45 10 78 -43 -88 72 75 -2 93 81 -52 64 32 5 7 43 22 -15 59 60 98 87 -38 59 -39 -75 -66 49 61 52 -88 43 -96 -81 -83 -26 -31 100 -4 64 39 -27 63 77 -82 -99 85 -32 20 -38 99 99 21 -41 23 -82 -88 -36 41 95 -30 -84 -2 13 -32 79 -5 -29 57 9 4 76 -1 29 80 41 -39 69 -33 45 -13 1 -47 -58 -62 55 -98 -16 -24 86 6 -47 26 -96 34 -81
-44 46 74 29 81 -95 100 -22 -77 59 -83 38 -85 82 -53 -90 -3 55 -88 -94 -10 9 -5 -67 88 50 40 -74 99 41 -70 19 98 -68 26 7 42 24 -65 -13 89 -9 32 94 41 20 5 59 -23 -27 -94 58 69 -1 -11 32 34 -19 -54 -99 72 98 -41 17 -10 -25 50 -64 -79 59 45 8 18 -24 -76 -19 -12 27 85 52 79 51 14 -80 40 79 -21 80 8 -59 45 8 -79 -37 -69 -17 -52 -97 9 -85 -78
-93 -62 -72 88 36 -4 86 100 -52 85 93 -30 78 -55 -22 -26 -35 41 86 20 -86 -75 -85 -69 84 44 -75 -7 82 66 -55 21 -49 -65 27 38 91 27 100 -93 14 91 -50 -47 -100 27 -10 100 89 17 -63 -31 -58 19 85 -27 -90 -87 13 -2 -25 93 -46 -16 -48 -69 31 -75 71 -55 -32 -48 -80 -48 -85 -43 -43 79 -46 -7 -43 -82 -71 100 -85 97 99 85 26 -58 74 -85 9 97 -29 8 -46 -88 -41 -50 67
78 -72 -5 27 -73 -28 -26 -41 1 40 -3 41 61 3 16 -66 25 -94 46 81 21 82 -65 95 95 28 38 86 -28 73 51 46 17 -4 40 -68 -65 -70 -45 -76 -64 -47 38 30 9 16 49 -80 -4 35 -39 -51 98 77 46 -16 -24 33 44 -48 36 -84 4 -50 97 64 -75 16 -55 42 -95 100 -81 -85 1 12 15 93 -49 53 7 -13 -31 66 -44 78 -79 6 49 -47 99 21 -9 73 -52 -92 69 -11 -5 9 -46
90 64 -3 -76 81 31 57 90 55 49 0 17 -34 -75 -46 -77 69 -5 97 89 -59 -19 -59 -61 92 -67 91 -87 -92 -87 -9 -86 -70 81 7 -96 73 -59 -41 66 -33 75 -25 68 16 82 51 -74 76 -99 -5 65 -63 -42 -39 -33 76 80 -97 -42 -64 -62 59 -59 -96 -74 -1 100 81 -81 56 -2 -95 100 66 -3 -20 -78 49 -94 -11 -39 92 29 55 67 -75 -7 -67 -94 -59 11 28 -49 45 32 -60 21 -79 -81 88
