99 -40 -55 -99 96 -27 -73 -60 70 33 -7 70 47 -81 78 -49 -35 -9 -23 -36 58 -34 24 90 -6 -95 50 -45 38 -46 -5 57 -26 88 71 -78 -100 -39 -92 11 -31 1 -52 -81 -48 -61 -86 54 66 -1 9 68 69 -92 -30 -97 -1 19 -44 -14 -25 -88 -35 -43 -41 -60 -45 55 40 53 -3 43 -59 -1 -93 90 -11 48 51 -86 -76 58 -12 50 28 -8 76 -6 2 -26 -54 46 10 -84 10 -36 -16 -14 -23 36 1
-75 38 -11 -17 90 -72 91 -68 -4 -17 -4 13 11 67 -44 92 -44 -99 70 -18 40 -69 19 42 -37 69 -67 60 -63 -68 72 54 60 16 -39 77 -28 68 -58 21 63 -68 -88 -65 59 -63 25 56 29 31 -2 21 -53 -41 24 10 72 64 -76 25 -14 90 -95 93 -57 40 -72 -60 48 -16 -77 42 -77 -9 44 32 -77 -29 29 -15 47 -90 62 80 -74 -28 10 51 18 -3 -17 -43 64 -34 -74 5 -89 -72 -69 34 4
-28 -83 41 -7 -26 -40 66 -68 -39 -24 47 47 25 33 -62 4 -15 39 87 55 -50 66 -97 -22 33 22 -8 -53 61 -22 36 31 15 -82 -95 -2 -57 -6 54 13 58 -3 -54 -18 -17 11 -51 59 -63 -80 18 8 -82 85 -77 59 59 -30 48 80 -94 42 -86 27 72 -65 -78 -38 11 54 -80 41 -13 28 -5 -88 -97 -76 -76 -85 -97 -93 43 42 40 -33 13 85 15 -17 52 -40 53 76 -5 66 -32 78 -15 29 -78
-2 -87 -77 -73 -64 -29 38 65 -81 -55 43 -98 8 -89 88 19 -36 99 41 -63 -47 41 -94 -50 38 -52 66 21 69 86 -64 75 -11 -93 -15 42 -20 45 -47 24 -7 37 37 17 -60 64 12 5 83 95 -27 7 88 -7 -84 8 37 -21 -15 -30 2 94 -9 22 74 -87 67 -75 -8 74 -78 54 -87 58 35 -21 35 86 41 24 -25 98 -79 49 31 -18 -92 -57 90 44 46 36 -66 11 -54 31 57 -32 55 13 -52
-53 -12 12 -55 -88 -33 -97 50 82 45 -47 -16 -36 -27 48 6 53 -71 51 -56 -43 -25 19 5 53 -60 81 71 -85 -68 43 24 100 -49 91 26 86 -44 -55 5 -39 -80 -46 -34 -58 -4 -10 99 -61 -22 21 -7 72 96 -62 -63 -13 -9 69 42 36 66 -14 -69 -26 97 -37 -51 -2 -28 -58 -70 57 0 -65 28 -15 65 84 80 14 -26 50 -70 -18 70 -76 -25 -94 49 -78 -50 -56 -12 -90 73 -70 58 -44 80 62
64 -76 40 68 -83 -6 -34 -18 -60 -8 91 81 -58 90 98 37 70 53 71 79 -9 -33 29 -92 1 -42 76 46 58 3 7 90 -19 -99 26 -93 44 33 3 -34 96 10 -23 25 -14 -34 -56 50 -44 90 -97 -48 25 -49 95 14 79 82 -98 -47 -71 -92 -57 -94 -44 -95 62 89 24 89 36 -61 -22 -87 92 -80 -97 -60 -23 -21 -82 8 -86 75 -94 16 -62 -24 -5 87 40 71 -81 -48 -97 -58 -22 64 -67 41 1
-15 -6 18 -92 -67 94 -22 45 -70 76 -83 42 25 3 -44 34 38 50 63 84 -58 83 40 50 -41 17 22 42 43 -55 11 -24 -88 37 43 -15 -72 -22 60 -27 -31 93 -1 -21 31 5 -58 17 89 -95 56 -55 94 25 -9 40 -89 -84 -95 -65 -2 -49 -85 33 49 -42 -32 -92 44 0 70 -1 72 -82 70 76 47 47 48 -21 2 51 -17 -42 83 -59 0 60 -66 -20 58 44 -89 94 -8 -49 11 -53 -44 75 85
-54 69 89 95 -15 -40 72 -32 93 87 51 -60 -21 58 -56 65 6 38 -6 0 7 -90 -54 -57 -47 -15 -87 12 -89 -48 82 -98 14 -43 -58 -88 -5 -28 -100 -79 24 73 33 5 46 92 -28 -42 -59 -91 -94 17 -37 3 44 -39 25 -88 -20 -61 60 -18 72 -51 3 -11 53 -34 12 -29 -40 48 78 -45 15 -17 8 -70 16 -86 -43 59 -57 23 66 -72 -95 -57 33 -53 40 9 16 -48 14 -85 -10 -50 -35 57 23
37 -40 -98 26 -46 12 -86 24 46 75 -37 -56 86 -75 -51 10 -73 92 -60 -64 -70 86 -98 -79 -61 68 -77 -22 -19 82 -1 -48 -36 -33 98 48 -74 3 92 -76 -29 15 -59 -28 -8 65 -20 30 51 80 -25 91 -20 10 3 46 67 60 49 -68 -18 79 33 72 10 -55 88 82 -68 -38 21 80 34 -95 -50 84 -22 -16 -4 31 7 100 32 40 91 0 -5 -90 90 -34 49 -49 -21 2 -96 -32 90 -70 17 75 74
8 40 -17 -76 -78 -8 76 -85 64 94 -8 -48 -28 41 90 -50 -27 -85 -37 -68 -18 20 -90 35 -4 12 -40 93 -25 -86 27 -27 -62 49 18 61 26 -90 68 -76 66 -60 -46 -69 98 -69 -40 40 34 -15 8 35 -11 -45 6 57 21 -11 -83 48 79 35 -24 29 74 -57 73 -10 35 87 -31 75 86 -98 -30 42 -83 -77 -49 31 -3 -68 -60 46 -44 55 -80 -86 -24 26 98 39 83 88 -69 24 -91 78 -70 74 81
54 -24 -27 -95 16 -7 -28 17 6 -68 95 -54 43 7 79 -48 6 19 85 -90 82 10 -52 -30 93 -55 -13 -41 82 -8 -34 -100 -1 30 -54 45 -52 -24 34 62 -22 82 -61 -87 93 88 -67 41 -78 -16 -89 11 -9 -48 68 51 -52 -41 -7 -77 -14 10 -66 -52 80 55 38 -38 39 80 86 56 -90 -89 38 10 64 45 80 81 -36 72 -77 -63 -83 -96 43 91 -94 -65 -30 94 -48 64 97 -35 -48 -67 85 58 85
62 -90 12 -35 61 -68 58 1 64 24 28 66 -56 -94 61 13 -94 29 95 -84 31 41 39 11 89 1 13 -11 65 89 -96 -49 -82 72 -10 30 61 -83 -92 -50 13 -93 -48 -43 11 -30 -61 66 58 -16 -42 13 -65 12 -29 29 -10 64 -33 19 64 -86 -36 46 -13 -72 -80 -8 -84 33 5 59 56 6 -77 -20 71 97 24 80 -50 -64 39 95 -36 93 -93 35 -10 -70 -54 -36 42 29 -59 -51 60 -24 35 -37 -40
66 25 89 -86 -74 42 -82 -38 21 43 23 57 -59 -19 15 -64 62 11 31 -30 93 -95 30 -84 9 14 -5 -22 26 76 -83 86 55 -36 -59 58 34 -40 85 -42 -21 8 -59 6 26 63 11 50 76 -18 -49 -56 11 53 -79 -75 86 -14 84 -15 -89 -16 15 96 -59 65 43 66 38 -39 40 -31 4 61 51 37 -64 7 -20 -56 -78 -35 84 -51 77 60 85 50 54 -38 43 -17 38 -27 22 38 -8 -32 -30 -11 -47
-73 3 -14 43 -93 29 31 -85 -66 -31 63 -49 -84 5 -89 54 30 73 21 71 80 -81 19 -41 -86 24 -34 24 23 1 73 -50 -90 75 -37 61 21 90 57 93 23 63 -31 -56 -18 -88 -81 -66 -31 -88 -51 40 77 87 -90 -56 -76 75 98 -23 -19 16 6 -69 -60 3 -36 79 -11 -55 -70 81 7 27 -52 77 -10 57 -28 -41 75 83 -10 -33 -64 47 57 -19 -75 -96 3 79 -73 -45 -20 50 6 -63 9 88 34
-89 -32 -36 45 10 -68 45 -3 41 -84 77 20 -20 -99 -65 76 30 78 83 -63 -42 23 -25 0 6 30 71 -94 -33 92 40 -36 84 -27 23 98 -30 22 -76 -57 15 6 4 -24 53 87 33 69 67 -7 36 50 65 -70 -43 70 -79 72 99 -94 22 -53 49 63 91 99 -17 -61 -27 -85 59 86 19 9 -28 -64 26 21 -56 -46 3 83 -69 64 3 -18 -35 -66 -48 49 -99 -24 42 -10 -86 -73 71 -15 60 -97 -67
-99 -92 -14 86 42 -100 67 15 -90 90 11 -42 67 -77 30 36 38 -48 -82 -23 -24 -55 -47 -90 -19 34 -83 44 58 -99 -47 7 73 85 97 -49 29 -24 -25 -1 -34 -3 0 -64 22 -14 -42 82 -4 -97 70 -77 -38 11 -79 -72 73 -44 -99 35 16 -8 29 9 -83 62 -28 -89 0 -70 54 66 -59 100 93 -28 -27 -55 -88 83 -90 -75 36 -20 -67 99 -33 84 59 84 59 -87 6 51 -68 -95 68 69 -40 15 16
96 33 86 -18 -46 85 -89 -91 -38 6 48 27 -11 -6 45 90 28 64 65 44 -47 15 -75 -18 -59 6 60 -88 4 49 7 24 79 99 55 23 -57 31 -25 94 -32 -19 -4 78 -77 67 85 97 36 33 75 86 -32 -80 -26 -48 21 83 44 10 -50 74 15 -16 -20 -97 -44 54 -94 71 95 -13 14 14 40 37 91 -40 38 -97 -59 -74 -62 53 -5 -76 8 80 -60 45 -10 61 96 87 75 -17 -57 -60 -50 43 0
-89 90 -65 -90 -61 75 51 71 -85 72 59 84 24 28 -89 -92 -25 -47 63 86 40 47 -7 53 95 -36 60 29 70 21 -30 -57 -45 -60 28 -51 83 -57 60 -29 89 -39 -40 7 83 44 94 27 -1 -66 -61 -91 33 -52 -94 -7 6 51 13 15 31 0 20 -76 31 15 -92 -10 -55 -43 17 -46 -1 79 56 50 -60 65 68 -34 42 66 -15 -97 -99 -72 -62 -23 91 8 -56 18 -56 -23 81 -4 9 -98 -20 -80 -84
-41 -68 22 76 -64 35 -39 26 25 -76 -10 20 60 -52 44 -95 98 78 18 -27 44 -72 40 -13 -100 21 -41 -83 96 95 99 -52 -7 46 41 36 6 25 -5 -77 -68 56 38 85 -94 -87 72 -51 20 63 5 -90 54 46 90 -52 16 -65 -33 -63 -99 91 -48 29 -90 -1 -97 -26 58 65 -83 -5 62 -47 -24 91 -53 -41 -84 -8 43 -18 -66 18 -37 14 -44 27 -27 53 28 -52 57 23 96 -20 49 -38 -5 12 -23
-63 38 18 60 -65 97 26 7 -46 -59 -99 64 -59 53 -53 -4 21 59 -70 -84 -37 85 -52 -91 2 65 -84 -14 68 -14 -20 -83 -30 37 -62 85 -7 45 100 -86 -9 -10 -20 71 -81 48 -57 31 -5 87 -30 -40 21 82 -80 97 -79 -24 60 59 3 50 68 21 -49 -4 -46 16 -90 -94 -81 85 69 -70 46 -10 -21 -23 35 -16 -90 -13 93 -42 -13 54 -43 -45 -20 51 -78 85 17 -91 1 -83 -69 -20 -34 -40 -41
-66 -18 -91 53 -93 -75 26 -26 87 22 72 -62 20 97 48 98 -94 29 -87 -4 -48 25 28 -5 -74 13 93 44 -28 -79 -49 27 -68 -32 -27 75 94 78 27 -13 70 40 94 23 1 83 -1 -71 99 56 71 -83 19 80 -50 -21 -80 89 -10 7 17 82 -21 -16 -71 11 48 -58 -96 -38 -26 -28 -11 -84 -99 -6 -49 -30 82 -41 -22 -85 -51 45 23 -79 -30 -87 -85 -92 96 40 19 -43 41 2 -4 34 -22 66 69
72 47 -86 18 -61 -81 -32 35 22 -82 -37 -2 -36 -85 -19 82 -92 -72 -47 -40 -9 -66 -43 -50 -91 -75 45 56 1 4 -74 -42 39 -76 -40 53 -99 34 -66 10 57 -39 -38 -84 28 18 65 -22 93 -3 -10 70 39 5 62 -80 31 2 -11 -4 6 -36 -16 7 -82 35 77 -39 -84 -9 4 96 43 -68 -76 38 -22 -42 -42 -19 33 -67 -60 -67 13 -58 -38 17 84 -39 -15 35 67 100 -85 64 54 7 73 -56 -35
-71 -32 48 54 -42 -100 -1 -23 -92 38 -91 -50 -81 -96 2 -53 -40 -1 40 6 90 -23 -91 -40 -44 90 79 -26 -92 6 94 -1 -76 37 -60 38 -94 -84 -23 87 -98 70 58 -98 98 -84 -99 8 99 -73 82 -87 42 -92 72 33 -39 -42 -45 -47 -45 -40 -100 -80 -77 -12 -14 -87 -1 67 98 51 42 -47 -59 84 -63 -36 -17 -57 26 77 22 57 -50 -46 -7 -75 -21 55 14 75 -61 -63 72 6 85 0 93 -99 -3
57 77 -78 43 29 18 61 97 -31 -46 67 -45 -62 -75 -72 17 -49 -73 -83 93 84 1 -3 29 -84 -70 39 22 -32 -93 -33 -26 -53 98 82 -82 88 69 14 -68 -78 -79 -98 40 -22 24 -44 92 27 17 18 27 7 -41 41 94 17 40 31 92 63 -33 -89 -69 -21 24 17 -11 -27 76 -39 44 -4 11 81 97 -48 -82 26 24 86 -12 -11 51 -1 80 -7 16 91 91 86 -27 -67 69 59 64 -48 99 -23 63 -93
45 59 -77 -58 -50 -26 42 -37 71 35 -89 -31 -83 -23 -30 21 -94 91 30 53 -26 -10 82 18 -61 -81 -8 -18 -8 17 88 -61 -19 -64 91 82 -5 95 -99 -84 -51 63 25 -99 100 35 -76 -21 -23 -92 33 100 -87 -86 14 19 90 -8 -23 87 29 -15 -49 73 -29 -50 83 -94 24 -76 -99 -62 58 73 22 52 -69 -10 -39 -91 41 -40 -3 10 78 -14 -98 56 74 84 -21 -28 18 -36 -70 -87 81 29 39 -8 -14
-57 88 73 24 5 -42 -56 -96 -12 51 -67 0 81 -10 -52 -42 7 13 -98 -93 -31 -45 31 63 -58 21 55 10 -71 -60 29 -61 52 7 -53 91 24 -37 -5 64 50 50 12 -44 60 -57 -44 27 -5 35 65 -25 -2 -1 -90 -62 -96 -47 -87 -31 75 -63 -71 81 -50 -77 -19 -17 54 -28 23 -3 63 42 2 22 -96 23 -86 -33 74 -66 -83 52 -90 -23 34 -87 -28 -25 -13 -12 -87 99 -7 -91 -63 -68 -63 32 -87
38 -33 68 0 62 -30 19 -30 -53 -99 74 0 -84 -49 100 46 35 -52 48 80 96 27 -49 -30 -36 19 44 71 -2 -48 -58 -8 -9 8 10 9 18 -53 49 80 -61 84 30 48 -29 18 -28 -92 -94 44 69 63 -45 83 83 67 -50 8 100 11 64 -81 69 59 -8 45 -81 82 -51 -50 -97 12 20 93 -89 -37 -55 35 -63 56 -98 -42 79 -41 83 -28 -94 -98 42 -76 60 -46 38 59 -36 -23 6 63 94 56 -81
-87 -11 -68 24 9 40 0 34 -60 14 -72 -18 -14 73 -40 38 93 -78 48 -48 -39 -99 -87 -78 -2 99 86 -35 -92 40 77 50 4 -17 3 85 9 80 -100 26 61 6 81 22 -63 59 -47 0 -95 43 69 3 36 25 -53 -63 93 66 57 29 -52 37 -35 -81 17 -19 8 -67 50 -33 72 -54 -71 -18 45 -37 -31 68 62 -19 34 54 95 27 -40 74 -6 45 -36 -90 82 23 -91 -19 -81 -42 -73 88 54 19 23
78 20 -27 -62 41 30 -42 52 -89 -87 -51 71 -6 -36 69 -43 -96 75 68 -44 -53 -50 -44 3 -34 40 9 83 -76 -70 -3 -19 -42 48 -47 88 -58 37 -49 -26 -13 13 -23 35 -94 -99 41 96 -39 64 -4 81 43 -54 87 91 -56 -84 34 70 36 84 -63 -4 61 43 -93 73 76 9 -25 29 43 -48 46 -39 -16 33 -20 99 69 -25 96 91 15 -61 -73 89 -19 25 67 -28 27 -16 40 58 56 18 -61 -45 -31
14 37 72 38 -97 -20 71 -34 -11 39 51 31 29 83 69 59 -1 0 5 -95 -7 45 -38 2 73 -31 21 27 29 42 -6 -14 -84 42 0 -78 81 -63 -19 -13 74 24 81 39 42 -2 -75 65 -66 -54 -80 15 52 -8 84 47 74 -85 95 27 20 -41 3 78 -5 23 -81 44 20 -1 -39 6 -41 50 93 29 88 -62 77 76 -20 61 -59 -52 -41 -90 60 91 96 -4 40 -34 100 35 68 57 -62 -24 -41 -39 21
-76 46 17 -97 92 -42 -97 -19 -39 -92 -58 93 -94 -14 -18 53 -72 92 -77 -56 -77 -44 -96 -50 60 -88 30 77 18 -2 -62 80 61 36 48 -84 -27 48 69 73 2 -80 96 -56 -95 -84 -75 45 60 -90 32 54 29 -61 37 77 -99 -63 16 27 45 -44 -43 16 46 56 13 13 -47 13 60 -57 96 -58 11 -95 41 -60 21 -99 20 27 34 -72 -59 -31 -5 -44 -41 94 -15 -21 37 -76 -16 -24 -42 -67 96 -64 65
24 -53 5 33 -77 29 28 -66 96 -63 79 13 17 -82 -53 -19 -91 31 -25 -24 14 73 -63 60 -58 -49 -66 -2 26 13 24 -87 -9 -9 46 -61 -82 90 67 -8 -18 -55 -91 96 3 48 -40 45 -78 -49 48 30 22 -74 52 32 38 87 -40 -52 -61 -48 -78 81 6 25 -78 68 -81 -14 -54 -24 28 45 -18 69 89 -51 89 69 -29 -11 -13 -15 -66 -47 -18 -7 0 -43 -78 22 24 41 -66 4 -66 -51 93 -15 85
-42 -86 50 40 -82 1 -63 -97 -59 17 1 93 89 -64 16 -76 -90 78 -26 -79 -1 -96 -98 -51 -65 -54 74 -76 8 14 -11 -38 89 58 96 -48 74 -73 31 98 -86 3 1 11 27 -34 -60 71 92 -66 -10 54 -75 54 -1 76 -48 -92 -45 29 -52 82 -48 -64 -13 -11 -19 75 23 10 7 -34 62 -24 42 -78 28 2 -66 94 62 -98 -31 -10 47 76 15 -70 86 -2 14 -46 -96 -61 -1 58 -4 -6 -22 -32 87
11 -95 16 -11 51 -57 -48 -29 -79 50 -22 17 39 -75 -17 17 49 13 21 60 37 -40 -82 -65 40 12 46 13 -52 -99 32 -70 -45 -50 11 -7 19 -100 -87 56 4 0 -10 -7 67 -26 -29 -90 44 -66 60 81 83 55 8 26 14 -47 5 68 59 7 88 -23 34 -46 69 40 -99 34 -25 85 5 -39 -15 6 41 1 -35 -41 -60 16 -17 -59 4 44 87 -55 -16 -33 89 -61 53 -50 9 -48 -73 53 -51 -14 -65
10 -1 -79 63 9 26 -70 50 -16 -94 51 -60 -96 81 -96 82 76 10 -44 -68 -8 -23 -87 35 99 -48 10 -58 -13 -88 43 -73 -81 47 -18 -39 40 98 -13 28 -93 -60 72 -2 69 21 11 86 62 -17 -73 1 88 -29 -54 -63 73 -36 93 -62 19 -3 -11 68 65 -24 19 -82 51 -39 84 70 8 -4 18 4 70 7 -57 23 97 -10 -23 -84 -8 18 0 89 64 94 -93 46 41 46 88 -41 -86 -8 71 -88 -24
-67 -68 4 -75 11 -59 61 -4 -77 -80 42 30 -39 62 -19 65 -92 1 29 64 33 65 -15 -58 27 -59 -69 28 94 -3 94 -16 40 79 40 36 -75 73 -19 -36 73 55 97 34 44 30 -31 30 100 45 48 -12 -94 -70 -30 -6 54 86 57 7 99 -43 28 59 -13 50 55 100 91 -89 89 89 -56 24 -63 -29 65 17 -32 -65 81 55 -60 -12 -47 33 -48 96 -71 25 54 -93 76 25 89 8 92 -83 4 48 48
-9 -99 84 15 90 -7 46 -99 -69 -31 -22 59 -85 4 50 -49 -97 -42 48 -92 43 -62 -14 -73 -40 23 64 5 9 52 20 -32 5 -1 -59 21 -50 56 -73 79 -100 59 -3 90 -14 -78 -79 86 -35 -31 47 94 -98 -35 29 74 25 21 -9 40 5 85 25 -77 21 55 1 -62 71 -26 -31 -33 38 25 28 -66 -41 53 -23 -73 -56 40 -83 56 -58 -55 -14 -85 -80 53 92 50 -48 -45 -82 -61 75 64 45 74 -17
24 -90 -21 -55 -55 -63 64 -84 59 67 -85 -97 -81 -79 24 15 79 -18 -59 -34 -32 65 -90 48 62 -91 66 -52 87 -54 3 -29 11 -76 41 93 5 86 71 -79 -53 83 -48 -13 -8 35 7 -22 51 8 86 -30 41 -13 71 62 8 -85 -41 80 -29 -20 100 31 -89 100 -69 79 76 69 25 -75 10 78 -88 29 -54 -21 -57 -61 40 63 5 -100 31 -32 9 28 -66 29 42 -51 24 -1 -33 -57 -31 33 85 -57 -40
67 92 -34 -78 17 -68 17 -86 -75 17 -54 -28 -58 -37 -38 39 -40 -27 16 -46 39 71 83 -99 -37 -86 68 -53 73 85 -7 18 30 -44 43 -11 -57 -57 -93 -79 -38 -97 -92 -31 -7 -16 26 -75 14 57 -46 80 43 -89 48 58 41 -45 -4 -90 12 23 -84 -35 -71 13 71 85 12 -67 -45 -42 41 -88 -2 59 -37 -10 86 -94 -82 -60 -76 89 -72 -58 -83 31 69 -22 -39 -80 11 -64 43 -36 -2 -39 -73 70 -93
-28 -28 -76 -8 98 50 -92 72 55 -10 -66 35 -65 -5 74 56 57 -74 73 12 -91 -15 59 54 -97 50 -99 -26 -89 -61 -44 -57 56 -45 2 57 -37 -12 -14 34 -90 -21 6 84 -46 88 -88 -21 -95 -26 -76 7 82 -66 62 20 4 13 -33 74 96 62 -49 -78 28 -39 -36 -89 -43 -78 -64 43 54 -87 -45 88 65 -76 0 -60 -54 10 77 -100 -59 -53 -80 63 27 61 -21 69 -75 -68 -37 -46 24 -64 90 -27 -50
97 -67 -87 -14 -14 19 -58 53 39 36 45 -99 -12 81 47 91 79 21 41 -68 -51 32 -53 97 52 -41 -97 -43 32 11 3 -46 18 -41 65 18 26 -41 92 72 -14 -36 -13 43 59 -2 -28 70 -82 -26 -59 -57 -40 -24 -1 100 -18 -56 34 -50 32 -49 -77 -66 23 43 -43 -83 -35 -79 -54 -35 98 11 -44 -7 -34 -93 -99 20 30 -25 -61 47 49 -12 -69 97 -2 2 78 -85 67 -36 -62 -97 22 -50 -73 -15 -58
33 1 -10 -89 -35 -26 46 73 78 54 100 36 6 27 -43 -74 -24 -66 93 -56 79 27 -31 -46 31 37 -15 -79 63 -75 -40 -26 67 -88 -1 81 -56 -44 -10 -25 56 -26 -32 -52 -99 25 -65 13 87 -25 -51 -98 -16 -64 21 -88 -57 74 64 42 37 -34 -8 11 -1 74 98 87 23 -90 65 -18 -74 -93 13 3 -72 -21 -58 10 67 17 -82 -96 -35 86 52 78 -32 -38 -92 -25 -92 73 -51 -23 -59 0 88 -86 52
-52 96 96 -79 -64 -38 19 40 30 21 90 -34 -8 -80 15 -13 38 90 -34 24 30 -42 -13 84 36 -14 53 -69 -12 19 11 -92 -37 -54 43 -84 -90 -12 -88 7 7 -50 18 79 -54 25 20 -98 0 2 35 -31 28 -23 91 4 33 4 94 -39 -70 -83 92 53 19 -38 -17 35 25 41 83 -51 -4 -84 -9 -52 -12 41 -98 73 -64 -75 -85 -52 -22 33 -6 -11 43 -74 -26 35 -98 -5 36 10 -33 91 -3 49 -91
-68 -57 -46 -49 25 94 26 62 -51 42 -94 -9 -49 -88 -52 -14 -39 72 38 -6 -12 -59 -44 -50 -13 1 -56 -90 81 49 -29 -95 98 -18 68 -51 -95 10 -34 -68 -3 35 -53 19 52 -60 39 -23 -60 54 -86 -11 -34 -49 -61 -25 -77 28 8 -57 -82 -33 5 -11 5 54 -55 100 -5 -89 -55 -52 -67 -25 -53 -17 -57 -95 46 74 14 -92 -56 -46 -98 83 -27 -63 55 52 -30 -74 -9 51 78 -41 -78 -23 62 34 -16
32 -69 -29 9 -30 26 81 -50 -10 -75 -71 56 -16 -43 -15 84 -50 -28 19 -44 89 54 -47 -27 -41 41 18 100 -90 68 20 -4 46 -61 -54 71 -69 -54 -98 -11 -1 -79 -60 0 -67 67 -24 -37 1 67 58 -81 -47 -16 100 59 -51 -70 -25 74 -71 -31 -45 18 95 20 -27 -89 -6 80 -6 -6 -5 -61 79 -47 -92 -25 50 -97 65 -69 -88 -78 93 -8 88 -46 -67 69 94 -50 44 -31 -38 52 -25 55 -61 -27 81
91 -17 -23 60 57 78 21 -44 -58 -72 -29 78 -7 -87 96 26 -63 -61 -16 -69 -68 69 -54 -2 -47 -30 9 -51 59 -98 62 73 -54 -88 -71 -31 -64 49 -13 -54 -52 12 32 89 -34 96 85 -17 97 -60 -29 86 75 2 -34 20 -81 42 -64 -82 89 -10 -40 -62 32 -96 77 -43 18 -5 10 0 -74 -56 34 -12 34 -80 -11 70 -8 -68 -50 -82 1 44 -18 20 -36 -35 -36 -12 -34 -41 -22 -11 -96 -93 84 -12 31
-42 38 78 22 -10 -86 -79 78 90 7 -32 67 -42 99 77 11 -74 70 -49 92 -94 -64 -81 12 -22 76 5 -23 -19 -84 41 17 7 -12 -9 51 -86 4 92 -79 82 -19 80 75 100 -76 13 11 -9 -47 -74 -11 -42 -24 -47 93 -43 8 -56 -51 -12 -37 -57 21 88 -42 91 39 95 -91 -50 58 -38 84 33 80 9 -33 -63 48 77 -3 -37 -40 -52 -31 93 10 19 58 82 -77 -26 -16 -72 32 58 78 -7 -16 -57
-100 48 -39 16 -33 -74 54 4 76 -92 -25 94 -29 -10 -73 52 85 83 -55 65 42 97 -99 -62 -60 -58 4 -37 44 -30 10 -74 -15 -65 -66 68 23 -93 -51 -35 62 -65 52 54 -31 50 -17 14 -51 -56 -94 -69 56 21 2 16 -66 -5 -11 -46 -85 26 -82 -77 75 -71 -37 38 -35 -38 4 -24 18 6 94 -36 54 74 72 -50 -60 -60 78 -94 -94 -30 -11 56 -57 -99 -40 85 -100 -69 -67 80 -37 -28 -49 81 -31
-3 -53 35 15 88 81 48 -74 -92 29 -17 -99 -8 -31 -97 -69 -23 -62 42 93 -53 -50 -14 62 43 12 -46 -63 -59 29 71 -35 99 -16 85 45 -25 77 -91 22 19 5 36 50 18 -63 -55 45 31 25 -79 43 94 -68 83 -49 40 34 -4 -21 35 -94 -74 91 9 -30 55 -38 -80 91 98 -9 -22 75 13 -9 70 64 -20 -92 -71 2 2 96 -54 -12 -89 51 -50 -32 -14 59 -50 -12 3 1 -66 79 -96 -61 61
-81 -1 -60 -41 37 90 25 67 85 -99 7 63 -59 -44 -63 75 -33 -72 48 88 -27 16 6 -9 94 80 12 94 95 -87 -81 98 -33 63 -36 -60 4 91 -73 84 -26 -27 -3 23 -83 68 43 77 50 -13 52 -70 -24 -86 79 -23 -32 -34 81 -74 18 -90 -83 98 1 38 -80 -33 39 -78 -50 -24 7 -29 -32 21 -83 -52 -16 16 11 -87 -65 64 -23 4 -19 -81 -21 -21 6 0 -61 94 -51 79 -43 -29 -14 47 -77
-21 67 -1 -71 31 -90 58 -83 -85 -76 -91 75 46 -10 -78 -76 -2 -28 73 -14 47 -51 81 -81 -25 -53 -34 -11 -80 97 -65 -26 94 94 -8 30 19 43 -98 27 50 -57 84 34 -56 47 -5 -53 -25 -45 37 -44 -65 -60 -65 54 -52 44 -77 -56 -5 29 22 43 -49 -25 15 20 -18 -50 -34 -78 -96 -15 -98 -45 -67 -49 15 -1 -91 -31 30 -96 -84 9 67 58 -93 -49 9 -38 -95 90 -66 18 12 -46 -78 -50 47
-72 89 57 -61 6 -16 -26 -41 -36 1 57 -25 28 -19 -96 5 -85 -18 -36 -10 -95 38 34 72 74 54 -58 -94 48 17 38 -87 -89 -53 -14 88 19 -53 -87 -100 64 32 54 70 -10 78 -38 -14 -95 44 -73 -36 -43 -56 -30 6 -26 5 -31 83 47 -14 -72 68 -50 57 95 13 -27 65 -74 54 -88 -73 99 -92 -59 -58 50 76 8 92 98 -91 23 73 -18 14 -6 63 -50 69 48 11 98 66 -16 -82 -25 -51 38
-59 -21 -69 69 -62 -5 -62 -94 36 -86 20 -85 -11 -49 -65 -37 -63 51 99 -76 -8 67 70 -34 16 -1 -72 -96 -35 6 25 21 40 43 -52 63 13 -36 34 26 76 22 -83 -68 74 -20 60 60 47 -71 91 84 -32 72 -84 -76 -67 41 -25 33 5 -20 -47 -21 64 37 99 -89 -81 38 -82 37 -57 93 -46 -66 -49 26 38 41 -42 -36 47 86 80 -69 77 10 63 -2 -11 69 -94 -50 -5 -64 61 52 -38 73 -64
92 -67 88 100 45 100 36 -83 89 74 96 1 -78 -66 -28 35 77 88 60 89 90 72 25 -18 -26 43 -53 -82 -28 15 96 89 21 -5 88 43 -98 70 27 43 52 -38 -32 46 -64 95 -11 15 -66 100 35 -31 2 -21 -19 -79 -66 -28 68 70 -72 74 -85 82 61 -84 -92 88 -55 15 13 72 -90 36 -83 86 -36 85 -26 -54 -23 4 -72 2 43 -77 -11 10 -68 -19 -92 100 -92 44 54 -5 65 -39 86 -9 -48
-46 -19 -95 74 -54 -76 -26 57 -46 78 67 79 -15 -87 -41 54 -3 -29 -74 21 57 30 -42 -46 55 31 -44 21 88 92 -66 -66 -84 97 -11 -65 23 -79 -50 -28 -67 14 -86 -45 55 -68 -43 84 -94 -67 -88 68 29 -74 21 55 15 85 61 84 -92 63 96 -36 62 -12 -18 25 -90 -48 87 -52 -24 27 48 -30 74 20 65 -17 77 -51 46 36 18 65 -9 -89 78 89 -3 -36 -96 85 -81 -73 -56 20 47 -69 -62
-84 -21 -26 -40 98 -2 92 29 -78 9 -43 10 0 89 -71 19 -53 -54 68 -67 46 -38 26 -100 2 -22 -32 -19 48 -54 67 -34 -59 54 43 -8 -37 12 -58 48 2 7 -32 -16 -41 -38 31 96 -58 -47 75 72 28 -94 -16 34 -65 27 96 26 74 -60 60 -92 77 -64 40 -5 16 -97 78 -9 -56 21 9 7 -63 -46 -48 37 -15 99 -53 72 25 -69 93 44 76 -22 4 28 63 -40 62 71 -12 -94 46 -13 80
98 -68 -58 87 45 40 25 -67 50 -99 91 27 -5 -23 -72 54 41 97 -80 20 -42 -10 -95 -13 79 -2 68 98 97 2 74 -16 79 41 77 64 -54 95 -67 -76 -36 1 -70 -22 58 71 20 77 4 -89 -85 86 -91 -41 -100 -50 39 -31 -21 -91 91 -30 -82 2 -78 -76 -97 30 45 -27 20 -82 -23 77 -72 86 84 -55 -86 -40 66 9 -11 -54 -24 -39 -7 -11 -7 -28 -33 -97 -100 93 -45 78 24 0 -50 -20 -3
48 10 -61 -24 60 64 46 7 -47 -32 -35 62 -97 -22 59 -56 56 79 79 -83 -46 31 38 -35 -1 74 91 88 30 10 21 -49 4 -38 34 60 77 -9 77 59 -41 -89 -53 31 76 -81 91 76 -43 80 -40 31 35 -43 26 17 17 -98 34 81 -76 85 87 -79 43 19 8 -12 71 -75 -28 35 -5 100 28 -73 99 -81 97 -40 64 -29 27 -55 -12 -28 40 40 -3 12 -36 62 9 -47 -23 -64 60 89 68 36 32
-68 -63 63 -62 -29 -55 84 36 77 -5 -95 82 56 84 -42 98 -32 -73 -53 42 -13 -94 6 -28 64 -68 -29 -40 52 10 -3 -100 -85 -67 18 97 62 -22 68 37 61 28 -76 -37 -41 -68 94 -86 71 -56 -86 -49 6 21 35 1 68 10 -89 2 74 -90 62 -8 57 -22 -84 73 31 57 -100 -91 58 -75 94 53 22 -2 40 -49 74 -100 29 28 100 60 -93 80 40 -96 -4 -17 -23 -86 -7 47 0 -22 47 86 64
-97 15 -95 -34 32 57 -81 -17 -19 37 -9 1 -13 -75 12 43 29 -33 88 18 24 9 -69 51 97 10 18 0 -93 40 -20 51 13 78 -64 88 39 5 88 -58 94 33 88 63 -29 39 -61 92 -82 -2 -84 -40 -52 -6 -80 49 -41 1 25 36 -36 -80 55 -35 29 -30 -38 31 78 -37 99 70 77 91 -68 35 -52 -31 -1 14 58 7 -98 -63 -7 -17 46 -99 -29 34 -82 -28 84 90 -73 40 25 69 -59 -1 -87
100 -45 -1 -44 8 67 -93 44 -42 35 84 -22 -2 -75 -68 94 45 -65 -20 33 77 70 95 -25 12 -18 -3 54 53 99 -59 44 36 -49 -61 -13 40 -55 -43 -60 -100 4 -65 -31 -48 -13 25 30 -63 -31 73 46 -74 86 -53 -73 -10 92 24 100 27 -63 44 71 1 65 53 -42 -18 -70 7 89 -96 -60 -14 -88 6 68 -36 59 68 -48 -37 27 92 -56 -86 -2 -60 -95 55 9 28 12 -70 -87 -60 -96 -50 14 -42
27 65 -77 -38 -91 36 -37 -10 -6 -59 66 78 -60 -39 -36 3 13 34 -5 -31 -100 -16 -4 -6 -58 54 53 85 -40 -64 -36 22 12 89 71 42 -7 1 -80 58 -96 15 -95 -33 -76 50 -80 30 -7 -92 59 -96 67 -2 -85 89 48 -82 -32 56 9 -57 -36 -36 55 -8 7 -41 76 -7 4 -6 -95 -83 -64 -23 77 96 -3 51 41 57 99 19 66 -13 -86 -49 -13 -67 13 87 26 -75 -26 2 15 -14 92 9 -29
37 41 -26 -43 -76 -78 91 8 43 88 98 -36 -32 -28 -91 -43 -9 66 -3 49 -90 26 0 14 -97 51 35 -63 17 -43 9 -95 -11 -86 35 51 10 57 76 -42 42 -5 62 -91 -62 38 25 5 -94 95 -63 -32 -12 -94 -79 -22 21 8 39 77 37 -33 -51 23 -91 39 -15 76 84 -58 -69 44 -94 -72 -60 0 62 -67 3 12 9 -73 44 -86 -85 17 -86 82 61 -5 -36 -12 58 59 54 52 -72 18 -2 6 98
54 -46 24 68 -25 62 -91 12 5 -59 -13 98 -35 -31 94 0 67 -12 12 -59 22 -78 58 45 13 45 -37 -15 71 -6 97 51 30 76 87 11 29 -70 -66 -79 -4 -16 -13 30 9 41 15 -47 -1 -42 58 62 -5 -75 55 -9 -7 -2 -42 76 -94 83 -36 71 11 -84 -51 -97 -4 83 -77 93 -30 -81 -22 5 -67 70 95 60 94 37 -72 -6 -31 -79 -47 52 -51 1 25 -80 52 88 -44 -61 88 -20 88 23 -53
1 93 23 -92 -32 2 33 60 -20 -96 40 14 42 -18 -12 56 18 51 26 68 10 -4 -92 51 51 3 -81 19 87 -26 19 -90 -35 60 -86 -39 -29 7 99 -34 -43 83 24 38 -75 -56 -19 25 49 -63 -47 51 -38 41 33 43 -99 2 80 68 0 -1 -50 19 -21 12 49 -54 -82 89 -5 -95 14 -80 -50 -24 4 49 -94 -27 -35 42 46 -43 90 -69 42 77 88 -44 25 -67 -27 95 42 48 52 -42 6 -72 87
-70 -95 -20 -41 -89 -59 -20 -3 -26 54 -3 17 61 1 -64 51 80 78 -96 -67 -49 20 -6 52 56 -89 -96 -97 -21 43 -88 -40 42 -27 56 -99 94 -97 89 51 19 -50 -89 -15 38 3 -100 73 90 27 17 57 11 -79 65 -26 -96 95 -92 -49 -20 55 -44 58 -40 -10 -25 -34 10 77 26 18 -41 -15 -58 -95 7 14 -45 -80 -81 100 -78 73 -36 51 -45 -5 97 37 -24 97 39 49 72 31 -43 26 -66 82 2
66 -40 -23 -61 57 -26 -31 95 -58 -24 28 -58 66 58 -69 10 -60 78 -48 64 -34 -44 -34 14 -47 -90 -36 -31 27 77 -21 -49 -38 -27 -91 -8 -8 -44 47 -7 14 17 93 -31 19 5 -79 11 -51 -39 -77 -97 5 -78 15 -7 -46 -70 74 94 37 94 -99 -71 -44 62 55 -87 11 13 -18 69 -4 60 -1 -17 -12 62 80 40 59 -78 38 47 99 -72 25 -78 -52 -39 0 96 -56 36 -54 13 -35 -97 63 7 -87
95 -67 -5 42 -89 15 -19 -79 94 38 83 26 36 43 -1 100 76 -37 100 -36 -69 50 -64 7 -9 23 13 -93 -54 98 -80 43 -71 -85 59 -51 -11 92 51 -74 -56 -13 98 12 35 81 41 -5 22 -93 63 67 61 -68 -56 -86 -45 7 -27 -62 -45 -58 -21 2 71 15 26 -81 -67 -89 -64 -77 -3 98 62 87 -33 -17 -42 -49 73 -91 -10 51 74 30 -41 82 -67 -91 -83 76 -33 -95 48 -30 9 68 -26 -94 -30
50 -9 -41 47 7 -40 57 -76 0 50 30 3 -40 -21 88 21 -51 31 69 -39 -74 20 16 91 81 52 -12 77 -14 -46 38 -24 -80 -65 61 -38 87 -9 -29 -9 -3 -6 69 82 75 93 25 68 -68 30 25 70 -29 -98 -15 95 -52 -23 -69 -24 -1 -70 -13 -3 -32 42 51 57 77 98 -77 68 -54 98 46 -26 32 9 46 74 -77 -10 67 100 44 -66 -43 26 -36 -43 2 -67 47 -3 -36 -25 14 11 -34 -66 -94
5 -30 96 -1 35 85 -25 72 63 100 -4 13 85 0 21 -70 -2 60 21 -98 77 -30 18 72 -27 91 56 -16 -64 -31 50 -76 86 6 9 31 96 -3 68 -99 66 -54 9 -2 -46 0 -31 -53 -83 66 -17 63 -62 58 74 -41 2 14 -35 -13 -74 -85 97 -97 82 -98 -67 -23 62 98 -96 98 59 -46 -35 14 -71 -31 -17 -1 16 13 -21 -13 -22 12 -20 98 -22 -39 10 57 -30 12 40 -93 -18 53 -35 100 26
94 29 -17 99 -2 7 -44 -88 6 69 1 -57 96 -83 89 7 -99 74 84 -74 -29 86 28 21 -62 44 -95 40 38 56 52 -24 -96 62 13 44 -32 20 -60 -44 71 -82 -74 -80 -47 98 -69 89 30 100 -83 55 99 72 44 58 34 -96 -5 86 -65 81 31 -16 -63 55 -34 -22 -56 39 33 -84 55 -37 -60 34 96 18 35 -47 -56 -49 32 18 90 89 94 -17 53 36 94 34 16 67 45 -12 49 -51 97 81 -78
23 52 -61 -62 -51 67 -22 -32 8 -90 64 -78 -39 71 48 -61 -38 -22 -50 44 77 67 6 -2 -98 93 -15 37 -74 50 -50 67 23 -41 23 41 46 -12 -61 16 -99 -52 96 -63 95 -100 59 -42 -12 7 77 91 -80 -59 44 -28 -38 -43 50 -51 -25 12 -31 -62 -38 85 84 61 -15 0 -76 -42 -86 22 -72 55 45 79 60 -42 -60 34 95 -72 47 -66 -62 16 76 -82 4 -14 99 -55 94 55 -9 -59 44 -67 16
39 -48 -1 68 -53 4 -9 86 -68 -2 30 16 69 29 65 -56 45 17 -71 87 -1 100 -17 -6 -56 -26 -92 64 -24 62 -27 94 -62 38 -82 75 -66 -13 -83 67 -37 -32 17 14 34 -96 -55 -16 64 -36 48 5 3 38 -25 85 25 29 -78 38 64 -97 -7 -76 -64 72 -9 75 -59 -47 -54 -62 -25 -81 51 60 95 15 77 -28 34 -25 74 -60 -39 -55 78 41 73 18 30 -22 -8 -13 27 26 -27 -81 4 -94 1
32 67 -73 -49 -91 -98 -64 50 81 78 88 -4 -72 15 13 -93 33 -32 -93 -95 -61 22 -59 89 5 -72 -41 51 -7 54 84 63 -6 -9 96 15 -1 82 23 88 -90 -99 71 53 -5 1 2 -55 -14 68 -99 60 98 19 -39 66 61 -86 34 -58 -16 72 20 -98 -74 4 -68 51 56 25 -52 -19 91 -77 6 -34 94 19 81 -27 19 22 -36 -16 40 -43 10 63 34 40 -9 -34 -9 -60 -59 -63 23 -45 -10 -78 -97
-34 24 97 -43 100 95 -57 -91 -16 74 -57 -47 -48 -87 -15 -69 -9 13 -50 -68 -52 54 28 81 70 23 -79 23 73 -80 15 31 -20 100 -37 -15 -50 84 66 -82 11 -64 -82 -81 42 -13 92 37 100 91 -16 -100 -84 88 -91 -90 49 54 -52 39 50 -69 93 -32 -84 -100 -75 -7 76 -52 35 1 -53 31 -89 -81 -18 -2 -80 26 12 -38 -13 -76 45 -29 77 30 -66 49 87 15 13 10 -87 81 -94 -61 61 86 -41
-36 20 81 -37 6 -24 65 -18 20 35 62 5 -91 40 3 -16 -58 59 -43 -25 41 -24 -44 -52 -87 97 -26 1 57 47 -63 -89 68 91 -41 -87 -44 -98 -57 -16 64 -29 71 -42 -35 72 21 87 -89 77 -73 66 98 9 -1 81 -53 6 65 27 -62 30 67 -54 55 -82 -53 -83 19 75 -83 -72 -24 -41 -20 -58 64 26 -40 67 43 98 15 17 89 -54 98 -71 60 99 -30 76 68 -8 37 55 -35 81 -67 -19 -73
11 -26 -59 19 69 -3 71 -64 50 9 -67 -39 -89 -99 16 -63 29 -53 31 -98 -59 -50 59 -61 12 20 -82 -33 91 83 -50 79 18 74 -96 -71 -18 -83 -73 -75 49 36 -33 83 -87 -63 -35 -37 -79 80 -40 -18 25 -13 36 -21 29 -97 90 -15 -49 30 -92 4 19 -98 -20 99 86 -63 64 -46 22 56 96 -88 52 30 63 67 20 53 -64 -87 47 -100 -61 -55 91 -81 -69 52 -66 -64 16 50 78 52 89 -74 -4
9 -9 -86 26 18 41 -85 31 15 10 -74 -91 -68 -95 -79 35 -79 -98 -73 -64 -66 -61 -38 -38 -47 -65 10 47 -14 -83 -91 -26 29 -85 -70 89 56 45 -84 -71 79 30 -65 -11 62 29 -97 -95 92 -26 15 -71 94 98 35 97 38 -4 -61 -60 -85 55 54 75 -17 58 -51 11 -76 59 -34 -17 -99 -18 -14 -28 -11 95 9 64 89 77 68 -55 51 44 25 -88 95 -61 -90 99 -51 30 -27 28 63 1 46 32 39
-98 32 -66 12 24 -19 22 36 -19 64 44 21 -26 78 2 1 -80 -43 -75 -20 68 -24 63 1 79 67 5 -65 72 -28 -61 19 -80 -89 -52 -34 -96 -99 -48 43 -11 30 22 58 48 92 38 41 -85 -16 67 -76 -32 46 9 66 1 75 -60 -83 -82 2 6 12 -23 -30 98 -39 36 39 -69 95 31 100 10 -78 -24 59 -36 -73 46 59 49 46 34 17 42 25 36 85 -30 -21 57 93 3 -26 15 -3 -22 -67 -86
76 76 49 41 63 -20 20 -50 23 -71 82 -20 -60 -9 -58 20 88 82 -31 -69 -58 35 33 100 2 -26 -58 -80 25 85 -60 -71 -98 -62 100 -67 86 67 -4 1 -42 -24 90 36 -28 -99 -23 -50 72 -95 -99 -46 -45 -52 81 -48 14 -25 -80 -73 -18 98 -24 57 84 42 -19 79 -45 7 -72 -60 33 61 -82 -37 -86 -25 20 -83 46 24 95 39 -42 9 -53 65 -16 -6 20 24 -66 -74 86 -100 -5 -72 -61 69 -51
39 58 -92 -25 -95 85 33 -18 11 -67 14 -29 97 -13 66 -24 -80 -37 -69 83 -94 -94 6 -60 -26 28 -19 52 61 75 5 -19 -50 57 33 -82 -49 83 89 -4 61 -98 -89 93 -67 -82 -37 26 50 42 93 18 -2 10 77 74 -91 59 -90 -35 -59 -15 -51 -58 33 -59 -54 -46 60 53 46 14 -67 -47 -69 -100 -61 -62 11 70 85 66 0 98 -63 -65 -98 -69 56 -27 -49 8 -37 80 45 78 -9 70 81 61 -10
28 -89 -1 9 -57 -78 37 -67 -7 98 -83 2 58 -94 45 -66 -26 39 59 -7 26 -52 -84 29 15 -15 -70 -67 -78 2 -96 35 43 38 -3 -51 -41 15 -29 85 -62 -9 -69 -6 -80 12 -6 -49 61 17 41 69 19 20 -87 -20 -79 -49 -38 -4 -85 -52 -57 -10 -66 -68 -47 80 68 -38 34 27 6 -61 51 -70 -88 77 65 -85 15 -65 -98 -41 80 89 36 -36 14 34 59 36 -7 31 65 -40 -75 71 99 99 -89
-72 64 -75 9 67 -99 -67 50 -77 49 76 -20 82 76 71 42 80 -63 -46 4 68 33 -95 -63 6 -49 4 40 -60 73 98 -73 97 -3 83 91 60 -98 -41 -22 80 -36 -53 98 34 -21 -86 -65 31 -58 -79 -47 26 -54 49 -100 24 -55 -20 51 8 -61 -42 22 67 76 28 23 -72 -74 -84 -32 18 58 -10 78 80 68 -99 13 65 50 69 57 -41 -27 74 -84 -5 57 -23 65 -1 33 80 30 48 -98 11 67 7
42 64 -68 -72 6 -96 98 24 -89 -4 28 -55 -100 71 -54 61 63 -42 -79 14 -92 -37 -59 4 58 31 52 48 -57 -62 36 7 -53 -6 9 -86 41 24 86 -72 64 82 99 -60 7 -16 -52 -80 -86 90 -99 -60 74 -19 41 -75 -26 -93 -32 -17 41 -62 39 -97 -35 37 5 56 -81 -98 -71 -22 34 67 56 13 -53 18 86 -38 -78 -7 46 44 26 18 -11 82 33 46 -48 -51 -2 -34 17 -34 -8 -97 -63 -17 -84
-29 -85 18 -77 -49 -42 -33 24 34 -55 -14 -27 -57 -23 -96 -11 13 -47 -95 18 -7 64 57 -92 50 58 -47 -48 43 -98 57 -1 73 -77 30 35 -86 77 45 53 -92 41 12 -58 -65 -26 26 -83 19 1 30 75 -34 -22 -12 -70 -97 1 71 -32 -59 -98 19 -15 -70 -14 -32 22 -75 20 -85 57 33 78 -25 13 80 -83 68 -5 -20 -49 86 4 74 99 37 40 -96 49 71 -53 -2 20 70 -76 -25 85 -55 -1 -26
0 -84 53 -48 -68 -24 -45 -94 -58 -22 -70 16 10 -74 -87 -15 5 -62 18 60 -78 32 3 72 67 -48 -14 75 14 -57 -65 7 -40 11 54 37 -78 1 74 12 -60 75 -93 -39 -93 72 -48 50 55 -71 -35 -56 -73 -83 29 -32 17 19 54 7 78 36 4 9 -51 -73 -39 2 -36 -43 62 -20 -57 -31 -79 -94 53 -29 -14 77 -80 59 -16 -10 59 -5 -68 -54 -45 44 -44 -74 -91 -53 93 -15 -9 -10 -74 -38 69
-25 19 -66 -86 -60 86 -60 4 66 -73 70 72 -78 54 67 43 46 54 -54 54 1 81 67 79 67 35 -84 -80 53 100 -61 79 -70 27 29 44 -8 -90 94 4 -20 100 -80 81 2 89 -75 39 83 -72 -5 -79 64 -15 30 4 -45 53 -77 96 -77 79 73 97 37 -33 -53 59 83 67 70 21 -81 50 -79 -59 96 -31 -82 -1 -97 47 -56 88 49 41 64 -8 -59 -27 -22 -12 72 13 65 -99 45 -70 38 -86 -99
-69 -22 -20 -62 35 36 -54 -77 68 61 44 -58 66 61 2 63 -29 -57 39 32 83 43 -12 -22 76 -17 12 -20 -95 -34 -68 -34 84 19 -8 -66 -93 -14 -27 30 14 -14 78 30 -79 43 -4 -79 42 -71 99 60 98 63 26 -52 -6 -10 -25 59 -48 27 -42 -80 83 -42 -37 -88 -60 54 -31 -86 39 73 47 65 47 -22 -55 28 -51 12 21 21 71 68 25 -89 -3 65 29 -44 78 -90 76 -5 -58 4 14 58 -49
12 -22 -7 9 -85 39 81 25 -81 -24 -9 -57 31 61 6 -24 -89 -55 13 67 -65 -42 -19 35 -96 85 99 -18 -63 -39 -78 79 9 91 78 -33 -60 -5 -30 -31 -48 84 -66 30 50 -34 81 92 59 58 -17 -66 66 -25 -29 58 -26 74 -6 -86 -82 -92 -35 -42 95 -33 53 -66 87 49 34 15 2 -53 -73 -22 -96 11 -29 38 -31 -85 43 25 75 36 -3 85 16 -68 3 -78 11 44 25 -97 -67 -97 86 -45 -85
50 -5 -67 -2 25 -98 -1 -79 -97 7 26 -18 99 -80 62 14 -84 -13 -86 55 22 84 83 70 -64 -1 -1 8 -85 1 39 -68 61 -30 22 51 -11 -43 -67 71 -47 -74 85 49 12 30 -100 41 60 -46 56 2 -62 42 75 -98 -86 -66 -87 28 -20 -53 -80 43 3 -57 -79 81 69 -93 59 78 59 -27 -73 -83 38 -33 23 36 13 56 -98 -36 -14 -23 -18 -20 -34 -97 18 -63 -2 94 -95 -95 -56 24 -83 55 -71
-65 38 -21 -11 90 -98 -92 -3 -38 43 -100 -34 -12 75 -60 2 76 -60 89 -89 -74 100 71 -43 -31 45 -82 -3 -59 -49 -88 53 21 -62 16 1 -56 45 93 12 -24 -16 -67 62 78 27 64 -49 19 31 71 -12 -90 64 67 -88 -74 -7 -68 -98 39 -98 -9 -68 47 13 4 60 76 -68 3 17 -14 -61 -17 -19 40 -21 -43 80 49 12 -72 52 -37 9 30 68 -3 51 -6 -7 -86 -23 96 -69 78 -17 -95 -56 11
-23 -50 -60 60 44 -2 -68 98 81 -50 -38 -39 30 93 94 99 -89 -14 -94 33 -53 100 50 -94 21 -51 24 -45 -83 -45 12 39 -53 94 46 73 -59 -57 -46 46 -75 -31 91 -55 -66 -3 41 68 -29 -36 -87 -85 70 -31 64 -20 -59 -61 20 36 5 -6 63 -98 19 -90 31 11 -92 -95 -1 -35 -47 9 -53 99 -49 87 -78 41 37 -13 82 100 32 -29 73 -69 -87 53 -79 100 84 -78 85 -100 8 -100 12 -44 85
-54 -56 37 -70 -99 82 -32 -63 98 -13 64 -64 -23 -94 78 -17 21 -5 -59 48 57 99 -44 -39 33 -80 20 -21 -95 96 65 -66 -53 -19 31 -77 39 -67 -93 -84 -41 -93 12 11 53 77 -22 7 68 32 13 77 14 10 31 -98 27 7 -4 -51 -99 -87 -93 -63 21 16 -94 -9 70 -47 71 38 -90 -5 66 27 55 85 53 -93 85 89 -78 86 13 -99 -65 -30 -27 92 46 60 -16 -27 96 43 98 39 37 22 82
-97 -87 -52 -57 57 44 23 19 48 -31 36 -67 70 32 58 -81 -2 86 -7 -90 -59 49 68 -70 -90 75 40 -24 65 59 94 -49 -18 40 -86 -35 -79 54 58 81 -18 22 42 -26 -7 -54 94 61 -33 -45 -71 -33 -4 27 -94 89 -32 18 -23 -48 15 -62 -43 -42 1 -26 47 -42 -6 12 67 -42 46 25 -31 -72 46 -95 49 -92 -31 49 73 54 79 50 -31 -93 49 -2 -94 65 -42 -24 -52 43 -15 -100 24 -21 47
-51 65 98 82 5 -44 62 -45 28 -55 25 56 -91 50 90 -72 -22 59 -94 52 41 -50 72 -75 -29 -10 2 42 -18 77 -86 2 28 54 47 22 48 -34 32 93 62 -8 94 82 -96 46 -79 -77 -83 87 -86 -26 -74 91 -30 20 -30 -55 -50 -29 -77 75 96 18 85 52 89 -67 -12 47 -72 96 31 65 -5 -22 -86 95 24 5 -96 -58 -68 -10 -36 -82 10 -80 30 -44 -82 70 75 -78 -30 74 18 -83 -63 -55 86
91 -72 94 47 -26 -69 90 -51 92 17 -3 70 75 17 40 43 -38 -73 86 71 97 71 3 -36 14 -41 35 17 18 29 80 -47 -82 -68 91 80 -79 -19 -60 -67 -52 -19 -23 -51 -5 8 76 43 -100 62 -9 35 -76 37 97 40 62 86 56 30 53 79 -29 -80 -58 64 15 57 52 60 -75 -50 19 95 68 -88 -30 8 -48 -62 0 84 -100 -17 -8 66 79 94 55 -22 -1 77 44 -12 -34 -32 -54 -24 -23 -75 -50
95 64 17 -16 -53 -38 21 -95 -64 22 -81 -81 -69 34 82 84 -36 12 -91 -91 4 33 87 0 42 -45 -77 -64 -8 65 -23 86 11 60 13 18 -55 86 40 -92 24 89 79 -21 50 97 -9 15 27 33 97 -17 -68 -54 -87 -40 99 77 64 23 -73 -55 -57 43 -90 6 44 -90 35 -59 -84 72 -79 -72 -78 14 97 43 1 55 51 45 57 90 -93 21 87 -47 13 -75 6 46 -94 31 -68 91 99 39 -28 -77 60
33 1 74 -4 31 -51 16 8 -74 29 -21 80 59 20 -51 96 -34 -85 9 17 -8 21 8 -63 -59 -69 -68 -92 -75 47 67 -38 -94 -44 -49 -11 -98 -62 -41 -37 -27 57 39 -1 -56 -8 18 -68 -52 74 -72 -41 59 -81 8 19 -20 1 58 -50 45 -58 -64 -11 11 -93 65 -77 -1 96 -97 65 -10 48 51 57 21 22 81 -12 92 80 -79 -46 17 13 49 81 45 -4 -62 -79 -3 60 -46 -85 -57 96 -94 -66 -11
-50 86 -52 95 -78 64 88 -11 -57 -39 -37 66 9 -40 12 99 -17 4 -78 -26 -34 -3 -36 74 -69 49 6 27 -90 23 55 -56 21 32 -20 -64 -1 48 -95 52 -98 -42 75 -24 -58 53 38 -50 70 -46 72 0 -96 20 11 8 -99 -84 24 41 -29 3 -56 63 -16 70 55 -57 -92 -45 -96 18 33 88 44 -29 -27 74 19 98 7 -78 -58 24 -13 100 8 22 14 52 10 -13 55 41 -74 -53 -35 -61 -4 91 9
-98 2 34 -91 -56 -20 -2 38 -62 57 -13 -47 42 -84 96 73 -50 18 -16 57 -12 60 -74 -14 78 -57 76 52 -46 -46 81 -32 -5 89 22 31 -39 79 -7 -63 -23 -100 84 -12 -11 31 -14 -65 -31 -53 91 74 20 -75 36 65 82 -8 63 -15 39 -95 -76 -51 52 -71 -32 3 41 -25 -31 -26 7 -93 45 -47 30 8 60 -91 69 -21 -42 0 -44 5 70 86 -47 91 -80 -18 -5 -15 -58 -33 30 73 83 -80 80
