45 3 -41 -84 -35 -16 -84 31 64 -6 77 -38 61 49 -29 -46 -70 -8 57 -93 -80 69 37 11 -14 -54 -23 12 93 -81 -70 -18 40 -13 46 -55 45 -21 -55 -48 -93 80 -48 4 55 20 -92 81 -13 81 46 -60 29 -85 32 -91 -76 40 57 -84 -81 -97 56 -51 75 -52 -29 18 0 -66 22 -12 -10 36 -98 83 -22 -87 45 28 35 -17 -5 90 61 -57 -80 -50 -78 73 -50 -1 34 -65 69 -68 75 15 97 -93 20
45 23 36 48 64 -34 47 -53 76 -91 -66 25 33 66 -47 -57 7 38 97 56 -45 -10 10 -15 -29 -81 -24 26 -38 -8 73 -14 49 68 7 -46 -7 76 2 30 51 91 -8 48 60 40 -21 -16 -19 -51 43 -40 -14 65 -94 -63 64 -62 -78 -70 -50 -99 -44 -43 58 -7 -62 -45 83 -45 -58 -35 35 -99 -95 76 22 44 40 50 18 67 -44 -69 -53 87 41 -88 -78 42 55 67 -3 72 -21 0 -21 12 -19 -35 35
-82 -99 -94 70 -15 -5 84 -34 -8 -35 15 -38 -23 -47 14 -69 -32 -60 92 -1 -23 -13 -54 -53 51 -50 23 -67 -91 51 80 -13 88 22 99 -58 -17 -39 65 1 -18 84 -34 98 73 -87 -67 -30 -88 -51 55 40 -93 -89 -44 -50 42 -41 76 73 3 -15 53 65 -40 34 -15 0 -71 -68 49 69 52 -76 -47 54 -96 71 -5 15 -20 -71 57 15 -83 88 -88 -41 60 36 -8 -36 67 90 72 -9 -26 -42 -14 -68 40
27 -12 -14 -68 98 -91 22 76 -53 -55 -50 22 50 53 -92 -49 99 -42 -88 -45 61 -18 -11 -58 -53 13 -10 77 -66 62 -56 43 94 9 28 -69 47 99 73 80 86 64 -19 -34 -93 -27 53 -9 -55 42 -42 -11 87 -10 -22 85 -51 -20 25 -62 -43 66 -41 -60 52 -59 -48 -21 -40 25 34 88 96 56 37 -46 -25 -24 72 -12 18 84 -15 12 88 -88 -77 -3 33 -38 -24 -85 -49 -53 -4 49 -88 1 10 96 14
-77 -80 58 -23 -24 28 -74 14 66 17 -74 -38 52 70 -67 -39 59 -72 91 11 31 -51 -10 -35 89 17 54 -46 53 89 -3 64 -55 11 72 99 89 6 70 -60 -70 -6 72 -64 -30 -37 79 100 -43 7 76 -91 -13 94 84 -18 44 1 -50 -21 -33 37 19 22 -99 -78 72 43 -24 -37 53 -51 2 -99 -2 37 73 60 -42 77 -91 -99 16 -10 73 -29 -36 19 52 -62 -25 17 91 -17 -49 -46 43 -91 -90 -62 -39
15 46 -65 5 80 72 -35 -20 34 17 52 15 30 -7 -6 36 -33 26 62 65 32 -4 35 70 58 88 -81 0 5 -8 15 82 8 37 53 -83 15 7 95 76 -5 58 22 -43 -82 57 -96 -96 -93 78 -31 24 -40 6 69 -2 -53 13 -11 86 -89 23 -58 -43 68 71 -48 -10 42 42 15 -34 51 -26 40 -33 -6 -14 -1 -17 -67 54 -60 -32 -64 -72 -93 69 3 -97 93 -45 95 -58 24 -66 -71 69 -50 96 67
-75 99 43 19 -98 59 48 -82 80 3 -55 -48 -53 12 90 83 65 -30 -18 79 92 -80 -86 18 -19 -25 49 5 42 16 59 72 -18 -71 28 -88 25 7 44 -72 -43 88 47 -26 82 -26 99 40 -22 -31 -42 74 -81 -43 99 65 -21 -28 -62 67 -31 58 62 75 35 95 70 -54 51 19 9 85 -80 12 8 -61 -30 41 77 -17 3 95 -69 -64 -11 -6 -4 -31 -85 100 8 90 56 -67 55 -98 -45 -8 -73 -85 72
54 28 44 -13 -32 14 75 99 90 -98 -60 -47 5 9 -35 55 -76 -37 37 1 -29 19 54 -41 33 -39 79 -71 5 63 17 -32 -61 -28 -5 -7 67 26 84 98 61 13 64 -99 -36 1 100 20 36 59 99 -24 62 -86 60 -87 -37 -95 36 -15 40 75 93 -37 85 35 -4 -66 72 23 -86 10 -34 -85 -44 -4 40 -79 -36 64 -50 -28 -61 5 36 92 40 -41 -6 87 50 -76 43 -6 19 -8 -25 77 -13 -32 -30
-55 -12 -95 25 91 -18 17 23 71 100 88 -78 -83 -8 5 65 -45 32 -89 89 -51 -77 -77 -75 22 -54 -72 -83 18 18 70 -91 -92 38 -61 12 -100 5 2 -96 56 81 4 -11 15 -48 17 -58 82 -38 32 37 -66 53 48 -3 -43 -33 95 84 -11 -59 69 -73 -19 -69 99 -26 97 -13 39 -37 -70 9 -15 21 -68 65 30 -57 -90 -30 -72 -57 22 -41 18 25 29 -36 97 -9 31 -10 15 -97 86 -93 1 75 -72
53 -70 -23 -41 1 -82 -84 -25 -96 -94 19 92 -79 -95 66 37 -67 -11 91 74 -73 85 24 -47 -80 38 70 -42 47 24 70 -90 -79 -95 -53 20 -37 94 -65 -73 -46 45 -84 2 14 -10 17 96 -10 66 47 -31 10 -87 -30 -31 21 -71 -15 7 94 64 -74 9 -75 43 -83 61 60 75 40 -40 34 26 -90 -23 13 16 -74 12 3 -87 -69 91 -33 -79 -21 80 95 -74 61 -40 -52 83 -1 -36 66 -67 68 91 -41
-91 32 -74 -75 63 87 -26 -47 -62 63 83 20 70 29 -83 -83 91 77 37 53 37 84 -68 -89 73 -46 -7 55 -42 -10 59 11 13 -64 -45 -62 88 51 -64 72 36 98 -61 -64 -41 33 51 -15 -87 40 -2 93 69 36 41 -39 79 -30 -13 23 36 -70 1 47 41 -2 -62 -41 0 -88 -37 32 57 -43 -6 -65 -97 95 46 -66 -19 -2 -52 -6 50 48 9 7 -54 65 -89 -60 -95 -19 -88 -20 43 97 77 90 -69
94 -99 16 -18 -100 -89 84 95 24 36 -11 72 -59 -74 -41 -27 22 5 90 -66 86 -22 82 -87 -33 -70 49 -26 -20 -87 -79 -24 53 -64 31 -35 76 60 -86 -65 -88 -71 -82 -98 38 93 8 42 71 -45 74 92 79 -59 23 -34 7 -12 -25 43 -42 14 -8 91 -33 -32 -64 70 79 46 11 -21 86 -92 -19 -5 67 48 94 -95 -28 8 -45 -70 74 -32 74 -32 -78 86 -2 -68 -22 83 -4 89 -80 24 -43 -82 -36
-78 -6 -61 60 -39 -31 84 -57 -46 15 -94 79 -72 83 -97 -90 -37 56 -48 -93 -28 -15 88 -76 -17 19 -91 -3 52 -70 16 -84 0 -90 67 -22 -56 89 52 -71 16 16 -24 5 78 -23 50 21 73 77 -54 -30 49 -70 -25 34 -94 -46 -23 91 3 42 59 -12 -13 -52 -87 -46 45 -37 -2 -21 -11 -85 63 -84 1 -79 74 66 -8 88 -97 21 8 -28 78 -52 84 -34 89 88 -99 45 42 91 66 -83 65 75 51
64 48 -20 -37 -21 -19 38 -80 3 -62 100 -74 39 68 6 -82 31 -49 -69 -17 -93 -83 70 -59 -19 81 98 48 56 -69 -20 77 7 -43 -62 -90 -57 29 8 0 51 39 -73 8 15 -31 -69 56 -5 69 -95 -33 -93 38 97 77 53 13 -99 -67 15 -97 88 -71 7 84 3 -89 -19 89 76 61 -14 99 52 58 -42 -53 78 -88 45 -71 -13 -40 91 -43 -86 34 40 22 94 91 -33 38 -43 -93 -67 -12 -99 68 -81
70 -15 -85 -96 8 -35 26 99 40 -58 -57 -17 80 -78 23 -17 10 -89 -5 93 9 12 74 71 -61 -35 100 -34 42 27 94 56 -16 66 31 -13 -68 -98 -38 96 41 -89 66 74 -99 15 10 -35 5 38 70 -19 -78 -6 29 -91 -27 -55 23 -51 -14 70 63 76 -18 -99 4 35 -49 91 52 -2 -97 -50 54 50 -10 69 74 100 -63 -73 96 0 65 38 65 -83 27 68 -28 -60 -82 58 -38 -2 42 8 -8 -60 -84
-16 42 -96 92 -78 27 -22 -26 90 48 -79 -42 -60 -10 -90 -71 -32 -92 91 75 -21 96 8 -18 -44 3 4 -72 -37 -53 -11 -79 -98 93 45 12 23 49 35 8 72 22 53 -87 -96 96 -20 16 -35 -100 70 0 83 61 87 -27 -4 -83 -21 -2 38 96 -95 -22 -40 -49 -8 -46 80 -67 -35 -17 -68 15 -30 -98 -95 -72 80 -88 -82 13 -69 39 94 -93 -56 -66 -98 31 -39 -91 87 46 85 81 99 55 17 -24 77
-54 37 86 9 -1 -26 -51 -41 74 -22 3 -31 55 65 26 28 -50 -15 -33 -70 -55 19 85 19 61 -83 64 22 -73 -87 -45 -19 5 4 -99 -54 95 -95 13 -90 51 -34 53 -91 -2 71 -11 22 -88 61 -32 92 59 -54 8 -73 -7 -95 -10 71 -64 -21 42 49 20 -2 -95 -68 -38 8 -4 -52 97 -17 -49 -69 -31 -55 -97 40 -8 33 99 38 21 49 -9 39 -64 22 42 38 45 8 -96 -90 -100 -71 48 -7 -12
34 -5 36 66 66 61 70 -69 -88 -61 34 -54 74 -98 67 -11 81 5 65 18 6 35 3 17 58 -69 25 -89 -99 -27 4 6 -37 35 -86 53 -23 33 90 -90 0 -26 -98 -78 2 23 77 -81 2 -37 -33 61 72 53 29 4 87 87 50 99 -55 -61 78 68 -7 36 19 90 36 22 -39 44 56 76 78 37 82 -51 96 18 86 -85 -67 92 98 -11 -13 43 -41 1 -65 -36 -50 52 71 -81 -44 -15 3 45 85
13 82 58 -61 -76 -44 77 -25 2 36 6 -72 100 -54 -46 -67 -6 41 25 49 96 77 70 31 26 -63 -31 79 88 70 60 -85 93 -56 -31 68 94 68 -99 52 13 19 -100 -43 53 88 -67 -1 19 27 67 -3 28 96 -30 -99 -49 70 67 -94 37 -26 -65 -14 -19 -18 96 45 23 19 -54 -48 -29 79 -12 76 -33 2 17 -57 41 36 -40 69 -1 22 -44 -43 -80 24 -7 63 73 16 -69 -72 50 3 96 84 -26
-36 -50 88 -72 83 -98 -12 -67 -27 37 -29 40 17 23 -33 -57 -46 -64 -1 -40 -65 51 -52 21 -2 -98 13 -99 21 71 -22 2 83 60 -89 9 97 -51 17 -19 58 82 -57 65 -48 -71 -37 -80 -76 23 34 32 6 53 -23 16 -74 23 -12 -25 -19 -15 86 44 1 -3 96 34 47 -34 -67 -91 -29 -85 -43 -23 -35 1 -13 -63 22 -4 -75 86 -13 -72 -51 -8 -52 49 -34 -99 -35 -8 32 100 -58 90 -97 64 24
-84 -43 -41 26 -63 -45 -93 74 7 35 -54 -81 25 -6 7 -85 -40 -64 -17 -78 64 72 -85 -84 77 -1 -28 96 -75 -26 -57 -63 -87 -82 -69 -14 23 -96 -10 -33 6 -15 -28 -9 -70 -98 66 21 31 64 23 -95 -94 63 -6 -40 62 30 11 -80 88 -17 95 97 -93 59 -97 -77 -59 59 39 -70 -72 64 43 66 -69 -33 66 48 -78 -31 93 -4 65 -13 59 94 15 63 99 90 51 14 21 98 -20 29 64 -90 45
-23 57 43 24 6 -43 87 78 4 86 -42 42 12 83 51 -5 -75 66 59 -37 -71 -41 -86 28 -43 -16 0 73 -96 26 -55 -38 0 21 37 97 24 34 -6 -93 -10 -54 32 52 -1 10 29 -2 -14 -69 -49 24 -14 -69 36 48 43 83 6 -21 -45 9 -80 67 -99 -20 -51 -19 63 -67 92 35 87 25 -25 -91 -19 -10 72 -88 47 87 -52 -78 69 99 -19 -81 -73 92 -73 66 99 31 49 35 94 -71 45 -100 44
-45 -17 -76 68 100 78 73 -74 -40 56 42 4 18 -5 -49 -26 -63 19 -17 -99 -61 -48 58 -41 -46 -11 56 34 -33 65 18 21 73 -42 64 87 -67 86 76 76 -6 -74 -19 49 -72 40 -85 -61 -27 89 -99 -40 -57 22 -92 35 5 89 48 -35 12 -77 -29 98 -92 -30 33 29 16 64 74 48 -85 27 -3 -62 -90 -7 93 -98 33 22 -75 60 47 15 -67 -59 38 -64 55 31 5 -9 -46 97 69 61 63 -4 -39
91 73 -29 30 -63 28 -27 5 44 74 8 -30 58 57 86 -36 -29 31 -35 -31 35 -88 -69 -90 -66 -10 -98 96 -68 85 -84 -56 -40 -6 87 -97 90 58 89 5 -40 69 -28 -54 -55 -18 55 -29 -36 -68 -38 -11 -74 -78 50 -47 -73 -94 62 59 -47 16 96 34 5 -95 -70 46 -19 46 -88 0 -100 33 38 42 99 -86 22 -52 81 -3 -100 -55 -82 -26 -56 -41 74 47 59 -69 -56 40 56 -9 -17 -46 -39 3 -92
30 -45 18 -49 1 -43 49 87 75 15 37 89 -5 14 53 86 -29 -13 61 -21 -42 -47 88 91 -90 15 70 47 -73 -95 -30 -43 -74 -30 -37 -7 37 -7 -2 46 -30 -3 0 -25 -98 -15 -83 47 41 -35 -86 -72 54 30 54 -85 72 -17 -16 -67 66 6 5 32 -36 36 21 93 -75 -71 87 98 16 -96 16 0 2 -64 91 -80 95 1 73 -38 -80 -20 -18 -67 -70 93 -70 -95 59 -87 -21 1 -15 95 66 -68 -80
75 26 -47 85 -27 71 54 -41 37 -27 92 98 29 30 -32 -37 -88 1 -16 -88 62 42 -69 -40 55 -58 -97 -96 -44 94 -89 -64 54 80 41 55 89 -13 -22 55 62 -68 -45 24 -25 -86 61 -64 55 61 86 -75 93 -94 11 23 11 -55 21 -38 8 -58 -41 51 -82 -49 -71 -43 -8 -72 82 -82 63 -12 99 -50 -74 -79 91 80 -47 31 54 -11 10 -33 -54 -98 -48 -9 -7 -56 -53 -91 60 87 -54 -5 70 -66 87
49 16 34 -54 75 -5 16 -88 -92 59 -42 2 -95 1 86 -79 -56 -34 18 44 -9 -89 -27 60 22 -29 -90 88 4 3 7 78 59 90 -50 -54 19 46 74 99 -72 -25 46 14 -83 62 40 -53 -3 -12 -78 -94 44 -25 -42 24 -58 82 1 76 -93 76 -44 27 -49 -60 84 -28 -7 0 -66 -26 -59 12 16 -45 -51 -57 6 55 99 -66 82 -84 83 9 -57 52 -22 -11 -98 -36 -61 0 -33 83 -4 -5 90 23 -68
68 13 2 94 -40 2 68 36 51 -2 -35 -29 96 -95 13 -48 41 -33 81 67 3 28 57 82 24 62 92 99 74 -41 9 61 1 -61 -45 -37 -6 -45 53 60 -35 82 -10 88 70 4 -54 94 -89 83 -75 -59 -68 -29 -38 -53 -76 78 12 -62 -99 -36 -59 -1 -8 -91 37 -77 -83 -39 -77 47 81 -27 18 69 60 -91 59 -13 94 -29 7 -78 60 -60 76 37 56 1 15 -12 -28 -62 -74 13 -55 42 94 -17 -74
-72 7 12 -25 -19 86 -26 20 -3 -70 99 -94 -39 -19 16 48 76 29 -76 -32 -39 -46 -12 -54 79 -62 -21 35 -13 10 -69 -78 -22 -83 -32 84 -53 67 87 -59 -43 -87 89 24 -45 45 -14 90 99 -84 -62 91 23 -48 -91 77 61 -22 -38 -4 -27 -65 13 65 -99 4 -77 0 -90 99 -46 -56 6 4 92 -31 40 -62 3 -37 40 -77 -44 -43 -67 -70 73 18 12 96 -42 50 -9 88 -89 85 -84 75 9 17 -10
-29 -1 12 58 32 73 -56 -20 -78 7 69 3 68 -21 63 28 -27 0 89 77 95 -59 74 96 38 -47 -45 49 -99 30 54 -45 82 -3 44 -26 -88 91 -5 59 -30 -53 -80 41 -24 33 -29 -35 11 1 -67 -77 76 -7 -85 -30 7 46 94 11 -3 -39 -50 -13 31 -52 7 21 10 -48 -40 -88 42 -64 -67 -51 59 -91 58 42 -7 6 -81 -48 1 -18 71 -11 -61 68 -3 36 85 -31 32 -10 -55 -36 21 56 -18
21 -34 97 -31 79 -92 10 5 69 -36 3 33 34 3 40 -14 -86 10 -26 15 -36 90 92 44 -14 61 25 99 -29 -41 48 83 20 -31 36 -67 -82 -96 -47 65 -40 -64 -59 -30 22 7 -81 47 -21 15 -46 28 21 -53 -19 50 -74 -62 89 -13 -41 -37 -27 70 -47 32 -14 70 29 -61 15 87 -71 -45 -21 -98 -71 -96 -30 -38 71 -33 -94 -76 15 -84 2 -93 -17 -35 -71 -22 -94 -18 21 -53 -72 53 47 -54 -2
-1 53 -34 -72 46 -4 96 -41 -21 -4 -34 -79 26 -44 49 42 76 -75 42 -78 -75 54 31 -33 32 -37 59 -36 93 -55 -85 53 -3 -83 -20 34 98 -11 -89 -92 -62 7 62 -31 -66 -29 55 -17 13 -93 -34 39 -84 -20 -89 49 41 23 -45 68 15 35 35 -99 -32 -3 28 94 75 64 -44 -100 -15 -96 -28 55 85 -70 -71 -99 -49 -58 98 -1 72 41 6 65 64 -77 -60 -52 -23 54 1 59 -40 96 -41 66 -86
29 -60 -99 76 18 -55 -8 -12 71 44 -62 -25 -1 -10 -11 68 14 -25 7 100 62 73 -40 -5 -40 74 6 58 47 71 80 82 10 -67 -41 37 76 52 69 -40 -39 -75 65 76 67 -52 19 71 -55 6 67 17 78 22 67 -22 -78 56 46 -20 91 -40 47 16 -80 97 -98 52 -71 -64 -56 82 0 -40 -41 75 80 91 97 55 47 -89 84 -32 -76 62 -82 -15 8 -60 -99 86 -63 -73 83 94 -45 -75 -99 -7 -52
12 -15 -26 -19 44 54 85 98 78 -13 -94 16 -38 54 80 -19 30 19 44 42 9 31 37 68 98 -44 -86 19 -55 94 85 -13 -4 -24 -85 13 42 -56 72 26 53 -1 -64 77 -74 -38 -82 -6 -38 85 43 -50 29 11 -55 -35 95 68 -43 -1 -64 -68 75 36 51 66 23 92 -54 5 22 -72 -97 55 -48 -65 72 -41 -7 -87 -87 -29 -84 -57 52 -99 15 -29 -33 57 -83 -54 -68 -62 -3 85 81 -59 10 71 -39
15 -81 -37 89 40 54 31 -24 36 -93 88 -83 78 -21 -28 0 -49 31 -60 34 -3 -6 -5 6 -6 -77 41 15 19 19 -84 -90 -59 74 3 31 84 -58 27 -69 50 -78 78 68 25 -57 90 34 84 -91 46 -51 34 -35 40 -70 42 -37 -83 -51 -10 -10 13 -29 92 -26 15 -9 -48 -49 -87 16 26 -47 32 -53 -32 -55 33 52 -74 -23 -70 83 -7 71 2 36 -98 -100 -82 5 40 92 20 3 -83 52 7 -2 -76
61 56 49 -27 15 -33 40 46 -89 61 98 -23 -44 -36 98 51 90 -54 -36 -26 17 -1 88 -2 -59 -58 6 -56 64 82 -6 -62 -54 55 66 -61 6 75 42 -87 29 -88 -87 -65 -75 -1 46 65 23 13 -39 95 82 6 -51 -89 -44 -54 -17 -47 -73 -85 61 84 -91 22 20 38 -92 37 4 81 37 85 12 -39 4 -67 -33 -57 27 -19 -68 48 64 36 42 83 -37 -37 100 -19 -98 13 -4 40 -26 2 -12 64 -96
71 2 17 96 -55 -73 86 73 12 -46 -63 88 -81 -37 -38 10 -56 -22 -60 84 41 -10 97 12 29 10 70 30 -88 -46 0 73 -73 91 -27 -19 -22 -59 8 -62 -20 -24 55 98 -91 67 42 -87 19 -49 50 13 48 9 19 -73 -85 31 6 11 67 -17 -30 -43 -84 -58 -1 90 43 42 -80 -68 -29 31 46 33 10 -64 97 -98 -44 -17 95 -33 95 36 4 -32 -57 42 -69 27 53 -31 -100 40 -86 9 -42 -33 57
-15 -21 -34 75 -26 -44 -82 -46 -68 81 48 66 -95 -81 -45 77 100 -19 -16 13 33 14 4 22 -6 91 100 -82 81 49 -41 53 -69 10 33 58 57 -87 10 -78 -35 97 -30 -4 60 86 -56 82 -94 61 77 27 -94 -89 62 -6 -21 -48 96 -77 26 -61 95 3 72 24 -26 56 26 -64 28 -12 -46 -30 80 -53 -68 -43 -98 -86 82 -33 -20 2 65 28 -66 99 3 -37 33 -49 -4 41 -65 -46 4 -25 48 77 58
-2 -33 37 -54 74 -78 -17 34 5 -35 -95 -96 -98 -73 61 -50 56 57 -48 32 -31 -12 -42 -39 16 25 -5 -65 8 86 97 33 -92 86 -43 32 -78 -100 61 88 47 -87 -96 -11 12 97 -62 84 -80 93 96 70 -51 70 37 2 -77 37 -49 -48 -81 94 -59 -77 25 -98 -7 34 -31 61 2 15 18 59 -85 62 -59 20 -21 34 -45 10 -17 69 53 8 78 67 23 87 -50 -90 -9 -89 -12 86 -92 -81 -88 20 -28
-29 84 -54 10 -84 6 -29 67 27 75 5 -31 -44 25 95 60 -82 -2 58 -35 -74 -95 -33 -84 24 1 -92 33 45 24 24 -2 39 -35 -55 24 -76 71 -49 -24 64 -77 41 -91 -80 -20 61 -7 -32 30 66 69 28 -39 -52 -1 86 -69 69 -100 -59 74 95 10 38 -88 96 50 61 3 -7 67 36 59 64 -55 -6 -34 -17 38 85 -42 94 40 -85 -82 -12 25 31 23 69 89 -48 -12 49 57 -24 53 -96 47 -37
76 50 42 -32 81 -41 -40 60 -76 -62 -61 -20 56 -75 -48 61 -11 53 56 -56 44 -7 -85 1 98 82 57 -17 66 73 -43 -56 -59 -6 87 -67 -23 -100 -98 3 88 89 59 38 30 -78 -68 -28 60 94 -76 86 -34 -25 93 -85 -24 26 74 -7 -77 13 88 -24 -60 -38 83 -13 21 79 66 32 41 -81 -38 -38 -95 92 48 66 79 25 -63 -77 72 26 78 -50 -65 -94 51 80 70 -57 -43 -58 98 -10 30 -96 69
-71 28 -56 -77 -34 -78 24 50 -31 46 -76 -51 41 -23 -45 -75 -71 11 -11 -20 82 -81 11 81 -41 -40 -65 -19 14 -79 59 -5 -28 -51 -86 63 65 -95 48 -39 91 91 81 -37 25 -79 -44 -11 -58 48 -94 -93 58 66 17 -1 -59 35 4 -40 21 13 61 24 76 -83 32 -73 82 91 58 38 -78 49 79 -28 19 86 -52 -38 74 -34 -39 44 -87 -26 48 -14 51 67 -63 10 74 13 -99 48 78 11 -29 -71 -59
-72 19 50 -55 -15 38 -22 52 92 36 -59 -78 -97 85 -52 -65 -66 -50 -77 -20 55 -45 28 48 -76 -53 10 64 63 98 -41 -67 -70 -39 -57 68 -91 50 81 41 -48 -90 -25 -40 81 -23 40 -69 25 4 0 -91 -11 -30 11 77 -24 -39 -74 -85 -87 -23 98 61 8 59 -52 -53 -40 -100 55 -2 83 69 63 -17 -57 24 54 -8 14 99 -86 74 -95 85 21 -93 -27 -14 36 48 -81 -11 -64 21 34 38 -37 -99 -96
-64 -1 92 -9 -63 14 -12 74 -73 -89 79 95 65 -59 -87 31 -6 -15 96 -62 -64 -77 -67 -2 -11 41 89 0 -74 4 -2 -63 -81 8 9 -59 25 19 -10 -42 7 -37 -64 -51 85 -92 11 49 -82 -49 -81 -98 3 64 -62 -27 57 36 -36 -87 100 32 -52 86 3 79 -33 -93 26 -94 -17 8 -53 -88 -65 -99 43 -9 79 -96 -26 46 25 60 31 -98 -52 -16 63 40 21 34 97 82 -54 34 90 -63 22 -50 -77
99 27 -52 -11 -8 -100 60 65 50 -44 87 98 43 17 -49 82 45 -27 87 -43 68 59 90 85 89 -70 83 60 45 64 42 18 52 53 50 81 -48 -74 59 16 66 94 65 67 69 -39 21 -56 -16 73 39 -15 17 -78 -87 77 73 -79 -13 16 65 -70 98 66 52 -22 52 83 70 93 -70 -28 -56 71 -65 67 15 69 -12 75 -32 92 -2 -63 45 -58 42 -15 100 15 -74 73 -95 41 86 38 16 -22 -43 -60 40
-88 1 17 -63 -90 -85 -96 -84 83 -5 -41 -65 74 72 -77 19 90 50 -31 47 6 30 -66 2 0 55 -59 94 -10 97 4 -43 83 23 74 -73 -34 7 -38 38 -68 -42 40 18 -1 8 91 1 -66 12 -39 -77 14 30 -49 91 -88 10 -69 -6 -95 26 75 65 41 -56 -95 -93 59 -89 93 40 73 41 -85 53 56 29 31 -43 26 8 17 19 50 -65 41 37 93 -42 76 11 -25 -37 -100 -44 82 -16 -36 93 62
-12 -1 -68 57 94 58 4 68 76 21 69 29 32 81 -40 62 42 89 88 91 -26 63 44 -63 99 76 80 -19 -1 73 -22 65 -93 -35 -44 17 -8 -83 -85 41 -18 26 97 9 73 -61 -64 -75 47 1 20 -93 89 -55 97 100 -71 -8 -6 -83 75 96 -78 10 -3 58 -15 41 89 -77 31 62 -99 13 -19 4 -94 59 40 -26 -78 -25 23 -60 55 -58 -23 -63 -33 -38 -65 -30 -20 -100 -31 43 -82 -92 -92 -90 66
32 -80 56 84 15 76 67 -73 53 -35 -9 -24 -18 -18 59 -55 -62 -95 100 -2 -37 -73 -3 -3 63 61 -72 -17 24 23 80 34 -59 -35 -58 -46 68 -3 -14 -54 -82 -31 -100 -69 -37 74 68 -46 30 -80 -34 43 -60 -30 -35 42 -74 46 -53 74 48 44 75 55 -100 -42 82 72 26 -33 48 55 70 81 -11 12 29 100 -85 -40 74 66 88 -33 -29 84 52 -50 30 6 -16 -88 16 -2 -29 -50 8 1 1 32 97
80 56 43 -44 -10 -25 -64 22 74 -50 19 71 -62 -38 82 40 79 -14 -44 68 -3 82 98 32 -38 92 59 -75 -76 83 -37 13 8 -85 27 -20 61 -15 51 -88 -84 8 -44 12 60 14 -14 94 -5 -79 -81 12 62 79 -70 40 89 32 14 16 -71 -17 88 56 3 41 -96 -83 67 -32 91 99 -75 77 3 -44 25 -33 19 -97 -62 -42 98 -29 44 -87 65 -39 7 60 -58 -46 -95 83 -89 13 1 94 -20 -32 -31
31 48 -47 72 59 -26 85 36 79 43 -54 84 -22 29 100 -65 -97 -64 38 91 17 18 73 12 -81 73 -91 -49 -38 22 27 -53 -51 51 80 24 10 -99 -83 84 -87 -6 -68 -19 -62 59 -93 12 58 83 -54 -11 28 33 9 73 -26 95 -59 13 -59 90 100 65 -39 -56 -38 -73 11 62 17 -73 52 35 44 73 -71 -13 -31 -77 70 -70 21 -43 -58 37 -45 3 -28 -27 55 -80 -38 4 -52 -8 51 -43 -34 35 -18
-38 88 38 -48 -5 66 -17 88 60 86 74 5 -72 -68 -3 -15 77 -75 -97 -67 9 -48 -43 31 28 10 79 -86 82 17 50 -76 -60 19 -51 48 76 43 62 17 97 19 79 -83 48 -52 80 9 33 -67 -49 77 98 -25 55 57 -6 -27 -70 3 -18 -36 -11 66 -55 -28 -88 -95 -35 31 -75 32 -55 79 90 25 76 61 79 41 22 5 66 79 97 -28 31 -56 99 37 -48 -91 -100 -43 -57 84 56 -32 -72 -20 48
-99 76 16 -96 71 36 5 -28 27 -13 6 -38 -53 -84 36 -96 -67 -48 37 -81 9 89 3 7 69 -84 89 51 -80 -24 -89 18 57 49 92 -61 -83 28 -27 -26 22 -34 21 99 -7 -100 -36 -66 48 -50 -8 96 97 -68 -33 7 -5 59 14 -76 -87 -33 -99 9 -90 -9 -24 72 -8 -52 51 64 81 46 -62 -21 -84 83 29 -71 16 -98 62 88 10 74 69 -10 59 17 93 31 -56 91 -76 -34 86 99 42 80 -93
-56 7 93 87 -1 93 -46 -8 36 42 81 21 -91 11 11 -8 99 -58 -80 58 34 59 5 -12 -71 24 58 79 -86 -18 57 68 -46 72 58 -100 10 91 34 -88 24 31 -66 -8 -57 42 83 9 65 65 -5 -28 27 -52 23 97 -43 -45 27 -48 -85 98 -52 -20 65 25 -16 20 18 57 88 -23 81 79 -28 76 26 -43 -1 81 89 -78 44 -46 62 57 -14 -22 -93 -25 42 -48 -84 13 -36 -54 80 -88 -98 20 62
69 -58 -3 -65 45 54 -11 -40 -46 -48 -8 24 -61 -28 -97 40 18 66 -77 32 -95 68 -68 58 -41 -67 88 -37 54 -61 -50 76 59 35 -74 -49 85 28 -54 55 -49 -53 -1 -48 57 67 52 -18 90 -97 34 -12 41 60 -77 -19 54 -14 -12 77 -65 99 90 44 -80 -9 -38 12 76 -35 30 75 -26 93 65 56 0 -2 -48 47 73 88 -24 -45 -77 93 -28 -17 -30 48 45 -15 -67 44 17 -6 44 47 -96 57 51
18 -96 39 -74 81 3 -49 71 -27 -63 -49 59 45 -63 41 -46 -91 94 59 -86 -35 74 63 97 8 -90 -21 -50 24 -75 75 45 -96 -80 -68 30 -30 -21 -32 -66 32 -26 10 15 -41 55 -10 -63 24 -98 -22 -11 -21 99 25 63 -62 -19 9 -20 -27 90 -71 -8 12 -10 -21 65 28 93 -65 -25 -89 -82 -92 51 33 -77 -98 -73 22 -82 87 -20 -25 82 -68 15 -71 84 -51 -17 56 66 -6 7 -77 -33 -89 9 42
8 6 -72 21 22 -48 84 3 44 -23 -39 -34 34 38 56 97 36 -69 -75 -89 -18 -74 -29 29 -21 -98 38 -79 -82 -67 29 43 61 -33 82 47 -41 74 -60 95 -68 23 91 -9 -28 -30 37 15 100 51 -15 -97 1 -39 19 59 93 -99 99 85 22 20 -24 31 -92 67 3 -75 -16 89 45 -64 -84 88 -9 -28 39 -50 86 -95 68 93 -48 1 38 -28 -97 11 5 63 19 80 -31 57 90 84 80 -99 -2 -80 -41
2 99 -67 -12 87 7 -17 -9 18 62 -10 64 47 5 -8 -83 -81 -7 97 -43 -18 -50 -86 52 -45 -13 46 95 62 0 -98 52 80 93 -54 45 -10 73 -5 62 -47 39 -36 12 16 -72 -7 90 -20 -40 -51 33 49 -31 -84 -99 -34 33 17 45 14 -17 -84 30 -46 43 -78 -50 -84 28 -58 74 58 91 16 -61 88 -23 -86 -92 -17 3 18 -84 45 21 68 -18 -4 -41 91 47 62 10 100 -85 65 47 46 -3 -78
-33 18 89 73 73 9 -29 -9 -59 -12 85 -33 -12 19 87 -3 -5 -8 14 34 78 -6 49 -23 13 -34 -75 -24 -64 -95 22 -45 28 41 -91 3 -74 -71 -65 14 95 62 -52 -18 -56 -4 38 23 96 64 37 -68 79 77 96 -8 -33 29 -55 -84 6 14 -96 -72 75 76 -71 -33 -21 -82 -53 -32 -50 -90 33 -99 -14 -52 -18 72 -74 -83 55 66 83 100 -19 -43 -5 -49 69 -86 -100 20 37 -72 -32 -49 -13 -36 -10
-95 5 -26 26 24 57 52 -11 62 -26 -22 -95 -76 15 -39 -19 -28 -67 42 92 2 -87 50 71 24 0 -69 78 2 66 -28 41 0 -65 25 -95 -75 -16 7 26 20 67 55 67 -78 -73 -4 -9 51 87 -4 41 61 35 -65 85 -73 -38 82 82 59 51 60 71 -90 76 -19 74 -60 -77 -50 -72 -15 92 78 90 53 -72 -27 88 51 -47 -9 -100 -78 -16 -29 -96 98 74 76 84 -25 -48 4 -73 -74 -33 63 51 -55
-9 -46 99 -94 42 86 -31 43 -15 -85 -68 57 -20 19 74 72 -38 -20 -64 65 8 1 44 -73 -10 15 -8 -91 -24 47 -47 -40 49 88 -78 -99 5 -63 68 57 -59 -91 8 -88 -59 -21 -58 30 33 55 54 38 -100 -5 -14 48 -17 -43 -89 76 -97 -21 -84 43 -60 -100 -98 42 22 63 -17 -99 -42 -16 -75 -16 91 -50 64 97 60 -59 57 -65 -3 -6 -86 52 -53 -58 -7 -36 50 -12 14 5 -22 79 -81 83 -26
-3 22 -18 79 -17 -71 52 -57 21 -70 34 99 -6 -91 -42 97 -69 14 -53 -58 -89 53 11 49 -52 -87 56 -3 59 9 17 -7 -51 88 3 -64 100 23 -88 90 -85 -37 97 55 -67 97 59 -42 -13 55 40 12 -90 -54 15 -94 -99 -75 -7 35 35 70 -62 -26 -15 -12 62 89 8 -22 -40 -35 -58 -96 14 -54 -32 -42 2 -79 -18 31 76 -22 93 -20 98 -72 -58 -45 -13 9 36 24 -2 -66 78 98 32 -91 -50
14 12 -99 -75 78 -31 -37 51 80 -69 91 -35 74 85 -34 50 47 35 -68 -47 70 4 54 -96 -11 24 -35 -34 88 -17 -84 -66 -5 -6 -17 -34 87 -4 7 18 -83 -51 -60 -26 -28 -27 -49 8 -93 51 -6 -28 -65 40 -39 -91 49 64 -15 -17 -98 97 84 44 -50 -8 -78 1 -80 47 -73 -82 53 74 78 -16 38 40 79 37 56 -60 -41 91 -47 -49 -72 95 -79 -65 71 -37 74 -45 63 -57 54 -3 -9 -47 -89
6 92 49 -36 73 53 0 83 34 56 11 -3 94 23 -21 -56 26 -74 -4 -38 -94 46 44 -71 27 25 94 54 -51 81 29 -21 -34 -17 64 69 -64 -9 -24 77 -63 -81 88 -9 -72 83 80 -26 -50 52 -39 72 -67 2 24 -31 52 9 24 61 -96 -94 -36 81 6 -66 -36 69 -63 71 -58 90 100 -64 87 48 64 72 39 13 5 -5 -29 98 54 73 75 73 45 4 -68 -21 12 -81 -2 23 66 -38 -56 3 76
45 -2 -43 68 55 -57 -19 -52 77 -4 63 98 49 53 19 3 -47 -60 -75 -4 22 79 71 28 -66 -16 71 -64 34 54 88 -51 100 -79 -72 84 34 -94 -57 -76 68 31 2 -5 83 75 -20 -5 68 -87 -67 1 -65 -85 -6 -7 -29 79 70 87 94 24 18 -25 -8 -30 54 24 -83 -98 -31 -99 5 21 -85 91 93 -77 74 -5 -42 -91 9 -76 77 -32 -62 -68 -48 47 -16 55 18 -48 87 39 -46 96 -92 -51 67
-99 -80 -24 45 -16 45 13 46 18 72 36 45 -59 -40 38 89 -86 52 61 -67 -66 86 -73 -8 80 -40 -47 -27 47 22 51 -2 -54 47 -40 -40 47 -45 -8 34 54 -39 -23 -23 65 47 29 73 -18 -70 39 -83 41 73 -95 98 -38 -1 -35 5 -69 -40 52 65 54 -26 -12 -47 -27 -99 -31 84 80 30 -9 -65 -84 -15 -37 -100 89 7 47 -69 33 78 -15 33 27 -2 70 -37 87 -23 -58 -49 27 64 -100 55 -60
2 -91 -88 99 -54 -68 -83 68 -35 -22 28 95 -82 -30 -45 -80 91 59 34 -41 -39 -46 -92 -45 -25 -88 29 3 -31 71 -11 -71 84 -89 79 -29 -79 18 34 -80 -97 -57 16 -31 7 43 -41 8 31 -96 -69 -61 95 28 44 -73 -77 -87 -41 40 80 -36 34 97 -29 18 -1 -44 20 97 -91 11 -78 65 -62 -25 -75 64 31 55 -98 56 -18 68 61 77 41 36 -67 -5 64 -40 -91 13 3 -90 -83 23 60 46 -66
-45 43 9 50 27 -4 -13 -38 94 -68 -47 95 -5 70 96 -5 -91 75 -56 35 -21 -72 -60 -55 49 90 -21 -94 -10 68 94 -19 8 31 -84 13 19 -43 11 -86 -16 -87 42 -95 33 -13 85 -71 -92 6 50 42 -18 -13 88 90 21 -84 93 89 16 20 11 51 31 54 -5 -76 95 -2 -39 40 26 -47 77 94 -12 -80 83 77 23 -24 -30 -31 -97 -48 -3 60 13 -79 74 -10 47 57 -36 36 -25 67 34 77 -19
-16 76 84 -32 -64 -38 -42 57 35 9 29 30 -44 2 -66 -6 50 25 -58 -59 -33 47 79 16 12 74 81 -25 53 -55 -3 55 62 -50 -6 -23 71 -85 -61 81 -86 61 -97 -93 54 -65 58 -99 38 31 58 98 -47 55 -21 -77 72 70 -11 -98 65 84 -21 67 7 -24 19 -27 -60 27 82 -86 48 4 -31 27 -86 79 -14 38 71 -70 29 -70 47 -94 -50 -56 32 -60 -97 -10 -23 1 28 70 -3 88 67 -6 -31
-8 -100 -82 94 37 -54 15 -41 57 40 73 11 -66 97 64 68 26 18 -86 83 -54 22 12 -68 20 -4 -6 -91 28 81 -86 79 83 92 62 99 65 57 -47 32 -78 62 -77 55 -70 63 -66 -75 57 65 -83 98 -75 29 -95 -84 -17 -32 -36 5 78 -70 -48 -99 15 2 56 58 45 11 52 64 -17 83 -45 -8 -43 -50 11 -78 5 89 -82 -18 -22 88 -95 -38 -34 89 -50 96 -31 -98 -90 -22 -43 83 72 -16 2
23 -35 -58 32 85 -35 54 91 91 59 42 48 -23 -60 81 -84 33 -91 69 10 -84 -26 80 -88 69 -98 -53 -3 12 -30 -33 12 -37 -18 -91 -63 -14 22 -81 72 61 69 36 -10 0 -74 -75 37 13 15 64 1 34 14 -62 -54 70 80 -26 87 74 40 -75 39 99 -55 89 99 29 -97 17 -37 76 60 -23 58 28 39 98 5 -78 100 51 -80 13 -29 38 -36 -23 -97 -16 -48 -81 7 -60 -11 -51 -3 11 63 -95
85 -91 33 100 60 -65 23 -38 -48 84 33 90 30 44 -15 -83 -6 -48 32 -72 3 12 24 -9 -69 -71 -24 -61 -29 -68 63 71 57 31 2 51 -74 21 -100 -40 -80 90 23 95 17 -99 -6 -79 89 62 -20 45 -22 63 69 31 -53 -71 -63 -37 13 31 -79 79 45 25 -66 4 -70 -3 53 -3 99 -97 56 -41 -63 -65 -5 74 -96 50 -65 78 60 -77 68 -41 -64 -75 11 -26 -59 -64 -70 -20 13 22 53 -66 47
92 62 45 -53 -40 34 99 10 -4 -46 -23 42 -78 47 -78 -13 91 -88 -69 56 -56 25 99 -67 -78 -72 -16 -68 11 -1 37 6 -64 -59 -82 -15 -4 63 54 40 -49 -26 35 31 -95 -48 95 83 28 68 -66 -73 -28 76 38 -27 96 7 -6 6 -83 -1 72 -56 -17 -58 22 7 -78 71 89 -14 26 99 34 41 -11 -77 -57 82 -70 35 -39 -74 -3 -25 -65 9 12 -61 16 -87 23 13 -38 73 49 -52 37 77 -75
-39 3 87 -29 45 71 -46 -70 -25 -1 -53 -49 -9 -82 -98 4 -37 -89 -2 96 -62 29 42 -81 48 -97 -76 -46 60 70 72 -61 44 -6 -49 19 77 -76 56 -83 53 47 36 97 -33 -40 -58 -60 -30 -69 -45 4 6 -14 68 42 18 -42 -32 -95 -37 35 19 -65 -85 -53 -76 -16 18 -25 37 -76 90 22 35 -38 95 -1 62 -11 16 67 -57 -13 80 83 100 -77 -22 -72 -88 89 -72 -8 77 -14 -14 -60 -13 -30 -95
-46 96 -34 -20 53 -28 -79 85 -4 -69 81 26 21 -30 -94 59 21 -43 -4 -22 74 63 -44 -14 77 -68 -97 71 -41 -9 87 7 76 56 -75 -47 0 84 75 -21 -79 7 94 -11 -5 -1 -74 65 -62 -79 -61 -34 65 86 -34 45 42 67 11 -32 -43 -43 33 -14 -20 32 -66 34 47 56 87 3 -84 85 87 -74 77 52 -85 35 49 -50 70 44 -21 39 100 -93 94 -67 87 51 25 73 92 -47 74 -10 -51 63 -50
88 -29 93 81 -55 78 -72 59 31 77 -79 7 -61 -96 24 -39 -66 -26 79 -4 -60 16 -51 69 -50 77 -54 -55 -79 60 99 13 -83 -40 -76 -79 53 35 -68 -86 23 70 37 52 -15 -33 -35 59 32 78 82 86 23 -51 20 -3 -38 -26 -76 78 11 88 31 -82 -43 -25 38 -55 85 63 -25 -6 -34 -83 100 54 46 14 -45 -64 46 -51 39 54 13 38 -61 -70 27 78 7 -57 100 -18 -43 99 25 -57 -92 78 67
-56 33 -12 33 87 -47 -16 55 8 -44 28 -31 18 -29 -94 -18 83 -55 -30 80 -99 -57 -89 26 -92 -17 67 50 62 19 -11 -28 76 16 -33 -58 -12 69 30 52 18 16 -58 9 -89 61 72 69 -32 46 -76 15 78 83 92 -66 -55 -26 92 -82 3 -96 94 -82 -18 -31 0 -50 -12 -85 -21 44 24 -50 -37 -87 -9 39 -25 -16 14 23 -35 -40 -33 84 74 63 17 96 82 13 -36 90 -47 -93 -42 -96 86 -57 -22
-17 79 -85 -87 63 -74 -8 -3 -72 32 -81 34 -44 -75 53 21 -27 89 60 -47 -16 -21 -42 26 30 -91 -92 -86 -28 59 86 -55 19 74 49 -42 94 63 37 27 -19 66 88 -69 -53 13 -15 -26 -78 11 48 16 24 -81 52 24 -7 -84 -21 97 84 70 -82 -46 61 19 58 -97 54 17 -50 -17 24 -25 83 -84 87 64 55 34 -38 58 67 -17 73 -1 -62 -2 -50 -58 -38 8 66 -86 56 88 94 -26 -48 -12 97
56 14 -93 36 26 42 -8 -73 -6 67 49 -51 77 -4 -24 76 60 -37 87 -13 42 -14 14 -57 -72 -88 -32 100 98 66 0 44 -56 -72 98 -46 -46 -32 22 2 60 9 42 96 27 48 76 -21 66 -53 60 18 -68 90 50 -59 -2 78 90 54 32 -78 20 46 -37 -75 -5 15 -17 89 61 35 20 86 15 61 -45 -50 -65 82 56 -84 28 -6 29 -47 -91 -40 23 -96 -4 -26 93 45 17 30 71 -40 -7 -45 -73
-10 -51 31 8 -84 -1 -26 -17 78 22 -91 30 24 31 9 -18 -8 -47 -8 -49 -25 37 -50 9 65 -90 -44 75 48 -83 -60 -86 3 83 -86 34 -18 16 -54 -56 16 -48 49 78 -43 89 14 -75 95 41 59 94 95 -17 19 40 -19 -81 32 55 -12 35 -65 87 40 42 35 -8 57 82 -51 46 -10 87 82 54 21 16 53 85 73 -64 42 47 48 -63 35 86 -4 70 -97 -48 40 -3 -90 6 -79 98 -37 19 40
83 -13 -20 29 62 40 -51 -41 88 69 71 -98 -82 -12 14 5 -38 16 -31 89 -95 -25 85 64 -56 -35 -45 -97 53 94 -76 79 -60 82 71 -94 -14 57 80 1 3 70 3 -31 -36 9 0 98 80 -73 14 -24 -62 42 -79 -42 22 -88 -62 -54 -15 -21 28 95 58 25 55 -25 -51 -64 -59 -53 64 81 -17 16 17 -97 -78 -10 30 -57 -37 69 -50 -84 42 -79 -68 -55 -74 -40 -41 28 -55 -3 -41 -48 71 -1 -40
-65 69 -65 -81 73 70 -6 -48 7 13 -31 -28 83 -67 -68 -43 74 51 50 41 32 -8 100 30 -5 2 77 -22 -87 80 51 84 -81 -82 83 -64 -46 -9 -100 -69 4 -94 52 95 -34 17 11 83 56 52 -74 20 49 21 28 69 -51 -6 -33 53 43 -31 24 19 -94 -81 88 -85 -16 20 -10 -17 -52 -27 46 76 72 8 -47 -2 -80 49 -64 15 8 -68 -77 -1 -64 44 -49 -46 68 90 -16 -76 -37 -46 57 16 5
-55 -84 -6 -82 -34 -80 -41 -74 -36 23 40 35 83 11 -53 -20 45 -60 0 -85 69 -65 -53 -81 -75 98 -25 -72 59 -20 -73 52 -91 -88 -27 -20 -36 24 65 41 -46 -35 44 -62 -73 4 31 -63 88 -93 39 -3 -80 -22 -20 -90 56 1 11 20 62 -83 86 50 21 2 59 -45 51 39 26 100 25 49 -6 -47 -9 -35 27 79 -3 -30 -70 55 -49 24 8 44 1 -73 12 -69 75 78 57 -9 59 71 34 17 71
43 43 -53 46 -13 -11 17 -46 -18 94 79 -10 -87 -49 -27 -58 -11 46 58 77 91 -34 -84 -82 66 -33 83 47 79 -58 81 27 44 83 10 -11 37 48 26 55 -54 -77 -61 29 19 -44 49 -56 41 -44 63 -32 49 17 86 57 22 -22 -33 30 9 65 -90 -89 -87 80 -47 50 -87 -1 -67 -74 90 76 46 80 -70 70 39 -14 -56 -75 -67 77 -85 61 -46 8 -43 55 27 24 -71 -69 33 36 77 32 -58 -17 12
-5 -83 -95 9 -81 -32 48 70 30 36 -25 98 10 62 72 86 95 16 37 85 -12 50 -71 -61 85 49 59 -96 -25 -99 87 74 -47 -45 67 -76 52 -71 -16 -29 -95 -18 -7 -57 -90 -43 -17 78 82 18 -29 37 -81 76 22 -31 7 -27 -68 -17 -81 59 -17 52 67 -29 12 -2 50 -91 4 -75 -11 -55 -34 56 -43 -24 -74 94 -50 -77 -95 32 74 -90 79 -36 -14 -66 -31 77 20 51 -64 42 -97 -88 41 19 52
9 -5 47 -53 13 14 74 93 -42 41 -32 16 32 -61 -72 -40 -70 -78 68 4 -37 -51 16 -84 -79 -44 0 17 -79 10 83 -100 44 49 29 -98 -2 64 16 -100 -78 -44 -78 -8 98 -40 70 7 -82 81 -65 -14 -40 50 -77 -91 28 -60 -89 -57 48 62 47 -21 -2 -82 30 85 -42 -15 68 18 90 -81 -22 22 -32 -53 25 -83 8 3 0 23 -50 -90 -49 79 -31 88 25 -31 46 -97 -33 12 16 -17 -48 -12 -30
-18 69 -25 -97 13 78 -8 -4 20 -57 50 -70 -77 76 22 -81 12 55 99 0 -68 64 -58 85 -97 -20 98 -14 -16 -37 87 86 -79 -85 15 -75 65 60 11 61 71 -82 7 68 63 -91 48 94 -57 -70 28 82 -28 96 -58 -78 72 94 -62 67 -100 2 84 -91 29 -12 22 -84 -81 -14 -46 -20 -82 -37 -4 -34 87 78 24 50 84 -39 92 56 56 13 -59 26 24 -80 8 -68 44 -88 34 -55 65 79 -78 -53 -14
-100 56 -63 27 54 -14 -5 -54 28 42 62 58 11 6 79 -65 63 18 -53 -33 -71 75 -77 -11 83 -11 0 47 96 -86 29 52 -29 38 -85 85 -54 -48 -49 32 40 -4 41 -14 -52 -96 -9 -1 82 -2 -11 -26 86 62 67 53 -67 64 41 -38 52 -52 -22 -41 50 47 24 31 -83 -39 21 89 -71 -29 -53 -45 -5 92 68 -6 1 70 59 -29 -29 -63 62 44 16 37 -94 21 -23 -23 -49 -93 -85 -37 62 67 59
18 -78 17 2 51 -37 72 79 -97 70 -67 -22 -73 -38 -35 2 -65 88 -59 -8 100 -4 96 -9 -25 -98 67 48 -43 -24 -9 -72 10 -41 -58 52 36 14 11 -78 -28 19 93 49 5 -98 -89 80 -39 68 51 -9 -91 -13 -22 -54 81 -63 -24 -46 72 23 74 49 43 56 -19 35 81 -96 -44 -61 2 -37 23 -61 80 -81 -19 -22 33 89 38 -76 16 34 -77 90 47 -47 -37 14 -19 30 -2 -7 -70 -87 -37 -39 -11
13 -70 28 -35 -85 -48 6 81 78 60 52 -81 -75 22 -55 -39 -62 92 22 79 -65 75 -46 30 -40 -35 -45 0 85 -96 -34 71 45 -55 47 -23 69 31 -65 92 -72 5 -84 -16 -95 52 -55 25 55 -60 -43 95 -38 7 -53 -68 -40 -20 -54 -3 33 53 -73 -90 61 45 46 -43 45 -23 -51 44 56 -46 40 -45 46 77 -46 71 -84 94 43 50 18 -6 -30 -56 72 -86 -5 -57 90 98 -33 -77 38 -49 64 45 -71
-17 9 8 -29 -68 18 -47 -90 -93 -5 31 -96 -51 66 5 17 -100 -47 -45 -33 51 38 -64 15 92 72 87 78 -73 13 78 -39 3 70 -56 66 70 -44 86 -41 -32 6 -5 75 34 45 45 -7 61 79 -47 -61 43 98 84 -47 -21 -49 -84 -88 -72 -39 83 -24 4 92 41 -11 -68 13 20 27 19 39 29 -59 96 -84 97 -78 -78 56 8 69 8 -6 -89 83 37 -25 66 -11 27 -83 85 -34 -38 -68 -70 -50 -30
70 20 40 -88 29 -40 62 35 -62 36 74 43 73 -70 45 -16 -51 98 29 -8 -10 66 19 0 26 20 -27 -19 80 34 -66 -99 52 -16 -20 -51 7 -66 -45 82 11 -97 84 -7 -98 -92 -97 -29 6 65 -56 2 -78 24 39 -20 -35 -89 96 97 9 -72 3 -77 -37 76 -81 -64 87 80 89 36 -100 21 -8 -24 -69 -7 -19 -16 -13 -58 26 -76 43 60 -49 15 94 72 21 -91 56 -9 89 69 49 48 -71 89 43
91 -96 -64 26 -28 75 71 -7 38 -20 27 34 46 -91 -53 98 -10 -92 55 68 -50 -68 99 56 -74 -49 68 -66 -76 -83 -83 35 -73 -20 -96 66 -4 79 -33 -91 -100 97 -30 -28 22 97 91 56 -79 57 80 72 -25 -4 -20 -41 -70 -10 -66 -28 -43 29 41 66 23 -21 75 54 86 -5 -92 -2 82 24 88 -35 95 -11 9 84 -92 67 75 74 -56 42 -84 -58 31 13 81 90 -35 -78 41 -18 26 35 -7 -6 11
65 19 34 31 5 -39 -94 77 -24 -98 -68 73 51 88 43 78 6 4 100 42 25 -38 -41 62 -20 37 34 36 -40 88 -33 -13 96 97 57 3 -42 -12 69 77 -100 71 -45 -48 -98 -7 7 -16 82 -2 -34 -2 -89 58 -62 -69 -4 -46 40 -56 18 -67 -23 40 -92 11 34 48 -100 -79 94 -85 -83 43 -35 -70 25 -18 60 -27 -18 62 34 62 14 -62 61 56 81 -47 8 28 -14 23 1 21 34 21 91 4 20
-99 96 -65 -63 17 49 -66 -33 34 63 3 -87 -72 71 -24 71 72 35 99 -36 -66 53 -7 44 12 -25 -18 15 -80 -52 92 5 -48 79 31 21 71 -7 65 -73 76 -40 -52 95 -67 -78 -69 0 33 -21 -89 -85 -79 100 78 25 78 -78 -13 -81 92 5 1 0 -97 -60 -41 87 -87 83 -55 64 41 -54 32 63 -32 -77 -51 -41 -53 -91 -34 -16 36 -61 72 -45 3 -47 -50 51 -83 94 -75 34 31 -30 98 24 59
24 -12 -64 -90 21 19 -9 15 -34 53 -75 -94 -47 -29 -49 -91 8 -13 63 61 -75 -81 72 40 16 22 84 29 58 93 54 -36 94 79 -76 -85 94 -10 89 36 -14 -68 -92 68 -20 -29 12 -53 -89 37 -13 -24 93 51 28 -36 76 -47 -84 26 -76 -7 60 85 28 72 6 -61 48 52 -85 53 16 -29 41 -50 62 -56 -22 98 -67 93 -89 75 -65 95 -4 -66 93 66 -87 84 -77 71 93 -2 54 -43 -85 -50 59
37 -44 4 30 -58 -88 60 60 81 40 -18 37 79 -93 -91 -68 -22 61 22 -29 -53 36 79 -63 98 -36 40 -26 -11 35 95 -68 -40 75 53 -22 -13 -54 69 62 -66 -96 86 -25 -32 -21 81 18 78 1 47 81 42 -18 85 -32 -82 -100 -75 -91 -19 23 51 65 24 -10 80 74 92 87 -72 -81 82 85 44 52 99 -11 28 -59 90 22 4 -28 -84 -71 1 22 73 -69 -56 -74 -65 90 -78 8 -24 57 79 88 -20
97 -89 -40 -63 74 -16 39 -79 -49 -44 87 -59 -98 -89 -10 8 -47 99 -85 82 72 -86 -17 -46 55 100 43 19 13 -93 53 -44 48 -46 -74 -9 63 49 -34 54 -3 12 93 0 -95 -61 4 33 -98 -61 -95 -63 69 98 -47 -46 -2 -79 -28 7 -18 -16 -60 17 55 10 19 -4 55 -98 -97 83 -10 -60 17 43 -45 -97 -100 85 61 -59 -88 11 -32 26 77 64 -59 47 68 34 29 88 76 -33 65 -24 60 60 -54
6 89 -77 35 60 -26 58 -76 -62 89 94 43 61 33 64 25 80 61 43 83 2 -27 -64 85 -32 5 -45 -16 -13 51 -7 16 -70 -23 97 -80 66 -82 28 -76 35 34 25 64 33 -7 20 -1 -26 15 -83 -91 79 52 -14 83 12 7 -21 -72 97 46 87 -70 -42 -100 85 94 63 -34 -57 -45 -10 -4 -59 30 -15 -42 -91 32 78 32 6 98 -12 -72 42 -60 86 9 -66 -83 23 69 -88 33 18 50 -22 -82 -37
83 53 -69 -68 85 49 9 23 100 -43 -72 -33 8 -18 70 -67 21 -32 40 -4 11 -3 78 89 -7 -98 -65 -97 -95 98 6 -36 -99 44 85 80 78 0 18 29 -49 -32 86 -78 71 54 35 58 65 -84 -32 -7 -18 -82 -79 72 -80 83 -59 -44 56 -58 38 -25 -12 61 11 77 89 89 -32 75 -91 -91 87 45 -39 62 -93 53 -78 -64 -31 -4 54 -52 -91 61 -10 -76 -61 63 -57 -64 62 -40 67 20 -15 -23 2
2 41 -55 -68 -74 4 90 -41 -66 75 -84 -90 -25 -58 94 -61 17 -39 -90 -64 -13 32 55 14 56 -14 -75 74 41 6 54 74 1 -58 -27 41 -49 -99 95 -9 97 -39 69 -93 -93 2 -97 -63 -23 37 44 7 85 88 -78 -1 34 24 25 -93 -10 26 -73 -21 -81 -13 -37 -72 -56 63 78 -69 -1 60 25 -82 97 -6 -72 70 -6 -18 21 68 4 -47 -3 -44 86 -97 -24 -36 2 22 -18 -64 79 -13 84 -27 38
