85 50 3 98 23 63 2 -11 61 8 74 84 92 -82 -63 76 81 83 11 -40 -75 38 38 96 -47 13 55 99 -90 14 52 4 54 88 78 -5 36 14 48 -68 37 -78 -73 49 94 -19 2 11 -73 5 -3 79 -89 7 -68 -54 81 82 62 -23 -16 -62 40 58 3 -22 -98 -37 -7 18 -57 75 -85 -27 76 73 -80 30 56 -92 2 -24 10 -54 24 71 53 -81 -39 11 11 -34 57 93 -7 90 84 -56 36 54 1
-29 -79 -84 -80 3 -70 -69 -76 19 -41 -67 21 -58 -80 -31 -58 -65 -77 -79 -23 -97 65 25 83 -64 88 14 -81 -90 82 66 88 16 56 15 -84 -45 -70 46 -64 -35 14 49 -62 26 -66 -34 28 90 83 -34 -49 41 -26 73 46 17 63 -22 0 -38 -92 22 -69 -74 45 13 -26 47 -20 93 87 91 -6 -94 -62 -93 -87 -89 -73 -93 -82 80 42 -66 -14 33 -4 -11 20 -2 -28 -72 78 80 -8 79 -63 82 53 -48
-37 46 -96 -75 56 -55 41 50 81 7 -84 33 -51 85 -48 38 81 -21 -45 9 25 -61 8 25 77 -49 -59 9 -28 -30 -4 66 45 -62 -100 25 -23 -49 58 51 -51 -41 70 4 -97 41 57 3 -71 -48 -14 44 -99 -91 -48 69 -67 -66 -82 100 -59 -17 100 -40 50 83 41 99 5 22 64 -7 -21 -90 -2 -42 94 -39 -56 79 60 7 3 -42 100 90 -100 -11 -60 -27 80 -19 100 98 -66 78 15 10 -10 94 70
-3 -37 4 -38 -22 18 48 -36 -94 -94 -37 60 -85 58 -76 -72 75 -60 60 -51 49 -67 52 -85 13 25 97 29 5 51 -59 -86 -56 33 -76 56 20 -23 78 -78 56 -73 29 11 16 -37 -77 3 22 -5 18 93 29 -12 -44 -35 -78 -39 30 -58 35 41 -63 52 -66 -46 -43 -29 -59 71 -67 -66 -49 -83 100 -12 -38 -5 -37 45 -41 36 34 -64 -70 61 50 -34 -68 72 64 -23 -78 -35 92 91 0 42 100 28 -17
49 -23 -23 -94 2 99 -37 43 91 60 -69 85 -44 83 27 -1 4 -22 -78 -59 -46 66 14 -7 -2 -81 28 -58 46 -30 -6 -21 -17 -71 -52 -24 16 46 11 -10 0 -72 -74 -70 96 -92 44 67 7 53 -45 -1 32 0 26 31 2 -35 -35 71 -14 -87 -72 -3 94 81 -51 51 -22 18 -33 86 59 12 -67 -12 -24 -27 77 -42 -5 35 -29 59 54 -33 52 -17 -10 -76 35 72 7 33 43 15 -42 91 -10 93 33
-59 -14 37 48 95 82 95 -46 -30 9 40 72 77 -92 -85 -25 42 -61 -90 87 68 81 85 -48 -91 55 -61 -22 -13 -14 -9 -10 -75 -89 0 33 -6 13 94 -96 -81 70 -11 -50 85 63 36 -83 11 95 -61 -62 -30 68 -81 77 55 -56 -65 34 66 21 -32 65 68 -85 77 45 -49 -84 28 -99 -37 0 -14 -65 11 -5 -80 30 -26 60 -80 -62 -79 -22 32 100 -89 8 78 -22 79 89 58 -87 62 50 53 -26 55
-48 66 32 -51 45 -28 -17 3 65 24 -3 -34 -72 -83 -93 -96 -78 -67 98 53 12 76 53 60 66 6 22 5 -90 29 4 89 67 -42 49 5 2 -81 -24 58 -49 41 69 8 -6 -31 -10 -24 16 27 -31 95 19 -23 -6 -57 -66 83 -30 -99 58 94 -83 52 -46 8 53 -100 37 -81 -91 -45 37 74 48 43 -31 23 97 77 -41 -87 75 89 52 78 39 99 96 -64 44 -61 -33 -100 83 -2 -68 44 -72 -53 47
33 -77 3 88 -33 4 -66 -80 20 -50 65 51 50 18 -82 -47 3 -95 -60 33 63 100 -56 35 -26 95 73 -55 83 -28 -30 15 -10 48 24 87 40 -85 -16 83 -23 91 6 40 35 -72 23 -54 35 -40 -51 -9 84 -91 13 53 -81 -22 -68 -66 -21 52 -2 93 63 -22 7 46 8 44 -78 49 30 -81 -12 7 78 -46 26 -23 -44 -38 34 -52 -11 45 -74 -17 30 -66 -84 -1 73 1 -1 2 14 7 32 3 -29
-63 63 -41 -90 -32 -55 -41 31 -41 -47 8 47 11 -17 72 31 -66 94 -42 46 33 -31 -95 82 26 -89 80 26 21 70 -77 -43 -62 68 -19 -27 10 -75 -38 -96 -5 28 82 -12 -24 49 42 -93 68 34 67 52 -71 94 51 -97 -66 99 -37 28 0 -11 7 -52 66 -22 23 22 17 16 -2 83 -42 -86 -82 -11 77 92 50 -56 -95 -76 -72 -20 -73 -49 -21 -6 1 -87 -62 -44 11 -6 36 -13 99 -85 -8 -93 -2
-36 -33 -63 -96 38 -70 12 61 99 -32 -86 85 -66 -18 -6 -53 -94 98 -96 54 -94 11 0 51 -88 -22 -38 18 -33 90 -68 -94 62 25 -12 36 74 -53 60 -95 -15 -64 4 77 17 -13 0 14 -22 17 91 -66 -77 -64 -92 29 -39 52 -21 -46 50 76 82 -76 56 51 -82 -58 29 -27 -55 -24 -24 -68 82 97 -77 -59 3 -69 37 39 51 -40 85 97 -73 53 26 91 -1 1 -8 70 -96 -87 84 23 -74 89 -47
-20 94 38 -5 32 76 24 69 13 -38 71 38 67 -4 -48 90 -29 47 -63 -38 -77 37 -10 40 -30 60 -48 -78 84 80 30 10 -68 50 -81 66 -88 60 -59 86 -79 -74 -35 -53 -77 30 -39 -89 37 -16 -16 -61 -70 -39 -89 11 40 -58 24 65 4 79 63 -76 -60 11 -91 67 -60 4 -37 15 42 99 -96 -97 -50 -55 93 -37 51 17 22 -60 84 -64 24 -81 -3 30 -2 -2 68 88 70 -21 65 -74 89 -67 16
23 -43 52 -40 39 -81 1 -86 -32 72 57 88 2 81 -40 -8 38 -87 -69 -70 -78 35 40 22 64 58 91 -49 43 -81 0 -42 -27 42 62 35 42 76 -81 -87 -9 32 90 9 -19 -54 90 60 87 -65 69 -72 -96 -81 2 -100 -31 -5 55 -60 7 -36 18 23 1 49 76 -5 26 7 -16 -17 -18 97 -51 -77 -67 20 87 -65 -37 99 90 85 -38 -18 -7 -92 -26 44 -85 -13 -8 91 -100 -36 -1 -25 -89 99 -27
24 10 21 6 78 -9 -51 -55 -15 -56 2 20 -29 26 -49 96 -60 -42 51 53 -95 -26 -44 57 -43 -9 -3 -35 52 -78 -70 57 -52 77 -52 -84 74 -69 -80 65 -53 -30 94 25 12 97 0 -71 28 -78 100 -22 -71 100 17 50 55 28 -90 89 65 -25 39 -18 98 -42 -14 -95 78 4 23 -32 -35 12 -91 -71 31 31 -75 -90 -16 12 25 14 34 82 30 -26 -56 -80 -1 82 -6 99 -48 44 66 -92 30 -14 94
-36 2 -41 -35 -44 -23 65 -16 -83 88 -54 -15 -42 28 -98 -67 39 79 33 -88 32 29 27 -17 -35 -5 11 -5 96 94 -67 94 63 -21 1 -1 -85 -32 1 75 -48 -26 -39 93 29 73 88 76 31 43 94 -85 82 -90 -30 -94 -27 -97 -100 -67 75 76 -43 -53 15 -33 99 -76 35 -6 92 -66 36 -90 2 17 8 -46 3 -18 76 63 -44 77 74 -50 -2 -97 -57 38 -68 73 -1 45 98 1 19 20 -61 59 96
84 -80 61 14 -48 30 39 -76 48 83 0 28 -94 20 -62 47 46 -20 81 -16 -13 98 38 84 -57 -16 -92 1 21 79 15 -44 79 18 58 -91 50 35 88 -80 0 -80 43 -15 -31 -34 -28 27 53 -15 -67 -85 18 -30 64 -45 81 -55 11 -3 -95 -98 -89 9 61 -47 -30 34 -96 22 -11 -9 -95 -10 42 -88 54 70 91 85 70 87 30 89 -88 -3 90 46 12 -99 59 59 -30 91 -1 81 -64 25 -61 68 10
49 41 -45 -49 36 -23 -45 81 72 56 -94 -18 -54 -66 18 -56 -43 63 -46 91 -8 74 24 68 -13 0 -53 6 74 22 -63 -99 20 -46 69 87 33 71 1 -25 71 35 -42 -70 8 -98 73 -45 -64 53 75 -88 37 -87 -70 -44 100 -20 71 -42 -53 30 -15 -96 -83 63 -81 53 97 13 -57 -84 13 77 -4 93 78 100 -3 96 18 -4 30 84 38 -100 -80 11 -77 11 79 10 92 -83 -83 -61 57 28 85 -7 -54
-72 -84 -7 -53 -44 -7 50 -68 -54 -68 88 -46 61 68 56 76 67 -38 67 -85 -91 -65 74 87 80 37 -7 -83 21 43 26 -15 -60 -78 -98 -85 39 -29 -23 16 -76 -32 -96 54 -40 71 94 -37 19 -86 19 -15 12 -62 -31 -50 50 -56 46 29 -29 -72 -72 -75 28 -25 -98 -25 49 -13 -65 26 -70 -70 21 78 69 -29 50 2 -36 93 -1 74 -10 -56 -15 63 47 -44 -4 82 -32 60 19 43 30 -64 98 82 52
-27 29 29 71 -39 -26 91 15 -24 -7 -29 -52 13 -100 90 -91 82 14 62 -10 -54 -70 4 42 29 -81 10 48 -72 2 -14 -49 62 -23 -72 97 -44 86 25 -15 77 69 -79 84 36 -52 -67 -91 16 23 -68 15 41 -31 67 -81 -24 44 -9 48 -68 -88 -79 88 -71 -14 22 26 63 -43 31 17 87 -67 0 -14 49 -70 31 -22 -79 74 -49 -67 74 -80 28 54 69 -12 -8 -74 56 -73 30 -52 -63 11 -48 -30 -24
-6 42 90 -62 13 -96 -37 96 48 -34 -87 -62 31 -82 -38 -41 33 -27 -30 100 23 -23 65 71 1 86 91 100 0 47 -63 26 46 -82 -97 21 -37 53 5 74 -28 -98 81 11 -71 -52 6 -24 38 -27 -93 -13 -21 -47 -11 -61 67 59 41 18 -32 -31 -70 7 -71 -42 -25 -20 32 55 -13 -52 -86 87 -38 -11 12 -18 39 81 26 63 -13 2 67 -94 37 -53 -86 -3 -77 -98 -97 -56 -67 -88 -67 83 -71 -48 14
55 94 61 98 -56 69 57 22 60 -26 -91 -49 13 -12 11 -57 -16 67 -88 -24 71 73 92 -8 -16 -66 31 97 27 91 23 58 -62 97 32 53 -75 65 -26 -56 22 99 -31 76 -28 -27 93 5 -50 -22 -79 -1 -69 -3 26 74 43 -42 -15 -34 -71 15 40 -40 53 52 -18 13 5 -72 6 -57 63 -11 -75 49 80 -74 81 11 41 72 1 -33 -86 -43 17 70 100 33 12 -90 -62 -22 -28 -72 -52 -21 -78 -57 91
27 94 16 -94 99 -73 71 2 -72 -43 94 -84 55 5 95 -22 -7 -38 -26 -1 33 -7 -53 -6 33 29 37 47 55 10 -35 -87 12 -19 67 75 94 21 59 -22 -8 25 98 -53 -9 59 -39 85 -51 94 4 44 -61 -84 -66 -25 41 54 5 8 65 -18 -10 23 39 58 40 -54 -90 -25 81 75 55 80 -78 82 29 -78 90 -66 -91 -29 -14 -94 -26 37 -98 48 1 23 6 34 69 -36 -35 -66 53 97 -89 -1 37
-73 49 7 -92 17 92 -97 -2 -25 -29 13 -64 56 12 58 -3 -25 22 100 0 12 36 85 8 -15 90 56 61 -82 22 -99 11 -55 20 -92 84 83 1 17 -56 -55 -63 -24 -71 63 -84 -100 80 -36 86 -100 -16 59 34 -40 -4 48 -66 -53 3 -13 -22 69 39 -10 -54 6 78 -20 -98 -69 7 18 92 68 17 -14 98 9 -58 -39 -17 -28 93 -83 46 59 -15 -16 1 42 -68 100 -50 96 53 -86 -64 44 5 16
-11 -24 5 -30 -6 -87 31 -15 34 29 -60 -67 -79 -24 15 77 33 -79 -94 85 25 -68 -40 -89 9 65 -20 92 -38 -43 -51 -41 -35 66 -65 -10 67 40 92 -40 56 -16 3 -23 -47 20 -60 67 96 65 -89 -53 -99 -72 97 40 50 -25 -65 37 -95 -85 -16 82 -34 -80 -22 42 47 -69 62 55 50 96 -31 96 82 -21 30 54 96 -91 53 17 57 -16 42 -55 4 53 -99 -27 -15 77 12 56 -11 -18 53 52 5
-42 23 77 -67 -62 63 22 31 58 -51 47 67 -42 -51 13 -32 -68 19 -90 -10 59 78 44 -18 -90 49 85 49 35 41 81 76 57 46 21 44 64 -57 5 -7 -62 47 -7 15 80 -62 -43 67 -29 87 -53 91 -75 46 15 34 -27 -70 -29 -16 -96 -57 -84 -71 -50 -28 41 -11 -72 -51 46 -30 32 -23 -73 98 42 68 -45 -37 -73 66 -44 -14 -84 10 -55 8 -70 66 84 -97 16 -75 82 99 -21 56 18 -70 -96
-80 58 -84 47 -46 81 -79 67 -5 -11 -77 61 25 0 -53 34 -66 -33 39 15 73 -53 95 47 -80 14 42 -51 62 -34 -76 -33 -6 -6 -97 -18 -71 -20 99 6 15 -39 -22 13 -48 -88 -79 -41 -99 -96 -31 58 41 92 -20 54 -2 -27 -87 82 53 81 8 30 -86 -26 -28 46 -25 66 34 69 73 54 28 69 26 55 37 23 65 -92 -63 94 -45 78 46 -4 -1 -61 73 25 -65 54 84 -84 -74 94 4 -98 88
-69 -16 -23 -81 87 50 25 -96 -34 -85 -56 4 -11 33 -3 -13 71 68 56 -97 67 -53 91 -2 86 10 -82 8 -69 -79 77 8 -96 -100 -54 -11 -23 -6 -22 54 35 -91 -20 3 -65 -94 13 -53 92 -56 15 74 -44 20 9 85 -8 3 39 80 -99 9 -25 3 -89 14 -16 -10 96 -65 24 -8 64 -84 -36 45 66 -20 -7 -1 43 37 -32 -62 -56 -98 52 88 44 -56 -19 10 0 -54 59 -30 -49 20 -16 -8 63
-58 95 -7 71 9 69 -30 -33 -81 -43 37 43 52 -10 16 -85 40 -34 -99 -58 -92 50 38 -2 28 -21 -12 -20 24 -67 -67 8 -20 -10 7 -86 98 17 41 30 72 -27 -64 -2 100 20 -54 53 40 5 11 100 -82 -78 -38 -36 -74 85 0 -86 -7 -69 94 -16 78 -69 52 -59 5 -41 19 17 -72 28 -26 -68 28 72 80 -42 -98 -33 -85 83 -28 36 -66 67 92 80 79 69 69 -92 26 -73 -62 -60 -11 95 -55
-64 -95 40 -87 -37 28 -97 -28 66 11 95 69 -23 47 -45 85 53 -69 87 2 -12 -71 77 -45 -87 37 -13 -93 -6 -53 -4 -41 -1 -96 3 -91 5 -13 80 0 -89 -82 -93 17 -11 -4 91 99 79 -17 16 30 80 -70 42 -74 -82 -92 -33 40 -35 -93 49 47 19 41 26 85 -85 38 -57 33 -99 -6 56 -87 97 -95 -68 58 63 -1 66 81 -42 17 33 -70 89 69 9 -61 22 -75 -84 76 -56 -14 63 98 1
28 -59 25 74 -95 1 8 -78 -96 17 32 59 28 27 53 -88 -100 96 55 57 -39 -19 -20 -30 61 49 79 -12 -88 98 77 -43 -36 -29 -87 -48 10 -10 4 22 -97 41 -62 35 53 -81 -78 -4 -68 -98 23 53 51 -94 -3 27 -97 -71 81 -75 -3 59 31 93 -54 28 81 -1 55 -21 32 -23 14 -25 59 -77 -68 -95 48 -1 57 -65 -67 55 73 -27 91 69 30 45 -74 32 25 23 42 87 -25 -93 64 -48 -98
-72 -75 32 47 -50 -8 -46 54 -45 63 -83 -87 -80 -38 -77 95 -96 8 92 79 -59 -46 -70 -80 10 -35 80 8 58 28 93 -57 -72 83 18 -39 -64 -40 52 -82 -79 -64 22 48 34 -44 32 52 -50 -26 22 -94 -36 45 -72 -87 50 -3 -50 55 -18 -78 96 -21 25 91 -99 67 57 -87 -4 -3 23 -75 -99 61 71 48 67 97 -95 -55 -41 40 -40 0 57 -87 -6 64 -64 -28 -44 -8 79 -51 -48 73 -68 95 -33
22 -33 84 -4 -4 22 -48 79 3 -70 -63 7 7 25 -52 -3 -86 43 14 -8 2 -91 -27 -52 -2 34 -67 -88 68 -71 -22 22 44 98 -25 -34 -1 -74 -28 34 -80 99 97 -67 -81 -27 75 -88 83 53 -18 10 43 -57 76 -79 -12 2 -80 -95 -79 5 -55 -22 -45 -31 -8 70 -42 -86 -32 96 -69 -64 -18 72 56 -74 -37 -75 -40 37 -74 77 68 80 -4 43 99 -94 36 70 15 2 22 75 8 -7 34 -45 -70
-1 -80 20 -59 -31 81 30 -53 11 -92 95 -64 87 -1 -9 -14 83 54 95 8 32 10 -45 34 -28 -91 -71 -93 1 45 91 -100 -13 73 98 -28 5 8 100 -68 100 -6 39 -56 -94 16 48 -34 39 -7 85 -8 -78 77 57 47 26 -63 -11 89 -74 -29 18 -52 61 71 51 96 -14 -41 -100 50 -14 -79 -50 94 57 -14 -35 -16 -57 -31 -29 7 91 50 -18 -1 82 -76 -30 99 -30 38 17 37 -20 -46 -48 85 -23
15 71 33 99 51 -37 99 -76 25 -14 30 67 44 -33 -29 95 -57 -72 70 -47 45 79 71 55 -50 -75 51 71 41 -33 -15 6 -17 92 5 -8 68 -16 9 1 -33 -29 41 -96 -91 -34 -77 -55 -89 -37 31 34 -98 57 -15 8 98 -92 75 64 -6 -60 -65 -26 -55 100 37 -72 -71 68 94 -64 -9 -91 58 -2 25 -6 38 89 31 -45 18 -13 -96 8 51 64 95 -91 -63 84 -16 24 -89 57 42 47 18 -4 -91
86 76 -32 -11 43 18 -61 -6 -7 47 -33 72 86 -72 31 51 13 57 51 -83 32 48 -2 73 52 3 66 77 78 10 -55 -65 -34 10 -30 79 -24 -57 49 -15 84 17 56 64 -77 95 -51 -89 36 -42 -1 13 39 -72 20 32 -76 -86 43 -73 37 22 -87 -20 56 23 37 8 -98 29 -62 80 -45 78 46 -1 -33 -24 94 23 24 -93 -57 12 -67 -72 -70 57 -49 20 73 -89 -88 -93 -9 25 88 -2 85 9 -47
-2 68 -1 -90 45 22 -88 9 23 -26 52 -24 70 -58 -43 -78 -44 -19 16 96 6 -21 -76 36 13 23 -68 88 38 93 -16 60 51 92 77 48 98 51 98 -13 -71 86 -75 11 67 68 13 -62 -39 -9 -2 -97 88 -79 -34 49 -35 69 -83 87 60 -9 17 38 2 37 -19 -55 100 -39 -2 27 -76 9 79 42 -98 44 -3 56 -86 -36 -17 63 77 56 -37 43 -57 -100 -67 44 -81 -52 -58 8 59 71 68 91 -48
22 -50 27 33 24 88 27 75 -81 97 79 -26 -6 -37 22 -22 0 -3 -94 52 -81 -64 -51 -97 70 24 76 80 17 78 2 44 81 16 51 -77 44 -19 -23 -64 -67 -38 -73 80 94 -36 -92 -73 -5 31 -63 41 -1 52 54 -11 -89 -21 -80 -6 -83 -81 -56 74 -55 -70 -40 54 27 -92 36 24 -9 86 78 74 -83 -28 -18 -1 -45 -68 76 5 -32 -45 -8 61 -14 -9 -77 31 -59 -34 -44 82 44 -33 -61 1 99
-27 -26 -71 21 28 72 66 69 74 83 -97 10 55 10 -17 84 -71 87 -58 -80 -14 -53 -75 6 -68 59 -67 -94 -93 -81 89 -29 50 26 63 -76 -14 99 48 72 39 73 -11 50 -18 -7 -44 79 9 33 -37 -49 97 97 -10 29 30 50 -96 -77 -60 0 -20 69 36 -83 22 -59 15 54 -60 -27 -60 -54 24 81 16 28 23 -93 77 42 -19 -61 64 83 -66 -68 31 38 80 -32 -48 19 -88 -60 63 -81 72 -26 -43
18 9 -45 -98 -27 75 83 27 29 6 93 -86 94 -4 86 69 68 90 -42 33 34 -74 3 75 -63 -9 60 -45 -53 -87 78 -17 -16 -39 -46 -15 -68 2 34 55 91 7 35 2 -93 17 33 -57 -54 38 81 -94 42 -85 61 86 86 66 54 -100 55 13 49 -31 19 -23 -31 -18 -78 -24 86 12 25 -47 70 80 -39 -52 93 73 96 -42 -97 -36 63 -27 -64 62 33 -43 25 -15 -88 -58 40 -93 -85 54 -38 -14 13
-22 -3 66 0 55 19 57 -73 -12 94 62 11 -7 66 -18 72 49 65 -48 -68 53 89 23 62 -73 73 -7 -26 81 96 97 -57 -30 41 93 -94 91 80 11 -98 81 85 20 61 -36 -57 2 37 -78 8 76 -46 -74 46 -78 25 -24 72 6 54 49 61 -64 82 -1 78 5 32 -64 26 -11 -67 -46 -76 32 -72 -52 62 -71 15 71 -21 -23 36 -32 -41 -65 -75 -6 -3 28 12 -93 -23 -53 -16 15 -53 -65 -50 93
-45 -9 44 25 11 30 -34 43 54 -75 -85 -87 -51 100 20 -8 -89 -3 67 88 22 38 -31 69 2 -52 -72 4 50 82 -86 -13 46 -75 -6 70 -89 -57 27 -44 10 47 91 89 -81 27 86 -83 -43 -3 23 93 72 8 79 -57 -72 -67 -87 -5 -5 -77 3 32 56 -66 -26 3 67 7 -14 -9 -45 -85 44 10 91 -39 98 -10 -89 -46 19 -25 -49 62 66 93 93 31 -13 -67 -5 -25 -84 20 19 -71 90 -84 -51
-59 84 99 -7 21 -32 45 -61 42 -87 -21 -56 90 -19 -49 33 -52 -37 51 -4 60 -63 -41 57 -24 -87 55 -2 -99 -83 47 -62 -37 -59 -30 23 97 13 -67 -63 91 73 93 -9 67 -42 14 4 73 -18 -48 81 38 11 53 28 84 40 -34 -74 65 -5 -90 -75 85 39 -90 -72 100 -70 -45 -42 -52 -52 23 67 51 69 -28 -22 60 73 29 -25 68 -62 57 -56 -47 -67 -25 22 -21 48 37 38 82 38 41 87 1
89 -17 62 4 30 -35 -42 62 16 -3 -80 17 75 -20 -96 -7 -3 94 7 79 11 -28 -77 -25 -19 -24 -62 -32 -31 -54 100 -95 28 -52 -98 -57 -90 93 0 95 -49 -24 -15 69 79 23 -18 5 26 -97 53 -85 5 5 35 36 42 -74 -74 5 -41 -35 -91 17 63 77 1 20 80 74 14 -86 -4 42 -19 -31 -99 30 -25 -33 -7 93 59 74 0 72 -59 -95 -54 91 73 31 -10 -100 -48 70 31 98 -44 62 57
-73 -60 83 -34 49 -31 61 66 98 10 61 -100 21 8 96 3 21 -83 -85 -16 -79 -92 -74 61 -26 -69 -53 78 -83 -12 82 -54 -16 -50 -12 5 -42 35 90 87 -9 91 -37 9 32 55 -13 -32 -79 77 73 -86 74 14 6 -75 31 -23 91 75 23 30 -57 -89 1 -20 53 -24 32 -33 -62 -19 -77 -15 -53 26 26 82 -41 10 27 56 -16 15 -31 94 -4 -46 -79 -64 -59 -85 72 59 1 71 -41 100 -29 -22 -24
58 -100 35 -34 48 71 -59 -51 -92 -24 -30 17 -87 5 74 73 88 77 -23 82 8 -54 88 77 -81 -1 -20 92 13 -41 -94 72 41 -77 -5 -32 -25 -86 -30 -21 -66 -88 73 -37 -33 -3 53 44 -48 48 -69 38 16 68 -70 19 64 28 11 52 -2 -92 -69 78 -87 32 -92 2 18 -60 17 -66 38 -88 49 -87 -10 41 80 4 -92 94 43 71 -29 -82 33 51 -29 -67 -63 16 95 30 19 47 -53 -71 41 0 -52
-60 7 -24 6 -65 -54 -34 -89 32 -46 -3 -89 70 -32 -92 47 -43 -67 -63 -95 78 -21 -46 81 -36 -20 -67 14 -63 -40 -83 -56 -60 -57 28 98 -44 77 -18 -9 84 25 -27 34 58 87 -87 88 -6 23 -68 81 43 39 -25 3 100 -52 -82 9 -18 60 -84 -12 37 -65 72 -7 81 93 -62 78 17 -63 -1 -65 15 -61 -65 84 -65 0 36 76 45 25 -4 -3 -25 -73 82 44 -35 56 -29 -74 -35 3 10 -47 26
-73 25 -83 50 -88 37 -39 49 -57 31 -36 -95 -59 24 92 94 30 -34 -18 27 54 21 12 -62 99 38 -60 17 75 -20 14 55 93 92 -5 -19 39 -61 22 -84 82 -25 18 -89 43 22 64 -68 66 -32 -26 -41 -100 70 41 -6 -68 -93 -78 51 -24 9 -46 -13 -9 -54 91 78 77 -81 76 -41 -52 69 -44 -57 51 -66 -11 -57 98 -96 -56 79 29 -77 -18 -40 39 21 86 70 -13 5 46 -53 16 -67 -54 87 47
-82 16 -9 70 -5 41 0 -67 -30 -23 93 -96 -62 57 71 64 -35 -99 -16 -73 67 75 -6 11 82 -62 -34 0 -33 54 14 79 -15 73 50 11 -97 79 21 6 -3 81 32 81 1 77 47 -68 75 69 -36 -1 -58 33 80 -88 0 -52 56 -91 -37 -94 72 -4 12 0 12 35 -52 -2 66 60 -45 -37 -19 41 72 89 -71 12 54 25 -59 -74 -80 96 18 -75 25 18 90 20 -85 23 -40 -98 77 -18 33 13 57
13 -100 -26 72 -7 93 56 86 -61 14 73 -58 64 -38 62 -19 25 -19 -69 72 80 -45 -20 -38 98 -12 -27 29 27 -66 89 66 63 -3 35 -54 -43 -38 -90 -87 45 -2 -43 -62 -22 30 14 49 97 32 82 -97 -62 75 22 18 -48 -14 -54 -100 39 -57 -29 -49 -60 8 34 -60 -23 -96 27 -1 39 -58 -12 -62 -12 -23 63 -89 -8 -89 10 -23 -77 44 59 -40 47 60 -17 45 17 -46 -97 -19 -12 78 -46 56 43
-25 -94 91 -76 -21 -89 32 34 64 -60 -13 10 -11 9 8 -69 79 15 -58 75 -4 36 81 -7 -32 -39 25 -84 13 -99 -88 90 85 37 38 -15 8 53 25 -81 98 60 56 -91 -22 -91 -3 98 32 60 52 66 -9 -99 -43 80 44 -8 -55 8 -55 -90 12 37 33 -71 -81 41 41 94 85 -76 -88 52 64 -43 60 3 75 52 -90 2 -40 -50 18 75 -59 8 26 4 -46 -60 93 95 -48 54 72 31 -8 88 80
9 -53 -24 -11 -22 5 -69 -92 44 -30 6 44 99 -84 77 38 21 40 -5 -13 -66 -28 -89 -54 -80 46 42 20 -65 88 -68 -93 94 3 74 -73 42 65 -90 96 -60 95 79 -22 46 53 -91 -3 -39 -23 -65 34 -76 -83 85 44 -68 -22 -62 97 -39 -20 -88 46 98 -12 -88 71 -38 -20 0 49 -91 65 -22 -4 25 10 -96 87 -97 1 -3 -1 -90 3 -88 -38 30 85 -50 91 -85 -92 -18 -83 59 9 -6 -71 -47
-3 -5 -52 -21 -10 75 -71 88 88 11 -92 -1 -30 -12 -27 58 34 -53 36 -76 -11 -93 -26 -94 45 -67 13 65 36 92 -26 -94 -75 38 45 -78 33 71 -1 -96 99 30 -64 15 38 3 -43 -88 67 -42 -12 100 16 25 -67 -45 84 53 67 -21 17 89 15 -42 -56 -91 91 -23 -17 -99 12 -56 27 -72 74 -4 16 30 83 62 43 -52 -78 18 42 -59 -69 -40 45 11 -65 -79 -8 24 -20 35 -78 -54 16 93 -93
-87 -59 -11 50 -14 19 -83 -41 13 93 62 38 83 96 -50 -88 -69 24 32 -87 47 -53 -61 -25 -97 -33 56 -96 37 -24 17 15 -75 62 -40 2 -95 92 -5 -89 -67 55 32 44 98 21 55 -74 46 25 68 3 4 -20 93 63 92 -60 -91 -43 90 -40 83 -28 14 -60 44 86 80 -85 -85 -94 -2 -14 -45 -22 64 37 -93 -5 -1 11 -97 -80 -94 -86 95 20 -12 67 9 20 22 -48 -53 -63 92 -11 100 -89 -9
-5 64 87 30 -76 -33 -64 99 -39 -45 -78 62 -51 4 -72 -40 -39 21 27 76 77 -37 25 93 -4 28 3 63 8 -72 47 -71 -70 -94 -50 93 63 -29 98 60 43 -65 10 75 20 38 -13 96 -36 -10 89 -78 -27 67 -34 -18 93 -25 84 25 37 15 -23 -37 -84 45 25 15 90 4 12 -93 9 -99 -65 100 -30 64 -62 -45 37 -38 -57 5 88 -86 -91 -50 -96 72 67 87 0 -10 -74 -39 29 -33 100 41 -38
54 29 -92 76 -85 30 -57 67 -18 -91 -11 97 43 99 -88 46 -10 93 -42 9 -93 -16 -59 -42 100 10 -87 60 57 -10 93 -93 -4 48 41 -23 -43 85 -53 82 -52 25 -7 6 -82 75 -16 -19 82 3 -45 4 27 -48 72 -38 -42 -29 -60 91 85 -24 83 25 -32 -5 -78 60 85 -62 -66 98 -51 -86 83 21 5 -89 26 -37 -65 81 76 -77 47 31 -66 -13 85 91 -13 19 -27 18 67 92 -34 -33 97 18 23
47 17 53 53 65 -28 -95 67 -11 22 -82 -64 -8 52 -30 90 -45 70 100 45 87 -90 -79 -95 -64 30 67 -30 53 4 -74 -95 41 -84 62 -66 61 -17 -14 -41 -94 9 -78 -48 26 -79 -62 60 29 -66 -90 96 38 82 35 -41 29 80 15 -34 27 -67 65 -76 -70 56 2 -96 10 6 68 44 -1 3 26 39 90 -89 -97 -34 -24 9 39 0 96 95 94 42 -46 1 82 14 -17 42 87 6 -17 3 -59 -8 14
50 -11 34 59 -89 24 -40 88 -73 -32 -2 -28 -90 43 64 -59 -59 73 -63 -3 -49 -17 10 96 61 -99 78 50 89 12 86 53 44 67 -5 -54 -12 -22 4 57 17 -83 17 69 3 -47 35 -93 74 85 58 -45 -52 81 -71 68 68 45 -50 -88 52 -18 -18 14 24 98 -49 -38 -46 61 90 4 35 82 99 -31 -28 100 -7 60 18 94 5 22 -47 98 -85 54 -98 -17 23 -72 -37 5 92 4 83 19 -59 37 46
55 -97 88 52 35 -13 52 86 53 -17 -11 -43 -64 47 92 -40 85 35 -34 4 76 -91 93 -46 36 55 -51 -16 -97 -69 28 -42 92 -27 -90 -32 -48 76 -79 42 -71 61 -26 90 47 -91 40 -41 -47 41 -3 -85 -57 -80 -94 14 -66 -14 63 73 91 -25 24 7 66 75 46 97 53 -17 -76 -42 -17 -9 -25 61 -35 -88 35 41 -15 -65 -52 85 32 94 -22 44 8 -39 -64 -35 24 -25 7 45 78 -45 39 74 -57
60 -54 -52 8 -88 66 -83 90 9 34 -82 3 -71 -83 7 6 -21 -69 51 -93 -29 98 -20 -42 -7 -35 35 84 -57 -78 -21 61 50 93 25 34 -61 18 8 95 -58 -72 45 -70 -7 -27 18 72 20 66 -53 -50 10 -47 92 6 -57 28 -23 8 89 70 28 -69 22 -14 -19 75 78 13 -11 78 -82 -94 95 31 49 -6 -31 75 76 -82 -47 61 -9 59 -20 19 -92 27 -75 -63 -47 59 22 -98 64 -80 64 -96 89
-73 -2 23 3 -31 -49 64 89 -100 79 19 -71 42 -91 25 -71 -37 26 -37 -100 71 -1 5 27 -66 74 34 50 35 92 90 52 -80 -8 -93 -86 2 -82 -2 44 -13 -21 -81 26 32 61 99 -18 65 12 -75 5 -32 54 -80 -70 -78 98 -57 -13 27 -9 34 37 9 17 -14 -36 -13 -78 -9 -100 -91 75 -55 -62 -54 24 87 70 -68 75 61 88 71 -23 54 40 44 -51 -71 61 14 10 -12 100 -98 24 25 -84 -74
-36 70 -8 85 -32 14 15 -96 -71 -71 35 -90 78 -88 82 51 41 52 53 84 100 -55 98 24 -76 -46 50 31 41 78 -23 45 -48 66 -64 -41 -26 -92 -50 -88 67 -6 92 16 -81 -65 3 -22 -89 64 -27 62 7 75 92 -30 -32 11 21 9 -99 46 -18 34 53 91 -42 5 100 -88 91 14 -81 15 -17 79 -3 83 -94 18 -37 96 87 -18 -8 99 -72 65 -48 -48 92 20 38 36 16 68 36 12 3 10 -87
-88 13 86 25 -66 -62 -10 70 -15 -84 -25 31 -3 1 43 -55 -76 -100 99 80 91 -33 96 -88 28 -7 -39 -29 90 40 -10 -74 77 50 -100 66 18 57 -71 78 -27 82 -60 96 -53 -86 83 57 -52 -88 -74 -60 50 68 -93 -74 -72 -25 16 90 3 -72 64 18 24 91 -34 39 -13 61 36 -4 -41 -77 94 31 58 1 -94 -15 22 -82 28 -79 -56 -52 31 -48 74 69 99 64 -89 -2 -74 2 -53 36 52 39 -17
-29 -100 32 -64 19 89 47 -99 91 -39 80 59 85 7 71 -16 35 -65 -60 1 -43 -18 -13 -67 15 -44 45 -22 61 -13 27 97 87 -41 -96 -35 38 44 -55 -32 53 63 -26 -10 -9 40 46 78 99 76 -19 35 46 -55 -100 -51 40 -89 84 57 11 -5 -6 -37 9 -67 -96 -13 -41 -73 11 19 -63 -89 -39 -86 -34 -36 49 49 12 -11 18 67 47 -44 90 -61 57 -85 82 -58 81 92 19 45 15 -17 -8 95 -7
92 -26 70 3 -78 -22 99 2 100 6 -37 92 -86 53 46 92 -72 46 56 -22 18 -90 58 -73 -90 -14 -74 -21 64 -53 80 23 -42 -25 31 -74 -22 -28 89 -83 -53 46 -24 -12 57 -38 86 -88 -24 -3 -95 -77 -77 83 -74 13 -12 -61 -78 42 -81 82 96 18 47 -60 -50 -39 15 -81 -16 -25 -16 64 -28 41 69 -42 47 -11 -6 -95 50 -12 -1 81 -94 59 49 -41 49 7 15 -36 -65 -92 29 56 -28 6 68
53 57 -80 -25 57 17 44 -40 -97 33 63 82 -97 22 -29 -16 -66 21 -51 -43 53 -15 55 71 32 32 -31 13 -99 65 91 -56 -77 -24 13 18 -44 90 -49 83 -49 -25 -53 73 -10 82 30 7 -94 -83 -5 65 66 39 71 -18 -100 -94 65 72 75 38 -33 -99 -40 -6 48 -79 81 83 29 78 33 17 86 16 -76 4 -50 64 40 80 -70 -32 53 -21 -29 -78 29 -78 -42 97 -89 38 -1 -54 -91 -1 -16 14 -38
100 -37 -51 -47 96 1 1 50 22 -50 29 63 85 -48 -77 1 32 86 43 -77 93 95 -83 9 -84 38 -10 -29 -56 34 -10 32 24 -95 47 -85 -75 -46 34 81 -13 -11 -34 -59 12 -61 -44 86 73 -94 -31 -33 22 90 -46 57 -48 -53 21 31 -4 91 -36 -85 -36 -42 -82 -12 -32 -75 -91 -91 -39 -84 13 -22 90 64 -87 -36 64 -71 -81 79 67 7 -10 74 91 56 30 -23 99 -36 -61 75 -74 -98 -28 -98 -98
41 22 -77 -30 -18 77 45 -13 -38 -87 -91 -69 18 9 66 27 79 -83 25 64 54 -9 -56 15 -88 -17 -26 49 -50 -21 -51 -76 32 -19 70 -15 65 -97 -75 -59 30 14 -50 96 -47 5 -70 -6 -78 87 -19 33 97 -23 65 29 -89 5 -64 28 47 -58 15 79 -36 -39 -43 5 91 30 34 -65 -20 73 13 35 -18 59 -4 64 -64 -12 82 -23 -54 84 -36 55 55 58 41 -93 94 8 -82 80 95 -31 50 -65 -53
24 -99 -87 52 -40 -50 0 -66 -64 91 -42 -52 85 -68 90 14 -29 13 -81 -99 -31 -47 86 -11 -31 -9 39 78 27 -98 13 23 15 -87 -48 -8 -67 -80 21 -10 -40 -48 74 -19 70 -26 -3 -3 -88 -85 100 52 13 -73 69 -90 -81 76 48 69 23 -63 70 -30 -78 36 -9 -94 -33 60 -63 4 -29 -15 22 -32 38 -14 -97 10 -14 -29 86 70 -16 66 -68 -83 -78 -66 56 32 -55 44 53 27 -58 -44 -39 86 -25
-7 -33 -35 -72 83 63 61 -94 -91 -5 -66 -69 -59 -19 26 90 20 81 -66 64 8 26 8 -86 88 -69 -51 6 -76 -82 45 -21 -47 83 19 -78 -53 -66 72 -85 75 62 -2 -90 -85 -40 -70 -59 76 -96 65 51 52 -11 -58 -24 -25 -2 -45 -64 38 6 58 34 -61 44 -54 52 -66 70 -6 -46 -96 61 1 -31 47 15 -65 -18 -10 -27 23 -86 99 92 -1 31 -81 -36 -35 96 -11 43 96 -80 51 -50 -45 -51 67
50 72 -60 -21 25 -47 -87 -5 83 66 -51 -58 -98 -92 18 79 94 -66 -41 73 28 -46 -5 -90 44 -56 -83 -8 62 -1 14 16 76 -34 38 -98 46 58 -8 -91 -82 78 57 63 37 -78 53 -13 -49 -79 -26 71 -66 -26 -2 65 98 18 85 96 -18 61 79 -100 57 -69 70 -86 -96 -34 53 -88 32 -60 52 47 47 -20 -17 5 -95 33 -44 79 -23 75 -43 7 -46 -19 63 -64 27 -23 2 18 -45 65 -66 -21 99
-81 -99 28 -97 -16 -18 38 -39 -67 65 98 -66 -53 64 57 -88 -53 18 60 88 -65 86 32 47 27 78 -85 89 -63 -84 47 -20 -50 -82 34 51 -17 25 -62 43 78 -20 83 35 27 -59 66 62 26 -93 83 -40 87 56 -39 13 19 -16 -66 92 -95 -96 -40 -59 39 19 -41 55 53 -6 1 -68 18 69 99 91 -92 -66 -30 1 38 13 59 13 -100 -21 26 -56 -20 70 11 -66 67 12 -28 19 57 -61 15 -37 26
-40 92 -36 -36 -34 -45 -74 -18 -39 -60 -64 -75 -88 -100 -61 -88 -83 49 -15 5 93 17 61 -24 16 6 -18 79 45 54 -42 -58 21 39 32 22 -66 -95 9 44 62 70 24 25 -80 25 -15 -48 -49 94 -14 -50 -8 -54 97 11 -67 30 -90 71 -95 3 -69 57 -8 -81 -33 33 -66 -93 63 -9 4 75 32 -19 66 -46 -41 -33 -97 52 -93 22 -72 -88 28 67 46 5 45 55 -18 8 66 27 16 16 -79 86 -75
13 -8 -65 68 47 -74 89 -67 5 -15 0 -66 78 -71 -77 -75 14 22 78 -7 -62 94 -60 86 29 86 45 22 53 37 -37 93 -67 43 -83 4 92 24 -98 87 -92 -46 -40 55 -13 -41 -99 46 78 85 55 -56 35 23 -76 1 55 -63 10 -46 -89 -76 78 34 56 -77 -79 -62 66 65 -12 98 -22 -83 -79 97 33 -10 -83 7 -19 -72 72 41 8 -6 34 -92 -57 -94 20 -55 -12 1 45 32 56 80 -63 81 25
-92 -84 71 -62 -6 41 90 -23 71 -56 1 -81 -52 -30 58 7 8 -90 13 -42 48 81 -22 -77 36 -35 73 -99 -54 11 60 9 -1 7 -75 24 89 -35 80 23 0 -23 -84 26 -27 33 -73 -10 -14 46 94 -100 -13 100 34 53 -94 28 22 -41 -38 36 70 -82 91 -57 -39 -75 59 10 -82 12 -5 86 -57 -95 14 52 52 11 32 27 -34 -46 -60 -83 20 -8 9 91 45 -87 -33 75 -7 -92 54 -80 84 85 -62
25 14 3 -30 55 85 -71 99 16 59 -17 -53 -97 38 -49 -73 -37 -60 44 -63 68 89 11 56 -80 5 -9 70 -48 -55 -43 14 6 -68 99 78 -26 -55 -1 -25 -1 -42 68 -46 -69 98 -24 -18 -15 -3 36 -13 -61 5 71 74 -23 -28 -45 -31 -95 12 -97 -18 -42 55 -67 68 -91 -99 26 -41 42 -25 83 -61 -72 -10 -75 42 36 74 4 53 -86 -70 42 -9 48 -54 75 56 80 -52 -8 -81 62 94 -8 -41 -88
-42 54 88 -49 10 14 72 -38 77 89 82 93 19 25 -37 -67 -78 52 59 59 -43 -94 -6 -56 -85 80 -50 -86 38 -68 45 -53 97 33 88 73 78 -1 88 -43 7 75 33 58 22 23 -5 46 6 -5 65 19 22 -25 -47 -73 -74 92 33 98 -62 -8 81 89 -5 -61 52 50 -9 -49 -31 -89 -52 70 -97 37 -54 19 22 -25 -37 38 100 99 -52 -83 -98 26 -30 7 -12 -92 92 -76 -92 -33 88 48 45 45 -73
-85 -59 -75 -82 -2 -73 -13 53 9 -62 -53 45 90 -93 66 -3 -72 19 -11 47 -96 74 -6 -52 -13 21 -34 -17 -89 21 69 83 -26 78 -95 66 54 -22 -13 77 23 25 16 100 -48 81 58 -33 74 -48 -47 -41 34 -26 -62 -82 62 -23 97 -27 95 7 -61 -2 65 2 -66 91 38 -72 73 59 -21 -26 -57 -15 -42 -15 -84 15 -11 89 -80 75 -89 -89 -74 -33 -83 -35 51 -9 -65 21 3 -15 -62 -5 -34 91 -87
-16 -78 -100 -39 -75 -50 18 -88 11 -11 -30 -50 -9 100 -17 -5 -96 -78 -24 54 -46 -99 8 -41 -48 -51 73 86 44 41 -5 27 -14 -97 99 31 98 79 23 10 -91 -80 73 -22 88 -100 -56 -97 20 21 -74 33 -2 86 2 38 38 -7 92 2 57 1 -70 -70 65 97 -14 -48 -61 4 98 -33 -19 27 96 -81 15 -94 35 7 75 -26 -56 41 -24 -46 33 -97 79 -41 60 49 46 -31 -70 97 21 -98 -52 61 -77
95 48 -21 29 56 -38 20 -85 -68 43 0 97 50 -20 28 -18 30 36 74 59 -97 28 -52 -72 -58 -73 -15 48 75 70 -52 64 54 -18 -25 -29 -86 -89 19 -13 65 -14 49 -81 -60 45 -92 -45 83 21 88 55 40 31 54 78 -70 -38 -36 -3 18 93 -41 -81 24 -76 10 62 25 52 63 63 -19 -58 -20 76 64 85 52 16 74 -81 -43 -7 -19 95 -99 -16 2 -43 -98 20 34 14 4 8 -50 -9 -75 37 15
-22 -39 -36 -33 4 -76 -2 -88 -86 -4 -72 15 -8 -90 10 64 -80 78 -10 -49 82 43 -47 16 49 29 -63 -28 -39 -65 -68 -86 26 98 13 3 -47 -9 -42 22 -70 25 -32 -3 38 2 12 30 69 83 6 30 -4 -74 20 63 44 -83 -70 1 -12 0 84 69 96 1 -27 -92 51 -38 -32 22 19 89 -81 -72 38 29 -30 -18 -82 59 -26 85 97 -78 -62 -14 -11 88 -68 -60 -26 -46 -25 -71 8 70 -21 -32 84
-76 -98 5 85 -4 -28 46 22 34 -3 -88 -100 84 -56 -35 13 18 -87 52 -97 44 -36 -31 -57 -13 44 76 -40 64 91 -55 29 -62 -50 -74 -56 59 9 68 49 83 51 -13 43 36 90 -83 75 -48 -11 44 60 -95 -5 -51 47 59 -48 41 22 -55 -4 75 -42 -83 43 -21 89 -28 97 95 13 96 -61 -50 -40 35 -40 -50 81 92 -89 5 -98 35 7 85 45 60 99 -9 76 -9 43 16 -81 94 -63 26 23 -82
6 -17 91 69 66 -46 76 -98 70 51 -95 -7 -26 50 -39 -62 -17 -22 -58 -71 46 -5 53 30 -99 -34 40 29 -99 6 55 2 4 42 43 40 -1 71 77 -95 -2 -47 -68 46 -97 86 41 -75 -13 -28 51 28 -82 -61 -12 -54 -3 -63 -25 -81 11 20 -35 -39 -68 -66 49 26 7 11 39 25 3 -98 1 -32 -77 -4 -46 -31 29 92 2 28 28 -18 -50 -58 -46 72 89 -39 -2 -91 11 58 -29 -39 99 -76 22
-29 88 37 -80 87 26 -3 99 5 92 55 45 50 -29 17 28 13 -94 63 -71 72 -48 -71 28 -57 15 -72 28 -4 -80 11 -71 -26 -63 -19 59 -59 -62 25 38 -75 52 29 -41 -22 86 47 -35 -43 88 33 -97 80 95 -46 46 1 -77 77 -1 -65 49 50 -40 97 -35 68 24 11 36 -37 77 -28 69 -33 47 57 40 3 98 30 -36 -44 -13 35 -70 -29 -3 -56 -86 96 42 -74 43 -70 88 -45 35 73 33 -98
-70 -90 -14 91 89 -32 -41 -92 -40 39 -52 -91 64 -99 -83 -70 70 41 -57 -41 47 7 -48 -23 53 -53 -34 99 69 -92 -68 -75 2 3 -78 -72 -38 94 87 -80 61 36 -54 82 96 -67 30 56 -64 -17 -59 54 -52 -9 -96 -46 -29 12 -26 26 82 -1 93 9 -66 -86 26 -88 -49 15 38 24 90 80 14 67 26 80 -5 -85 -2 -40 -36 68 27 94 82 -39 61 -57 29 -49 34 -61 69 -99 -83 -27 -18 7 -36
-65 -50 -8 75 -13 -81 30 17 33 -37 -32 -91 -37 83 -86 -11 59 25 89 -82 35 -34 14 -5 57 8 -78 -28 -25 -2 98 -79 -46 8 32 -90 -86 -73 -76 45 5 25 -79 -2 14 -13 -36 -4 12 -6 62 -76 33 76 12 58 53 80 20 62 21 -55 93 -9 100 30 -68 0 12 -16 54 -46 -57 80 87 23 83 9 2 13 36 -8 -78 -90 100 47 55 100 -74 24 -15 54 -4 -56 -74 62 25 66 64 -13 12
-14 30 -53 56 19 34 25 -36 33 -3 -43 -29 -62 -47 -6 74 -17 -51 -52 93 15 -85 -82 10 5 26 88 -27 90 40 -59 -13 -75 -44 -50 -67 5 80 82 -54 50 -60 -14 -67 69 8 -87 53 31 44 -50 72 -31 -39 19 35 -34 24 -3 -67 73 30 62 83 -55 -86 48 -85 -47 -31 38 70 -8 -17 -49 2 -16 78 90 -97 -27 -64 -28 -41 -61 25 22 35 64 37 26 -71 -12 -12 -87 -59 37 15 -69 -7 -25
46 89 -65 37 87 69 -28 -9 4 63 -100 -10 7 -88 -39 84 17 36 -23 -23 81 -91 -66 12 -8 50 5 -57 -28 -44 -69 99 -29 -37 -99 60 99 32 -51 -78 37 -44 -59 -37 23 -23 90 33 -33 -4 51 56 40 99 -10 58 0 56 85 93 76 -79 15 -44 -45 62 64 -3 22 -19 7 -24 32 93 20 25 -42 22 -63 12 -37 67 100 68 71 -68 -98 27 10 58 58 11 -21 -77 -80 68 10 -80 -95 52 -65
83 2 98 30 -95 -19 48 -40 -97 44 -39 63 -15 54 -12 -49 -37 -51 87 1 -31 -98 50 16 45 96 -91 -12 -12 -36 -63 -9 -87 -10 95 -53 55 -8 -37 -37 35 -17 74 42 19 -4 -80 37 -97 -50 25 -26 -61 71 -88 -65 68 -58 48 0 3 6 76 81 26 88 -4 -63 -42 25 28 87 -29 -63 48 -27 -90 30 31 -65 25 -17 94 -21 -5 40 -69 17 -11 -14 23 4 5 12 41 -3 64 -7 66 -53 71
33 -38 62 90 -20 45 3 -37 -24 -90 -42 86 -100 -73 20 -73 -65 -70 -34 -55 15 28 -77 87 -74 2 49 26 50 82 44 77 89 -70 97 -49 28 75 -56 7 -98 70 68 21 -94 71 17 -5 18 -37 -31 39 -53 -21 30 29 -37 -46 -59 -47 81 98 -34 29 63 1 76 -67 29 -44 79 2 -18 62 -67 -34 -40 63 -3 18 100 48 78 95 68 1 -9 17 69 -28 -80 14 -33 -9 59 -79 77 -1 82 54 -8
3 -34 -17 63 0 0 27 -42 70 -81 30 -23 -9 4 29 88 88 9 -58 77 37 -49 -78 -92 -92 11 -24 -80 -19 78 4 35 -93 6 93 -96 -18 -100 85 34 17 -69 -74 49 59 -88 52 97 75 21 -30 29 -49 3 29 -3 40 -55 -68 -23 -65 -70 -52 -83 46 22 87 86 -53 -82 -47 34 -88 88 80 98 -46 91 -68 -83 -65 25 60 63 45 -41 35 98 -4 16 -70 -8 22 64 61 -91 -31 -81 -88 71 45
24 57 89 -45 33 51 -63 75 -13 4 -99 -78 -57 88 11 -15 -63 46 -22 35 76 11 -89 15 -10 -62 99 -25 -54 52 -96 68 -1 49 -47 -43 92 -90 26 55 -35 23 79 -74 -18 28 43 25 74 -76 24 -36 26 -42 -85 97 27 -80 77 -19 82 -71 59 9 -43 93 24 -54 -86 13 -37 82 86 -87 -10 -54 -42 52 57 55 -59 -21 -39 7 42 -49 -40 70 -80 36 -64 -68 -89 64 -51 -30 55 -93 77 82 -78
97 -74 -81 -89 38 -63 66 57 60 8 -50 51 -80 70 22 -91 2 1 -88 -8 -61 90 68 35 -16 27 92 -13 52 9 -41 -85 -61 -83 82 -23 70 60 -88 96 40 -31 24 75 23 -79 -44 -74 -66 91 -75 -13 -24 56 63 -85 36 59 -93 21 50 -11 -45 -21 24 -45 48 9 76 3 -19 -11 90 -31 17 42 9 -37 -79 43 -63 74 11 25 15 -85 -17 53 82 68 -71 51 2 77 31 94 -4 39 53 79 -8
38 25 30 -91 -23 -7 68 54 34 99 -59 -39 35 -47 38 69 27 97 83 34 -75 48 80 10 -61 41 -61 -38 73 3 22 -78 -59 90 91 -4 -19 8 70 -79 48 -54 6 5 -81 -70 -24 -92 -53 25 -5 -100 23 40 16 -62 -64 -45 96 77 -44 -58 100 -83 -58 93 -67 43 69 -11 38 -93 87 16 -26 -17 83 97 5 -56 -52 50 -25 -51 -34 36 -84 -70 -95 -92 -3 55 15 -27 92 -28 -12 -17 -33 -94 5
53 -91 24 12 -10 64 31 10 91 44 -40 -5 94 -56 93 -25 42 -2 14 -77 12 92 -82 -36 -74 -46 23 -11 71 92 20 -65 32 -7 -60 -50 24 -30 73 -52 -100 3 -14 90 87 -68 -79 -1 37 -34 40 37 -70 -7 59 -55 29 -59 76 -49 -15 -84 19 -7 -60 30 -10 19 -94 63 96 95 26 -63 67 3 4 49 69 -37 60 82 76 -70 -75 -44 5 -79 -94 -21 30 86 -38 44 -47 90 91 37 -98 -81 -78
27 44 -3 26 -10 14 -39 -18 -64 -3 -36 -92 -48 -94 -26 -35 32 41 59 -71 -69 84 -38 -63 -96 2 70 95 35 -28 -85 20 -28 89 91 -73 -92 -29 -16 -40 -37 -23 8 31 89 69 -64 -74 64 -58 -80 -79 -66 -85 -70 53 91 -79 -51 -91 13 20 -34 -17 -28 58 21 -96 -40 -11 13 30 -61 -25 -42 -51 13 48 -67 32 -8 82 -23 86 23 -54 30 -16 -4 -68 -16 58 15 51 75 78 72 -94 -75 -76 26
57 -38 67 -32 18 -98 -59 29 71 -43 58 -22 -10 58 23 -86 -77 -87 -6 54 11 52 14 77 66 35 -27 -97 -5 -10 -67 49 -68 -68 -9 -17 79 -14 76 -59 85 -79 54 41 -9 -92 0 -13 56 18 -83 -74 -93 -38 -91 -3 72 19 -44 -35 -42 65 79 -21 -42 -85 -30 -68 9 14 61 -52 1 -70 47 -8 6 -67 -35 -60 -76 25 24 -13 51 32 95 -42 -43 -73 37 4 44 -72 42 -13 -36 64 -71 -22 99
-97 34 94 77 -3 87 79 61 38 -52 76 22 99 87 -62 -57 -50 56 38 45 -57 -14 34 34 71 97 31 41 -5 87 -70 3 92 86 35 -3 -45 -48 -43 77 -33 2 51 -10 14 41 -92 -24 29 -99 -88 54 -57 -70 34 -8 47 7 88 -42 56 -43 -54 4 -9 -53 87 -93 76 -10 -51 -73 -16 20 78 -96 -21 -92 20 22 -9 -44 -64 39 -61 -53 73 -68 34 100 46 15 -36 -53 11 -9 -37 23 64 -13 -56
8 14 17 -73 -2 4 -31 -70 -23 -80 53 44 -48 55 -97 -72 9 -57 97 87 -49 -3 -29 -22 47 -15 -2 100 44 -99 -89 -33 22 -22 -83 -82 42 11 27 42 10 -84 -90 -45 62 61 23 38 -11 62 -45 -79 34 -50 -3 3 5 33 25 -83 -10 53 13 -69 97 -6 79 66 -15 83 -34 24 -26 -100 42 -3 -16 30 41 19 -77 -62 -24 -24 10 58 -64 -97 -26 6 92 -20 -80 -23 -38 -76 -60 18 -3 -68 -73
71 63 -90 71 -41 58 62 -47 46 77 74 -52 -95 -33 5 -82 -11 -3 -65 -12 -93 -82 -83 21 60 -55 -15 39 39 36 89 34 70 -38 31 -45 -80 52 10 -21 78 -75 -20 -86 -3 -28 -77 31 -18 79 -24 23 -14 -54 31 -42 68 58 -79 17 -22 28 2 85 -54 -49 69 -20 54 -81 -60 89 -34 51 87 -68 -14 -53 26 90 67 36 -30 44 -53 72 66 -27 -69 93 -13 3 70 -60 -46 54 -14 20 30 -5 -63
0 32 -49 -57 78 74 -85 -29 93 -1 -66 -45 -56 -51 -75 85 36 -57 52 -51 -51 23 -78 -90 -17 -43 37 -77 -34 55 -2 -18 98 -82 34 62 -89 49 10 89 27 5 23 -21 -12 -72 93 52 21 28 -14 -76 22 92 -28 -26 42 -19 -95 51 -5 32 -88 -74 67 -49 1 -86 69 24 -88 99 74 32 20 96 33 23 86 -70 -7 75 -26 -77 -67 -45 61 15 -31 88 -27 -1 -48 86 83 -80 -17 -56 86 -21 2
-58 -63 3 29 57 -22 38 -77 -90 0 44 63 26 -80 43 -39 -64 -1 44 50 -25 69 32 25 86 62 40 -95 -72 -64 87 -26 49 98 6 55 -75 22 -21 75 -46 37 41 18 40 94 42 52 -73 96 96 -39 27 -65 84 -76 84 -50 89 -55 16 -12 16 -20 -49 -96 45 59 -93 -56 60 30 -70 -32 -27 18 93 -47 -82 21 -5 18 95 -75 -80 -2 44 -94 -25 98 -22 25 26 63 23 30 27 32 -64 -94 -34
