-18 54 53 81 81 -38 -95 98 -73 -1 -12 -26 -99 -60 60 -88 11 98 54 35 12 -63 -62 77 -63 81 59 -69 -77 18 -49 -38 27 -78 25 42 -5 2 -23 -90 69 -97 -82 -20 6 32 50 -6 55 -60 -13 -28 -97 20 45 -62 17 -49 -56 62 -11 84 67 -79 -37 85 -5 -70 -78 20 -7 40 95 -24 -30 -51 -65 3 -86 86 -61 -38 -12 -10 53 -99 -90 40 72 -30 -71 -88 -56 89 -22 -2 87 -7 -27 70 23
53 -51 -64 -32 -28 -47 -89 -53 -6 -66 4 68 -35 -26 -44 21 -96 -54 11 -75 -76 -78 77 -88 49 -94 11 -82 -99 -16 100 -10 -74 78 -86 -14 21 -73 32 79 76 6 96 -40 97 -18 -32 -76 56 -88 99 38 26 51 72 -58 -25 -8 -50 8 -1 38 -62 -85 30 0 -39 65 54 6 -25 26 90 -53 89 -38 73 34 57 2 6 -29 10 -58 -9 -89 -98 58 -20 89 -76 -23 -50 6 -78 -4 -18 26 52 -90 16
-33 32 23 28 67 67 -29 -24 13 -12 -93 -38 -98 -75 41 90 -2 -76 -45 54 17 35 21 32 -43 -66 71 -47 96 -59 93 49 33 -47 78 -15 -77 -11 64 -86 -36 99 41 -49 -86 84 -61 2 94 23 -15 -92 -28 -49 71 97 31 -91 -20 -90 -64 -19 -44 84 -95 54 89 94 69 -65 -27 -23 -93 54 50 -23 4 16 79 82 -9 -23 76 52 -33 -66 54 -59 32 54 -51 -75 23 83 -50 39 -14 -12 46 -49 -3
-91 16 -30 -69 70 73 -22 65 -17 100 46 85 5 -46 -37 -77 3 -5 -92 -92 60 59 -50 -51 39 -62 -70 87 -13 -36 -1 78 -42 -47 -59 40 91 78 -8 -50 99 28 -62 40 70 76 43 27 66 -99 -54 -61 -42 -49 36 -88 -92 26 -71 -36 61 65 -65 60 -32 -16 88 -21 -17 -79 64 -59 -2 -22 1 -84 0 -26 21 -21 -10 99 -65 -50 -100 -32 75 69 36 96 -32 -39 95 -44 -28 -45 -71 -89 -55 29 21
-21 85 88 -97 -9 -24 -5 99 -85 -33 98 45 -49 90 100 -76 58 0 53 -22 17 -3 14 62 -87 -30 96 -25 -28 -96 -37 68 27 -96 68 -55 -74 -45 97 -35 -58 59 -27 43 94 28 -92 -35 -30 -36 41 -94 44 -11 64 -44 79 22 -11 13 -95 20 81 -52 48 -62 77 90 -95 72 -77 71 -6 -83 15 -24 -1 18 -32 -81 74 -6 -41 -65 78 88 55 24 -48 -95 -95 61 -81 -13 73 -44 -41 83 87 96 -61
-8 -85 -87 -31 -75 48 90 99 15 59 -80 -66 46 17 -95 9 -98 63 29 -53 41 86 71 -87 6 -30 14 27 76 89 90 -50 26 -24 -58 38 72 29 -24 0 70 -49 -12 -80 -2 81 5 77 78 -4 -93 -77 49 3 -67 14 -68 -73 -86 17 -45 -19 48 6 64 88 45 39 77 93 -42 -1 31 -93 -11 87 41 55 65 98 -27 -6 -72 -99 72 75 11 -82 -86 2 81 25 -41 2 93 60 98 -87 5 -33 2
-33 3 85 65 -68 -90 -41 -99 44 -50 24 82 -35 -75 -66 -59 -100 -75 20 76 96 26 1 5 -34 -10 -63 40 29 38 41 69 -72 -19 -25 16 -60 -23 78 81 -30 -21 58 46 -92 -62 -98 -2 -81 48 59 -53 84 -38 -9 15 -36 60 72 -20 -75 78 27 43 25 -59 92 36 -42 16 20 -37 -28 -78 67 -41 27 71 72 -24 -12 -82 91 -64 80 -98 -38 -77 -17 12 94 82 -77 -44 97 78 12 2 61 -83 -43
30 73 -41 84 34 -8 -24 63 12 74 -7 -5 68 66 -80 -29 -49 33 -70 -62 -39 -37 -40 39 -87 32 9 -90 95 -98 97 -62 -6 38 38 -6 54 41 -14 40 53 -33 3 -42 -87 -100 -44 -35 56 -89 -98 64 -3 -92 87 -18 -58 -7 93 42 -45 97 -76 -92 9 16 43 -86 92 -37 -45 -34 -52 -93 1 50 69 63 37 85 -31 46 -34 -65 -66 -96 100 99 62 85 13 87 -9 -6 21 -36 -34 -71 81 -60 -74
-74 29 79 -79 -42 -74 -15 -20 25 -5 -85 -100 -98 97 -72 -29 -61 77 100 -36 37 -27 -16 88 1 -92 26 -85 7 -10 19 -64 -21 89 -18 14 -24 57 91 -81 13 81 20 -71 96 -68 16 -2 8 -100 -37 47 -92 65 -29 89 -91 35 12 -100 27 45 -58 -79 -9 16 -30 -22 -22 -4 -85 20 -8 -82 -90 -73 62 18 20 -19 -26 -78 79 -41 -18 -83 -68 5 18 71 37 -70 31 -4 -99 36 13 91 8 -20 93
59 78 -24 92 56 -72 10 51 -38 20 -15 -93 -31 97 -2 -68 -70 46 -85 28 82 95 99 0 -27 -75 24 68 48 99 98 -75 -29 -63 -95 -79 66 -35 -27 71 54 -9 -77 48 20 -73 62 88 25 -67 71 -68 -44 11 -49 -53 30 83 49 63 86 -70 42 -35 -92 17 -14 95 2 76 -48 21 -89 -66 -66 -97 20 -49 2 76 22 12 -57 43 -6 -68 -47 36 -44 77 -23 8 70 -67 67 -62 -59 32 7 49 93
28 21 32 -87 5 -22 -86 84 94 79 -15 2 88 40 -79 -100 26 -20 26 -93 -49 62 -24 -54 -25 43 -75 34 98 13 -67 -13 -92 -30 -86 -65 46 -21 -76 17 10 -56 2 -69 -99 -72 -42 29 21 -4 44 -63 61 42 36 2 -68 93 -33 -52 -44 -72 65 -65 59 -99 75 -58 -19 15 -92 100 -91 79 50 82 -98 53 -51 -12 -22 16 -72 -34 23 -1 -64 3 -88 59 -24 -56 -31 -27 39 -13 88 51 -3 38 35
30 -33 25 5 48 -3 -29 -26 63 -65 -31 -26 -58 -21 47 -87 -54 -18 8 -33 -6 -92 64 -38 -94 -31 -41 -1 68 65 75 93 27 1 -62 -96 -75 65 -74 79 70 -46 95 -97 -32 49 24 81 -44 47 18 82 45 -54 -66 8 -27 -93 -19 -12 0 18 31 -9 -15 21 -98 -91 -45 1 -88 11 -99 20 17 87 15 24 -84 25 55 -47 -13 37 38 -8 40 -96 -38 7 -30 40 -39 54 -8 -89 60 -34 63 22 89
-39 59 12 8 75 32 -41 49 89 -19 43 -11 52 47 -69 -32 -51 90 83 23 15 96 61 -37 -13 -14 -22 -69 -9 12 -91 20 70 1 40 -24 56 -17 37 58 5 -97 -48 23 96 77 -57 94 19 41 71 -48 -56 -15 41 -43 37 -25 17 36 45 58 -8 44 58 47 -82 95 -92 46 88 -99 29 -24 33 14 -57 7 -85 -14 8 21 86 -6 -39 -80 53 37 -35 -15 47 -47 -74 5 -29 42 95 -91 -52 97 -32
98 77 -18 50 38 33 -57 64 18 94 -7 44 -97 -36 84 67 83 84 98 -69 15 -88 34 -55 -32 76 72 35 -19 -41 71 -67 -46 -34 76 81 -89 68 -84 -19 58 -65 -36 -57 -34 -13 90 53 78 55 8 -24 -27 78 85 49 63 69 59 -3 67 30 -88 61 -7 48 -24 83 -16 17 43 -54 -70 -72 75 -12 93 97 25 28 -13 -34 -51 23 -52 -3 -65 43 -85 67 -26 -34 -97 85 26 76 26 42 4 62 78
-83 -63 74 -27 -83 66 -38 -65 -5 -76 -23 -74 -85 -25 -70 -79 -25 -61 -70 -70 -61 50 -28 -56 42 95 24 -49 94 -18 -85 38 2 -62 44 -18 67 -85 -8 70 -60 4 -77 -55 -71 -100 -80 34 -84 -59 58 49 8 -72 -49 -50 -68 27 100 65 84 -56 46 -30 -37 -74 -63 -14 74 89 45 91 -54 50 -66 68 19 18 25 -65 -32 99 -12 7 -56 86 -12 -82 -75 -28 3 -17 -19 -92 -38 41 50 22 55 23 -44
22 19 67 -57 -21 -99 84 96 -89 28 -79 -83 17 -36 -64 8 91 13 95 14 70 -86 -32 7 17 53 -31 -51 -12 33 78 -99 -97 87 36 68 -67 87 -8 -32 53 62 -45 -5 64 -88 -55 -66 -47 84 71 -43 75 -51 50 -27 8 81 -54 -57 -65 -67 71 -97 52 66 75 24 -90 -12 93 41 99 -61 -36 84 0 70 -78 -51 -4 -8 -10 -36 82 -80 54 40 44 71 -40 44 -32 -37 -3 56 33 -32 -47 16 -7
96 32 54 -87 21 83 43 24 -55 -82 -85 -60 -9 -3 27 -74 48 -16 -4 -35 -73 -73 -75 -69 -3 -37 30 93 4 61 -69 92 -83 2 -96 30 2 61 -98 -50 -10 -84 -70 48 -48 80 19 -94 -7 22 -85 -51 68 54 18 -53 96 -2 56 80 -15 -88 10 -89 92 56 90 -32 32 44 23 77 -52 -93 15 19 30 -79 16 74 -30 4 52 -59 -99 -86 -72 76 -83 39 -27 88 -92 64 -33 -44 35 88 -32 -51 -41
4 47 80 -4 -87 -52 22 57 87 78 50 55 36 -66 53 54 47 39 -30 -33 -62 -91 -100 64 -52 -20 79 -71 -97 -6 24 -96 -77 98 70 68 68 -65 -92 -74 72 27 52 25 88 -61 28 60 -59 60 -57 25 -38 89 1 78 33 34 57 -47 -18 -84 95 12 93 48 -64 -73 -17 30 -64 -7 -94 55 14 77 -32 34 -76 -60 29 -85 65 35 6 -72 -55 81 -97 69 95 90 -55 56 -48 84 54 85 30 46 27
-89 -49 61 -50 100 -19 -34 15 -16 61 -20 63 31 76 36 62 8 -46 -62 -52 -67 2 -10 76 2 -48 83 70 55 37 -5 92 37 -52 70 -39 -41 77 -56 71 -6 88 -51 22 -87 -51 -74 37 -69 83 22 -58 -71 -15 -83 -69 -26 21 -47 -55 -54 -90 61 25 -46 58 46 -62 22 68 25 58 -23 12 -31 -6 -63 -10 -84 21 -32 -84 29 24 -65 -79 20 -59 71 9 -30 58 96 -95 -4 8 37 -35 -74 -42 -64
86 49 91 -7 9 7 -71 -77 37 -48 3 39 -66 -5 23 -42 -66 -40 76 32 -96 52 82 -97 49 80 -97 28 -14 -30 35 26 55 57 -98 84 95 -12 -35 -99 52 -68 9 -36 -2 -19 94 -42 -40 -44 -48 4 22 -11 59 82 57 -74 10 -38 -7 91 74 -25 86 93 -76 45 -49 -31 -29 17 37 70 21 84 2 -21 39 -11 84 -92 56 100 -100 -49 -6 17 75 80 13 -7 -82 -91 32 40 -62 -66 8 73 2
-51 -72 49 -90 39 -37 -36 43 55 43 -26 17 -33 93 -23 -78 91 -71 14 -97 -8 11 -81 65 88 -17 -26 -33 -49 -49 -77 -27 -28 -73 -34 -66 63 55 99 -99 -90 67 30 74 -99 -92 -38 -66 29 -10 63 -50 -17 -7 -55 59 54 -95 45 67 93 -68 69 -97 75 64 69 4 100 -8 -62 55 -2 96 59 20 -95 -83 39 -89 19 35 -24 -51 -82 0 -80 -44 77 -45 25 100 4 -52 -1 15 -42 -83 8 -28 -84
-10 83 5 33 -39 -66 -14 19 -62 8 -81 85 72 -72 -1 10 -4 15 -68 -1 -92 -43 -39 -16 4 -57 -2 -24 14 -9 29 92 -3 -23 -18 -38 -12 15 -77 60 68 13 91 77 82 -61 -30 81 34 54 26 80 -2 47 37 38 71 12 -24 46 -13 -24 58 -3 4 -92 14 52 -65 5 72 79 -68 27 70 40 42 95 65 -98 -60 53 -76 8 71 -60 -7 -21 77 -1 32 44 59 85 -17 67 99 -42 31 20 -78
-65 8 -50 -36 -75 63 28 -73 49 89 68 92 35 95 -92 63 98 -96 20 16 6 -39 33 56 13 15 -32 43 12 -38 -62 77 -13 -49 90 70 91 40 65 63 36 -5 -5 95 79 -9 12 -6 -3 76 -92 -73 44 -71 -6 -68 -55 -14 -79 14 28 -24 68 59 98 -96 -87 -18 82 95 94 -92 -59 -97 10 -59 -8 42 -50 33 -35 -78 -74 52 -48 58 18 -15 59 2 -78 75 57 20 74 79 -47 -29 76 27 75
-9 11 85 -56 30 23 -85 -15 -32 34 -59 87 -56 -66 -16 23 -49 99 -21 -33 -45 93 77 16 90 -70 92 39 15 35 91 84 -90 -49 62 1 19 45 -37 -76 -72 -38 -22 -66 -90 -42 -6 -71 8 93 -30 22 -13 14 62 58 -30 67 47 50 58 -6 -73 4 95 59 25 -88 -48 -18 81 93 87 62 -71 -83 95 -71 -46 -46 55 -37 12 -56 95 12 -96 -3 -4 58 66 100 26 3 58 -5 44 -63 100 100 -81
67 -37 90 75 -59 77 74 -93 62 -35 49 -52 -54 -27 72 -17 -8 -88 81 -65 -11 -45 -19 -14 39 71 86 5 87 -27 31 -73 14 56 -23 91 -65 37 -34 -87 91 -13 2 65 -85 -20 16 -92 99 -86 -81 9 61 25 6 -19 28 34 -43 59 -56 -74 -62 56 -49 17 25 -90 59 -88 21 25 -29 36 59 70 -96 -52 95 29 -1 57 -49 80 -20 20 22 40 -28 -28 -82 -90 -57 -8 -98 92 81 94 13 74 100
0 99 -25 -29 67 -57 32 13 99 -10 3 -27 23 -85 -71 10 96 85 95 -22 -31 52 -97 -55 -28 27 63 1 46 6 33 31 46 -20 -24 -59 45 6 -93 -52 58 -59 69 -1 13 2 34 -20 14 5 51 -30 85 -71 -13 -8 77 -73 -89 79 22 -63 62 0 -87 43 -80 -69 75 1 -42 -10 -47 -70 8 -31 85 -99 -72 74 -34 68 12 -66 31 -60 -1 -86 11 -88 44 13 23 21 6 -99 53 35 89 52 18
18 -43 -50 -56 68 -7 -69 31 4 -100 50 -27 -38 47 -75 -66 34 -58 -46 32 96 -18 93 -11 -83 -55 14 -67 35 -98 79 -73 -19 78 -69 95 82 87 -78 28 -7 100 -2 38 92 -64 -7 -63 68 37 32 -70 70 -67 -79 3 41 -32 -18 -73 58 -14 -10 -82 21 26 0 -67 -52 -44 79 -79 -14 -94 -21 41 -81 -58 76 -17 -55 -9 5 -18 82 -51 85 42 -22 48 1 -45 -32 -25 -2 43 37 24 -39 40 6
46 -80 -69 10 63 -41 -53 75 -41 65 -26 -90 -27 17 -36 -57 -3 20 97 6 24 94 38 65 -93 -69 99 20 97 87 -89 -74 49 -41 -86 58 -80 65 -19 8 -61 90 80 20 -64 -29 18 2 18 27 -39 65 -19 -61 75 -4 -47 -90 46 -23 -99 -89 84 -64 -63 50 -22 28 40 90 22 88 65 57 94 25 -46 78 100 -91 28 -72 -57 -91 99 -52 54 8 0 -17 -27 -19 91 -42 -99 28 -3 -94 55 97 -97
-57 -40 -52 82 0 -42 60 33 65 -77 -74 68 -43 -39 -66 69 6 3 -1 21 30 -24 62 -100 -25 -15 -74 61 0 -8 -81 -77 -9 -47 52 47 -15 -70 0 -62 -21 -49 55 -32 -1 12 56 -15 46 89 -61 -59 32 92 6 18 -28 -24 0 -59 42 -66 -75 70 10 -19 -18 88 -76 74 -44 33 27 -35 18 60 75 9 70 10 17 18 57 -55 -41 2 94 44 -100 -9 20 40 68 -8 -51 -33 -91 -68 -62 40 28
36 0 -61 23 73 2 46 46 -38 -23 -73 -66 -3 -7 5 -7 -38 -68 24 -57 -69 -69 -91 -27 -65 -83 40 34 61 77 66 37 63 5 -9 52 -41 -80 19 10 -79 42 -18 -35 72 -96 -54 76 42 72 93 68 17 -29 96 71 11 21 -42 76 29 -79 -13 61 9 -51 -14 -40 -39 -10 -59 -52 19 78 74 -47 26 -37 -78 61 -52 73 47 64 -34 -46 -85 -85 -95 87 76 15 -46 8 -27 -71 -54 36 -67 50 76
-78 26 -34 11 89 -5 63 -47 60 87 -69 22 -61 47 -74 -30 -98 -87 47 -8 -9 -72 38 7 95 59 27 28 3 -62 24 84 -8 -33 -69 -64 -83 77 -89 65 43 -14 70 -15 -78 -39 -12 19 49 57 57 -32 22 57 18 -11 13 9 94 57 72 -26 -16 4 -41 8 -27 -61 92 99 -88 56 -74 -26 21 32 74 75 -74 -79 -72 -100 2 -10 25 91 20 55 79 -96 -77 80 -7 -72 -78 -70 2 -58 37 60 33
-23 49 -73 -13 -55 -29 -93 -6 -81 -70 -14 -3 -76 17 93 -64 -22 -6 84 39 74 53 -100 34 78 98 -42 -100 58 39 -15 -25 -45 77 -60 75 18 19 9 16 -62 -77 -72 -24 -90 -39 -38 7 -54 28 -37 76 -84 -40 20 -65 -58 67 -31 -38 -100 41 -84 45 81 -53 59 18 36 11 4 54 -45 94 93 66 78 0 58 13 79 83 -4 -45 18 95 44 -86 7 8 17 40 66 33 76 81 -37 89 -90 -6 -91
-33 -77 -17 -4 -19 -31 -50 54 47 10 -14 -37 78 -60 -66 38 -37 3 58 70 30 95 52 -7 95 -76 -37 -37 20 56 76 24 -77 22 -88 -79 -57 90 84 -65 -2 10 88 2 63 -42 2 7 -1 -98 54 27 83 -26 44 -73 -31 98 53 22 36 -18 61 -61 12 -31 -59 -21 72 63 83 -16 -14 56 73 32 -91 -96 -53 50 -40 -76 15 93 34 78 67 7 39 -43 -36 -26 -74 -57 -25 -24 9 98 39 69 31
7 48 22 -50 72 -13 -95 -42 5 -38 -72 -52 -89 91 99 59 5 54 -79 28 29 38 -55 43 83 45 95 -38 67 -96 -19 83 -6 81 55 2 -36 43 77 39 -47 -91 79 63 -49 11 -13 25 -37 -62 41 -13 29 71 86 4 -26 93 -97 79 77 21 -89 36 42 57 62 -29 12 11 66 35 49 88 -63 41 -71 14 7 -94 -67 79 -11 59 61 97 54 -89 12 25 -62 58 37 2 8 -30 83 28 -35 23 44
-69 29 69 -67 100 78 5 -51 -89 -20 9 91 -73 -9 30 -12 -74 4 -26 -64 -67 65 -86 62 90 95 60 20 32 29 -87 -81 84 94 -5 -16 78 -72 -29 37 -76 -34 -47 98 82 -87 27 -84 -75 85 -91 69 -60 66 39 0 3 -92 24 19 54 -85 -96 5 -61 -97 -46 -92 68 -13 -100 66 -38 28 -5 98 -84 -48 -31 -35 -61 -72 8 -28 50 75 -70 -16 36 55 56 -92 48 -21 6 98 97 9 -63 -7 74
81 9 22 9 -11 -90 -55 -92 45 -70 83 72 -48 99 60 -38 99 76 -2 6 42 65 -85 69 72 93 35 94 96 19 45 -72 -37 -38 86 34 -22 -56 -33 81 28 -53 -40 -98 -100 -12 -78 52 -63 -100 -90 -65 -16 -58 -49 -82 -89 64 90 -78 -87 -54 95 19 94 44 -14 -73 -62 -18 -45 47 -37 -48 -56 50 -21 52 98 31 2 -4 -54 24 94 42 16 48 -66 60 65 50 44 84 75 -81 7 -40 -12 75 -86
-17 -48 -44 -31 46 17 -22 39 37 60 -14 26 35 -31 -18 31 73 -61 97 82 -97 -45 -96 17 -86 -53 -57 89 -23 94 -75 -54 10 98 -12 -42 77 27 -72 36 20 -89 -88 -94 61 -32 39 90 82 47 60 -21 -49 -71 -82 -31 -72 89 -56 95 35 -48 -76 -17 89 22 -88 96 -61 -95 -48 91 7 -97 98 51 -77 99 20 97 -55 95 57 -42 -98 -6 -100 -76 23 -80 97 -74 88 56 50 17 95 -38 16 14 74
21 8 -98 85 80 -48 -18 58 28 -92 -54 -7 -22 29 -42 -71 -43 88 76 16 -1 93 100 63 66 -54 -15 -43 -83 94 -77 2 58 -71 12 -58 -57 81 -78 85 -71 -31 75 -58 -29 -89 56 17 15 54 42 -50 78 71 -14 57 -96 86 -55 -30 38 33 52 -56 10 -32 -71 -68 86 38 87 93 38 22 -80 88 79 -85 43 -1 -29 40 40 83 44 -71 58 93 -18 58 25 -11 -99 53 97 34 -24 -61 -3 -13 -75
97 13 26 -71 -81 82 -13 97 -68 87 -79 -28 -24 87 -10 76 -94 -9 41 18 -43 36 -74 26 83 -24 76 -45 -63 37 24 88 -65 35 -18 40 60 -29 74 -3 -47 64 -76 50 -24 95 -41 4 2 82 -12 -61 -90 -53 -84 -15 -78 27 -90 67 23 -34 28 2 95 -98 18 68 -86 -95 9 -17 -93 -76 20 -9 -39 66 -78 -67 43 27 27 73 44 43 -38 100 56 82 29 76 -62 48 -33 -2 18 -70 -68 -7 48
19 -30 25 -97 -44 69 -91 3 29 -34 -23 57 -12 -24 21 -80 0 -13 -83 -88 -92 -62 33 -39 -79 52 81 -58 14 22 60 86 -30 52 -96 29 -17 -32 23 40 -11 39 45 -57 27 65 -100 45 33 18 16 53 -65 9 -29 35 87 21 36 91 23 18 -98 -36 -63 -73 45 -47 -3 17 80 76 26 -84 89 -46 12 -29 -59 67 23 -30 67 -87 28 53 -9 81 -75 35 6 82 -72 34 14 -74 35 64 25 -2 85
-74 -23 50 -39 79 -32 22 -35 57 86 92 33 23 91 26 26 -69 -82 36 -38 67 48 29 43 63 0 48 22 -16 -1 46 9 -7 79 78 4 -17 -75 -60 84 -87 -69 -76 -23 -78 13 86 -57 31 66 -77 39 -66 -30 -33 -77 59 0 40 -44 81 -63 97 -9 -53 -94 -87 -30 -19 23 78 -69 25 89 -11 -42 43 -98 14 0 92 -11 -62 -98 -74 -43 -95 44 85 -31 58 63 -72 -3 55 54 95 81 10 -58 100
11 -54 32 36 -23 -99 -3 36 -77 4 -66 93 82 -20 54 6 -40 46 -11 -99 -8 -84 75 32 -96 -49 -37 -69 53 50 -97 27 -94 -72 -14 -83 76 -39 4 43 -68 -36 -30 56 -58 23 94 -62 67 51 73 -84 3 -81 -92 -22 66 90 -92 -11 52 81 -75 -98 72 85 81 -3 -88 -29 -58 -96 -50 -95 0 58 47 -13 16 -87 98 -52 15 85 58 -81 -87 33 -5 67 16 -53 56 -57 96 70 -57 61 -37 -79 -14
-33 -67 -43 1 8 17 -25 85 -19 -75 50 95 -67 40 68 -42 -46 -32 28 -71 -35 -32 29 64 -32 -10 47 47 49 -75 -60 20 49 -4 -63 -94 -14 -31 41 55 -88 -36 -83 97 -54 -52 -28 64 -19 -11 -88 -89 3 26 -14 -56 -26 20 -22 11 2 0 33 82 -43 -13 45 2 -28 82 -64 -81 -45 18 -99 -100 25 -64 -18 98 50 -67 -4 -88 -8 -72 -43 46 53 -54 -21 -20 59 -26 27 27 19 -94 19 -49 32
-27 -47 91 -38 94 51 -85 12 83 -30 64 -85 -85 -73 48 -53 15 16 69 -62 87 15 -69 -45 -1 -48 -28 -71 88 12 -62 56 100 -77 -94 -5 -1 -95 99 -51 -65 -47 -86 -64 -9 -80 13 -51 -40 95 -69 36 44 87 -30 -44 61 44 13 -95 -93 -21 -96 29 14 38 -59 89 -74 -36 20 85 55 -85 -58 -84 -81 71 95 -6 57 50 -40 -21 -16 26 -95 48 100 -73 -7 -17 78 70 -5 63 -87 -93 -77 -77 84
48 -28 50 36 68 -16 -30 -75 13 -78 -18 40 -73 -38 -34 -99 24 -88 49 26 40 -99 -95 4 91 43 34 -49 30 -37 11 67 -48 80 2 -83 59 -59 -76 1 -75 -49 56 -53 91 -13 85 -27 16 -35 8 24 -36 22 -73 -97 -19 58 -45 83 -36 80 -72 81 -77 -91 66 -39 92 -7 64 -97 -97 -31 15 -88 -16 -64 76 -51 33 60 -97 19 64 -100 92 12 99 100 92 63 -90 -58 -94 -72 44 -85 68 -14 -23
-93 45 -94 6 52 10 -44 -87 11 63 50 -85 -88 90 39 73 -46 -94 -28 73 -39 13 -50 -26 -9 70 -83 -8 50 82 -33 -94 13 -75 26 -28 -42 -43 -2 98 -64 -56 0 23 27 30 -54 -58 97 57 -54 39 -25 -16 -11 11 1 -62 -39 15 -3 11 45 22 -91 75 -86 3 -17 43 17 -39 70 -90 86 49 28 26 89 -90 -50 20 14 -33 -17 -1 -99 -4 -35 -79 75 -100 32 1 -91 -55 -100 63 7 -37 30
74 3 -42 68 76 -26 -12 55 -38 95 83 59 38 72 -5 87 20 -49 24 -77 -13 6 43 88 -31 45 71 52 48 46 76 -37 98 6 -60 24 44 56 -37 -82 100 76 -57 -32 -72 -79 -52 -12 74 29 28 19 -32 -48 71 -3 -92 36 15 -55 90 -42 -89 -44 -36 -44 -95 -15 41 -52 -63 -9 -9 23 2 17 -52 87 -67 28 -82 -98 43 15 95 -95 17 99 -80 -14 -55 57 81 8 40 15 -66 -8 -56 26 29
-77 -54 -67 -38 -80 76 -29 -9 -73 -5 35 67 -45 41 -4 19 -25 -96 67 59 51 60 -21 39 -24 55 66 54 -29 74 61 -9 8 -40 86 -50 30 -85 63 -57 -55 93 97 -20 -91 21 79 19 52 79 58 99 -49 -37 50 -30 -59 -15 -38 16 -66 4 92 -2 56 -61 -19 -4 -60 -51 -66 -99 5 -9 91 -47 -7 -29 -98 82 -99 40 57 46 -71 46 -25 37 90 72 -53 -18 63 36 37 98 -90 -10 37 18 -71
0 -33 48 53 -19 27 -69 78 -42 -79 33 -27 46 30 -77 31 68 19 -6 89 38 99 -25 -75 50 93 50 99 -45 -43 -4 27 -27 23 60 81 98 -86 99 -13 -22 -79 -27 77 -67 -59 67 30 58 64 -36 67 -11 -65 45 -90 -1 82 55 -89 -32 97 24 -28 65 39 70 -5 -38 -75 59 15 -60 71 82 -86 -19 -4 -26 75 -3 -69 -27 -45 -42 20 -27 -63 -71 -65 95 -58 45 99 -59 93 36 -4 -33 -50 -22
12 -49 -48 77 66 16 56 -96 -59 23 -20 -16 76 -1 -55 75 78 17 -75 71 31 -50 85 31 80 -64 -96 -74 -72 36 -29 63 63 98 35 27 -15 -83 -10 -25 -44 15 -84 69 -58 -59 75 71 60 -14 96 68 75 46 -94 -6 -58 -98 8 -3 34 -41 33 69 -97 63 -28 31 -84 53 2 62 1 23 -58 -81 20 -21 -80 69 -98 15 -17 -32 -44 10 -64 60 4 -3 -79 75 96 96 46 54 56 16 52 -44 100
98 -5 56 -26 65 65 -76 72 63 77 -41 -90 -22 34 100 57 43 81 47 -46 -25 14 -95 -63 12 -41 44 59 72 -59 77 41 -87 -22 -88 97 -53 -29 57 28 56 92 0 -21 37 -54 53 -99 -28 -97 -1 26 64 -36 -88 -19 61 -66 73 -61 5 2 55 -64 26 -55 -19 48 -72 -26 -11 -26 33 45 7 -32 27 17 43 -41 24 -29 -52 8 55 -70 -8 -34 -66 -34 2 64 -27 -10 27 99 -75 -9 76 44 -9
-74 -49 -29 -77 67 -95 17 -12 48 66 72 -84 -25 20 72 -60 -54 -12 -1 -66 -69 65 -6 -51 -98 -86 17 82 -47 -30 -87 -81 12 91 71 30 58 -69 -12 93 36 72 -22 19 -48 1 -64 7 -20 -15 37 14 -3 -89 -11 57 -80 93 58 -40 -41 -75 -53 -71 81 -46 60 -38 45 -38 10 -92 -65 8 -51 73 -8 -40 -7 -3 22 95 20 -1 92 -34 -47 53 -55 -47 -84 -74 -92 53 37 -39 56 -56 -78 62 44
-61 63 68 25 -39 -23 70 -14 -90 -68 81 73 -13 47 36 -20 -70 -79 19 -92 53 -54 49 -40 -70 -43 82 -63 68 -43 -20 74 -18 98 -1 -60 87 17 56 82 39 36 84 37 53 4 17 60 -31 47 -75 29 -47 -20 -19 75 -54 -92 -95 -69 63 96 -28 16 -39 94 51 -68 -45 -87 42 -26 -75 21 -29 -73 32 56 -5 4 -83 66 -78 47 -76 59 100 -34 6 11 9 80 -36 89 -56 -31 -7 -62 -10 74 -28
-85 60 77 -46 -27 -23 60 78 49 66 -9 -74 42 -22 -64 -2 -84 66 -89 -26 30 78 -97 -9 -8 40 5 -43 77 -73 -76 -30 0 69 60 -66 -80 68 46 63 27 -25 -96 79 -21 81 26 81 6 -52 10 16 -56 -63 53 -66 72 35 45 -22 70 32 65 -66 -10 93 57 -42 30 -12 90 29 80 67 86 52 -29 -78 78 -13 -47 -83 -43 -91 -6 -15 -28 66 -82 -73 -52 1 -61 0 -32 -61 -54 -30 -47 35 -16
71 32 -88 9 -94 72 54 -20 3 99 -72 -88 -86 -79 -55 -35 -63 -53 80 34 -34 1 -85 -35 -79 -55 2 -45 23 -43 72 -33 26 -76 -12 -15 -90 75 84 -19 -17 -12 93 -69 40 11 31 -96 91 -51 42 -3 -91 1 -34 -41 0 68 -88 -68 -32 35 57 -70 -64 10 40 89 71 -16 -68 81 -14 -19 30 84 -4 94 -74 -72 -71 4 48 71 -23 45 77 52 54 86 -21 -62 -18 -93 -39 -66 -73 -37 44 -35 65
4 -11 -50 -14 11 81 -73 29 -83 16 15 -94 -56 3 -21 -97 10 61 35 4 -13 51 82 83 39 64 -23 19 -17 -17 -37 37 -86 -86 -8 -1 74 37 -99 55 21 -81 26 99 -83 89 20 -2 81 37 44 27 -38 33 67 -5 -50 43 18 79 99 3 -71 -64 -29 -9 23 -48 18 -30 -27 97 -88 -87 -33 52 63 -12 -91 82 -61 -66 -28 22 -68 -15 94 88 -97 70 -46 -50 47 1 -5 -32 32 41 2 70 -86
-69 11 7 -95 96 5 -97 -89 -92 7 8 -78 -34 7 -87 90 17 -5 2 -43 33 71 87 -63 81 -34 32 -67 -27 -15 -42 -21 53 -88 -95 48 100 1 -39 -75 39 21 -73 -41 50 1 100 -19 88 -82 -100 -2 42 53 75 92 -80 28 79 -66 83 -63 -3 70 53 -83 10 47 -68 -10 63 -56 -50 75 48 58 -65 49 -27 -38 21 -47 -77 -49 92 -59 -22 9 -72 -29 -86 94 -65 56 -55 78 10 20 21 19 -8
36 78 15 -2 5 34 76 39 -53 -94 -21 13 41 5 78 -11 11 52 74 -6 -4 25 -78 92 15 -46 -48 49 -27 69 85 -54 35 -5 4 98 -86 -6 90 -8 11 -35 99 95 -51 99 29 -82 -25 -27 -78 17 94 -52 92 -13 39 74 18 -51 98 -99 18 73 -49 49 -4 -91 -49 3 57 77 26 60 -75 72 92 -40 92 58 14 -17 -8 45 11 -35 -57 -100 -39 -22 -27 35 26 55 80 -22 -68 -63 53 50 55
37 -28 -47 -52 53 -63 -34 35 85 59 -93 47 21 76 -15 71 -47 -5 89 -94 87 71 -33 78 24 -71 30 -72 47 -62 15 37 -20 42 -61 -63 23 12 57 -40 -79 -90 -43 66 70 -91 65 -76 -10 85 23 29 -26 -57 14 -18 75 -67 -12 29 -28 91 32 -89 -80 31 13 -19 16 73 -74 -21 84 -17 92 -83 -42 -97 -70 -15 -54 -99 12 -99 56 63 -80 94 -13 63 -26 35 -28 -85 45 -99 53 -77 -21 14 73
-39 28 -63 -5 61 49 45 -62 55 72 80 -59 9 50 24 -18 82 -82 55 0 75 67 38 35 -95 90 -3 47 92 64 86 -8 -78 94 -61 -57 42 -22 63 31 -83 13 93 -97 67 29 -31 -46 55 -33 -21 -65 -14 -12 2 -44 98 88 -45 -72 -14 74 24 47 -97 85 -92 -28 67 -20 36 -66 -96 14 91 77 -98 82 24 -87 37 25 -32 -62 71 58 57 59 -78 -38 -80 88 14 9 43 -61 -80 -25 35 -30 -79
-74 59 44 -19 3 31 13 -82 -5 -59 -90 -38 23 -82 77 -1 95 96 -3 -50 -68 -27 3 53 -73 71 67 7 -94 -80 -72 2 4 -73 72 -2 -69 21 -93 63 -8 -19 73 -62 2 -66 -96 -2 67 45 50 -26 -93 -5 -48 -70 -82 74 -1 -91 71 5 -43 8 -69 15 -90 -9 9 -10 83 73 52 -66 -28 -5 -27 -69 -86 -72 -68 90 -24 -13 80 73 -15 -41 -7 -3 -16 -33 79 53 76 5 -57 -39 -27 -88 -4
26 25 33 -6 35 82 90 37 -60 81 9 -24 58 -15 65 -3 -81 92 -39 31 71 87 -63 -40 -37 -58 51 82 41 -64 37 15 6 -4 -100 -97 -10 -75 -37 -12 87 -43 -30 -75 37 -52 -40 52 -93 -90 -19 -38 -82 82 1 49 45 -72 52 22 84 -84 78 29 86 97 48 54 62 42 97 -62 62 -83 -33 60 -35 -6 53 12 -77 -50 -3 40 42 3 -84 22 -33 -88 -53 -31 -87 -26 -16 100 -11 -99 32 98 81
-92 -30 -34 -68 59 -14 -74 1 67 -51 -82 -51 73 -78 -16 57 -74 42 -94 -39 -69 -98 -5 61 -62 14 32 -89 -43 57 -30 -86 -48 4 89 -16 68 -65 96 -80 51 -51 -66 62 14 38 -37 -5 86 -20 45 -89 -54 40 54 -59 -18 64 13 34 36 -78 91 -64 -47 28 -53 -41 26 42 -3 70 -6 94 70 99 -59 -36 -24 33 -33 72 -11 87 -93 -98 -32 30 84 -27 91 18 -51 -56 -77 20 -44 -35 61 100 27
50 14 -84 82 -60 52 -6 78 73 65 -75 88 -68 -60 53 -10 24 -94 27 -96 -1 64 -47 -17 -89 -38 -12 42 89 24 68 41 -72 -25 80 74 26 51 85 22 46 53 -79 35 67 82 71 -79 8 26 -64 -73 29 25 56 -44 52 68 -12 2 65 83 1 96 -88 0 14 65 42 -31 100 0 27 -32 -19 75 57 33 -86 -63 -27 39 30 43 93 70 84 -98 50 94 -66 60 -100 81 -99 -18 11 3 32 11 -50
-94 26 -29 -91 9 64 11 -27 89 -74 -55 -78 -38 16 51 -51 98 37 86 -33 50 96 22 86 -73 31 36 -5 92 83 32 48 72 -78 -31 -91 -91 -56 6 -65 -61 -69 -55 77 72 -55 -83 77 -92 -94 70 28 44 86 -66 -16 -50 20 0 35 37 63 23 -94 -87 2 -68 24 -81 -24 -56 -20 31 52 -25 78 71 96 24 -40 -84 -84 -68 -19 -63 39 49 -11 36 57 -42 -29 59 13 70 -25 -44 -32 66 61 75
-98 -87 -44 8 -58 0 50 75 100 -58 62 57 28 -77 58 22 62 -23 -49 -49 -98 -8 16 56 5 5 -88 -27 63 -1 59 -19 1 26 -8 -68 93 17 -19 -47 -4 93 2 -64 47 47 36 81 89 56 60 -63 20 -67 34 -62 -47 -46 -17 18 100 -82 43 30 21 58 27 20 89 85 -97 -3 90 -51 92 -92 85 31 2 57 -50 34 15 12 34 -93 62 44 -45 -83 -5 73 -29 -5 93 62 80 -35 27 42 1
-18 8 -57 -6 90 60 79 -29 -68 66 -21 66 65 17 89 11 65 73 67 32 100 75 33 -50 -39 43 58 86 -79 92 -38 -21 -48 -7 -51 -73 95 -96 4 64 -34 76 -45 72 1 -47 -35 -37 37 87 94 71 -69 -54 -55 -14 90 42 80 -11 -99 -98 -12 -54 27 -51 -79 90 -65 -65 -43 39 91 -49 -34 -33 16 15 38 -5 -73 100 -57 2 -49 -90 54 26 -22 -47 -31 1 -61 -79 21 -89 82 -41 -75 -26 -80
56 46 -25 -9 63 -18 -42 100 74 54 6 34 65 -72 -65 61 -95 23 -18 17 -37 -52 22 99 76 -52 -70 25 -23 -2 -23 -92 -71 97 74 45 -88 41 -82 56 -44 -76 -33 -54 -26 11 92 24 86 27 37 24 -46 83 -19 63 -58 89 -64 18 -9 68 41 -88 11 79 -21 -91 37 85 -40 -17 61 -88 -76 90 69 30 68 41 59 -47 -39 -62 -62 80 57 -57 9 -16 90 -9 -73 -43 64 31 -40 30 90 -100 6
80 20 66 56 52 89 -32 -60 -89 -56 -90 -45 17 28 -20 -1 -50 9 96 -45 -19 82 69 -94 64 -45 -96 28 -18 8 60 -66 -71 -19 12 94 83 51 -23 11 -77 -24 1 0 12 93 -16 -11 18 -92 77 -22 -46 23 67 -58 48 -29 41 -58 -4 71 76 60 80 67 -42 30 24 79 63 68 -32 -2 -35 -68 23 84 -5 31 75 74 21 99 -61 -16 69 -11 -81 94 13 53 42 47 32 24 38 28 -82 -38 -30
-79 -62 -16 56 93 -4 94 -32 50 -6 45 2 15 -88 -69 -31 -62 -51 -32 -28 49 -51 -83 53 2 -64 58 -1 96 -56 -77 60 7 -29 90 -24 88 63 -4 90 -12 23 60 72 96 87 -43 -12 99 -38 31 14 78 -88 -95 -68 -22 85 100 22 44 -17 91 -23 11 37 17 9 67 -72 96 58 -9 14 -58 -22 63 -20 -89 76 -44 13 61 -36 -93 68 -63 50 5 -70 92 61 -84 34 -36 -20 -87 40 1 14 -45
3 33 80 -35 -52 -26 -11 82 -75 -98 23 -32 26 -96 15 -96 96 -68 11 -38 29 27 -26 -76 92 17 -61 8 64 35 -88 -38 -84 84 -8 -87 38 70 2 -27 37 92 -40 -86 48 -4 -80 17 79 81 -69 -18 9 -69 -17 71 59 -53 99 -78 1 -74 44 50 69 55 51 31 55 98 -15 20 71 -65 94 -96 -95 41 21 33 -38 -97 0 -8 -11 38 -20 -100 64 -72 -38 42 -94 64 3 -91 64 -74 68 -25 -19
-66 95 1 64 -24 5 -59 -95 -98 41 39 94 -15 -73 43 -100 34 40 29 41 -84 62 99 0 38 14 61 -67 -96 -8 50 -80 -100 -54 6 -50 17 22 41 78 -1 55 -83 59 -91 28 -23 -94 -54 83 72 -41 42 29 -94 9 68 58 31 -56 36 -62 -64 68 81 53 -65 62 40 -54 -23 -25 50 67 13 37 35 -57 64 66 -47 63 30 -89 -5 -50 -57 19 79 -77 77 -69 88 -61 -37 47 51 -36 -92 14 61
91 -15 65 26 7 -87 -95 -2 -11 -87 -11 -98 20 58 70 -11 50 -66 -52 70 -75 -14 -1 83 -67 25 -96 -46 39 -25 11 -62 20 -87 -74 -24 23 -8 63 28 84 28 82 -54 32 -3 -86 -80 -52 74 45 100 -57 75 7 -13 -2 -35 9 -64 24 -62 38 -71 76 40 11 -60 68 23 83 23 56 -43 -28 89 91 49 -67 -100 -81 -95 -93 70 -15 -96 -27 59 2 9 -33 -94 40 -17 83 37 34 -75 -30 -14 52
-7 21 -89 -40 -36 -79 9 72 61 41 40 -27 8 83 -82 -97 66 -24 15 93 -79 2 -80 58 81 -51 -31 35 54 -29 21 -5 -27 -82 -21 -24 86 -86 33 72 -74 40 -28 15 -72 -92 47 8 42 -25 -28 -22 69 33 -91 -40 84 -45 90 39 36 -39 38 -79 31 6 -57 51 71 -69 67 39 -61 84 -91 15 37 84 16 -83 41 -66 -52 58 52 17 -70 -36 35 69 19 -72 38 69 -80 -37 36 96 55 -14 -3
-3 -63 -3 63 98 46 48 18 73 74 -2 90 -56 49 -11 72 97 -22 82 27 91 17 -68 69 -68 26 -14 14 -51 69 -84 -90 16 -40 -9 88 41 47 -21 3 -66 -74 -84 -20 19 -33 24 -83 -16 -93 92 -9 -93 -98 -27 -86 62 -86 41 43 23 41 -42 -53 -53 29 50 -37 15 92 -100 34 -43 40 -38 -76 0 -46 -74 27 -90 17 20 -58 -82 3 -68 -17 28 17 49 -37 17 -51 11 97 41 -72 83 99 57
-31 -50 14 -52 -51 30 -60 -5 76 86 58 -37 84 31 12 -22 -83 38 -10 -18 19 69 48 99 -28 10 10 43 -44 67 3 -91 -19 14 11 -100 -78 -6 -65 38 -59 -34 44 -12 93 -35 33 88 47 58 -51 25 97 40 -36 -71 -57 21 42 -54 -16 -71 41 84 -36 -57 76 57 83 0 -30 -85 63 99 -95 51 28 -24 29 81 43 53 -3 -54 55 -35 87 -65 -66 -27 30 39 45 -11 -78 61 -30 39 72 -69 89
-49 -39 -6 18 56 -60 -100 45 96 19 78 -34 -98 -40 -80 15 -49 29 -99 -86 50 -90 95 -37 83 -30 -27 80 21 90 -52 -31 -22 -80 89 -68 13 19 -90 -95 41 42 97 0 -80 86 -1 90 -13 60 -69 4 -7 83 -14 54 -34 64 -20 -72 29 -57 -81 95 84 75 -72 -8 62 -1 38 32 -51 -44 64 71 -96 66 99 -31 -54 -26 -75 33 -53 -9 67 -98 -3 -83 84 -77 81 -12 -48 -28 9 -94 61 -20 -71
-99 -63 -69 35 -50 83 -84 -85 86 -94 82 69 83 -13 -37 -2 -44 -7 -88 -68 -56 19 3 -15 -22 -81 32 -64 -5 -85 48 -80 60 -14 -48 -56 -99 -63 28 -1 57 49 53 23 -12 9 -65 -18 -6 37 21 3 -87 -14 73 72 60 64 -7 -24 -62 61 -17 18 69 -92 26 -19 48 -78 89 31 -12 -37 14 28 -72 -12 85 -27 64 30 18 -81 58 80 -48 -97 80 -42 47 3 82 -6 -72 45 -83 59 -30 86 12
-82 -61 73 -1 -91 -59 87 -57 31 -46 -44 21 48 100 -10 38 94 31 -54 -95 -58 -84 -27 -45 -48 70 -51 4 1 89 -7 -77 -67 -16 17 -4 25 44 53 95 -36 -93 -37 74 4 -5 -73 -9 51 30 13 -16 -2 -51 -86 54 -56 58 -14 29 71 -56 -92 -50 -29 100 4 16 37 -12 66 50 -13 -16 -45 89 9 8 85 85 -97 -77 63 -18 97 -58 -17 83 -14 2 -58 -20 -92 -58 -61 -74 -59 -48 43 -75 53
-75 -78 -25 0 -33 73 64 29 -8 93 90 30 -5 7 91 67 72 6 -92 88 19 -100 72 -58 -65 -92 16 -55 -83 -88 17 83 77 77 58 91 -8 -48 30 -26 -84 3 12 -59 -49 -54 -82 3 74 73 -59 -100 -18 -5 -5 -32 76 94 -30 61 85 -57 62 61 62 -29 64 47 -23 -1 85 -95 26 -96 -99 48 -46 57 74 -24 56 76 -3 21 58 -89 -92 67 21 53 53 70 85 -86 91 -18 -82 -77 79 12 -42
63 -74 10 21 68 -85 29 -94 -71 6 35 69 2 -99 -87 -78 81 38 85 48 -48 -22 44 -97 52 -66 62 -34 84 -52 -11 73 -30 59 88 -22 -81 -53 -42 13 -42 42 9 70 36 31 -67 -82 25 -63 78 -45 -78 -91 -46 12 -22 62 19 100 -6 82 50 52 1 40 -55 -70 27 92 -95 98 78 47 -72 -75 1 -74 -11 -58 81 65 -38 67 38 21 -90 -30 -35 75 -8 43 0 13 -72 -89 66 92 96 73 76
-75 29 35 49 28 -30 -86 -94 90 41 62 -48 -10 -78 -92 -2 -96 86 68 99 -32 -46 61 26 -28 59 -69 -17 35 43 -55 82 -71 -57 34 -3 -94 -70 7 -3 -91 45 26 26 -41 -80 33 -8 -74 -30 -87 97 -83 52 -11 -45 -87 78 -68 -88 -35 -48 76 70 -12 98 0 87 88 -11 -65 -75 66 -42 -99 -70 -13 -20 -12 -40 -3 24 -52 90 -89 29 39 22 -79 92 10 -6 66 -93 -11 58 -7 -35 -13 -8 -93
72 54 29 68 -35 -37 -12 69 -94 -38 41 3 -100 -89 -48 -64 50 53 96 -6 98 -14 -28 -54 60 -67 92 -7 -77 27 25 0 54 84 -47 -57 -74 -5 37 -88 -91 55 -14 -5 10 37 -42 11 85 81 -59 21 75 40 -86 -24 -63 -59 -60 86 -52 -30 -72 23 12 -18 -12 -50 -32 -100 -83 42 -24 -26 -24 6 51 77 1 -96 -96 20 -28 -18 -84 -18 54 -1 -24 93 -58 57 58 -77 -97 27 -19 88 50 72 71
68 77 -7 0 -100 71 -87 -54 -59 -95 71 -45 -32 31 43 -56 -6 -78 -54 -4 -19 -42 -85 60 94 100 33 94 -9 89 90 -6 -30 -93 20 12 -26 -76 31 -65 -96 97 -64 -93 -14 -8 -9 13 67 21 -98 3 19 -75 -42 -55 -41 74 -25 -94 -73 93 21 -21 -32 -48 61 44 -87 -23 19 9 79 -51 -95 91 100 -36 26 11 -96 25 49 26 54 0 57 28 89 88 -50 -29 -13 -23 83 -40 -42 -46 69 -68 8
66 70 -90 83 -49 -52 59 -100 78 -39 9 -70 -68 1 73 -70 -72 -5 -80 94 -47 67 28 70 52 75 69 90 94 74 -12 -75 -80 10 -76 91 -38 93 -4 -89 -16 90 -65 -91 49 5 66 -89 -98 77 -76 -11 -37 29 -54 67 37 62 11 -65 -53 -19 64 -14 31 35 -19 -66 -44 20 60 -29 7 34 -66 -21 -66 -17 -26 -34 100 33 77 21 -90 43 -85 -91 -12 -10 96 -66 -75 38 70 46 68 -50 -55 96 -86
34 -94 -86 -47 67 60 58 39 92 -50 -48 -82 57 17 100 97 -17 60 -48 -4 -78 62 -62 25 -70 -58 32 48 -63 -41 -64 34 34 -67 -15 -66 -19 7 -83 -92 -66 28 -78 27 -22 -58 -44 21 -24 -18 13 -11 66 -41 -80 -85 82 3 -30 38 -30 -65 50 -2 65 -49 37 -20 -79 -35 -95 -20 12 -55 -29 8 72 32 53 94 -77 -37 -42 -7 -33 -33 -84 63 100 -88 -29 -82 -23 9 -50 -68 33 -74 -44 63 -54
73 54 -77 23 75 18 6 11 -31 -66 46 -90 90 52 87 -80 -8 -50 10 91 -38 -48 62 -60 92 0 62 87 -66 72 -5 13 7 -32 -98 -11 -81 94 7 -59 -99 -33 45 -49 57 33 42 -84 -10 -80 -100 100 69 -53 -99 -93 -63 -32 84 -93 -21 47 88 -38 82 -63 -52 -97 -14 -43 -83 75 -75 -84 -77 -39 -93 29 52 -12 -92 74 -2 80 94 -19 -12 7 14 17 -93 -100 -13 -59 23 -22 86 79 72 76 -89
-88 -65 -75 64 85 -15 30 -41 -81 22 -42 -82 -30 -19 -48 55 41 12 25 -34 -84 77 81 -17 55 -50 -1 -78 -56 -11 -61 -2 -95 -53 89 86 100 31 -37 -46 27 -30 71 -72 -78 47 -97 -73 -94 65 13 0 -87 68 -2 -4 37 -31 17 -62 -9 44 77 -34 -14 74 19 -68 -54 -69 91 54 46 -85 61 80 92 -36 12 -87 -10 -62 56 0 9 -90 -12 23 -33 -99 -2 41 -14 -16 -9 -18 88 84 84 18 14
17 97 -11 -15 55 -61 -25 96 -11 12 48 14 -59 35 2 -88 91 -58 42 15 -53 20 -85 -8 -98 -91 53 -36 -24 -7 77 -75 -48 -61 -82 94 35 65 5 18 -46 28 32 79 44 -63 88 -67 -72 -74 72 -26 0 -67 28 -18 -22 -56 -79 -36 -47 -19 -90 -99 -94 -9 54 -44 -97 -9 -13 -4 70 -64 17 -46 22 29 -49 -43 -67 58 -26 55 -22 -41 -94 -90 56 93 -7 -40 -94 15 9 -44 90 -13 67 -9 28
-2 -84 51 -88 83 93 50 9 0 -88 -3 -20 -72 73 0 99 77 48 88 29 -91 -29 27 -41 -96 -3 70 10 -35 94 -72 -7 35 -87 16 66 40 -66 -40 -3 88 -38 31 -12 -6 -80 55 -22 92 56 -91 -85 43 19 83 -34 35 4 -71 -75 -55 79 82 53 59 -26 -67 87 -67 -27 52 -90 -74 -87 87 20 -97 -74 60 52 69 45 17 51 14 96 49 30 82 -45 75 -88 -21 -22 75 -97 -22 -45 100 81 66
48 -40 -40 -74 25 -9 -62 53 35 -51 -52 -46 -88 -78 -79 -70 -76 76 13 10 -47 -56 -5 85 -38 12 -10 33 13 -76 -44 -18 -2 -11 -28 -34 -72 57 33 -69 15 57 74 -46 -6 -17 9 -91 19 22 43 49 49 79 73 -39 83 21 16 52 -38 -82 14 -42 -22 83 50 -31 -14 -11 -30 -84 38 -98 -25 -93 -97 29 22 -91 -3 69 -73 -35 49 -58 30 95 5 72 -56 100 -84 -76 100 -92 23 -80 -54 87 -40
-98 15 -66 -90 60 77 84 -6 14 81 43 90 47 -27 -87 -49 -10 3 -5 95 -45 -14 -2 83 -41 -29 -45 -70 -26 83 -7 84 69 69 96 69 -19 -95 -36 52 17 -77 -44 -39 13 24 -42 76 89 -67 99 -41 -57 -41 70 92 43 73 89 -82 -46 98 10 37 32 34 7 -21 -65 -64 -5 -16 -1 -75 6 26 17 -24 20 93 60 -36 85 -47 -32 20 -41 -52 63 64 -97 60 -19 -95 -15 -63 87 -59 52 -32 65
33 11 26 -17 69 49 44 77 79 -12 42 -10 -95 -59 82 11 49 -51 -18 -11 -86 78 75 -67 64 -29 -69 99 42 88 -84 -24 77 75 -39 79 59 -29 -22 -3 -79 -33 75 -68 -29 11 69 -4 -30 -53 -38 -11 -23 -73 19 59 21 -26 -13 -31 38 6 38 66 45 -64 87 24 -80 -54 -1 49 4 -36 59 -53 22 95 43 29 15 17 -4 67 -2 99 -95 -41 12 -7 40 9 77 -14 85 -1 94 14 -85 -12 53
-9 -96 -36 -10 57 -85 60 -29 -98 -95 -72 -7 4 -12 -77 8 -30 39 75 -39 -20 57 -25 31 -99 3 89 -26 8 83 -5 -34 12 -89 -88 44 -2 33 89 26 -62 -38 -52 93 -16 -7 24 -55 43 -21 -13 -4 -9 84 11 -20 -51 -50 -7 -72 57 -20 46 -51 -56 -46 -90 -21 -48 34 -26 50 58 1 29 53 20 -80 -28 -72 -69 17 55 75 -25 -100 92 -34 48 40 12 12 93 27 62 31 96 86 -43 36 35
67 -23 58 54 68 52 -91 39 33 -100 56 6 -21 -62 -6 91 -4 40 74 60 -84 -74 -17 -42 -23 52 -28 -10 71 41 61 38 43 95 -33 92 46 79 94 -97 -82 -34 20 -83 55 61 -40 84 56 -51 40 93 20 30 1 -24 63 25 -43 -59 61 4 -30 -95 -12 23 -26 1 -70 55 -78 60 -47 10 -35 -54 -87 -2 -89 -46 69 -67 -89 2 39 -15 -30 9 4 1 -77 48 -85 71 7 -81 45 40 -87 26 -84
-15 -23 95 65 5 -20 -30 -91 -25 70 31 -43 95 -82 42 -11 -47 24 -95 71 -85 62 -9 -26 25 67 -5 -20 40 86 -60 84 -74 19 -74 -100 -71 -74 45 -40 -11 10 17 -66 3 85 -96 -67 -83 -9 28 -65 -79 46 18 -81 -50 71 59 -76 -22 -98 -40 -41 39 -10 -37 -76 -77 -64 -93 84 -90 36 21 53 -22 -14 -77 -80 -2 71 97 26 31 18 17 92 -60 13 62 -77 -68 -37 -87 36 22 12 40 -77 -28
43 -2 69 52 31 30 84 -38 -40 -25 86 -89 -85 96 -14 -88 0 -88 -88 -74 13 65 37 -38 -37 -45 -3 58 36 30 -73 -58 44 -54 -69 17 -6 -67 68 -15 -23 83 -12 37 -90 43 67 -54 -96 27 -5 88 -3 -95 -70 -10 -37 -4 86 -16 43 81 35 -29 64 3 63 40 86 100 -58 -46 41 -67 24 39 63 92 -100 62 44 63 10 -51 11 84 -81 32 -2 5 68 71 63 -28 65 2 91 -16 31 45 99
41 29 2 22 -34 -57 97 -92 40 -64 -58 -17 -6 -61 -26 89 -96 97 -73 -96 -39 32 89 56 -17 -8 82 94 -33 52 -79 -60 -67 -20 100 17 -2 77 25 -5 -29 82 74 56 79 -11 -92 -86 80 71 81 5 77 29 100 -27 44 70 -68 64 -53 46 95 42 -43 43 72 64 44 -92 18 -47 -79 -34 97 5 -33 50 -43 -43 -26 34 23 -100 -3 -43 -65 -89 36 78 27 16 4 -28 20 56 71 92 91 23 -72
87 27 90 95 -83 89 -13 -28 22 -68 -99 31 -13 32 -46 -33 -12 28 -31 35 0 -38 35 -39 2 -2 -50 -52 -14 79 27 13 100 -24 -81 -58 49 12 16 68 4 -57 100 18 91 90 -38 -9 -1 88 93 26 -94 70 10 45 72 -4 -68 -19 -40 80 -82 68 -2 42 -40 -33 37 -42 -22 49 49 -53 -96 75 -88 17 -17 92 80 95 7 3 -73 -44 -53 -7 21 -37 65 90 -100 -5 -30 39 16 3 -30 66 -79
89 85 9 72 62 90 22 72 -46 5 72 20 -72 -7 98 60 13 -93 -7 -83 24 -18 84 -98 52 0 75 21 62 53 -25 -23 72 45 -40 26 25 -13 62 -7 17 26 -67 70 -2 62 64 -48 87 47 -100 -79 -48 -47 90 90 -2 -50 -44 56 -64 -11 -13 74 73 -40 6 5 -47 -12 -39 -51 43 28 40 16 -87 -60 95 72 31 -34 -57 -35 -37 -8 -60 -62 40 88 -84 88 -87 -81 -76 16 -51 63 -72 -24 48
