22.138882
14.081305
2.664569
-1.055999
6.200822
-8.035412
-15.517379
-3.247758
-6.610680
5.478820
-31.884963
21.502813
8.903695
30.898603
-35.073417
-13.964184
-3.740761
-6.473978
12.254926
9.769945
25.776733
4.567746
2.106885
-5.768275
-12.264260
5.604450
-3.022255
-3.488677
-4.898982
5.868279
-10.447514
-0.055010
-9.259768
25.464155
-12.700495
-11.582108
7.956413
8.644471
18.035442
2.893350
-9.066294
12.348784
-29.717341
11.248844
-1.032204
1.699418
-14.753854
-0.936349
28.875535
-16.416721
-38.069874
3.693639
3.351348
-3.357884
-0.957592
8.402314
5.010441
-26.475320
7.356109
-9.969955
-5.451253
-9.376395
3.071276
1.016655
4.669207
16.620856
-0.862182
-7.058095
-7.352640
-23.644653
17.709529
-23.243506
5.070407
20.163882
-13.475469
27.225136
27.105503
9.438674
-10.678860
-7.992092
3.593625
-20.364255
3.325242
-12.532458
-10.499989
-2.772406
19.551451
-0.247241
4.355530
-4.017954
7.358872
10.737476
-38.833277
-6.841952
9.237303
-4.244204
-5.870342
37.986570
14.338820
-14.445540
