-0.372590
-9.328169
4.177262
-0.709643
7.833579
1.764514
6.002781
3.803746
3.247643
-1.844026
-0.457808
4.585136
-6.572478
2.264634
5.343693
-3.413392
-4.544163
1.051280
-2.178845
-4.139594
-4.974828
0.763637
-0.324138
4.194116
-0.809659
9.562623
-4.393512
3.872245
-2.911170
2.500684
2.401175
-2.289723
-8.049518
-3.643956
-2.138983
0.413073
2.594452
2.429351
-0.514583
-2.069562
5.302932
-2.142988
8.109678
8.119227
4.430046
1.122542
4.541740
-0.247408
2.661927
-2.349129
0.781980
0.547346
5.139432
7.826793
-1.538621
-1.203851
1.529466
-4.274892
0.118565
4.556848
1.103762
0.838041
3.625188
-1.694521
11.061507
9.547571
-7.525442
-1.563227
1.556098
-6.768048
4.181317
-6.022582
0.021499
-0.651611
-9.182771
-12.324682
1.634503
-6.197937
-2.590116
-4.956884
-4.202660
0.456899
-0.529157
-2.370363
-2.553138
-8.612538
7.547575
-5.702822
4.128873
0.587264
0.188670
2.422547
-1.741150
4.252935
0.190810
6.479850
10.254927
-1.440054
-3.316362
-1.907954
