-0.313808
-0.428809
0.192099
-0.010773
0.197223
0.488232
0.334658
0.318512
1.365435
-0.593967
-0.114635
0.071824
0.787978
-0.423825
0.159001
-1.463698
0.588409
0.178204
-0.002989
0.330826
-0.271998
-0.301989
0.154285
-0.622137
-0.743452
-0.882514
0.715293
0.512772
-1.075630
0.302945
-0.194508
0.946010
-0.735301
-0.326823
-0.901082
0.423313
-0.168184
-0.290963
0.275290
-0.227983
-1.145306
0.298238
0.017620
0.516455
-0.860589
-1.102301
0.365446
-1.655425
0.138715
0.288729
0.048217
0.740224
-0.538907
0.421902
-0.926769
0.330633
-0.159037
-0.125352
-0.784220
-0.897771
-0.199551
0.042205
-0.241163
-0.372260
-0.331273
0.274279
0.002549
1.217438
0.292382
-0.375591
-0.654932
0.020784
-0.459118
-0.276836
0.025343
0.078183
0.521173
-0.676770
0.293470
-0.891190
-0.283916
-0.573559
0.927818
0.447038
-0.126401
-0.549272
-0.483422
-0.070573
0.638629
0.256913
0.033565
-0.364311
-0.363110
0.499461
-0.321833
0.874171
-0.223690
0.382395
-0.832500
-0.436781
