-6 26 -53 40 -14 63 82 85 -60 -38 7 77 99 -77 68 -80 -69 -1 4 10 -22 6 38 -5 -8 -15 73 -88 -37 -90 -56 -3 -77 -10 -94 36 -42 5 -71 -90 -92 -37 20 54 -70 -11 -55 40 -36 -60 -47 35 -15 72 -10 -59 57 -62 -98 -49 -85 -28 96 10 67 16 2 -84 -76 50 -93 21 84 19 -77 -92 -76 71 35 55 22 -21 -31 100 -48 62 -84 -9 -66 43 79 5 -79 82 -97 -10 -49 -32 -20 -34 98
-69 -36 -65 88 -51 -41 100 86 -68 -41 59 8 62 -47 72 75 86 1 63 -94 37 7 14 -56 68 -46 -60 64 -9 -54 -42 -66 81 41 24 -20 -20 85 -39 -21 -14 -74 -48 -25 28 -26 -37 65 25 75 4 -22 70 89 17 89 -73 15 73 52 85 -78 -72 -50 50 -19 -55 76 62 -14 -11 88 -72 61 -5 72 -84 -59 61 -1 -31 -29 98 50 -41 74 22 -86 18 17 91 -85 66 22 -15 57 37 5 -91 64 -16
83 -43 -4 96 -80 -84 10 -35 -95 41 -88 -63 23 -44 -88 -41 -64 25 -13 24 45 -33 44 79 -73 36 -65 31 -92 63 -28 38 -34 -8 -15 -41 100 -3 -98 -55 -81 97 -22 54 -26 -3 -95 79 97 33 -96 26 37 -82 -45 77 69 -5 -89 -67 -73 -18 58 88 -64 57 76 -10 80 9 -62 92 -84 74 -43 94 37 75 1 0 88 -90 -79 39 53 96 30 -100 -30 85 -52 88 65 55 11 37 97 79 81 -19 -89
27 -92 0 45 -93 7 -84 60 -84 72 -95 -52 -58 -79 -41 100 71 64 72 65 37 -16 36 65 -16 42 -69 -27 -71 56 68 81 3 -61 -34 -28 -19 81 93 -67 32 -67 -46 -62 78 72 -49 23 -36 -39 -98 25 -69 -46 -68 -15 -3 -54 74 13 98 -3 4 81 -83 -38 -98 72 -14 62 37 -49 -55 68 59 65 54 95 6 84 5 98 26 53 -82 6 58 41 81 13 71 -25 -37 52 -37 -1 62 2 49 -68 57
89 -99 41 -19 -56 39 -57 98 -62 22 85 -97 90 7 70 18 97 59 -13 -47 30 74 70 81 -39 -58 -51 -23 84 -53 20 -92 17 46 21 23 -18 60 -67 4 56 -53 -65 -73 -23 75 92 -81 -18 -92 52 75 26 26 86 -66 81 1 -59 -58 50 36 -33 46 -89 -50 -89 15 -81 26 73 95 -29 -53 57 94 -61 83 44 3 -27 -35 20 -89 39 98 -40 86 -79 -92 -87 100 -17 22 -12 53 20 24 -47 -51 -69
-3 -6 -92 98 -71 5 -83 81 15 -67 12 -60 -74 9 13 83 89 76 -49 21 -26 12 -93 -79 -86 10 33 84 5 28 81 20 36 99 100 46 29 -55 -35 -90 29 14 -38 -99 -93 68 59 94 39 -17 -38 -67 78 78 -44 -71 100 -42 43 29 81 -12 -72 -67 -37 73 -45 -38 69 -60 -94 97 27 -75 -82 28 -19 -76 -38 -33 23 -47 -1 76 37 20 -11 -4 -59 -33 2 90 100 -87 20 47 -92 10 -41 -32 -43
-50 83 6 66 15 -34 -48 -4 26 9 -20 2 92 43 63 -5 -83 88 -39 -66 46 77 -55 -49 -42 -37 -41 76 -70 29 12 23 -22 14 68 -79 58 -65 10 -11 -73 -82 56 -58 -71 17 15 78 71 36 60 1 77 68 -18 79 -2 7 22 -76 -14 27 -67 -2 -97 -35 -6 6 -56 55 -31 41 -20 18 -75 94 9 -9 59 -93 -21 56 -5 77 3 -25 68 82 -51 68 57 37 12 18 26 -72 -39 64 -76 -1 94
-47 100 15 -6 -25 -24 -45 43 -70 -8 9 40 62 -51 -76 64 52 -24 93 -81 -32 97 43 -76 -27 -66 -68 7 40 25 -48 -56 -33 67 76 9 53 4 29 47 -9 -87 -11 18 -26 1 -16 98 24 3 -66 -64 -94 1 96 -97 22 -26 75 86 18 -52 -1 -60 -71 -5 -68 28 47 -66 -12 -82 -42 67 -21 27 82 60 85 83 78 -46 38 -66 15 -50 100 27 -88 -81 -21 89 60 -18 -74 90 -34 0 -84 29 22
57 -49 6 26 -24 22 -4 -70 94 53 -11 0 85 70 -22 -90 -73 71 -98 -2 34 49 74 15 1 -83 -48 62 53 -3 -37 -42 94 -47 -70 25 46 -18 -10 -92 -43 16 87 33 32 -6 80 51 66 14 -29 -12 -86 10 -58 -67 -46 9 -7 43 67 72 -31 46 -68 87 -36 18 -83 -86 4 -98 -90 -41 -76 -98 23 -28 -36 -22 -7 33 16 93 -97 -2 30 -74 92 -18 18 -97 -25 -73 -21 -55 -31 55 18 53 40
41 76 -36 58 -69 -9 -100 42 -2 -66 -85 -8 -60 -97 -33 -31 81 48 -15 35 31 2 21 -61 73 -10 -64 -27 -61 87 99 -40 57 51 0 -90 -61 -47 97 6 -56 -55 -87 -2 -95 29 -58 48 -68 92 44 15 -49 -13 62 77 -52 -24 3 8 62 -94 17 1 -84 -83 -74 -57 10 57 86 63 -73 32 -67 -49 -92 -91 97 -54 -93 -67 -62 81 53 98 -74 41 -6 22 -23 48 -82 28 -15 37 35 -16 -55 84 15
-90 30 -57 92 -36 -50 12 1 -33 -40 6 78 -20 36 65 -19 40 -58 -8 46 -98 -61 -59 20 -44 58 -53 24 33 -28 4 2 85 30 89 65 89 96 5 -97 -27 72 -67 49 -2 67 -38 37 -47 -20 9 -53 -5 97 14 79 -37 81 -6 49 85 -12 61 51 82 77 -71 -8 31 17 -72 -46 6 -64 4 33 -59 95 -53 57 -42 -100 14 -16 -75 1 -95 37 -77 32 -72 50 -94 -97 36 -99 23 -69 36 41 -46
-29 -78 59 -36 84 57 24 71 67 -89 99 82 57 47 84 27 73 -89 80 -43 69 -28 9 43 -29 88 65 87 -88 69 -35 -24 -87 -79 35 83 27 -93 -5 83 -4 8 -32 72 -69 93 -76 -42 -31 -42 -56 -20 61 -94 65 -12 -4 23 61 58 -90 -30 30 -71 -86 95 59 -22 92 -44 -16 66 33 -67 3 42 -90 63 37 -16 67 58 -38 10 9 -92 22 64 26 90 3 59 11 45 84 -38 -41 62 34 -17 -84
-29 79 -82 -66 70 81 63 1 -91 -93 -29 59 -40 -3 55 -55 -5 -59 57 42 58 -63 24 73 -29 -88 -6 -12 -17 -69 89 3 -22 -1 -100 -18 -47 16 81 -93 76 57 -67 66 55 -46 -53 -62 -82 -72 -84 -10 17 -27 -23 31 67 -43 -27 -7 31 -66 2 -12 -44 50 -66 -80 9 41 -9 4 58 -6 -37 34 20 -4 94 -17 63 18 16 12 43 -5 -83 -35 -66 -97 -66 -95 66 -93 -44 -40 -46 35 64 -95 -36
-29 -78 -65 16 32 76 -89 75 -64 14 -27 -38 -83 31 9 -32 92 -11 79 99 2 21 58 -58 30 37 26 -61 3 68 -78 -9 -29 -75 29 -76 -7 4 -32 78 23 -15 2 -83 -85 -3 87 76 -32 51 88 -54 -33 -44 61 21 -31 -21 -91 -88 -52 82 -79 -7 26 86 -50 51 52 26 67 39 10 -65 15 94 -92 1 51 -74 79 2 24 55 78 -24 36 98 12 -84 14 -21 20 -29 -31 -27 -10 -51 98 -57 -19
92 13 -9 -61 -22 -42 -88 -17 61 -81 -4 95 5 85 52 20 82 -82 -2 -72 -27 -28 45 76 -20 -30 -14 -59 -28 34 -4 46 57 56 -47 -6 95 43 67 -71 34 12 79 -96 -87 64 -61 15 84 -7 2 70 -89 6 -5 -6 67 -51 -12 -23 84 7 100 52 32 -43 -1 -98 -26 -79 48 66 5 18 6 99 58 -14 59 -87 -28 -42 56 18 -33 32 -82 -32 -83 -41 -88 -62 16 31 -100 -40 23 29 97 16 34
-80 -56 59 -48 -39 65 -1 4 -99 84 63 -59 15 47 31 45 -3 -10 -53 20 -91 -67 35 67 34 49 88 12 64 -34 47 83 62 9 -99 50 -80 -6 -82 23 66 -1 -52 -65 95 -37 25 -87 -49 24 -1 89 -42 -25 24 -20 -49 -24 -76 5 -82 60 96 -52 -58 -83 73 49 49 3 57 -55 22 60 69 -57 -27 -72 98 -60 -51 47 -35 -40 -8 -35 -37 -57 74 -62 18 -66 33 -30 75 -46 62 64 -36 83 95
-37 66 -8 33 -50 -5 54 -54 68 -52 -88 86 -87 -77 -57 -96 31 27 -63 -70 -64 51 -21 -80 56 57 75 -47 38 96 -82 -58 99 -91 -27 88 -20 -71 83 71 36 4 18 78 -57 55 -75 -41 -92 -20 -93 -22 -4 44 -91 -51 21 -63 9 -7 81 27 29 65 -39 -31 97 79 42 76 -1 56 -28 48 -39 15 25 54 -49 52 10 -64 45 -99 -93 -57 -38 -3 4 28 -69 -63 -90 1 -70 100 -53 65 84 -20 -65
-27 86 -28 99 1 69 -58 77 33 -83 -60 21 -4 57 -77 -74 -50 38 -18 65 64 -8 -61 -51 -39 -34 77 76 -70 29 -75 24 -64 67 82 29 63 -30 -7 -37 -59 -18 -84 9 48 -85 77 -62 91 -73 -29 -9 -35 35 -55 51 -2 -13 -7 89 32 18 75 -14 -81 55 20 68 15 63 -15 -28 -70 -58 -14 -19 -34 -37 -23 -46 71 14 69 94 -49 20 35 -53 -43 -20 12 -51 -48 38 97 -80 5 89 -14 -74 -77
-24 69 98 58 -15 -41 -6 28 -41 -87 -74 -35 -67 -12 49 -96 -91 -45 22 -50 2 89 -17 -92 65 22 3 -20 -60 -11 -47 17 56 -65 -11 87 -4 -52 -74 -77 -93 -36 58 -53 25 -20 6 -93 88 -98 81 82 11 60 3 -53 91 13 24 51 74 22 -29 -88 -73 -35 -85 46 -92 -51 53 -76 -73 32 24 19 73 91 4 27 7 58 90 -73 -29 67 33 42 9 -51 -31 81 5 -21 25 76 -94 72 82 -94 -4
62 -22 90 11 98 4 -63 53 14 -49 -83 -46 30 77 26 10 -96 90 73 -39 9 -60 94 62 -5 13 10 61 92 -31 22 1 51 30 -58 92 -86 -63 -91 -89 -34 32 81 20 -61 -81 -5 -24 64 85 79 -88 -34 62 -98 42 57 -54 70 -65 -60 78 73 47 36 -73 16 -96 64 -48 99 75 11 66 -68 84 12 -7 -11 63 -49 66 64 -11 -63 46 -31 44 48 51 -55 -53 -73 91 -3 -83 82 68 23 79 -54
5 -50 -70 -38 1 23 72 34 32 -63 -87 40 -81 38 -54 -67 97 80 93 -34 69 78 0 12 -92 -92 16 -1 82 -62 -22 46 83 -3 83 -20 -57 72 -91 70 -45 -2 -86 -14 40 -100 -87 0 44 10 88 32 68 90 -56 29 43 64 -68 -90 31 17 -42 -46 -17 9 -40 -79 38 51 25 89 73 61 -11 -99 -81 49 31 -76 89 55 90 -86 13 46 -94 -53 59 -87 -66 -58 -73 58 97 -72 -43 -69 -91 91 81
-70 -83 74 4 -58 15 -27 53 -48 85 78 -92 -64 -21 -23 73 29 55 -93 -94 -33 88 -28 82 46 49 86 -96 -32 87 -95 -54 73 -61 -4 11 -49 55 -81 -81 20 71 -5 -98 89 -65 -34 -54 -91 28 -96 58 -22 -99 65 60 -38 -2 -71 -34 40 71 84 -88 70 43 -51 28 -93 12 -62 73 -43 -63 -96 81 -81 -94 97 -12 -66 9 -24 -28 -26 82 73 -72 34 23 -5 -57 70 46 -99 -65 69 -45 -28 93 66
-79 94 52 16 -96 -90 32 39 -85 96 90 -98 -26 70 64 -27 72 -62 -4 -86 32 -53 76 -26 60 38 83 -10 -18 -52 66 -85 12 96 -77 -13 52 -15 -4 -58 47 63 68 -13 -43 -24 24 8 -58 -34 80 37 80 56 44 -62 -17 -74 25 -49 21 64 24 -49 -88 -37 62 46 71 48 61 -43 -24 -86 1 4 -70 65 -89 23 18 25 71 50 18 -29 64 0 -96 -32 -78 -18 -95 69 -48 -82 62 22 23 44 33
69 -15 21 -6 90 -7 58 -76 -83 -94 -83 -75 22 21 13 -100 43 -66 -35 80 12 38 18 48 14 46 48 42 57 -24 80 -91 10 -28 40 -31 -42 32 -41 28 -89 69 -99 1 56 -38 88 -59 -86 99 -45 -67 -94 -34 -53 27 17 35 83 42 -83 29 -13 -96 43 -29 26 8 78 -68 22 61 67 10 5 26 96 7 -66 -66 -11 -10 -51 42 0 44 10 -16 -14 31 49 -75 -32 42 45 87 48 94 23 19 -64
67 3 33 83 -85 -24 -94 -3 50 21 82 100 -6 -28 82 61 -90 -57 -1 -41 -35 -61 -36 -37 85 93 40 -1 18 -29 37 -79 -66 -75 57 -44 14 -2 -34 -15 51 -60 -91 -57 -79 79 -8 -74 15 64 6 100 -75 74 -11 -87 -74 73 53 -37 -53 -8 -56 -90 12 50 54 -50 -25 -39 96 0 -24 68 -72 49 -20 86 -30 -67 -69 1 -42 -48 24 -70 -99 11 97 54 44 -35 93 -90 40 -42 17 -35 -97 90 54
-20 -30 -26 67 65 12 -28 76 -39 24 -46 61 -34 -97 -32 -80 -34 68 -35 -89 -84 -99 88 -41 3 -92 80 -23 40 11 35 -42 34 -17 -54 -21 -11 44 55 -54 -2 -16 -45 29 -61 -60 3 57 51 -95 -21 80 -97 -60 32 54 84 -67 -41 56 -85 -61 -4 -66 3 23 12 53 -21 -97 -96 26 56 26 74 90 20 -66 94 -34 43 29 4 12 91 74 26 -24 -93 98 -81 81 78 88 21 100 42 -26 70 32 34
81 53 -96 -68 -85 40 42 73 -14 5 -95 -98 48 12 -59 -30 3 90 -6 83 -19 -82 32 75 -24 -94 -55 -42 40 65 -6 25 -37 50 51 -55 94 100 35 66 37 89 96 95 7 60 -77 14 27 50 -83 40 -12 -27 2 47 40 69 -23 59 0 31 -42 -71 -1 -7 -22 -93 35 -13 57 -73 43 -48 59 -76 87 20 100 -75 43 96 98 70 -1 -41 -24 20 7 -26 21 89 2 -54 -20 -2 -95 66 97 -15 -88
52 -89 78 70 87 -92 -23 11 -65 4 -13 -13 -13 -56 -92 64 -12 29 -6 -55 6 -72 17 -38 25 -75 37 -37 -63 -23 -97 87 4 9 -51 94 -19 34 68 -4 98 -63 45 94 -31 -9 -17 -77 11 -1 -5 89 -95 64 64 -23 63 97 54 -37 42 26 -94 -7 33 93 18 31 37 61 -9 30 19 32 52 75 81 64 54 18 -43 77 77 -63 -55 -86 -83 -57 -12 -13 -10 -21 -72 -31 -95 14 45 -74 69 88 99
-98 39 -71 75 -100 8 -26 59 -73 -14 13 7 -68 -51 60 49 -36 -2 -20 30 -34 -48 54 5 28 62 -23 81 1 55 -97 50 44 56 -24 -87 46 -35 8 -20 74 -57 39 31 -78 81 8 10 41 31 94 36 18 68 13 17 27 74 33 -21 -33 32 3 -77 32 -74 83 -71 -21 75 2 -10 -6 -3 -9 -14 49 21 0 -77 28 -65 -36 -72 -65 -19 -17 -27 -77 79 17 -49 -23 -75 25 19 2 -84 -56 46 -32
-41 -20 -64 23 -35 -44 8 -49 69 4 -9 17 -71 -66 35 60 59 -52 -27 -92 72 31 -77 -98 -25 44 -92 54 -16 75 -22 94 54 34 -30 26 -75 99 53 68 36 95 11 68 97 12 -4 -58 34 13 2 -20 43 -65 -78 -79 66 95 5 81 4 31 -42 31 -6 -3 -78 -21 15 -12 3 56 97 -96 -40 -86 -47 -70 28 -34 -72 -76 -3 -34 70 31 -76 -20 39 82 6 -57 -100 -75 85 29 -12 -15 -77 -66 -23
46 -81 58 35 -85 -93 -99 66 -51 -19 69 -100 8 12 18 90 35 69 85 -97 -2 -69 40 -73 -35 47 -39 -8 -80 20 -89 95 -22 29 12 -93 -39 56 72 -19 -17 67 11 -43 27 67 -50 -73 89 75 45 23 89 27 0 -42 -92 -66 -88 6 -31 24 94 -87 -91 -11 55 -7 -7 40 -61 -27 29 -10 -77 -43 -14 17 -1 63 67 -39 -2 37 -53 -12 94 -9 89 17 42 -17 -4 38 -35 -59 60 -39 -63 23 -80
88 -96 -91 98 14 77 -34 6 4 95 -33 -84 -88 69 40 56 -27 -94 12 26 -57 75 67 -8 11 -32 75 -66 34 100 -58 -66 71 46 -24 16 -100 -75 -83 2 56 82 73 -65 -8 44 -2 27 21 -65 -28 -86 -66 -63 -80 -68 -74 -6 -99 74 -18 90 37 24 -8 6 -35 -97 -81 -6 -9 -9 32 53 37 -91 -86 -99 -38 97 -88 23 68 59 35 -15 100 -45 -14 64 -71 86 -10 26 -29 22 -59 94 84 37 -60
-51 -1 -88 51 51 64 -68 -35 -80 82 74 -68 82 70 -82 50 10 58 92 32 60 42 54 88 -85 -30 59 -49 30 -33 -27 11 -28 -54 38 -91 -51 -37 83 -13 -12 77 57 -60 4 -20 99 6 74 71 -60 -51 -27 85 11 -67 45 94 -87 73 78 -4 -33 69 40 97 -43 -74 33 -37 -53 -90 -59 40 90 -76 -41 97 -21 -98 -77 93 55 38 -30 -33 -94 61 100 3 19 78 -12 -75 -64 27 47 -30 71 -80 -74
-94 48 32 59 33 -57 97 -47 45 -12 -22 70 67 52 -8 31 82 72 61 -85 18 -37 -47 -82 -17 8 33 74 90 95 33 72 -8 84 87 83 -51 -61 75 85 98 82 -33 5 55 -66 88 92 97 -86 -24 64 -64 -99 -32 1 -71 96 87 25 -6 -16 -59 28 32 48 15 99 -55 -19 -1 54 66 -90 -99 -39 -20 42 97 81 -91 74 -91 -3 -8 21 -75 92 44 33 96 21 13 -61 34 100 28 -32 52 66 61
57 71 97 -27 -84 -5 64 36 -92 20 65 96 49 -35 -57 86 -47 -29 93 94 -68 28 -67 92 -96 -40 -25 16 60 -75 72 76 42 53 90 -61 -12 -67 34 -19 -61 -74 4 -93 76 -51 16 86 -72 -28 51 44 -88 -21 -69 64 -24 12 91 76 -76 88 -75 60 -95 98 -21 -35 67 72 -81 88 -39 35 1 -85 -13 91 -68 -84 95 -81 -99 -29 45 -97 3 -1 -17 37 73 -29 -25 72 35 -96 -28 -75 97 0 -61
25 89 79 8 20 58 82 79 97 -54 36 -41 64 -64 -60 -72 -5 19 -43 20 -26 57 0 -57 -95 77 -93 -92 66 31 57 -71 -34 91 75 -33 -25 -28 -97 -19 -14 71 -55 46 58 52 -71 -23 -92 27 -32 23 -96 12 -76 22 -97 66 44 97 57 -59 -18 25 -92 37 96 28 97 -45 98 -3 -34 -96 48 -6 -68 -57 -37 67 98 -8 33 9 27 25 -71 59 40 93 74 3 60 87 44 2 99 -41 39 -26 -49
-10 -17 -65 16 -35 98 -95 78 -31 44 -38 58 -6 -30 -5 -65 -29 65 -25 -9 45 -46 -83 -23 -4 -40 50 3 -68 3 71 -1 -58 -37 19 -28 -12 -9 -34 85 85 -79 -45 -89 -31 50 95 -24 26 -40 -15 0 11 84 -3 -21 48 57 -94 -24 40 79 77 29 22 70 85 -9 3 81 -54 -61 81 0 80 39 -55 -14 -8 -72 -47 28 -77 45 -20 54 -98 -55 -19 70 -46 63 -38 -51 56 53 47 -82 11 -30 -52
-57 -32 33 74 22 45 9 -5 76 -38 -92 -20 -96 -23 4 69 12 72 0 23 -4 78 99 -100 92 20 -58 -28 27 51 16 1 38 17 24 -84 8 -24 47 -74 47 21 -18 42 -3 36 -9 -45 23 -20 22 83 46 -100 -4 -15 6 72 17 -91 -49 16 57 -12 2 73 -75 -1 48 63 21 38 20 24 -76 49 79 -76 -71 -56 64 20 -62 90 -73 -15 48 72 -52 82 10 -12 -11 30 -36 -46 -55 84 -95 -98 9
-92 3 -62 42 27 62 -73 -96 -70 -68 -20 -58 -49 76 74 -19 -21 34 51 24 28 -1 42 -69 64 79 91 47 -21 -26 54 -10 50 25 -52 -59 -51 66 70 -8 -12 -74 57 -24 -46 -39 37 33 -62 -63 23 29 -16 61 -7 -20 -81 -85 -62 59 -72 71 -33 -33 78 84 -44 63 -76 -1 1 -6 58 -96 -30 47 -49 -85 -100 -32 -56 -93 94 13 35 70 -78 -10 -74 -97 -16 92 48 -66 -20 27 68 15 -56 94 -100
-17 -91 -49 -61 9 14 -79 3 87 -74 98 -26 -13 39 67 -59 -14 40 14 5 12 37 -76 -32 -83 -46 -97 -54 79 91 -90 -41 21 -92 23 38 16 -58 40 29 10 -55 81 18 -30 65 61 -35 -1 -98 57 -94 39 -67 29 23 26 73 22 67 -26 11 25 20 -12 -48 -46 47 -24 84 -98 -54 90 24 -26 62 -17 82 -46 16 71 63 12 83 -85 44 -22 39 69 78 -96 83 21 31 40 49 -63 -74 31 76 -100
-95 -29 6 82 88 -16 -5 -74 64 -25 39 -42 -83 -6 -77 1 -42 -51 74 -40 -40 83 27 -60 -88 66 -78 -5 56 -36 -97 68 -16 90 84 -37 31 -98 87 73 87 80 -70 98 -20 49 -41 -30 23 -83 -7 -95 -45 -16 9 -93 -20 -50 -45 -11 83 -65 54 60 56 -67 -100 -37 48 -23 17 78 -84 29 50 -3 53 25 11 -22 -69 97 98 -94 9 -17 -41 -43 95 75 33 82 -7 -50 -19 72 57 33 32 74 -23
16 38 38 6 -27 46 76 -54 -25 -19 46 -30 -24 -14 -49 -11 83 -59 -92 -79 -57 86 -66 -23 -2 83 -58 85 71 52 44 -1 -30 -81 90 36 -20 51 -65 83 -12 -70 -69 60 68 8 -46 -43 -91 48 9 95 39 98 89 90 -73 -55 62 29 79 56 21 29 43 -36 -60 -79 7 69 37 79 99 -25 -27 96 -75 13 -17 9 9 -27 -78 -13 -36 -46 13 -34 -44 -5 27 48 80 -13 -42 -37 -14 -40 93 -45 -29
-30 -89 80 0 89 51 19 84 4 -3 -34 40 -56 57 -50 -48 49 -69 51 -52 38 32 60 39 53 -2 -38 -27 68 -8 78 1 -87 92 26 48 80 -23 -90 -10 16 -2 -34 -97 81 -20 3 71 9 15 89 44 -65 -91 -76 -23 36 -16 -3 20 3 -59 -39 -86 64 72 -5 17 46 -50 71 -12 -22 71 59 27 -45 -64 10 15 21 84 -57 20 21 3 -7 -93 -63 -45 0 -28 71 89 -2 79 46 11 32 -57 32
1 40 94 -23 -85 7 88 -77 6 -89 -85 86 84 79 17 35 2 -3 28 -88 76 92 30 -3 -62 -99 -70 23 10 70 10 -3 -51 -78 -71 -69 3 -46 -98 41 -57 -67 -63 -93 -18 99 28 -90 -7 99 -61 64 75 66 -81 64 94 87 36 2 86 -71 -70 41 -20 94 4 61 56 100 84 55 3 68 -93 -42 -42 26 87 -70 59 73 -37 49 76 -69 60 -18 48 -66 -94 -71 -73 -51 8 -12 54 -1 61 19 100
-36 31 38 86 -39 52 -61 55 -67 -2 54 22 18 -32 61 -63 23 56 1 68 -80 45 -17 -6 59 -44 78 20 -97 -45 -43 3 -27 0 15 -10 -69 45 12 93 -15 18 -23 -27 61 -2 73 -97 43 43 -100 -95 -58 54 -87 -19 -35 24 -59 70 21 -8 -97 1 -77 -12 -85 67 -94 -26 -55 64 12 -15 -38 -75 18 27 -85 28 3 -57 -72 57 94 100 -6 41 -63 82 -45 89 -92 67 -68 -47 -10 -97 97 32 32
3 82 -83 50 -5 12 -50 69 -58 87 35 -73 -34 5 81 -26 -75 6 -53 -89 47 -71 88 -92 -98 84 2 11 56 25 44 42 -55 92 -41 25 96 56 74 -63 2 -11 37 -100 1 79 71 -33 -64 46 -93 80 55 70 -26 99 19 26 -81 -36 -25 99 -87 -79 -44 -13 88 -94 2 25 19 -76 -21 -74 -3 80 65 -49 -88 52 -19 46 59 -42 -91 -23 -100 52 14 -70 -11 80 82 -22 62 76 74 -57 -62 -94 -37
-85 58 34 -4 -41 56 -82 39 -88 86 -58 -11 99 -83 -88 -6 17 -26 82 83 81 57 38 -31 -37 -90 60 72 6 63 -49 -96 -22 1 -38 -82 81 1 88 -16 10 -52 -34 -98 -86 10 -8 -15 -32 2 -96 -66 91 -43 57 -44 -68 52 9 89 -25 -22 79 60 -17 18 -25 -12 -3 -77 -74 -63 -33 -22 20 -94 -2 80 75 2 17 -100 -48 30 90 65 -75 75 86 -20 7 51 -17 -87 -73 51 53 -32 -49 -62 21
24 44 -64 23 -76 93 -16 -57 80 35 55 78 -89 -30 -52 -22 14 -10 31 16 -78 10 -86 94 -42 45 -79 65 -37 -89 38 58 -100 -7 -52 65 -44 -12 18 52 -34 -78 -81 -30 -32 50 -39 5 -50 64 62 48 61 83 3 80 -65 -55 57 -95 2 -31 -95 -5 -88 -34 -22 15 78 9 -39 -29 11 -69 -67 23 85 35 85 -78 -21 55 35 44 -24 94 -57 52 39 68 -43 78 -76 -6 30 63 74 -44 -4 78 6
-49 -77 85 -16 -98 -21 3 20 -35 -49 43 -87 87 -23 -68 -30 73 -74 -17 78 -47 81 23 36 77 -88 -23 -39 -23 -52 14 54 70 31 53 94 -89 -63 78 12 -46 83 44 -39 -9 77 31 -83 -100 29 -30 -51 -87 53 -65 65 -33 -3 -22 -9 71 -96 -12 13 -14 45 -48 9 74 -1 -72 75 78 -32 23 24 25 -2 87 -8 2 -1 -58 -24 -25 -4 16 -77 25 -35 -36 -29 -29 86 29 50 -44 69 -28 -1 -50
90 46 20 -15 53 31 -37 85 79 -39 40 56 -44 18 89 -88 -100 -15 -40 16 -27 -27 66 -55 57 16 15 -74 -8 70 -33 38 -94 11 -82 11 -43 -63 97 -46 65 -19 -76 48 7 22 90 -45 84 -67 71 -28 -73 -76 -31 -82 98 6 -2 16 -62 -95 -17 -78 50 88 -90 23 -63 -69 -63 63 -91 -8 -95 18 28 -95 8 -50 29 14 -71 55 26 92 48 54 26 56 -1 -54 69 12 87 64 -1 -47 59 -57 5
0 -77 -12 -25 -35 -35 -19 69 60 -51 56 -44 16 75 88 61 81 -5 8 66 0 -86 22 -41 -14 -94 33 -42 -43 7 -85 -19 68 -14 -27 -85 22 21 -82 31 43 63 71 -38 -60 -40 -97 -57 -24 -22 -40 35 -2 54 79 -73 43 48 -50 -63 -75 -39 -82 1 -71 88 40 -50 -42 -69 -78 -77 11 78 -67 25 -5 -13 -98 26 17 69 27 80 63 -66 -40 12 -94 -87 -93 77 -76 65 -31 55 24 59 -45 -93 68
-28 -30 71 77 52 52 21 -85 59 -53 -79 -44 77 -80 89 -46 65 -24 -44 62 -98 -96 -65 41 85 43 53 -77 29 54 -62 90 -89 16 -31 17 46 80 16 -30 55 -14 -44 -61 39 56 38 36 33 -87 81 -87 96 -1 86 30 37 6 -32 -82 -14 34 43 -18 -30 67 -39 63 -66 81 -54 8 69 -6 44 67 -62 -53 49 -80 83 -68 45 45 -53 52 4 -79 63 5 -64 78 -19 84 41 -46 -95 -28 70 99 95
-10 60 62 78 -98 81 90 -85 -6 20 -98 -99 32 -73 9 -34 -33 47 1 -52 -93 58 62 -56 88 28 -10 86 -11 -35 54 -1 30 -3 -82 92 -26 72 77 95 -34 -95 35 -53 98 -19 99 -36 -73 78 15 21 -75 7 -38 53 -16 97 71 41 -85 -59 -46 -97 41 -88 -63 -12 25 33 74 -94 -31 38 48 -4 60 9 -20 -13 -20 44 -58 21 -97 -63 -76 21 50 -45 82 -36 -37 31 80 -65 55 -53 82 43 94
71 -31 87 -4 74 -77 -74 75 -63 -53 53 9 -48 -87 74 -65 3 -7 84 -18 -22 -100 -23 97 72 -87 25 6 84 -43 -18 -29 -61 20 -76 -41 -69 10 78 -79 68 18 -51 15 -51 -11 51 61 66 -95 -8 98 3 22 -62 19 -64 63 -38 -84 24 99 -24 -8 -39 -40 13 -32 94 39 11 57 11 86 33 -8 64 -47 26 79 77 62 99 -29 56 -100 -46 80 99 18 94 50 38 -9 98 34 9 81 -46 74 -75
-60 -4 60 74 -99 -53 -3 74 -59 -16 -32 85 -57 5 24 79 -63 3 30 -94 80 -65 -69 4 -7 -5 50 75 51 -99 48 28 -47 -3 -71 24 -7 -5 -2 75 25 28 -91 35 18 -68 98 43 -19 82 -90 14 61 8 -29 -48 84 -25 -89 -73 44 94 34 -8 -27 20 52 -8 -8 90 -47 -98 36 3 -45 -6 -1 24 -60 -18 -98 -18 -56 73 74 -8 3 4 14 93 71 -94 28 45 -56 10 -65 -99 92 97 -24
-15 -79 48 29 36 -13 -92 -19 -61 12 85 60 44 -64 73 -64 89 3 90 86 48 -79 49 -83 -27 41 -18 -29 -22 -77 -7 -75 -13 87 -13 -51 -48 -94 75 63 76 80 -87 -44 -20 19 92 -53 -56 -19 36 76 29 53 81 41 -99 98 -25 34 -4 -51 17 -91 73 -43 49 54 35 -27 -89 -35 -73 73 29 -11 -88 -11 97 -47 -1 52 -33 0 85 68 17 63 -35 0 30 -15 -77 98 -63 -8 54 -17 28 -78 9
-28 -38 43 -51 30 100 66 43 -68 -57 -12 -16 -23 32 18 24 6 -1 -88 44 57 -6 -9 -27 6 8 -20 -78 21 70 -50 48 12 -21 -89 17 -33 90 73 79 -94 -49 -73 12 57 64 -99 94 59 42 -78 -98 62 -64 95 54 -4 -19 -63 -57 -84 -73 -5 14 91 -17 23 25 -93 -57 -60 -57 -49 98 -75 63 15 -2 7 44 -71 13 -96 21 9 6 -99 -85 76 -51 26 19 95 -19 -59 64 -71 -27 97 -82 68
54 59 -55 42 -65 23 75 -2 33 -24 8 62 -45 61 44 -95 78 -66 -24 -41 33 21 -8 6 -28 -15 -67 84 -60 -47 -63 -79 -9 17 -11 96 -12 -60 -27 38 39 80 59 -75 -89 79 27 70 -21 -61 59 59 96 31 -75 -36 25 10 52 97 -71 87 -96 -1 -29 -47 48 -86 -12 44 -8 85 -19 70 85 -93 -7 44 -19 -43 49 50 -40 96 75 97 -57 2 -99 -49 93 10 -21 -82 -45 -28 -49 28 21 -52 1
80 4 -2 -80 -74 -40 -69 24 22 -45 77 -80 95 -1 -62 -39 -87 88 7 -43 -6 -40 75 9 39 -31 11 28 46 42 10 76 -61 68 -94 -29 -21 -48 66 32 -26 38 -26 42 13 -20 53 -26 89 83 37 53 -8 -54 -93 35 78 -54 -14 -85 19 -73 41 97 45 41 66 88 -52 -93 81 21 77 -48 -29 -89 -11 -20 -36 20 90 -77 6 -27 19 -8 -88 -64 -37 81 24 31 77 -25 -14 82 -65 82 -25 -19 35
-2 -30 -35 53 -93 84 75 -63 -54 -23 -85 27 99 -66 -32 -57 -76 -100 -61 31 3 -31 48 62 -99 -55 -49 80 78 87 28 31 -56 -34 22 -83 -7 -81 30 59 12 -82 15 21 30 80 23 -100 84 80 64 52 -5 -21 -73 -52 -10 -8 -54 -10 40 63 32 33 18 77 -71 75 81 -35 -17 -39 45 -57 -90 -60 13 -21 -16 -42 -74 -54 -95 -81 -31 86 -97 -57 56 -61 100 -9 13 -68 32 69 2 -7 79 -21 -88
-58 -89 -49 -52 -59 -21 -29 -91 -79 26 -43 21 13 -30 14 -37 97 -21 -42 -44 34 -66 -89 79 -85 -61 -54 -4 57 0 -5 94 30 -3 15 -64 -3 -17 -50 -35 16 0 -10 -34 20 86 -40 92 -35 19 46 -2 -3 -50 -50 54 62 11 64 47 -81 30 85 11 29 64 23 52 -25 7 -1 -53 89 -33 -44 -45 75 -51 53 -51 -40 -99 -48 -83 100 57 -94 -86 53 -98 89 2 17 -5 38 87 61 -80 52 92 -11
69 41 -83 -61 -64 -34 7 -39 -69 -77 57 -17 -18 67 80 -61 -41 -36 -61 3 -8 -98 -97 -6 -72 -44 -88 -45 -80 11 -61 -68 -18 91 7 13 78 -89 -91 1 19 82 -80 -42 41 -54 -95 77 17 72 62 17 59 -100 -72 -60 78 72 -29 -72 83 -77 -26 91 -57 -52 -61 52 58 82 -6 -35 -16 -64 34 56 -31 50 -40 43 -30 18 -69 -40 -79 -5 90 -65 69 45 34 -92 -43 -52 70 -80 -41 3 49 -64 69
-31 29 -69 -91 -74 96 49 -59 59 -87 -85 31 -1 68 92 13 -26 60 -12 -52 82 2 -5 60 39 18 -64 -91 79 -65 -75 21 92 68 33 75 -87 -100 -21 37 -80 15 -100 -90 38 -34 -14 38 50 -42 -50 -44 8 -29 -91 -1 21 19 -97 -70 -29 32 49 -87 72 95 -36 2 10 81 0 -87 76 76 62 -60 -54 78 65 32 62 29 -23 -39 85 -64 -21 75 12 -16 -25 50 21 -29 -87 -16 34 -14 61 -9 8
37 68 -21 58 94 -4 -26 -5 -60 -56 -13 -59 -99 -1 -40 -80 14 -41 -35 100 -61 72 70 -61 -7 -71 81 15 -68 50 44 -24 -91 28 -78 -43 42 -90 65 -59 -87 22 19 71 29 96 -31 85 -96 1 -2 5 38 -46 -76 18 57 -46 14 -54 14 52 -34 -30 -7 -55 -86 -36 28 -25 96 -75 -9 -84 -4 39 64 -2 -26 -91 3 -5 53 -68 -39 -10 71 -12 84 -24 77 -93 -7 -59 65 -37 4 31 -79 -88 -58
30 -97 0 98 -56 60 -16 -57 -54 -6 -2 59 10 14 -77 -84 -71 -8 -95 -28 36 -61 19 24 95 -62 97 -78 -3 37 79 6 -41 -34 65 75 82 87 46 -44 -22 -47 44 -85 -58 84 99 44 -66 -98 11 66 95 87 18 -51 92 53 -15 7 77 -31 -30 61 53 75 -74 -32 31 99 -100 -98 -43 -89 -27 -77 22 32 34 77 74 69 -47 21 -5 -44 91 96 -38 20 -59 -13 -94 -69 -63 42 -41 -89 33 -20 56
8 54 -34 -66 95 49 53 -51 63 97 90 -3 14 35 27 -26 2 -77 100 34 -99 -80 22 46 -25 -38 88 -82 -81 69 -65 -68 9 22 -55 -87 -100 71 61 -6 2 98 -37 74 32 -91 -92 10 -58 -59 -41 91 42 59 35 90 -38 -23 58 -2 -72 -34 -86 -87 -56 32 -37 86 76 -73 -41 -25 -95 90 -97 -53 100 86 -21 78 -69 -40 80 -59 -34 -7 -58 -28 2 -90 52 -17 -54 -19 61 -88 -46 90 2 100 -31
46 -13 -97 76 -1 5 -93 -34 -65 28 74 59 -78 -74 -90 99 -15 -19 -13 46 16 -46 67 12 -86 89 -86 -48 85 60 99 -40 -25 76 97 92 -44 28 -98 99 -16 -82 59 22 41 -46 -74 -27 76 -98 96 66 -7 -9 82 52 24 74 -66 76 68 -7 66 29 -20 65 -88 58 -51 -14 10 13 -77 22 5 -84 53 -100 -50 -81 -25 99 -88 -4 54 25 24 -25 49 100 -50 -55 28 38 -11 -1 -35 -83 -70 97 4
54 -15 -82 53 90 33 -90 -8 55 79 96 -83 -6 -14 34 -11 -47 -4 16 3 3 63 -39 -31 -79 11 8 61 -68 -9 -100 -55 -89 -79 28 31 -9 -64 73 69 -35 -54 75 -11 62 -18 -97 41 -64 -55 -55 -37 69 -98 -96 19 -29 85 -97 -3 47 73 -29 -77 24 57 -63 54 -59 37 54 66 -22 39 -14 -85 -40 22 -6 -87 81 58 2 -18 4 -55 -32 -24 59 39 27 77 89 14 -93 47 -88 -14 98 -87 -6
78 -42 32 -8 -58 -99 47 61 95 1 2 -100 54 72 38 5 -18 23 -90 -40 53 -57 79 83 -90 -56 -5 -31 46 21 -62 -69 43 -80 -27 -83 -80 -81 68 53 82 96 -12 16 91 13 -35 -1 59 -100 59 9 -26 84 64 -16 10 -56 -81 48 86 -56 18 69 -15 10 44 -44 -63 13 91 -28 -28 -90 10 -62 3 -32 62 -74 -78 -13 -54 69 64 89 100 -44 -48 28 78 60 -61 -99 -25 91 74 -63 -27 -94 15
-98 -30 -100 -25 15 39 -56 27 16 57 -80 -100 91 94 58 -47 86 49 -47 -3 14 97 -50 -9 -71 -92 -19 74 -93 23 -69 49 -17 -22 66 -69 -30 -2 12 -38 1 -56 -4 -84 -75 -57 7 -87 30 -93 -65 33 74 -96 -54 -56 -43 -44 38 -42 84 92 40 70 14 -70 16 93 100 -30 100 -38 -74 81 -13 90 23 97 -18 10 -77 -56 -16 73 16 -86 -68 16 -85 45 -87 51 -19 39 -1 72 -54 24 -64 -96 95
9 -25 -30 -83 -19 54 -8 36 93 -7 8 -26 -8 -83 -72 71 33 -36 51 -66 -19 -89 -14 18 95 -98 -79 83 15 -11 90 33 -32 89 -22 33 -20 -18 -70 -77 -80 59 -9 57 26 27 39 -31 -82 -93 -75 -14 -98 -33 -27 -41 2 -94 5 3 10 96 60 98 16 84 -34 25 -26 85 -78 -5 -40 52 27 97 -49 41 12 24 -14 -91 -5 54 -8 -30 -72 46 -93 73 -13 2 14 43 19 -51 32 -86 73 -75 53
38 11 51 66 64 -53 -34 -4 -66 64 -91 73 -98 95 -30 -34 84 15 -63 -100 36 -56 -85 -42 -9 -100 -36 -8 63 14 -21 40 38 -79 -74 -30 -20 -6 80 -86 -12 -93 15 49 82 29 -69 -78 -79 36 8 29 65 -27 -60 46 -71 -72 -62 27 -6 -13 36 -2 -79 76 -72 82 -9 -16 -4 47 -20 -85 36 -79 34 13 47 -27 40 -61 9 9 -1 93 4 -57 76 9 52 83 -97 45 -90 -43 -25 -28 -61 9 16
-15 91 4 29 -91 44 -77 56 87 66 14 -15 30 7 -10 -87 -33 -75 -43 -95 -56 -7 37 -87 -77 -99 -94 71 6 89 96 -50 -88 -18 72 46 89 81 12 -80 -67 94 63 12 7 -20 -61 44 23 -79 12 56 -29 -82 55 -83 35 -14 26 -85 -69 2 32 -24 20 -17 12 24 -99 57 30 60 78 4 -6 -59 -23 14 -39 -42 -33 67 16 -26 -79 16 -38 -68 -54 37 -60 82 31 99 -14 15 91 -62 -10 48 -85
-79 28 -78 33 -100 38 -80 -72 45 63 -79 81 -2 -94 -49 1 36 34 20 -2 17 -46 -84 56 -74 58 29 54 -25 -58 -35 77 93 59 -88 21 -34 -30 -9 -16 -44 18 -1 49 -9 -13 100 18 -8 -50 -75 69 -87 -58 -58 85 30 14 29 43 30 -3 7 33 81 -16 -35 6 2 -12 -66 -61 16 -16 0 68 -15 48 -16 23 -53 -36 -3 -79 98 -33 -98 -48 -57 14 -54 -57 60 14 -14 -41 68 -93 13 -1 -43
-69 -96 41 41 100 -92 -62 6 74 76 -16 67 64 25 94 29 28 -66 -97 88 -50 21 79 39 57 77 -66 -44 -96 -48 -5 73 -15 -37 64 -31 69 -44 -61 -43 18 -66 1 37 24 -79 34 35 -86 96 -63 90 -27 99 42 -20 -50 98 -76 81 -29 15 9 45 -14 -81 -39 15 66 -93 -95 -45 34 10 -16 -41 13 -13 -45 -97 -86 -18 -92 70 0 98 70 80 -24 -73 4 13 23 63 -10 97 56 47 -80 -29 81
57 -8 -75 -43 -63 -68 -97 -56 -75 31 9 20 -68 60 86 -2 18 48 52 41 -74 -9 -14 58 -71 -48 15 13 78 -20 76 -27 -32 -54 -67 2 -59 92 -69 84 -51 97 -78 -49 -32 73 -33 -14 98 84 40 50 -57 -91 -99 52 -3 -97 91 44 87 -36 -83 -49 -33 -75 26 -95 -81 -77 55 28 94 -95 -63 -52 31 31 -13 -73 -34 -62 73 31 -25 7 69 -41 -72 33 -17 0 -9 -29 -86 9 -72 91 86 -71 82
-72 94 1 60 52 -11 51 -9 89 -93 87 15 96 -11 28 -35 19 -93 61 48 -22 69 -5 22 7 19 93 -96 57 -87 9 25 -47 20 85 17 -81 76 -43 48 -60 -67 -8 -35 7 -62 -58 77 -55 57 64 16 -66 46 90 -87 -39 35 -78 -14 -84 9 9 -21 9 16 -17 -47 -2 56 60 -7 62 83 42 -81 -54 80 -68 63 -70 -12 56 7 -41 87 -5 56 -34 -52 43 -93 -8 -12 -29 81 -92 45 -9 96 -6
-82 36 89 -96 -73 10 -33 -68 -32 36 -12 17 7 -25 -58 17 -90 67 -19 91 9 -12 98 -36 10 44 -12 95 18 -14 -14 -22 -83 -30 5 -62 29 -65 48 78 -70 95 38 18 -69 46 9 51 -76 16 -56 63 48 -70 47 77 95 -20 25 -41 -37 -41 -6 -38 -83 -99 76 -47 -50 33 82 -50 62 -30 -16 -79 -3 88 45 -10 -99 67 -87 -8 -91 52 90 -55 33 -86 35 78 33 -25 75 -22 9 -84 -59 -31 29
-35 -30 66 52 -22 0 3 33 90 -35 -38 -69 75 79 -65 -61 -28 33 24 -51 -4 -7 -51 -25 -73 20 75 -15 1 -83 -84 20 -12 -37 -96 83 -56 -4 71 91 92 92 -100 -36 84 -70 -86 57 -61 78 89 -79 83 9 -93 81 -35 8 -30 -48 -55 -32 -90 -52 15 -55 -63 -79 73 94 -9 -29 5 -63 50 -35 34 5 -40 76 -100 -68 73 38 71 11 71 8 85 48 87 89 83 -30 -51 -57 -94 -30 29 -67 -54
68 4 -97 -66 15 -90 -45 -3 66 64 57 -32 59 86 59 72 -54 -66 -24 65 78 85 -82 -91 -12 -16 -45 35 -27 39 6 79 -90 -41 89 39 49 60 57 35 2 -44 69 -60 -73 -96 -79 61 70 -91 -63 -9 -6 60 -51 64 91 -30 -41 92 -67 -100 -60 8 -45 -16 22 48 43 93 35 89 85 -21 -92 -75 31 -61 93 -8 -20 6 -15 -14 -14 -17 98 -94 -34 -79 40 100 -61 -69 40 -66 -63 -50 -7 -99 2
92 38 5 -62 -22 90 -53 -34 10 68 18 -84 96 -9 -84 -97 29 48 -12 -12 25 -98 -13 100 -38 -23 78 -39 84 -36 -73 69 21 -2 -1 -40 -95 47 -25 96 84 23 63 97 -64 90 -89 43 72 46 12 -26 99 -49 -77 41 -12 -23 -5 -41 65 62 -5 -53 -25 42 -5 -8 -2 -52 3 -86 -51 97 -62 67 93 -55 57 19 -41 88 -48 -99 50 6 -11 54 -87 67 -12 -85 -11 -7 -13 -97 -5 -24 64 46 -94
93 -4 2 -44 -2 -87 80 -65 5 -28 28 33 37 -93 10 -27 -7 -27 -45 23 26 65 11 -18 100 -40 74 -24 35 -78 -67 96 89 6 -98 10 -11 -64 -57 -29 32 76 98 62 15 20 -52 35 68 -90 -90 -83 -58 -77 86 57 -63 -17 0 76 -66 75 93 -29 77 -44 55 -49 89 -8 -96 60 -63 64 -43 -67 -80 57 91 -32 16 -5 9 -66 -97 -5 -27 -68 51 -38 -37 48 -17 -40 94 0 16 -77 -33 37 -41
-8 76 -92 -52 83 50 -4 -95 -70 77 73 -82 -33 -3 -7 -30 79 28 67 50 73 -6 -95 43 -22 -9 -1 -10 87 -80 -14 2 -49 -46 32 17 2 30 -27 -93 92 -75 81 52 -18 91 73 82 -94 -68 87 6 49 -24 19 -42 -47 -22 68 -20 100 29 9 -22 -6 -87 54 -45 -88 -14 59 60 -6 -10 45 99 19 40 -28 79 1 43 70 3 -87 20 -91 21 -63 67 -34 98 -71 22 -63 -53 66 83 -58 -47 -47
-40 -21 73 56 12 28 94 10 47 -91 -61 72 -1 49 -79 -66 39 46 74 -11 -46 37 -7 -1 82 61 11 -47 -3 -83 -48 55 5 57 -83 -5 90 -56 -4 -12 8 70 -32 64 -65 67 32 52 97 71 19 -45 -85 -27 53 88 26 33 -67 21 81 72 -2 -4 29 11 6 -78 52 -15 -46 -27 -18 -65 -9 -5 77 50 22 4 -30 38 58 -45 85 -32 -88 -44 -13 79 61 -73 89 -89 -19 9 33 4 77 -97 30
-88 -84 -62 -99 50 19 30 -81 -54 2 -18 -56 25 -22 76 6 -45 26 -70 -14 15 22 55 13 60 16 85 -69 79 58 72 83 -7 20 90 -20 45 95 -29 62 84 32 95 36 -70 -76 -11 94 57 17 67 82 -53 37 -25 -13 -42 2 62 -5 -86 -93 -30 84 -23 -64 64 -77 72 -1 67 1 4 12 -74 39 -5 6 -38 -81 -56 88 44 -69 67 94 -56 -78 -70 -98 82 20 -81 -29 66 69 -12 -40 -98 93 88
71 74 -23 -44 61 29 -42 87 -2 13 -19 15 -90 -86 -59 83 73 -84 -81 78 -88 53 -54 -81 61 57 -38 89 49 41 -87 -12 30 71 97 -8 -3 50 16 -65 -13 -85 -92 -88 -9 -42 13 62 46 -19 60 -37 -58 55 -77 20 -82 -27 30 -77 23 20 -96 21 74 96 9 88 -95 84 22 53 70 -18 30 23 -90 -88 -79 -6 30 -61 24 100 -46 63 25 -16 46 -86 -71 16 70 29 -68 63 -14 -96 -21 -77 -13
61 -65 42 -87 0 -43 7 35 -67 -100 45 -62 -37 95 22 82 -98 53 -5 -72 -68 8 64 70 12 -21 43 -18 -9 85 -16 16 -25 -11 79 -97 1 -100 87 97 -61 -15 -18 23 -22 -62 92 -80 66 54 11 77 86 87 13 -68 68 -90 -38 51 -41 80 78 21 -68 17 -86 -36 63 -30 58 96 16 66 15 -37 -37 -66 78 34 25 -34 41 13 79 -59 22 9 82 -41 -31 81 77 -38 4 -15 15 -34 62 -84 84
16 -89 -77 69 65 -7 -68 -24 81 -93 80 99 -57 -43 73 -51 50 25 58 18 -31 -18 -1 31 -99 -56 31 87 -34 -3 92 22 -54 25 -1 -59 -77 32 68 73 26 7 -80 81 35 52 -52 -100 25 -95 -36 -84 99 42 -80 58 -23 -57 79 10 12 -90 -81 51 81 3 -58 1 -5 -37 11 -97 -98 -55 23 -77 -44 -98 89 -81 86 -38 66 51 -51 -30 -89 -56 -73 -46 56 -42 -79 -13 100 37 -44 -39 85 -35 -5
36 33 24 -37 -9 31 3 16 -3 79 -40 49 56 -84 -23 94 -76 -11 -15 58 -87 -39 -42 -97 -84 -57 -7 44 69 -96 26 -79 -71 -96 -67 -75 39 43 25 92 -49 51 -8 -12 -40 -36 65 65 39 -100 92 74 1 -97 44 -15 60 -25 94 36 -96 68 -33 -96 67 -24 2 -28 -66 -68 44 81 -33 88 -85 11 -28 -66 29 -87 29 22 32 -22 -45 -67 71 -40 -81 10 75 7 -43 39 -92 -13 55 80 61 85 -2
-17 -79 -84 -85 -13 -45 70 -62 24 -52 12 -35 50 17 72 -61 -29 53 84 14 -65 56 56 -11 -77 -12 24 70 65 81 -72 78 -87 14 56 49 -94 57 59 -93 64 3 -32 -78 -97 49 69 -44 -51 -50 -12 -9 -88 -39 52 47 18 91 -2 86 -97 -15 33 -6 -89 48 -1 76 -5 43 -33 11 23 -3 24 -27 -12 -85 -47 54 69 -3 52 30 95 -69 21 75 -76 17 -12 85 51 23 -91 -62 -3 -82 -23 2 97
14 77 -26 52 -50 86 -79 -99 -45 34 -41 -37 -17 -53 -79 -55 -80 89 93 11 2 -32 66 100 40 60 -89 -16 98 -13 6 -8 75 -37 40 -14 64 -25 48 -13 53 -56 82 -50 -83 14 94 -40 -69 -83 52 76 76 -57 15 -39 89 60 85 -23 42 -69 -31 -21 -36 49 15 -44 0 95 46 84 -47 19 -86 -58 -15 -87 69 16 -31 1 -86 -21 86 -34 44 -87 -8 72 19 -27 13 -86 59 73 50 22 8 55 -81
15 65 10 2 -98 34 49 38 -8 30 9 -73 -50 36 14 81 32 0 61 -47 -75 -20 33 -92 -73 -31 47 -100 -43 13 9 -46 53 -88 74 -85 69 11 -91 -74 86 -65 83 -50 -55 -55 49 -57 93 -72 -63 45 27 -79 91 -17 -49 51 19 -82 42 67 -25 51 -94 -97 -57 86 11 -100 72 16 -35 -11 81 -51 13 -73 32 87 -2 73 91 31 58 15 -64 -39 37 68 -32 -81 -38 -76 14 63 51 7 84 -60 -38
-98 80 -22 -93 87 95 36 28 33 95 -31 63 43 45 -100 -62 -80 -86 -7 47 -27 44 -20 57 72 -1 -19 39 -43 82 -12 75 50 99 11 23 9 89 22 -16 37 67 -22 54 -37 54 -84 -86 60 59 -81 -81 8 46 70 79 -84 -31 29 29 -28 79 -3 87 89 67 4 30 -95 38 18 -87 99 -46 -44 45 -83 2 15 1 -66 24 -44 20 77 16 -7 -33 19 -69 20 -64 -19 76 12 75 -79 -58 48 -25 45
41 70 94 -36 79 -78 33 -13 -56 -52 -17 37 3 -2 -71 86 22 -6 -78 -96 100 47 85 -57 -99 36 -9 -69 -97 71 -29 -94 -22 -97 19 -67 -14 79 -28 -90 48 -52 -81 63 -33 -65 -30 84 -27 -96 -89 -17 59 -57 10 19 -99 44 -38 4 92 40 -57 61 48 -82 -84 -10 79 23 59 61 -20 -66 19 25 -97 58 84 20 -35 -59 29 -37 -68 -54 -60 22 61 80 10 13 -23 55 100 -87 -51 -86 59 -37 28
-30 9 -55 0 40 89 -52 -7 -71 98 38 -93 88 -14 -39 99 26 96 -97 84 -32 29 14 72 -5 62 20 66 37 10 -70 -23 -36 -64 73 62 -25 -40 -85 -48 -83 -39 -55 -34 10 -8 2 -60 18 92 -82 -16 -24 -44 -19 -18 -43 -74 -86 46 9 -48 -16 9 73 76 -17 25 13 80 -65 -23 -71 -4 -36 -79 -92 48 -47 98 -89 -8 90 -51 75 89 -70 26 -41 -1 -15 100 -94 63 69 43 65 20 -38 29 90
-31 30 -24 80 61 -96 93 82 -86 88 -74 -84 43 84 0 -47 79 18 -44 -36 16 72 -75 66 61 96 -6 18 -83 -64 47 46 13 -35 65 38 66 47 40 27 -90 62 64 -75 96 -69 -6 -72 -76 -89 32 48 -72 58 75 -82 33 35 -58 88 77 63 61 98 12 -93 93 96 -55 -57 39 47 -96 -87 -67 -88 -23 -30 -5 -74 -39 63 95 -96 -5 60 -44 -62 -5 -52 32 -8 -63 -55 51 82 -42 -3 -11 -53 83
-14 -57 18 -44 -48 -8 -78 42 -54 82 -6 74 42 73 44 -92 58 -52 -80 54 -84 -82 -24 30 42 90 -55 9 -33 -40 81 39 75 -68 27 90 96 -61 61 78 -68 -27 -68 20 54 -84 35 -45 78 -8 49 -12 43 18 -66 -65 2 -64 -29 95 86 -11 3 74 99 47 27 -41 -44 -57 -24 -28 -81 88 7 -5 16 -68 -25 -85 9 75 -43 -35 -18 -26 28 -26 -42 -39 37 -74 -18 -5 100 -30 -49 -31 36 -93 83
-9 49 24 92 -21 -2 36 -36 26 -38 -53 -43 93 9 -22 33 85 -83 42 14 28 -51 -85 -70 -22 -77 49 -93 -13 -62 -15 -3 19 56 71 -95 85 -77 -2 2 82 39 -28 -63 12 -12 27 4 -1 65 -48 75 -74 -91 -29 -22 -13 77 1 -28 -94 -28 -18 98 -64 -80 -1 63 -9 -85 -83 -49 41 1 -44 40 -70 76 -20 -36 87 70 -70 65 85 -23 -53 83 -26 -14 -2 -94 48 57 48 -98 -28 -76 -73 -77 43
-90 74 98 26 -94 66 -54 73 -52 -54 -18 93 74 -4 -90 12 -55 41 79 67 -74 -79 99 74 -34 -62 -31 7 -31 5 14 53 92 55 -9 -39 -16 93 -7 74 98 95 -73 46 59 -66 -29 48 -3 -12 -32 -83 42 -95 -24 -95 -33 -99 -81 -73 95 72 17 58 -62 97 -3 -43 29 87 -66 -15 -45 53 28 72 12 82 -24 -89 -6 -15 -44 -45 6 43 -84 -56 -85 -53 47 -86 70 81 51 35 46 -29 91 5 73
-35 -52 21 72 99 4 69 -52 64 -17 84 -59 44 2 71 57 -80 -45 60 77 -37 94 54 -82 65 -8 71 -81 -80 74 97 -30 1 25 -6 -71 12 -45 1 -89 -20 -64 12 -18 86 1 4 37 -3 35 -90 -14 -84 16 -22 -71 -94 89 -61 67 -73 -5 -67 -11 -48 -85 46 -68 63 16 83 84 93 37 -79 64 -23 -85 81 -84 -76 35 11 -9 17 91 -45 68 59 6 -51 64 92 -34 14 -87 -95 -86 -72 63 -67
