81 -72 -39 -16 -92 18 -60 51 44 -11 -78 15 24 -51 11 -56 97 -20 98 63 42 -58 -57 5 -62 -68 6 -71 -38 -4 99 96 74 66 32 -27 8 -15 35 52 -28 -35 -91 97 32 -6 -46 -63 25 -64 -34 -53 58 29 -80 -53 59 -4 78 85 49 -95 83 -4 46 95 -45 83 9 -11 25 57 -45 -30 98 92 -32 -72 -27 -39 36 -13 85 48 -42 -42 75 -40 90 -50 -22 60 43 -33 24 -96 -32 23 -47 -87 76
-39 -59 -76 75 -41 -77 -21 13 81 78 69 42 -29 33 68 94 -97 87 22 85 56 -94 98 -33 30 -88 -95 -71 9 -64 46 -85 -70 55 -53 6 -71 -80 -44 -97 73 76 21 99 33 -51 -31 55 59 92 -51 -35 -71 65 -69 -32 50 59 19 -68 75 -69 -40 -1 91 -95 98 -32 -44 33 26 -33 -32 -13 49 50 46 42 6 -59 -56 -56 -55 9 -46 -27 -92 100 -90 -7 -73 -70 -78 -66 -77 82 96 13 7 8 -22
21 -19 99 84 -97 79 -1 -44 -67 72 99 88 -19 -9 -3 50 54 -49 -67 16 -86 -86 -44 -39 -35 65 3 0 96 -57 92 86 -62 21 -69 13 21 6 13 14 44 -79 69 -13 89 73 -94 19 58 -79 -46 -89 60 67 -67 28 -55 -41 58 98 -23 -17 20 70 50 39 -82 -39 -96 -30 -55 70 80 -93 57 94 83 -97 -36 4 -16 -63 -51 48 58 -54 -15 92 -4 34 -95 -83 100 -94 -93 12 -40 68 -63 52 37
-94 -96 95 -42 -99 -21 31 -22 -87 71 86 92 -29 -92 -6 -55 -58 -10 -48 43 99 97 29 -36 70 61 75 -98 21 75 99 -61 -31 -34 -96 -23 -39 26 -76 -46 -48 61 -20 86 42 -47 26 -3 16 -10 56 -31 -11 29 -12 -92 53 64 56 68 86 80 -26 3 -29 -5 82 -15 -71 -73 17 -14 90 -17 -36 -17 64 -87 -28 33 85 -77 11 15 -80 44 -39 -79 -94 89 -91 -39 -10 -44 3 -56 -69 59 8 -98 96
7 37 26 56 96 85 64 -30 -58 -58 48 -26 -70 93 74 -38 42 -76 -30 61 -100 -28 31 -10 -88 34 100 88 62 13 -44 61 -70 36 44 -23 72 57 -74 51 77 41 32 71 -77 16 -36 67 -66 64 99 -85 94 67 -4 -73 54 84 -45 6 81 -74 -15 -59 -32 12 96 55 61 -28 -16 -76 74 -34 97 -90 -96 -1 -12 20 8 49 -39 -8 99 65 -26 18 -15 55 9 1 -51 44 44 85 21 -67 -7 94 -12
-95 22 -74 -43 96 -59 -78 16 -96 -57 100 -41 70 96 78 89 -77 -60 100 11 -56 -32 24 78 -37 -1 95 -71 -68 84 54 66 -4 -33 -57 69 -17 95 -88 94 81 4 70 -95 12 -46 -44 -89 -85 18 11 39 45 -87 -48 1 -38 -85 14 -23 -3 -11 -26 90 -47 36 51 -71 64 31 16 -24 15 20 47 52 4 45 -95 34 -33 84 -49 24 -24 -34 99 25 81 -15 -95 -77 93 60 -78 -21 35 -55 -61 -93 -37
-13 42 -93 -84 -65 42 -74 7 -41 77 -13 -13 11 55 -12 71 47 38 -86 -38 -16 -5 -80 84 89 27 73 12 -77 -53 -91 -70 70 100 -54 -100 -28 -51 -44 58 38 -56 47 -78 -54 -24 46 -93 -54 8 -3 5 -33 -87 34 54 25 -84 82 -77 -16 69 4 -5 67 80 20 63 -73 -37 52 -22 -67 -90 9 16 -5 85 0 94 18 26 3 36 15 -78 -33 -40 -73 -92 13 30 67 60 63 -9 54 42 -69 -34 63
8 63 69 93 97 52 -70 59 96 21 83 -34 -97 -58 84 -44 73 99 79 20 -47 -88 32 -88 18 21 -1 -20 6 -86 76 -61 -1 -37 -77 63 26 -80 -72 72 -75 85 31 62 -50 -41 72 -63 65 -14 -20 -68 71 44 37 -13 29 86 -30 -19 71 11 96 55 86 -25 13 41 -99 71 -53 85 -23 27 47 -28 -11 66 -89 -91 -59 87 50 15 2 -11 -35 27 -12 2 -26 -100 89 18 51 -10 -21 70 -46 -77 -62
-32 -86 62 -17 -74 8 -84 25 5 20 -73 72 -91 -25 60 -13 -40 -31 -49 -49 35 2 48 32 94 -50 33 -14 -64 42 -82 21 38 70 8 100 20 40 -52 -52 -81 -56 -53 -20 39 11 80 -85 -82 27 6 -86 52 -46 -32 -54 -86 49 83 -70 62 96 47 -40 -85 79 -77 28 -97 -55 68 -65 -85 81 94 -94 -87 16 94 10 -22 5 66 75 -62 14 2 90 9 -10 6 -56 -64 -51 -35 47 66 -83 -25 44 73
-5 -93 -6 -47 8 -58 -55 -43 -90 24 -85 -26 -73 -20 61 -66 -94 68 83 -44 -74 49 40 -74 -99 47 -20 -32 76 -2 -53 65 -38 -64 0 -6 66 58 93 47 -66 -69 77 -19 39 80 -87 99 -32 40 12 37 14 -59 -54 -88 -1 -13 -13 76 -84 -66 -77 -57 -84 -15 -34 -4 18 -78 24 -12 -53 63 95 -16 -10 -48 45 44 -76 -4 81 60 -35 -49 25 -16 64 39 -87 -93 -36 -29 88 89 19 -79 26 87 -83
-51 35 -84 -91 -37 6 53 36 39 -9 -52 -64 39 70 57 4 89 -58 50 -73 -92 82 -73 74 76 42 -76 45 79 -77 -41 -32 -56 75 -41 -21 2 100 38 53 2 42 90 15 -36 -22 -91 47 -25 -1 -87 -49 -52 -88 28 4 -89 -97 -88 0 57 -75 -26 86 -52 87 30 -78 -44 83 21 98 -28 70 -40 -60 89 -49 -72 4 -13 45 -67 -50 -46 -37 -94 -56 42 42 -23 -41 74 85 -66 35 -51 27 -18 -29 87
83 88 -66 -31 64 23 -46 -93 22 -89 -24 -67 75 25 -59 49 48 -53 -14 0 -66 37 -4 73 66 69 -66 -26 31 26 -92 40 41 87 -53 11 -28 59 94 40 -23 -23 87 -12 -26 -26 -2 -80 98 42 61 -85 -95 -15 35 74 -45 99 -61 68 -19 -31 88 -62 -11 -92 79 46 65 16 -30 -25 -43 27 66 100 -96 -64 -74 4 -67 -75 86 35 -25 -23 91 -64 -20 -40 -22 -62 31 9 -35 80 22 -55 -86 -57 -31
-61 77 -82 84 -64 -43 96 89 -8 32 73 52 -85 80 5 -49 -97 92 37 -19 91 76 -96 -58 -88 -17 -4 -26 -10 -83 44 10 50 31 51 -74 -67 91 10 -71 -23 87 66 -86 29 20 0 -24 -55 59 65 -5 100 50 67 31 96 -82 -16 -74 43 -67 -73 27 65 -28 15 -59 -36 25 56 -98 -56 -87 10 -44 -93 -39 48 13 2 -72 13 -68 -11 14 71 10 -6 -100 59 -78 -54 34 -71 78 -11 -62 66 -6 11
23 72 93 24 31 -53 62 12 -34 80 94 2 -3 -31 -71 -34 45 39 20 79 92 -33 -38 -38 46 -95 97 -97 -99 76 42 -86 -1 -29 59 76 74 -89 15 -10 -92 -6 -21 13 -99 97 48 -11 -10 -75 -32 -36 -38 99 74 -96 10 93 86 87 -4 63 17 -68 -81 -72 -24 47 72 80 -82 -2 33 16 -39 -80 -71 19 46 -20 -64 44 24 81 34 61 62 -72 29 -90 -62 5 -60 32 -35 -45 -4 -80 31 88 -66
-76 -81 -29 18 33 41 77 68 -57 35 -99 77 -68 97 28 21 18 70 -53 48 -5 -47 39 47 -32 -22 -96 97 45 -34 3 -75 -53 -75 -41 -21 -69 15 33 -66 -35 -77 -80 71 69 -76 -12 -95 -61 20 -56 -75 -69 -29 -79 -59 -86 67 65 62 -94 -54 69 -94 -66 -61 46 -25 -100 73 29 -10 1 -14 -7 -30 -92 58 -95 -26 -34 -50 42 -94 0 53 -22 3 80 -3 84 68 59 49 90 13 54 21 -28 51 -40
99 24 -35 20 38 55 58 97 -72 -3 92 -17 -4 31 -49 -24 -22 25 -89 -45 26 89 -34 -25 29 -24 3 -61 -7 -96 -41 52 19 -42 2 26 70 -3 -15 -20 -63 27 -68 35 -31 45 -91 58 72 73 -13 -16 -61 -57 -92 20 -33 -3 -31 -55 91 14 12 4 -60 -89 -52 15 -51 -89 -27 -15 38 -38 -84 -35 4 90 6 36 70 1 68 50 32 18 -77 36 25 0 -48 -8 23 -34 -45 37 -57 32 -33 93 -50
100 -68 42 32 75 7 98 -2 -99 58 -21 -96 -51 -12 -41 -22 37 65 42 49 21 -74 22 -61 17 -78 -79 -11 -59 28 -46 7 -80 -32 -60 -44 92 20 44 -19 75 -20 -17 -3 13 28 -86 97 25 -5 2 2 -26 68 -69 94 -51 99 -81 -87 -81 8 -98 -62 18 -20 8 42 -20 -95 27 3 -48 -10 92 7 -8 4 97 -88 80 29 9 11 98 78 61 -87 4 89 -38 -60 -35 -11 49 7 7 -44 -14 -81 97
-70 42 36 72 -86 -91 12 -95 14 27 17 23 63 26 -69 40 -42 -9 -37 -38 -18 -18 -58 -28 66 97 94 -35 -44 -66 -35 84 -22 59 -81 17 96 91 53 27 -8 -9 -25 18 -81 14 -23 -34 84 -32 97 -81 -37 -56 33 46 22 -3 10 -89 -37 43 -22 -71 -96 46 79 -2 23 -44 47 -10 9 -9 -81 -5 37 49 41 -73 97 87 -59 100 -29 -85 9 3 -37 -68 -78 -74 86 -98 -36 -48 47 -94 -81 -44 -74
75 -84 -43 -10 30 -31 -31 63 -81 6 -23 84 61 9 -65 12 -46 -88 -7 67 55 49 5 31 30 -57 -86 -80 -92 -24 -70 9 23 24 46 9 85 -88 67 97 23 -72 -1 -100 -14 -15 51 98 -75 20 7 -61 64 -35 -68 -12 -66 44 -28 -5 -27 -84 14 -68 -24 -60 -39 63 45 -71 84 -66 10 -33 -24 -42 11 -4 -14 4 -89 26 -22 66 -84 -6 -30 60 -83 72 28 -69 61 -44 97 31 86 32 -51 71 -9
97 77 2 23 -56 -80 7 89 45 59 26 74 -75 21 26 51 -100 -36 86 -62 41 -26 -83 -87 -11 6 16 -52 71 -78 -57 8 -71 -28 -55 26 -76 39 89 83 -90 -24 13 -50 -94 -38 -78 20 -28 -22 -53 47 4 86 85 56 85 44 36 98 75 -62 100 -39 -72 84 100 -81 -50 45 29 -45 -100 -2 95 76 45 -12 -67 -5 -65 47 -48 38 -15 16 -18 34 40 -16 48 99 -13 95 96 -22 65 43 -55 -48 -56
83 15 -64 -48 -21 52 -63 76 31 -98 70 1 -27 -1 2 2 72 89 80 15 83 -49 -30 21 -34 -12 -67 13 -10 -8 54 -71 66 34 -74 -37 -25 -3 31 46 64 78 10 -68 36 23 28 -37 -20 8 -42 -11 47 -21 96 97 -77 35 12 49 -50 -47 -66 70 -72 26 30 73 -53 -67 51 -75 -6 70 14 34 -73 82 35 22 -16 100 -80 77 -47 59 -73 -93 -56 1 -63 79 28 -84 -65 90 65 -78 73 5 99
-26 -91 -71 99 31 -98 -53 42 -83 10 24 -70 -86 26 -79 -69 25 -15 -80 -18 -13 79 99 22 -47 2 39 -98 97 6 -98 99 51 89 -45 91 94 -98 -20 42 -84 74 34 93 84 26 13 8 68 87 87 33 52 35 -67 -32 -41 18 94 -90 -73 -100 2 79 -38 75 -42 6 -95 -3 43 77 -52 75 31 -32 -54 24 24 69 77 66 59 57 25 -44 51 68 -43 -47 4 -11 -43 -56 59 87 95 28 -16 84 38
-4 86 -37 -66 86 67 -4 33 55 -54 -32 -53 46 28 -14 69 -9 -60 93 -19 -87 -50 -23 60 23 67 37 46 15 -100 -90 28 13 -69 -78 -23 -55 98 82 96 27 18 57 97 -25 -52 22 5 17 62 61 8 -62 -8 -57 45 72 -27 25 -47 -50 1 80 5 57 87 50 -59 70 37 70 73 16 -50 20 -5 66 37 -21 -23 68 -84 94 82 45 -2 -34 -44 28 -9 -99 3 -71 -22 -63 -77 60 -4 74 53 -19
-55 -35 94 -4 66 38 78 76 61 -11 28 -74 71 -61 73 91 -52 -78 -9 19 90 -45 -80 50 -21 85 86 -100 -82 11 47 -87 -53 52 -20 75 -9 12 -39 -58 -71 91 14 -23 -29 50 -77 -16 -67 98 87 37 36 -70 100 -71 10 25 -1 -63 -1 53 -6 -22 64 -94 -71 -93 19 -68 25 -61 -12 93 54 96 -61 8 -48 94 85 -52 24 48 95 -62 -92 -100 48 -32 -1 85 -19 -30 82 6 95 2 -73 -27 36
67 -17 80 -68 88 12 -70 -77 -20 38 77 82 21 18 40 -43 -47 62 -61 71 -37 61 66 -76 -48 13 84 78 19 -55 -92 -44 -34 45 70 -6 -34 -76 72 51 -17 93 85 53 70 68 -3 48 31 -11 -47 68 59 -7 8 -52 -24 10 -88 -76 -59 -99 50 21 -54 -90 -43 -21 -88 -97 95 -42 13 30 -21 -33 -79 -45 -13 -64 62 58 93 -80 45 92 -50 18 -19 21 -16 43 -55 86 -93 83 -66 68 -64 20 11
-11 -16 -82 -57 -9 94 -17 13 99 -61 -25 -61 43 91 74 -85 97 -18 60 -14 -100 70 -50 70 80 27 -3 -74 -45 90 49 85 97 -26 44 81 -21 16 51 -71 -76 17 57 -85 99 -30 -44 72 -70 79 -97 -94 83 90 19 83 -56 1 79 -34 33 -74 -1 -39 -5 53 60 50 55 -15 -60 44 -56 63 -54 -53 89 10 95 76 42 -91 -38 -48 -66 1 29 -23 90 33 17 42 -26 79 73 -10 -19 29 2 40 98
-38 -73 27 32 96 9 -46 -32 -42 -53 -99 21 24 4 43 -1 -39 1 -98 52 35 66 82 19 78 35 89 72 79 -40 -48 -61 90 -99 14 86 85 60 93 68 56 -9 -84 -29 44 100 -86 -36 21 50 -94 -45 37 25 -76 38 -77 87 18 -27 -15 68 -37 59 -94 -48 42 -44 30 69 -51 63 -27 25 93 -42 -2 77 90 -44 94 18 43 -2 8 61 -67 24 -3 98 53 1 -47 100 -99 -82 -23 -38 58 -19 52
54 -92 52 83 -43 49 70 -6 -30 -85 -45 -62 41 -1 -40 58 0 -69 70 69 -45 71 86 -6 -94 -57 45 85 13 85 -32 14 -27 86 -41 -44 13 53 67 75 -4 -10 50 7 -29 -68 40 -17 13 33 -79 -50 44 -11 -18 -6 80 64 25 -95 -11 60 -26 -20 -57 -94 9 -5 -17 -32 -4 -31 67 -75 -68 -22 32 -55 73 37 5 76 -94 34 -66 47 94 48 -13 -40 35 62 15 13 12 7 27 45 43 90 -30
-37 -30 22 -100 -61 52 -18 36 -33 -63 -81 9 -65 -23 -4 65 -4 10 16 -2 100 -40 -71 61 35 1 70 60 -29 -35 30 61 -8 -8 -77 -98 12 -95 2 -50 -76 -11 -14 -33 58 -70 72 47 45 81 29 -80 -78 36 -2 -100 -45 -46 -42 72 -2 -14 100 -67 -85 38 76 -70 -62 70 22 -42 -62 22 94 52 47 -42 -51 -39 -69 31 60 -7 50 47 10 6 43 56 83 -51 -92 -93 -26 -87 100 -57 12 -70 -96
62 -93 -29 -20 -2 -26 83 -51 10 74 33 16 63 39 -81 -13 70 75 -81 -86 71 70 93 -87 78 58 -9 -53 -37 -67 58 -29 -34 -4 -18 -52 90 27 -78 32 -80 -80 -42 85 68 83 41 36 80 -27 -67 80 16 -69 23 -83 -54 0 69 -38 -5 -73 68 -55 -25 6 65 -94 83 26 -26 59 -10 -78 25 32 50 24 -59 18 47 40 67 9 -56 26 76 6 -85 65 43 -99 44 -100 20 -82 99 71 -18 -30 -87
89 -87 77 90 98 -79 74 91 91 80 7 -72 -54 60 33 46 45 -34 36 -22 -46 -93 94 -30 -19 57 58 -80 23 -68 -86 -11 26 57 6 -19 13 -18 -53 36 -47 84 48 93 -71 -29 -41 -95 -1 -58 12 42 23 -18 75 -33 71 98 -85 5 30 90 -49 93 86 -19 -71 5 49 -68 86 -86 69 -9 96 -68 75 86 -63 -60 -99 -15 -15 -22 -33 14 32 -86 -30 -58 47 -52 74 50 -17 66 -37 27 -65 -70 -76
-17 -75 -6 -49 22 -62 -98 -60 21 -67 89 -71 -68 -58 43 65 48 77 -61 -3 -85 15 -55 -28 47 0 71 89 9 -5 -76 -48 -67 45 96 55 -22 62 -100 54 62 -71 -67 57 69 29 14 -37 -70 -94 2 -24 -6 -8 45 -3 -6 -24 -42 58 -58 -73 -11 98 3 -93 -55 -14 15 -42 -37 47 -87 -86 21 -73 -17 -7 40 13 99 53 -54 -19 66 2 52 -61 -43 -18 -44 -44 67 28 -96 -85 -95 69 46 -74 -80
-65 90 16 -79 18 -68 35 85 27 24 95 19 -23 -57 -5 -64 -37 -77 29 23 -37 -44 10 66 -67 -6 7 -66 61 56 -62 45 -56 31 -62 72 -65 46 -46 27 86 89 40 -62 -86 -27 -50 -49 -4 -55 -29 23 78 60 61 -30 54 73 -96 -7 -38 -20 24 -86 96 -20 -34 -74 -93 -57 41 -74 7 43 -48 26 23 -8 -51 -92 -88 16 9 100 -81 7 54 -73 -26 -70 -47 20 -46 -5 8 -12 -87 4 67 37 83
-60 -99 -54 -74 -89 -93 -67 97 -51 49 -36 22 -62 40 -84 -87 -95 97 5 90 -13 -83 85 61 30 78 20 4 -78 -69 -65 -24 69 38 7 -12 -66 -90 -97 7 -76 -40 42 -28 -78 82 -46 27 -28 -56 -29 13 -36 -45 2 8 -50 -77 23 54 -98 -15 48 -78 -62 -95 -84 64 62 -3 -13 -65 -63 -23 -97 48 -42 54 -76 -48 -68 39 92 -59 -93 -26 -61 26 6 -64 -55 -37 56 24 14 -33 -94 -7 -92 70 -19
82 -55 10 46 1 -30 1 -80 -64 39 -2 -93 -79 -77 -52 65 -66 -85 58 72 -54 17 68 -9 92 -16 94 -22 26 -2 -42 -73 68 82 -32 -77 -48 -71 68 50 56 67 20 23 -61 -49 67 76 -99 64 -72 -97 28 14 -72 22 95 -14 -4 -28 11 46 -65 -70 31 -49 33 -13 -63 -20 -16 -56 40 -96 -10 13 36 22 4 -54 -95 36 67 -22 82 47 77 -27 -43 -17 96 48 44 59 94 -4 26 -39 -33 45 -27
-40 14 -91 27 67 12 -68 19 82 11 8 -78 -22 40 67 4 -48 -12 43 100 -97 -37 46 3 -69 19 73 86 -30 55 93 -45 -12 83 -63 52 77 14 -80 -13 -58 -36 76 50 -95 66 95 20 -5 17 -20 10 3 -1 -22 -71 -41 -71 74 51 88 13 89 -52 1 0 69 -63 39 38 -69 1 -23 29 18 -37 97 -89 -8 -38 62 9 63 -53 42 -40 50 16 53 -89 75 19 85 -70 13 91 28 13 -26 35 26
-90 -53 22 67 3 -33 -75 -11 96 -32 23 56 82 84 -51 41 21 91 64 31 -20 91 98 19 -13 -53 -60 74 14 -3 -93 2 -17 97 -26 68 56 2 -13 -14 59 48 6 -11 37 -13 69 70 94 -3 29 -42 -23 40 4 -57 -51 31 -46 -78 53 -34 7 66 -95 -83 -45 -57 -2 -29 -37 -80 -10 75 46 39 -2 24 75 11 4 -9 64 -90 78 30 -98 96 32 92 -43 -45 -33 72 63 -21 -20 -26 61 15 53
10 10 30 -73 -21 -19 -60 -46 55 -95 -26 61 -6 22 83 79 7 -56 48 80 -60 69 -29 -77 37 -34 -60 -32 -41 14 88 -27 -39 -56 -62 11 -11 67 84 42 -6 48 -82 -28 -55 -46 -72 -90 82 5 -24 -75 41 -37 -75 37 -48 47 -2 76 69 -11 -37 -30 -99 59 -27 83 -76 74 -36 39 66 59 -65 -4 6 74 45 31 12 85 -90 27 -82 45 36 -92 64 91 -62 4 63 48 -14 23 84 49 -37 63 58
48 38 71 -34 -50 -90 -85 91 -87 -35 67 25 -33 63 -40 8 17 63 69 -94 70 95 -99 -65 -82 -74 -100 -57 -3 17 -37 26 62 -39 56 45 -61 31 46 -11 35 -42 -30 -47 67 91 -17 35 10 97 -52 95 -92 -72 -19 -84 58 2 88 94 -24 72 -58 42 88 -10 89 -62 32 -22 -30 72 88 86 -21 -15 4 85 -55 -96 -31 87 -68 -86 61 65 -91 -73 -24 -53 -16 -10 7 12 -45 52 -53 -93 -27 67 90
-84 -29 -67 -47 84 -26 -38 64 68 56 -92 69 53 -70 81 47 -92 -39 -31 9 28 48 -43 -32 68 -63 -100 35 26 -98 74 -38 -24 -30 -66 70 15 -37 -27 -50 -19 -30 -12 -64 63 89 -97 -67 -90 -50 -51 17 33 11 -77 11 81 -70 95 80 5 -81 -32 18 52 36 54 24 72 72 -1 -38 19 8 -65 61 42 63 -96 16 -15 79 50 -50 17 -80 50 20 63 -63 48 -84 -65 -31 -50 61 -84 21 -70 -99 7
-73 -9 -45 31 96 -70 29 -59 -27 9 -84 92 -36 -16 0 91 77 81 -21 -1 36 42 -16 -99 -47 40 -75 -98 -19 83 99 -100 19 -51 89 69 -57 24 -85 39 -26 -82 21 -64 91 14 -45 -3 16 -44 63 38 42 -51 -28 -64 -49 12 -67 37 84 17 -95 69 -97 11 -36 -85 -72 29 -47 -13 -80 -90 -53 89 57 -1 37 58 79 -11 14 48 96 61 -24 16 92 -15 37 -43 -58 54 -32 93 -71 67 -10 -55 8
24 20 26 74 42 93 -26 -83 49 -86 51 36 -94 -74 51 53 -80 -15 -49 -85 -46 -66 28 70 -77 95 48 -69 5 -76 -84 -81 81 -82 74 -12 -12 81 -2 -6 30 85 -15 20 16 68 -26 -32 58 58 25 -93 55 89 8 97 -8 37 -79 -79 30 -10 -15 -22 -22 -61 -46 -17 -94 -46 17 -60 -60 -85 80 -1 -74 83 2 49 -97 -12 35 96 1 -65 20 48 36 13 -16 -38 74 59 -90 67 -32 23 -49 21 -36
42 88 -11 13 -14 -28 6 -80 -50 -46 -9 -79 -84 33 -67 -61 43 22 92 46 -29 25 -24 -2 -30 -82 -91 5 67 -52 93 -1 59 71 -99 -94 45 85 -90 -85 37 56 93 -54 73 -91 51 -16 -6 -55 -17 76 11 64 -15 -78 15 -43 38 28 48 -47 -49 -54 -93 -9 69 78 48 -39 -55 66 79 64 26 -3 -75 91 49 34 -18 22 41 -84 -36 -24 78 40 58 -73 -85 82 -45 53 44 -75 5 61 -96 -79 -17
86 35 -89 -15 -81 53 34 42 -34 -23 31 -98 45 9 -3 -95 41 -56 7 -5 -36 -59 -89 93 -31 -21 92 87 49 67 89 -23 24 42 -44 -63 81 58 -31 -4 -30 -67 5 -49 -72 -16 92 -20 -44 -76 -51 -20 60 3 -87 78 85 52 -93 -76 21 59 88 63 69 -8 -6 35 -24 5 53 -41 -87 -17 -4 -15 79 61 -90 14 8 0 79 36 -55 1 12 -46 68 -65 36 59 87 22 -85 -16 -84 -21 86 -71 22
-31 -54 95 -13 -78 -44 4 84 32 18 96 -21 -49 70 32 -26 80 -72 -91 3 32 34 42 98 -25 -11 66 -60 25 10 60 -85 -62 -30 82 17 -4 -37 -40 0 -1 90 48 31 -93 55 38 72 4 44 93 -58 -11 68 -53 -29 -47 -54 14 -55 56 -73 16 21 -68 -27 -15 -84 71 -75 7 -41 56 -47 -31 78 -65 74 -65 75 -94 11 -55 -68 86 -52 -66 37 57 30 51 -50 27 -32 -9 -63 76 37 -99 -13 -55
-76 92 8 -5 2 24 83 83 -4 -95 19 87 19 74 -32 -34 -18 -98 9 -81 21 65 60 -89 63 6 60 54 -27 49 14 -98 -44 88 59 89 99 -90 69 -49 -20 36 39 88 74 18 -81 -9 65 48 -89 -20 -16 9 -85 -39 -65 44 -51 76 -7 -80 -17 57 -83 -84 -28 -44 16 49 -80 -54 -9 27 -71 -51 -94 -50 -94 99 87 -77 -48 68 62 60 -80 50 35 93 61 45 66 88 -84 -7 -85 44 78 -66 5
54 47 29 77 35 7 -57 17 -31 -32 -35 49 -40 -76 21 -64 96 -94 34 -7 83 72 -98 -98 -1 -98 -23 24 -60 -28 -30 64 -19 95 68 20 -91 -6 40 48 55 80 51 34 -87 -82 18 -3 -26 -27 52 25 37 -25 93 92 -50 -51 -59 30 17 -13 -19 36 5 -48 -24 98 41 -72 90 10 10 27 5 -96 -55 72 -7 10 60 -31 43 -29 36 -92 29 -72 68 -62 -78 -22 -78 -58 85 0 59 5 54 40 58
-81 -82 -7 -85 68 96 56 -23 -73 12 26 -64 74 9 12 -75 96 -49 38 17 -17 0 -26 1 14 85 -96 91 85 33 26 -79 91 67 25 95 87 -2 -92 20 10 -90 40 -24 -63 31 -58 -87 -16 -1 -12 1 -17 70 9 82 -60 3 26 -89 74 -74 -20 -45 -22 -19 -48 -9 -4 96 -39 -32 87 54 -20 -84 -36 -76 27 -60 -87 -19 -45 -67 -36 -11 -9 -78 -37 74 -93 -18 52 38 -11 58 31 -65 -76 89 83
25 -22 21 26 -10 75 -39 -51 -81 12 98 81 48 -43 -31 -89 -73 -24 -99 82 34 89 -96 -70 81 11 -19 58 -80 70 -1 -96 -81 -80 69 -22 58 -64 96 -97 85 -90 -89 88 -25 -87 -65 -27 21 32 -61 -97 35 14 -25 -68 6 -79 -95 68 6 -13 -45 -63 93 22 75 -40 50 86 -10 6 92 -59 -55 -9 26 -91 -11 45 64 -32 -34 -2 -39 13 24 54 66 19 -7 -59 90 8 -75 70 75 69 -18 42 37
96 -13 -1 99 1 55 -47 2 30 -48 57 31 -23 83 -77 -93 -36 -32 81 53 -87 82 44 89 -57 59 -50 -72 79 -88 19 8 17 -73 -100 -77 7 -77 47 40 63 40 45 -59 -57 30 46 -78 91 -23 -84 20 57 33 -78 30 -58 27 -21 -10 91 -80 -71 93 96 -68 20 70 -28 -89 -75 89 77 43 -72 -67 57 -50 97 73 8 -80 41 45 -89 15 67 -81 -53 -93 8 6 81 -7 -89 -62 -38 -54 59 79 -24
1 43 74 -25 -25 27 36 42 54 -70 -93 -84 71 -58 -22 -16 -72 -68 26 72 61 -96 46 96 2 8 77 -60 19 61 7 -66 53 -95 -86 -13 -54 27 54 -30 -46 74 -99 -22 26 59 46 67 89 24 -70 -68 -57 75 -91 9 8 -10 59 -42 -9 28 -86 84 -5 -99 -78 0 -24 -8 39 89 28 -88 75 -21 -23 62 -96 34 47 -35 -50 -47 -17 2 -65 -17 28 -15 -38 -20 11 -28 -85 -17 -62 87 -43 96 81
82 48 -49 -25 -98 71 -15 75 -58 62 98 68 -82 -71 44 3 -50 -63 48 -66 -96 -84 -55 -11 18 69 69 -94 -63 26 61 -54 -30 -15 80 -42 30 88 -85 3 -47 29 31 6 -3 -5 24 -35 -66 52 34 30 76 86 -26 72 -78 -9 -88 22 -9 74 14 -29 -16 -47 -5 -5 48 -85 -31 1 60 -11 62 -25 14 70 -37 37 2 -32 -68 6 -78 42 -37 -86 44 -43 -96 11 59 -94 6 70 -49 -63 2 63 87
13 78 -93 4 14 86 17 -46 82 64 29 -80 17 67 20 91 -49 79 -71 -36 -99 48 49 -57 18 -58 -44 -67 41 63 -4 0 5 14 -8 -11 28 26 -73 -72 -5 20 82 -9 -99 42 -93 -30 84 -6 39 95 10 86 -58 5 -95 -13 -28 41 -23 -11 6 -29 -43 2 -83 3 15 -55 8 -36 -20 -66 -83 -79 -45 -38 58 -97 -66 -35 -34 -62 -7 -53 82 -27 -65 60 78 -13 81 62 54 -89 -8 -29 -57 37 56
19 -40 -8 81 16 -31 81 5 -64 49 -77 -65 -2 -4 -31 -16 46 37 64 21 75 69 32 -71 -9 52 17 -46 41 77 68 87 89 -25 -10 77 -10 -25 65 -21 -74 -14 -25 -2 47 -77 -78 -8 87 53 20 -25 -44 -61 -90 59 -81 -86 30 -54 86 84 -57 -80 -5 27 59 -9 19 84 -59 -19 58 19 -20 -18 -51 10 -3 49 -22 9 45 -40 10 -50 64 -96 -1 -49 -43 58 -42 38 96 -23 -6 -44 -99 -70 21
34 -59 91 -85 40 91 -27 -66 79 -79 -99 -56 -100 22 -60 46 -3 38 46 -51 21 -41 62 41 21 48 -42 50 14 -53 24 95 14 92 -44 -5 -85 -53 92 100 33 13 11 -1 16 92 -94 46 46 52 -20 43 -74 82 -33 -33 68 38 -58 99 -41 -49 85 -20 89 -64 45 -78 43 39 -5 21 -51 22 -73 63 2 -91 50 8 11 78 89 -72 89 72 44 33 -47 -29 36 -47 -38 17 53 90 -48 -25 98 45 65
34 -86 -55 85 -19 -25 -61 54 80 71 -80 -32 57 19 -90 8 5 -80 76 17 -4 -93 2 82 -98 87 -78 -16 96 73 -53 21 25 -43 1 -16 11 -24 53 84 -61 -85 -52 11 83 -79 99 -51 25 -8 -9 -39 87 43 -28 30 58 7 -45 15 16 72 -9 83 75 80 -36 75 -31 39 -27 98 -25 -53 -22 -64 68 56 34 39 -9 -91 31 -98 33 -72 0 17 35 -35 -66 28 18 42 68 -66 73 78 55 55 43
69 99 -58 79 63 91 25 -6 -67 -23 53 -3 38 58 -69 -71 61 19 23 16 -33 43 29 -59 31 -49 35 -67 -17 23 71 95 22 35 -81 67 63 99 -35 22 -6 -88 50 -22 -38 -13 0 60 -7 -79 42 -84 -17 -47 0 -98 -52 65 -67 74 -52 -68 -38 -50 -51 -30 -66 -60 66 79 15 54 -72 73 -31 8 -95 94 77 75 48 54 57 78 100 -5 19 -88 26 0 98 -65 97 -11 54 41 -82 -36 60 -75 -8
19 53 11 -22 -66 76 -24 2 -55 -47 62 -49 64 60 -32 -74 -80 64 -92 69 -57 -6 -42 -53 89 92 42 15 -53 78 94 -43 -23 85 -78 -98 -63 3 -77 31 61 43 53 -91 -2 -34 -99 45 71 -51 86 -72 68 -86 96 -54 -64 60 21 66 -60 88 -67 20 8 -3 43 31 11 23 -60 82 36 97 32 -79 11 -23 -23 43 -48 34 -2 -16 -60 -8 -49 -65 -55 8 -91 35 64 80 49 2 -35 20 -86 -31 13
9 -37 64 8 32 72 17 -24 -29 -19 -24 56 -86 -25 -13 11 85 -44 -41 37 -46 -3 -82 -55 -29 71 -4 -57 -55 -53 19 -93 8 44 9 83 28 83 -60 -5 33 -37 10 -84 79 93 -30 94 68 -72 14 -55 -10 -76 93 -50 -92 33 -81 -68 -53 -74 54 83 -39 72 -87 -95 63 14 -81 17 -19 -2 -63 -90 -42 -96 -59 92 -97 -16 94 -81 54 58 -72 -93 1 -56 93 -21 56 41 36 44 73 5 96 -94 -5
35 33 34 34 -17 74 59 -95 43 -80 71 45 -86 -41 17 -42 -94 -42 35 94 -28 -54 -13 78 99 11 9 -58 9 50 0 -55 -74 -35 43 55 -73 -17 -10 9 60 35 91 49 -12 -14 72 46 -100 -94 28 -44 68 -13 -4 72 -59 -13 -71 -31 69 -45 -34 -13 83 -90 49 15 -43 72 -89 11 -17 -7 46 34 -48 -23 -85 40 6 -84 53 -52 79 -56 -37 70 69 -28 -31 -25 -78 -61 -16 4 84 -19 63 -47 54
91 -59 -2 85 -56 -14 -7 -24 -15 12 62 67 66 31 -49 -51 54 -30 -86 17 92 -89 -50 -91 -34 -96 25 36 -18 -2 36 54 -99 73 -1 84 83 45 -49 -18 -88 14 -22 9 88 -6 50 4 28 -66 100 97 20 -30 -34 -26 4 47 -71 82 98 33 -12 -10 29 87 -31 -29 -14 17 70 -2 -34 -33 -7 4 16 -17 61 -22 14 -22 20 -75 1 -8 99 12 -4 -33 57 -58 -79 58 63 -72 0 -55 91 -60 -56
94 -54 4 82 23 30 -93 -26 -21 -7 -85 47 80 57 42 84 21 -87 59 24 -25 16 -42 72 4 -100 22 75 62 22 -14 5 48 -33 70 -94 -44 12 88 83 -46 -3 -94 50 -19 60 26 -77 -40 -76 -90 -80 -53 32 79 97 61 -79 68 45 25 44 -40 30 58 -83 72 -42 37 89 -38 64 34 -34 91 -70 66 -96 -39 -48 -15 -39 -70 -34 54 -44 3 42 -24 -49 88 99 -80 64 -79 40 -49 53 -86 62 73
-70 25 -68 -52 68 70 -17 90 -86 -92 -3 -81 -76 55 17 -61 61 93 29 -12 -84 -13 -5 11 -28 74 -6 -72 62 24 -69 23 92 -61 -49 48 -2 -53 23 -33 94 -68 36 -80 13 33 14 25 44 7 56 67 -47 74 -88 0 -45 -68 61 35 -93 -50 -36 27 -97 4 39 -41 -72 -31 -93 88 -57 -69 64 -38 -84 -100 34 55 3 24 27 -80 -16 -71 52 37 70 -95 39 -48 17 -27 -67 -20 48 5 -92 3 -32
23 8 11 -23 -96 -96 -67 -77 -34 -70 11 77 5 91 -31 82 -3 0 -28 96 47 95 -6 41 25 -78 52 91 -35 78 4 83 18 21 86 -27 57 30 20 84 -48 -9 21 18 -64 77 -63 58 7 58 74 32 56 -47 74 11 -5 -21 -78 93 24 -8 42 -69 13 -2 -23 -39 -27 41 30 -81 23 85 -60 99 -84 73 -23 -45 -38 -15 -61 99 -85 -10 -99 10 62 -13 48 7 46 13 -13 -71 -72 35 -99 -88 63
38 -75 75 -98 -38 47 -59 -57 15 61 42 -62 95 -6 90 75 -35 -47 0 50 97 38 -84 21 -87 74 8 -43 66 -57 -39 -71 60 30 43 57 56 -89 -45 -92 17 20 -38 2 8 80 10 -94 -95 74 -75 -14 -51 -33 80 -54 -57 41 -15 -65 40 42 87 -34 73 -98 -77 -40 -85 -4 16 -59 73 -48 55 11 -27 -57 64 -62 -93 52 -64 54 -55 74 24 -73 93 -9 -35 -73 72 67 -82 74 -17 90 20 46 -99
65 -18 -78 74 -92 5 -84 71 -16 -96 -53 -33 81 -72 -44 -51 -90 -45 -58 63 48 47 -56 -89 29 4 -44 -84 3 -18 28 5 76 8 -8 7 -51 41 99 52 -50 -89 -75 15 27 98 -92 -66 -96 18 -75 -35 96 -29 75 67 -58 -86 -78 100 74 76 71 -59 62 55 -46 95 60 29 70 -60 33 -83 -42 -90 42 53 39 58 18 -47 -5 46 -45 -25 79 -61 43 75 -94 -21 -12 -72 24 -18 53 0 42 -30 -45
54 20 -4 23 58 -77 -81 97 -92 21 3 -52 -61 -13 37 -69 69 59 -7 -41 -69 -56 11 6 80 8 -42 -30 -74 74 -14 -99 -48 86 29 -51 -94 -62 1 57 -69 -58 37 28 -40 62 89 8 53 50 -61 58 -88 -42 -22 6 0 -10 -88 -59 -21 75 -2 -4 75 89 -65 -50 -56 23 -31 -43 1 52 -70 -71 -61 -10 -91 -36 -28 -77 -83 -23 -23 40 48 27 47 17 49 -100 -49 37 45 -59 -89 -41 -1 -62 40
-67 89 -28 -79 74 -89 -51 59 -70 -84 19 -15 30 -49 1 -26 31 -20 54 -6 -68 -75 -23 -39 -25 -41 60 -45 71 96 92 -52 -47 89 30 59 8 11 -52 -66 52 35 62 49 57 84 88 69 82 44 55 88 78 -73 -70 94 79 -44 -66 2 -79 80 24 84 27 -77 70 -64 -85 -24 -20 -1 6 -78 -18 -100 73 -23 -14 42 -66 37 -12 79 7 -76 44 40 60 80 -15 17 59 72 73 -7 -57 -91 -82 76 -5
-2 -50 -1 74 17 -65 -34 -90 -88 -52 26 43 9 -50 -4 -66 -41 75 -81 16 11 -83 0 -59 -31 -89 -73 -49 -64 -39 -33 98 78 20 -36 9 33 -50 -67 17 31 -34 39 -89 81 24 36 -11 -81 -2 61 -99 -10 -4 -77 -19 -80 9 54 99 -28 -78 31 0 -39 90 -82 -40 -25 17 -33 7 -75 35 80 40 -21 57 53 -43 -62 -87 -60 81 90 83 -83 -59 -21 -54 -24 -17 -45 17 -35 -7 40 -76 -57 95 -30
42 68 -16 1 9 -2 47 -47 -33 70 -61 -92 -7 56 80 -21 -1 -81 -67 33 -91 -59 7 61 -49 -98 39 41 65 -76 -94 -27 58 89 -40 -71 62 26 -26 95 -2 -24 -40 -97 -32 -58 -74 25 -36 -88 -58 58 40 42 9 53 59 -41 -64 -65 87 -65 -78 -18 93 37 26 45 -13 -99 0 -8 43 21 -27 77 -50 55 -100 81 51 70 34 6 -6 -16 -48 -59 34 11 -51 -26 69 -71 -30 -43 -85 88 -72 -9 -1
25 40 -87 23 -54 75 -34 34 94 -80 8 33 38 -97 -46 34 -37 -24 81 -36 -37 -16 88 -20 -61 -86 -50 -1 50 18 14 86 0 -30 42 65 12 -71 -44 -6 9 55 -38 -42 -10 -59 -69 3 47 87 -13 -22 -52 28 -76 -66 38 1 36 -30 -1 24 -39 -91 -46 86 85 96 10 -65 37 -22 3 72 100 31 -13 -98 97 65 -63 -99 -66 -45 -41 2 65 22 -71 8 -48 -99 -53 34 -48 -25 98 5 42 -49 -83
-35 -34 -2 29 -85 -97 -90 8 60 19 -81 -21 36 -30 59 -40 4 -78 -3 -84 -69 -22 23 -26 -10 24 97 -75 23 90 -17 72 7 69 86 -11 11 -30 63 81 48 -52 -95 -88 74 -5 61 -61 -18 -59 98 76 -97 51 -49 11 74 46 -29 76 62 -82 26 37 -32 92 -67 31 88 12 -74 -85 33 -95 44 49 45 -99 87 76 -5 63 72 38 49 94 84 -63 0 -89 -12 -24 -80 50 49 -31 73 -27 -61 12 -47
21 -26 1 -73 -60 -67 13 60 76 -94 79 -30 -77 -59 5 -18 -10 93 23 42 -95 -62 -92 65 14 35 16 -99 30 13 -46 33 -45 25 60 -74 81 -62 13 -57 -62 -80 -21 37 4 -53 -75 67 14 -52 77 81 -36 99 76 97 -69 -37 98 1 -83 95 -60 -69 -4 -23 16 58 37 -17 -5 82 -22 79 49 36 63 -18 -39 -35 53 61 -59 90 61 43 -2 -87 -65 -32 55 39 -99 -67 82 -34 -72 -78 -47 -40 1
-93 43 53 3 18 80 -99 36 98 -19 1 -58 -19 -47 -94 18 -59 82 -7 -63 42 59 19 41 -37 -68 -78 -94 38 47 -75 -97 6 -12 -27 -7 -12 86 -21 94 -26 -19 -46 48 86 73 -26 -65 -64 83 21 -86 63 -74 -32 -78 14 -63 93 -73 38 -31 -92 -76 41 -74 72 56 47 4 -80 -78 -72 28 -17 -83 46 61 52 -14 22 100 -67 -7 58 -22 70 -31 66 -32 20 -49 -56 61 -58 17 -60 -39 -8 36 -33
-96 43 -89 -58 -23 -42 76 -77 -4 -91 22 94 5 43 -5 -79 63 39 20 -92 -57 -87 -83 68 -96 15 29 -75 -15 -59 54 1 84 63 -11 0 69 41 59 0 70 -85 35 -83 3 54 43 51 -100 12 -69 -21 -75 97 -39 -50 -36 42 7 -73 -58 52 17 -94 -98 -30 -30 63 -5 97 -12 21 -30 -63 -74 83 93 -4 -4 -67 -60 34 -65 -7 71 -29 21 -34 -11 28 -93 -43 -76 72 -75 47 -49 -11 86 -25 -52
30 -14 -94 -12 49 61 53 29 2 40 10 -93 62 -81 90 -34 11 -26 -94 19 13 -47 72 -86 23 -67 93 -26 -27 8 -34 -92 -70 64 -47 -50 47 41 95 90 7 79 -86 -9 -51 -71 -6 -19 -10 -98 -60 -34 16 17 41 -55 55 -1 -30 54 37 -42 15 -84 67 12 -21 -85 2 -55 -33 45 -26 62 93 10 -76 30 -25 68 61 81 -97 25 -23 34 -34 -17 96 -48 -47 -83 86 29 19 49 72 29 -60 -97 -81
-19 55 34 32 -31 -36 35 65 -56 64 -17 25 -91 15 -42 8 99 -15 -43 30 -94 40 28 -41 -32 -46 -6 57 87 -92 -46 94 -64 -91 52 15 34 100 -23 91 -62 -91 64 -97 -6 -100 89 -93 -52 -42 26 -91 82 21 97 -64 77 -90 97 -14 -42 -23 75 15 -65 47 14 -34 -54 -6 -78 -11 51 -91 -43 31 36 93 -69 24 -45 25 -83 -22 -4 -80 -77 46 -58 37 -18 72 -26 59 29 -12 -97 6 68 56 94
74 -20 75 80 88 1 23 16 56 -95 -100 -95 -4 2 -98 42 64 -87 39 68 63 51 73 56 -9 13 -71 -55 -94 2 -27 -32 -8 30 -40 35 71 2 -88 -32 -72 21 -89 11 21 47 -23 -69 -52 -8 87 -54 -26 -59 22 -31 71 -74 95 -88 64 16 -66 -92 57 -7 88 46 -78 70 90 39 44 -53 32 -100 91 -96 -93 11 56 70 89 -27 76 73 61 42 6 -3 91 -58 96 17 -84 -30 34 -64 40 -73 -60
85 -64 26 21 74 64 93 -26 20 -53 43 51 -20 -69 30 -42 -9 97 13 28 25 59 34 -91 -25 15 -52 -1 -69 47 97 62 1 -33 31 97 14 -83 -62 100 85 -71 -80 45 62 30 28 35 52 -97 -1 -64 84 49 77 20 85 -100 -4 -57 -59 -74 -84 58 -70 11 -56 60 77 -12 -72 99 4 -66 19 -28 -51 -15 -55 -20 15 26 92 100 58 -61 -38 -83 83 -60 54 12 34 -40 80 77 -90 70 -74 -22 -97
22 -2 100 82 -26 -14 -56 -94 84 82 -82 48 32 67 -83 -3 -63 42 32 -74 44 100 -3 71 -86 57 -53 0 32 88 22 83 63 -17 -20 84 -2 94 -31 38 77 39 73 -84 75 -95 -1 -32 -8 -8 -59 93 51 58 -26 49 -23 -66 13 70 19 -8 13 -16 -94 11 -64 -13 -93 -66 90 -77 -87 -29 73 70 -14 -93 -83 -89 -3 -27 -43 79 76 90 -59 0 -21 36 49 -9 42 32 -19 57 68 -84 60 -66 -2
-26 -94 2 -5 -91 -47 97 17 -9 -87 -91 -28 -74 96 87 77 83 -82 12 -48 86 -31 98 35 52 78 -44 4 -7 -36 -44 79 -51 -68 -93 39 -16 71 -84 75 25 91 -8 5 -73 4 82 55 59 -81 22 23 -56 16 -80 -80 -53 85 -73 24 27 75 30 -37 15 -37 22 4 65 -19 88 -9 78 68 37 -51 69 -75 -50 39 -38 -62 71 -37 -82 27 -92 10 72 -76 74 -73 -15 -61 0 -74 99 68 71 -57 76
11 100 -56 12 -43 52 50 19 -35 17 87 100 35 7 -75 45 -10 98 -36 -70 -41 52 -13 -79 80 77 -96 -2 -80 45 -71 -58 46 -38 -56 56 -28 -41 -23 66 3 -98 -88 -72 57 -71 -72 -31 49 -62 46 3 27 -100 71 -63 69 -3 -32 80 -100 -25 43 95 29 61 56 5 -71 -17 -53 84 -59 -65 -62 -38 -57 19 14 -58 79 33 68 -19 -13 -31 67 5 -57 96 52 67 -81 13 -15 -92 -86 40 31 94 10
75 -76 46 -82 44 -98 -64 -34 11 50 -22 -18 -36 41 8 -92 -66 89 -98 60 -76 17 75 79 -33 -79 -59 23 91 -82 16 91 -28 1 -30 83 73 -72 72 -100 -24 -18 -75 -57 -19 -89 -49 98 -15 39 -72 19 -61 -34 66 73 29 -94 -18 -65 -23 -5 46 -12 29 3 -100 -17 37 37 56 52 -18 -13 -40 -51 -72 -83 38 35 72 -14 -64 61 -59 17 70 53 -26 20 86 41 13 21 8 -22 -16 -17 -91 -95 97
-68 -50 -63 75 1 -91 1 -25 18 29 -76 -11 77 -53 45 -43 -11 -10 -52 20 16 27 -51 26 58 59 87 -60 10 39 -10 28 19 -60 76 -70 93 -96 55 -29 96 -81 -96 25 89 -3 9 -12 -94 28 50 92 96 -53 94 81 43 38 -25 -28 -2 88 -65 15 26 -39 9 -85 -60 -62 13 60 -75 91 -28 -86 80 -48 36 34 74 -72 30 76 -12 54 76 -27 91 94 80 -56 -100 72 -82 -71 -44 -45 89 -58 -45
2 0 59 -27 -96 74 87 -30 -80 -57 -51 25 28 -73 55 64 9 91 -85 36 6 52 47 -20 -73 71 94 47 -71 90 16 100 -87 63 85 89 -70 26 33 79 82 -93 22 -72 -38 74 24 99 -59 75 50 -30 26 32 15 -38 1 90 34 60 -58 46 -67 1 59 -82 -4 91 20 -68 -28 28 69 39 99 -36 -63 37 78 1 50 -3 40 -72 -19 93 -98 16 -23 -38 -28 47 -76 69 -82 -15 50 -80 9 13 29
78 -44 70 3 32 57 83 72 24 -94 14 -62 -88 8 97 22 24 -16 45 -21 -17 10 -13 11 59 28 83 -22 46 -79 -5 84 -85 93 -32 0 83 -13 -58 72 -18 54 -73 42 -86 55 42 2 86 -92 -81 -12 89 -44 -63 -4 73 25 -93 -21 67 -35 -43 77 -7 18 -88 95 9 -59 -26 -69 40 -69 74 -74 32 -65 -39 -70 36 48 30 -81 -64 -86 -51 -2 40 59 -3 65 55 -7 -58 -14 65 3 -77 1 -44
-67 -77 -71 31 67 40 67 16 -89 -39 -39 62 44 49 48 -11 -17 14 -25 -19 93 71 -52 -46 -11 66 20 73 22 45 83 77 86 92 -10 -51 83 79 80 -71 -54 62 76 90 57 -66 -28 -66 -46 98 80 36 -39 40 -7 -30 23 50 -70 -73 -85 -35 -28 -79 45 28 8 1 38 -88 24 -74 50 -66 80 68 -16 -26 -23 -12 85 91 50 15 -90 64 -71 -39 -46 29 -43 -13 -18 58 -37 84 4 6 -28 -99 35
37 -7 18 -65 -40 -7 5 -44 91 12 -63 88 63 11 -93 -35 -35 -87 -25 48 79 69 67 94 -33 66 28 88 -75 -72 -12 -17 -68 -55 -38 -8 -75 68 49 64 -16 27 98 -88 -90 -69 -5 -40 -6 -36 -1 -7 -62 20 59 56 -53 13 58 -91 -29 -74 -18 -4 37 -68 -2 41 -80 -32 27 -75 61 12 4 -61 -92 -66 -9 58 -13 -27 -29 -50 -97 82 -7 -43 -98 -99 85 72 6 -23 70 37 -12 14 -81 10 48
85 -32 33 -89 70 -99 46 48 91 -76 -76 -1 -66 -98 21 -19 -45 71 74 -82 48 25 67 14 21 -10 -17 -63 24 24 -10 79 -46 90 50 -35 71 -98 78 37 -87 -74 26 64 57 -8 63 -75 89 30 -92 -46 -48 -73 68 41 56 -56 -23 36 84 75 8 100 -91 -37 58 18 90 20 69 95 -80 -45 31 68 19 -84 21 -49 100 -19 27 96 59 4 -22 88 -69 18 -48 -18 -47 26 3 72 5 1 4 -37 40
-44 -46 90 -85 -92 27 -51 -33 -58 64 57 9 5 7 83 96 -73 -61 39 96 99 -43 -60 -72 -87 25 -54 -90 -8 93 -25 9 97 5 49 25 78 -96 -72 95 75 -19 -43 -58 49 -13 -61 10 -23 57 -80 5 -39 -37 96 21 44 -72 -73 70 -47 -45 5 5 6 -55 66 90 -5 91 -67 72 18 53 83 -28 -99 45 48 97 59 -100 21 -20 -99 36 -33 59 95 8 -28 41 62 -31 90 -72 81 -85 -50 -27 -44
84 86 39 48 72 40 -15 -11 -33 -17 53 -93 81 -62 -32 -60 -18 -23 76 -86 -77 91 -76 -58 8 52 46 98 -99 -17 -65 35 -98 57 -52 82 42 72 29 -54 4 -8 30 99 69 60 -60 -25 13 99 93 -25 63 -71 -57 -39 39 -95 -32 -6 -42 83 -54 19 -50 60 -27 -4 88 4 85 -9 26 -63 31 59 -52 -44 -15 72 59 -75 36 -75 -25 84 -50 99 95 29 -59 -4 -61 -16 37 51 -87 -63 -32 52 -81
-17 65 45 -75 10 75 -87 -92 -94 -11 13 -53 -48 -48 -12 58 -18 -70 -7 40 -83 6 -26 -31 -60 -51 50 30 -60 9 -51 7 -15 15 57 -53 87 -25 -28 -38 27 -96 -14 -16 -83 80 -85 67 -9 -74 -2 -100 -66 2 -97 -33 48 84 -75 -86 -26 10 6 15 -27 64 82 -48 84 90 -9 56 49 -26 -73 47 63 -53 88 81 64 -86 58 -49 -43 -92 34 53 5 -65 0 46 -89 -79 -54 43 88 -59 -58 55 -12
28 38 12 -75 31 71 -40 68 60 -30 -49 50 -74 60 7 -33 0 -29 41 73 -75 38 -45 -17 -70 -23 97 84 -42 -91 -20 1 72 69 -18 -83 24 9 -65 11 -55 -77 -68 2 -66 -3 -75 -9 -41 -97 -46 54 -45 -24 -78 -49 -37 11 64 36 6 -21 -15 -48 -6 -90 74 8 -45 78 5 -6 -56 93 63 69 46 -11 -17 34 58 53 -98 -61 100 25 -10 -50 -56 -45 -16 6 -54 -57 -16 -26 4 33 -13 -74 -69
-72 -75 -21 92 -18 39 -53 77 -40 -19 66 96 -90 -33 23 16 -55 37 25 -33 39 -21 -22 61 -92 -86 -19 81 3 99 20 85 94 -87 -74 31 -34 0 16 24 89 -27 -91 87 -71 -17 -48 99 51 45 46 -81 -71 0 99 -18 -14 86 62 -49 -64 35 -10 -45 42 40 -42 42 22 93 46 85 -41 60 -57 -82 67 21 -90 -39 -62 -61 11 -66 -81 -58 7 -18 70 -78 -85 49 21 -7 -37 -5 42 3 30 -100 70
-28 86 19 -92 -14 -88 20 -20 -34 36 -91 -42 -61 88 -77 -28 52 -77 8 70 -46 -15 -84 -97 8 60 -65 13 -16 1 86 83 41 -61 -19 28 -65 78 -9 -45 -30 41 81 3 -25 -90 83 55 17 3 -84 -33 35 -99 -93 1 53 -72 51 94 28 -75 82 -81 68 -85 -24 89 -3 93 -76 34 -40 78 83 1 85 -10 -55 -6 58 -24 -35 -46 15 74 35 66 -39 16 -57 5 -63 56 29 -4 7 -24 10 -7 -59
77 67 35 -98 83 -49 41 0 57 -65 28 76 39 -19 64 -54 69 -14 47 -28 10 87 32 -60 -5 21 -37 -96 -46 -68 -78 45 49 64 23 68 14 -48 23 -63 -52 79 80 -58 -64 4 82 -7 -71 38 -74 -81 67 -59 17 -67 -50 67 -29 -3 99 -1 -93 48 -12 30 -7 23 71 -86 -78 -5 -11 53 67 4 -63 -90 -32 62 -27 18 52 -46 45 100 -76 81 -62 41 -14 99 -28 -61 45 -95 71 -98 -13 -33 -44
71 -89 -20 90 46 -68 79 -83 -21 -62 -53 -77 -53 -34 -7 71 -13 61 -99 42 -9 52 -22 21 38 32 19 77 18 -49 38 58 -19 79 54 -77 -77 40 5 -45 -5 67 -5 36 -61 -9 -69 97 59 72 -11 -63 83 -19 61 48 15 42 -89 18 -8 88 47 -12 31 91 87 -56 14 -96 -25 -38 -18 -12 -17 75 -46 -58 -99 -68 -89 46 -91 17 28 46 -65 -86 -18 -54 -85 47 -9 76 -91 100 -25 -41 -74 -88 93
-75 20 30 12 -92 -56 -60 -98 -50 -71 64 96 -73 38 -54 23 -20 -61 -4 -46 -86 86 79 -62 -30 81 -18 99 66 -19 1 -8 7 60 -35 45 9 -87 -48 31 0 21 89 -31 75 -64 48 -1 -31 33 86 -52 -36 40 -62 -91 -92 84 6 -44 52 44 73 -8 32 -65 22 16 76 47 -29 25 18 82 -93 60 -90 -31 -77 58 -70 -86 46 19 56 -23 68 58 -11 -55 14 -11 58 -35 -52 76 -84 -39 -29 56 28
-9 12 58 -93 70 -90 -18 44 70 7 13 55 100 73 -52 24 39 25 -67 86 -82 9 -48 -7 -57 32 5 -78 -15 55 7 58 -3 83 85 66 85 -20 29 91 61 -33 -93 -21 47 71 -66 45 5 -28 4 -81 -76 -77 -72 90 -46 -44 -81 -9 -51 51 -68 -14 37 -80 -26 2 -69 -45 57 -100 53 -95 -43 -46 -6 3 59 16 66 -44 -31 -45 9 5 72 20 -68 -4 41 91 44 -2 -60 -71 -28 -57 29 67 -25
-67 74 5 51 83 2 -83 -100 86 65 -46 64 97 21 98 5 -6 -24 80 -85 -26 -58 -23 34 -45 -40 21 84 47 -3 -17 -73 1 81 -85 14 21 35 -37 -21 -1 12 -89 48 57 -97 28 78 11 67 -9 49 52 -41 85 -13 -75 -38 34 5 -43 36 -71 97 -68 -38 10 -99 78 51 -93 -59 -75 -78 97 73 -55 -11 -67 57 28 -11 -28 -7 -75 -31 -69 -98 44 -2 -84 38 79 -36 71 -15 -70 91 28 -98 21
