2.646387
2.049033
3.454967
1.780093
0.854968
2.779334
3.223059
-0.861184
0.752811
2.374174
3.744444
0.485075
-2.194087
-2.096005
1.383753
-0.518750
0.367679
1.359384
-0.194195
0.852399
1.320244
-1.923077
2.650449
0.776428
-0.551789
-1.098409
-0.668332
0.148564
0.051899
1.502056
1.916925
4.145463
1.111808
-2.707921
0.329595
-0.226463
0.995787
-1.802253
-0.585151
1.805243
-1.360030
1.844359
-1.958910
-1.753586
-3.587920
-2.329214
-1.241081
0.092491
-0.070757
1.051566
1.036826
-1.272143
-0.175825
-0.165979
-2.297339
-1.144236
0.234838
2.866351
-0.779145
2.095110
0.778280
0.662543
2.476079
-0.758022
0.999283
-1.443468
-1.287134
1.954164
-1.478265
0.569096
-0.384140
-0.022890
0.061899
-1.611881
0.435428
2.746782
1.089765
1.222011
0.952963
0.948788
-0.584343
-1.051311
2.349205
2.401590
0.652400
-2.197451
-0.245474
-1.741208
-1.224990
-1.745336
0.558236
0.273373
-0.390933
0.170489
-0.946472
0.868725
-1.051209
-0.960642
-2.882675
0.264054
