-0.760359
1.641519
-1.628087
1.950847
3.126894
1.952613
-4.744878
-0.108359
-4.604431
-2.857445
-1.912903
-3.405813
2.847999
-3.615331
-0.318270
2.070456
2.221487
3.620598
-1.829599
1.447888
4.981545
1.237505
-0.722254
-4.130335
-3.713474
3.392376
-0.476061
-0.231087
5.921806
3.703036
1.065469
1.264350
-1.028750
-6.143773
-2.213612
0.702045
-0.930968
-0.557696
0.524040
-3.563795
0.692192
0.567310
0.455559
-1.092095
3.443372
0.482380
1.577161
-0.033526
-2.378429
1.414068
-0.003455
3.241848
0.030997
9.236151
0.482304
-2.082941
-1.443628
2.908002
3.289219
1.236038
-2.272714
0.176915
-2.536821
-2.821747
-1.837224
3.471556
-0.238723
0.047121
-9.329247
-1.703406
-0.182958
4.206377
-0.044752
-2.289917
3.113696
2.977136
0.155070
-3.623887
-6.149931
-4.105176
-5.872498
2.812595
1.584832
-0.064291
-0.545086
0.783612
-0.401822
2.348750
-3.575991
-1.183504
-0.391318
2.716103
-0.343802
-1.349259
0.509204
2.591948
1.586084
-1.358700
-1.626489
-1.505123
