-0.250803
-5.646273
-4.939614
-2.531040
0.269858
2.756710
5.993003
-0.814158
0.312552
4.072636
5.194862
2.874327
-0.875149
-8.977019
-1.826338
-1.739185
14.882429
4.210043
5.564842
1.633022
-3.316632
-1.281762
5.490082
1.726173
-1.378880
2.542343
1.812154
5.181124
-6.281553
10.593407
2.518620
2.286949
-1.583275
7.475690
-5.137654
11.917210
-4.207844
1.095772
0.803669
3.118997
-6.214565
2.663741
-1.485694
3.436766
-4.828475
-1.393296
-8.022045
-8.203398
-4.459477
-14.896409
5.340692
-2.217479
5.323796
-10.677065
-4.651140
-4.649316
-1.868054
0.648508
-6.728039
10.396832
-0.915902
-6.472505
2.781512
1.373363
-0.715429
-2.801722
-4.430661
-10.738375
2.329613
3.342101
0.417150
-0.133861
5.938225
-3.270858
4.536041
-0.949778
0.135256
-5.387585
6.016969
7.472318
5.180724
2.780470
-4.419620
3.155977
0.978233
1.638904
-2.985828
4.453750
1.213991
-9.789703
6.254969
6.185904
-1.216049
-1.073894
6.674361
-4.469525
-6.658583
-4.767770
4.704854
-3.587120
