-50 91 51 88 56 -22 -61 -42 -6 88 -69 37 -13 89 37 2 2 -98 45 -34 18 85 56 -52 47 90 -50 -92 -68 -63 -71 21 53 62 -90 80 4 67 94 74 55 80 -26 68 -63 -89 -29 27 -88 45 -30 61 -60 54 71 8 -32 -96 -97 76 -73 -9 -63 -18 58 31 -83 8 61 95 -92 -67 80 81 92 25 82 -10 -27 -10 36 41 -84 -18 15 -26 -71 28 67 -9 -31 51 80 65 -67 -42 47 -76 -64 2 26
92 16 -76 -71 -61 -6 -8 -93 -64 -12 -49 52 77 27 68 -25 64 -72 22 53 -42 -22 -31 71 44 -37 9 -85 -29 -63 55 29 43 -60 13 -68 -35 27 -70 87 -86 54 13 30 16 -42 83 -46 60 -84 16 -63 -70 70 -69 18 43 -72 -51 -43 59 2 -33 -84 -85 48 44 -77 88 -4 5 24 35 68 78 -60 7 13 73 37 76 -67 17 -82 99 55 43 15 6 6 -69 100 -85 93 -90 -71 43 97 -43 100 -57
-76 -68 8 8 97 -75 -31 -6 45 15 -43 -29 -100 96 -92 -80 -1 6 51 51 24 66 -70 0 96 61 19 -67 -25 54 -16 -56 -42 -89 -9 -74 34 -12 8 25 -61 -45 -82 -81 -32 27 64 -53 65 40 -44 -84 -94 -81 59 13 -2 48 -83 91 43 2 42 -27 -80 -26 -86 -94 -72 47 98 -11 81 -29 81 80 -27 51 88 -70 -41 -99 -87 -64 70 38 34 -52 73 -63 67 -6 76 -44 -33 -34 -95 95 -5 61 -31
59 68 -49 -26 -36 11 68 -69 97 -28 -65 -17 -60 -59 24 -100 8 -88 93 50 8 24 -25 72 11 -27 34 4 98 93 29 -23 39 -30 95 15 -13 -53 -47 1 -47 -95 8 65 50 -35 -46 -69 -94 99 1 39 11 82 -81 4 6 33 -56 16 93 74 82 6 2 33 69 83 70 74 31 -59 -15 58 1 -9 46 91 28 -79 -9 -82 19 56 -12 88 -41 -52 71 -90 59 65 -93 43 21 42 -56 -35 43 88 -12
-64 43 -9 -46 -22 23 -86 53 -10 -75 51 -71 -16 -1 -78 58 -99 18 -62 -20 35 -3 -96 99 -33 -27 21 62 97 74 -5 20 18 94 11 59 64 -23 -51 38 -7 98 -84 39 -25 6 73 62 -52 57 100 15 59 -50 79 69 23 19 57 3 79 -6 76 -89 66 90 -64 -44 -43 83 66 3 1 -31 14 67 49 17 29 46 -2 -58 -16 -2 46 53 -24 2 -98 62 76 -51 -11 -13 -35 34 75 13 29 53 -73
-43 -5 -45 44 -4 99 -70 75 -63 63 -30 -96 95 0 -77 70 81 25 -56 -93 32 -49 -46 -33 11 54 98 -98 -18 2 21 -14 35 17 -56 48 93 -72 -67 -83 83 -20 41 -8 89 79 -96 100 50 -14 5 14 -67 -13 33 -99 -95 97 98 38 35 -26 -78 78 39 24 -12 51 -74 -44 92 -95 91 12 100 33 -61 -40 70 34 -98 19 -21 -42 -54 91 -79 -64 46 -24 -13 18 -32 18 73 -24 -41 -77 -38 -27 42
-47 54 100 -77 -82 93 28 -71 81 4 -8 49 47 83 73 24 57 0 24 -1 0 65 82 61 68 -68 1 -14 -55 48 -8 34 -67 10 -4 -52 24 27 -3 -22 -100 -94 21 54 4 60 -88 50 83 -28 -87 78 -70 34 -47 -5 -6 12 -90 16 -30 -69 80 -25 -7 -38 -21 17 23 39 -62 -65 67 -82 29 34 -54 0 -78 75 -92 52 -91 -5 2 30 80 -24 67 -75 31 -37 53 -66 -74 35 -42 60 81 21 -43
-12 -89 100 16 -47 -35 88 39 96 -58 -2 -33 94 71 65 -95 -12 -79 38 21 -47 -100 -52 96 25 -5 -22 48 56 -21 18 -88 82 37 16 52 44 24 41 -94 76 58 -98 73 58 -95 44 28 -30 94 -26 -62 96 -74 45 44 44 -5 -2 36 -17 -67 -61 -65 -54 -41 80 45 1 48 20 -76 86 -37 63 -33 65 -64 40 24 14 33 -76 -98 73 92 36 3 -37 -10 -44 27 -18 -97 21 -27 -21 -31 56 50 -89
-87 54 33 -42 20 -29 67 -89 -84 33 -76 -4 -70 14 -15 -21 97 86 31 66 44 34 -81 -25 5 43 61 -4 -2 45 -76 31 -14 83 23 25 95 -65 -38 -1 -74 20 -100 -28 -22 88 -64 33 -5 35 -28 20 61 -99 -38 68 -19 -26 83 -79 95 97 -48 -7 -88 -12 34 -14 -41 -99 14 -76 -41 -95 -69 40 -20 -95 57 -19 -35 84 -60 32 -59 -70 -95 78 -35 11 24 84 -35 -99 -74 -3 81 26 -25 -84 80
16 82 -76 -57 3 74 53 -69 35 -83 -19 -25 11 100 -2 -99 44 67 -47 -62 42 44 36 -37 62 -84 -51 -29 62 55 -37 49 29 74 -62 8 21 19 -45 63 -65 75 -31 39 -65 15 -42 36 -75 36 -65 -46 -94 -78 -5 39 16 69 26 -55 41 -55 -88 30 -35 -9 -58 95 43 -70 19 -68 91 -72 24 37 -32 42 85 -76 6 -30 2 -83 -66 99 14 -24 20 85 -62 -52 45 -51 76 71 81 74 27 14 -36
67 -40 -71 84 12 9 29 36 -90 -55 23 -28 -59 -29 -91 -44 5 99 70 22 76 -8 -74 -76 92 43 -64 -78 95 63 -24 75 -83 -78 -91 -84 -56 29 -38 -55 -79 -38 82 95 -52 9 26 -11 -3 72 64 17 0 49 26 -6 88 -80 -13 81 -45 62 -78 -72 -98 -10 21 -78 58 -11 65 -85 87 -23 -46 -31 75 -45 -17 14 45 94 -20 64 99 -98 45 84 74 -89 51 98 95 -43 -49 -65 -56 59 -63 -45 13
-96 -52 -85 84 94 -47 34 -24 -25 94 20 81 -44 88 1 -7 -5 -56 -41 11 2 -89 -91 5 29 28 -14 70 74 83 -67 28 28 -6 64 -40 23 20 17 89 49 100 31 63 -25 -72 82 46 41 77 -79 37 -8 -71 -90 23 -63 83 -5 -17 23 27 80 -48 2 -94 20 71 97 -50 6 50 11 43 54 -52 -87 68 69 83 -14 95 21 -64 84 64 -77 -93 -60 45 3 75 -27 -40 3 -37 -40 79 -69 -38 69
-4 -61 78 -2 -67 97 90 99 29 18 -30 54 23 -75 -100 25 26 77 -67 -69 -26 63 22 -31 -50 -68 35 -56 6 -24 4 49 -38 85 -79 41 -11 75 -63 -55 -61 87 27 69 73 60 -27 48 66 75 34 57 -20 -14 52 95 96 10 -73 -95 -69 -10 -62 -28 -1 80 -43 -33 -17 78 1 -80 -56 -47 -22 -36 55 99 26 -74 -83 -15 20 59 -89 -37 81 -78 76 -59 58 -43 -10 79 99 28 -11 -94 -72 14 12
20 42 -58 76 22 12 29 98 -4 14 -62 91 46 55 -59 -91 62 -70 -55 33 27 77 -69 0 41 74 -51 17 -85 -90 35 -42 0 37 -2 32 -87 78 78 -58 -98 62 63 0 -79 -97 -20 81 -7 -49 -83 -8 77 48 -97 88 -93 -53 -72 46 -42 -91 -78 6 -89 -4 14 -5 40 28 -5 -18 -93 -9 58 -79 -65 -42 35 52 -9 32 73 -25 19 -51 7 91 100 100 -1 -49 79 -20 -13 -31 -80 -3 -20 -85 -43
-50 -60 -34 0 8 57 97 44 -96 0 54 -49 59 31 30 63 -83 46 -22 78 47 -64 27 -65 -12 -41 67 0 -71 91 -90 63 -41 39 -72 -60 62 -59 36 97 74 38 -16 87 6 -12 -85 74 -16 76 44 81 -60 -44 -67 24 1 70 -46 -31 97 -74 14 -40 26 -86 58 30 92 62 69 89 61 -55 37 62 -86 -56 56 30 -24 -88 -88 84 -67 -7 -65 -36 -45 3 -53 -10 5 -79 72 77 98 44 -18 -65 -46
73 -73 -44 23 -18 -77 -69 -81 -61 80 -92 52 -35 -40 -49 -35 -18 -46 84 65 -91 32 -34 91 -18 -58 91 -75 -29 47 33 -6 -85 -25 -46 -94 6 44 -58 60 64 -18 -75 -74 -14 -28 -61 -76 -37 -77 0 52 3 19 -94 -49 -76 -99 -83 -49 -71 -84 79 34 -77 -16 55 13 80 93 25 14 18 -46 39 -41 29 77 -83 -3 21 -38 96 69 -62 28 -18 12 59 -26 75 -53 22 -6 -99 -56 25 35 -88 -38 34
83 -30 -23 -65 60 -52 -10 44 23 18 -99 -10 -11 90 -36 26 -65 81 41 5 -74 -3 87 -41 -92 15 79 58 -43 -35 -2 -69 76 37 64 -33 -52 91 -94 44 -33 -97 28 -53 -47 -36 -80 74 -14 -49 88 29 -22 -39 -73 87 -31 -33 74 19 -96 -80 -91 7 -11 95 -68 -70 54 41 56 97 -38 51 -70 33 61 68 88 57 18 -29 6 50 -31 -70 -14 -76 -39 -12 58 19 83 79 15 69 49 76 -57 51 50
-69 65 -67 49 12 21 -82 -13 43 9 -76 3 43 78 62 85 79 75 61 47 54 73 93 74 -64 -78 -60 -99 -7 44 12 96 27 51 -87 -76 -20 -34 -13 57 -77 -9 -81 -44 -25 37 55 52 2 23 32 3 27 94 -97 82 74 22 48 23 50 18 -78 51 95 35 51 79 100 -89 79 50 77 9 42 -78 -24 -19 99 -11 0 -36 94 -20 -68 -37 -31 21 24 9 51 -46 59 -46 58 -37 -13 71 -71 -71 -87
75 -24 73 -14 -36 -90 -82 -54 -77 -26 -72 -54 3 -54 -72 -81 -46 -20 -60 89 -53 -86 41 -37 83 -64 42 -54 42 93 35 59 19 23 55 -37 -99 -40 90 -55 66 -27 85 75 80 -99 -71 -12 14 -56 11 -85 10 -61 -49 62 -18 80 22 -19 11 56 -8 -11 -13 -13 -50 -84 45 -18 -87 89 -36 13 -7 -6 -77 48 54 81 97 -39 62 -68 -26 54 54 -85 36 -57 85 37 -34 75 18 -69 -22 86 56 -63 -63
0 -24 -47 8 -11 -58 33 66 52 8 49 25 50 -21 90 -65 -33 69 -71 -84 29 -78 -98 -64 95 -28 53 -62 -55 30 -67 -4 -5 -79 -98 -54 9 -35 70 23 40 56 -65 -2 -93 58 -43 -43 72 2 -17 -90 -11 -78 -40 -98 -25 46 10 -94 0 42 -75 -25 -75 75 37 29 43 44 -72 -13 -34 -70 -62 -38 29 -16 14 42 -21 97 80 -90 -14 78 39 27 -9 67 37 91 26 -81 -67 -25 93 -78 -40 16 -44
8 85 -11 -17 12 66 80 27 -63 79 12 -64 -10 -53 -67 67 -15 -3 -26 25 -43 -38 20 -53 96 -19 16 75 23 -73 99 99 -70 35 83 -49 67 3 65 28 -90 9 88 -12 92 52 -50 45 80 -8 10 18 10 35 -71 15 16 67 -91 68 39 48 70 100 -84 30 -38 69 96 -38 97 23 -77 -74 76 -15 -68 8 -13 25 57 -64 11 94 -4 96 -23 90 -14 -33 10 41 -26 53 51 -62 10 -26 82 68 -36
57 -42 84 50 -88 9 -33 88 13 -33 38 -97 -8 48 71 -72 70 -10 53 -29 -4 -30 -98 92 -39 -14 -19 -14 13 -34 11 -4 -42 85 -16 60 69 72 53 -83 14 98 -41 -65 31 -25 44 -51 -30 -68 11 36 -85 -29 -20 39 -80 -48 17 -19 67 66 51 -20 -31 -31 -47 93 65 -95 53 23 -40 -21 0 56 28 34 -73 26 -36 -55 -61 -3 -64 81 -99 73 -88 -29 89 73 -52 -85 -34 68 -54 -5 46 11 26
21 41 2 55 -46 -60 81 54 56 -13 14 -28 -18 -80 -87 -28 -96 -22 -49 -26 -92 -17 -78 63 17 -94 -60 -59 -97 -29 -80 -95 82 88 -32 76 5 -51 -28 55 47 -32 -7 79 -48 25 39 44 -94 67 11 -21 77 -90 -41 20 -80 -34 -85 41 2 -70 -82 -13 -98 20 38 41 -40 83 54 83 -96 -92 50 52 -98 -65 -48 -54 4 -77 9 -67 19 3 -63 -98 -14 79 -89 -60 -11 -4 85 18 -18 -62 -99 -4 -78
99 -85 26 -78 75 42 57 42 10 -30 28 8 72 23 -56 36 35 1 79 -76 86 22 -43 -13 -95 81 -83 10 -26 55 12 -11 -25 47 -34 84 -94 -86 -32 55 -36 -42 62 -80 100 -87 98 38 87 41 99 -8 13 -77 60 66 77 -31 -81 44 -23 78 -84 3 79 -4 -76 0 -1 -64 -3 -4 35 -66 68 67 40 -63 23 -92 87 83 -45 87 -10 22 47 -61 -63 98 5 -55 -30 58 -51 -73 48 -68 41 -6 50
-27 15 -91 51 -6 -11 69 60 24 -92 24 -91 27 6 80 -44 86 -50 -5 13 17 -93 26 44 25 69 26 19 -85 18 -97 -74 -37 42 -59 -56 42 -75 -51 28 -58 33 49 -97 -72 85 -69 -76 -31 -77 80 62 75 79 45 -45 -1 46 -37 76 1 39 -93 -80 88 -60 22 46 99 -15 -16 -42 27 -81 43 16 -100 -77 -80 -100 -3 30 -17 -33 -30 -83 17 -72 -57 -74 -10 -40 -43 71 -94 -75 -81 -45 71 92 -42
-6 27 -13 11 -68 54 -89 -50 -22 -1 -86 -74 -60 76 43 32 -70 -70 20 -2 82 -67 -74 11 40 -57 -70 13 -33 57 78 -77 -66 4 40 15 -47 69 85 -51 45 84 55 -93 6 34 60 56 -42 -23 -92 44 4 -87 50 77 50 56 60 36 11 31 -35 -68 33 -96 -15 30 -36 -15 4 12 40 -95 -89 -68 -20 -18 91 -60 69 -87 -86 24 30 -60 48 64 -83 -34 87 -29 23 20 68 63 -38 7 -88 92 -34
-59 -31 -51 57 -24 17 -29 60 -71 -98 -47 22 32 -39 27 -22 41 23 20 -41 -63 -40 -19 -29 -68 19 -15 66 -49 78 -11 -73 -82 25 -60 64 -13 -66 -84 -64 -37 6 -74 -12 69 -69 9 37 -64 -52 55 83 68 -74 17 67 68 -61 90 -78 13 64 44 -72 37 -93 9 -70 68 57 -68 -63 -85 0 -43 43 -64 98 60 55 -25 32 23 -48 9 100 -23 11 -80 99 41 -41 61 50 66 30 25 -33 -42 82 -18
36 -47 82 71 23 91 100 -71 -82 61 70 -33 80 5 -63 99 72 -25 59 -57 11 -69 -85 -23 46 25 -87 -97 -58 32 -83 -8 71 70 -26 -49 -10 -97 -91 -73 -72 75 -85 75 -94 -96 -15 -41 71 48 38 39 22 -16 23 -74 52 23 -73 -25 -60 -64 -78 34 -72 54 -45 8 -41 13 56 5 -31 -50 -74 14 33 -33 72 -72 11 67 16 -6 1 68 -4 74 -9 95 -45 -12 -13 -47 -91 -46 70 50 61 -53 66
29 -27 71 -67 40 63 -98 -84 68 -30 -39 79 55 -10 -6 35 94 18 -5 51 -17 44 -24 -17 31 -8 -2 59 3 -86 -45 15 -13 4 -33 -48 -13 92 -33 -83 -81 6 -84 30 52 82 -100 59 72 28 53 97 42 30 -22 -5 29 -70 -27 -59 24 -69 64 37 -47 -99 -52 -74 14 91 70 -14 -59 99 69 61 27 78 -24 -61 -76 -73 100 7 -54 -8 67 70 -41 91 -36 3 -43 24 -76 91 65 -83 -65 56 30
16 -91 -60 -61 -54 55 -40 -40 -22 -71 -48 98 30 19 -23 22 62 72 -32 -69 10 -30 -92 83 -34 -100 -61 2 -59 -63 -90 -70 76 -44 28 94 -82 -70 -53 -77 -28 0 38 -91 90 -48 -87 46 67 63 81 31 -72 16 -52 77 67 -87 85 -26 -37 46 24 -44 -95 -67 77 -47 28 -98 87 -41 37 -33 38 88 86 81 -51 -6 36 -15 -96 -11 -100 -72 -89 -21 -40 91 -20 55 -17 -61 -12 -17 -97 32 -79 -2 -38
19 -28 14 21 -52 82 99 -33 61 -46 49 85 -27 50 -27 -12 61 -79 92 -100 -54 23 -66 84 67 -22 39 75 -45 45 19 3 16 52 74 -77 -88 62 56 -16 -52 -21 66 77 85 42 18 2 17 -96 34 22 2 -60 -8 -73 -3 -43 58 77 -18 22 91 100 11 -5 43 91 -29 32 -50 69 94 95 -21 -45 -71 46 21 44 94 85 95 84 -57 -30 16 -11 -5 -39 65 -95 51 -84 -78 -39 -65 3 75 -61 -88
-14 94 43 92 -28 -23 13 -6 6 -76 -92 -25 92 -18 -31 -7 32 -68 -9 -58 9 -69 100 28 -6 11 -7 52 -44 -33 -19 10 -18 56 -79 -90 52 -56 74 -66 77 -49 -90 -43 71 -56 -69 -69 39 -39 50 -91 96 -13 -67 33 97 -68 -93 89 -85 0 98 48 -32 48 55 83 70 69 -13 -79 -92 -41 29 49 -32 -43 -31 3 -47 85 -67 60 56 19 42 98 -71 -35 -99 -5 -73 54 -73 -28 -18 63 52 21 77
18 49 57 -28 -17 21 -51 31 45 15 18 -100 -26 61 -52 -82 -36 33 -94 -27 -48 30 70 70 -21 -61 37 64 31 -56 -78 -70 44 -42 -56 -85 -31 -68 -9 96 56 -90 34 -63 -7 -85 77 39 -33 24 53 -57 15 25 -62 -4 21 1 56 -40 -14 -46 -21 -83 -23 34 7 -100 -3 15 5 61 99 6 62 -47 -56 84 69 7 74 53 -62 -60 -93 -93 56 -30 58 17 -27 99 -23 51 99 2 -91 -17 32 59 30
78 47 -13 -91 74 -60 -1 -86 -46 91 -41 61 19 -78 91 -89 21 100 64 94 -69 -36 -98 7 66 66 13 -77 -9 70 70 33 44 73 -98 -92 54 -11 53 1 43 -47 39 -37 48 32 68 33 80 32 31 93 1 -96 25 -16 -74 -24 21 98 9 -91 -2 -38 38 -59 -4 -1 -42 -10 -68 19 15 23 -37 -47 28 -35 -64 -50 83 68 -37 -3 -100 34 -74 15 -48 53 -16 23 -88 -85 -12 -5 95 66 69 -7 45
-45 -63 -68 82 84 28 3 79 -18 71 1 -73 57 -3 91 67 -9 -58 -50 93 -41 2 42 -57 -87 -59 -69 -60 44 -3 -31 80 54 27 39 23 -70 -36 -5 75 80 -41 -98 98 -21 -50 63 22 -30 -17 -38 -72 54 -83 -2 29 -55 -18 -19 -12 -38 -66 -27 -12 25 50 35 21 28 -9 -2 -30 -2 57 54 97 -70 -36 63 36 66 64 -49 -32 -69 -13 -73 -36 -85 69 14 12 -81 -61 -32 -2 -14 24 -13 95 70
-88 -47 98 84 -10 -53 -68 -43 -46 -29 35 -38 46 -29 49 -18 -28 50 98 39 69 8 -100 71 -40 -97 -3 47 28 -9 20 -21 -39 -13 70 12 -7 -12 -97 38 -3 -85 -49 75 -86 -94 -54 24 77 14 -100 -15 47 96 -63 -1 65 76 -52 95 67 -55 54 8 -91 -3 -5 -69 -22 -7 -30 68 -68 -14 -48 35 -59 68 -72 -99 60 -35 -16 -21 26 57 60 81 74 58 61 76 54 -16 -27 -16 -50 47 -51 0 77
-100 -38 83 74 -84 6 -11 100 -47 -7 60 37 -84 -55 41 -63 0 -61 54 88 -85 46 -6 25 66 30 73 -73 66 -64 -2 77 86 73 49 -69 74 -59 -17 -98 -22 100 -92 -29 -40 5 20 64 97 -80 30 33 -26 20 -39 -79 -53 -100 -78 96 10 -1 -49 88 10 -14 47 81 24 20 -35 1 62 -79 26 -13 -62 58 79 3 32 -59 39 7 -42 12 96 31 49 6 82 -29 -36 -42 91 83 14 -77 53 66 -85
-3 -91 62 -3 27 29 80 36 18 -93 36 -39 89 -100 30 -38 -14 89 -94 43 -95 8 -42 20 53 72 -82 65 16 52 37 -3 -37 -78 -18 59 -23 53 93 7 -34 -71 -1 -4 54 -38 36 4 -37 -16 100 -51 25 60 67 74 94 69 -69 58 32 -63 21 -39 -84 -35 64 18 16 -57 -64 -85 -67 10 81 -86 88 60 90 -88 63 57 -26 11 -79 -34 -92 -72 -65 -42 -99 -56 26 23 -20 -48 -35 -81 2 57 5
73 14 -72 45 8 -69 -15 -51 -58 89 -26 23 -4 -61 61 -82 -76 -11 1 -73 48 -86 -8 -29 -23 -37 24 -55 20 17 -32 35 49 19 90 -96 -59 100 72 72 -10 45 -11 -97 8 -90 -98 91 67 -28 -99 -24 -100 -31 85 99 -31 -22 98 -80 26 -18 67 -4 80 -38 29 -52 -18 -73 -80 -22 92 -4 99 31 -65 -41 -84 85 51 20 -36 65 0 -30 79 3 41 -87 25 -79 -2 13 54 99 -41 -70 40 -49 43
11 -76 58 63 34 21 14 -68 15 13 73 32 1 46 -42 65 19 -74 45 77 -48 21 27 -25 -69 97 45 -95 32 -100 28 -34 -98 -79 5 -81 -1 36 -68 79 48 -61 43 -11 41 6 88 33 -13 -28 -20 32 1 -56 -70 70 -78 90 72 100 27 -11 -74 3 70 -44 100 99 -75 -25 32 -95 -38 57 -65 -17 -100 44 13 59 2 -6 -39 14 -26 -16 8 -91 -72 -36 93 -72 -47 85 23 -48 5 -80 34 24 11
21 -93 9 -71 42 -26 79 34 88 -55 -50 9 100 -46 -87 -40 -75 -37 55 -74 -46 -15 -92 1 -22 73 100 87 97 -26 -8 67 65 -99 42 -94 28 92 -16 -49 -87 -83 -13 51 -56 -41 -3 83 33 -36 -10 54 -11 93 87 51 -53 98 48 -22 86 78 67 -79 90 -36 61 79 -1 -54 47 -94 -39 17 3 69 96 48 3 76 33 -19 -3 43 53 -83 78 -34 88 11 45 82 73 19 29 26 2 -10 -90 -75 69
-55 -32 15 53 -9 54 -9 -2 52 -7 -77 -58 -57 -1 -41 -11 51 81 -80 83 88 54 81 -52 -5 37 -76 -72 45 72 -87 -36 5 -39 -97 97 13 39 66 -55 44 9 -46 99 94 93 58 67 -59 -29 -93 36 -49 70 54 -93 -84 50 40 16 56 19 22 82 90 -37 10 9 9 -82 98 34 16 30 18 7 -16 -79 -73 -32 18 82 -16 -40 100 13 6 78 23 63 -58 -49 -79 -69 83 -8 -15 46 -2 61 99
-4 67 -26 -4 -95 -69 -7 75 54 94 -41 -62 15 67 0 -25 -29 -50 54 -87 77 -50 -34 49 81 85 -100 -87 -49 -82 19 -86 -41 67 3 27 -4 -10 44 -60 -87 -49 -69 65 7 59 68 -80 95 68 -78 59 -60 -82 64 52 30 21 -25 93 0 21 -68 -51 -89 49 -15 -5 51 -69 -80 9 -48 91 -38 41 98 58 -79 75 85 62 100 -86 -51 -53 74 9 29 -59 -11 -10 31 11 53 63 21 -71 85 24 -3
-36 -71 -84 98 3 2 -23 -58 -4 -37 -88 39 -49 46 16 -1 -78 -5 -92 11 -63 50 -50 -12 73 5 -99 7 -20 55 -46 -83 -25 1 -69 -69 -75 -20 -79 34 88 -7 -45 -11 -99 -95 -21 -17 -20 -4 -67 -66 71 -18 14 -73 35 86 -38 -10 -71 -5 -4 -11 20 -19 71 -16 100 43 40 53 6 61 -15 32 29 5 91 99 -97 79 48 -37 74 6 42 -82 -57 -28 57 9 -71 17 -84 37 99 -4 83 -60 70
80 -91 -22 17 37 67 -43 -94 -45 6 -57 -58 97 84 48 28 -95 -1 20 61 71 2 80 40 -94 87 63 -57 43 62 47 12 41 -1 -8 21 -32 18 77 32 -4 20 20 -74 -48 18 -51 -79 39 -36 -41 -2 -31 -90 7 25 -7 -78 -27 0 22 33 -98 -52 5 86 51 -3 -77 45 -97 -43 -96 -87 90 -48 74 86 -84 -46 -33 65 29 37 -84 21 -42 17 13 -38 -69 17 17 99 49 -75 -55 28 -12 -12 78
-29 -77 2 -32 -27 98 30 84 -95 46 -19 25 49 65 -68 -83 16 31 75 29 -70 -22 98 29 1 -66 82 3 -53 14 -86 -60 86 65 52 24 -47 -6 27 16 -40 -8 19 -13 45 61 -47 47 -90 -14 -69 1 46 0 -11 -18 23 -23 26 -55 -84 -23 -4 62 -99 -91 39 18 67 -49 -71 43 -21 -48 42 -52 61 -86 35 -41 -88 -29 -21 -20 -73 23 -54 -97 61 -40 57 81 98 7 -46 25 -6 -12 -95 -37 8
-36 7 -36 -15 -37 20 58 85 73 -8 57 -1 -80 76 -81 51 -53 -51 100 -8 87 -79 90 93 15 -77 -92 -99 49 63 41 73 -27 -22 43 -52 -29 -19 -64 -69 -82 -23 -10 -41 35 55 -25 -47 77 -79 20 72 88 60 -72 -88 -100 11 30 48 93 57 81 -61 54 82 -78 36 56 85 34 -53 27 -33 -75 54 -79 -79 -98 -18 56 -48 55 65 -37 74 71 19 35 -74 -73 -87 43 -80 86 28 -65 8 27 -74 -48
16 -20 62 7 27 -25 -7 23 -8 51 -79 12 22 -45 -70 34 71 -14 22 50 39 -45 9 -100 -26 -72 -92 -84 -25 82 -64 7 -55 85 24 -32 -94 -9 14 -45 -66 -63 68 99 21 -75 -13 -25 -22 -43 37 44 -70 45 53 -25 38 51 5 -81 -85 31 -94 -5 12 -25 47 56 59 49 -21 89 41 54 -60 -42 -67 80 99 -68 -90 83 -2 -17 -89 -14 86 -65 74 38 -61 -6 -36 58 20 -3 -43 -28 -46 -63 -23
-62 21 -24 18 65 -48 -94 76 -15 55 13 8 -82 75 28 65 -92 77 -78 -72 49 24 -45 -50 86 30 89 85 77 50 46 33 -38 -66 47 40 14 71 -27 5 -80 -92 -63 -63 79 -39 -93 -18 -56 13 -8 42 -37 46 80 32 1 -6 66 1 -4 23 25 -29 32 51 -12 -51 -1 19 70 97 -28 29 74 -81 74 -72 -52 -66 50 -57 -19 69 -69 -55 99 -29 -43 4 -86 -6 90 -35 93 5 -3 62 -44 36 35
97 -74 -41 11 83 37 -92 -99 19 79 -69 -8 -77 66 -65 93 38 34 56 88 63 -47 -76 72 46 40 90 85 -94 40 52 23 99 67 57 -55 -55 -52 43 26 24 -49 -23 8 97 -10 8 -22 -11 89 52 -100 -30 33 -1 -77 -81 94 -64 59 42 31 67 -68 -31 53 -75 -49 52 -90 97 24 98 90 95 -90 27 -11 22 8 27 10 59 -23 31 -58 42 84 54 -84 -24 33 39 5 -37 85 -94 35 64 95 47
28 -75 -98 39 -61 100 97 -41 12 -89 -4 -44 91 2 67 28 -95 37 97 -86 8 78 -14 -35 96 -69 27 -29 -37 -23 63 100 33 21 -92 -85 27 91 86 -38 81 59 41 70 37 72 97 15 -36 74 -94 -23 42 44 91 -90 -55 -65 -15 59 46 72 -59 34 55 -70 39 73 39 -29 34 4 -55 -5 75 70 -82 -44 -4 38 -97 -95 90 5 61 -70 60 71 -41 -26 -35 -10 -86 -83 90 92 3 -84 96 -31 59
29 -100 -14 -97 67 -29 -43 14 -73 -59 78 93 -91 -36 89 59 25 -45 -35 -30 9 51 -57 -33 -10 56 -53 -56 97 -63 8 -26 -99 33 46 67 86 23 -75 64 -99 -72 -34 -64 -73 48 4 13 -55 7 -71 5 94 99 69 77 -30 -94 8 -79 12 96 86 49 49 -91 67 72 9 16 -94 75 13 -87 16 28 70 -35 -31 -49 83 -59 -54 -56 -39 34 75 48 51 95 -70 -57 1 80 -27 -95 -65 64 -59 54 52
-90 -48 -22 -10 50 -85 -69 62 -71 -43 86 -2 80 97 27 -38 45 -81 63 -59 55 59 76 32 -91 57 -63 42 -49 63 100 -75 -7 -47 5 -32 -57 93 34 -73 -9 47 -74 -26 95 -63 75 84 90 9 -45 60 -65 -57 64 -38 -91 57 56 -13 1 46 -15 35 3 -14 -41 -49 -50 23 -95 -91 87 43 -87 -55 -27 -12 0 -11 -11 24 56 -80 -97 -37 -57 28 1 15 20 50 -22 86 -44 4 84 40 46 34 28
-87 -94 77 62 91 25 74 -76 29 -31 -4 -18 -48 43 -31 63 26 6 8 -96 -93 58 -12 4 -90 -6 41 48 -29 46 -100 -30 -17 36 87 3 -32 42 90 -78 -99 -39 -65 5 -42 -80 63 -42 -72 -9 47 -2 17 56 -23 -1 -36 70 80 60 51 96 -68 23 -1 75 46 -15 14 16 63 42 51 48 -74 29 -92 82 -49 7 -30 24 78 -21 77 69 47 -70 -20 -21 -18 7 -47 -75 50 -1 39 73 86 -55 98
-63 -35 -54 -34 88 -83 11 0 -37 -14 -19 52 45 14 23 -55 -74 47 73 24 10 90 -19 68 54 -52 -23 -16 96 61 31 -6 -13 -18 -19 -100 86 90 57 71 56 57 22 27 25 53 -61 3 -63 9 -28 94 49 -52 -85 -15 71 22 -67 -59 100 -29 -47 -73 96 -28 34 -54 -35 71 -56 -83 49 -1 83 -89 -4 -97 7 -56 18 -64 74 -80 -30 81 52 17 58 93 -100 29 13 -94 22 17 -68 25 -37 40 -56
95 -79 100 -35 23 83 -81 73 0 86 -41 47 56 -89 -53 -38 -89 -83 45 -52 -89 27 -88 -82 -14 -58 57 61 -1 -43 17 60 73 29 -29 -75 -39 -71 -58 0 49 -41 -67 -23 -16 -78 -60 -77 77 86 -19 -18 -81 -42 3 -30 -74 71 89 11 82 -100 -24 -89 -54 25 87 -75 -82 98 7 -17 2 -43 74 -57 95 -28 67 -45 -25 -84 49 -43 -12 48 -23 -55 -50 53 44 18 1 -50 42 18 -25 65 7 36 -76
-66 -30 71 -32 32 59 -32 19 18 98 75 37 50 -65 58 -50 -98 -63 -57 65 94 -74 16 44 68 -94 -19 99 -31 10 -42 84 42 -64 -90 -54 2 38 89 -7 10 20 -98 -100 66 -64 -1 -28 -100 7 75 1 -88 -64 -80 -25 -72 -28 0 -30 74 12 4 -89 -75 40 -34 14 -22 29 42 43 85 40 85 -44 71 -65 -28 -40 -66 74 4 89 31 -10 -74 -2 -93 5 -28 -62 -45 -96 -65 63 98 -50 54 69 82
-60 -27 -43 80 25 -30 -33 55 48 82 -17 55 -83 -40 -52 -6 90 34 -62 10 24 -98 90 91 51 29 51 53 -30 -29 -37 87 -66 3 74 -59 6 -44 88 64 -22 -53 71 67 47 -80 9 -83 -22 37 -57 -32 -84 100 22 -77 21 -76 -87 -62 -94 53 37 11 -3 16 -49 -22 -35 -16 -2 50 -7 -55 -43 64 -44 -59 -13 42 92 90 0 76 -55 -49 -66 -14 36 33 -64 86 -56 95 2 -52 -22 -93 90 -22 98
9 74 23 -94 -98 55 44 37 -32 -73 47 25 74 73 -97 -49 36 17 25 -42 51 14 65 18 16 -91 -21 86 83 -17 52 -27 -95 -81 23 -26 -2 -49 -98 12 30 75 -1 80 -46 -18 -94 -15 32 65 15 52 52 -13 54 -16 -76 -40 -36 75 -13 89 74 64 66 -47 38 -47 -43 -68 -41 -31 70 -55 -24 32 97 -67 64 53 86 78 -83 -17 -44 -67 22 13 69 86 47 99 -50 -29 -78 -92 -40 95 -49 -34 98
-75 57 21 -41 -2 75 -88 -42 76 62 -15 37 -68 -4 -5 60 -58 49 18 -13 87 57 4 0 14 3 -98 34 44 67 -2 -19 82 -8 -69 20 61 -20 68 -61 -68 -26 -4 66 42 -92 91 99 -56 10 17 -6 90 -64 33 -21 72 56 -12 -100 -70 89 -92 85 -69 21 -39 -92 69 80 2 -90 -29 19 31 -97 7 -95 82 -41 -49 -30 -16 -45 23 -11 -87 100 -32 49 -80 -96 -96 -41 -76 -6 100 -68 -89 -24 -11
7 -3 -81 69 17 -16 24 -98 -74 -90 58 43 28 -27 94 -91 -65 73 42 -45 -82 -25 -47 -72 40 -13 39 15 32 -4 48 -39 -11 30 75 -76 75 -91 -55 -75 48 -20 -39 72 -49 -56 9 -27 15 -19 -13 -17 -66 79 -58 37 -55 20 2 95 -47 -29 84 -37 -80 35 -80 -51 84 -73 -26 -16 -57 -88 -98 -53 -26 -47 -45 -39 -30 60 -56 18 -91 89 64 -36 -84 81 91 -3 58 33 -43 -50 50 -23 -63 -31 -56
-78 -4 -59 65 27 62 -29 -9 -17 -73 -9 -95 -95 4 -38 54 64 -28 -99 88 -46 -4 4 -99 73 1 0 15 -12 91 -3 65 -35 81 87 2 -32 15 20 6 -70 -20 33 16 31 -2 -41 -19 -48 85 -52 4 18 -33 -73 78 -26 16 -39 -75 -32 -71 35 -3 -58 -79 92 -19 37 -85 -16 89 -6 3 63 32 -22 17 7 -44 38 96 -21 70 -31 3 24 98 5 21 76 99 50 -82 -62 -14 -81 -83 76 -75 42
16 -84 -75 -15 -37 50 -84 6 81 -10 -43 24 -16 -42 -39 -95 -60 -98 59 -56 82 64 -79 -72 -26 -24 -93 4 9 -46 19 3 -75 -27 -23 18 -51 -35 -80 47 17 93 88 -24 -7 -12 -21 71 27 69 -79 97 0 -16 52 89 -52 -60 98 -37 -70 -42 -43 3 -31 51 63 -74 -18 -62 -38 94 82 76 -37 -96 25 44 -8 -51 21 18 80 45 64 15 -71 -38 99 6 -17 -9 -24 81 -47 47 -12 -89 -89 -23 75
96 -9 8 -79 87 78 16 -87 60 -52 33 74 32 63 38 52 -73 -78 48 -58 9 -6 30 58 -24 49 65 6 48 92 35 10 15 19 28 99 -57 -19 99 85 18 47 -26 4 -93 -13 -15 81 43 -14 -44 -26 -84 -68 56 -48 12 64 -66 -94 14 30 -78 50 -12 -84 -99 39 -33 36 15 36 21 58 -34 93 91 65 24 39 -70 15 -87 74 -12 45 54 82 -33 -1 -34 5 1 -26 -19 -99 -35 66 38 -81 -59
-67 17 91 20 -51 82 -35 -74 20 31 63 -60 83 -61 -90 69 -20 25 15 -65 9 75 -55 -61 96 -27 -59 -87 -11 80 -17 -3 60 -16 48 -37 99 54 2 -54 -14 77 -71 -6 7 89 -85 88 30 -75 -6 -74 -87 77 -21 67 28 0 -48 -26 15 -79 95 46 93 -73 -18 19 75 57 52 -21 -23 88 -39 29 -56 -77 43 50 -91 -28 38 72 57 -89 -18 -88 -82 76 21 7 25 -41 -65 0 83 -98 42 -83 -8
-76 -81 6 78 32 -58 26 31 11 74 21 23 17 60 -78 -80 16 74 33 48 -53 47 -90 -6 -7 48 -83 90 82 -60 51 -80 -69 -52 79 27 -11 0 -42 22 -62 -26 57 -99 -75 56 73 -10 -42 51 68 28 -72 -62 -60 22 -93 1 75 -97 46 91 -89 -11 7 -97 -61 95 -29 28 90 -10 -59 8 45 -15 96 -28 3 69 31 -91 -44 3 -26 -7 -86 11 83 -1 73 -23 39 8 42 -3 8 89 -46 -96 -4
15 82 96 -33 10 57 59 -75 -91 -29 -52 9 25 13 32 73 -53 6 25 80 14 -66 -97 21 -43 17 -97 -69 33 -31 -31 -33 89 8 47 38 3 -95 -34 26 2 -13 45 7 5 -51 61 -13 43 11 19 48 73 -20 77 -88 43 -2 -88 -70 99 42 -68 2 82 47 63 0 -59 -60 -87 -43 -99 -41 17 -85 16 -95 -52 53 10 19 -44 -73 -80 86 -63 -68 -56 17 -34 -80 -28 8 -95 -38 88 -43 -58 72 -46
-65 -84 84 -9 87 16 -27 -63 -35 -26 4 -94 47 98 39 -45 -78 -80 -93 -65 47 -75 -53 -44 -86 -70 50 -9 37 83 -37 -22 -84 55 67 -38 -77 83 63 -8 -82 -58 -60 -82 40 56 -8 61 -49 67 93 -59 -97 84 22 -92 29 24 64 89 -87 82 25 95 38 30 93 20 72 5 25 -82 -38 -30 78 65 65 -22 -23 69 -36 -78 -94 -35 -66 -82 -65 -1 -11 -22 -87 81 -38 -27 -62 9 -8 38 -74 -94 85
-8 50 -38 59 -71 -50 36 34 46 -76 9 83 -80 20 66 -1 45 -87 -70 16 29 -33 -91 -43 -5 13 -72 -88 15 67 -75 55 -3 -82 -59 -32 69 83 -4 -99 -80 -89 -43 76 82 -93 20 -19 -10 -80 91 13 -14 13 93 28 64 -30 12 75 26 -98 -36 -5 25 50 -61 87 -71 -92 5 -90 -97 -82 -80 -98 79 59 13 -51 -42 -54 94 -78 -32 -88 25 -46 -27 58 -7 54 2 -49 -100 -84 -34 89 -15 6 -51
-16 12 -63 3 -51 18 -52 89 -50 100 88 -91 -93 80 73 33 17 55 94 37 -15 25 -34 44 -7 90 -12 -89 96 81 16 -55 -51 25 -40 -35 87 -21 54 76 -16 77 -82 50 33 49 -71 52 59 -52 -75 34 53 90 10 91 -87 91 83 40 -17 -18 60 -9 52 -41 -9 58 34 44 -72 -14 57 -48 78 -77 71 -25 -25 6 -59 33 85 97 -17 86 64 43 -10 46 42 -21 -12 39 26 -63 -76 -37 84 35 -76
96 65 37 67 -57 95 -16 37 55 -77 -61 -2 -47 -95 87 69 53 62 47 37 6 93 96 79 -57 -61 76 -38 94 21 -47 -2 -60 -82 6 -51 -99 -67 -39 -35 -71 -94 -81 61 -44 69 100 97 68 10 -29 -100 -66 0 1 -43 -60 -90 -25 -39 90 43 66 -31 45 -98 -40 2 -21 87 -10 9 68 61 60 42 70 -65 -10 -68 25 83 -75 -67 -72 98 72 -54 -15 75 80 12 52 60 -59 -94 41 81 73 25 65
38 -46 85 -68 71 31 -58 -65 76 5 -26 40 -26 11 -22 -32 -60 62 -24 13 -27 28 8 45 95 -25 -90 -48 78 100 78 6 -13 76 47 -73 12 8 -53 81 -79 53 -31 -13 -73 59 80 -83 67 -64 -43 88 -61 85 77 36 -32 64 91 72 17 77 74 82 27 83 58 -53 -41 44 16 39 -16 -7 26 -5 -86 -48 68 83 43 33 58 64 85 40 -89 -44 8 -8 -34 100 -91 20 54 -86 -89 4 64 25 -41
61 -44 -11 39 -74 16 71 -54 63 45 -93 -71 2 88 67 30 -51 -38 59 -45 -49 -94 -96 37 71 -53 -6 81 -15 -72 -39 57 -64 78 -6 34 72 -24 -64 11 27 -88 -8 18 -68 90 -65 66 -1 18 71 34 86 -34 22 -21 -45 65 43 -80 18 -93 -33 -73 -61 -14 90 -17 95 -69 -35 70 -95 1 -72 -1 -5 -80 -70 96 27 -4 57 43 -81 -72 -42 56 74 57 47 -24 -64 6 -47 9 60 16 25 66 -31
21 98 -32 84 -33 94 87 -58 -79 99 95 46 -2 -19 -86 65 -39 -17 88 26 -94 19 47 -67 16 -94 -58 29 36 -88 8 -7 -81 -75 -77 -55 16 -35 64 31 -65 -70 -58 73 -63 58 -30 7 -36 -45 -72 35 97 -75 37 -76 -34 36 -74 -39 46 69 -58 16 22 -22 -13 14 58 -75 97 46 -9 -22 59 16 94 91 98 -69 -47 -43 -12 73 -21 60 69 7 99 61 -53 63 -87 67 91 -77 -35 -74 76 -69 17
38 -34 -94 50 95 -74 35 66 -100 5 -92 91 7 98 -53 -63 66 36 26 62 85 63 -96 88 -15 -74 -71 50 -56 57 7 -63 47 48 9 -64 -5 -29 -71 -60 64 -54 4 92 86 -6 98 78 54 36 60 -61 18 -15 -84 43 -88 -97 -23 -42 -75 70 36 -35 -73 6 -27 -84 8 42 21 -20 -95 84 50 -1 13 -74 67 3 7 -18 -44 91 72 35 78 -65 12 31 -3 -95 93 92 -85 -41 -30 16 -64 -94 -85
59 9 100 -45 33 44 86 -13 -58 -33 -43 -81 66 34 25 -12 45 3 36 42 42 72 -86 -84 42 43 -69 -99 -84 22 90 35 -37 -16 -4 62 -4 -40 -56 99 -45 40 -30 -58 -93 68 79 62 -5 37 78 76 -11 98 -92 -64 -55 76 60 -82 12 -15 -91 -21 47 -34 74 -79 79 47 41 89 58 -52 73 50 -28 -20 69 -17 -88 5 -69 45 31 -66 -40 67 -82 28 93 -27 -74 62 89 94 -68 -12 -9 40 -46
74 -71 79 -88 30 -96 60 -50 -10 -65 -3 -76 22 83 -48 -40 -66 40 52 42 49 57 22 91 -71 -17 92 -55 -72 -9 54 -57 80 4 13 -100 18 -7 82 -18 57 -39 4 -7 12 16 64 73 -18 -16 -2 53 78 -18 67 -72 -66 -87 34 -63 18 -41 -30 55 -1 46 -40 -63 -15 20 -48 -84 -2 8 -92 -98 33 -42 -65 44 66 -92 54 -19 17 -24 -11 10 -11 69 79 -35 65 -49 22 -98 6 -39 32 -64 -59
9 -16 90 59 81 -96 92 -82 7 -82 -41 48 -90 89 -51 6 89 -34 -48 -13 20 49 -6 30 -90 42 18 -48 -80 -9 98 65 -98 -20 -10 -82 -55 97 -24 -30 -70 -58 -18 -27 37 84 91 -25 -4 -37 82 -6 48 96 79 -57 21 86 28 -28 90 16 75 87 8 -29 -64 -23 36 -3 85 59 41 -28 4 -20 45 -69 36 -88 85 -91 59 34 66 -39 -13 -61 -42 -81 -79 -41 -100 75 -38 17 43 -90 -92 56 91
58 -85 7 6 -18 -94 -80 -36 -99 -32 0 -65 56 -57 -71 -6 -92 68 80 67 -68 31 -21 -99 -95 6 -14 -81 -78 -9 80 -68 94 23 32 65 -73 52 -10 -76 79 67 58 -90 -53 58 -89 54 55 -89 47 31 90 63 -73 65 0 -74 82 84 94 -59 88 -52 3 93 -32 62 -9 34 36 38 25 69 -60 38 97 74 33 -13 53 -96 -31 -62 -46 84 46 -23 14 7 96 -97 36 -29 87 20 -37 90 -94 -46 -97
49 91 47 -28 88 36 -20 -73 -38 -25 -3 98 55 -51 56 49 -3 -40 9 -71 63 -92 30 -49 -10 97 -96 -20 78 -9 3 -35 7 12 -30 -2 -86 83 -100 62 -5 -26 -57 89 -85 -86 26 28 51 56 -85 24 -5 40 -40 70 82 89 -93 19 -34 100 -80 52 -64 37 -23 52 -23 -88 -36 -76 -91 62 -56 21 29 -41 95 43 -80 -40 -8 -89 55 -72 -96 51 89 -37 54 -93 82 -96 -10 15 78 -25 95 2 53
31 -3 28 10 76 8 -37 24 57 -34 -86 -60 -62 62 49 -18 22 1 77 87 -6 96 -27 32 -85 -94 -4 99 -40 92 -5 -21 52 -34 24 -81 -48 89 62 -99 -43 -63 -74 -79 -80 77 41 -59 84 14 58 70 24 80 -91 -4 78 49 8 -32 14 64 -20 8 76 9 -96 46 -67 -33 -28 -91 -97 42 -99 70 47 41 57 0 -75 -53 23 -91 -78 -2 -58 58 -24 61 48 -23 78 -15 -40 -37 -15 -29 -22 -38 65
-98 -3 -54 85 4 -32 77 47 66 -82 -10 59 76 78 -34 68 -85 29 14 62 63 -37 61 -81 -40 45 -73 -86 -98 -16 -21 12 -9 68 58 -10 81 21 -38 96 -63 12 11 -100 -59 98 6 67 -30 52 -69 -18 64 84 62 -91 24 66 -82 7 29 -87 33 -12 -65 97 27 -15 29 41 -83 -35 -95 -56 -21 -70 86 37 29 -45 4 -78 -13 62 15 -61 79 82 2 58 -56 76 80 -63 31 23 -97 30 -46 -29 56
-73 2 -23 73 -76 -55 -69 41 33 -48 92 60 -41 22 -58 75 71 -31 30 75 -44 94 -67 -65 61 -58 94 66 14 -23 72 -90 40 32 27 -27 6 -75 -25 -94 -22 89 -63 -49 -51 13 85 -24 -99 90 18 -79 -97 -66 -96 -88 84 -23 6 -10 -75 43 -78 -78 -49 -14 -48 -56 12 31 -68 -90 -6 36 -6 -96 35 98 98 87 19 96 79 -91 -46 84 34 -15 -92 -5 43 85 1 96 13 43 -67 -30 -84 -50 37
25 25 12 -76 -1 -57 -97 45 -92 53 46 -47 85 47 -93 2 46 -5 5 -5 -95 81 84 50 -81 -74 34 30 -34 -86 -31 19 100 -51 1 36 87 -87 -47 -63 -93 66 32 -29 -89 68 80 -84 97 -61 73 33 -40 64 -16 -97 -28 -20 54 63 -71 -64 -79 20 58 -4 -44 99 77 86 -54 43 -1 -91 -59 60 11 42 58 -27 98 -99 -67 72 67 39 72 10 100 24 -23 15 -11 95 0 -9 -50 61 99 -6 -68
22 85 85 93 -35 -27 84 56 26 -86 -99 -27 14 -53 9 62 25 -93 38 63 60 30 96 46 -77 -54 -26 -45 34 40 -42 1 -28 100 62 -92 -21 -84 94 -77 -77 20 -64 -89 -19 -82 99 69 -37 -54 20 64 11 83 17 32 -1 16 -78 65 61 86 -64 3 36 14 -2 -39 80 11 -39 3 -63 -54 16 -30 39 17 -97 -81 -73 -84 -95 -97 6 81 2 -23 63 -31 -12 6 -25 93 -58 -62 35 95 74 -60 -90
100 11 -61 41 -20 94 -90 83 -80 -78 -20 -77 -60 89 -98 82 -100 -66 13 -98 9 49 69 -52 -62 35 71 8 -15 68 34 -34 -37 -62 -46 -89 -82 56 51 -70 61 -100 -99 98 -66 -29 9 25 -76 23 -4 -26 -85 6 -84 25 84 54 40 -30 52 55 -67 47 0 69 -69 26 -72 -84 -55 15 68 95 42 0 45 -18 76 -7 12 89 -73 -16 78 -26 -74 2 33 18 44 -5 39 99 -47 96 19 -9 -36 38 47
93 42 -93 39 9 -47 -26 85 24 -79 -31 -10 -79 -48 -19 47 87 -59 -17 -52 -80 -10 3 40 10 -23 -92 -38 -10 78 63 -54 42 37 45 -75 58 69 -47 99 4 51 84 -81 28 65 -83 -46 -27 71 11 88 2 36 40 -81 -12 64 -86 68 87 -70 86 45 63 -51 88 66 -60 90 59 -67 -79 -47 86 49 -86 -91 15 39 -6 74 -87 53 59 64 80 56 12 48 -43 -8 -42 -97 -55 48 69 -25 -57 -28 -77
-15 20 -51 -89 -23 77 -88 -1 -72 -81 -10 27 93 -36 -57 97 4 40 -45 9 47 -90 -51 -93 -82 84 45 39 -37 27 -45 78 -2 -28 21 51 -48 -25 54 -24 -90 17 -73 8 -33 8 -81 -27 99 75 42 55 -72 64 -27 -29 -65 -18 -57 -63 57 -57 92 -48 -23 -90 -29 41 -13 -70 -57 -39 -5 45 -51 44 51 41 20 -60 -24 -72 9 -71 -11 21 39 -30 -93 -53 62 -29 -89 -96 95 69 -50 -73 73 80 52
42 65 -82 38 -7 -41 -63 16 -13 86 -90 44 51 -52 45 98 70 -94 18 -93 -89 59 -53 -68 -84 72 -66 -87 99 -62 -91 -67 -21 -25 -19 -29 34 55 26 37 -27 -74 -51 -84 92 -59 24 16 -70 -41 -35 78 51 9 10 -86 -32 -47 62 1 45 40 -17 65 19 -65 -87 -56 -28 -49 89 33 1 -78 28 -61 -1 30 -47 7 -39 97 -94 -41 77 -55 -7 -55 90 -29 -14 35 -78 11 -17 -11 97 0 99 -44 -52
59 -84 29 6 2 -89 80 12 46 38 -26 19 -84 -97 -81 -51 -84 -70 100 -43 -57 13 -26 46 -36 -7 59 -48 -65 -94 39 48 67 -13 -69 22 18 -64 97 94 -39 75 99 43 39 -30 -40 -40 -53 -33 94 -66 100 -81 -45 -35 7 -42 51 67 32 -30 -95 33 -27 79 -4 89 10 -35 71 2 81 -43 34 98 96 -89 63 78 -77 8 63 60 -6 10 93 -38 31 46 87 -50 -95 65 62 -72 97 73 -36 -10 89
91 10 98 -96 91 -69 -78 -88 -56 11 2 -63 41 70 98 8 -44 52 -56 -59 -35 -75 -50 24 41 55 -48 60 8 48 69 -52 13 88 -81 46 69 -75 2 52 23 11 20 65 -45 28 -95 -96 -26 -26 57 35 -82 77 50 -23 -85 -83 -26 -69 -79 -31 -97 60 -13 80 -15 -67 76 66 46 -20 -24 54 -28 94 -21 -36 78 -19 64 -90 32 18 -35 -14 48 7 52 -85 14 -48 -4 -56 -35 -24 -22 -73 -98 21 45
32 47 79 -32 30 48 33 -35 86 56 52 77 22 -54 -66 -64 69 21 17 13 -70 76 -6 -9 44 -99 55 -59 -3 -98 84 -96 82 -16 98 10 -56 52 -45 70 -38 -100 -51 -55 -75 80 -18 37 -24 15 81 -50 -77 88 72 17 40 -69 18 36 97 72 92 -41 -52 -68 -84 -74 -100 20 -39 -32 3 -38 96 -13 -97 -79 -62 12 11 -26 -31 98 34 83 -27 5 28 2 25 50 -10 21 -12 42 -26 91 -91 -46 94
-10 -94 -94 24 -59 73 -75 -7 71 65 -60 76 -71 -22 -16 45 0 -42 60 -9 -36 -90 73 72 62 76 73 97 -68 38 -28 -45 67 69 -60 16 -73 -70 -95 68 12 -92 51 -56 -93 -10 -37 57 6 -36 -78 -81 -52 54 74 -4 -72 13 91 -49 48 0 -60 -76 -31 -72 -86 5 -63 8 -27 87 -48 -100 9 63 -15 -17 31 -68 18 -83 -69 91 -35 -5 -6 -57 -89 -12 59 -25 8 29 -86 59 -24 46 68 82 21
-60 -89 51 -70 -62 26 -41 52 -78 -37 -69 -59 80 -24 -28 7 55 -41 78 33 -18 -27 62 32 -85 64 -62 44 -95 10 48 47 -56 -24 -74 -66 10 -86 -31 14 13 8 -73 -49 28 -1 96 56 -53 -56 -34 35 -58 -33 3 3 30 -9 -56 33 -54 86 70 27 62 -88 -6 -89 -91 73 2 -63 30 16 27 28 90 10 52 -32 -82 -30 23 13 -89 79 -21 -62 -89 -59 -84 88 49 -37 -82 58 75 26 29 84 89
-43 52 70 -40 39 -99 -28 -58 30 -62 89 28 -66 -51 74 -64 -18 49 4 14 -11 -89 -92 -33 -42 -90 82 39 56 -94 77 86 50 34 -69 30 -16 6 -2 88 65 -53 73 -60 29 -31 -75 -25 -51 26 41 81 45 23 80 -5 -42 20 24 -46 61 75 65 -83 -6 98 -49 -55 -66 -96 -56 61 -31 -2 74 15 91 -39 -95 -87 73 99 48 23 75 92 -99 -7 -30 -55 -28 100 26 61 32 -45 -52 37 -45 -33 98
-81 -41 1 -29 -26 -30 -83 -51 -4 -79 18 40 -44 27 -24 -94 73 -66 56 29 -63 -44 43 78 -32 -7 -29 -96 70 -42 -89 -93 68 88 28 68 -41 67 -27 -19 -49 90 -7 -53 -99 -99 -54 -73 81 -45 -99 -15 16 96 59 -65 -13 31 -87 71 -68 -50 -16 -28 65 100 62 33 -33 -43 96 -96 -76 -89 -67 -44 -19 -39 -7 -33 -44 -98 65 18 7 -25 -96 -35 7 88 -87 -48 82 -22 -10 86 -35 -80 72 94 52
15 6 20 0 2 100 -95 -24 -21 -52 -92 -11 -90 -13 16 98 0 89 -27 86 78 78 -31 -83 -16 7 -100 97 89 -30 22 -46 18 16 -89 63 12 -18 87 -59 -69 -67 12 -53 -34 16 -50 9 32 -4 -11 59 -99 63 71 -97 -1 -52 17 -44 -38 46 -67 -77 -53 45 34 13 100 76 27 -40 25 66 -82 -77 -96 -11 16 75 -39 -26 45 -89 -31 30 58 -83 -32 25 -90 81 17 36 77 -18 44 89 -5 36 52
-53 46 -22 -51 75 96 57 -77 98 -7 38 41 -61 7 41 -98 -68 -98 -81 -74 26 -36 -98 -91 11 -7 37 -91 74 78 -41 54 52 16 98 -8 -70 -16 70 6 7 -90 74 -1 2 30 16 35 -39 11 -4 -80 -97 -23 51 -27 -30 19 97 -24 -100 73 5 63 -86 26 -1 -46 62 32 32 24 -22 43 -20 -37 76 16 0 -8 96 -59 65 -61 -24 -20 25 98 -78 96 70 65 -20 -54 -32 72 12 91 10 89 -90
60 26 -72 -80 -94 71 50 35 63 54 -10 7 41 -71 -29 75 15 68 -14 -79 97 -20 84 80 -34 -22 -23 -71 49 -33 10 96 -41 -81 74 17 -3 8 -41 84 29 -37 3 -55 -90 -58 -72 -92 -65 -24 70 -44 -72 -7 68 67 -65 81 33 1 -90 79 -14 -47 98 83 -51 81 49 -42 -72 79 45 -83 -15 -87 -24 -5 -1 28 -70 -8 88 -17 24 9 97 25 -4 -25 50 -10 89 -32 -86 -78 -49 -14 63 45 73
-25 -25 -15 -39 48 57 -37 -20 51 0 -14 -89 -51 23 -47 -74 -73 -62 84 85 44 -88 -61 -32 -20 7 51 -94 -4 -92 -40 -5 -83 26 67 -41 -74 -70 -36 -79 -13 0 -78 66 29 51 92 -50 -85 -36 -31 -18 30 -89 49 -61 43 -16 -90 -95 97 -48 41 -83 71 -60 65 -58 35 -35 27 57 87 -14 61 -58 -42 66 11 33 7 22 -37 3 -69 74 -30 90 43 -99 27 56 36 97 60 -34 51 61 -43 24 92
