-72 90 38 -23 -6 3 -45 -74 -17 -66 -73 3 50 -69 7 -61 41 -13 97 -79 4 23 -16 68 -72 85 21 91 -87 23 51 -19 -59 34 -19 -41 26 -27 -75 -13 -93 -13 3 79 36 21 2 79 44 -83 -69 -88 -10 -79 50 -66 -66 41 -3 -77 98 -24 73 -67 36 -47 -37 -35 -79 -75 16 -77 -87 84 -100 -1 -98 -8 -35 95 7 72 -39 -100 52 70 21 -73 -72 23 87 -93 -6 -36 43 -48 -29 5 33 -32 67
-65 44 -89 91 39 -15 -24 -56 -76 28 -2 57 79 -54 3 -48 -6 72 76 -69 -2 42 -15 32 -91 79 58 -65 85 34 64 -40 -4 -60 -61 -15 69 -8 -64 -87 -38 -18 36 -83 45 6 -77 57 64 -36 -8 27 -51 -33 -28 29 -72 46 91 -60 93 54 32 72 70 67 65 18 -78 47 -96 -84 -29 -54 35 -97 -57 -65 95 6 54 67 -65 -64 -77 -53 -29 -75 -14 -15 79 48 -67 -22 5 83 71 -14 86 -9 -97
-62 92 76 33 -77 -25 -29 -51 -32 65 -72 -74 39 65 45 22 60 85 53 -53 -78 76 -10 20 13 25 -19 74 -93 -40 38 74 -11 -53 59 -63 86 48 -26 -78 91 -84 -98 64 -100 48 -65 -59 -58 85 -67 -79 -35 -38 -94 32 -80 -93 79 -46 -83 -99 -9 -62 63 -54 18 4 -25 81 20 100 -79 -32 -11 86 35 -91 46 -33 -2 46 46 -47 68 -75 -9 92 -52 23 -71 -44 -65 -28 -93 -59 -98 39 -19 -98 -65
-67 -18 2 55 -93 6 -64 -40 -100 52 -41 99 75 -69 -22 -60 -71 28 53 81 -42 73 60 -47 20 43 83 -75 -92 22 92 98 23 -22 72 -59 -25 -35 -33 51 43 54 64 10 63 -29 71 82 -1 -62 -17 -32 51 -66 -28 89 82 8 42 -63 -1 22 -29 7 94 -54 -5 -30 63 6 -37 -45 29 -51 48 -76 -72 -39 -70 -80 21 91 71 -87 55 -7 -44 40 -9 -82 -80 -63 60 14 -85 32 19 31 30 -39 -38
88 -38 54 79 95 -19 -55 -34 74 6 32 -37 64 14 -73 61 -91 -9 -20 95 -69 -88 63 -61 -4 -60 13 -90 72 72 37 -97 29 -91 -18 24 -42 95 5 -55 25 -14 -76 -10 -61 -3 77 -97 -24 27 -68 94 -57 -94 -25 -90 37 6 19 98 -72 12 -56 85 70 56 -77 -35 -65 82 -33 68 -15 -3 -11 -85 25 -61 -78 75 37 -24 -41 -75 -17 92 32 12 -31 71 -61 54 24 -99 52 29 -79 28 13 -28 97
-80 44 -46 -56 -45 -86 80 15 -63 -64 -2 -36 56 73 85 -16 35 24 84 43 79 40 79 34 27 79 51 -6 -46 15 -91 35 47 -97 51 17 -25 50 -7 47 -57 30 -64 10 15 67 30 -78 30 94 -53 -76 26 -19 86 -87 80 -99 -83 -57 -65 -6 6 88 60 82 -98 -86 -31 -74 -82 7 -60 -25 -93 -24 -97 93 -1 36 8 88 -6 -4 -74 -53 63 82 -94 14 -36 -67 98 87 -99 -50 91 -30 -14 -57 82
-82 -86 -32 -41 41 -24 -74 -66 12 -24 -51 11 0 57 24 3 -1 -44 17 -42 -27 -91 72 -34 -33 2 42 -56 75 -9 -30 -52 -17 -72 24 3 -90 -53 -32 18 -98 72 79 23 54 -23 -82 -43 33 -79 -24 -7 68 -29 -5 75 55 0 3 -35 -43 -6 91 -86 64 -66 30 78 -71 -100 40 1 72 -45 80 -64 -73 60 -98 31 28 49 -63 88 38 -54 83 14 89 -61 -33 -48 93 -55 85 76 60 33 4 -75 53
-66 -21 -65 6 -99 -64 -46 94 -31 -8 0 84 -89 -85 -26 33 100 -18 32 -54 86 27 -82 -3 -10 -20 -69 -18 -16 57 -14 -58 45 -98 -6 99 -2 -52 -10 37 -5 -6 95 -74 -82 3 -41 -59 93 -93 -51 -50 75 1 70 -40 -28 75 -89 69 -46 31 48 -39 6 48 99 1 -40 -92 86 24 23 43 -35 56 48 -100 61 -32 -12 -2 13 -21 -48 -83 97 62 -19 -78 1 76 80 -65 -48 -42 -5 69 -18 -43 -23
-23 29 -41 38 61 -55 2 -31 98 -73 76 35 -40 -23 -83 -76 -26 -12 5 89 -60 -87 -79 -34 -24 14 74 -87 -82 -61 5 47 19 34 0 98 97 58 72 -88 -91 15 -43 -86 -79 44 37 -89 -27 61 51 22 52 -10 14 64 -22 85 18 57 -46 28 -20 22 -56 -45 -4 47 66 -81 -15 93 53 -6 89 -22 60 -29 70 3 -37 68 -97 67 49 -94 26 -29 76 -59 -97 -28 87 85 57 18 -98 -4 81 -83 13
37 -69 -96 83 -18 81 -35 -65 41 90 38 49 45 64 57 92 -72 -39 -63 17 97 -24 -33 -48 2 -74 -16 -56 -88 29 79 98 84 41 68 48 -44 100 -41 78 -69 97 -30 90 83 -29 12 4 -50 -51 -64 -92 -5 -38 -53 8 61 -73 87 94 28 -67 -74 15 25 -12 -64 -64 -75 -25 -47 -69 76 -35 -37 -52 -40 -77 28 89 29 46 -57 -18 -68 8 27 35 67 -94 18 6 -51 -63 -1 81 -22 -54 -15 57 -1
-39 10 26 16 59 4 -52 -45 36 -45 25 -72 65 20 -22 8 -4 -69 45 16 -20 66 84 -60 -76 78 -39 63 57 98 72 94 57 -80 65 -18 86 13 86 35 96 -48 70 -12 -54 -38 -4 49 81 56 99 20 86 -81 17 53 43 16 -16 1 -80 88 29 99 -27 -10 -62 -60 -41 -32 -40 -40 -72 -80 98 1 94 77 -5 81 -58 39 37 80 -3 10 1 -7 63 74 -58 -1 -61 11 42 -71 66 95 -55 66 43
-63 74 -98 -4 69 -37 99 73 -96 73 -81 -7 50 -33 64 -38 -41 93 -24 80 -34 -61 5 -48 96 64 -97 46 25 -76 -37 92 72 3 72 -49 -68 20 -42 54 -72 -8 55 -41 -27 -40 5 60 34 28 -67 -59 53 93 37 -21 -36 66 96 74 51 44 25 -100 25 -13 -43 -2 6 35 -56 20 -85 -45 7 12 44 80 29 60 1 -42 75 -7 -96 -12 -82 -44 -58 39 53 49 -71 -33 96 -32 -38 67 -33 -30 -69
60 -65 1 77 -65 -91 -60 -44 27 74 -16 19 41 60 39 -53 60 99 -42 46 64 -17 1 -17 -96 40 -99 16 87 15 -22 -100 4 76 -97 -2 55 16 -15 -62 19 -3 8 -22 94 69 80 -75 -71 23 -51 -43 -33 -17 -76 -4 -58 39 10 -46 22 -91 64 -44 -84 -40 77 20 -65 -36 -44 -88 15 -54 -6 -35 -57 80 24 -35 30 55 29 42 -31 29 -12 87 3 -76 77 -13 26 12 -24 -10 -34 -40 -93 88 -51
-74 42 48 -92 39 45 -87 85 -76 -88 26 -52 75 86 42 -28 30 -26 69 71 -81 95 -94 -86 -72 -94 24 -30 31 90 -34 -20 -88 59 70 17 35 -10 72 27 -76 87 91 34 -33 29 -79 93 -44 -57 59 -76 98 99 46 0 42 29 22 20 60 -21 45 65 38 -76 -80 100 -21 44 83 12 12 -17 74 -23 -10 54 18 36 -55 -33 -23 33 -9 -16 9 -66 66 46 13 -63 -58 33 -52 94 21 73 73 16 78
9 -42 95 -83 -48 -19 -5 -100 73 -28 83 91 -63 -79 -94 17 -5 35 20 76 -30 -84 -74 43 25 70 92 -80 -20 -80 40 -44 18 -74 77 -1 -49 -35 -59 -10 -39 57 67 -21 -90 84 -61 1 47 28 90 72 83 -88 -69 -31 11 47 -72 -63 -44 18 -30 13 -46 6 33 97 3 -53 12 -52 14 22 53 68 -88 5 -9 -23 -30 -66 21 33 97 -98 92 -15 41 -71 -92 -79 99 50 -22 53 47 0 -33 -9 -74
78 60 -59 -26 69 85 -27 -59 -63 37 16 -57 -71 -12 -79 -46 75 -6 -63 61 81 29 52 55 29 -90 88 -48 68 -8 62 59 31 67 -2 42 -57 8 36 23 -40 -84 -55 12 5 -64 78 -85 -33 -38 -29 30 -37 45 48 -59 -30 -83 68 -53 -85 -90 4 77 50 86 -71 -58 8 -83 21 84 -60 -22 -31 -16 -10 -98 -57 66 -8 29 36 75 8 9 -50 85 -89 6 -81 -33 63 24 -64 -57 -50 61 -3 33 23
-53 4 23 -13 -44 -34 -34 16 -43 -79 11 -24 -25 -63 27 13 48 70 87 -1 -65 -24 -83 6 46 -24 -4 -45 -42 51 -60 17 16 39 39 21 37 67 12 -56 -55 3 3 -30 -27 -97 -44 -14 -6 64 -90 -48 50 -43 -97 90 3 17 -67 -1 27 9 41 -61 -57 100 -95 65 -99 -11 -1 -35 77 -91 42 -93 -61 43 -1 -49 -59 27 -34 43 12 0 -82 80 13 -51 75 9 14 83 2 76 35 -20 51 76 16
-46 41 73 -68 49 -27 24 82 8 -23 49 -66 23 80 77 91 -63 -78 71 -80 46 57 3 -83 -1 1 57 -43 -33 53 27 23 20 75 58 19 -9 59 71 11 -48 85 -61 64 67 -84 82 78 18 -3 71 -44 -33 89 60 -47 -58 -84 84 -48 93 24 42 -7 42 -93 -96 34 -76 88 -85 68 74 95 84 25 -14 16 -54 -9 -40 8 -54 78 43 -4 -77 64 25 100 -6 43 -50 -67 61 -87 -61 54 85 -93 -24
79 -44 91 63 -9 -26 -30 -80 -85 70 -21 -73 42 -12 -39 24 -8 -98 -50 -1 67 5 43 48 59 -30 -52 -14 20 61 1 -48 5 -21 3 14 14 -19 11 -24 25 -47 4 -49 -20 -23 -37 39 -49 -11 51 -87 -78 100 11 -34 18 -9 66 40 -26 -44 85 35 -49 -44 -14 57 -90 -64 72 36 22 -50 96 67 43 20 -69 46 -16 78 -79 13 55 -84 -34 60 46 -52 55 55 76 -84 71 -39 -96 35 38 -96 -86
-96 69 83 -90 38 -9 85 -62 14 2 1 -12 -63 -43 -37 93 -75 70 4 81 15 -86 -56 74 -5 -45 -42 -66 -52 51 29 26 46 -4 -10 -46 -75 -10 47 5 -16 56 58 -66 -21 -100 -67 -47 19 78 84 -44 -54 -49 -21 -40 -55 1 -20 -10 27 94 -44 2 -88 45 -64 6 11 6 -99 42 86 -85 60 -54 76 -59 67 99 -91 -92 48 -59 -54 -5 -4 -97 65 12 63 94 20 63 -83 -42 26 67 -3 63 71
49 -59 50 44 -30 -13 -55 30 70 81 85 56 -60 -19 19 -31 -49 23 -47 -35 -3 -45 -87 -59 13 -6 -97 72 -42 -55 36 -36 29 48 -41 -35 42 79 -20 45 34 -74 84 -64 -76 84 -57 -61 36 -99 49 18 51 27 48 -55 -19 -30 68 30 -63 45 69 2 86 -13 39 -100 37 -96 -49 93 -25 53 27 -11 12 -50 52 -50 0 -22 29 90 -58 91 -41 -22 -3 57 35 -20 26 -49 91 -75 -39 12 -2 93 -81
33 -42 -85 -23 -56 73 25 78 99 -20 99 -13 49 70 -8 58 64 22 -59 -39 -41 11 26 90 96 -97 15 -14 72 -13 72 20 81 -66 -85 -40 13 38 93 -68 -25 -35 -78 69 -52 -82 82 -60 18 -59 4 53 -42 76 65 -12 99 -94 -94 28 93 1 -82 -5 -9 -9 58 -6 -5 -48 -58 78 50 -96 78 11 -81 -79 -32 31 -46 -78 13 69 -16 35 -24 38 73 -45 -26 -88 -32 51 -59 24 36 39 64 67 -27
46 21 -20 7 -34 -33 26 -22 -20 -47 39 -45 -9 -88 -11 -99 -31 30 -24 90 39 53 -31 61 4 -3 44 48 32 -11 -48 -42 -39 48 48 53 56 -67 56 -71 -53 55 86 -18 89 -57 43 64 48 11 96 -61 22 96 -79 78 -6 -63 -76 57 -16 -10 91 40 -29 -18 -79 -53 -10 53 -48 -96 -26 20 60 57 -24 -95 16 -87 -15 90 37 61 14 -48 2 98 0 -99 99 94 -71 -65 24 25 13 -66 -3 -74 -92
-39 -61 -56 24 -57 74 -9 -2 -30 -66 -84 27 1 -37 68 89 -11 -54 81 -83 -70 1 -14 59 -44 24 -20 61 -100 -87 79 17 -100 -52 84 -58 38 -41 81 -94 -10 13 -62 -55 -33 4 23 -63 54 -75 49 -39 44 21 -55 80 -31 4 73 6 -85 52 42 -60 -74 57 31 99 -52 -1 26 7 -41 23 85 50 -22 77 79 75 22 -16 20 12 -76 -63 57 26 -48 -15 -97 -32 -59 39 41 54 -91 -59 89 -68 6
97 7 16 6 76 48 -94 0 -38 -78 28 26 82 -45 86 -19 -83 -92 57 91 88 -84 73 18 38 -88 81 47 -96 30 -75 38 70 -88 -31 -1 -99 43 -78 85 61 97 94 82 52 -77 29 -24 68 -37 -47 87 37 79 79 88 40 -50 87 1 69 -99 70 60 97 -68 -98 -10 38 24 -7 77 -100 -100 -20 50 4 -71 -35 -79 73 83 -71 -21 20 7 -48 -52 53 78 -49 -8 -18 -15 87 -83 38 10 -71 -90 41
-43 -79 -72 -80 -18 -74 -74 36 24 -5 32 81 0 -41 -9 -30 31 90 -29 -98 84 -59 -95 -87 79 53 -1 -73 -21 -88 76 -22 -96 -25 -54 76 -60 -19 -14 41 21 72 62 62 -69 -75 -60 30 -85 -30 100 77 55 -62 36 0 -39 -39 -5 -32 -27 -42 51 -28 99 -56 -9 54 -68 -64 73 -61 12 98 76 84 5 -87 -74 -43 67 -12 -82 -51 99 72 37 74 6 -62 22 58 43 -64 83 -39 17 -96 6 78 31
-81 -20 2 -8 39 -48 82 91 -20 85 -76 44 44 48 -100 -14 -44 -27 14 31 39 -36 -77 96 -77 -59 -39 -33 41 41 8 -40 -15 -34 40 -29 36 -39 35 -33 31 45 -94 -86 47 100 -84 -91 -50 -25 -35 -98 79 6 -89 -87 10 -29 -53 34 56 -71 70 36 -52 -28 79 6 -30 20 52 -13 59 32 -86 -27 -25 -86 86 16 -9 -60 -62 19 58 67 -77 66 72 46 24 -61 46 56 -32 84 79 -56 15 -12 64
-5 -50 30 -4 -28 -13 -25 -32 -99 -72 68 89 -87 -32 -62 92 17 -91 -75 -23 26 -19 39 85 -62 54 89 -8 -49 -64 16 -6 -17 -49 -66 -74 56 14 45 43 63 -42 69 52 -90 10 40 -2 20 98 18 52 11 100 12 -81 66 72 65 -98 17 93 77 -1 59 27 60 -17 -50 14 51 -52 21 -99 3 -50 -32 13 26 20 52 -20 -99 -37 57 46 10 91 86 69 -6 -82 18 22 -74 -58 97 -76 -55 86 -72
-77 -57 -29 6 -22 -76 -74 16 -82 52 36 -40 21 -3 -39 10 -30 0 -80 49 -7 -21 83 25 24 -65 -67 39 -22 -98 -35 47 -86 42 -35 -82 -21 33 19 59 37 -71 15 88 13 48 -89 80 82 -65 -21 -78 -68 3 48 -85 -30 -67 91 -44 -71 -44 80 54 -44 47 -26 -1 -9 -9 5 78 71 -78 -34 22 -18 73 -79 -55 82 -53 -23 13 -30 -40 11 62 53 37 17 -84 82 29 -11 -73 -19 31 -66 21 -33
-88 -41 -89 3 93 -41 73 21 -40 7 -77 -54 81 -70 -7 45 14 -23 -14 -91 95 -39 7 -23 -88 -11 84 -60 -58 -15 30 83 -17 -19 -83 -92 72 -41 -13 69 -18 -20 -53 60 54 -73 -39 66 70 60 -90 22 1 42 28 81 -73 -97 -50 89 -42 -1 71 -49 -48 0 11 -44 -4 -32 6 79 86 -29 11 84 -7 -94 -10 86 20 69 -61 -78 -23 -23 -1 11 -75 -9 19 -46 51 -52 -85 54 -4 8 -48 18 96
16 91 90 5 8 -4 -68 98 -18 -13 76 -37 -19 -55 -27 62 -97 -87 85 -53 71 14 28 -62 79 70 -89 -92 50 -42 -85 99 34 59 -31 -2 -27 88 -30 77 -74 57 18 28 -37 82 -4 -43 99 80 5 -11 44 -70 -52 -44 -13 -79 93 -35 -6 -74 -77 -67 52 31 65 19 -49 -40 96 -3 58 -69 16 86 61 96 78 45 -4 -39 -98 74 2 61 95 -65 -73 13 -20 76 -13 25 -17 92 -77 80 73 53 96
-27 74 -76 98 -36 29 -68 65 5 -46 -92 -8 10 -57 -39 -62 -27 96 -63 65 -36 53 92 66 48 -41 3 -24 -51 -73 63 -46 -53 -30 59 -10 -87 32 -48 -53 -4 31 7 -23 -32 -37 91 15 22 -75 21 -62 -58 -66 35 16 57 48 2 -100 -78 -91 -37 -45 -5 -77 33 26 46 -11 -62 18 -12 -63 -97 -76 14 67 36 84 -38 50 -10 46 -83 50 87 14 13 86 -91 -98 27 -80 97 72 43 24 -82 -38 55
-33 84 36 -48 30 34 -47 65 -20 -20 -55 -97 80 -76 -97 47 -4 -20 -69 -73 -13 82 -54 43 -87 -12 -14 19 39 -71 55 -17 70 86 49 -91 77 -64 84 26 -99 49 -47 -71 -62 95 19 40 48 -82 -58 -41 71 46 -14 17 -34 -56 -4 -58 -44 -17 -54 51 -4 84 -50 -81 -32 72 -62 10 11 -80 53 13 18 -8 -48 74 -89 18 32 -17 -74 -82 26 -20 -55 -6 69 -31 68 95 39 -22 -86 23 85 -80 -97
-86 -3 -29 98 45 -87 -63 56 -63 -7 -29 73 91 22 58 24 91 -19 1 -85 -18 -70 -90 -96 86 54 50 -87 66 22 2 15 23 -58 62 -43 45 60 -56 -41 63 -70 74 97 -54 32 -14 10 80 94 -75 76 20 -96 25 4 -10 -21 -53 0 -51 -84 32 65 51 76 -21 -88 -54 -45 -44 -35 -48 -61 43 -96 -28 -87 1 -39 80 -59 -38 70 -15 72 -69 72 -23 -91 27 10 -65 17 -27 74 12 2 10 -84 -23
-14 -92 51 3 14 22 -94 67 18 -57 55 -77 -75 30 25 30 38 54 43 12 25 -43 -5 -51 -49 82 21 -37 -39 31 -65 -76 8 -17 -9 -29 100 -25 -85 -61 68 4 10 93 -32 30 43 -39 -64 92 49 68 -46 56 73 -59 7 -35 -72 -77 -14 50 -1 -100 20 -84 -44 -84 -92 11 45 -27 -6 70 -8 73 -18 100 20 75 42 -79 49 26 -75 -47 -53 -81 47 -57 42 -54 90 51 -68 42 -5 -16 -85 -13 -100
70 -2 -63 45 -62 28 34 -4 -55 20 -86 96 -22 -49 33 61 46 -26 75 -26 89 40 16 28 -95 -74 -92 81 -32 -55 6 46 -7 50 56 62 -24 31 -14 -18 81 46 99 20 78 -18 77 0 -77 -45 -30 -56 -18 -57 71 -62 31 -89 51 56 -3 -40 -88 -68 -42 58 35 -83 -68 53 -59 75 42 -12 8 40 5 -26 3 -11 21 49 94 -100 45 60 -3 15 58 -25 70 -71 75 -55 64 29 23 99 -90 -62 -35
-5 61 63 -32 16 62 -37 58 67 98 48 94 16 27 -50 -79 -69 -35 93 -71 -62 9 8 -11 -97 98 -59 -24 -42 64 18 -54 67 45 28 85 -21 80 54 4 35 24 50 -58 -68 91 37 -50 -90 -98 77 11 77 71 81 -71 -22 -89 -33 -21 -46 -78 -1 -87 -51 -69 -17 -31 -66 -28 -37 32 18 14 -96 -68 64 -25 28 24 -14 29 61 -5 -62 57 -40 10 -27 17 -68 -94 43 -61 42 -85 -59 -53 75 -37 -28
10 18 -54 96 -79 -13 28 -49 10 49 84 -23 44 -97 13 37 60 -56 77 -4 71 69 42 62 57 -92 -31 39 29 74 57 28 91 30 7 -24 39 -12 -18 -80 -84 -94 61 54 38 -86 96 58 80 -5 -80 -52 -16 -48 -58 3 4 3 85 1 -83 -99 -11 -59 59 -13 21 16 35 -87 -10 -23 73 -60 -62 45 40 -39 85 -28 -51 -61 19 -13 6 -70 -11 39 -98 15 -3 96 46 -86 64 88 99 -12 96 -39 -22
4 51 93 28 45 64 -11 81 45 -95 -65 -49 -81 -56 61 85 -94 -66 67 -57 27 92 -3 -99 66 -46 -3 79 72 -93 -27 -11 -15 78 -4 -84 41 -27 -79 -59 53 -46 61 45 -60 41 32 78 -87 -41 -49 60 -19 -20 7 -97 8 -64 52 -51 17 -44 -78 -19 -59 96 -40 86 92 5 52 -67 -56 -50 -61 -28 -36 -19 -3 71 40 -34 -22 76 23 -85 75 4 -54 6 -8 41 -12 -26 34 -80 75 58 67 10 -34
98 67 -16 -50 -15 -12 91 36 4 -16 71 3 -82 59 -68 -84 47 11 -98 26 88 60 65 -5 78 12 22 -56 53 48 45 -53 87 91 26 78 25 62 -74 -98 -52 -20 40 19 23 -58 -88 97 47 31 34 -12 52 -49 44 69 -27 -55 99 57 86 -73 -82 52 -71 55 -21 -78 -14 95 -34 -76 82 93 -45 -1 73 -85 -30 75 91 -44 27 0 -59 83 48 -74 -37 -40 72 -33 65 41 26 -9 -89 -19 -48 57 29
15 20 49 -31 -76 -14 22 -96 -84 -63 47 46 45 -55 32 -52 -23 -85 -83 3 6 27 59 100 47 87 98 100 62 -9 83 77 11 33 49 -96 44 -5 56 86 -43 28 -97 26 -18 -94 -28 18 47 57 -63 0 -68 -86 72 -13 51 -55 100 47 95 -62 59 4 72 -64 11 -73 30 92 -80 -23 70 -79 -43 -73 68 62 8 66 70 -74 20 -12 38 55 -10 -34 -53 -45 8 62 67 5 -82 -84 -90 41 69 -61 19
-82 -48 21 -6 -64 -61 95 49 4 -73 -39 93 12 -78 9 -45 -94 -86 -26 -75 40 -73 49 -6 12 56 -97 75 -62 35 -45 55 17 63 37 32 10 90 -14 35 -23 -47 -22 -9 -56 -27 96 94 48 93 -18 18 -23 -50 -16 58 -92 -77 -59 53 83 -42 -63 -79 6 -56 -92 -32 15 -71 -15 43 3 76 -8 32 -10 -73 -64 3 66 59 -3 -91 -40 -19 98 92 56 46 -54 89 81 59 -9 63 83 100 93 -58 68
78 -82 -52 -40 54 -13 -63 12 -41 30 -40 -21 -15 -48 86 -73 16 -96 -70 90 35 71 -62 -11 53 94 83 40 -3 25 43 -95 -64 42 8 -7 49 -68 -20 16 -74 38 -17 42 12 11 60 58 -52 -24 -36 62 77 1 -21 -95 59 -16 -9 17 -64 -3 22 -43 -77 -5 15 23 -74 30 20 53 -93 -37 74 28 57 -22 -76 98 81 -4 -74 28 66 -91 -54 69 -47 82 -23 5 -79 48 15 86 -92 -45 -23 88 98
46 48 -15 -10 57 -18 -37 52 20 47 -24 38 -40 -34 48 -87 48 -35 16 76 -60 26 53 -7 -1 61 23 -16 -27 -71 51 66 96 90 -60 35 -22 3 -81 -12 26 -7 -88 -56 -42 -85 -90 90 -48 53 -81 24 -91 -26 76 -93 84 3 21 54 78 27 -17 -27 -88 54 -72 -75 83 -87 8 -31 -18 87 -5 -17 -8 -14 -20 -72 -9 -15 -63 57 98 -98 95 20 -79 41 -85 50 -98 -70 89 50 -15 58 43 66 46
64 -64 65 92 4 13 -62 83 19 -55 -1 -96 34 -86 -40 -49 -29 42 -34 61 -14 76 28 -25 -14 -60 56 -69 -29 -38 54 -89 76 13 79 -88 63 27 -72 98 -26 26 55 -26 -62 -51 85 -55 29 76 58 44 -45 -86 -11 -98 -62 -55 1 1 23 90 24 -26 -60 -84 55 -51 -97 -74 61 -98 -8 -48 -39 -83 -9 -14 13 -75 65 -21 29 -97 -45 -90 -47 -13 35 19 -37 -65 -82 40 -52 99 -75 54 55 47 -6
32 -50 -28 -23 56 91 23 -38 -29 36 -92 -98 -55 76 91 -45 79 100 30 -36 -24 82 81 -63 -81 -8 -84 -12 77 69 64 -4 25 -95 -73 -42 76 -72 94 -8 97 -12 -2 11 -97 -38 -19 59 -2 -63 -54 -97 10 61 -64 -100 -54 -31 -47 -63 -70 40 -31 76 46 -70 -81 -75 -6 -33 100 10 12 -88 -25 -69 59 -37 9 -10 -38 57 82 -52 12 -49 -68 23 14 -27 -45 5 52 -39 80 -92 -77 -90 -16 86 74
-33 51 76 -96 74 -96 -26 92 -53 -34 62 30 10 22 -93 -85 -55 -87 -95 -64 -69 -44 0 -79 59 18 -86 38 -54 53 22 -97 -82 55 78 -95 -40 18 -75 -96 -65 95 7 67 61 -29 -48 -59 -19 90 63 -49 -27 -98 -4 40 65 75 -74 84 60 95 83 -56 23 -35 -47 63 -69 -39 -17 66 -54 -36 72 -75 66 64 38 -37 -18 21 63 -33 78 -98 -40 -1 -48 36 2 -45 95 96 -19 66 85 38 -82 -65 -94
-98 -1 -14 17 6 -21 83 -80 12 52 -31 56 65 -98 -87 29 77 -31 -56 99 -47 -18 -95 -44 66 26 -37 -75 29 73 -43 -52 -53 -97 77 -90 33 56 90 -62 50 -89 -28 13 -38 -3 19 -86 78 60 -99 36 -25 74 -10 -18 43 97 -64 -54 -2 19 39 -68 18 -44 -81 -42 -39 -7 54 14 5 -8 39 -96 34 58 88 -6 72 -73 58 -85 -60 60 -94 -80 -90 54 27 -47 84 -35 43 -43 -95 -97 -4 -3 89
54 -94 -93 31 -94 97 -92 -68 -77 -10 -18 26 19 -88 24 -73 17 -53 -2 84 84 -66 85 99 85 18 95 -100 17 -95 -35 -64 -95 -71 -53 -93 -32 -36 43 69 80 31 -17 42 -23 -50 -39 -95 -68 -29 90 56 -82 34 33 -17 96 -35 -64 77 -25 -92 75 -73 -67 62 -52 -25 62 -21 -26 18 94 79 68 14 43 -20 -80 19 -44 81 68 7 -9 14 -69 -12 18 30 14 2 88 -99 -46 61 -24 74 21 -81 -62
-97 74 -46 3 -30 -90 -39 -98 64 -61 83 95 51 32 77 44 -97 -6 50 -78 -14 -43 58 34 -69 25 -8 95 -85 -4 -41 99 41 -44 -78 -99 -46 94 49 27 60 100 85 25 35 45 3 -45 -90 -47 83 3 -66 87 -52 29 63 1 14 25 93 94 99 23 35 -5 -35 -52 88 -83 -42 -3 -92 49 83 -5 13 95 -40 93 -30 5 -49 63 11 -34 43 -48 -37 51 -59 98 53 74 -66 -51 -35 91 -44 65 -33
84 -80 -75 30 -41 22 52 -72 6 -86 89 80 -11 83 30 21 43 70 -15 -1 -65 -64 -12 58 44 -100 35 39 -68 27 -6 -100 53 77 84 28 13 -16 37 -98 9 100 -57 -95 -58 -1 13 -73 -18 -75 -37 -89 51 2 40 -67 -89 -86 -68 -13 -79 -42 69 -23 27 -71 94 -53 -82 50 -82 65 -51 -92 -60 41 -58 81 58 -94 -64 -52 18 -78 91 2 -56 -45 68 87 -60 66 -81 50 67 -48 -1 69 17 -3 -73
32 89 -94 60 -16 -24 10 38 -40 38 -2 42 -56 33 -53 -8 -45 41 -70 -15 22 8 63 27 -60 96 -41 90 10 -19 -15 -48 39 -76 -38 -66 60 -95 95 75 -47 -67 -94 -16 -86 -77 8 29 39 10 -30 -82 44 -4 75 94 -10 -48 70 -37 -59 89 59 -47 52 25 -9 -57 -79 5 -7 -82 -10 92 63 -94 73 22 41 87 3 28 -35 -1 93 97 -88 0 81 -96 87 -73 91 -84 62 -8 6 -39 42 88 51
73 -98 -89 -37 -37 -74 -98 92 66 20 -44 -6 -60 -93 -31 -35 -62 -22 -79 -53 -74 29 -11 42 -61 3 88 14 25 -72 -84 -53 -40 48 -36 61 -13 -12 -58 -62 -66 69 -24 46 58 69 0 83 12 -56 -2 -90 -87 -19 -80 -10 57 13 25 61 6 -44 91 -3 -40 -39 84 -21 -81 -31 -56 -81 85 65 31 51 -38 26 -50 -95 77 74 71 92 30 60 52 10 91 -48 54 99 75 -65 -99 41 -32 -89 81 -6 97
47 -68 56 68 -41 -81 22 68 30 10 97 -6 84 -55 71 -99 -80 32 17 -53 85 47 -16 -17 -2 -9 30 40 -41 -9 -39 -85 41 22 9 -35 34 -10 18 -1 -14 21 49 61 -52 5 15 -23 -44 -83 -19 83 -56 -64 1 23 -97 76 -85 -48 -30 39 94 53 45 5 13 13 94 58 -43 -59 -50 49 -77 57 16 -42 50 -26 55 -26 -35 -60 -14 85 -51 47 -54 -23 -63 13 5 -93 75 50 -80 -6 23 -61 -30
6 50 -50 20 61 -92 34 7 -61 -91 5 -43 -39 61 72 43 39 1 -63 -9 -73 50 75 22 2 47 -50 -89 92 -20 40 57 -68 -57 82 74 71 -51 53 -33 99 10 37 84 18 42 -38 -74 -59 -86 -10 87 -57 17 -35 -16 63 49 63 12 89 -51 59 -81 80 -14 58 -12 21 42 -67 69 35 -17 -99 68 -92 89 -58 90 -30 -9 -48 -14 -2 -75 33 -94 -59 0 -94 -10 -100 -91 32 82 52 92 3 -94 -52
-26 -40 90 98 65 -78 -5 58 77 47 -26 11 -1 90 -82 48 -78 72 99 -15 6 -10 79 77 68 -10 -54 -78 1 -26 21 -74 12 2 43 -46 38 36 45 68 -95 9 32 -73 -84 92 40 -80 57 -78 -64 -64 -41 21 -79 -84 14 -22 91 98 -24 49 66 -55 4 65 56 92 62 90 70 36 -92 -11 -71 2 -66 11 -95 -89 71 47 -74 75 48 62 -28 -36 -55 34 -26 47 94 -62 -2 -62 83 -11 -33 29 -28
97 64 67 29 -1 -14 -96 -19 88 -15 11 63 -29 50 -82 74 23 89 -68 82 50 -21 -86 -57 84 83 18 91 -62 -32 50 13 84 20 70 69 68 -33 88 60 -5 34 -78 -32 -54 -19 80 85 -96 84 56 -80 -46 91 -89 -63 63 -57 -17 -67 16 -100 49 90 62 -2 65 95 57 -42 35 -45 -88 -60 -53 72 55 86 -79 24 -96 -70 43 -62 72 -98 -9 78 57 -71 75 -73 25 -17 8 -32 58 99 -61 -27 26
63 -36 44 88 -95 72 -73 -76 38 87 -54 -38 -94 99 99 51 -99 85 -56 -69 20 -50 -43 -16 37 -35 84 -57 -35 -93 20 32 -27 56 -58 -37 33 -77 9 -43 78 -37 59 79 -83 -46 -34 -7 -84 32 95 -63 -22 12 -87 42 84 69 -17 27 97 -9 89 -87 40 -47 -5 -62 69 67 69 -89 -6 -63 78 -48 -33 31 17 -61 37 -87 -52 -72 -81 22 88 -29 9 -16 -13 29 2 26 -62 8 -4 -60 -65 88 -29
-27 -46 -38 -76 -87 63 60 80 -64 77 -81 -85 -79 -89 24 -16 -32 -94 82 3 -77 -44 -51 44 10 -72 47 -58 19 -61 0 46 -64 -29 -89 -36 65 52 -58 92 -65 58 -22 92 77 -66 76 88 11 70 68 12 13 88 -81 31 -44 33 -12 -55 -36 49 26 40 86 -60 5 -28 -3 41 -100 50 24 -59 -60 37 30 34 -91 -10 -56 24 8 -42 -54 -95 67 -58 -56 -75 -10 10 -12 63 -50 86 51 50 29 -91 0
0 3 14 -14 -47 -31 -31 -67 69 15 53 -55 -82 40 19 -18 -34 -22 -82 68 100 41 90 72 77 58 31 -1 -3 81 -6 -29 7 -47 -23 -11 -81 -36 -86 47 -53 3 -92 80 65 45 -74 -53 -78 92 -85 -30 78 42 -22 18 -31 -93 48 42 87 -63 81 -14 87 5 48 78 74 -38 90 33 -35 -3 -14 -45 -96 -80 60 -33 -96 -71 26 31 7 -71 -28 -93 85 -46 -34 34 6 80 34 0 74 -63 79 -19 -76
-84 -4 -92 70 -58 -100 73 49 -7 57 66 -32 -76 0 -4 -54 -61 -2 -80 -78 -52 -49 61 -77 98 13 66 47 -92 -20 -1 99 -96 9 60 60 -26 21 -29 -99 96 -11 19 -70 -8 20 64 29 36 11 -31 -79 67 -17 -25 11 -95 26 -86 -25 -14 60 -3 27 19 72 6 -82 8 -15 93 41 35 19 -40 -30 100 -82 -97 -5 -57 3 38 3 -36 80 38 22 29 19 45 0 -57 99 35 51 -36 7 54 38 -66
94 -23 -69 -2 -86 -10 -61 4 46 0 82 -38 20 100 -7 23 68 -81 -88 55 80 32 76 -14 -58 81 32 -83 -53 -64 71 -97 17 70 16 27 -71 -1 -95 -45 -1 42 -25 64 -92 -92 12 -14 -84 -86 -1 1 86 -94 57 -14 -46 -6 54 39 -16 83 20 -39 -41 47 -46 94 74 -41 -68 99 17 -84 19 -67 -79 -27 45 98 -36 -61 -37 49 3 82 -42 -46 35 67 -42 -57 59 80 -30 65 70 73 24 28 57
59 -28 8 -24 35 100 -42 -96 26 15 -15 -32 63 57 59 -63 -8 -57 -81 93 -70 -38 -96 92 55 -68 100 92 -94 -27 98 -54 -50 78 -73 -45 -26 -83 -18 -8 89 -85 27 -37 -63 13 95 21 -70 -49 -82 -55 95 -65 -74 -49 -38 31 61 -64 60 -82 69 49 22 -29 -99 -92 36 64 59 90 59 59 -75 24 17 88 29 14 13 90 4 -57 23 88 63 -68 39 -35 -17 80 86 -7 98 37 -70 27 -54 40 38
-87 24 47 17 45 -83 49 -71 53 59 -63 -21 -50 -62 56 85 75 -94 -89 -100 30 -27 89 -47 -60 99 27 -33 -47 17 68 -94 81 -95 27 47 9 87 -7 -13 -6 -65 -4 -96 38 -90 52 -11 -60 75 74 75 -100 56 97 87 33 -50 31 -69 -31 -14 78 61 63 -37 -26 -66 7 55 29 -92 -64 67 61 79 38 -1 50 75 36 -84 4 98 -74 -61 20 28 1 52 67 35 -98 -47 76 67 -37 -9 -15 -51 49
65 66 72 -45 -9 -13 -47 -51 -1 -86 -21 8 -83 9 62 -6 -91 -97 -79 83 -44 86 -85 -30 51 -11 -87 -73 5 58 -93 -55 61 57 93 24 -83 -27 -60 30 30 47 -79 -29 18 51 20 19 12 -88 -10 44 14 7 84 -40 54 -3 7 51 -21 7 -84 -6 82 -27 -97 -50 -98 14 -68 60 30 30 -8 -25 35 90 64 7 54 40 -75 41 88 99 36 20 81 -79 65 -79 -99 -4 -16 67 22 85 23 19 -8
-31 -13 8 71 83 -52 59 6 -77 -28 -45 -28 7 96 -7 -40 -58 53 35 34 39 -83 24 90 -93 -27 36 95 -91 -30 -44 78 71 93 43 26 -80 -94 98 15 50 -21 -35 27 41 25 78 -32 -1 74 -53 42 -59 -90 41 69 0 83 -31 76 -28 -76 20 6 39 28 89 -43 41 73 -58 98 -22 80 -40 95 82 45 -27 8 10 -89 51 16 -21 -43 77 95 46 56 27 -18 92 -76 -84 64 -49 74 28 76 18
9 89 -52 63 -66 -74 -63 30 -65 17 -90 -98 51 -92 -13 52 -46 -87 77 -22 11 74 0 100 -75 -33 -75 -22 10 -50 -50 8 34 -55 95 56 -90 -37 -88 57 -15 66 1 -23 12 29 82 -47 30 -42 -19 18 46 -90 69 63 78 -60 -35 -70 92 79 74 12 28 -70 -93 -85 27 34 -87 15 23 -53 -67 -100 58 -38 -3 -20 -3 -12 35 48 23 97 -69 -36 81 1 -85 0 12 -48 87 -33 -83 -62 -40 -94 -49
77 50 -2 -4 -29 79 -71 -11 -32 -43 49 33 -54 34 -73 18 51 -36 -66 79 94 58 -3 -35 -27 -39 73 57 39 23 36 57 42 39 -97 15 86 -5 27 -75 25 28 -13 -66 -32 90 36 52 -18 -90 48 35 31 -17 47 51 -54 100 -29 34 -35 28 62 -26 -66 19 33 -26 -59 55 -82 -54 -4 51 -1 -72 81 -32 5 85 -45 72 -88 -82 23 -22 -45 95 -94 -34 -95 -61 87 -8 88 -98 -37 100 -2 -75 -50
-71 -5 -63 -87 -64 63 31 -18 -70 -99 -28 30 -90 -84 79 -48 -23 76 -40 -67 -81 66 50 38 43 -41 85 -56 -40 -20 42 47 52 -82 38 -6 -83 67 -46 16 -95 79 -83 45 -4 48 -27 1 91 7 -64 20 -99 67 -79 -40 -33 -57 3 -79 82 93 3 -43 28 -87 21 10 0 -90 -71 -88 -21 -42 -29 5 -67 -77 -93 -26 28 -69 -31 54 70 -56 -89 19 36 81 6 -76 -27 -62 78 56 23 79 1 -47 -2
-89 -29 -7 -33 93 -78 34 -7 45 43 85 84 -18 41 35 74 -100 84 46 19 -72 -7 83 -33 -64 18 3 53 -19 -32 -17 -12 100 14 -26 -48 0 82 -45 -1 -38 39 -69 97 -4 -64 -36 -34 83 88 68 -91 82 50 -18 9 72 18 -28 -50 -52 -52 65 -53 62 -98 -65 60 17 -45 -88 -31 -51 57 2 79 -9 31 42 33 100 -69 -58 18 -28 1 -14 91 18 -75 33 36 -7 92 -35 3 96 -66 61 -5 -51
70 -23 79 4 -20 56 -58 4 14 -94 75 -55 65 60 -9 1 -68 -65 -7 85 24 -75 33 -18 8 -10 -48 11 -28 -69 20 -80 -98 -27 -13 -54 88 21 32 93 -45 -1 56 39 77 -65 -12 33 -81 -29 68 -33 -70 -82 4 -76 -71 77 -82 47 80 -44 31 62 72 -81 63 -50 -53 57 -89 -48 28 -62 55 -53 -35 42 57 72 -93 9 -1 13 60 -87 99 -26 -48 12 -79 64 -98 67 76 90 -47 -70 -69 50 30
-67 -40 70 -9 12 63 14 -3 -80 -26 25 -14 -7 57 6 91 -46 55 -84 84 10 -75 -99 57 9 61 74 -6 -40 92 92 -90 -94 17 -79 48 -77 -59 40 3 17 -61 65 53 30 93 58 -75 73 -41 -33 -13 10 66 6 -67 -4 10 14 26 19 -78 -76 -50 48 -80 -77 53 -46 -9 99 -10 45 68 -61 71 17 14 93 74 -41 55 -11 -37 -56 86 69 -50 -77 1 72 -5 22 22 57 -32 1 26 67 61 -44
-93 -8 66 -2 -64 0 54 -82 56 -65 37 60 -28 81 -8 97 29 77 19 -16 89 58 -68 7 -16 -7 -64 43 80 -72 88 66 56 38 11 40 54 17 92 -20 -75 -57 39 -54 98 57 -49 -38 -92 -50 19 92 -62 -77 -73 11 -13 -77 -22 -74 32 19 -66 42 59 -78 -32 94 -15 -100 5 -77 33 -95 51 92 20 37 14 -97 -70 -89 28 -85 -73 -31 100 -53 24 80 -28 -66 29 -9 62 42 -53 -58 -39 59 -57
-74 74 64 -9 -16 74 -18 -53 -12 5 -26 -17 53 -56 -86 72 48 18 -8 95 53 -3 -20 53 48 66 -21 67 27 7 -87 -96 90 -25 -45 43 -32 78 -48 32 -7 8 62 -51 -47 -67 -83 -4 -32 -43 59 46 -9 -82 -75 88 81 79 -59 -83 -79 -40 -59 97 -17 94 50 -100 31 -90 -23 34 -75 94 -85 27 -9 91 5 24 0 96 -30 -13 53 1 -76 -68 54 90 -100 6 -9 41 22 88 38 100 -61 93 10
-27 25 9 17 -71 81 17 -66 9 11 -71 -23 -36 94 14 37 44 54 74 -16 43 66 20 -60 -62 67 -82 -22 12 -33 22 0 44 -30 -90 -96 51 -86 -81 -3 -25 -10 -62 19 65 62 -32 85 83 -58 10 30 -4 -41 31 -85 59 -33 25 3 52 0 95 72 -17 10 49 -94 -21 18 52 94 -100 46 62 36 23 38 58 96 64 -89 21 -36 -64 25 -6 -14 -60 -43 96 66 12 -8 68 -25 -93 91 -100 -66 -27
97 -92 -62 -11 -24 15 51 -92 19 2 -16 83 -54 -58 14 41 -51 89 83 -67 -43 75 -67 99 82 77 72 -59 -62 -37 -33 -28 67 98 23 -41 13 -94 -100 1 81 6 -5 8 -73 11 -53 69 80 6 100 93 93 4 68 65 -39 -62 -80 42 59 31 28 9 -59 6 -41 56 -51 -24 -44 -50 35 -80 49 -47 87 -44 21 28 -72 -61 -22 -70 85 -88 -76 -51 -58 -23 -46 -36 47 21 -51 -60 39 -80 -25 20 -94
-22 72 9 79 -83 -3 75 -40 -92 49 100 51 -72 -52 -17 -7 62 18 24 12 -75 -25 -34 -24 -96 51 81 45 4 -17 25 -43 -22 48 100 -20 25 -52 92 49 -46 -66 56 41 -6 52 69 -66 -47 94 -47 -48 -100 -84 15 -35 -78 -67 15 -88 12 100 -79 -98 39 -55 -85 -36 -24 3 78 48 -87 18 84 -20 -21 97 12 84 14 -19 94 99 -6 -73 58 -23 83 72 12 -5 -70 -44 86 70 68 30 -63 -98 63
65 17 -77 -73 20 -24 -71 28 68 -68 90 -4 -40 18 -21 89 -12 48 -22 -4 70 -71 66 -88 73 -80 82 70 39 -8 92 43 44 -50 10 91 98 -56 22 36 51 -11 -60 -70 -59 52 83 11 -28 -63 24 73 18 22 -57 -17 54 84 98 30 -51 93 87 49 -1 -83 -62 58 -32 -24 78 -61 -15 90 -70 -60 48 -54 52 -15 64 30 83 -52 42 84 18 -36 27 -9 -71 43 -69 21 -41 67 -96 27 -53 -43 -74
67 25 27 -4 12 -89 75 -40 53 43 -1 14 -6 35 59 95 6 -16 26 -94 25 65 99 43 20 -95 -86 43 -73 38 28 69 83 55 -36 69 100 -80 71 -12 92 81 74 -65 -29 2 84 40 25 -69 95 -50 -29 -37 -19 -17 99 -80 -30 -63 -28 28 -10 -97 -61 -12 75 76 -44 -59 72 -91 49 60 36 -13 -9 -17 -22 0 9 -5 -12 72 28 46 -28 0 78 80 -4 -27 -56 40 37 -93 38 62 95 30 -7
8 57 -69 42 5 -55 -76 61 42 -51 -78 -12 -48 7 46 -18 -80 -66 26 -61 29 -38 -29 92 36 -62 -30 46 21 -39 47 24 39 89 0 57 30 -16 44 5 -85 -13 -65 4 -68 63 26 -8 -22 -55 37 41 -75 -98 17 1 83 51 -5 39 19 -18 -46 45 -89 -54 -31 54 26 42 14 55 -18 26 58 100 30 73 21 91 -34 88 -8 -63 7 -42 -98 -36 18 -28 -13 -88 -33 1 -65 57 56 54 51 36 -37
24 74 20 -26 21 95 82 -49 -36 -77 75 -51 -38 14 63 -93 -74 -39 -96 -69 91 1 -30 -58 35 -100 -99 -47 -89 83 50 55 -58 -11 -31 33 -32 -85 3 77 -64 50 -2 51 71 -77 -34 -25 -32 85 -87 20 55 -21 -45 -93 32 75 53 88 -49 -77 -73 29 33 13 -72 -67 36 52 -78 -11 -33 -24 -64 54 -88 21 -56 -100 70 -20 19 -66 -84 -51 -72 -55 -30 3 8 -15 -28 -39 85 -64 -71 66 44 -26 37
81 32 -98 54 10 -84 10 -66 -14 68 -92 -2 76 -94 -60 23 10 20 88 -6 -30 -68 -12 -71 -23 -78 48 94 25 74 -85 -98 -25 -88 -74 -53 -4 63 62 22 -67 7 -81 -74 27 -87 3 -54 -39 41 5 97 9 73 30 23 -50 -67 -99 -24 -62 -38 -85 65 -57 -74 1 -41 -95 98 1 -87 -64 97 -19 -54 -75 73 43 -48 91 -26 71 51 18 68 -30 19 5 -87 9 83 26 21 -13 95 14 8 -90 -95 -43
65 51 98 -7 37 -57 8 -58 78 -70 -51 98 16 -24 -70 91 12 27 32 -31 86 -57 20 93 -56 35 38 -2 61 94 82 64 47 -10 90 74 -79 -18 -44 24 10 -12 43 11 45 47 78 -97 90 91 -14 -16 -76 36 62 -40 -46 -75 -12 -94 76 -45 -82 28 25 87 65 51 -100 26 -34 -47 -87 -50 -59 -87 -89 -78 89 22 70 9 86 74 -68 80 -28 -61 -26 -88 -32 -22 22 -14 59 40 -80 5 54 -28 -96
84 -42 22 -2 -50 29 -42 33 -37 -34 77 14 84 56 -28 76 -25 86 91 49 -32 -66 48 -16 -79 -24 -42 -96 -65 55 11 -12 83 -35 97 93 8 13 12 -7 29 -13 -86 100 36 72 58 80 -14 -46 12 82 -83 -31 -49 42 21 65 -96 28 -38 -15 9 26 65 -32 -55 17 9 1 -32 -77 68 91 36 -19 8 93 -70 -98 -46 8 69 65 -87 -41 14 53 41 -84 20 12 -40 65 86 57 18 -52 61 -24 73
-76 50 78 76 -61 -5 -68 -6 26 -51 84 -31 -33 81 28 28 4 -50 97 -12 78 40 25 14 79 -21 -15 67 -73 -25 79 -4 -18 -14 -34 -36 -63 3 -43 -58 -29 -58 -50 88 69 -71 -87 -78 -97 88 71 -92 -54 78 -92 -93 -20 70 -76 47 -25 -50 5 42 53 -26 -41 94 -60 -99 -12 98 -22 12 93 -53 100 64 -91 5 -86 54 15 -57 -41 -91 -37 -63 75 -11 93 7 -72 55 77 -77 -57 68 -100 -93 -50
95 93 -58 9 -69 -47 -55 -72 -88 -100 6 -84 -100 34 -53 36 -11 51 -82 42 61 -29 -27 73 88 71 -67 21 -74 -78 26 71 100 16 12 73 33 -80 34 26 72 1 24 42 -100 59 57 5 -88 -21 -76 -21 -21 -42 9 33 -11 85 -72 -64 59 38 54 -7 82 -34 2 -1 16 -29 -88 -61 -74 -43 21 -20 -6 15 -56 0 28 -53 -90 -46 60 68 -80 -97 -40 -84 -90 27 53 -45 77 -57 -10 10 14 80 -63
29 81 -79 13 63 68 -94 -22 59 -38 -1 71 32 20 -19 -32 37 -2 54 -83 -18 16 -18 89 -75 -65 -96 -33 56 -49 100 60 -26 44 -52 78 -66 -6 72 -66 40 -49 -78 -6 -72 6 -31 52 -42 68 86 54 34 -56 -14 -85 100 -7 100 76 50 60 27 -14 11 97 98 71 52 39 -49 -9 19 -1 58 -30 -38 29 -71 -59 -69 65 36 12 -20 -70 29 64 39 32 -67 -54 75 50 -30 10 35 -100 -1 32 -22
52 88 32 56 -76 -92 5 88 95 11 18 61 49 92 41 55 -56 -61 -40 17 25 81 -41 -86 -30 -48 38 -57 85 47 -87 20 38 67 94 36 -69 -18 99 -29 -92 48 -58 -88 -33 39 -94 -28 34 -2 -86 -73 6 -31 -51 -62 39 -43 -61 -62 53 -22 1 99 73 -78 -95 90 67 87 31 49 -8 -42 17 -12 -65 -100 53 53 23 18 13 13 33 44 11 60 -2 74 35 -24 -39 -98 27 -70 -62 47 75 -38 66
17 -94 -53 -84 70 -18 -89 44 -42 -3 68 14 -10 42 -18 53 54 -49 34 52 -64 54 -8 81 35 -38 -90 -22 40 16 -70 -56 -28 -67 38 17 16 -41 77 -88 97 -37 -67 -42 60 82 26 88 30 -54 41 90 55 -82 -25 99 82 13 -89 -67 98 -7 -93 25 29 60 -71 38 80 40 44 28 -69 38 -20 32 -40 -65 27 -67 -95 -41 -99 32 2 61 -4 99 -85 -27 -54 -44 -46 86 -78 86 -8 -58 -9 87 -80
8 -98 -91 -27 -55 60 -1 75 -2 -40 43 -9 48 -29 -17 20 -37 26 82 40 -10 54 -52 95 73 72 -71 4 68 -34 -64 -54 -26 -47 -56 19 54 38 80 -81 -54 27 -57 -13 -71 -76 7 -6 22 -86 56 52 -60 89 -92 48 -28 -66 -88 4 28 -74 -45 -24 7 -41 82 -5 34 50 -76 -33 -69 -35 24 61 -21 94 99 -19 -3 53 -88 87 55 -17 60 89 53 -18 -44 -79 -3 -37 -1 12 -86 -33 -91 -48 20
58 -39 -38 -49 96 -11 -29 -35 -48 -46 65 67 94 -84 64 0 13 16 -78 -11 61 -69 -18 -96 -72 -90 -12 45 97 66 26 -9 -88 -95 -45 -28 7 -88 5 96 95 -85 -37 -50 -26 -75 -49 -78 76 -74 25 -41 -26 -66 -26 96 -33 -62 89 43 -49 65 -11 -92 -56 27 63 -70 -72 80 -39 -93 36 32 83 -45 -33 -75 73 -77 10 30 -64 -63 88 -100 -56 -94 44 -50 -65 97 -88 15 38 93 -17 26 100 25 52
51 6 99 -68 31 -52 27 -84 76 -2 89 35 -57 17 14 56 -80 24 0 82 58 51 66 -78 12 -100 42 47 -15 -85 55 -43 11 -67 60 36 79 -33 -23 37 46 16 -14 19 63 35 -60 97 -33 46 74 -93 -3 -14 -37 24 6 -55 -53 -6 -77 43 23 -46 92 10 -41 6 87 73 57 62 27 5 -57 -6 -87 -81 73 32 -3 -93 72 -15 31 -4 4 9 52 79 3 -97 71 39 -46 -30 -90 -35 -16 84 -94
-39 93 0 22 93 60 -43 81 78 14 64 88 -13 51 -85 -100 7 -75 -54 -46 68 -26 -73 -61 -90 95 44 90 46 -36 98 -13 -91 100 -81 -48 62 51 -74 -33 45 -76 6 63 -9 -81 -57 19 38 14 -10 84 44 17 -26 -43 -69 -81 80 35 -79 -58 -96 58 -18 56 -10 -7 -44 12 -43 -32 91 -36 60 -66 30 -13 -89 -83 97 -2 54 -41 -97 -44 -23 -45 -59 -36 87 -50 -49 -93 -7 85 -76 43 96 -16 81
-81 77 56 80 -45 -34 30 46 -25 -33 60 32 51 32 -5 15 18 -50 -97 -92 78 96 73 -38 59 -39 -37 -62 -33 -17 12 -66 -14 54 -95 52 81 -18 -96 95 58 69 3 -21 -70 65 -78 79 -3 -84 -70 -70 -53 38 -99 -20 -81 21 51 -79 -2 -33 -4 -1 54 -41 20 -2 98 26 -85 -51 57 40 23 -73 90 57 -94 84 98 38 -28 13 4 -89 17 84 35 -73 -1 97 72 -75 -74 -5 -34 -23 64 -37 83
-78 -86 96 -83 -23 -67 14 -46 24 88 -58 -30 -96 9 27 -45 2 87 -66 8 -45 70 88 -4 13 -77 57 81 -82 -50 -52 -86 -54 69 -78 89 2 33 -77 84 -5 -62 -86 -95 -14 32 -12 32 63 31 52 16 -56 -7 -1 -41 86 24 21 87 88 -81 22 78 -88 53 -73 12 -33 -22 -65 51 41 67 81 4 20 -100 -17 -21 7 11 37 55 16 -42 100 33 53 92 57 83 -57 97 -73 70 3 100 -75 -76 -11
15 -21 100 51 78 -16 19 -53 54 94 -4 -76 -91 -100 -62 -94 70 -99 -66 -30 -28 -35 -94 -62 62 -30 -59 -14 -50 15 -44 -8 -24 93 -47 -13 54 26 -88 69 26 84 -29 -37 3 -8 -90 33 -16 32 -9 -31 -40 -32 31 -74 50 -95 -97 54 -63 -53 -34 72 -68 55 16 -2 -5 -77 -76 33 73 -24 20 -30 -99 86 68 -57 9 -33 -86 69 32 -11 -42 -51 83 20 6 8 -11 -79 -63 -26 90 24 -94 -64 -48
98 -19 56 -34 25 38 -7 -25 93 -26 -2 -9 -51 16 82 -51 -26 -80 27 88 71 -30 62 -97 25 -77 44 73 2 -4 27 -19 39 -54 56 -5 -85 3 -70 -24 52 -68 46 -82 72 68 57 -38 -88 53 -49 -61 64 61 -47 -16 74 72 96 21 -36 -22 47 -54 -78 -55 78 76 -23 58 -14 -52 -93 -29 36 -57 -27 -84 -77 -35 0 69 4 -26 98 97 -21 -84 -57 11 -90 68 -71 -45 91 -29 -37 -32 -4 -25 43
90 -29 -21 -77 31 70 -31 -6 77 35 71 -90 -70 42 -41 0 31 0 21 -68 81 88 -17 97 -83 89 74 94 -72 -53 70 75 -72 48 -25 -41 87 -12 91 4 40 53 56 -47 -42 65 92 -20 47 -42 83 24 30 2 92 -6 -59 -45 -2 -30 -63 -21 -6 14 8 -97 21 -42 26 77 50 -71 -27 -22 -77 -14 -9 16 69 56 -68 50 -74 76 36 36 45 -68 -63 73 -91 -49 -37 87 94 -69 -29 14 -88 -76 -3
81 -76 -67 -69 97 -53 -42 -98 -79 74 54 17 1 67 87 -58 81 -5 -46 16 85 -92 -11 30 22 -25 -76 84 -56 72 -2 -9 -19 -54 71 -94 28 -24 -88 -57 24 18 63 21 95 -15 -13 -79 -32 -81 65 83 17 79 45 43 -89 74 14 89 -7 -80 -78 17 54 91 76 -12 62 5 58 64 12 -100 -82 33 -15 6 75 -55 -53 51 79 15 -48 59 -4 3 -54 -59 -31 78 6 46 -63 -59 96 89 98 96 -54
-29 -29 85 84 -78 82 -84 57 36 73 100 -98 11 -60 6 62 -81 26 -94 -99 53 85 -68 -81 -83 -13 5 65 -17 -49 -31 -49 -4 60 12 -79 -61 4 77 -41 43 -94 80 16 0 97 36 52 94 -74 35 70 -7 51 93 -88 27 14 -25 -75 53 -88 51 -37 34 38 -68 -81 -59 55 -87 -7 67 -45 81 -51 31 -46 -79 -66 59 -42 49 -3 -19 79 99 -26 -83 -33 63 75 -65 -26 28 -32 13 -60 -60 56 -37
