-24 -36 37 -28 76 27 -95 41 16 -16 -26 -76 -47 -60 90 38 -2 -58 70 -61 19 28 49 -62 -17 -62 10 -80 -81 79 31 -66 -90 40 -46 -83 -76 87 -83 78 89 -4 53 -76 -11 -82 53 -83 -10 -5 2 74 -6 78 -13 -27 85 -58 -82 45 -66 7 66 3 33 -93 87 78 -23 76 3 -99 84 -99 -31 50 25 -65 41 -64 -22 -32 -91 80 9 -27 3 -75 -15 -30 -85 -78 -89 -9 87 -9 -22 -51 12 16 -57
-74 -76 -28 68 32 90 -60 25 92 -68 27 -16 -95 58 51 -79 51 -20 82 -95 -75 -2 95 -96 -17 -69 35 47 -52 -54 -74 20 64 20 95 -36 76 52 -18 99 68 -16 61 -57 0 16 -49 -83 7 77 29 47 -22 -88 -79 -32 -29 -25 -73 -5 71 89 -15 40 -63 -44 -51 -69 99 -96 70 -4 45 52 -62 -50 75 9 28 63 -68 17 3 18 -12 95 -11 -17 35 -50 72 -46 -80 29 -20 50 -99 96 51 57 61
41 90 70 -93 33 13 -98 -78 -46 100 25 -79 -46 -3 -9 -5 -51 26 22 44 -83 -31 82 -60 -45 57 43 -38 7 -25 50 71 8 -60 -66 16 44 -47 9 -23 -38 28 84 91 -69 31 -50 -21 16 -71 66 -17 79 -7 -97 81 38 -38 -33 59 -43 49 -62 9 66 -80 83 -17 86 14 -82 45 2 65 -32 69 52 -38 63 97 -45 82 33 -10 -90 -46 30 -81 14 60 -88 6 28 11 13 71 60 70 23 -49 -25
-45 -99 -61 93 -43 46 46 82 -98 49 35 -49 -2 -39 -91 -52 -56 -68 83 29 62 61 -71 -73 -58 31 25 -20 -14 45 -47 27 -47 -54 -41 41 -4 80 72 66 38 -88 -63 -95 -8 20 -77 -93 71 -92 17 92 14 -49 94 -6 -93 54 58 -62 -84 29 -40 32 -61 60 -66 1 68 -27 -53 -68 -47 -93 2 -68 -25 46 40 64 16 56 19 -41 36 29 -17 60 47 -55 23 79 27 -70 -5 36 12 74 -6 58 -9
-3 -46 36 44 19 -59 -19 -86 -57 10 48 -37 -49 24 -4 -25 10 96 -78 56 -95 12 85 30 71 -27 -74 -7 -34 -63 -95 86 -51 62 43 -16 66 -68 100 -20 1 26 -86 -46 -11 -50 18 -19 51 77 46 -72 25 55 -47 -79 -24 -57 10 -94 -71 8 -2 -43 74 -28 15 65 18 74 51 74 64 -47 83 -11 -62 40 59 92 16 -69 95 -38 85 1 -76 -45 17 -67 66 -91 -48 20 -51 19 28 59 13 99 -51
24 -64 75 64 67 -53 -62 22 -98 -92 -7 -61 -25 19 100 -82 68 -30 59 47 95 50 -68 81 -2 10 86 67 33 -43 -82 -14 -28 10 -36 -39 -53 -100 14 33 -92 34 100 91 63 25 34 -82 -78 2 -47 -52 46 -21 34 -77 -87 59 -86 -76 -84 -43 12 81 -91 -61 -73 -98 -92 80 20 74 74 -99 79 -51 -26 -87 -62 -24 86 -5 11 -30 -74 84 -10 91 -36 -72 41 -57 -19 -18 27 -68 -83 -49 80 -82 8
-75 -5 37 10 12 82 -66 -85 -83 -84 40 -5 87 -81 -52 96 -66 -84 -81 43 -59 93 50 88 50 43 52 -1 -37 85 59 90 25 -93 -8 29 -5 22 -5 30 -98 74 74 -79 86 2 58 55 93 92 95 -39 -60 85 -35 7 -26 9 71 -38 86 -79 53 68 -8 44 27 34 0 85 -26 -59 -57 51 -61 -92 72 -70 22 16 -4 -38 -48 13 22 -3 8 14 50 -97 2 -30 20 -77 86 50 12 -64 5 -20 -49
22 72 90 -56 65 -79 84 41 -91 3 65 -18 74 14 76 98 10 6 76 -70 79 -6 -33 9 -79 -92 -79 92 -91 -95 98 97 12 -55 -54 -69 96 -27 -25 34 69 18 -9 -52 -80 -97 -3 -100 -41 80 4 98 61 89 -97 32 91 14 94 9 -1 35 68 -7 33 17 -42 66 17 4 -94 65 18 97 -16 -69 -95 -49 -32 71 -34 63 -67 86 99 84 75 64 -46 62 87 -35 37 48 -68 -89 -41 49 92 97 96
-44 -12 -33 -42 45 -73 75 91 -13 42 -9 -64 43 -89 81 -48 -8 62 5 -3 63 -40 -28 -25 7 -17 -89 -68 -26 88 98 -55 91 -87 86 -34 81 -47 66 -98 78 -21 35 -88 -38 -95 -12 74 -11 -91 -23 -10 -82 -27 -55 43 -94 16 -60 -51 46 33 29 -73 67 77 -23 77 -57 31 20 97 82 -100 63 -89 57 -71 -52 28 45 -35 38 -99 -20 20 74 19 -64 -17 41 -19 13 -79 -23 28 -32 85 82 16 8
60 -96 42 51 98 18 88 -5 -84 -97 59 98 -70 -39 39 -74 32 26 -19 68 -58 2 34 -78 30 -19 47 59 -37 10 -6 20 78 -13 -97 50 16 -75 -54 -53 -78 89 51 83 -77 -52 93 -30 -30 14 43 9 59 93 -2 -21 -16 -57 68 -23 85 -81 47 84 -33 -1 17 -91 29 33 62 75 89 18 -97 -38 -93 38 -51 100 -57 2 -87 -81 -32 -43 55 -7 6 90 42 92 -11 19 57 -26 -80 -73 -90 84 -77
-55 28 11 50 -4 -90 67 8 4 45 62 -85 -91 32 -50 13 -69 -53 95 0 -80 -6 -24 85 55 -76 95 69 64 -85 74 22 39 -36 53 -44 -51 -54 -22 69 -31 51 5 96 -60 -38 -21 -55 -54 -73 -60 66 -81 76 -30 -69 -60 -33 -74 77 -79 -83 70 -87 46 -50 -94 -99 17 -56 16 56 11 13 60 9 -7 15 11 31 97 29 -77 92 -37 93 38 32 59 12 22 61 70 -30 -85 63 -38 -82 -41 22 21
16 34 30 -88 43 -16 -89 44 -98 -42 -87 -54 27 74 -95 81 -98 82 29 -87 44 90 82 51 -32 39 42 -71 52 -65 -84 13 81 -87 -87 -82 96 92 -76 -69 28 -83 7 47 67 35 -50 -81 89 63 -78 25 47 30 -41 -52 -51 72 71 -63 52 -93 75 -20 53 41 43 -33 -46 -10 -80 -51 49 42 -39 78 59 -13 12 14 -93 50 53 79 44 -40 -88 48 23 -5 -21 21 1 -52 -87 51 -52 -94 69 57 -74
-91 -73 -61 92 69 96 61 23 -56 2 -10 -87 -5 -5 -94 0 -32 -95 -12 51 -91 -88 -14 61 -14 -21 41 31 -62 -49 -50 -55 -91 -21 2 90 -13 -94 -36 -14 79 -6 93 -58 6 -14 87 -58 -82 2 66 -46 -22 -22 2 69 73 -100 -91 22 -95 20 4 -60 18 46 0 8 -58 96 73 46 -98 84 42 -20 28 -31 -91 1 -6 -82 88 26 -35 92 22 67 -63 -75 30 -45 -18 56 71 40 -26 46 38 -18 -26
24 -38 -5 -93 -19 71 -100 -50 -79 90 -11 -70 44 -54 27 -85 13 58 -1 -2 -96 32 -34 35 -93 -33 -10 56 -68 -68 91 -10 -37 -35 74 31 -63 42 -69 97 -33 -14 21 44 74 -8 -94 -31 68 -80 59 41 -78 -92 -73 -57 -73 69 -87 46 54 -42 -97 77 -48 -41 -56 44 13 68 -66 24 -11 46 68 90 -60 6 -53 71 99 0 11 -43 -2 92 26 75 -47 -23 -18 -90 66 56 -26 8 59 -53 -2 54 47
63 20 -78 -48 84 -51 59 50 -89 -81 -69 88 -84 2 -58 -5 61 98 -35 13 -74 -76 72 -75 -66 58 -23 -13 -3 -95 68 29 -17 22 -67 -78 14 -83 62 85 67 -21 83 -100 -78 -60 -37 82 -93 96 -22 -56 -100 9 64 8 -27 -15 88 76 87 -35 49 -48 -91 -16 -79 -67 -71 89 41 56 92 -1 -60 -22 88 42 -22 -34 27 77 -81 -24 73 69 -84 -87 20 1 85 -18 -57 76 -54 91 20 15 20 -73 -55
-11 -38 39 -93 -38 -68 -45 -55 94 69 81 -90 36 -33 16 -35 49 -89 32 19 -93 -64 -49 -74 -72 70 -73 -6 47 -34 90 -16 -14 -41 -81 67 8 -46 92 -30 37 -13 80 -26 -45 -4 -83 -22 -41 -61 0 -99 28 -83 -95 83 -85 -83 23 6 -92 -83 94 50 78 31 -58 -36 70 -86 95 67 -99 -58 13 8 -32 21 68 19 -11 79 -54 -40 -71 -60 48 -32 -92 92 100 62 82 -91 -67 -21 -88 8 -74 88 86
36 -45 -61 21 48 65 -97 -63 -82 53 -47 -60 63 25 80 -40 -4 -21 60 94 66 65 -85 32 -30 8 19 78 91 -62 -51 -60 39 13 35 -55 -10 -51 -27 -88 89 -72 -45 53 29 93 -3 71 8 -92 -6 42 -78 46 -40 11 43 -35 94 1 97 -54 -1 -12 -58 -20 -63 -61 -8 -64 -38 30 75 84 24 -5 -98 34 74 -59 -9 -56 78 -23 -63 -48 -57 89 52 -84 -60 7 70 99 -30 28 -41 96 60 62 81
-36 -85 -95 -84 -30 -10 -90 -64 -13 80 37 -33 -46 62 58 60 -79 69 49 97 -27 -44 98 38 -81 35 78 -1 34 -89 -49 -1 9 -71 -52 -84 -86 7 36 -2 -69 51 -15 76 -41 -14 -81 52 84 -10 -72 -64 -98 -6 -60 86 -8 67 2 81 79 -43 -38 -79 1 55 90 -19 -62 -50 30 28 -87 86 40 -99 37 53 66 18 -42 -70 -64 -38 28 51 13 -78 -79 4 -2 90 8 -81 7 -27 -78 -4 66 38 -7
-87 9 -29 99 -66 35 3 -63 4 -9 -64 -49 74 24 18 67 41 -16 -73 -4 70 -16 -85 -88 26 57 -90 -70 97 -86 2 19 48 14 2 75 -27 -14 -33 -60 -67 -27 -67 -50 5 51 32 -59 -59 -26 43 -61 -61 39 8 -13 -59 -97 3 -71 94 -9 1 74 -59 -84 -17 33 82 -25 30 -26 37 83 -6 -77 52 15 19 -51 -16 66 71 43 -58 -1 -28 88 -67 0 -61 85 65 -42 -50 -6 -66 -2 -65 98 -58
76 -8 7 19 15 5 -3 46 -35 66 81 -25 -39 67 14 -94 -76 51 -30 -50 -79 12 -77 15 -26 28 -2 -25 60 8 77 -54 -9 -7 -24 25 -36 49 98 74 -80 -47 25 -80 19 -62 -89 -10 88 93 23 37 53 10 -35 12 75 -19 -35 -2 40 -32 -96 -46 44 -96 -7 89 71 -24 -7 -24 71 7 70 84 -78 -6 64 39 -71 28 26 -87 60 34 2 -33 -1 80 22 59 -60 19 -41 53 -18 69 77 -42 91
38 84 -35 70 31 -42 20 -90 -58 -92 11 48 58 -86 98 -60 33 -27 32 -94 8 -89 27 -84 53 44 -37 -48 62 -5 62 47 -81 6 58 -15 4 82 -20 30 -18 28 -62 -77 88 76 -65 46 1 -20 -35 14 73 -17 -64 -65 -64 21 72 -85 -82 -35 -33 -79 -45 -85 -12 50 -70 95 91 -24 16 -12 99 86 12 1 21 -17 -13 30 54 46 -17 100 -49 50 -31 -15 16 57 51 54 -32 -44 -74 56 -99 -31 57
-8 -80 -10 59 -100 -32 63 36 95 7 -11 71 -77 -55 4 -68 -82 -6 -88 58 59 -13 -83 57 -77 -40 53 -90 -18 92 -4 40 71 88 22 10 61 -86 -56 91 -53 85 21 71 -56 -48 28 38 -79 10 -77 74 -10 -5 66 -98 56 -89 -95 77 -82 87 39 -43 48 -2 13 -18 -71 8 20 -58 -13 -68 -10 -1 98 77 32 86 74 81 33 22 -20 90 28 -60 -86 22 18 77 -93 -85 -44 -33 -60 68 80 -61 -76
-24 96 51 -31 -48 -88 -8 -54 9 96 -68 43 -18 -74 -38 84 -21 22 89 6 -80 -56 65 23 -90 -24 48 -44 -52 8 -36 -57 22 42 49 -76 -21 31 69 -43 -2 -99 -99 -60 -94 9 -30 -2 48 -30 33 -93 22 49 -61 -50 -86 9 -70 46 -27 64 -30 29 -22 31 -37 -44 48 -93 63 -66 40 -56 -98 55 91 48 -55 78 -15 62 48 6 37 78 -67 84 8 32 -79 70 -45 -16 23 23 -69 92 53 41 -29
-73 -23 -56 29 57 -4 21 83 63 -12 54 32 -98 13 96 -37 70 12 20 -98 28 90 49 85 -13 -57 41 24 -21 -12 -98 -25 12 -10 -24 69 36 -93 -92 71 96 -47 -35 81 -97 -24 35 73 63 -3 -34 89 -88 1 -35 -96 -68 -88 -39 59 82 -98 42 2 4 -79 -15 30 11 -59 82 -42 81 -36 45 1 -22 27 -56 7 98 0 5 -94 -72 -24 -15 -32 -12 78 41 99 -51 -1 -47 37 -75 -97 51 -39 95
78 -86 40 -86 -14 -47 4 -90 -30 -3 44 54 -16 59 68 17 -51 61 -86 64 -43 -21 -2 78 -73 -73 9 -88 -5 -68 25 23 62 22 97 67 72 86 -73 57 60 14 -69 -35 -49 10 -51 57 34 59 -89 67 71 -44 -40 61 72 -33 4 65 93 77 -7 90 -71 -99 -85 -75 47 -7 52 77 -66 28 8 50 -24 80 92 45 47 -12 1 -43 -45 9 -9 8 -78 -75 -4 37 -16 11 68 79 -34 -83 28 -32 -43
-52 37 5 53 84 -71 -26 38 93 64 -54 -84 58 53 -2 25 -73 -64 -7 -39 -73 91 -19 -8 -31 -39 -83 57 -48 -32 -75 47 26 -64 54 76 47 65 -22 54 -64 97 -55 -81 -60 59 87 34 -55 -14 24 -81 17 48 15 -74 -84 -68 -89 -9 8 11 -88 -37 -23 41 64 73 -60 -30 -14 -16 48 69 23 -98 -26 53 -36 -53 -47 -100 -13 -36 -4 -56 -7 31 -11 96 -97 84 95 22 -20 -98 79 -100 -93 55 -47
-73 -61 30 -60 79 4 70 73 67 29 -62 43 32 -94 78 23 -43 20 -45 70 28 -30 43 17 33 63 -29 94 -58 -89 -61 80 -19 59 63 -55 42 -82 86 -18 83 68 -16 97 51 -62 83 93 -10 -27 17 -6 -100 -13 77 82 -96 -60 9 94 76 -20 -6 33 60 28 -48 93 -66 57 91 87 51 -9 -66 -73 -13 -82 -4 87 23 69 -1 -77 44 -3 94 -20 -95 94 99 -15 43 73 82 -43 46 -2 85 -55 -42
-62 29 26 11 53 -92 -9 90 37 -25 73 68 21 -87 -50 -48 -77 -62 97 73 48 -97 -51 -48 -53 43 47 75 97 65 64 -23 91 -1 -87 7 49 63 94 -44 30 -31 90 8 -66 -39 82 -39 95 -2 0 83 37 -75 92 95 96 -79 80 72 38 -43 49 68 56 -75 96 -10 74 71 87 -56 -69 -56 -30 -85 -49 -71 -74 16 -44 86 -28 -83 -39 41 66 -33 41 -15 -30 -7 83 34 26 -89 87 18 -91 47 -63
31 87 -99 65 93 30 32 94 90 24 -82 22 -90 77 67 31 -47 100 -47 23 2 24 -89 23 37 63 62 23 -72 -62 -70 -63 95 35 -43 -12 85 -100 -70 -34 -29 83 21 50 -25 34 -26 -79 69 73 -27 -80 52 88 -98 79 -78 -12 -37 81 -52 -32 43 68 -53 -27 -78 96 -1 52 16 -34 -2 -17 95 -15 -19 73 58 55 78 31 92 53 -31 -19 24 83 -92 38 100 6 53 30 -60 -61 77 -72 10 17 30
-48 61 34 47 -41 -71 22 100 68 7 -32 -18 74 26 -64 -77 -42 33 -84 -24 88 -51 68 76 -68 41 -53 66 -87 26 -75 -9 48 -100 -77 -72 9 -56 -58 -49 14 -30 2 -97 31 -67 -93 100 98 8 -12 29 1 -77 86 65 42 -56 -30 -73 -34 -51 -3 71 -28 54 29 92 -44 -82 -44 5 -73 62 43 28 -35 -60 100 8 56 25 -61 -32 -84 68 47 -26 87 80 85 -97 59 26 -43 -72 -24 11 70 -81 12
-37 98 12 99 86 55 58 -76 -33 -85 -1 -39 -23 -39 54 34 -31 9 -71 -43 -31 69 -14 -49 100 99 68 73 74 -13 -55 -28 -74 -63 27 -96 88 56 60 -94 3 -66 -47 9 -16 -98 26 69 5 -61 9 30 -61 -17 -51 100 92 -63 86 -45 57 -9 42 80 -36 5 34 -85 81 55 -63 6 -15 -15 91 -59 -64 -79 90 -36 -79 -54 13 91 21 -79 -60 53 -72 16 71 97 -31 -98 9 -54 -16 61 -64 -88 -76
-93 83 86 -61 38 12 -73 31 12 45 18 -33 45 -46 0 81 57 -75 -50 71 -100 -88 -62 56 -73 -17 -96 23 -92 -59 -72 17 27 -43 -94 -11 14 -2 -61 -85 8 -50 33 38 -3 -55 82 72 8 -68 -44 -93 93 87 -91 29 79 33 -22 79 26 -79 88 1 -78 -26 -25 17 78 -54 72 41 -47 -85 -98 -95 64 85 -47 -38 -35 -78 23 -44 -3 33 -17 -40 -47 -42 68 -45 -45 -42 -17 -14 -49 38 -80 5 47
28 -58 -2 47 84 -48 16 80 8 55 -81 66 57 79 -19 -69 -4 -13 30 60 84 -9 96 -68 68 18 56 -50 7 -58 -45 -42 19 34 -45 -19 -71 -30 -35 25 49 -34 40 -3 8 -36 13 -70 24 -47 -31 39 4 22 38 -60 -44 -92 -1 -9 -7 89 -61 77 65 -9 -60 -22 87 69 -98 73 -83 -89 -15 -65 -27 -48 9 -51 -78 -78 -45 65 85 28 92 -15 -26 12 70 47 -1 8 -63 5 83 94 -75 -38 64
-17 80 16 4 91 -7 -8 -99 -90 -72 -100 56 52 -31 51 -7 54 62 9 -37 -35 98 24 34 -100 -10 90 -89 -71 -44 38 71 11 -36 71 -64 87 6 -80 -55 8 78 50 -30 -38 -17 33 98 -15 -5 56 65 -87 -100 0 40 -13 -42 28 29 -26 23 -26 16 26 85 53 83 -92 71 50 -20 40 45 23 -79 80 -1 -37 75 31 -11 73 -63 -70 -9 16 53 52 71 58 -46 -8 -35 -14 38 32 83 99 94 -41
46 -64 -24 6 9 -62 42 -26 51 -67 0 85 -86 -63 9 67 21 85 2 87 8 64 51 17 -85 35 -6 50 33 40 2 -2 68 -63 65 83 -28 3 89 -39 35 16 55 71 -16 32 22 -31 43 -80 -33 -8 74 36 -96 -9 -15 -33 -42 -94 59 -41 -13 -85 -91 -5 -2 -61 -26 -25 64 -24 30 6 14 90 -42 -51 -40 -59 60 65 -83 34 -8 -96 -79 50 -47 -99 -7 47 -27 100 54 58 7 -82 -98 -52 -74
-7 -59 -47 -62 -3 21 -76 21 67 -78 92 60 -100 -7 32 -51 -61 29 69 -80 -36 3 -1 -33 16 0 -93 89 -80 -90 -81 -68 53 -81 32 84 2 37 -76 -33 42 -90 70 -83 99 66 52 -51 12 81 86 75 -85 6 -25 -6 -72 7 72 91 76 -41 43 87 -78 -78 -34 -69 -69 -60 -51 34 94 -6 28 64 -93 66 -39 33 71 -96 70 16 35 80 41 -6 -68 -61 87 -21 63 -16 -93 67 67 -31 -31 12 -94
-23 -94 -100 44 44 81 61 -81 57 -42 24 -7 61 -43 -34 27 -91 -11 46 -95 32 82 61 -21 -27 -2 57 -90 -41 -76 89 -80 -10 -95 -100 -46 2 76 50 91 80 -2 53 10 13 75 -59 59 31 -74 62 0 97 75 -4 -48 -50 -96 -36 59 77 -42 -29 -77 -26 17 -20 -39 -32 -28 -44 30 59 28 -27 -75 -12 -94 -64 23 21 -3 -69 -14 -85 60 0 80 -62 37 -52 -19 -62 -78 -74 -77 13 -85 -13 95 48
-48 -25 -78 -50 -92 7 55 -67 -49 43 41 -22 76 25 0 -54 -99 -28 3 20 71 31 -14 41 -14 -98 -71 -1 -50 47 -14 15 45 -54 76 7 -1 57 -53 41 -51 94 29 -26 -57 30 -85 74 -12 22 -57 -27 -59 32 -38 32 -78 -62 -14 -95 10 66 -6 90 -18 -75 8 40 -33 95 50 -47 18 59 -81 58 -16 -58 -75 -43 -84 -62 5 -26 -89 99 -78 48 -50 68 -8 -48 -74 -1 -90 -93 46 -91 35 -87 13
-2 0 -18 -16 -14 1 17 -66 81 -30 65 45 -82 -12 21 -5 59 6 -78 -33 -40 74 -58 -97 25 -35 -27 69 19 61 -11 -68 -41 -42 -35 4 57 79 -16 29 -86 -9 100 -43 67 -49 17 -16 55 54 -2 19 14 64 -75 -79 17 96 -34 -37 -57 -13 -66 71 70 44 81 -8 72 -10 2 23 -75 -79 -7 -57 -23 -31 -38 97 -43 -71 -59 -84 60 -36 77 -23 -63 16 92 -12 -15 27 -80 5 -30 96 26 47 -65
-57 96 22 43 -29 -34 90 67 11 96 -62 -29 87 49 92 85 -48 -1 96 43 36 44 67 70 -43 19 -89 87 43 99 41 9 -53 46 47 69 38 38 2 19 9 93 -88 13 -64 -53 -56 -45 94 -82 -19 -84 94 53 -20 -30 83 -19 -83 82 10 45 91 -44 37 85 20 30 41 -27 15 -79 -5 51 -31 32 -78 37 77 -25 59 3 46 -76 -59 94 -84 -95 14 79 28 83 53 16 -47 -27 83 43 -88 22 -31
14 37 85 -61 47 39 -63 16 82 53 -27 -59 1 1 28 -15 90 -76 79 50 87 -95 -39 -30 -28 -2 40 53 -53 97 42 2 -62 32 -80 58 -45 -99 31 35 2 72 -61 -41 68 54 42 21 -20 -25 62 59 22 89 -17 -37 -56 44 -52 -15 13 -49 81 -44 100 76 74 46 -20 21 70 -76 -27 -18 -34 42 43 -72 -75 82 -80 9 -81 95 93 -48 38 58 -72 5 62 60 56 -89 -46 -61 -29 98 1 87 96
96 16 82 -20 74 -3 -12 -84 98 -94 -16 56 -69 -21 94 -57 86 87 -36 -77 77 -21 53 34 -91 0 73 -3 68 -49 47 -53 61 -44 34 -83 30 94 58 -1 66 -62 -6 80 36 -22 24 36 -28 -58 -48 -83 98 -85 -73 -38 -59 30 41 -77 11 -32 -25 2 -62 71 -14 30 -35 -20 1 18 -86 52 63 -23 -10 -93 -9 28 2 38 77 78 72 79 -67 -91 -18 -28 49 68 -15 82 96 56 -71 -78 81 3 -60
47 -38 20 -60 -46 81 -54 12 -38 51 98 68 -19 27 52 -20 98 -13 -79 -69 55 -56 -41 -70 54 38 40 97 -2 63 -84 2 -37 13 -20 83 -88 -38 87 -88 58 30 -87 50 72 44 34 -92 23 -48 -59 1 -79 88 -56 -38 13 26 53 50 -29 -78 29 -39 -11 -100 -52 89 -100 -10 94 -17 -49 92 67 -15 81 -65 -66 -96 65 -3 -32 -26 14 50 -42 -62 -58 -57 47 -57 -18 -85 32 -47 32 52 23 76 98
-91 -61 -57 88 -65 32 0 41 -16 -86 37 -23 68 60 78 92 -20 33 -52 85 55 57 69 -90 -33 52 96 -6 8 86 26 -85 -88 91 -1 -2 52 8 68 14 -58 37 -90 -52 71 -9 -81 -18 75 -78 18 50 33 -55 -49 23 97 -57 2 -14 11 39 36 27 48 -97 4 -69 -89 97 65 -80 -44 4 -55 -100 -79 75 18 76 84 31 -1 0 67 -4 81 -95 -62 7 -77 -44 77 37 76 50 -15 73 48 54 23
-42 -36 60 -4 -47 21 -8 -7 -49 90 62 -59 -5 -59 -5 -74 -25 8 32 -64 -66 72 -94 -34 -22 -70 55 28 -17 -57 -85 39 12 62 66 90 -46 11 31 89 0 -6 -13 -25 -44 -49 89 -35 -63 81 -59 14 -44 57 10 43 -18 -53 -90 -66 -33 -39 -43 88 37 -67 -95 0 -88 0 -61 99 77 -15 -93 7 -22 92 -95 60 -44 94 -3 58 57 19 -28 96 6 47 43 -13 94 -99 16 -22 60 -47 24 55 -2
72 -88 -99 -26 88 -18 -14 12 -7 -96 18 71 -38 85 6 26 98 -33 84 90 89 43 47 -75 87 -46 67 -80 58 28 32 88 -81 -12 74 -28 59 -66 16 59 -60 -43 86 58 68 18 -25 7 -89 -36 -84 10 98 46 -43 47 41 79 8 10 -99 -8 61 46 -26 -84 34 -57 -67 -25 -71 87 -10 80 -16 -67 -6 -79 -32 47 -68 13 6 -63 -53 -18 63 81 -62 -5 66 28 73 53 84 33 61 -75 -93 -20 85
-56 84 93 -39 15 60 97 9 70 11 61 5 -94 29 88 62 -4 -22 46 -97 -14 -98 7 82 -58 -21 50 47 0 -24 54 -39 -32 -21 -68 -21 -61 74 -83 -15 -49 76 92 -4 -17 -39 -38 15 89 61 -90 21 -54 -19 -69 -61 -67 -52 90 50 -41 -20 25 67 -67 7 44 -56 5 14 23 -22 13 81 -97 -46 -47 -92 -63 46 71 -14 68 -68 -45 -12 55 92 -31 -50 -36 -88 46 27 71 -69 -10 5 66 -91 39
34 -37 75 10 -53 27 -89 33 -59 -1 -15 -32 22 8 9 44 -77 -97 74 5 -45 69 -56 21 -48 14 8 -25 47 -18 -13 -61 74 -21 95 -35 40 2 66 52 85 -54 -24 -6 15 58 -55 -14 -42 -70 40 18 -2 -42 -30 -15 -28 59 64 -58 64 10 -49 -19 -32 -31 -4 37 -57 -67 96 26 -79 -82 19 -67 56 4 -33 6 29 48 22 -84 34 58 45 -30 -54 61 -100 -49 15 14 13 83 3 28 -82 56 58
-14 56 -66 1 44 -56 61 13 -7 -95 2 -60 47 20 79 34 72 -44 -99 -2 48 52 90 35 37 46 -97 -68 89 -82 45 78 -20 -95 -94 -13 -19 66 92 -86 90 -40 92 46 -16 -72 -100 -59 -69 -57 -80 51 -6 36 -45 75 42 -19 -56 84 76 -12 -50 -45 -92 56 21 -42 -35 -69 -79 77 -30 -60 -44 -57 -2 -3 6 -6 -17 -87 -51 71 -51 -3 64 51 -19 20 -25 74 85 30 31 -87 3 -40 82 31 -81
93 89 62 83 -59 29 -65 -85 27 -9 82 74 -2 35 74 -88 -67 -39 61 99 59 95 -73 69 30 -72 15 19 71 -64 -35 36 -99 83 80 -69 55 76 -87 35 -35 -93 -14 -52 -25 69 -52 -49 97 30 -43 13 6 -10 -79 -41 -54 -62 -36 90 78 -91 68 91 -50 16 -91 17 67 -10 89 -8 18 16 -31 95 41 45 49 -4 -69 -72 -57 -54 -79 -10 -86 -61 -12 -86 60 81 70 69 80 -2 10 -82 -100 57 -18
-19 53 30 20 45 63 -12 14 -90 45 87 60 41 -1 -60 12 2 -66 -1 -14 41 -30 1 69 -63 100 93 59 7 22 -87 90 -54 -58 70 1 -69 52 83 -49 39 -98 -69 78 54 -4 -42 -80 29 -16 55 39 -93 -37 82 43 -80 -47 -32 -62 -4 -44 -12 97 28 58 -88 -12 17 -16 59 66 -61 65 -28 3 59 6 -63 12 -60 -9 14 -97 -10 40 -15 1 46 75 93 76 60 21 -2 18 -97 -48 94 4 33
-76 -43 -59 -84 10 28 93 95 97 86 70 -34 86 -44 88 -75 -21 88 -94 94 -4 -93 -6 -20 -42 -97 -17 53 -45 -74 -64 56 95 -73 -87 47 -75 -87 72 19 61 82 60 52 48 42 67 -15 52 48 -27 -70 39 52 -71 64 -100 -44 -4 -77 99 -6 89 2 17 -35 38 42 -55 -46 21 -86 5 64 -10 97 -4 68 -3 -25 -32 -82 -89 -71 62 -68 35 -96 -47 -74 -93 38 23 -29 -60 17 -95 -76 -56 -65 -76
48 15 10 -38 -65 -52 -58 -52 -92 51 11 -92 69 -99 95 63 36 -38 55 41 -60 -97 84 5 15 -36 -33 -99 -95 64 39 56 -93 -58 84 -57 -23 40 35 -31 -84 30 -30 -21 -80 17 18 -96 -73 24 16 75 5 74 -82 88 10 82 78 62 3 33 94 42 -62 89 83 21 -22 -86 70 73 -24 35 68 78 -68 -71 87 53 80 78 -98 -97 100 46 -81 30 80 38 -72 -35 -41 92 33 -14 -79 95 -28 81 -67
-93 1 -41 41 -82 88 12 66 27 -70 33 77 92 65 46 65 71 77 62 16 -23 -77 89 -26 25 -44 54 -62 85 -8 -5 -72 78 67 99 -98 18 28 73 50 -9 -99 -62 27 -56 59 -27 -59 -75 -67 -1 -25 -78 -24 -69 94 -85 -13 41 76 -9 40 96 -94 -100 -64 31 -71 47 11 37 -31 -25 27 -86 -11 3 -71 15 -65 30 42 -16 91 32 86 -33 -74 15 -11 89 -68 -40 -2 -63 -96 -17 -10 -72 -72 -91
-25 58 49 94 88 -86 -37 35 -73 -86 -83 -66 17 72 -60 -43 74 28 8 -27 15 40 -75 63 -26 -17 19 -10 -65 -32 94 65 -38 84 46 -4 52 22 9 -44 -45 75 98 61 64 48 -18 36 62 -75 -20 -96 90 48 -33 -48 -71 -100 -66 92 4 52 41 20 48 25 -53 -44 43 93 36 74 -8 46 -61 -32 98 60 40 -22 -94 89 93 31 -1 43 -81 -89 -28 -73 -80 55 89 36 -72 -86 -79 2 94 -50 43
55 28 81 56 16 -62 -41 82 -83 -73 -99 16 -2 -20 -2 -54 -58 -20 26 -12 79 16 80 -17 78 31 -41 21 16 90 -89 0 95 -25 24 -44 -21 -68 -100 -76 61 -65 -34 -63 -10 26 79 -81 -81 -67 -17 75 27 -88 -81 53 24 -9 66 -73 57 99 -37 -52 -14 -95 -1 42 33 38 -79 -75 37 -79 53 11 94 22 76 -29 15 -2 -93 -57 -83 -19 73 -30 26 42 -47 72 -50 -93 91 58 2 29 65 -92 -25
-45 -85 -26 -61 -83 -68 -47 57 -69 50 -73 -30 -31 81 -88 71 -31 90 79 6 35 75 72 37 62 6 77 88 -91 36 74 -67 58 16 -1 -89 18 -90 6 26 -100 -34 -13 -56 -45 -54 -86 78 90 77 -69 83 -71 -37 -39 -69 79 -36 -60 58 10 11 -24 -31 -49 91 5 -97 63 10 -47 61 -76 -13 -10 26 -89 73 -46 46 -15 89 98 -19 97 -2 -5 53 97 -50 -31 -89 41 54 -67 -32 88 63 3 -49 33
35 -97 -82 23 -20 14 -38 -15 -65 78 3 -23 20 -66 -59 99 0 -11 0 11 -26 -37 88 -97 -5 83 0 -89 -74 88 -7 -71 -58 96 -16 88 5 -73 85 -97 21 40 12 6 77 63 -46 55 -78 -51 62 3 -89 80 84 81 12 17 47 -84 -82 71 -40 57 -94 -87 -96 -8 -58 -64 33 -39 66 -92 -10 -26 41 -23 8 -5 -77 40 -27 -98 40 59 45 -37 -81 -26 88 -42 23 30 8 -75 -76 68 -37 -100 99
-55 -7 97 -90 27 -62 -87 -21 -9 20 70 -30 81 55 -65 -4 70 -1 49 59 -100 -55 53 -55 87 31 71 -97 -21 -74 13 -1 -94 9 -75 15 81 -9 60 68 -36 84 -82 43 -22 -100 65 86 -77 -13 49 58 -1 31 98 94 -42 -20 17 29 -96 -69 43 -23 30 -31 28 28 -67 -79 -97 -5 -29 36 17 -80 61 -27 -37 -81 -24 47 -41 30 49 81 28 -96 20 11 -3 96 -99 -63 -86 62 -46 -3 79 46 13
-95 -3 -10 73 -29 48 34 -78 -24 80 -49 50 74 -55 -56 -34 95 64 -12 -32 -33 97 -52 -16 -93 87 73 -79 -79 -21 -24 47 -61 73 -38 -73 100 33 2 -90 77 -59 -42 -7 63 -89 22 -86 -88 -77 98 -79 86 68 -17 -48 -17 23 -97 -92 -88 -97 -15 77 -54 -17 -18 2 -51 48 -54 -21 36 17 53 14 14 -16 31 -8 -78 -56 51 -74 91 26 64 33 -79 -32 40 32 64 57 15 33 35 96 39 -31 44
-36 16 -97 31 69 -56 70 -77 -11 -24 -48 -89 96 25 -38 -89 -4 -7 -11 -6 10 31 61 -72 21 2 -35 67 2 29 -36 8 -49 -62 62 79 -68 -39 9 -17 99 20 96 -24 38 59 -84 95 88 49 50 56 -70 -65 67 -84 60 16 88 35 -7 -59 -64 -22 -95 -3 34 65 31 -95 96 -62 -79 -27 99 39 -9 84 -12 45 22 92 43 -20 67 60 8 -80 -31 -45 -20 33 -85 -38 85 -77 -59 96 32 87 -28
-90 -17 20 -67 -34 -10 -91 72 -75 30 21 -68 85 -53 -30 98 54 -26 -18 -69 -41 78 19 95 0 91 70 -72 -49 -22 50 86 37 0 -6 -75 10 -44 89 20 -24 17 -50 -61 -45 -55 -60 73 73 -76 1 -96 -37 6 -97 65 22 23 27 49 -17 -19 29 -44 4 -12 18 -17 -80 42 71 80 -63 43 96 -25 -23 -11 -37 26 -21 -88 -42 -3 -8 -58 -21 -70 -35 -20 -77 37 -74 -77 25 27 8 91 81 21 -86
-55 -88 -50 -60 31 77 52 61 -38 16 -48 -10 -31 61 -40 24 10 -22 55 13 -45 86 42 -93 -46 1 -59 4 37 10 -34 34 29 -89 -15 -70 16 6 68 24 33 58 31 66 -77 91 -50 -26 17 14 4 -44 48 -19 81 -3 16 72 -92 -19 20 13 28 1 -87 -63 -99 100 -42 -8 85 -15 55 17 -4 2 89 -22 25 -97 -48 39 -22 -70 -81 -77 73 -31 -70 85 -28 -79 -78 90 40 -96 -54 70 2 46 7
-47 74 17 25 35 62 44 -50 -37 -57 -22 41 -6 43 11 -96 -16 88 5 -54 -29 -36 -14 20 -73 -23 67 77 -32 -53 -56 -17 66 -76 -74 -20 -20 58 36 -73 -5 50 16 50 24 6 -69 27 -92 -61 24 44 -29 -7 -27 -15 -21 13 34 -34 -11 33 23 55 86 -20 -62 -56 9 84 -41 -33 5 0 65 -47 -89 69 50 -55 64 56 68 98 6 -88 -20 16 25 15 41 51 15 -38 21 -6 -44 100 65 -30 12
-58 95 24 2 31 18 -87 2 73 34 61 30 -20 -72 -1 -98 -83 63 92 -93 25 -16 -28 62 -97 -54 19 20 -77 -25 44 31 -81 -53 -62 0 23 -41 98 94 -83 -97 89 89 62 -8 14 -62 18 -61 -26 -39 84 42 -32 -2 41 8 -10 71 -32 11 -79 38 18 75 74 -97 -88 -43 -96 9 -74 -1 -53 48 52 89 -25 78 13 84 -85 -38 41 1 -76 -26 -54 -51 39 -14 -68 -27 -89 -25 -27 43 -63 81 -56
31 26 81 91 -10 -23 37 -99 18 53 -40 -87 1 60 69 -14 11 -29 -57 -47 68 2 -47 -47 14 98 -29 63 54 -17 39 -42 75 -84 -97 65 82 74 -63 73 -72 -70 14 -50 -93 12 -54 -1 -82 85 -28 2 28 71 97 -93 -57 -74 -99 42 -49 18 -50 29 -91 -47 19 -10 -3 21 -91 78 -72 -58 -50 -48 69 -3 63 -17 -31 37 -46 41 -84 24 -7 8 43 27 48 -10 25 72 -29 -80 -51 -95 71 22 -93
-47 60 -40 -46 51 34 -62 -31 -84 57 -1 97 -8 38 -46 -7 -64 -9 37 -74 78 80 78 70 -17 -34 79 72 -30 9 -80 98 52 -60 30 -20 -67 -81 -56 -21 -98 -93 65 33 34 -19 -99 38 -98 98 42 -72 37 -86 -38 21 62 -33 85 -86 -52 6 54 -76 -69 8 -60 56 76 -53 -17 -5 -24 81 39 -35 15 -18 86 84 -68 24 -35 -25 -45 -34 -4 -39 63 -46 -14 7 99 13 -76 -24 2 99 76 9 53
81 65 -58 -35 71 87 -26 73 -96 91 -37 -30 -27 79 11 14 83 29 -64 -23 60 -59 -75 36 -24 -82 58 -10 28 -50 90 62 47 82 -16 -60 -7 -34 15 -89 20 53 75 -75 3 -35 -69 -59 62 -21 -23 -19 61 -60 -65 91 -26 -80 84 97 -69 -21 30 -32 38 -67 -96 11 -38 -35 -46 37 -48 89 -35 17 72 -81 86 -86 65 8 12 54 74 77 41 -96 -70 -94 -13 -83 -19 -47 78 86 -73 -54 -3 55 25
87 41 -70 -38 -84 -38 -100 -16 55 47 -32 81 -95 55 -24 75 -25 50 -42 -93 -39 -66 58 62 -97 -75 20 -98 -99 92 -91 -44 -25 -34 -15 50 86 -86 69 -95 5 65 -90 -96 90 -90 26 33 -98 68 16 43 -53 -81 18 30 -31 35 -43 -37 -5 41 -56 26 -100 -38 25 -9 32 62 -22 66 -8 -26 -87 31 -51 -37 -21 19 97 62 -57 7 29 -87 -11 -41 88 -9 -40 62 -42 72 60 35 -82 18 -94 -19 91
93 99 -18 20 -43 -13 -100 -24 19 -31 50 -71 -85 10 -53 -4 69 -2 48 15 -45 -33 -95 52 -88 -10 -44 -74 -17 -91 34 80 -20 69 27 49 31 -67 -69 78 48 -51 -55 90 92 59 86 -83 -63 18 64 81 -38 49 60 42 -1 -94 48 -59 80 -100 -75 64 44 53 -87 18 68 -31 59 -62 55 30 -50 -1 -65 -40 -64 -63 -92 8 19 92 -59 71 -27 -96 -50 -63 -37 -10 73 81 -28 17 7 26 14 45 -7
-92 -96 43 1 -62 98 -53 -40 66 -50 -85 -71 63 86 -81 -1 68 12 14 -79 -93 94 85 8 18 37 -28 50 46 -25 26 90 -91 -16 81 53 59 13 46 -88 -76 97 -61 89 17 91 -59 -32 -94 -68 -50 -11 69 33 -83 80 -56 99 -10 -52 -68 -27 -68 45 57 -70 84 -17 20 10 -2 81 -45 -73 -94 -94 99 -56 10 76 11 54 -59 23 62 37 35 25 14 52 83 -19 89 84 25 -52 -46 37 36 98 -87
-91 88 -25 64 45 45 57 87 5 31 10 58 16 -8 -83 50 46 0 15 -40 62 62 39 -92 -48 91 17 -29 91 62 33 -93 4 10 1 42 69 99 -61 63 -57 67 -54 64 74 -3 12 -12 -35 -64 -58 -34 -14 52 -40 -35 -52 68 -15 -1 85 45 55 50 87 85 -51 -3 30 -3 -60 -92 -74 72 -91 -6 76 -35 -26 93 50 -63 -81 -56 -42 8 46 16 -97 -69 -7 22 -61 29 -71 30 98 -96 41 -31 -75
-33 73 27 -91 -24 95 -37 -31 -86 91 77 39 -88 38 89 65 -51 -58 90 -29 15 90 -6 -74 75 0 -20 -10 -59 -76 96 34 -7 -67 -78 78 -95 -8 30 -76 -24 -47 -76 11 -62 -36 40 -68 -55 29 13 -66 -44 38 58 -22 51 70 -50 -79 95 -12 -17 13 69 -35 15 -56 99 -12 -71 79 54 -71 81 -92 99 -23 -51 65 -87 46 -2 -17 -65 17 95 70 85 0 -73 -54 -21 46 41 -95 -91 22 56 -44 -49
43 90 -12 -42 -83 -50 -45 11 -12 33 -99 -55 -73 -30 12 0 -95 -95 38 -59 82 -92 -53 31 90 63 -37 12 -29 -7 67 -68 -55 3 -92 15 -37 57 -88 -16 48 -10 61 -83 -5 69 15 -26 -69 93 -50 -98 -17 -18 87 68 43 -84 -45 -72 11 20 71 81 -77 -94 55 42 78 -1 89 -89 70 12 -66 -61 -60 -84 -10 -46 21 29 57 -60 100 79 -88 91 -39 -24 -89 14 75 95 -70 -17 58 -62 24 -46 -20
91 3 -71 -99 61 76 82 -40 -25 59 96 -84 -69 -97 -95 35 -95 98 -46 1 -38 80 -68 60 -70 12 -57 97 -28 94 -34 -64 60 -45 89 -3 -70 11 77 79 99 22 -4 -74 59 -9 60 72 -73 76 23 -40 10 31 3 -77 75 60 -1 -17 12 76 -77 -64 -65 -36 -61 -61 95 -9 -97 -98 34 -84 -88 2 -76 -38 68 68 69 -84 20 1 -87 31 2 88 -33 71 -8 88 5 32 36 60 77 34 58 -22 -78
-52 33 -89 -30 35 -78 -65 19 0 -27 -72 -33 -1 -100 33 -16 22 81 56 -71 -95 90 -62 -86 -72 41 72 84 -46 -70 -16 -9 -57 72 3 -91 -46 64 -66 -10 -34 -60 59 -70 44 77 -36 -4 -88 -42 -17 -31 -95 60 30 71 -54 87 -49 66 68 92 -23 -40 16 -91 -5 90 -13 82 -1 -39 43 -19 1 75 70 28 -19 -49 24 27 84 -20 85 48 -28 91 50 30 -77 -82 -36 -28 21 -23 -5 24 -93 -74 77
-70 -31 29 70 -91 -17 -4 29 43 -90 -86 90 68 56 -96 72 8 -74 96 9 31 68 85 79 24 7 -97 -46 -20 -37 -24 -58 -10 -61 -96 40 -29 89 98 -25 -90 22 38 87 24 -97 0 39 57 71 -21 -43 2 -40 -62 -75 50 10 99 -93 30 -76 93 -62 -21 65 -38 -8 74 -72 -30 -30 -97 58 78 29 8 72 -91 -98 36 -92 94 68 -67 59 -41 17 49 76 15 66 49 5 -86 27 62 6 23 78 -77
10 -9 -53 50 -61 -21 18 55 10 26 37 71 -43 81 0 -3 -20 63 45 20 76 -11 -8 90 -57 -68 -21 71 -98 53 -3 -27 77 -26 -73 -50 21 89 -51 22 11 100 4 35 -57 1 13 6 84 85 -24 -58 -87 -27 -12 24 -68 -20 46 -37 -40 -58 94 -44 -40 -56 44 27 45 -4 -63 -80 5 87 -36 24 80 71 42 9 -47 10 77 -51 82 -91 53 -17 -73 -70 -56 1 26 -55 -45 35 6 -40 44 17 -37
22 80 -44 32 -75 -67 89 -85 -14 79 -83 81 3 93 -75 21 -9 -10 56 -92 -36 -80 2 -30 44 -91 80 34 -48 -11 68 86 88 8 -81 -61 90 8 95 6 45 -92 -25 -7 -76 -52 32 -41 63 31 -86 -60 -49 -41 -41 52 94 -64 7 17 -3 -75 30 16 -74 -8 -51 63 -78 70 -24 11 -33 -33 -5 59 36 52 90 0 47 36 66 25 34 76 -50 56 -97 93 -58 -89 25 94 41 95 -78 76 -62 -10 -94
-47 65 55 -2 51 -46 -94 -85 -58 81 98 34 29 73 -64 -80 12 49 -21 -40 38 -36 70 21 27 -39 73 41 53 54 97 36 0 2 43 -21 79 -48 18 -51 82 92 35 -70 76 66 -23 21 -67 48 31 22 -77 70 -91 -40 -78 -25 -41 -68 -10 25 -66 -66 49 -79 -1 17 38 -5 -34 0 -59 77 -68 72 69 13 10 -8 -28 -79 99 -100 69 95 -44 -47 36 10 -92 -18 -49 -51 95 -25 -60 74 98 -38 3
56 45 -31 -91 -2 51 96 -92 -87 -34 -64 -9 -12 -24 -72 66 -37 54 17 75 90 -48 -93 -5 22 -54 77 -16 -54 -90 80 42 -42 -98 -56 -24 52 29 -46 12 -26 -63 38 -70 12 29 73 87 11 -35 15 -32 -41 74 -96 96 -33 89 62 78 -15 -9 2 -66 -68 -33 -58 -21 -19 -43 -14 -47 -21 63 51 34 -78 7 84 -83 67 -23 -34 -49 -88 -73 2 7 -55 -77 63 -20 -11 -95 -25 -10 80 23 37 -89 51
-67 -86 -81 40 36 91 -17 89 -87 -33 -3 91 -80 88 -68 40 -18 -90 -71 -11 -81 -83 -40 60 -28 11 90 -95 95 93 -86 -96 65 -22 38 75 -49 -32 -89 90 -25 62 -21 81 43 -71 -84 -10 97 24 -73 16 81 -90 -2 -42 31 47 22 -61 -99 -27 60 -32 -90 -92 74 -87 -77 78 87 -82 15 -44 -7 96 -7 -90 59 34 71 38 33 23 23 79 -73 3 -31 -37 45 -23 -13 4 11 20 -50 66 62 18 -62
35 33 -49 49 97 67 100 70 -4 -59 -32 86 -14 70 79 -21 39 -12 1 -67 -49 -20 -79 -54 23 -27 24 29 30 -31 -70 -71 -11 90 82 16 -83 -91 50 46 -9 -7 60 19 -71 35 70 -52 -57 63 -51 -56 -90 10 6 16 -59 -95 -19 2 94 33 12 -34 -48 24 67 23 -84 -71 -52 63 25 1 -98 -61 -61 9 34 -48 68 -7 31 -32 -95 31 29 -28 -14 0 -28 63 -45 -85 26 7 -68 23 -6 55 28
-49 20 -70 5 -26 -29 34 1 90 46 -55 24 25 -43 -30 -14 49 6 -7 14 24 -33 -60 -57 59 53 16 15 -79 -79 -26 24 -21 24 -20 -50 52 64 53 55 64 30 90 -48 1 47 72 -62 99 22 -90 73 -88 -52 -16 -72 25 28 -51 68 -83 58 -53 -70 91 -88 -66 8 -5 -32 57 -89 -16 7 68 36 -70 -31 -75 50 100 -32 100 -85 30 67 -58 -4 10 82 7 4 27 -63 -34 8 -41 2 50 -2 -62
29 -84 -31 -88 -100 99 -73 -77 -49 -27 82 68 -94 -2 43 73 41 -91 -12 15 51 -2 -92 92 -3 32 73 -77 18 76 22 -60 44 -93 -68 69 -63 -5 25 60 27 -93 -89 17 30 -6 9 71 -48 -15 93 -16 -44 -34 -77 39 90 15 -28 93 82 52 72 -55 87 -98 80 -64 10 45 32 -16 -64 -16 -11 -71 58 -62 98 48 -47 -76 4 -12 -46 -59 -51 -66 -4 52 -37 46 -29 -100 97 8 -72 -7 -31 -11 78
-59 26 16 -1 76 99 57 -84 63 67 97 -82 19 -55 59 -32 -52 -59 15 -10 -19 62 44 30 -48 -70 -16 70 24 -72 31 27 62 86 46 97 -30 83 -82 -66 -90 -82 47 -48 41 -54 -33 63 62 38 -34 -99 -91 -7 -74 61 -94 97 -46 -59 -24 -30 -2 83 -14 6 65 44 -79 12 -92 87 52 100 42 99 -47 51 90 60 39 0 25 59 -1 -37 37 -15 53 -34 -23 66 -28 52 -10 -29 -4 -94 -26 -30 -47
87 -17 -13 -68 98 -45 -32 22 29 -74 -56 81 70 -54 -78 2 -93 -74 58 43 87 -78 -77 -31 -84 -71 49 -80 77 98 22 6 18 -23 35 68 54 -61 -82 36 33 66 4 -5 18 65 -78 -17 -45 15 -4 11 -5 -4 -40 -19 49 -33 70 53 -77 40 -69 51 69 -61 91 -97 -98 46 38 -91 89 -95 95 -70 -4 -13 -6 87 32 -33 -28 -18 -73 -92 37 25 -86 87 35 -57 -15 -2 69 18 -62 32 22 84 87
-55 -25 5 -92 -8 -54 37 -5 -40 2 -26 37 -66 -86 55 100 -79 47 -44 63 -88 -2 -51 87 39 -73 -16 4 -93 77 -38 97 67 -58 14 100 71 24 -71 -1 67 -96 45 -87 16 -3 -72 -4 76 -80 8 -14 28 54 23 -7 42 60 -24 0 69 -16 -67 93 99 39 -45 -93 3 29 83 -25 -61 -67 14 55 -91 47 -100 54 71 55 -79 -7 50 18 -78 37 55 0 -99 14 52 -85 81 90 10 7 86 76 -12
-19 7 -71 31 72 -23 26 -91 -16 -100 59 -74 94 81 79 28 32 38 -73 -59 4 68 -4 52 -10 -54 -15 -44 -53 47 1 41 86 64 -40 26 -4 -56 -93 -82 98 27 84 -59 -95 35 -87 6 65 -4 -6 -68 -80 93 88 13 86 -44 -80 -3 47 40 -9 -75 -17 77 76 -16 91 68 -68 -88 48 94 -40 86 -45 23 31 -35 -10 -70 -15 -92 55 8 -99 25 -80 56 -66 96 28 -58 -73 76 18 -34 -83 12 11
32 85 -56 35 -12 -12 74 -80 -52 -9 63 -92 83 -25 -93 -78 -86 12 -74 24 56 -69 61 47 -71 -10 43 59 -77 1 -42 61 15 84 -56 -65 83 51 -76 32 -66 -31 55 51 70 -2 79 -73 61 98 22 56 -88 -44 9 56 91 85 -28 59 -3 96 12 -4 -66 -78 -73 54 -60 26 -21 -6 82 -89 -2 -39 -6 -47 37 -91 11 -26 31 48 43 -30 43 -98 -52 -15 67 -12 30 51 -94 83 82 -68 -30 94 65
-45 55 -65 11 94 -36 18 -10 83 -38 -69 43 -89 76 -36 -61 -25 60 46 -33 15 -16 -50 42 44 -75 -67 -77 20 -99 32 -67 37 88 -68 50 -96 -94 91 38 98 48 -59 80 -62 -86 -86 77 60 3 55 -90 -28 -7 -43 -53 8 1 -27 -82 38 -23 18 15 -37 -19 29 7 -62 14 28 -19 -86 -69 -31 43 54 37 -8 46 40 90 -67 84 53 66 -95 17 -27 48 38 -13 10 -59 -88 89 -91 -37 -66 -21 -6
29 2 -92 -29 81 10 -9 -96 -24 -35 -69 -97 -68 -69 100 -1 98 99 18 65 -54 -38 -24 59 -46 14 -29 -69 81 59 -9 -24 -45 -31 88 -31 90 90 46 -64 -5 -46 45 -37 -68 9 -62 -40 19 43 20 -60 80 -96 100 -52 42 51 -19 -34 -56 -13 20 -15 37 47 -96 13 65 79 -97 15 80 -44 -56 -87 40 63 -32 -71 -66 -45 80 -32 -81 89 63 90 71 8 -20 99 48 -15 -53 -95 -98 -21 15 20 -49
-58 -84 46 1 -40 64 -3 -60 -31 32 62 66 -24 -53 -31 34 -66 -56 -97 23 -67 -15 87 7 77 55 72 81 5 -28 73 1 -10 28 29 -57 -74 57 5 -14 90 76 -18 82 22 79 21 33 -35 78 -81 38 -15 51 -73 16 57 26 43 -74 36 -16 74 27 37 45 -33 67 -34 -98 -61 -83 4 9 -69 31 9 21 75 -30 -40 35 -62 35 -34 8 30 29 -78 -60 -24 -15 100 44 63 45 69 75 -46 48 -79
94 -22 30 83 -87 -90 -100 -9 67 -95 -46 97 84 3 -71 -55 -11 68 -94 27 -48 46 -88 -56 -45 -64 47 -38 85 77 28 -46 -13 -34 -12 -63 40 -58 -70 -56 -30 97 55 28 13 46 33 -70 63 -44 -23 4 -98 64 71 -98 -11 36 62 -31 -40 -48 18 49 -41 60 -44 -36 -40 -6 -11 -19 56 -15 -19 -66 71 -70 7 21 -13 -28 67 64 -67 -44 98 -46 63 -61 54 77 24 -61 84 -51 35 42 13 39 24
37 -62 -86 57 -99 -63 34 -32 6 19 97 -94 28 57 14 66 -94 37 -19 -86 80 -36 -32 74 7 -25 -61 65 84 -53 -3 -94 50 91 -96 -81 -74 93 -8 55 -2 84 -67 -64 -66 -83 84 -27 -90 -99 1 -94 -74 -24 -8 7 10 84 -18 68 -47 -48 -16 -65 36 62 -7 -28 -54 71 100 -22 -67 88 24 -67 23 86 89 -53 -14 13 -60 17 -57 -3 42 -17 56 -17 89 -97 -46 -91 -62 55 49 53 -92 -35 -32
18 -75 13 -93 80 1 82 90 70 40 79 45 -62 24 46 58 99 22 56 15 -47 -85 35 67 95 -56 -52 44 -45 53 -48 -15 13 23 -29 -50 92 86 -27 2 -48 84 -43 51 -23 -79 -58 77 14 87 51 29 -42 -5 -69 -97 -10 90 44 26 -93 37 -79 6 2 -45 2 70 66 36 -39 2 -6 18 -19 32 25 55 31 -40 9 -99 81 -61 94 -86 -68 78 -96 -11 84 -31 97 -34 -48 48 30 81 44 38 78
9 -57 96 53 -100 23 86 -56 23 -87 -86 -51 86 92 -38 -95 95 81 31 46 -8 29 81 -22 41 -34 -91 -53 -71 56 -74 20 94 4 67 48 -93 -41 44 60 -3 -30 -26 75 -65 2 -70 25 -7 -42 86 29 55 81 74 -94 22 -5 -62 -36 -62 -43 -48 -4 35 -53 78 -85 -34 15 36 -86 -75 20 -12 -20 -24 67 43 81 -83 59 76 71 -4 71 -71 -26 -10 -1 -5 7 -94 0 88 71 54 91 37 31 -6
-87 -97 5 -86 20 -56 -56 8 33 -92 -81 20 98 -28 -68 -91 12 -96 -12 14 55 73 98 -21 -17 40 -43 57 34 -20 -57 -29 -81 38 -16 86 17 66 15 -11 66 98 -49 81 -4 65 12 -66 43 -81 57 -45 -20 92 44 -97 17 54 40 -57 95 -51 66 84 -13 31 97 36 50 55 7 24 -36 47 61 98 -66 -44 -16 -80 -16 -90 -2 4 79 29 -92 19 99 -73 62 91 -27 74 33 -77 -89 -75 -35 59 -59
89 -30 91 19 60 39 -44 -62 -20 46 12 -99 -35 -49 40 -28 88 31 84 9 -76 -1 68 -7 -97 -14 33 78 -4 -4 -31 30 10 -18 -24 14 52 40 -53 25 -61 -19 -5 -93 53 32 75 -84 -44 93 63 47 -28 68 -72 -47 -73 -71 26 -14 26 -68 76 1 -5 -20 99 61 64 -51 2 79 -16 -38 -60 -72 96 -17 1 -85 -70 -10 69 3 -55 43 4 77 33 32 -47 40 -49 -92 -89 -72 47 45 -67 42 18
41 36 42 88 94 34 -38 95 99 13 96 8 -73 93 18 81 64 -65 45 -20 67 37 -22 48 5 84 72 -47 36 56 -82 -65 -94 21 46 85 -85 40 77 38 58 81 -52 -89 37 -49 -72 72 -16 -58 -52 -62 -23 -18 -55 -71 61 35 -29 -35 -82 78 -46 11 14 3 47 -47 -72 46 -23 71 48 -41 17 -12 -67 45 -24 27 5 -55 71 -18 65 11 -39 98 -62 -77 63 -41 -82 -3 82 17 -66 -74 -85 55 62
