98 -56 23 52 -99 -71 -64 22 -74 -41 -77 -41 8 -39 -57 -90 12 89 16 62 31 91 80 -25 -88 -8 25 -74 -58 40 56 -63 71 -13 -94 81 38 34 30 -41 29 -1 -92 71 -79 -22 -12 96 92 -85 -62 -59 -21 7 -91 24 95 6 -52 -57 13 -42 -6 6 50 -33 -65 -24 8 30 0 9 24 59 -96 19 -25 98 -82 85 13 -87 15 -19 34 -67 69 -90 -45 46 -45 48 80 -62 -66 -21 71 13 67 41 -58
74 36 54 11 -26 -84 1 34 -25 -12 -21 -29 20 -75 -23 -46 -86 33 -47 23 23 -91 -96 -30 -31 -67 46 15 -34 91 38 9 -93 42 -54 -68 -19 90 -62 -17 -44 -12 82 36 87 -27 -27 91 -30 -42 -55 -20 -20 -65 70 17 -32 -43 9 39 91 -17 7 -41 -67 50 -6 -90 -89 21 93 -98 -36 -24 88 45 -78 -51 14 34 66 -29 -47 -75 56 -92 87 38 -41 -75 -72 -9 -82 -71 -93 38 30 78 -4 46 64
47 -73 -20 -33 -61 15 63 -84 33 30 12 66 63 -2 5 -86 -93 -14 -21 56 8 -42 -6 27 86 -76 -65 -78 31 -89 -60 40 20 -21 18 99 37 24 53 -2 -55 73 99 -21 98 74 -78 66 89 -65 -77 96 25 -2 53 -51 -58 -85 5 -84 26 100 29 -28 97 -7 4 -93 -87 -79 -9 17 73 -77 93 -33 52 57 68 10 37 -13 -91 -76 0 89 -77 -7 -28 -10 0 -37 -23 -10 92 -82 -56 68 -64 91 42
-64 -75 32 -61 20 -74 -23 -89 1 -39 17 69 -50 -37 -94 -76 -4 -17 37 38 13 -40 41 -76 -40 -55 82 -67 -75 -15 -25 68 47 5 49 75 53 14 -52 98 83 92 0 -5 91 24 -3 -89 98 29 -68 45 -67 40 -6 -8 8 -19 36 -22 17 -81 -15 -47 8 89 -71 53 49 -95 -72 -7 71 10 39 93 5 -33 -66 -7 96 -74 9 76 46 -53 -45 52 0 -3 12 48 -42 -32 48 -3 87 -9 -86 2 1
-35 76 -80 32 -1 -42 30 78 76 -37 20 -98 65 -85 92 80 -77 -88 -29 9 -79 -70 -77 14 96 -24 6 -78 -67 70 -97 -92 -22 49 -45 -27 -20 -55 -26 52 -86 -86 88 78 69 59 -42 17 -81 8 -16 34 -87 70 -49 43 -6 28 41 -82 49 20 -37 -68 35 37 -17 -97 90 48 -18 20 59 46 50 -60 -28 50 74 21 73 -23 -30 52 -40 40 -53 -81 -6 -63 75 60 5 -18 -90 76 -46 -56 -10 52 -13
59 -8 98 -76 -18 -88 6 -35 -27 -86 -95 43 86 81 70 -81 96 -49 41 71 -18 -5 94 -20 -27 74 69 -76 73 94 55 75 86 86 -18 -81 64 19 77 -72 -25 -51 40 -34 -88 -83 -85 24 47 12 -52 16 -61 49 -52 26 -84 -59 81 89 45 -65 -30 53 60 36 -50 24 19 77 76 -9 -73 82 6 -29 34 0 88 -4 55 95 40 10 -72 81 -30 -95 90 94 13 -42 -93 95 -11 -83 -99 89 40 84 72
30 60 -56 -89 -45 31 -68 6 45 47 -30 -68 -43 93 16 92 -98 10 -76 55 -10 -57 -93 -68 -24 49 44 39 85 15 12 -37 83 46 -15 10 17 35 -5 81 -66 66 -99 -38 -98 29 -63 51 63 -91 -41 -33 -26 -95 -84 92 -33 69 -95 -90 -70 100 74 -70 91 -40 -29 -19 -88 89 5 61 67 72 -90 74 32 -41 77 38 1 56 87 60 95 66 82 34 -13 -24 12 -13 30 51 -11 -5 42 24 -97 -73 -48
-52 -56 -26 10 -90 -2 26 -67 -26 80 -42 52 -59 -34 77 -56 -32 -37 98 74 26 -68 -29 -38 94 50 63 -24 -65 -89 56 7 -41 35 62 -74 -12 -19 33 50 95 65 -20 30 -67 39 26 -8 -24 91 42 35 74 22 4 62 54 -23 32 97 -42 -73 27 7 62 71 44 -33 75 63 34 2 -61 33 -77 24 -87 100 22 -49 -71 76 -73 -5 49 66 91 -30 41 20 29 76 74 -57 93 -69 -86 64 51 62 80
-49 19 66 -100 -16 -65 -22 -56 30 41 -86 20 -84 -8 86 8 18 -13 47 72 43 7 -27 -4 -29 -98 -50 -65 -50 62 -3 28 73 23 84 -71 38 56 -27 -26 26 -2 -69 43 -66 68 -86 47 91 18 -9 6 -59 52 78 -14 -25 60 60 27 -66 5 -8 80 84 -76 79 72 91 8 11 -2 -70 -58 56 20 76 -88 -10 8 3 77 -68 -54 90 -48 -10 -42 -16 -72 68 0 -95 -52 60 83 -49 -64 81 -86 -24
39 3 94 -10 75 -84 1 20 -78 -94 88 -67 -75 3 -68 13 -58 -7 -82 30 -58 -40 -96 -19 -20 44 80 6 77 71 -32 50 89 -90 38 84 -88 -93 80 -10 -22 96 87 71 87 -95 -45 43 -57 23 92 -68 73 58 18 94 -37 70 -87 89 -76 33 93 47 33 -14 57 30 -56 -26 -23 48 69 35 -53 -7 -35 71 -81 -97 13 71 -67 -42 72 54 -61 36 -50 51 -44 14 65 -58 92 -90 -87 92 35 -98 -53
18 27 82 57 -71 12 -28 -13 3 -97 -93 61 20 -26 72 42 -2 14 10 -1 -5 52 -40 -1 -25 -48 -57 26 17 -27 85 29 -10 63 30 57 -54 -77 97 67 20 4 -52 12 43 10 20 90 72 51 91 -75 64 11 49 56 87 -84 -89 87 -70 -59 -23 -73 -33 42 -13 86 41 -78 -72 -69 19 -55 -37 -32 -66 -99 37 9 78 100 -74 -14 -42 -98 70 -41 13 -62 -50 -93 -32 1 45 1 12 13 96 -62 100
-16 -51 45 -22 -68 -71 67 79 -34 -65 8 -52 34 -4 -15 -23 -48 50 -21 66 6 42 -37 18 87 -93 -81 -76 -99 -64 90 2 32 91 10 -61 -86 63 2 -48 -52 -45 -33 78 38 85 53 -50 19 86 -65 52 99 53 -92 27 -75 99 97 74 -77 -32 15 -38 -17 -97 -87 -89 -57 73 -32 67 22 -13 7 8 -56 -98 -85 -37 52 -64 -8 29 -97 67 -65 87 -98 22 -62 74 4 50 93 -6 18 5 -100 21 -87
45 -94 19 -83 -63 -95 78 -25 60 -98 -60 -52 -91 -8 60 -43 -96 -71 -19 62 70 29 -30 61 -49 61 1 44 -36 -45 -1 100 17 -7 -44 -4 11 49 -57 11 90 -51 -63 30 -30 -83 -22 1 -25 54 -50 -14 -15 -68 27 -7 36 -34 -13 24 -90 56 70 75 -49 -64 66 -80 19 17 75 -22 -25 -26 24 -29 28 37 10 50 88 -17 -92 -24 60 19 -84 67 92 87 -13 85 -30 40 10 -58 88 95 38 73 -90
44 60 -88 10 79 71 -41 -74 66 -40 60 -96 79 -38 76 -12 18 13 9 -32 10 -80 -100 94 80 73 60 -10 -79 -67 44 -92 -43 100 13 18 -26 -67 -94 -83 62 58 -92 15 -82 -93 -17 -77 -60 -41 30 92 14 53 -18 76 -71 98 27 -31 -46 -86 12 -42 68 -7 28 96 -45 12 -46 -73 42 21 30 -36 -54 15 59 10 -81 26 71 -71 -51 -88 -83 72 -37 98 41 -90 -14 -16 39 13 -3 86 17 -93 96
35 9 -38 66 56 11 87 77 35 -67 -29 -83 -80 79 63 -73 19 58 82 -52 70 39 -91 31 7 71 -6 -19 -41 35 -8 -54 -90 45 81 -54 96 -56 80 94 -79 89 18 31 -52 77 29 -9 -15 -72 61 11 55 41 52 18 68 -91 -57 2 0 81 -90 91 18 -86 -50 97 44 -71 96 -46 34 44 -70 -47 -47 22 -83 -19 42 21 -76 -74 -5 15 -94 -53 -87 68 56 85 88 77 -18 -59 37 -89 44 -55 -32
19 -75 -58 93 86 82 -78 46 -22 -50 94 59 -52 -87 -38 23 -81 76 1 -53 -85 -87 -42 12 43 33 -87 -49 78 3 3 -44 22 -59 47 7 65 87 42 88 72 15 -1 -95 -68 -86 -98 -25 -20 -85 -71 -39 -25 -51 2 3 49 -5 -50 -9 34 -66 -4 30 64 -99 72 65 -42 -32 -19 -49 90 96 41 -31 -12 -88 -6 -34 -46 34 -47 -55 -41 35 39 -79 -13 -58 -78 12 -38 4 -90 59 -44 58 -54 47 0
-32 -43 32 9 -74 39 -9 0 90 12 -28 -94 51 -49 -82 9 -44 -96 -28 -10 43 23 95 94 -33 -53 12 73 -72 26 -66 38 60 -95 7 -77 -26 18 7 100 -80 -41 -61 -90 -63 52 -79 -83 -4 -13 -65 -36 21 63 -73 -20 -24 81 69 -60 -10 -60 28 87 -99 -24 -6 18 -77 -51 48 16 35 81 -30 -98 -49 87 21 56 -12 99 89 -84 -12 -11 8 99 16 71 93 87 -45 13 68 34 66 98 43 8 -38
9 20 -1 25 -84 -71 56 27 -89 -33 85 67 -55 35 62 -67 98 4 83 63 -7 -38 -86 40 -93 78 92 -90 -42 19 -47 40 -43 -74 -90 -36 -21 -64 -79 -54 56 -99 25 18 -28 -28 -43 98 66 83 99 -72 61 17 15 -88 76 64 -27 -79 -93 38 -39 -52 8 -51 10 17 -93 59 50 9 -35 97 -9 -82 12 50 34 54 51 -96 -75 -29 -76 82 -23 84 77 69 61 52 50 -31 -97 -5 -4 -91 35 -31 35
-1 -73 -67 92 -80 -79 -68 18 35 3 77 -46 -37 61 -16 -33 89 -39 -78 68 92 90 -64 46 32 -51 84 -79 -86 -2 -30 24 -8 -80 -18 6 -55 51 23 68 19 32 19 -2 -52 46 60 -23 33 -60 10 -52 43 96 85 94 -64 -4 70 48 -48 -58 -53 45 53 4 -66 -73 40 96 -26 58 -32 26 86 -41 84 14 -53 49 -86 63 -91 24 21 17 -56 93 74 89 -84 30 36 -37 -90 68 -58 36 -39 23 -72
-38 -16 79 63 -42 -5 22 -88 -80 54 18 -24 -89 -2 -35 2 95 -77 -70 98 -36 89 -74 78 3 -14 53 50 -33 57 -48 30 13 -2 -24 7 55 14 89 -13 -19 -16 96 14 -12 77 17 -85 68 38 5 -43 -88 33 0 87 -6 -84 -95 26 32 64 -50 19 -47 56 39 61 -2 -78 -3 -61 -73 75 -37 -75 -63 -7 71 -49 83 -75 4 2 0 90 -56 65 9 -70 -63 -52 88 -78 -6 -89 -5 -37 -19 -41 90
-28 79 -26 -51 -49 93 -93 28 -73 -26 97 -50 55 -3 -22 88 75 42 -27 44 -15 56 -18 -28 94 -69 -20 -41 49 83 -12 12 14 -64 -73 -39 -5 50 -92 47 81 79 91 -72 -60 98 23 62 13 -72 68 53 38 -75 -96 73 -64 75 -59 -7 60 50 -90 -85 -16 -87 97 7 -8 32 73 -30 -95 29 -36 6 66 -16 82 -15 9 -42 -16 -43 -10 60 12 29 56 -75 2 -65 13 -90 4 90 42 24 -6 90 40
97 -12 -79 99 -70 -48 -17 -52 -42 -94 41 1 6 -55 5 54 -63 1 55 -12 90 4 -35 -61 91 28 88 -12 -73 32 -91 -7 -94 44 -34 18 -76 -57 -8 -54 99 78 -70 70 87 -22 8 79 -8 -87 72 36 -73 33 100 -55 -48 -11 -62 51 -64 -15 -58 -87 52 31 -41 -37 -90 -73 -3 75 -79 20 -81 -20 -10 87 -94 70 20 -3 98 -7 -40 18 -20 37 20 -56 77 17 -85 59 -36 32 -52 42 -39 35 3
-81 -24 81 74 -5 -63 84 -39 -48 -8 77 -72 81 76 26 -31 93 -9 51 85 18 59 7 89 -4 -97 -61 -4 -18 63 -61 -53 76 85 -65 17 -71 8 60 -93 25 -14 -70 -39 3 35 -73 98 45 4 -18 -31 -34 -39 75 66 100 32 67 -43 -83 -6 9 25 -71 -80 20 18 48 15 -98 -75 -25 82 62 25 -48 71 -72 74 11 64 62 17 -68 51 80 -51 -44 -13 3 46 -31 -96 33 2 -25 67 35 61 85
-58 -29 -79 -18 59 -18 52 -88 49 -72 94 -35 77 -43 -5 -38 8 -43 -94 0 -39 -5 52 46 -69 56 24 -53 -100 80 -26 -25 47 -69 -33 -24 72 99 -87 -55 51 -56 42 65 -80 68 -43 -54 19 85 -4 59 -48 -54 -49 -42 -55 2 66 -33 73 97 -43 -33 15 23 -69 47 -80 95 -15 73 -14 -9 -43 -11 27 27 -37 1 87 -96 -3 80 21 72 46 -2 31 -56 -93 -47 -68 38 54 61 -65 4 27 13 97
13 -79 45 -46 -53 -26 -8 75 -80 46 -64 72 -2 -33 4 85 -15 -56 -44 16 57 -84 34 -59 -46 64 4 -87 22 47 -56 1 -62 -52 93 -44 -90 37 30 -12 -49 -22 19 -16 -19 -75 -21 -63 -12 -85 -86 -39 -66 63 62 -2 17 6 -22 55 37 -78 47 -72 13 -89 -34 56 44 28 -15 -6 -43 -53 -63 -13 -91 -60 -85 81 -36 -15 -20 12 86 -88 45 74 -34 69 -83 22 52 -4 86 45 -27 -63 -84 28 -92
-71 86 -62 53 9 47 -37 -10 4 -91 69 81 73 51 -24 84 -22 31 9 -80 -75 -100 72 3 54 69 -78 97 9 -12 58 51 -46 47 -50 -66 -97 44 -87 -62 -48 52 -27 -11 -53 -77 -27 -28 65 -30 -41 15 96 10 64 70 65 -6 46 36 18 -81 52 -54 -23 -92 87 58 21 85 55 2 -79 38 -98 2 50 -6 70 -5 92 -18 29 27 71 8 1 -70 -18 33 -13 -73 78 -94 0 -45 40 80 34 -40 -57
-97 47 -50 3 -68 10 73 -9 92 41 45 -75 -88 -30 98 -55 43 -26 9 -85 -84 -63 -83 -58 86 -53 -37 80 -81 52 -71 59 54 27 100 -39 52 72 -63 12 -47 4 19 -32 84 -90 2 -18 -63 67 -30 -76 96 -3 40 -76 76 -31 -46 -9 12 94 83 -32 24 -74 9 60 48 37 15 79 71 -59 80 43 -77 -69 -91 -97 -18 -81 -22 -90 -33 -42 4 -28 -52 48 17 63 38 58 -95 43 -74 -3 47 -66 -79
87 91 8 -2 -10 -7 3 84 -84 98 -76 26 52 -78 -1 67 -60 -13 94 34 -30 -31 43 93 8 -90 -84 98 48 68 -29 -25 -49 -30 -58 -72 -78 -68 50 93 97 -71 -33 98 36 -100 -13 -35 63 -77 -12 -78 91 -68 -46 70 -64 14 -14 -35 -22 12 -22 69 -73 -75 69 -68 -92 -14 87 51 -17 -80 -77 -13 40 -88 88 -45 -23 -32 43 -62 -90 51 44 31 55 96 -99 -26 -63 2 -32 26 82 -4 -59 -40 49
67 39 22 37 27 19 62 -21 92 53 -6 37 -37 -20 -40 -6 -7 9 100 -15 -23 31 21 41 72 -85 -19 -70 -2 14 -70 -96 -81 -12 62 57 -33 -65 -90 69 12 9 80 -66 46 -30 48 8 -75 70 -63 -38 100 28 -82 95 -70 -29 -71 32 63 72 8 22 45 -39 89 -41 72 -93 -80 -88 -28 -16 32 -25 41 29 95 36 73 38 59 -43 68 53 100 3 59 98 -65 43 -94 -90 82 81 -19 58 81 -17 -70
56 41 -7 67 91 45 78 -4 42 97 23 -98 -94 16 47 -24 42 16 98 -88 55 -90 -95 -80 -22 11 56 48 94 -90 44 -17 -13 18 -3 40 -26 21 -52 54 69 -34 -66 18 -23 59 63 -50 -31 34 -41 45 -37 96 -47 16 -33 28 74 61 -64 -22 -62 89 44 -77 84 -29 -78 30 -67 -45 83 62 -94 -97 -51 67 6 32 85 22 45 43 74 67 -54 -17 31 28 15 19 -71 -60 -46 -57 -49 -4 91 41 55
-7 -96 -37 -73 43 -41 -59 -40 57 7 -82 -84 -99 48 88 7 21 39 6 94 -7 26 68 -11 96 39 -59 13 37 97 70 25 56 24 44 -72 32 71 18 46 -23 30 -85 31 -22 -8 -5 -75 91 30 -99 14 -1 -10 -67 84 70 49 48 72 -14 -44 51 12 -88 -36 42 -55 -45 67 36 -80 -7 61 -84 -45 -93 48 2 86 -87 -36 -13 30 -10 -98 33 -18 -96 -77 11 25 11 -6 -50 92 93 62 12 -5 81
53 -17 -14 34 -34 55 -49 -28 18 38 -85 -82 25 18 -97 61 -73 20 87 -11 52 -100 -21 55 -14 -89 81 -24 62 78 85 59 72 51 60 68 97 -51 12 -56 55 73 -30 49 63 -76 87 23 19 -7 37 7 96 92 -47 31 -49 35 -59 -18 9 -4 -26 -74 -33 44 86 -100 69 24 -22 38 -86 87 97 -68 -88 94 3 -100 31 69 67 80 -4 -81 67 24 -29 36 100 69 -69 40 -48 -65 -99 -89 51 -71 17
-79 -25 31 59 -14 28 -83 -57 -27 -75 5 -42 -24 56 -59 72 56 -97 -71 -50 -42 -52 12 12 46 -98 -67 64 -10 72 -19 -59 -22 15 -49 -41 -30 -5 -93 -6 -40 85 -81 -29 4 69 40 28 16 -17 12 51 -96 46 -85 27 87 -39 -20 33 -76 -2 -32 63 -88 -68 30 23 47 18 53 -41 96 -83 -57 -92 -29 44 -14 -83 -55 -88 -16 -7 -88 58 -51 -77 -27 -57 -51 86 -73 9 42 -78 39 -61 25 -82 -86
-81 -21 -69 20 80 7 77 -96 98 16 70 -7 -67 -79 85 15 0 -23 -30 -52 85 14 -82 -78 96 -86 -26 28 63 -21 31 93 -98 50 59 3 -8 -85 34 61 7 -30 22 38 33 -100 -82 -98 -91 -24 -93 75 27 8 66 37 52 42 -57 92 67 24 9 94 79 -44 87 96 -36 -86 -43 54 77 68 -32 18 -71 -26 -69 -29 98 49 73 -21 -67 -11 98 -57 -24 -18 -31 46 -96 -77 -76 94 -15 -31 -31 -13 53
72 49 35 -33 91 48 55 15 -50 -78 -47 -72 -86 -13 21 88 -25 -70 -59 64 -46 27 -43 84 -84 12 42 11 5 -80 -94 38 -61 49 6 -16 -29 -6 -3 -18 52 67 -98 72 -56 71 39 -100 -14 74 -47 -35 -3 -39 25 30 -34 23 5 -16 -41 12 89 99 -87 65 -73 -43 63 93 -15 -68 27 -2 -40 -76 38 -3 62 61 84 65 94 -50 -31 88 -87 -97 23 -16 -32 -30 69 91 59 19 -71 23 -52 52 -52
98 -76 10 69 20 12 -14 0 -14 -10 -97 92 91 61 -34 -36 -3 64 -19 -34 -20 14 7 -64 18 61 29 92 -60 -46 7 29 -42 10 46 -52 -81 -86 72 35 -53 -58 -17 80 -36 99 92 -100 -80 -15 -88 79 25 -41 62 -56 27 -29 96 11 97 25 -62 96 -29 87 -74 68 -21 -44 -69 -45 -75 -37 95 48 84 80 -10 93 26 -36 54 78 56 62 -38 23 18 83 27 -14 49 -15 76 -12 71 -94 24 -79 -74
-76 68 -38 -64 6 15 -57 91 -26 -49 -70 77 56 29 -72 22 -70 81 2 -28 -25 -18 2 19 26 -9 59 -24 8 94 44 -75 -36 -72 -16 -59 -16 15 10 53 73 44 -51 -68 -94 72 20 -86 -21 91 -22 66 23 -98 20 -41 15 -86 -91 -46 -25 -14 -48 1 11 -63 -58 71 -38 72 83 89 0 43 -10 -89 49 -64 -31 37 89 16 -60 19 98 -13 -94 -25 -49 3 58 -69 -73 -94 -60 -9 -80 -49 -8 94 -79
-78 54 -3 21 40 38 -35 45 -92 -29 -41 95 -58 -42 -70 -12 33 -89 19 -7 -86 70 16 -93 -74 -39 17 -13 37 -18 -89 -73 -10 -87 44 8 -97 -63 49 -83 -81 -62 -93 -75 46 -27 27 3 19 62 -16 47 -38 -21 -23 -62 -99 -13 -55 -8 -3 66 91 -40 -64 86 61 -82 51 37 -83 -10 -23 -70 23 -79 -2 -42 -15 29 22 61 -33 64 1 -17 -63 7 -49 95 90 -85 52 -42 89 -97 32 -71 -76 -9 54
-81 29 9 -72 -28 -6 -4 35 -27 -24 -34 82 20 -18 83 -1 -49 -14 60 -9 9 53 75 50 -4 15 -23 84 -43 79 32 -78 75 -23 -12 -51 46 0 83 81 82 -45 -43 63 -59 4 73 -54 63 21 -59 -26 56 43 92 -61 -73 35 -23 79 4 90 -72 -35 -97 3 -71 -41 83 -32 -70 -29 92 8 -76 24 -87 73 -66 25 -9 -23 -51 -93 -84 -79 0 28 34 -80 -11 -15 72 -23 -86 -72 61 -73 68 86 -87
41 -61 -14 99 -18 -80 -55 87 -49 -7 -68 37 12 70 -18 -47 19 -8 -60 -97 33 75 9 49 79 -92 84 73 -68 -99 91 -44 -6 15 93 -14 93 92 70 100 0 -96 -39 53 82 64 -16 -17 -43 10 95 -77 96 1 86 79 -69 54 -58 71 -21 93 -49 74 -75 86 -91 35 7 -68 16 63 66 33 -82 84 54 -98 -93 -83 51 96 -21 22 -41 7 47 38 -71 -72 74 -86 -73 77 50 -50 -38 -22 22 -88 -59
-11 -39 77 -65 -18 5 70 -84 -93 48 -65 -65 -97 -71 -79 42 -73 18 -39 -54 80 23 63 -9 40 56 35 32 -61 20 -75 52 -9 -82 -74 5 0 100 31 94 -88 -73 50 -43 46 48 -95 78 -78 62 -52 -2 -33 60 -75 -81 -40 -86 25 59 67 87 -44 -13 -9 41 -68 -39 78 49 63 49 -53 89 -64 96 -67 -44 -23 79 31 -42 -79 29 -52 19 -4 79 37 95 -90 -64 -43 80 93 -20 26 -87 3 37 -54
-65 70 74 71 -80 -10 -33 -43 11 -72 36 -99 82 0 -63 -95 -18 -82 51 32 78 -57 74 -45 62 22 32 -20 7 69 -62 -63 -45 -51 76 -1 -63 47 84 69 -92 -64 -98 2 -10 96 -100 -64 -16 3 -97 -57 90 -92 64 -4 27 21 24 -100 -79 -7 -23 49 -81 -14 -39 62 -87 71 -24 -80 48 60 94 76 -90 34 -45 38 -70 32 9 4 0 -3 -47 73 -25 97 -35 57 -52 -95 62 83 55 -43 97 4 -52
-47 -99 -60 67 54 97 -94 98 68 48 64 -83 -23 36 -63 81 62 -64 -6 -96 -20 69 -5 -44 -9 46 87 -90 -32 -9 64 81 -4 30 66 63 -68 -52 88 -51 32 40 65 1 96 -65 -71 -40 -33 19 -56 61 -65 -96 76 97 -27 0 67 -28 24 79 59 26 79 66 -47 36 1 -33 58 48 76 -37 28 6 -19 -35 16 -19 -40 -17 -28 -75 94 45 9 -71 11 57 32 52 -7 -87 43 59 56 -56 39 57 85
84 60 -41 -40 59 -72 48 -57 -71 5 25 58 -94 -94 41 -23 -34 -69 34 -20 91 -91 -14 -5 61 97 87 61 67 32 -83 80 74 34 -61 88 -2 -72 -12 16 55 46 67 -33 68 96 48 -93 48 81 -33 49 -52 -60 65 3 -87 -51 30 71 -58 8 -12 48 59 -69 -18 90 -80 -99 -84 -77 -47 58 30 -1 -75 -32 49 96 74 -63 100 -28 -12 -82 94 -54 20 -65 -12 -89 98 -94 89 85 -82 -34 -48 68 -62
-28 -66 -12 -77 -12 15 8 -23 83 -13 -4 36 84 10 47 100 -64 87 -82 71 -4 14 -56 4 85 -56 25 86 -31 69 28 61 -68 -15 69 -80 -19 -69 91 43 45 -46 -1 55 -29 96 -72 51 -10 22 81 92 -4 2 33 -98 84 -82 -21 -61 62 10 36 -51 88 -80 3 -86 78 -69 -15 -49 50 -80 -10 -40 -42 54 -30 -39 -92 -46 -29 85 90 -31 -38 94 -20 81 87 -12 -64 -95 -79 32 -89 -69 23 44 -29
96 91 -94 -46 -56 -5 -71 -48 67 -8 -31 -22 40 57 -6 44 22 -32 -41 -20 -16 46 75 30 -68 53 -57 -87 54 -7 -97 -99 -76 75 88 39 -46 91 -100 74 -83 65 -4 -77 -16 -37 21 -34 100 82 9 68 -4 8 -93 65 -76 27 -99 75 -68 -32 -56 50 81 22 -64 -62 62 -28 -31 -96 1 80 -91 -76 31 55 -68 33 14 -91 98 45 -45 -7 -62 -66 77 -88 24 -30 13 26 78 -68 66 93 -3 -61 23
-37 23 79 -46 49 -96 4 -37 40 79 98 52 91 96 54 13 57 17 40 67 19 -77 89 40 69 91 -7 -56 51 75 100 -56 -68 25 68 90 -2 8 -57 22 34 86 78 -34 -94 35 27 -81 43 59 30 10 16 -29 49 70 -83 -61 77 8 79 68 -81 79 2 56 -43 25 74 -84 -1 -81 45 -25 9 -1 63 -45 -89 91 9 -79 82 32 13 -44 11 28 -90 -17 -69 -84 -96 18 -76 99 -27 65 53 -94 31
23 41 23 -37 9 34 98 -93 13 93 -46 18 10 66 -17 -57 -57 -18 94 -59 -5 -96 66 -43 -6 -52 22 -78 -88 74 67 15 -55 10 78 32 -54 -69 -4 61 -16 14 -28 -99 68 -67 -70 -5 -90 38 32 31 64 38 97 -64 -66 54 92 -17 -30 -69 -90 43 34 -95 -23 -9 47 -7 -67 32 50 -15 30 -45 43 -81 -46 -58 -85 6 32 -85 23 83 84 -55 -25 30 -95 40 97 93 -57 -59 -66 58 69 99 -33
30 43 60 -8 -57 -85 66 35 1 64 60 85 -29 -81 -68 -77 -47 9 9 -10 -17 -95 54 51 52 64 -44 -81 -85 33 -33 42 38 -98 -20 -23 -79 -54 -17 55 -82 -5 75 -41 -96 -54 -15 -3 11 18 65 -97 36 -23 14 34 92 67 -48 -71 68 50 -56 94 63 -14 70 3 -98 -93 42 -66 -95 24 16 98 21 -58 -53 -95 56 61 -42 56 -13 11 82 -67 -57 41 42 -57 -50 11 37 -63 -52 33 -33 -32 -49
-84 11 -67 -16 -9 63 -54 12 -59 86 54 -10 2 -56 -52 70 -8 61 55 73 -82 -85 -28 -80 42 -84 19 -60 49 -26 -78 -42 40 -80 -59 -67 14 -94 39 -63 -94 -90 -70 -95 -49 -23 2 -49 4 54 87 44 -1 67 24 -23 -19 -63 54 69 -19 3 -71 -94 -31 -17 -75 -33 -88 46 88 -58 -60 54 -45 -65 76 37 52 100 -57 -38 -15 -18 -75 -39 14 63 -67 -97 55 71 4 58 -31 -17 75 -10 -87 -33 -47
6 -64 -76 -3 22 83 79 51 -6 34 62 69 -49 -100 -15 16 -3 68 -85 9 -69 82 12 56 -29 -46 -7 43 -50 -16 47 51 4 38 59 48 -1 66 -56 -39 79 21 59 -45 -53 -72 34 42 -50 -98 -100 53 12 -99 6 80 87 -87 70 -24 77 29 -26 -49 72 -92 6 46 91 -98 74 -1 64 69 -2 60 67 59 -59 -38 -13 8 29 18 75 -85 -53 -26 52 89 17 -72 -2 -53 -72 57 -3 91 94 82 35
30 53 10 73 -94 30 -6 0 -22 0 97 -66 76 -81 63 38 -20 71 -14 -8 -68 90 80 8 27 -14 62 -44 -29 59 28 -56 -32 -77 47 53 -10 -90 -77 81 84 -28 38 -63 -42 49 -54 65 -27 23 41 75 21 2 89 72 -87 44 76 -38 60 -95 39 62 -57 16 97 -40 -19 17 58 -66 -41 -84 88 -81 85 85 17 -47 39 -26 -45 -90 67 -62 -98 77 -43 15 -52 86 13 25 43 67 47 -69 -30 11 -38
1 95 97 55 79 -75 89 62 -65 93 3 -78 -78 -59 -82 71 -55 -81 33 29 -92 -88 34 -16 -29 16 -74 -33 95 14 82 82 -32 -62 -72 -51 -49 63 -82 84 -47 59 80 89 -60 33 24 -33 -76 -43 -48 28 44 -18 -60 -22 -63 -39 50 2 -53 60 67 42 -7 -14 -19 2 0 -59 -14 25 -10 100 -63 -45 -93 0 -17 -37 -72 -9 30 20 -85 53 23 59 59 -61 -81 -37 29 43 -35 -52 14 -79 -10 -14 -38
-79 86 -21 -82 76 -40 57 39 -19 25 46 -78 95 63 -88 -7 30 -17 -20 -23 15 -80 98 34 -54 77 -23 88 -99 -83 -80 85 60 52 -82 -98 45 -7 4 99 73 58 -29 -19 -28 15 -18 39 -38 -98 -83 4 80 99 -29 68 -88 67 67 -27 55 -44 -33 -91 87 -73 -99 -17 38 77 77 6 -9 -99 -56 -5 -39 58 17 -42 74 13 87 69 -1 -70 -37 -90 -64 -34 68 -70 -16 1 -64 0 -32 -28 -86 87 82
47 88 53 87 36 -25 -93 23 22 53 45 -38 97 -25 41 -1 78 63 88 -40 100 -17 33 -14 45 -20 -71 -82 -64 87 16 82 -84 -1 95 -79 -8 12 -53 3 -52 41 93 49 84 62 58 -2 53 -47 60 55 -92 83 -43 -39 60 86 56 -26 -8 -43 41 -57 -37 44 -40 -12 -78 40 92 70 85 -15 -80 14 79 36 30 99 -85 -15 -50 37 -88 42 52 66 0 86 72 27 56 98 -3 33 -58 -4 94 91 -75
81 73 -25 7 -48 66 44 -64 4 -48 -75 -14 79 -63 -56 -12 69 70 -41 -15 -68 -60 -30 11 -74 3 63 -31 -1 11 32 7 51 -48 -92 6 -95 38 60 64 96 3 45 -64 92 16 -52 -97 -61 90 -52 54 -84 -60 0 -57 92 -81 89 -40 21 35 -66 -32 -4 -99 -19 0 31 70 -64 -13 7 -16 40 81 -25 27 -76 98 -22 -45 85 35 5 -88 44 -27 -82 -24 87 -77 -96 -1 -5 79 -94 34 -75 -80 14
78 -51 10 -94 25 -80 29 56 -24 -55 -88 -22 -83 -63 20 19 97 -14 33 20 18 66 -26 -17 94 9 52 90 -68 -19 -57 -58 83 46 -61 -66 90 -25 49 91 -32 -71 -75 32 64 41 99 -55 -50 30 22 -87 70 -42 75 -42 88 -42 57 65 0 48 -1 34 18 -68 87 2 13 -89 10 3 6 -86 65 -16 -30 63 -14 -75 -99 -34 97 -91 -64 -55 -22 -45 65 34 71 23 -23 38 86 32 67 -70 -35 -88 -33
61 -42 57 81 24 -100 -64 36 -92 -100 -21 -5 -26 -26 -85 -25 -70 32 55 84 -37 -81 -64 31 59 65 -85 -93 7 -82 -27 -87 -39 51 -15 54 -82 21 -71 -88 -26 -80 -51 -31 -23 42 38 53 63 -27 -18 16 -23 -95 88 85 55 52 -5 94 -100 46 -87 -20 4 73 50 -76 8 -63 27 -30 52 98 88 94 -51 73 2 9 -12 73 56 73 -9 46 -36 84 57 32 61 92 37 -54 66 -35 43 -41 -26 -80 -94
-92 -21 76 -69 48 -6 56 21 -78 -64 -47 -85 5 -71 13 17 -77 -63 -11 -6 4 1 72 -50 53 45 68 50 39 -36 -63 26 -68 7 -61 33 -57 -19 39 22 -77 40 -74 -24 -44 61 34 -31 -64 -84 -59 -50 -81 -12 -22 -81 -82 57 69 -54 64 -100 54 -58 -80 63 -74 63 -67 -20 43 -52 18 97 -76 -10 -66 90 23 73 30 49 67 82 76 44 -19 -84 -24 93 -98 -94 82 99 92 20 -89 -68 7 -4 22
-36 86 -40 68 -60 55 -95 -39 -84 26 80 91 -30 78 -38 -81 56 -93 -47 64 48 -53 -25 -26 69 92 -40 -52 37 -72 78 -6 89 -55 -82 42 18 -88 -17 39 -44 -62 -47 6 -8 19 32 -31 -55 -93 -73 68 -12 -62 24 20 80 30 -41 3 -93 -100 -83 -29 -34 66 -17 -13 8 -80 -48 -90 -55 -64 79 59 -48 16 -42 -63 -94 27 97 66 26 -8 34 -46 36 -15 4 61 17 -82 87 35 -95 49 -79 97 76
49 38 -47 -8 36 9 -20 -68 -41 -59 -54 97 46 6 5 88 95 -20 -43 29 99 -33 -17 82 62 56 -91 90 -77 -99 83 -68 -63 21 27 -37 28 -23 94 53 85 86 -41 42 -57 10 -69 -8 78 -81 51 -10 -56 97 -70 -65 88 92 3 78 2 -6 75 6 -77 83 48 -39 81 -66 92 18 28 -68 -80 -24 -62 10 -73 18 -68 1 62 44 23 -53 43 -20 -99 40 -12 -26 -47 15 -53 -8 -8 20 56 79 41
-14 -36 -23 -44 -19 70 90 98 -86 -2 -20 45 89 -16 56 75 -13 -18 45 90 -63 80 53 94 -95 97 5 -84 -74 96 54 -46 94 -27 35 -93 63 -36 -47 26 -53 61 -12 62 88 -83 -91 -43 81 1 -95 47 21 -30 -64 -7 44 -18 45 -46 25 -36 -11 99 37 65 -4 63 -69 -37 85 81 -24 59 -46 -5 -13 71 1 -13 -13 51 20 54 32 70 -10 32 -53 -100 -84 -10 69 65 -36 32 -27 -45 -91 -30 63
-78 41 90 95 59 -12 55 -53 72 -8 72 37 -13 97 -91 19 -1 69 -83 -90 73 74 98 84 -48 -3 53 -82 17 94 -49 -81 -50 -66 93 -48 -61 31 -77 -94 51 73 32 -22 25 39 13 -100 -36 -9 33 64 95 30 -90 52 -14 21 -63 -52 -63 -69 19 81 75 70 -47 -31 5 -1 41 -91 23 -10 -70 -37 -1 42 75 -87 54 95 57 44 -61 -37 17 88 39 -17 34 20 6 -91 -25 6 80 -77 -43 40 -47
25 52 92 28 -81 -9 41 89 -58 -95 83 -34 -72 -6 38 -30 -86 37 63 -79 2 -84 42 60 -39 25 60 -11 95 94 -11 -15 -90 19 30 -83 26 65 -56 -5 -90 19 80 59 -4 82 -62 -91 90 95 50 -65 24 18 -29 -25 -70 64 -30 -91 86 -61 28 -92 -67 -70 -100 37 -33 -61 90 -69 -67 78 60 0 -9 -28 -4 -3 91 -72 -58 -86 -56 63 -90 -73 -93 -79 -10 97 99 80 44 -77 1 -67 -92 89 -53
97 72 77 5 27 59 -52 26 45 74 -64 -18 87 52 81 47 53 67 -61 -98 34 -94 -14 96 42 87 -85 -69 -84 -63 88 1 -69 -77 -58 -72 -29 -57 -20 84 -85 -91 55 -10 -25 40 9 -55 -20 -84 76 35 -42 53 14 26 74 17 72 11 -46 59 -89 91 34 -58 -41 -52 78 -11 66 -98 -83 56 -38 -72 -61 52 50 -28 78 47 -29 -99 26 -19 -37 16 18 -80 1 -92 9 -4 -5 -12 -84 -35 66 26 15
-86 -41 100 -50 -75 7 74 10 50 56 35 38 -18 -39 -100 89 44 -78 65 34 98 54 -57 9 -24 96 -69 65 -21 26 92 3 -55 -100 -100 -69 99 75 20 91 98 -14 42 8 -59 -94 -4 -70 -65 -54 -79 48 80 13 -8 43 2 66 -17 41 99 -57 -32 -28 55 -100 1 27 -57 25 -41 -98 -36 71 20 -88 89 44 -50 -52 -14 -96 5 -47 10 -35 87 -66 -76 19 7 3 -68 -44 -79 35 -19 54 83 62 57
26 52 96 53 -40 79 36 -16 -34 81 49 -38 44 -70 74 -69 -36 -74 71 7 -41 81 49 -65 -22 -26 45 -27 33 -43 35 76 37 39 68 53 -3 62 -92 1 63 -66 -78 95 95 -84 99 -56 42 56 57 -48 -54 -34 -64 -11 7 -69 -35 -90 -59 -6 18 -23 20 11 -27 -54 83 -44 9 -44 -25 -24 -20 97 -80 -24 -34 45 58 -7 -44 -37 -52 52 90 -56 -76 -11 -89 -7 -10 -5 64 -51 -67 -86 -66 -9 -41
-20 -38 7 -83 -54 79 13 24 85 68 -82 -56 56 -1 -60 -34 97 35 -31 -42 72 -60 19 87 18 16 -2 -68 -35 -95 72 -49 77 0 3 1 -30 18 -18 48 -10 56 -92 92 92 -94 83 13 11 -49 -77 2 -18 69 90 66 43 -31 86 67 -15 -47 -78 -10 50 -44 56 -44 38 69 -48 47 -53 93 47 -71 -10 84 -54 66 78 17 -59 -82 -8 -57 -86 2 -61 79 85 43 -9 96 -94 -71 -86 44 69 84 -34
-23 58 87 -51 -64 31 -37 96 -31 -32 22 20 58 -21 5 46 -78 82 -19 -54 81 -13 -16 91 90 71 -43 97 -75 -31 90 7 -8 -29 -35 77 -4 5 52 8 43 53 5 -7 -68 51 -77 -93 89 -87 -8 -1 -78 -21 40 40 62 96 58 -82 49 25 33 2 -89 -79 73 9 12 0 70 -90 -19 74 -70 -4 -8 -75 77 100 -19 -26 -66 -56 -60 -26 -3 -69 -98 91 -91 48 -32 -21 32 20 10 -49 91 30 65
77 27 -10 90 17 9 -74 -8 -35 -20 7 -10 -69 -75 -63 98 -18 42 -51 -100 -68 -53 28 -22 -22 -53 -85 -65 77 44 24 30 1 -50 -22 -92 72 -31 -89 48 -8 -54 42 -7 6 -94 -62 57 -77 -74 -94 44 68 -55 65 49 -3 20 -36 -45 10 -78 -71 45 62 -91 10 30 1 94 10 48 -22 -49 47 -38 17 -46 76 83 -5 1 -100 11 -19 -67 92 17 -62 21 25 62 64 -51 -100 -30 79 78 11 -74 -12
-25 -74 -15 -20 -84 8 3 95 98 -21 -85 -3 54 -45 -90 -28 43 92 -90 59 -13 -14 83 22 60 58 2 26 -41 49 -45 -38 -84 -16 -38 -97 3 -15 -88 70 -87 -41 -8 -18 31 22 -98 68 5 48 48 63 -76 76 -17 -58 8 -52 50 47 75 2 90 95 38 -3 44 29 99 -68 40 -11 -71 4 62 10 -94 -80 -66 46 21 -42 -22 66 39 2 60 -85 -95 40 27 31 -49 -3 27 -27 27 93 -16 16 -33
24 34 -3 -24 97 16 -10 86 -39 -95 81 -76 69 -42 79 -38 31 -42 93 33 23 -57 -12 -68 -67 -10 86 55 -34 9 -21 -79 29 83 -73 -82 57 90 -3 -5 94 -47 81 -4 -97 44 21 -19 13 -82 74 24 -71 33 81 29 97 -87 -57 -41 42 -27 -10 96 16 34 -57 34 -31 28 4 -33 62 46 -43 -98 62 0 -55 -11 11 40 59 -56 91 -65 82 94 -23 -60 25 -27 90 -73 -79 52 -23 90 38 -80 54
-63 -52 23 -63 -46 -4 58 -61 19 44 -93 -89 -54 -16 39 25 31 -54 -51 -69 -50 -94 30 -98 34 57 14 -8 -79 -58 37 80 -3 6 -6 86 -4 -39 -18 -44 -80 -13 99 65 -39 -70 76 -20 -3 16 -38 5 -57 28 -89 17 98 -77 11 -58 -97 -96 -60 98 3 24 -24 -100 75 -37 -46 38 4 -90 -91 29 -6 -96 -1 36 -35 45 79 75 11 83 90 -100 88 30 -94 -20 73 -11 -67 67 18 15 -18 23 -43
-30 -7 -75 -100 -94 -54 -2 70 -5 34 45 -71 -33 -1 -38 59 -52 -13 -63 24 64 -22 9 -19 -64 -1 3 70 58 27 58 -66 42 69 -19 -95 75 -11 78 -90 58 -72 -27 -5 59 24 -81 -59 15 -84 97 69 -61 -88 -41 51 40 17 -41 56 -10 -21 -38 -23 -85 59 -18 -55 -69 99 67 45 -80 -89 -81 77 67 98 29 85 59 62 75 95 -80 -79 16 -25 -50 39 -78 87 -40 -79 -97 -43 90 83 -97 35 -50
-53 24 48 88 82 -7 -70 -57 59 18 67 -33 -6 -49 -2 31 4 -1 21 98 -8 -70 49 -61 41 -84 46 16 82 80 -51 57 -15 -82 -87 -37 -49 8 16 -9 -38 -81 32 34 -95 -9 96 -72 6 31 -30 58 64 -8 89 85 -83 18 44 -35 -55 91 -94 34 -20 -52 55 -11 -10 71 -21 23 -80 -71 -1 -51 19 21 91 27 83 89 66 81 16 27 -20 -67 88 74 89 -19 -70 71 48 -3 -62 -47 -56 -48 70
-13 83 -58 -27 0 -42 92 63 99 -100 50 50 36 -29 78 47 50 -38 -42 75 10 -62 -97 -74 -29 -90 -40 8 -84 -30 76 -64 -70 17 4 47 -6 49 57 -82 40 23 16 -31 -15 53 -25 1 82 51 45 19 -35 81 38 64 -16 35 35 -7 -73 33 36 -55 -16 93 -43 -52 55 -58 -48 -52 13 -42 76 58 50 5 85 15 90 71 -10 -16 7 82 68 74 -33 91 65 61 -12 -8 -61 -36 61 -22 61 2 -49
4 59 5 -70 87 35 -97 89 -90 -10 -22 86 -7 -88 77 -67 -7 11 -24 16 56 10 -100 49 -23 -57 98 47 -1 -23 40 -35 -77 72 -76 -100 -53 -75 43 -55 60 92 21 -13 79 13 -3 41 -36 -43 10 -37 81 -76 65 -30 -9 25 -65 17 32 -46 51 -41 67 92 -75 75 -74 -63 -3 22 71 55 -57 94 67 -32 14 18 -95 48 31 94 82 -6 8 -1 -82 87 -10 7 -72 -13 63 83 17 -84 -8 -91 76
-49 -2 70 63 66 57 -75 87 -87 14 -65 30 -43 -48 9 0 44 -55 -74 75 -59 -47 49 2 -38 -55 94 -79 48 77 -52 60 4 -80 94 25 96 -24 -18 -30 66 40 -52 47 -36 -6 -21 -26 -81 86 -49 -38 65 -36 -97 79 -77 -31 -6 98 22 15 -57 -47 -86 -26 -69 72 -95 37 -63 -58 -44 0 -18 -10 68 23 32 -79 80 95 15 51 13 45 95 67 -46 -42 -11 10 9 65 -67 32 -20 -51 4 -77 -81
39 82 -5 61 0 74 74 -4 100 34 -81 -28 -16 -86 -61 -44 -56 49 -66 71 -82 77 94 -9 88 21 -8 26 28 84 82 -48 -96 35 -18 -95 17 -93 34 30 -38 85 -24 93 -30 -99 97 -78 -29 -37 11 15 94 3 -72 52 34 -60 86 -65 31 -7 49 72 83 -23 33 -6 -62 71 75 -97 90 -71 19 61 -81 -44 -52 -89 -51 -80 -74 69 -42 59 28 86 -80 42 -7 -5 53 28 -73 61 61 32 -26 78 -86
-61 -44 -20 -6 -91 -23 98 96 38 -76 95 86 71 -28 97 21 -57 -5 56 31 49 70 -38 -74 65 40 -12 -75 15 -59 -55 -33 -4 38 -60 81 7 73 -40 -10 66 4 84 20 71 12 45 79 81 -50 -72 -40 51 -84 -53 38 18 98 23 9 -89 29 26 21 89 -59 31 64 -31 31 50 -93 4 94 15 -27 64 -49 47 37 44 64 -82 -77 -31 -44 31 53 -40 96 29 -39 25 87 81 -45 34 -61 59 83 -29
-7 13 65 2 45 48 -51 -51 13 52 -73 -57 83 -42 -80 17 -22 -100 45 17 -96 0 78 -36 -65 6 94 82 -31 99 -78 -75 -25 38 11 -62 13 3 30 6 28 39 76 14 -40 -27 -11 91 -38 -70 12 -20 -80 -30 43 71 -78 2 86 -64 65 36 -75 -76 -12 37 26 -1 -39 11 90 60 -88 -18 -51 -17 86 -87 -34 57 -80 61 -41 50 65 -64 34 -23 23 -6 -14 36 -37 28 -25 -87 19 -32 71 -44 -70
-27 -98 -60 -81 -69 44 -67 44 -43 3 -49 -47 -99 -92 73 7 -46 19 -93 -61 21 30 82 -36 58 82 -50 69 17 -20 32 -17 -55 33 -49 -84 35 -26 -61 95 -84 -72 26 34 -21 -71 -53 -7 18 -96 -14 -58 -31 61 -95 62 79 85 57 26 -98 21 46 0 -7 16 72 87 -50 76 -9 -28 -87 -33 -16 92 59 -29 -3 58 -25 -23 -49 -19 -92 -43 -97 -69 -4 -38 -12 11 83 -9 -93 -9 -3 13 8 16 -89
-9 80 77 92 81 -57 -46 -63 -16 -97 38 39 81 -45 -64 -43 15 -45 34 59 89 -86 -8 37 4 6 -86 95 -45 89 17 7 32 38 70 -83 -58 -88 -32 53 -4 40 -56 -99 53 79 43 90 -42 -25 -72 -24 60 -65 6 -72 -92 52 -42 -74 58 -92 -5 -77 -48 -50 -83 45 75 -65 85 14 95 -95 60 -66 26 10 94 -99 -39 4 94 67 -68 43 -66 -5 89 -61 -85 -54 -90 35 -76 73 50 17 28 -64 -72
9 12 62 76 -48 -84 47 7 65 -40 -4 20 88 -2 26 50 8 -50 -19 7 -57 -72 -77 8 29 38 89 85 -95 -28 -63 96 14 62 -63 57 78 -85 -98 97 46 28 10 20 44 -37 -65 -44 -70 -71 -56 1 -86 -82 -12 -10 -50 -87 47 -58 60 -9 -7 -10 12 40 58 -5 -42 26 -73 -47 -5 60 -6 -82 -23 -33 -8 -67 -86 -39 -40 83 -45 -1 100 -35 -17 45 -18 -4 45 3 -8 20 -8 -52 -72 5 -22
-60 77 -12 47 -76 65 -61 37 -92 -73 76 81 -71 40 -34 -4 58 54 -31 51 3 -2 -95 -75 -94 -7 86 -66 -88 60 37 48 -12 -47 65 35 4 -60 2 88 38 -99 29 40 76 42 -59 6 30 28 -63 -79 56 -91 96 -66 41 -26 58 67 -35 -94 93 -88 26 43 100 57 -50 80 95 48 -95 37 52 -37 45 16 41 90 -56 -34 47 -16 -48 -3 66 -9 95 -19 -23 -56 -12 46 43 79 28 32 14 -38 20
81 -91 -80 -90 -92 -48 -75 44 -54 -78 5 82 78 39 72 39 82 75 -83 29 20 28 90 1 -50 -72 -51 5 -78 -86 2 -38 -4 41 64 -39 -96 40 49 91 6 60 31 -85 12 -38 -64 -87 -87 -27 72 -30 -95 -4 -39 94 -26 65 55 -64 -88 34 77 42 -26 87 -11 97 16 95 30 -18 40 -51 68 -13 -93 -56 88 29 -17 -79 91 -82 22 -26 -51 74 99 57 -56 -44 -17 -70 22 47 96 54 16 53 -13
-59 -97 -71 75 2 63 83 36 77 10 -18 87 100 40 -96 20 -26 -93 73 -25 60 92 39 -72 -52 77 -59 -29 15 -36 76 -33 -59 40 1 45 23 19 50 -6 -69 74 48 -65 -57 83 98 19 42 -75 85 17 -63 42 65 -48 59 -20 -88 31 37 -92 -80 71 -97 55 4 -1 -60 -77 -89 69 -38 46 -100 71 42 12 49 -31 -77 -40 -96 -97 -50 0 78 -15 38 -65 -59 -19 -24 97 -94 -16 -31 -51 26 98 37
24 40 29 -86 -61 96 -66 27 -42 3 -34 67 46 9 94 63 -29 -69 -46 -3 -42 9 -6 -32 11 -8 7 -93 16 -86 4 -2 -98 0 -77 94 74 31 -20 -76 -83 28 40 53 58 -95 42 8 95 -88 -81 81 -30 -47 -34 39 -4 23 54 70 -69 -77 -89 -10 -90 95 -77 -11 -45 100 36 5 -77 -74 -51 60 -62 25 81 -11 21 -60 5 57 79 -90 -78 10 -42 -15 36 -36 77 -8 -97 -64 8 -56 -34 -60 -96
95 36 -78 -10 -81 -66 -1 -94 -81 18 84 -44 1 27 16 5 63 66 69 15 -40 -32 -4 32 60 -98 88 60 -39 5 -97 -38 28 85 -25 -76 -17 -46 24 -25 93 56 99 14 52 -15 -60 -71 0 -6 -76 5 86 27 31 -57 -48 21 -39 -64 26 -79 35 -13 -73 -90 -97 49 -89 61 86 -26 -34 -56 -27 20 97 -69 -53 -18 -18 -5 57 10 56 94 21 -69 20 51 1 -33 44 38 -49 5 60 19 -40 32 -8
-44 -63 -47 -49 -94 -15 -83 -2 -57 38 -45 58 -32 3 -20 -52 7 -13 18 40 -85 15 -10 63 -34 -39 -13 62 33 -47 -67 -19 95 -12 -5 71 93 -31 90 -63 -90 92 29 -58 -13 -15 95 47 -86 94 74 61 0 -30 87 6 42 100 48 41 46 29 49 -38 -75 15 -25 27 38 -78 30 17 98 -55 -61 -10 -35 42 48 -6 -3 21 95 -52 72 61 -74 -52 74 -76 94 63 -96 -11 58 -65 44 84 -80 59 6
-67 -16 80 -16 -47 18 98 -97 28 -65 14 -8 34 -58 -60 -73 34 63 76 -47 -74 -56 -65 -50 64 -98 -31 79 98 -40 30 23 -47 46 20 -93 26 -4 30 12 54 -81 -77 -81 22 92 -44 88 -6 85 60 -39 -30 -35 79 -23 -46 2 63 74 -42 3 16 -64 -32 100 -55 -55 61 52 67 56 -67 -39 60 56 53 -90 -60 69 49 -24 64 -14 72 1 -84 -58 97 -91 -53 -2 -21 -71 88 43 98 -28 -49 92 -46
-52 57 17 28 -80 21 37 -5 52 71 -32 -15 -92 54 -26 -4 31 -31 75 87 -86 -78 50 -40 -88 91 -57 3 55 -44 -19 82 18 -57 45 -90 31 -51 -20 -36 99 -76 -41 -32 88 -30 -54 74 34 -51 62 -73 -75 66 -71 21 45 88 -61 -67 2 100 -17 -66 81 -78 79 -72 -68 55 89 65 -69 -73 -70 33 66 -84 40 -60 73 17 -42 -83 34 79 -51 63 65 -74 70 10 -74 -75 12 -21 -2 -28 64 -95 4
91 29 13 -85 -76 -87 -32 -61 -33 -48 85 60 78 -82 80 -91 96 -81 26 -29 56 -63 -54 -24 5 -2 55 -100 -51 -7 -88 73 -21 -34 15 97 -12 40 7 -80 89 10 18 89 67 71 34 21 -76 78 20 -77 -64 -35 19 -38 -33 65 87 52 -29 91 27 -56 4 24 28 -73 -50 -80 45 61 -38 -73 88 71 33 79 -76 57 -65 -48 30 100 -81 -29 -52 38 5 94 89 99 -74 -20 0 -26 61 -54 -46 -11 -6
-98 59 14 46 -6 -38 -1 75 -22 -85 -49 -66 85 -4 -13 8 67 -82 38 -93 28 66 -75 92 -36 -37 68 95 51 79 -76 -2 -99 -49 53 62 71 57 23 86 90 -66 -48 -10 0 -26 32 -40 -21 -23 -83 -77 -51 79 -29 -84 -60 -48 -90 89 31 -85 4 -6 80 7 93 -53 -32 -74 19 -99 97 -60 -95 11 13 -22 77 -50 -44 -48 7 -19 -64 17 13 -83 98 -14 51 -92 -19 -2 -48 25 -22 99 51 0 45
36 -63 -35 27 -92 -80 -92 19 -2 -55 49 99 -10 -43 -52 92 45 34 83 -95 22 -29 61 77 57 -97 -42 62 49 90 -31 -63 -96 -72 -59 29 32 -20 -16 48 -57 92 39 22 -85 -69 35 -20 38 93 -8 -27 -18 39 -72 86 8 -73 67 -72 -96 54 3 65 90 -90 98 -27 87 2 69 96 15 -63 18 76 22 82 32 -96 51 26 -17 -11 78 65 34 -1 43 -63 -75 -100 -95 -24 -18 -51 -70 8 -82 -47 -8
76 86 -58 31 45 -83 -76 -42 -46 -27 -77 3 -28 -93 54 -11 97 54 66 56 -63 -80 -48 12 87 -9 70 -85 -96 -70 63 39 95 -77 15 59 63 90 0 83 -47 -41 -15 47 32 -36 71 -24 -96 -2 95 9 -94 68 23 5 -33 59 -17 -24 -50 -42 -57 17 12 -41 -73 44 -74 4 39 -89 14 86 38 31 -68 34 -73 95 -83 62 35 -71 -44 18 -2 85 -15 28 -99 26 7 87 18 -100 -33 46 -58 -31 -64
-24 55 55 43 -44 -19 72 -93 -41 -20 -9 -97 48 23 91 18 45 -50 29 -50 51 97 24 56 -41 -17 8 0 -94 -27 -81 58 5 24 31 76 -1 60 29 -72 44 -54 -14 -69 98 -54 13 69 -90 51 55 -58 11 -43 -5 90 -26 41 63 87 60 -68 -82 -77 20 42 25 -20 -14 33 -37 -22 -91 58 45 -10 87 -31 4 8 -38 36 -13 -62 34 9 -34 59 21 -3 90 74 13 -96 -50 7 63 66 97 0 -14
37 80 -15 85 -78 -50 68 -43 17 9 -62 59 -99 -78 84 -89 75 -89 -16 68 71 13 -84 46 -67 97 -98 -67 -77 -13 4 -97 -63 -59 -4 38 0 66 -78 -10 -74 9 56 15 -58 -52 -82 30 -95 81 -73 -54 77 60 11 72 41 88 49 -42 -71 -61 97 -47 45 7 93 50 -53 60 -51 -57 -41 79 -45 -67 48 60 73 -65 72 27 12 0 94 -73 5 -3 67 -52 73 -5 41 15 42 50 -31 25 36 -91 -40
55 84 -93 -62 38 -85 -12 73 -28 14 9 69 82 -15 18 -53 -100 14 98 -83 37 -67 19 -85 35 94 5 -46 -89 91 26 67 39 -20 -80 -50 -34 73 -91 57 32 -78 68 -61 84 82 -56 100 100 -1 -79 -39 62 -42 -82 -6 72 44 -96 4 99 -42 -20 -88 -25 45 -72 -42 93 -8 -28 -73 22 83 -36 91 -15 72 -96 -30 0 94 -57 -30 -67 -27 87 -43 69 -96 -23 -71 82 -84 48 93 -40 -37 -43 -24 -89
-45 -42 38 -6 60 -37 26 -15 -2 -16 7 -95 -16 50 -57 -87 -100 -46 82 -98 74 -67 -74 -13 -57 53 -16 -80 60 89 -64 42 -27 55 11 1 -52 41 2 27 -33 99 60 30 3 8 -45 -53 -37 11 53 -70 -85 84 90 26 -94 73 -88 86 68 66 -21 48 83 89 -8 -86 46 -15 98 -39 -40 -51 -57 23 91 22 78 -49 13 44 -39 87 15 45 -74 18 -31 82 -7 -73 44 54 99 73 24 -16 19 22 2
