-0.634954
-1.900772
3.787299
-1.900929
1.062623
-0.996440
-0.111704
0.279921
0.752960
-0.061029
-3.272831
-1.368135
0.297905
1.918605
0.890229
-2.968050
0.931133
-1.450976
-0.489271
0.252979
2.174738
2.142868
1.329495
2.328542
2.285508
1.682755
2.537110
-0.025146
-0.891589
3.398637
2.189932
-0.327577
-0.995193
1.827076
0.187023
-1.814417
0.171477
5.309395
-0.924534
-0.148423
0.240030
2.152097
-3.415233
-0.403942
-0.506488
3.962855
-3.861531
2.171129
0.134316
-1.903277
0.631972
-2.766247
2.773296
-0.908496
-0.028207
-2.882223
-5.332759
-0.742179
1.531172
-3.345356
0.956754
2.754198
-0.527918
-2.737034
0.867483
-0.404119
2.583000
3.470844
-2.749859
1.887740
-1.005668
0.504331
-2.766522
-1.468465
1.860807
-1.858498
1.882819
-1.096754
-2.333536
-0.897072
4.269869
-4.618389
2.719167
-2.350864
-1.995030
-2.078008
-1.565044
-0.820209
5.344810
-0.835944
0.922054
-0.355598
5.216566
-0.052812
-3.757495
-1.429082
2.983890
0.999858
-1.254410
1.867239
