-0.641589
-0.177470
-0.645859
0.244352
-0.728253
0.375906
-0.039851
-0.052706
0.520398
1.620458
-1.413728
-0.553697
0.652206
0.693104
-0.284551
-0.257959
0.876090
1.651133
-0.169461
0.373366
-1.286822
1.267885
-1.857200
-0.523240
-0.279874
-0.088504
1.485863
-0.074940
-0.339375
-1.415180
0.295935
-1.007274
-0.206779
0.194250
0.355504
0.220311
-0.579175
-0.132826
-0.740673
0.806026
0.776436
1.275391
-0.573703
-1.994173
0.888260
2.287994
-0.620990
-2.045771
1.092061
-0.007678
-0.771746
-0.111977
1.324325
0.634541
0.120453
-0.334233
-0.413886
-0.980926
-1.701509
-0.558306
-0.944106
-1.180669
0.830207
-0.193808
-1.392557
1.006796
-1.326750
-2.094818
-1.438847
0.181633
-0.153311
0.580712
0.012427
-1.949729
0.232355
-0.544995
-0.617436
-1.160442
-1.747234
0.435817
-0.204574
-0.888012
0.016879
0.693487
-0.406183
0.402868
0.281145
-0.212384
-1.471642
-0.526076
-1.924284
-1.451230
0.959929
0.795142
0.860402
-0.559774
-1.336735
1.432831
0.457385
-0.865298
