0.548742
1.563819
0.156407
0.355724
1.071693
0.700970
-0.132678
0.321926
1.096520
-0.758930
0.155862
0.843340
0.167957
0.173828
0.626321
-0.082314
0.925133
0.087106
0.125060
-0.408373
-0.181214
-0.553975
-1.064945
0.086346
0.032137
-0.046665
-0.082736
0.884265
-0.216316
1.322116
0.097158
0.090546
-0.650632
-0.261691
-0.897853
0.102072
-0.180937
-0.202423
-0.010881
1.166770
-0.163659
0.660399
0.514808
-1.095468
-1.303226
0.151867
0.306636
0.895237
-0.133970
-0.506294
0.139740
-1.791147
-0.843748
-0.555050
0.068709
-0.864389
1.339155
0.615802
-0.634183
0.964526
0.194555
0.039864
-0.739972
0.481631
-1.252781
-0.360034
-0.993189
0.411724
0.060860
0.729623
-0.918122
0.524273
0.423920
0.193869
-0.576374
0.422124
0.079783
-0.452974
-0.174470
-0.052573
0.978538
0.383041
-0.109161
-0.802139
-0.903110
-0.443316
1.417282
-1.140286
0.994217
0.273118
-0.492592
-0.358303
-0.034962
-0.668594
0.266567
0.458899
-0.433155
-0.330388
0.468175
-0.272705
