-2 0 73 -9 -32 -96 7 73 26 -78 79 -42 -8 73 -5 87 -7 48 -27 -43 -94 -34 -11 -93 64 56 -2 48 8 -70 77 3 -38 -41 -45 77 -36 -87 77 -18 67 93 -52 -62 21 65 91 64 12 56 -12 -23 60 -34 -67 97 67 11 63 42 62 -28 -86 -96 88 94 7 -92 -94 2 72 -29 40 -30 -68 56 -75 -96 -29 52 -43 45 -77 -89 82 39 -57 -80 6 -33 59 99 -35 15 -85 -13 64 96 78 5 -98
-23 65 60 26 5 45 37 77 16 81 58 96 25 -59 37 -77 -50 -82 -98 77 -16 -2 68 55 -19 -29 25 96 14 96 -63 50 -41 -22 82 30 52 67 -4 84 -49 -50 -77 89 -99 66 -4 -42 -14 -44 -47 -95 4 -68 87 22 17 50 -35 -26 8 27 -93 1 -73 -63 75 33 -53 -95 77 42 39 -56 16 22 14 -55 -65 -3 90 -93 36 -25 -61 -5 -79 12 -62 -32 -20 -91 -14 -47 -70 66 76 18 70 -97 96
-74 2 11 92 89 -16 -21 32 5 -94 78 -40 0 -100 -64 -51 -8 -2 -74 -93 -6 -16 60 26 -78 27 78 99 -32 77 -16 55 -62 27 -96 -3 85 90 -88 40 23 43 24 68 100 9 -15 60 -98 -75 -56 -56 0 84 2 -32 -99 41 1 -28 -63 -22 16 45 -6 7 -34 -48 23 61 -99 79 -32 -77 79 47 71 -97 -32 -23 -32 -70 -14 -52 6 -52 -77 52 -17 -7 -89 -25 -29 25 9 -38 7 -67 16 -48 -4
-52 7 -20 -14 -52 -85 -79 22 -90 93 -11 70 -78 32 46 97 -57 1 0 55 40 -83 1 28 -18 -72 76 92 9 49 -45 -92 -23 -31 -64 -34 -31 64 -63 74 -63 -93 24 74 -54 -41 66 -67 94 24 -15 81 -10 -69 -40 36 -89 19 -48 81 42 -36 -76 41 41 28 -5 68 1 -52 44 40 -93 43 -6 86 56 -51 -73 -46 -87 -23 -42 -54 -96 42 -76 23 -29 18 58 -63 15 -19 -98 52 39 53 -22 43 33
-60 -15 53 -43 -22 -96 -83 -11 3 59 68 13 -68 -41 49 -10 -47 88 -49 37 7 87 -33 100 -23 -87 -92 90 -10 13 -22 53 23 -68 98 40 -69 -17 17 19 -65 -86 -96 60 53 25 -28 27 37 63 8 40 -67 85 86 -6 40 17 29 15 71 12 98 -58 39 10 39 -2 -63 -71 80 -18 13 47 -18 58 -38 -13 68 90 -35 73 -80 -52 -59 -89 23 -72 -76 12 -38 30 -35 97 -61 -30 94 55 -43 -62 -61
-58 66 -44 -96 78 26 40 -58 -87 95 -91 -42 -56 -52 -62 81 62 93 11 66 97 -90 79 -31 -47 29 19 -94 24 74 5 -87 -28 64 -72 51 -7 -16 61 45 10 51 -82 96 44 -68 72 -51 -43 -7 -45 -2 63 78 -13 76 94 61 8 -79 -75 -91 31 -1 -50 -6 -7 26 14 -65 5 -86 -97 42 -83 -18 -92 -7 41 64 34 -17 -37 63 -54 -93 58 76 44 -67 79 45 63 39 98 -98 -80 -68 -18 72 -76
86 45 74 -15 23 24 48 16 -19 68 44 12 70 26 68 40 78 -58 -14 47 14 -2 -99 47 -67 34 -31 41 81 -31 8 -30 -64 -21 63 -64 -92 -59 -13 -49 -87 71 -43 -89 -53 58 -57 -60 -27 -73 14 22 56 -7 -22 24 26 -69 -10 28 23 -42 -68 -30 44 23 -6 48 0 -71 44 24 86 -25 48 -90 -74 61 64 -90 49 34 -97 -25 -29 -33 95 22 -74 100 12 -79 85 -48 72 -33 -88 54 46 -86 36
56 -72 -37 -49 -70 21 -55 75 -20 -27 -88 -49 -97 -89 10 -93 -32 -67 -21 79 99 17 -19 0 63 -88 66 14 -87 -25 -43 60 48 -55 41 -16 88 -25 -100 -17 62 18 5 -10 -34 10 2 72 -55 33 -96 49 53 33 -65 -5 54 -66 28 -38 35 -76 53 67 -24 -56 61 -46 -1 34 54 97 95 -88 -85 58 -11 -28 97 73 -67 20 29 61 58 -37 -30 57 -76 -42 29 56 -68 -24 -26 86 82 31 23 45 -28
34 11 -17 58 -10 15 84 30 -90 94 23 -72 -93 -7 -8 46 59 -9 -15 -57 -18 -68 -38 -32 31 -14 -10 -59 -93 35 71 16 67 -80 -94 -40 -30 -75 29 -73 -16 39 -58 93 -25 77 -29 63 -18 -79 -32 -26 -24 -61 -57 21 99 47 -80 -89 -68 -10 46 -35 -3 23 -95 -32 74 -50 -56 -58 85 -21 -47 -77 -18 -53 -48 -34 60 21 -75 -93 -15 94 83 -99 17 -18 50 -30 -7 -52 -91 27 -13 -38 -61 -72 24
98 -2 61 68 72 44 92 -95 30 25 39 24 -26 40 23 -82 -90 -61 -5 -100 -66 -59 -89 -48 -24 21 -69 21 69 -23 -76 -50 69 -36 60 -56 -84 -54 64 36 -67 2 71 30 -81 87 19 68 -39 66 77 -56 -31 -25 -3 77 36 7 19 51 66 71 63 -83 79 -11 95 -55 99 -37 83 61 -74 49 19 74 -83 69 56 75 -95 -56 19 83 98 40 37 -53 25 73 91 2 -70 2 26 49 99 -29 69 53 -57
-94 42 78 -63 95 66 -83 68 -34 32 -86 59 82 -68 -89 6 68 11 -52 -78 -33 -76 -62 -66 81 63 10 77 1 -8 -29 -73 73 -8 -53 27 -72 90 84 70 24 -96 20 -79 -56 -27 -86 -56 -26 -49 -28 57 -65 -74 -25 -60 0 32 -4 -5 -13 59 -99 60 12 35 -100 -17 -85 28 8 -87 -17 27 96 94 12 -82 -70 -55 60 75 64 92 -55 -61 -87 -98 71 -78 -99 -19 84 36 -20 -76 -51 91 -76 -82 30
2 -65 77 -13 -32 47 -61 74 22 -43 -81 6 -71 22 -60 60 79 -34 16 -3 -2 -79 -40 -83 93 -74 -97 59 -69 -35 -98 71 64 52 -51 -54 61 -38 55 3 -33 45 44 76 -17 65 -63 -65 -53 -44 -21 -74 -78 -58 21 1 -25 -91 81 -63 29 -15 59 83 64 -47 -77 -20 -55 27 -50 -58 -63 79 -67 58 -66 55 -10 77 -98 -52 -25 -42 -25 -46 7 25 -21 43 -36 -51 84 67 -86 -18 8 -17 1 -96 79
6 44 68 -1 -45 2 -71 44 -55 -40 -95 87 94 23 -94 42 -20 23 -45 78 26 73 65 -47 75 61 49 32 99 -59 -95 -35 -1 15 10 24 77 -15 -92 -25 -69 53 82 10 -31 -81 40 -24 37 -86 34 -79 10 88 -19 -66 -23 -19 -41 -53 -1 75 27 39 68 54 -92 72 -60 -19 77 -19 -9 -57 -70 -78 91 -29 48 -97 -88 -82 4 83 -32 -32 -87 17 -14 94 -90 -57 -75 10 -98 -91 -78 -76 40 -15 78
91 57 38 32 66 -59 82 -34 -85 -50 11 7 50 86 93 -9 -52 -60 13 31 -72 -9 -29 -52 -50 -48 -19 77 -12 0 -59 -56 14 -56 -57 70 59 -63 -73 -62 -30 -85 -57 -49 49 -91 70 -33 -41 -67 96 31 10 -13 -95 -98 -84 56 -85 -4 40 91 12 89 -88 -88 -16 -43 21 -16 97 3 -75 69 22 -96 34 -95 13 -89 87 11 -2 69 47 -41 78 34 -55 -94 -14 33 48 38 89 72 13 -46 -79 36 95
20 82 23 -47 -41 -19 57 -92 -72 63 -58 -66 96 -76 -57 -57 -96 66 -43 -32 95 -62 -70 -84 -10 40 -96 47 50 -90 88 50 45 11 26 -1 -55 28 -4 31 56 -86 72 9 -91 79 -1 -53 42 -40 -42 -42 19 -99 23 -81 34 43 86 -34 52 -19 -9 -22 53 91 94 40 27 -68 44 -11 85 68 75 96 -14 41 -72 -90 55 -1 -48 -43 66 89 -12 55 86 -45 -51 12 -66 -67 43 65 96 93 -35 66 -90
-26 5 93 78 29 -66 20 -17 -20 48 47 16 18 62 3 59 -92 -28 -93 3 -34 -13 -43 18 -77 -77 -83 18 -38 -50 -49 20 78 -68 44 -70 -58 17 96 62 -32 70 40 -66 99 -88 -94 49 -11 -100 -87 -100 -38 87 64 19 -58 16 49 -51 -64 -77 55 -89 -87 -92 -39 64 59 51 43 -19 62 90 61 90 -76 48 -20 10 -74 -14 -41 95 -55 56 -87 56 -8 -53 94 -81 94 6 78 -25 21 52 -43 13 88
48 52 -61 -60 48 -88 -18 93 45 -69 -24 61 51 -8 24 21 60 87 -31 -43 -88 43 64 23 -5 97 35 86 73 2 29 -4 -92 -99 -43 -37 41 36 -56 -3 32 96 32 29 -9 -21 -60 -96 -22 26 47 -38 40 -8 -37 -5 -49 -21 -59 -6 -56 -99 13 -48 31 82 -6 -29 -68 -52 -28 87 -29 61 77 68 -16 16 -35 -73 -90 -67 -72 -74 95 -86 -43 -44 -37 4 15 -29 -80 -9 -70 29 65 2 -38 81 -74
-56 75 -57 3 -5 46 44 -40 -46 -86 74 74 -82 33 88 -19 -90 87 -72 -70 -29 -97 -24 -75 -11 29 76 65 -13 -84 61 6 -38 44 -84 60 -78 74 -1 41 13 74 80 -15 31 -11 53 -43 -5 56 -55 -60 7 41 26 -62 -99 31 82 24 -30 63 -93 65 -30 -98 37 51 -10 -40 -51 45 -96 1 100 -1 -50 -72 -10 -3 81 -58 85 -35 41 -94 17 51 -12 -50 61 37 91 66 51 28 88 85 -94 -42 70
-74 87 50 -42 -99 -9 -83 77 -93 15 -16 -72 -62 -19 72 -26 -73 58 -33 52 -8 -49 22 39 -57 -3 -13 24 81 76 -84 -15 -30 -54 70 -69 32 59 -73 60 -64 -63 -33 -44 -57 46 28 -75 -70 46 -4 67 93 18 -69 34 -15 -63 -35 66 -78 44 -39 -36 99 58 -26 49 -33 87 78 6 55 -12 19 -24 1 -37 1 4 -80 -84 36 -50 -86 52 -4 -19 -96 -92 -53 57 71 -73 78 -56 -99 80 -74 5 -78
70 -34 69 -76 -75 35 24 65 20 -87 23 94 -53 75 16 -88 33 69 -13 -75 54 75 99 77 -67 88 30 -46 71 37 31 86 -34 0 6 -40 -56 -24 49 -62 6 -72 77 7 81 -8 -25 -34 5 90 22 -96 34 64 -93 21 73 -70 51 -24 -94 17 -68 -56 67 12 2 -87 11 -55 77 33 15 -32 34 -48 -81 71 79 7 32 -91 56 -4 -20 -44 89 51 78 -47 61 32 -76 -57 -89 -39 37 -19 58 77 -5
-65 -80 66 56 -70 -70 -16 -100 37 -61 -71 73 88 -44 80 -60 63 97 8 -26 -37 -76 85 54 64 48 -14 0 -34 -82 -97 -4 -8 -30 94 57 -6 43 -83 26 -97 -52 54 63 93 85 -63 64 -47 51 -87 -71 54 -14 92 -78 -7 26 -22 75 -84 -59 -94 -92 -71 71 89 -85 56 -23 58 42 84 -39 1 -59 61 27 94 -96 84 92 -79 21 -19 -58 75 92 -63 73 -1 7 -32 -15 34 -90 -34 -25 99 -58 -1
-85 78 -89 -81 15 100 -30 -82 35 99 34 13 -12 44 57 100 5 -76 -66 29 20 58 -29 -70 67 -23 92 56 -55 16 -54 33 31 1 67 43 70 11 -67 5 -63 -21 -95 38 75 -54 2 -32 55 45 85 -25 8 48 96 -28 -64 -94 -78 50 -26 41 -74 7 20 74 78 0 -35 -62 17 52 -96 17 -78 -55 -24 -16 61 -6 43 37 35 -92 82 -26 -21 13 58 -6 73 76 96 -8 50 -1 -97 86 -4 86 -85
25 -97 2 25 6 -53 57 70 -47 -96 61 71 -44 0 96 92 2 78 -60 54 -94 12 78 -12 -74 22 74 -52 -30 92 -19 -39 -71 6 41 -10 -18 -80 34 95 -46 -24 84 -80 6 36 12 -60 37 -90 -17 -39 -29 -50 79 -23 -75 -50 -28 -93 -88 33 -85 -62 -4 9 25 -78 -83 18 43 -59 -28 39 98 -36 -19 -70 89 88 -4 -38 81 -58 45 6 -10 -18 32 -99 76 39 7 -85 49 -40 -1 30 -62 -53 88
65 -59 -60 14 -79 -76 34 -2 -59 31 67 -25 -13 -17 92 69 -2 -83 -84 100 -27 -90 -57 7 -50 46 -10 77 6 -39 -63 -83 65 99 75 0 51 39 -72 34 10 46 89 15 -58 33 -49 3 55 -61 55 -91 38 39 87 34 -18 -22 -63 62 -20 3 59 22 -19 -22 -46 -52 95 83 -48 97 13 -20 75 6 -21 35 -20 -15 -83 -73 -4 -97 17 73 83 -71 -19 -44 -67 -86 -80 -7 9 71 -22 -88 95 -11 30
-14 0 53 -57 -94 -63 85 21 -76 5 10 -44 98 -4 50 32 -15 4 16 50 19 -5 -75 -78 -65 79 28 30 100 -1 96 -61 -82 64 67 -80 45 77 48 29 38 49 -76 40 19 -67 -47 -42 58 11 -12 22 15 57 -38 34 81 53 70 86 -6 -8 -25 -8 2 44 92 -81 75 -75 40 68 -81 11 -4 57 75 84 43 6 -29 -32 96 -60 -73 35 13 -13 -29 -32 72 -67 -25 -35 -2 20 -20 24 -32 92 6
-60 97 -28 -94 74 -15 -3 56 11 -20 24 64 39 -72 -56 6 74 32 67 -11 -10 61 -36 56 52 72 35 -90 26 45 -43 -54 89 -50 37 -74 92 98 -47 24 16 93 65 36 -65 -10 -98 80 -35 -25 -79 65 43 -37 44 74 0 44 -51 75 11 47 -87 -85 62 52 -95 54 -67 60 -31 36 42 92 -75 17 -44 62 75 -48 -7 -43 -61 78 14 22 -52 -65 16 37 -95 47 -58 -6 80 20 -22 -40 33 -98 49
15 35 77 -14 -28 -59 87 -39 -40 -44 81 42 -24 57 42 75 0 -88 78 11 91 40 42 68 13 23 -75 -26 84 72 98 60 -12 -37 -98 59 -89 12 94 -58 78 28 -65 -96 87 53 -69 -31 -48 95 16 13 -45 -86 28 50 21 -56 -86 -78 -56 -97 -37 81 -64 -82 32 2 -62 -89 -16 -71 3 -80 12 8 13 87 1 -32 32 -7 -45 -77 82 -27 -10 -44 66 80 55 2 2 -19 -77 79 36 19 10 -16 -18
66 93 -2 -72 -78 44 -14 -48 -37 14 5 96 -76 18 9 -22 -31 17 -28 17 -9 -37 -41 -40 80 64 26 35 12 52 -25 -67 -38 17 -98 65 -44 -69 3 -10 86 -27 -16 88 98 80 50 30 -56 85 -14 -35 65 -45 -46 -82 -61 27 -40 -49 -95 -36 12 -23 54 10 -84 98 39 -47 42 11 51 -50 54 -8 82 -70 81 47 -60 35 26 48 6 94 76 -57 66 61 -12 -33 -67 -65 95 67 57 51 85 48 -88
15 -28 52 47 -11 67 10 24 -25 50 -17 91 -50 19 85 9 -42 -82 -72 17 44 19 69 26 -36 -16 -91 -99 -7 10 34 -15 -63 54 -81 -34 -15 19 -64 64 -69 -84 -45 13 -33 -67 2 83 -80 -12 -2 -6 -71 76 66 -32 -59 -78 83 -64 -11 5 -32 -23 -29 -82 70 -86 -5 -24 -1 76 -22 -36 -19 77 36 -73 -47 -86 -6 8 -7 -81 -46 -95 -18 -33 29 -17 27 41 -60 23 70 82 65 -37 -26 -31 87
-36 2 42 17 -18 42 -42 71 -86 12 15 37 11 -78 71 -71 50 -81 -57 -24 -47 -14 71 -50 -67 76 -68 72 89 -80 -28 59 -85 70 -97 14 80 83 70 -98 -87 40 65 27 -12 40 26 -75 33 82 49 85 -33 47 37 57 -91 -23 78 -68 -15 -28 -10 46 -79 -18 1 -55 -45 38 -38 94 13 -48 59 -98 -49 -70 -68 75 -35 -74 -95 3 69 20 -15 16 -42 58 -33 43 68 -14 -25 26 -23 -61 18 -79 -19
61 -53 -67 -48 73 65 -27 -84 29 -47 -98 -49 -51 -100 99 -71 -70 77 -35 49 77 17 84 -58 51 -95 94 80 26 -33 -42 43 -61 -48 -46 -55 -22 80 -44 -29 31 74 -58 -72 -21 84 60 90 100 73 6 9 -84 -97 60 -97 22 -1 65 -50 49 77 -48 21 94 -72 -54 76 67 -74 72 28 28 5 90 -52 60 -51 78 -39 -98 -73 17 -80 41 -49 -27 -5 -10 -2 -79 -90 11 85 51 54 -17 97 72 47 32
10 -48 -98 95 -5 -10 28 45 48 51 -87 -26 57 64 -55 -56 65 30 -97 57 31 -78 -66 37 -50 33 -45 -22 2 80 -43 75 -39 -7 71 -1 64 88 -2 11 28 42 -67 -44 50 -18 -7 30 -43 32 35 51 -93 22 -57 69 27 -54 69 -15 19 52 -83 20 6 36 -35 -28 -62 81 -52 -87 39 -56 49 43 -22 57 17 29 91 89 86 -89 -49 -91 -43 -13 91 70 71 77 20 -56 -36 -34 70 58 -84 -26 -23
23 -7 37 -16 -5 -6 83 10 84 -93 -35 -85 18 66 13 77 -90 66 -18 72 70 -10 57 21 11 31 -58 46 41 22 94 70 45 -8 89 -5 93 39 -70 -43 13 -97 19 89 -53 47 13 -29 44 -33 -48 -82 43 -87 -16 4 -31 -85 -79 95 -7 10 -83 90 5 84 80 9 1 51 -70 -23 81 18 58 -78 -22 -52 -2 91 -31 -23 -6 -87 -30 29 -94 -38 76 -57 80 -48 84 -74 71 55 -22 49 28 63 -51
41 1 50 -4 45 91 62 12 -87 61 -42 -90 86 -1 24 -36 96 36 -42 -41 -17 -20 70 -42 59 -22 -41 50 88 -61 -41 18 66 -61 49 88 67 66 99 -20 36 -61 -40 40 39 92 -1 -7 -72 1 91 55 -7 41 -8 21 63 17 30 94 1 83 -95 -21 26 -100 -24 87 -91 15 -43 -1 91 -46 18 91 -38 -18 47 -63 42 83 47 -98 33 66 -95 100 55 22 94 -6 -72 36 48 -50 69 -71 -48 -97 -45
-88 -9 -24 54 -65 15 46 -29 4 -83 -69 27 -68 86 -14 -74 19 -78 -99 94 2 -36 93 33 -90 -8 20 -65 -19 71 9 52 -35 44 -42 4 40 54 65 59 64 -37 -37 1 62 55 -87 -28 2 -13 -10 -44 -5 -70 -11 74 73 -52 71 31 78 -62 55 -57 42 97 77 -55 -92 41 -55 -98 23 -91 -59 -23 76 -100 -51 -23 -14 34 75 -35 33 3 78 61 52 -65 73 76 -50 65 70 -14 -54 19 96 -43 -9
92 -65 -81 18 -37 99 -85 -58 -1 -50 -89 92 -42 -32 57 33 -15 -81 -3 -32 -87 -50 3 70 -8 69 -79 -1 -29 9 3 -44 -72 -51 -89 64 55 92 -1 -98 -63 71 -90 -60 -6 43 24 -19 -92 -37 -30 93 13 67 13 -85 67 52 47 62 -91 62 -87 -38 3 -88 -41 -50 81 15 58 -97 15 -25 -24 -81 25 -36 54 -29 39 3 78 -97 -90 -60 -44 -71 26 -65 48 59 50 -14 -92 63 2 -64 -95 52 55
-51 -38 -60 -33 60 -95 -3 5 46 19 -90 -25 -96 19 -75 73 -66 -78 -28 18 -89 -17 18 -78 -36 70 78 40 -66 52 62 66 53 -24 -2 -57 11 48 6 -47 32 27 81 64 -80 -56 19 -59 52 -30 80 72 94 -31 43 81 -77 32 -69 -100 -61 -18 5 40 -98 -97 28 65 37 -43 9 -18 71 23 -58 63 -87 68 -94 14 -64 82 -25 46 60 -24 45 78 68 97 13 57 -1 59 90 -45 53 77 16 -73 9
78 -31 -46 49 92 26 64 67 42 -42 41 -94 83 -47 -80 -92 -47 -7 -22 25 65 86 52 29 -90 89 -32 -83 13 35 23 53 -28 7 89 -52 51 -90 94 -29 -55 -36 30 42 -94 87 -21 80 -72 78 -60 -48 -25 60 -27 41 -61 30 84 -80 -88 0 3 35 37 -9 -45 92 -44 64 26 15 -37 85 13 -33 -35 45 92 57 99 -99 78 -4 -82 96 43 -65 62 76 40 46 -41 -16 21 -52 75 -32 -70 38 60
-80 40 -19 -51 65 72 52 44 -6 -28 -30 42 62 48 -53 -79 63 94 -72 -20 70 23 77 55 46 -22 -16 -59 -89 -3 69 -64 -73 7 67 -36 75 28 43 54 3 61 18 93 26 -10 53 83 -60 -56 39 8 -72 88 5 -4 30 28 -11 -37 65 -52 -90 25 48 87 -3 -11 -80 -89 74 98 96 95 -9 -50 -37 -97 -57 -27 -50 -58 90 -68 38 87 -76 23 -6 -94 0 56 -20 -39 6 72 33 43 -13 -32 90
87 84 -89 -60 60 40 56 38 -27 3 -67 -62 -35 -64 96 48 44 -90 -36 -19 11 -28 -1 -98 15 3 -28 24 64 94 -61 61 19 95 -44 51 -69 -41 79 -99 -15 81 -100 62 -42 15 4 80 66 64 -78 85 35 89 83 -79 -50 -96 71 60 4 8 -55 -64 92 44 0 89 -36 -87 1 -75 -65 -7 -22 66 45 42 75 -88 -98 11 -7 -49 -72 -1 -56 23 -92 77 100 -50 16 -78 -32 36 81 -57 78 29 20
-96 -97 31 -29 51 24 74 87 64 -88 15 -58 -26 -82 -77 70 -20 66 95 -71 -97 78 -33 -41 -95 75 50 3 -60 59 -3 -71 49 95 78 71 -38 67 -24 54 -48 -10 31 -56 -81 -45 18 -43 78 -29 -46 42 50 17 -10 96 -51 -9 57 -31 -58 30 -30 -7 54 89 22 -88 26 -83 -15 64 -91 -86 24 -91 -1 -64 44 46 -19 -14 -22 -34 -90 81 53 -65 65 -100 95 -89 -19 -41 93 -19 -68 -99 -93 -54 -64
-98 -52 51 59 35 -72 -58 -58 -46 -29 -9 -90 41 -36 76 -52 71 -99 74 -37 70 -76 -72 -90 90 -2 94 93 72 -52 -65 -14 74 -71 37 -73 2 46 -3 -44 89 -34 -70 60 14 0 -73 -82 -40 -13 -20 7 75 63 7 73 62 -56 -10 -50 -28 -90 92 80 -75 55 -73 -43 52 -11 74 38 20 14 89 72 68 43 -14 -11 -38 12 -59 -93 -50 -43 -9 -60 -94 -61 23 0 0 9 69 -43 -53 -91 32 -88 45
38 -51 82 87 16 -11 -91 -57 49 87 -23 -75 79 26 -70 98 -22 15 77 -68 -84 95 38 54 8 48 41 -66 -37 -21 61 -55 43 -45 32 4 -36 22 30 -30 76 32 -1 65 -49 -24 -56 -24 -11 -4 -91 89 -44 64 19 31 -28 -36 71 -84 -74 43 59 11 -41 96 -95 -71 80 13 91 -19 -42 -48 -41 -10 61 -78 -91 -23 -74 -24 -93 -71 95 69 -46 -55 -64 96 3 21 -28 -49 91 51 -59 -4 -59 -34 72
-66 -18 -73 -93 -25 -62 12 -86 23 -36 15 -27 65 45 -64 7 -32 -13 64 -16 -95 -18 84 87 -67 -39 -12 -72 73 1 -30 -55 -90 4 -80 -10 95 12 100 -34 -72 84 50 16 -63 74 -71 7 89 27 91 81 -36 86 -42 28 -33 40 -88 -36 -95 65 -55 11 36 -65 -49 9 51 -49 -22 73 80 100 -68 -90 75 82 -95 6 -49 60 -29 81 57 30 -28 -62 70 3 55 -46 -96 5 -36 -83 53 87 -4 -86 63
-28 71 -57 -92 -51 -97 -79 99 74 -22 11 58 10 -16 38 -4 32 -62 -55 34 -25 90 -18 39 39 -30 -21 94 24 -10 -68 8 -55 -20 32 40 80 -35 58 62 -48 20 -11 25 92 18 -47 -85 10 29 -44 51 -30 90 77 -76 -1 -91 61 -65 -96 -100 23 -77 60 91 -80 -13 -73 -16 -1 -82 24 -12 86 98 23 -36 -42 80 -88 -29 51 6 18 -71 45 -50 -84 72 -85 -84 81 83 -83 13 -42 54 -67 -88 48
16 96 -3 -47 60 -93 57 -50 -24 96 28 40 40 48 24 -49 -99 -14 92 -66 -78 -65 15 72 -35 -96 -89 27 -86 -20 -29 -27 60 -98 16 4 21 65 78 48 -19 30 95 43 16 -31 -70 -14 98 15 -76 -73 48 99 50 -87 -60 95 11 68 8 -61 -79 -1 47 -4 -3 -84 43 -84 -40 56 -44 13 -53 -99 -22 -94 22 14 -9 -33 60 84 -94 52 -46 -82 -57 -40 81 -83 87 -93 -93 -71 -41 -100 88 -55 21
-10 -88 39 -90 -92 -9 70 -85 85 59 -80 12 -8 19 86 76 -77 70 -79 -96 -20 98 54 90 11 -96 -27 96 -44 98 93 58 -53 -40 32 -3 54 -3 48 -1 79 5 -31 18 76 52 -82 86 77 -74 -75 -79 30 -20 17 -92 36 -37 73 53 -74 24 -98 83 30 -4 98 -22 -51 -12 -45 -97 73 -13 -96 22 -99 31 -83 -36 -10 3 -3 6 -54 -5 -20 -17 73 -37 79 -69 -85 78 35 -41 -77 -24 56 55 12
36 17 -1 24 -50 77 -79 17 97 -56 41 -15 61 -1 -50 6 -32 16 -9 -70 89 -4 -18 -84 1 -3 -55 51 -66 -21 62 93 -45 -21 37 11 96 86 10 -65 -70 2 42 15 -6 41 41 21 -33 -27 20 -98 -84 -94 -5 -85 -78 35 36 55 42 -87 -10 -57 91 -48 30 -91 -71 18 -27 -48 -14 2 -94 -75 47 68 13 13 -44 -4 -99 1 -7 -87 -68 -44 -28 -9 2 -96 72 -18 20 -77 36 66 -17 -96 11
29 -30 24 83 8 77 16 -4 -57 22 58 1 -14 -64 -39 56 32 83 82 -21 -85 -96 -24 -81 -17 49 34 -80 21 -22 8 9 47 -43 -23 52 -67 76 55 -97 76 -44 -95 -59 -23 90 -92 27 -65 84 92 -20 9 14 -91 -78 -39 -27 47 -39 -53 39 -27 -45 30 -81 56 29 -84 66 4 75 23 -45 -44 -21 92 -44 57 15 64 30 15 74 53 58 -88 -43 88 72 85 -68 -96 63 -43 -11 -32 -87 -24 9 42
37 69 -59 25 -37 -27 83 18 -43 47 46 52 -100 -65 45 90 5 -93 -58 -77 -83 -78 -6 -27 -7 81 31 -65 -80 -69 -45 -25 7 62 -98 -48 -80 -53 71 -55 23 -83 63 -19 12 -42 36 51 34 -8 81 2 -83 -18 -68 90 -64 64 -51 86 -17 -12 88 96 -13 14 -80 75 66 98 26 -6 -40 -78 5 25 -5 57 96 43 -5 -37 -99 32 -99 -70 23 -42 -72 -11 63 -32 95 13 48 -51 -82 73 16 98 23
20 -20 -3 78 -66 -70 19 54 -40 -38 -18 79 -93 -95 -31 -5 -58 -8 -72 38 10 88 -61 -10 15 16 45 67 -83 63 39 -92 -64 -85 -64 44 -14 21 73 -83 -75 79 44 0 -29 40 -22 -93 10 38 0 29 -46 -41 -27 -32 73 -8 99 -87 55 -51 93 -22 -55 -40 54 86 -12 -13 -42 -13 -26 1 -91 -49 -15 52 26 57 -55 -44 97 -92 79 79 57 -15 0 -27 -40 -30 55 -87 -60 4 47 -14 -69 97 56
24 -30 3 90 87 -8 20 85 -49 63 38 10 -91 72 100 -38 0 -72 -53 66 -56 -40 -15 -70 78 -76 46 -44 60 76 -86 5 68 -10 94 92 28 45 -87 4 86 7 -49 -95 45 -47 90 -1 -18 26 -1 85 -9 -69 69 3 85 82 -22 31 76 -60 17 13 -15 53 -91 -65 36 -80 40 63 -16 -9 -98 88 -8 -50 100 97 -99 23 -70 13 75 -73 -53 54 47 86 -9 -82 -52 20 -20 -99 2 -6 -29 -52 34
-76 31 -77 -69 -81 -8 -100 86 36 -40 -21 81 -20 79 72 18 22 -81 -21 -94 24 -84 96 -2 -43 -71 -45 90 -35 -80 -84 15 -49 50 -72 80 71 -43 -78 67 -72 44 50 42 -98 -7 8 -59 18 39 25 43 2 2 10 -59 -84 24 9 84 -74 91 -100 55 75 -6 37 94 -29 -49 -41 -70 18 5 -69 -89 -4 42 -28 94 85 -40 44 -99 -78 7 -6 59 83 61 46 14 -84 -79 -74 -35 80 14 82 13 -71
10 -21 -68 -32 -66 13 -26 61 87 -63 -5 21 7 -5 21 2 20 19 34 40 -62 38 -56 62 -47 -22 71 -29 84 -45 -33 -95 -95 -66 65 -96 -13 50 25 13 71 32 76 -15 -65 -76 -86 41 -72 -94 -2 -34 -11 -24 -65 72 -30 41 -58 38 31 -62 -16 -64 21 -72 67 67 -90 68 -82 -31 -93 4 62 -36 -70 40 -77 -72 78 -89 44 -37 58 -77 69 -27 -80 60 -36 -72 -39 -76 -36 60 90 -84 -59 -57 27
37 6 -40 -56 -28 -68 95 -5 79 31 11 -87 -8 52 55 31 69 74 -48 -25 70 55 58 93 26 -35 58 -24 78 -74 80 -47 -52 41 74 -6 -57 3 -76 -12 16 -93 -55 -43 8 62 5 9 7 89 -30 38 -15 -88 -85 -33 26 6 85 -55 -6 24 20 85 -17 30 23 80 -84 -10 -49 -61 21 33 -54 -21 74 -68 -100 57 10 -44 -93 54 27 -45 43 65 -39 87 -67 72 78 13 100 -14 -29 -92 86 50 -74
37 15 63 30 -57 -14 1 97 65 -10 24 48 -84 43 53 -13 8 33 -84 -58 -81 -60 12 -78 2 66 92 -98 -48 54 -89 -10 63 -33 -84 -79 -28 -34 -59 -78 52 -22 64 -8 97 29 -62 42 51 39 -28 73 -26 -34 70 22 87 -9 -78 51 -79 -2 70 -51 -38 79 -74 -32 21 -59 88 51 97 -80 30 -33 -37 -26 83 -16 68 -65 53 65 79 46 12 -73 39 39 41 19 46 -6 28 -82 39 -25 -10 28 -8
-6 50 7 -74 -26 77 -4 82 -97 -78 86 24 8 69 -47 -30 -53 -63 36 46 69 -66 -71 17 -32 77 -82 -96 64 64 -36 -98 50 19 -11 62 -39 55 71 11 26 73 -50 44 39 53 31 6 90 -89 45 74 35 14 11 28 -55 84 -65 -54 -11 42 7 18 -53 47 -81 71 51 58 55 -92 -39 49 -9 -92 -96 12 -59 -68 -1 98 12 -7 -31 -52 -7 -3 13 82 41 -47 -73 23 -14 72 -48 99 -10 -90 -99
95 -80 62 13 29 43 59 -32 -56 99 -9 -93 -93 -43 36 -52 99 37 15 -14 -37 -47 92 -94 -90 1 -52 -40 19 4 -71 12 -70 86 96 89 30 45 -49 12 75 -47 58 -98 85 -85 -65 -18 81 -24 -36 -13 18 6 11 56 64 39 69 16 70 -42 -96 -40 47 -16 -83 -48 91 -50 -15 68 -59 -51 43 27 -64 -7 15 85 -23 23 -9 -74 68 -16 59 35 69 -75 -64 -79 64 40 55 42 46 -80 -45 -99 98
69 33 75 70 -28 -54 -44 53 78 95 -19 10 -62 -86 -77 -29 42 79 -34 63 89 6 -74 93 83 27 43 -86 -56 -94 -2 -18 -56 -38 -74 74 -99 -88 74 66 -59 18 -79 -40 36 -33 -41 75 3 80 82 9 85 90 1 -18 46 58 -90 61 -5 17 -56 21 -87 -19 42 -73 80 -28 19 48 -30 31 13 -75 -87 49 -52 34 -81 71 24 -47 72 -67 -16 17 -50 -45 80 -71 100 71 2 -66 14 -52 -93 -85 -9
-84 -18 71 12 -27 -36 -31 41 96 23 -31 34 56 -10 -44 -94 91 -35 54 86 71 -41 31 68 46 13 -43 -15 14 -53 -86 69 66 -27 55 -95 51 21 -14 -24 -94 89 71 -80 -66 35 -93 3 14 -96 -80 93 -65 -33 -93 -34 82 -91 -80 -34 -73 80 95 60 -36 17 -77 17 14 76 83 -69 -52 -31 -10 -78 -10 -94 -55 -6 -37 -85 -57 67 -60 2 -13 15 -74 7 -9 -29 52 39 -71 -73 58 70 -4 69 42
-55 -97 -13 51 -94 -54 -16 59 -39 -62 -67 8 67 -15 95 -81 38 -21 95 -97 79 -69 -21 -41 13 -6 -38 87 -22 24 72 86 23 23 -64 -66 -38 -85 59 54 1 1 -38 92 -55 71 20 -42 52 90 -34 2 81 16 8 -53 -20 -11 -46 -37 45 -90 -8 -41 70 92 -62 -98 -80 -87 59 40 16 -35 -43 -39 -73 16 39 -59 -88 18 48 37 35 72 87 -42 43 -37 -87 14 -81 -58 34 -8 42 -73 64 -77 53
8 -16 14 -100 0 31 83 -97 -27 66 24 63 83 77 97 -83 54 -47 -98 79 5 36 -85 -31 86 -2 41 -42 -27 53 -41 -84 -40 12 -39 1 32 21 37 36 -22 -14 -43 -75 -47 71 -25 -77 -21 -33 100 -13 16 -78 23 9 -79 -75 -49 6 -99 -59 66 -86 3 -48 85 7 -3 40 -18 9 -55 0 -27 -3 -35 91 -37 -27 72 90 77 -46 -71 -57 94 -54 10 23 1 -48 35 21 -6 26 -79 -100 -68 -6 -25
-60 -13 -98 -14 82 23 -53 -60 100 -2 28 -27 25 98 100 -80 -94 -12 -34 -51 -54 32 72 7 18 82 80 -47 -27 63 -24 22 -8 -66 54 -78 68 -50 16 -83 -69 88 64 -33 -53 53 -74 -89 -71 83 -21 80 -2 -1 31 53 50 31 97 -20 87 32 -63 -75 77 -39 -57 -80 -77 89 -64 -26 15 -85 -13 -32 92 90 39 -6 28 -90 -51 26 33 98 36 -89 72 -64 -61 -77 8 27 1 -49 39 -11 -11 -82 21
33 24 -34 62 98 71 -95 -74 71 20 -23 35 58 -82 -6 9 -46 -65 -83 -58 11 95 18 20 97 -99 -24 -61 -25 -42 12 -3 -90 94 -23 74 14 9 89 28 -93 -76 -53 -85 58 -67 61 20 -13 -43 81 -85 9 72 71 92 22 64 -77 -40 3 -14 -43 -72 -86 -53 40 55 -7 -3 22 58 16 -73 98 3 -64 3 -1 30 -92 29 -66 -68 81 17 -44 -59 83 46 -14 65 13 43 -94 -27 97 29 -26 -6 79
69 70 -82 79 62 99 75 27 -36 4 32 18 -85 84 61 16 49 11 -7 50 28 -87 44 20 64 -5 34 -79 -17 67 -83 -100 -85 -12 83 -4 -30 24 90 38 20 63 86 53 -74 81 55 -93 -99 -15 6 33 78 23 1 60 -84 56 -97 72 -9 89 23 -93 48 -53 -51 62 -75 -70 80 -8 -71 47 -81 58 -63 -18 43 -58 -64 -98 89 -75 -97 10 -24 58 -44 95 -3 -15 -46 -95 -37 74 -94 -66 -60 7 -37
61 -67 -92 -7 75 81 -71 56 -75 33 40 42 1 89 89 -76 24 -52 -60 65 48 23 -83 -84 -87 -33 76 61 91 63 -9 43 -35 23 33 30 -84 84 -3 37 24 -56 68 -56 60 82 40 -13 24 -47 45 8 -79 -24 11 71 41 -42 79 38 17 -65 96 -99 -96 -53 66 -82 -77 31 12 -86 -31 -64 -67 25 95 43 74 -32 53 65 -22 -35 65 -96 67 6 -10 32 49 44 -75 -2 -39 -59 -61 -98 -49 26 96
52 67 94 5 -51 -47 77 -13 -95 60 -63 45 98 -14 -89 -7 76 67 26 56 -36 15 -31 73 23 8 37 63 71 -32 17 41 -73 -86 -13 17 -12 95 68 94 -65 -64 54 100 -74 -33 -88 -41 -31 -10 -30 40 73 63 78 87 -26 33 83 25 -75 66 -35 26 48 -26 -30 -80 -17 56 -68 -15 94 53 7 -59 6 31 85 -57 -36 32 85 -97 8 -55 51 99 100 62 -73 -61 98 -72 7 -48 -90 78 54 67 78
-8 -82 60 -8 17 -44 -2 -29 29 71 52 -29 -41 75 2 35 17 54 12 27 -66 -82 -2 11 34 54 -25 -69 -67 64 -44 -48 -57 67 59 -1 17 -71 -50 45 91 -21 -55 -74 -87 -29 19 11 27 86 -55 -71 -18 45 -83 33 -81 26 90 -86 16 -80 -56 50 -48 -48 -100 -30 13 38 43 -20 -7 21 -24 -95 8 32 52 69 -80 -93 -67 8 -48 91 -89 -63 -70 91 -58 22 -66 38 -23 78 -100 -61 -30 71 4
-71 -97 89 73 32 36 32 96 -98 26 64 -55 72 -50 15 -20 67 -44 -36 4 -4 93 41 19 -58 27 6 8 90 80 58 -67 -85 -1 72 71 -96 -54 19 79 -88 38 -57 70 86 -56 53 12 -74 9 -25 79 27 -59 -67 -18 86 86 -15 31 39 -79 47 -34 -89 -13 88 -77 -94 -71 60 12 -99 -88 -38 -21 -54 62 39 46 -96 74 93 3 66 4 -31 42 -1 -8 81 -10 -15 9 99 -88 -70 -77 23 -10 -89
-96 84 -70 -7 55 17 31 70 45 -82 21 -64 -19 -60 19 73 -4 -2 69 -17 73 30 86 -72 81 -94 -53 47 -9 -74 100 -4 -76 -38 -62 3 47 -71 20 28 99 43 74 -5 -68 -34 -68 -65 91 -25 83 53 66 -76 -2 -72 50 -80 -50 -33 4 21 4 27 -88 -57 -96 -61 23 41 -2 43 -98 9 67 35 84 -36 -50 -35 76 68 -77 -97 97 -5 4 67 -18 95 -47 68 -27 -36 -9 78 50 64 -59 -16 9
31 -70 -83 -13 41 -48 -81 -87 -95 13 -60 24 11 70 49 -59 -86 -15 50 73 -8 40 70 -27 -64 2 77 -31 -86 -75 69 -70 -39 -97 -80 59 -78 70 88 51 -14 -43 0 92 -70 65 27 27 0 -50 -76 -86 -54 -10 -13 38 65 -28 91 -80 48 10 23 62 -81 49 60 43 29 94 10 53 68 -29 -67 94 -99 57 32 83 -14 -97 -14 1 -86 55 -17 -27 -90 -8 27 -83 -21 93 81 -27 -61 88 78 -88 -71
-92 68 -68 38 -52 -87 -45 96 -80 63 75 98 64 -98 -23 -14 -6 42 47 26 44 2 37 -80 35 57 -48 -31 69 40 -89 81 22 84 -95 -42 -45 -63 97 52 -93 73 -98 -83 15 -31 82 0 22 -80 -95 -87 -88 -27 -22 52 -85 -68 86 38 -49 -89 -61 -95 68 -87 74 -82 90 -79 -70 -16 78 19 -38 -79 14 48 -74 37 36 -24 19 58 61 -70 43 -43 37 -9 -9 -79 -88 -66 -81 71 -5 -42 -3 36 43
29 67 74 0 37 -9 2 73 67 -5 59 89 68 -93 90 -89 -77 92 89 29 -46 -65 99 98 19 24 -44 17 -90 64 -79 36 -60 53 44 31 -4 -12 -16 -69 -99 50 -35 2 -92 20 -22 29 -4 14 28 -34 11 -61 66 78 -97 85 60 -24 -12 -38 66 -37 -1 48 -66 76 84 -83 -12 -83 96 -98 -78 19 -22 -86 -51 81 90 -6 -58 -38 -17 -97 34 -16 49 91 63 -96 58 9 -54 96 -4 -10 -98 18 -34
99 -95 -6 -79 -57 56 -57 -63 26 79 -11 -71 13 82 78 83 66 -93 -86 31 18 -80 -3 -60 -42 92 59 -50 35 87 -27 -96 -33 7 -35 -43 4 58 -59 -17 54 -16 -100 4 -18 -76 -80 30 -6 73 -37 -65 -72 37 22 18 -55 -18 97 -15 36 75 -11 -44 48 64 -23 40 -5 -89 5 52 8 50 -80 -71 -16 -98 69 -99 -99 56 -63 -69 60 0 27 -11 74 -81 63 -21 67 -43 -48 81 17 73 3 -79 -27
45 30 -86 -17 67 -90 11 17 68 93 38 56 -26 12 -93 -18 91 80 -56 96 -75 -12 58 64 -60 93 -18 -51 -59 -100 -99 -16 68 -28 -9 -51 83 -24 -22 40 -35 65 -16 -44 79 32 -78 -81 -52 37 93 47 16 65 69 70 35 -91 8 -3 89 -25 98 90 -92 60 -14 44 -1 -60 38 -63 -15 -55 33 -38 -42 28 49 38 -73 -36 -79 -77 -7 -61 -71 37 -88 40 16 -50 -73 -4 1 2 -63 -17 15 -66 28
71 63 -38 21 72 93 60 -41 -90 -94 26 -40 -93 95 -68 -11 -96 26 -52 16 89 41 3 -86 -15 -47 -82 35 -99 69 -29 7 -5 86 52 -1 24 91 -18 2 16 -83 27 58 -24 39 54 -90 77 -6 62 -1 -24 56 11 -26 -80 48 -93 -50 16 -83 87 49 55 94 68 92 51 76 72 -96 -3 -10 21 29 -34 58 -97 -51 -51 27 83 62 1 -78 -35 -36 -31 9 -63 -29 27 81 -86 32 47 13 21 59 15
-19 -37 -13 -61 -40 -30 -94 -24 28 -75 21 60 72 -18 86 -36 -35 -8 -80 41 52 -28 -88 58 -55 -68 -45 47 -64 -7 54 -39 8 22 20 89 -47 84 -45 32 -30 6 100 -88 -10 -16 -59 -95 -83 -60 -7 19 -42 -93 21 73 17 81 86 7 -2 7 59 -19 68 -7 45 -30 -75 89 50 -9 37 91 93 79 -62 89 -89 17 -1 -62 -73 -88 -97 34 -62 55 21 96 -20 -64 85 -6 97 44 34 -83 13 56 -9
-31 -100 -25 -60 34 53 -53 93 -51 7 -90 78 34 59 -4 89 -13 -67 13 -90 -94 22 13 -100 -37 -52 91 -63 10 38 80 -55 66 -13 36 27 -40 65 -41 -63 67 31 18 -90 73 -58 2 88 43 -84 67 48 68 -96 0 -93 12 37 -90 30 84 30 74 43 36 -43 -81 -55 69 -79 76 90 -70 -35 -98 -100 19 29 0 20 -5 7 32 -93 26 33 56 -68 29 -97 -28 52 -56 -26 89 58 -74 37 -52 -51 -72
-100 -57 -96 17 77 -97 73 -23 -77 -40 74 -12 -23 32 -89 48 -82 52 80 -78 -31 -51 78 -66 -7 6 95 53 -81 -29 59 -64 -100 99 -40 -62 21 -2 -58 -55 -32 -55 -49 -59 44 -8 -18 80 92 -17 -10 66 69 80 25 -1 57 29 44 -69 23 -81 -87 6 68 76 93 -24 -94 95 -45 -31 -100 -2 -66 87 44 -84 89 32 82 74 86 69 -61 97 4 -45 -56 -82 18 87 61 14 -13 -1 64 60 -16 -66 -76
86 -76 -7 19 -92 96 -42 -11 11 -45 -77 -8 -1 2 -93 61 -23 40 -74 -96 -6 64 -18 42 -46 -78 42 -13 -7 -85 -36 4 33 57 -6 -9 -23 -84 -4 -64 1 -32 11 59 -98 70 87 4 -50 75 23 -88 -99 95 35 -54 87 -77 83 -80 -94 64 -71 -6 37 -17 -50 66 3 -5 -54 80 -92 -85 -5 -9 69 86 97 60 74 -43 -35 -97 -27 55 -12 89 -58 19 28 59 -87 16 -18 33 18 41 -27 48 28
-99 -96 -78 -94 -16 17 -12 5 28 -7 -29 -85 -8 -37 -85 -18 -22 -51 -72 14 80 -25 35 31 34 -85 43 -46 -42 -76 36 34 -95 79 30 26 -98 14 -24 68 24 58 -87 55 -86 -92 -82 -8 -48 -69 -96 97 -35 53 8 -18 71 -8 -76 95 62 95 51 -59 33 100 3 4 86 38 96 50 -38 97 -76 -88 15 40 83 99 -56 -75 86 44 63 -80 -50 5 -92 -79 -52 -22 -20 -43 -81 71 76 3 64 -15 -28
-91 81 -79 60 19 -37 -43 -47 -11 95 -70 -85 88 82 58 -68 36 73 88 -13 92 52 -26 -73 34 12 51 -82 -48 -15 8 60 -51 -20 -7 -2 -99 -85 -42 -72 33 69 82 -39 41 93 28 -72 38 -8 42 -17 55 -80 -50 -4 -30 62 22 -5 30 -84 85 -72 -6 30 -88 88 97 -66 6 -64 -56 -3 86 -44 67 -82 -22 51 -85 4 -52 -67 14 30 49 -31 -9 -94 1 2 -80 57 11 49 59 -28 88 38 35
-58 -17 -84 -59 82 -89 5 -22 -51 -71 9 27 2 74 69 75 -89 15 -35 -4 -52 71 1 79 73 49 49 -13 87 -65 -7 -33 -25 58 31 -100 -53 30 3 49 18 -1 29 -64 27 88 27 -37 0 -62 -15 24 8 18 -8 6 -42 -45 74 -26 -1 53 18 -7 72 -98 21 40 13 97 34 60 98 82 -97 47 -78 74 -6 59 -26 2 89 52 -31 41 7 -50 38 26 -32 -99 30 -85 40 45 80 -30 86 -50 -88
-26 85 56 22 -37 -66 -61 1 -39 93 -54 34 -26 37 97 -35 -27 -88 29 76 90 -30 21 5 -38 -18 -35 -7 -62 -71 98 -48 57 41 71 -32 -65 -10 12 18 -64 -11 -13 -4 21 -79 -18 21 -15 -100 45 -65 32 24 17 77 -27 -40 -11 26 -34 -20 -45 98 87 39 -25 -74 -35 25 62 -100 50 56 -96 89 7 -71 88 -90 18 45 46 -16 10 -71 -25 -22 -90 33 54 -94 -87 25 75 -86 -86 74 -81 -24 -56
53 17 70 19 78 -78 71 -40 43 -95 -5 -79 -65 98 43 -22 -86 43 -22 14 -33 69 55 99 -32 40 20 -25 64 -18 -46 -6 81 -14 -17 -82 -76 16 40 -49 -14 -20 -26 -10 -42 -85 45 72 -4 -3 -47 13 -53 -1 -32 29 1 92 -76 41 -90 -14 4 -5 -47 -26 -79 -41 64 28 -28 -55 -86 77 66 -29 -59 43 18 7 56 -84 -81 13 48 -19 70 -76 34 -85 85 81 43 44 44 39 -87 -100 12 35 -86
-7 5 75 -81 -93 -11 -30 -61 -72 60 -13 84 -71 -31 70 31 83 42 -78 -44 47 -67 -47 40 75 -72 55 57 48 3 84 -66 62 -80 -99 88 40 -27 -1 -34 95 -27 56 -65 -82 67 -33 33 -25 -22 11 68 27 -100 46 -38 -83 -90 -27 -100 -45 65 48 -95 -61 -85 79 -78 74 20 76 -93 10 -56 18 78 84 -48 -9 -71 45 -22 95 35 -20 74 18 96 -61 66 -38 -56 45 25 -100 8 -32 72 60 -64 95
9 -30 12 21 1 -64 16 79 -38 -91 13 -15 -25 25 -28 44 20 37 85 -85 46 63 48 16 93 -31 49 26 -35 37 22 8 -93 99 -41 -56 31 -96 83 -78 -24 45 97 -84 -88 42 70 44 33 36 48 10 -31 44 -44 29 -43 -86 -35 -53 77 -3 38 -40 -19 -9 -36 -19 39 35 94 90 -1 45 -52 38 38 -69 -55 84 67 94 -69 11 33 81 -83 -21 87 48 50 -99 -85 -91 -6 69 21 97 60 -71 -3
7 -73 13 -26 48 -67 -80 -41 14 53 1 -100 -71 64 75 -78 76 42 -73 2 4 -39 -66 70 67 25 -7 -12 -26 50 68 71 -27 -73 -24 -51 12 5 12 32 83 67 82 -81 76 -1 48 18 64 -28 76 -29 -45 -94 -53 69 -1 23 84 56 91 29 78 70 41 -89 74 -82 53 72 -21 -64 3 -70 32 -95 63 -96 -11 36 -13 -28 20 1 -6 -62 67 -70 -28 99 -97 81 25 43 35 64 -80 -57 52 -22 93
44 26 -27 -46 46 58 -79 -30 16 64 -51 -15 15 -68 29 -100 51 -69 96 -30 39 -84 -17 5 -83 -91 13 -59 -45 -55 -88 6 46 -46 19 75 42 -62 35 12 15 -18 -69 -19 11 45 -25 -83 -63 81 43 27 -9 -73 35 24 97 89 -90 98 -85 60 87 -36 2 71 30 -7 56 95 -100 89 1 86 -16 -12 -33 -12 32 78 -57 85 40 -28 -61 34 -46 63 92 23 -46 85 -79 -93 12 18 4 19 50 46 71
-86 -78 -99 30 34 79 -36 -82 50 -92 -19 68 86 86 23 -22 53 45 -69 16 -34 76 -100 -47 44 43 4 10 66 87 77 -99 72 30 -96 -78 -25 -15 -17 -92 82 67 16 -95 -98 -49 8 -48 -2 -65 28 -76 64 -58 72 -93 -1 44 -76 -100 -79 -62 10 67 -63 -18 -61 -73 -47 -31 -61 -17 69 -72 -94 96 -80 37 -3 -92 91 -9 -64 -7 -64 -43 51 24 87 -99 -8 98 71 55 -35 -33 -69 -23 51 -6 -84
37 -58 -92 69 -60 19 66 -52 -62 1 56 46 -53 -18 -50 -46 -87 -5 -40 -93 -38 87 97 -59 77 0 -100 83 24 -12 -91 81 50 45 -3 24 -71 -88 9 -80 8 -61 1 -46 76 61 -56 -66 12 92 81 -38 -88 2 -17 63 -85 4 -4 16 91 -14 55 -53 3 -77 80 27 25 -68 -86 -65 -29 37 -20 24 40 -77 -50 23 24 -38 -57 -87 -92 -75 -83 67 18 73 -1 48 57 38 45 -98 36 1 39 43 86
56 -16 -8 -80 36 -59 19 -70 49 -91 -92 45 50 59 -40 48 74 -11 74 29 75 41 42 -82 0 69 85 -91 14 28 -41 65 -6 -20 54 94 -93 33 -95 91 -21 -28 79 -50 100 -85 80 -20 -22 -1 53 -9 10 6 97 24 17 36 -79 8 -90 74 -32 14 40 10 55 -76 -38 25 27 45 38 -20 -26 32 55 18 -62 31 31 82 -58 -68 -91 31 60 9 -3 94 -10 35 6 42 -50 43 -98 -71 86 -100 -20
-58 -90 61 -8 51 -64 88 -6 -33 -30 6 -20 66 45 14 61 1 -40 -83 18 -33 17 46 11 -8 95 -70 -49 66 35 -52 -2 -48 -79 -19 94 8 45 89 -2 64 35 -32 -75 67 -41 -63 -36 39 30 -32 26 45 -49 81 -84 -23 -15 72 -12 92 46 -85 0 21 67 31 -2 -99 88 -44 -23 -96 38 16 90 -34 -78 -21 88 -8 64 45 -12 1 -51 38 47 -89 -23 -90 15 37 -11 -81 -52 26 19 -48 -60 19
-69 53 11 -52 -89 99 41 -31 -65 -37 -46 -63 -43 -79 -96 35 -72 -15 -65 -31 -37 -81 52 -43 29 50 17 -12 -13 47 13 -81 -36 8 4 -41 -73 -45 33 -86 83 -34 -13 -8 -81 -44 46 -37 6 -96 0 -13 55 -51 93 87 -74 10 -27 -59 -9 -89 44 -44 -16 -50 -86 -52 48 7 98 -64 59 -98 1 -83 66 -84 -6 47 62 59 71 33 29 -94 98 -38 -50 42 65 10 60 93 60 -86 38 35 -16 -56 16
91 -81 -53 -5 -39 -31 83 -46 24 37 85 44 63 -8 83 31 12 54 30 -23 7 -100 -89 -13 1 -57 97 7 19 -87 -34 -9 19 -92 -95 -60 62 -36 93 100 -56 -40 15 -8 -84 -81 -10 -17 -73 5 10 -68 -75 -72 -19 30 42 36 98 38 -47 -47 -54 55 75 -18 53 -1 53 -93 -7 44 25 -64 -81 47 -40 79 -87 13 98 9 -87 -43 -1 61 63 -28 -95 4 -38 86 3 37 -38 6 29 49 -76 31 -44
87 -9 -70 -37 -50 85 54 24 -1 58 17 19 82 54 17 -12 56 -66 3 76 76 -66 -3 -53 89 46 97 -70 8 5 11 -6 -87 -72 66 -31 -35 -13 59 16 33 29 71 -48 -33 -8 6 43 -50 -77 -54 -30 -97 -78 6 -29 -3 40 54 -39 31 61 -55 -49 -21 -5 -38 80 58 55 -94 78 82 -1 -65 13 24 35 48 -59 19 55 -21 -11 51 -5 -54 100 90 93 -66 36 42 -34 -85 -33 -57 7 -45 -8 -8
45 63 19 -12 -21 -66 48 -84 82 -85 -53 -41 -20 31 -30 44 63 -80 18 -60 67 -60 43 88 98 -59 70 -2 76 -6 -15 -39 39 63 -3 -85 -15 -59 -37 54 -61 40 23 17 -95 -7 -46 20 -56 -60 43 -7 51 39 -38 -100 66 -4 13 69 92 -77 5 -80 33 70 -39 -72 64 -11 97 -12 23 -57 -49 -31 81 -10 85 -65 -42 -23 -10 -82 -18 -85 23 -61 -67 -9 14 26 100 84 72 15 21 -99 80 20 -52
3 -53 43 -59 -59 26 -23 34 81 -50 41 -70 23 55 -97 23 23 94 -5 0 81 7 -69 22 -100 16 -59 -63 -93 0 62 52 -93 68 -78 -27 66 -58 20 52 85 55 -3 36 -99 -29 -79 -89 97 41 -15 -89 22 -92 -45 -53 3 -87 -41 -25 17 72 -30 -40 -59 -96 -74 47 -52 38 -70 -38 -57 -6 -59 62 30 -93 95 -19 -41 -94 -16 -14 -95 -80 -30 25 36 37 53 -39 33 -71 9 -29 -69 35 56 70 -65
-61 44 -89 -60 63 9 84 -39 -2 -100 64 67 -77 27 75 -31 64 65 60 7 -24 7 -23 36 -5 -41 45 -100 40 -19 12 49 -24 -56 -39 4 16 48 67 38 -17 50 47 82 -52 -54 54 83 -96 75 -88 80 21 87 40 49 91 68 49 32 13 -86 -92 36 -42 -12 92 78 -48 16 -19 -93 -74 -42 -56 -87 -31 66 100 -54 -68 32 50 -45 -56 59 49 26 5 -32 -100 86 49 -48 77 85 71 -100 9 -83 94
87 -21 32 -27 82 -77 27 57 33 -76 10 -68 46 -92 -15 -87 -93 -96 -62 -65 -89 11 -45 45 46 -13 14 82 -46 -96 -37 -62 -87 -69 19 29 5 52 0 -32 -70 -70 75 59 -35 -78 -33 65 -10 1 51 -94 -26 97 39 -38 72 43 -77 61 -46 -66 92 -28 65 -74 -14 -11 -18 84 -9 95 31 44 -59 -5 84 -90 -22 -67 82 -74 -7 -25 -45 -20 -29 -12 90 -73 -65 80 2 76 -48 32 -60 27 -81 -58 88
