-0.666836
-1.079729
-0.957991
-0.282988
-0.973951
0.175745
0.187037
-0.974982
-0.058367
-0.808286
-0.240689
-0.687415
0.963603
-0.796088
-0.569434
-2.698301
-0.556808
-0.033489
0.439763
1.208009
1.401336
-1.294432
-0.669565
-0.852628
0.618638
0.733099
-0.363023
1.677808
-0.894252
-0.763660
0.064980
0.709146
-0.271734
-0.950663
-0.140184
-1.776149
-0.085643
0.561196
0.102777
-0.115602
-0.518132
-0.541650
1.306812
1.045270
-0.921740
-1.726972
-0.880062
-1.115652
-1.145860
0.211053
0.508306
0.013670
0.767611
1.069588
-1.470036
1.071171
0.188388
-0.971214
-1.269644
0.089319
1.631935
0.469909
2.083934
-1.210748
-0.561890
-0.389178
-0.967931
-2.337189
-0.914480
-1.178916
0.553446
0.812653
-0.775586
0.241405
1.763962
0.480692
0.619471
0.705079
1.526972
0.151326
0.194330
0.138063
-1.293737
-0.391641
-0.401444
0.045320
0.605707
-1.223781
-0.101858
-0.806888
0.352882
-0.636755
1.075601
0.584353
-2.347138
0.522765
-0.033026
0.519427
-1.697410
-1.055282
