-0.585172
-1.987189
-1.546721
0.938628
-2.635643
-1.800262
-0.796702
-2.129694
1.372215
-0.367323
2.928426
-0.618864
-1.508724
1.132572
5.733005
-4.041046
4.508727
2.111836
0.571072
3.421939
0.497647
-2.822916
6.892923
3.595951
-0.087417
-3.165962
0.311081
2.803940
3.214764
-2.993166
0.270777
-2.981589
0.834177
-0.558616
4.308449
-2.403765
-0.471162
0.910086
-2.495226
-1.815677
-3.553581
-1.183877
-2.674574
2.647583
0.186111
-1.447236
0.876857
0.759965
-0.024628
-2.365965
4.097475
0.779353
0.952484
-3.737020
1.360195
-2.167994
3.202947
1.026356
-0.706437
1.725834
-0.422601
4.256997
-1.542207
-4.432163
3.161993
-2.638388
-3.158485
1.898335
-3.706939
-7.802076
5.702143
6.423071
0.223993
-3.716735
-4.001051
-4.791529
0.166867
-1.527471
-0.153141
5.219618
2.605800
1.569634
0.800187
-0.835457
1.360539
-4.548692
-4.213387
-0.871907
-0.671390
1.305153
-1.869526
-1.374779
1.728224
7.016419
1.612981
-0.527248
-1.834339
-3.806548
4.277303
0.472239
