-41 -100 -84 -91 -40 67 -11 -83 54 -30 49 -36 2 -58 -23 -9 -16 -19 25 72 25 59 63 -23 71 17 -7 -82 -33 48 54 -88 35 100 2 100 16 -21 18 -51 21 -90 -95 44 86 -51 -85 68 -23 15 -6 53 10 79 -22 17 40 32 -72 90 93 -62 -13 -37 81 41 35 94 -89 -8 -5 83 65 -6 -56 13 -33 95 46 -20 43 -11 -84 -6 10 49 7 -75 73 -54 2 -50 8 32 -1 85 -31 64 -45 -8 -46
66 46 86 -76 14 -19 -60 -20 22 47 47 16 -26 8 4 -57 81 73 43 90 -15 -65 -43 15 50 -58 16 72 -63 7 79 -61 -93 -96 -28 -24 -81 -100 15 13 48 -11 86 -100 -72 -19 44 53 28 61 84 -76 69 59 48 5 23 45 -15 38 -55 -52 -50 -64 -54 99 23 -8 -36 -90 -40 -49 -97 -27 88 -89 50 -95 -68 97 5 88 55 86 -95 -10 54 -52 -34 74 -36 81 16 -6 14 -45 99 -64 -96 36 1
38 59 -72 -34 -13 94 -1 -91 15 30 -83 -6 42 49 -21 -53 1 98 -43 -35 81 28 40 -31 24 -72 -35 95 48 -54 43 -64 -26 -93 45 60 39 -41 -52 55 -7 69 33 72 -32 57 -36 87 -13 -68 80 -73 14 70 87 -89 -56 -89 53 -53 64 19 4 -94 79 -10 -80 29 -96 62 -74 -23 32 -78 -21 -21 -49 -91 -6 -7 27 -52 -33 -19 -97 -29 1 100 -85 -90 -80 38 -42 -3 30 -55 -1 -46 69 -14 -14
85 -91 -76 -25 -33 -32 -12 72 -4 77 91 -70 90 2 77 -92 -10 33 2 -26 89 73 45 -16 -75 64 25 5 -86 86 24 -71 -25 -7 -87 40 -32 -46 10 37 -16 -98 70 100 51 -13 19 43 -80 51 -23 -69 69 56 33 26 32 46 95 -69 33 -48 27 71 93 50 -100 99 41 11 9 -52 -48 97 -12 -35 -69 45 12 10 72 -80 -87 24 23 1 8 91 -54 50 57 -67 1 9 -99 86 -69 -55 -47 -38 -79
17 70 68 76 84 -66 92 13 85 -30 -1 15 46 74 -29 98 24 84 1 -81 17 -37 -47 -74 -57 -77 -92 60 99 -65 53 1 8 12 34 -37 90 -93 2 -75 70 67 -87 -61 -44 42 -94 -5 90 -51 71 -90 2 -44 -26 -71 75 87 7 -36 17 58 37 -92 -95 -41 81 -89 81 -30 16 40 -42 0 7 -62 -40 -38 50 -86 11 36 32 -14 -81 -97 -20 76 71 -95 -64 29 -24 -13 52 58 -10 -100 28 -92 70
-74 -7 -12 32 -66 21 -14 36 -68 9 -81 -74 -2 -24 99 87 10 85 -93 22 33 60 -82 53 14 82 34 -73 87 -50 -3 93 37 56 -84 -51 13 44 -81 -43 57 -86 83 61 -60 -38 10 85 -81 -78 59 85 64 89 7 13 77 15 41 -90 -17 75 -76 72 67 -9 82 -23 28 37 4 18 -80 90 82 98 67 12 -63 28 -5 100 -79 2 -6 20 52 50 -39 -67 87 47 -41 -92 89 -69 70 45 7 37 40
63 -24 -97 35 -91 87 -33 -65 -57 10 100 20 39 100 -27 6 -26 94 -26 99 46 -73 60 -31 18 37 -34 -59 -17 -22 -98 5 26 27 61 -7 21 -66 61 71 -36 -86 47 -83 26 11 60 -2 -66 -66 -28 -97 -34 2 3 97 -56 84 97 80 -18 95 37 49 36 3 -12 17 -52 94 22 -46 27 -91 58 76 -99 -12 61 42 -78 -36 9 -2 14 9 48 -3 -99 19 -4 -16 -64 -12 13 1 -76 -100 74 -36 85
-28 43 22 49 65 -65 -47 -23 -34 -19 -27 81 25 -66 -50 -54 52 87 83 92 58 -35 -38 57 -75 26 -4 -74 -93 58 28 -23 -65 -14 27 -73 37 22 -42 -4 72 5 -43 -39 -10 -42 -93 -2 -62 -8 52 46 -28 -100 -47 -86 26 65 78 19 -30 -94 24 100 -14 16 -5 -12 20 -76 -55 6 77 25 24 -27 -81 85 -32 -28 12 68 83 1 -6 17 -55 17 51 -98 64 52 9 22 31 20 72 -38 26 -63 -57
4 -76 16 92 -4 -65 73 57 -72 68 -84 -100 62 21 -23 -100 -43 83 -63 49 -48 82 -81 -91 57 88 26 -35 -52 64 16 -4 -87 -24 -49 32 90 -48 -44 -91 -62 -61 -28 -29 -37 32 45 38 51 91 36 -52 76 26 -64 -62 34 -74 -59 -54 -56 54 77 -83 -93 -91 -77 30 94 -4 17 -90 -69 -51 -71 10 4 -31 -18 -33 -6 74 100 21 93 -62 -19 28 -31 -94 -92 -32 -16 -50 -57 13 -65 -53 -94 78 15
-95 -93 -36 -81 -19 100 13 76 -58 -7 -81 54 30 -76 -7 72 0 -35 62 -86 61 56 32 62 67 42 89 7 -4 0 61 40 56 -29 -32 -87 -15 22 -95 -27 100 -86 -52 -84 -56 -44 -57 37 86 66 -82 -99 86 66 41 -83 -92 -52 93 53 -35 54 -73 74 -31 -60 -28 -57 -61 48 21 -68 -100 -46 74 28 97 23 44 -13 65 -16 -65 2 32 51 67 42 100 90 74 17 38 -11 74 -97 -34 -42 31 -28 -17
-5 -7 -70 55 14 -18 60 76 72 45 59 -34 65 -41 21 -4 -69 49 43 -32 -59 19 33 61 10 -47 35 -70 70 6 56 72 21 43 82 -87 35 -16 -67 -45 -85 -82 -83 -38 -74 52 62 50 -83 -96 -64 58 49 44 -87 -42 -40 -60 -46 -28 3 -67 3 18 97 -77 6 -74 -82 -97 -45 -6 -78 -87 -46 -51 83 96 -92 65 -11 65 94 -41 -52 -42 -36 -50 50 61 -68 -67 -89 -74 78 20 -85 -37 64 -52 27
-23 8 -22 96 95 24 16 -41 -47 -99 -22 11 -91 -37 -52 -28 25 43 -65 -72 90 -48 35 27 62 -31 -9 -30 35 61 -14 -78 -85 59 -91 -97 -5 -10 5 19 -59 -73 83 93 71 -22 59 -96 -25 41 -56 100 -20 -20 -83 37 73 86 -53 -31 -80 -13 -60 -95 -78 -1 -60 48 -11 -70 8 48 -70 16 63 79 62 -96 93 -96 -6 59 -64 30 -60 59 40 -65 -51 -29 74 92 2 -32 -4 64 -51 -42 40 -73 -26
24 37 94 -10 -83 -42 -32 -11 -76 -13 -55 28 -19 -19 79 44 97 -96 31 -87 63 76 30 91 -19 37 76 80 89 -84 97 22 -34 -12 64 -52 98 -83 -15 -66 95 -16 -14 53 1 40 22 61 40 49 -28 46 87 32 -70 69 -38 69 -6 79 -4 -88 -94 -4 -42 41 -32 -100 43 30 90 -75 -30 -6 50 -61 23 -3 -25 32 -66 96 -93 -53 -91 10 -64 -67 -69 -46 84 -6 22 15 63 -62 62 -81 -55 -58 -98
-15 59 88 -73 45 17 43 59 1 70 -97 38 -38 94 -85 -16 -77 -87 91 44 -67 -10 83 -88 -65 82 79 -42 -73 52 41 -6 -89 -83 -13 89 -80 -6 79 31 -31 55 84 -72 -83 37 -90 44 41 81 50 9 -91 92 54 -1 -100 21 -32 -1 -83 -95 79 -57 63 -5 -71 72 -47 -62 -11 38 -55 3 -74 -7 87 -67 -47 -11 79 -22 44 -42 -3 56 -46 49 -10 69 70 -53 49 58 0 -23 66 29 -1 -21 -96
-85 21 -37 53 52 77 39 5 29 -90 -12 -99 -26 -51 1 96 43 5 1 -76 -1 24 68 -9 -55 98 31 -5 -3 -73 77 -32 76 72 21 -39 -2 -68 10 -60 -54 -80 55 -2 -8 66 -75 -88 68 -91 -73 -82 72 28 -100 75 34 -57 45 33 -57 72 -3 9 -20 7 10 55 14 -50 -46 74 75 -21 -77 92 91 -98 85 71 55 -28 -96 -14 61 89 3 -28 69 63 -42 -37 83 8 86 19 55 -22 -9 8 100
55 -39 55 -23 -28 -47 45 5 -49 -27 -68 51 63 23 -24 -70 35 -18 -23 62 -79 95 -61 -10 -85 -66 25 94 -40 -46 52 89 -86 43 2 95 34 -66 -34 -6 -80 -96 34 12 79 31 -58 99 -5 -95 41 83 28 -10 51 38 -100 34 61 59 94 -72 -23 99 15 -40 -55 66 96 74 31 91 48 94 -42 -91 63 -100 7 -98 -15 -86 72 -91 79 -27 63 25 -20 -45 -52 53 -92 -2 74 -27 79 -28 48 78 29
-13 50 -15 89 72 -12 -4 38 65 59 -93 29 -12 11 -64 -15 -36 26 -23 26 86 85 58 31 87 35 -36 -32 63 28 -70 53 53 -16 88 71 68 51 73 90 -44 95 -59 -80 -59 -71 5 52 24 3 -22 59 -66 23 45 -82 -22 -82 -37 -22 61 55 31 -83 -78 92 -52 34 -77 -16 -46 -25 51 -17 72 -3 78 -36 29 25 -10 47 -21 -54 -29 -25 -87 -6 69 -14 -96 -13 -30 -28 -56 -84 -24 56 31 -1 -19
27 -22 62 -3 -5 6 -65 -37 85 -33 -54 47 -76 13 -54 -40 81 -86 -19 -46 -47 -77 15 -9 -83 -57 1 46 -95 82 31 -28 -4 43 41 77 57 31 5 -83 1 62 93 -74 -11 -41 58 -34 62 29 -49 30 36 -48 81 -44 -60 23 19 21 -54 18 -95 -72 -73 28 32 -4 63 -64 -51 10 -4 -96 -40 -72 -75 74 -55 48 59 -65 64 99 -88 -13 -4 62 -15 29 83 75 -24 -50 -2 -98 -13 -28 -97 -49 -59
15 -74 -8 31 3 13 -72 78 52 38 -90 -4 16 15 -17 -94 -9 -80 60 97 81 -93 19 58 -43 37 51 -8 -69 -44 -6 -51 82 81 -27 -19 51 -84 4 -71 -12 23 -39 -70 21 51 78 -13 -57 -30 65 -71 -74 -8 87 -62 87 -1 -57 -92 18 27 -30 -53 -12 -98 79 18 -23 20 100 97 -97 -59 2 63 64 65 77 92 82 -15 61 -85 -88 -50 34 49 6 7 6 -9 -80 -54 69 -47 -16 -2 96 83 -14
-24 50 -92 -93 -5 -48 -92 18 -61 -15 4 -15 43 84 -27 39 -62 58 -44 71 -36 -25 -76 65 -47 -96 -34 8 61 -98 80 -66 -19 48 -38 99 -9 60 79 -39 -96 26 -70 88 75 -76 3 -87 -36 41 9 93 5 8 9 -23 -57 45 -78 73 75 -7 -71 -5 -19 -29 92 -16 -57 27 26 -47 57 -50 -93 84 91 -44 -69 -100 -37 46 44 12 86 13 67 94 87 88 38 75 23 -7 65 -63 22 74 76 -66 80
17 27 95 65 -69 -45 -64 -47 -96 -90 5 -16 30 -86 95 -26 48 7 -85 55 31 68 73 43 -65 -54 -16 -55 16 -69 13 -97 -97 -28 -96 -83 -15 81 -70 28 67 -100 -26 -2 86 92 -19 54 -40 -67 78 18 -64 -42 86 42 72 -6 60 -98 86 58 -32 -29 2 82 -22 -36 55 71 56 -73 65 -21 -23 -77 28 -89 47 15 -3 -21 39 89 -9 -26 75 98 -95 -43 66 -87 50 36 22 -56 -65 -30 -35 -22 -96
87 65 82 17 22 -16 -77 -32 62 -65 70 -18 74 -65 -99 -13 36 49 -54 9 14 98 -31 36 -98 71 5 -97 -93 -4 -83 32 89 -34 17 68 -98 14 -69 -53 54 -65 -76 15 -58 -13 -75 83 62 27 -78 88 -51 59 -19 23 -59 6 49 97 -13 -63 -85 58 -20 34 3 10 77 78 87 67 -47 -83 0 75 97 -49 98 -99 98 85 85 -23 20 -96 -18 -10 67 -67 71 -65 3 -94 -53 81 63 -93 13 -15 24
24 -66 -35 83 -19 86 -12 -42 -2 81 18 -63 71 37 60 -47 23 43 56 -13 10 78 65 -95 -27 -84 66 87 -77 -56 -91 -81 82 32 -28 -16 19 -37 68 62 -46 -56 34 42 -42 -44 -84 82 -25 83 44 66 -11 -76 -98 82 89 24 -55 54 93 14 -18 57 -11 -85 93 14 0 56 -82 9 -21 37 -53 -35 7 32 -82 -74 22 -24 44 -18 6 -10 -43 68 -23 93 7 -63 57 16 7 -77 71 -85 -9 46 82
53 19 -23 79 8 91 3 99 88 -35 -16 -72 -41 87 89 92 -93 -16 -32 78 -16 -25 48 93 -31 -61 -56 -84 -75 20 -26 -34 -54 85 96 -57 -38 47 76 91 40 -31 84 58 88 59 69 19 -27 -17 -64 38 94 -99 44 43 -65 89 66 47 -84 70 15 -59 95 58 -76 47 92 73 -76 -87 82 -20 9 35 -92 55 -47 -79 -91 -12 92 12 -52 -75 29 -7 20 80 45 10 74 43 -67 16 -67 -2 12 -37 84
-7 99 6 -74 -90 75 -90 -14 -11 3 82 -100 20 -62 97 13 -83 80 -44 -17 -27 -43 -69 -17 32 97 -57 42 -78 69 -99 -5 -71 50 8 48 -62 3 77 -36 26 -76 47 -21 -80 16 -32 40 55 84 62 -97 32 -58 -62 -77 100 75 86 -34 -28 78 -18 60 86 -39 -54 92 -97 -76 -20 -34 10 -92 65 57 -25 -20 -79 41 100 -36 -79 94 -34 12 13 46 69 12 -34 -1 -95 0 -56 -44 -11 35 1 -34 -10
24 19 29 91 -27 -36 -99 74 -60 -19 -95 76 -25 -48 -15 -12 46 -71 87 11 -39 39 99 -73 55 -71 -63 52 37 24 -22 -65 -47 4 80 -61 -97 12 -37 -57 9 75 74 -81 -86 -47 34 -89 -93 -16 23 -24 83 -18 -13 -82 -75 65 69 22 -75 -99 9 83 -59 23 61 -25 36 41 -78 -6 -92 -66 36 67 56 -32 -86 85 -75 39 -23 3 -87 -8 46 -98 51 -61 100 66 68 -33 -71 92 96 -44 92 -65 -69
-44 -23 -67 64 -51 3 -14 -15 -59 -87 44 -69 83 5 -33 7 -55 -90 -48 -92 -17 -77 13 36 29 -19 -32 -44 -49 -81 78 -65 3 13 25 -71 -2 -81 -32 -38 -31 -45 42 15 -44 50 94 79 -9 -88 22 24 91 -63 -5 -98 32 -10 86 -36 58 -59 -82 55 98 40 27 14 76 -70 7 72 72 -67 -96 -73 -4 76 -96 49 66 -89 40 48 92 -80 13 69 -80 48 20 -97 -5 100 -99 70 84 -18 -35 36 6
-65 23 -18 -6 82 -10 -6 48 -52 -57 38 -25 -62 -37 62 44 48 -34 -86 62 -38 46 10 -4 65 72 81 -81 44 77 92 59 70 4 9 90 -95 64 5 -2 50 94 97 -26 47 85 63 100 -62 -98 93 61 -93 -53 -95 30 -49 -48 16 5 31 -76 70 60 14 85 -34 -97 85 43 -23 54 94 86 -58 82 58 37 -65 14 -21 96 44 -32 3 -80 90 52 -39 21 42 -43 -90 -51 -82 -47 47 1 12 36 -23
77 12 56 -15 92 -47 87 15 61 -5 55 18 74 -84 -29 -20 97 64 -36 -41 -62 -99 -4 80 -6 -78 -36 -51 -67 -62 -71 22 44 90 89 74 48 7 50 -60 66 -35 47 -45 -70 95 12 51 -12 52 -4 96 15 90 37 11 -70 -23 57 1 84 45 -28 -87 -60 -15 39 -94 53 -46 64 -95 -32 100 61 -90 -60 -17 -10 92 -6 15 47 61 -61 -79 90 71 52 -15 -98 43 16 -83 18 15 44 6 33 -98 -60
-79 -32 -1 -85 -9 -47 82 -56 69 76 -4 -7 65 -88 57 33 -32 -21 -23 -10 -7 30 71 92 59 -58 -59 -83 78 -94 89 -3 68 -48 -14 28 -74 -32 93 -36 -30 56 2 -11 -94 8 69 77 63 84 38 26 -40 -82 -16 -21 29 -74 4 -93 96 -95 62 -72 64 82 -18 -15 -36 -31 -42 -58 -80 -39 -77 -87 38 46 -49 23 41 100 84 52 -6 78 -30 -7 -69 -94 -80 -39 56 11 30 -17 40 96 -63 -19 -37
-76 95 48 -79 51 52 -56 61 15 -64 13 84 -89 -54 42 -61 39 -26 -39 70 16 -60 -96 57 4 -56 60 -27 91 81 -40 -78 -51 99 -89 -7 -80 -75 -11 -2 62 20 32 -6 10 68 2 16 -69 46 81 42 -76 16 -64 -62 85 53 -51 -67 48 90 13 -97 59 90 -87 -66 0 -30 -24 11 -69 -69 -49 67 -97 71 -29 0 -99 -60 -88 -54 -22 -76 68 -50 98 -60 -75 87 -21 -36 37 55 12 14 -25 35 -92
13 21 -50 18 -92 -61 35 -100 74 36 33 9 -73 78 22 -22 -92 -8 12 -2 -50 9 66 90 23 -7 -16 -60 75 -35 -48 -41 24 -72 39 -64 99 -20 51 60 10 -15 -12 40 15 68 -89 -1 -34 11 -24 -90 -31 79 30 35 -77 46 83 -67 85 16 -71 36 -48 -29 60 -17 -67 38 25 97 -33 97 -75 -35 -21 -53 49 -47 -9 -11 41 56 -70 -41 -78 62 85 58 -82 -93 6 45 2 14 100 -36 56 -76 -33
75 87 -73 -25 43 62 24 50 23 25 54 -88 100 89 -31 -33 12 -58 -95 -17 28 -61 17 -16 40 -60 0 -24 -39 27 22 -40 51 26 97 -72 70 65 -68 40 90 -34 5 55 46 -80 -50 -21 -100 63 94 -24 -72 -73 -80 -33 99 74 48 37 98 100 -18 83 -35 -92 -61 -31 75 -43 2 -68 -66 46 -16 47 11 -81 -10 -58 -53 -44 -47 15 44 -68 43 -13 -3 49 -75 22 -94 -99 -4 41 90 80 -61 -52 97
7 -40 -20 69 -1 55 -41 -65 75 22 21 -11 48 -75 -64 -2 -7 34 26 -83 42 82 0 -83 4 19 49 -88 -84 1 -94 -81 -95 -88 39 25 20 -3 17 -9 15 56 -92 -78 91 22 17 -13 -79 -100 74 -8 -80 -21 77 80 -27 -88 -23 -4 37 -99 -63 -10 -50 -56 -85 -86 85 -75 -5 -46 -44 5 48 36 -78 -37 38 -1 38 -71 44 -52 -50 20 58 58 -98 -22 -32 54 40 -13 41 -26 -57 32 89 -38 -12
-85 11 -77 -28 -54 -54 -62 -73 68 52 -9 52 -81 -10 8 -70 25 15 -48 63 -14 -74 88 -70 18 -21 56 51 20 -90 40 -76 -1 83 -57 2 93 0 39 98 -99 35 22 29 -65 -36 77 67 11 5 28 54 62 19 -96 -86 19 71 -42 -52 51 68 -33 67 6 -88 71 63 -75 -13 56 -25 -80 -86 -97 19 18 -62 34 42 100 -20 21 -27 -60 -48 -10 21 97 -51 1 75 -19 33 32 30 -75 -11 -63 -9 91
30 36 13 -83 -10 -89 -88 42 89 85 -59 -71 11 -4 -60 -1 31 -13 5 -100 81 24 8 -85 -82 76 81 14 -25 35 61 -72 -1 -93 -75 98 55 14 -66 -11 3 87 29 -78 91 92 -94 -45 3 -22 -31 -2 99 -63 -24 -98 15 -10 -69 62 50 81 85 86 -14 -42 -97 -51 -78 -93 63 89 1 34 -21 -72 100 -96 80 -48 -14 26 -50 45 -67 -54 9 -2 -37 -85 -72 -70 -7 79 3 34 -41 26 -21 -12 -32
76 37 -87 -66 53 -91 81 8 -13 -27 -77 -69 15 75 75 -73 63 -20 65 -49 -54 -47 85 -91 36 32 -91 35 41 -33 66 90 65 84 -63 51 32 -73 55 42 -48 -7 48 8 -75 -79 10 -50 -65 -28 -41 58 40 2 3 -74 37 9 100 64 -82 -60 39 -43 -58 86 -48 92 60 95 1 82 65 67 99 -5 93 91 -95 10 53 23 91 29 -56 -98 -79 -60 -26 -71 -9 -81 -29 -17 -89 -86 93 18 38 -45 -4
67 26 43 87 -81 -62 -91 29 -22 3 11 12 -71 57 -84 30 -41 72 47 17 -55 -36 -93 -84 -53 -14 -20 46 -32 12 50 -19 -32 13 -10 62 50 36 8 -88 64 -42 -76 58 23 97 -14 85 -81 -50 65 -17 82 99 -93 -61 22 -26 55 -10 -95 4 13 -45 -35 35 75 66 -22 42 0 14 79 -38 -35 99 30 61 -73 31 83 80 32 28 -64 65 -2 85 49 24 62 -27 -79 -70 -67 -52 66 32 -34 93 50
-72 65 12 -44 -46 -33 51 -83 -89 -19 -57 -26 -11 87 -28 -10 -35 -40 81 -99 -80 -44 -7 -59 -85 -2 93 -29 -47 14 68 -94 75 -58 45 -27 -49 -98 63 -83 -69 -46 31 22 -11 -42 -91 79 7 -79 -2 -76 -92 75 86 -5 83 -80 -22 9 -36 -38 45 -84 36 -17 79 87 45 -72 16 22 90 -55 25 34 -42 -82 15 -56 -14 -58 92 -44 -95 37 -16 -47 -63 10 -67 86 25 89 14 -31 100 -62 0 -60 46
11 -37 92 -77 33 -75 -68 -30 25 0 39 -58 -18 38 -40 76 -9 54 -17 -12 43 -18 -60 30 -26 12 51 -59 -97 58 -24 8 93 -78 -84 -52 49 98 -19 -55 44 46 15 -44 -89 -4 -15 97 100 -26 75 -48 49 78 -21 -13 88 -33 35 -45 -94 20 0 -50 -49 96 1 76 -34 73 94 34 13 -63 63 -22 -3 84 60 84 41 -58 -76 90 65 -6 96 55 -26 8 -61 9 -19 -1 94 -70 22 -63 -43 -62 100
26 -89 97 61 -50 33 57 -38 -85 87 -58 60 -87 11 -29 56 89 65 14 -21 -75 -79 55 -31 -84 83 -58 -9 1 -88 -74 9 -92 13 -22 -61 16 -33 78 -7 80 -46 56 8 -16 37 -82 -33 -67 42 -64 78 54 -46 37 -41 -81 71 9 83 -38 30 -46 27 -70 51 -27 -25 72 -80 40 -57 -37 89 -100 26 -36 -50 -31 -45 -57 -49 -25 0 74 -32 -64 56 73 -24 -34 -50 -17 -74 -55 -46 -24 92 -57 81 -44
-52 85 -79 -43 82 -24 95 60 -86 36 -31 44 66 -49 22 -93 70 -91 55 10 -85 -23 0 -91 -67 -65 34 42 68 0 -7 -65 -53 -87 86 -19 -11 41 2 21 26 68 -55 -6 27 -26 16 -53 -89 28 -71 -42 67 -35 -37 32 46 -35 -38 14 4 -49 21 87 -64 24 79 -58 -48 51 -35 17 75 -16 30 37 51 29 -13 84 90 -95 57 -30 42 -2 -19 17 93 11 68 -22 68 17 11 -11 -13 -74 53 67 -93
-11 -71 68 21 35 -42 6 -9 73 91 57 70 54 -6 -1 37 -58 -64 -50 55 -80 70 44 -2 90 90 -80 -66 91 97 -20 3 65 99 -95 65 -30 21 49 1 -7 3 -18 13 57 -62 15 0 -21 -50 21 -55 86 35 -82 -20 92 85 71 31 -15 -77 44 76 23 -51 66 -5 -20 -67 75 37 7 -54 -30 -82 32 -75 -71 -46 -15 14 -42 -45 -30 -74 -38 79 -100 -29 17 -87 90 -44 91 24 45 -87 68 -42 62
-38 24 -36 50 61 92 80 -9 8 42 -35 -8 52 -16 45 89 94 -19 -87 92 35 -64 53 71 47 20 96 -91 15 6 -98 -72 -49 33 53 98 50 69 29 -3 -89 14 -84 -20 -25 -44 -19 -29 1 98 85 34 68 89 95 2 81 34 1 -6 -7 42 14 -29 86 -65 -85 10 65 -9 71 -8 28 -88 82 68 -2 -29 -64 -80 -60 -87 87 56 -79 78 77 63 95 -4 -56 28 4 60 69 -24 58 81 -89 -100 39
-67 -83 -96 -6 66 -43 19 46 -18 22 -48 -94 20 -99 -64 28 -41 -75 37 -22 -94 53 28 -25 55 47 41 38 19 -41 -43 -57 -8 1 -63 76 -62 57 68 -58 46 -54 94 -41 -90 84 80 -10 45 -67 -69 -24 43 65 -4 50 -56 30 59 97 -5 65 -12 13 -91 15 -79 -43 100 -1 36 7 16 -3 64 -32 -30 -37 78 50 -50 -75 90 60 93 11 -7 -47 94 21 10 3 49 48 -49 -27 20 81 55 -85 69
-3 13 -10 -22 -66 -70 -28 -99 79 71 22 -78 44 -35 -23 -36 -45 -63 68 65 -31 99 22 65 -22 -95 9 87 -47 -89 -18 52 -42 74 19 -78 25 40 -65 92 85 -93 -8 91 -95 12 -10 -58 53 34 -69 -29 -16 -46 -16 -60 98 73 -80 67 13 34 70 30 -79 48 66 -88 -81 35 -94 74 -36 7 -28 97 -60 7 33 -36 -21 5 62 -75 75 -71 -29 -57 -64 69 61 91 51 -98 28 44 88 98 73 -22 -39
53 14 -5 -1 -57 12 90 -47 -74 -52 -9 51 51 64 0 3 -21 -42 -59 -80 -57 -5 -41 12 -88 -57 -24 -14 -49 -90 97 91 -9 -30 -75 -79 -48 -36 -19 -26 100 65 52 -31 -87 -2 65 65 -13 -48 52 -21 9 -69 2 -64 44 -84 74 95 1 34 -54 -63 90 1 -86 56 -83 34 99 16 -32 -48 4 53 -46 -88 -60 -90 43 -63 38 -55 -10 18 50 84 57 -36 87 -68 -87 26 -15 23 -97 67 -98 62 22
15 37 17 45 8 56 -96 -9 82 -94 -52 -28 -14 -9 69 78 13 -46 -40 11 87 89 -18 -53 -78 -3 33 -62 68 -68 34 84 92 32 85 81 59 12 55 93 -4 99 -87 11 20 -31 74 34 -44 -66 67 -83 2 17 -61 99 41 7 -54 21 53 -79 35 -51 -12 -97 -18 98 59 95 88 38 -71 65 30 -62 -93 27 67 -37 -15 -37 -100 32 87 -14 80 -90 -79 49 -72 -54 -82 78 11 -92 -44 -76 -44 48 -89
-21 -17 4 -44 82 42 -55 -18 -46 -8 27 -72 89 20 3 61 44 -36 -48 8 -82 73 97 92 -58 -67 -98 94 -48 57 59 0 -37 75 11 65 41 13 84 82 26 45 52 74 33 -56 1 -3 95 -88 59 56 23 91 74 69 51 92 48 -46 -29 23 -49 -61 -51 -94 33 -59 35 89 -84 60 -90 12 7 87 -21 89 -54 46 1 -30 84 61 -12 37 -62 92 -35 21 -61 -89 -19 98 -95 76 97 -70 83 -71 92
59 22 -83 2 40 21 24 83 67 -45 52 45 -61 -15 -87 -73 -92 14 -72 73 -86 -6 73 -75 86 -30 -88 -60 -27 -27 50 53 -32 29 81 65 37 -12 15 -17 -60 82 47 1 -97 91 90 38 -61 13 66 97 -56 10 63 57 -13 -83 -36 -25 -5 -94 -66 -35 -70 18 -5 -9 93 -36 38 -54 -67 -85 19 61 -23 15 -86 38 -67 -80 91 67 32 1 -96 -15 82 -60 -17 97 76 0 27 -52 69 -75 94 -90 -73
52 -25 37 -87 -22 -96 -42 54 -81 35 12 93 10 -5 -41 44 -12 -84 -10 39 -43 100 -30 -91 34 9 12 60 34 29 -54 -9 -75 -30 50 -71 89 -46 -56 -72 -59 98 68 48 92 -53 -45 91 45 1 -17 87 51 -77 75 -67 -22 -42 -46 82 59 21 77 -31 22 2 77 30 -95 -54 82 89 -23 -40 20 60 -94 -79 43 58 -55 -80 -33 82 27 57 -86 -54 -56 75 34 82 35 60 -80 -97 -51 -12 87 -36 14
43 -75 88 40 17 11 -84 -95 44 -17 -26 -69 58 31 100 45 -42 21 -12 40 -5 -38 -19 -67 -62 -33 -44 -84 59 -74 53 -37 -83 89 -72 -75 100 -84 -80 100 -86 45 -41 11 47 -99 33 11 -56 -97 29 -39 -98 21 -90 -89 -76 51 -51 -67 74 46 -5 47 27 31 79 87 40 13 71 98 -82 60 -37 -41 74 83 72 67 64 5 -48 71 -65 86 45 4 -36 -30 -43 -25 8 -25 80 2 -59 -69 19 -96 66
-32 44 -54 82 21 -2 84 -47 65 -19 26 78 -17 -68 85 40 -80 -53 100 -28 48 64 -100 -100 31 67 -55 63 -30 55 -85 85 93 48 81 48 -29 21 77 -67 85 -33 -68 -97 76 46 -97 -25 -18 20 7 94 -57 -13 -74 48 41 -89 -3 57 2 14 57 -68 -54 -16 73 78 -6 67 -59 1 51 -53 -31 -82 -58 74 21 85 1 -10 -18 97 69 -21 38 13 -86 -11 43 54 46 26 -82 -75 83 -39 62 -13 80
-40 69 65 52 -28 -67 65 9 34 61 -97 12 79 -31 27 -10 -100 -57 -59 67 -94 100 -50 -56 63 -28 67 20 -47 87 93 -68 70 4 83 -59 71 98 80 -16 71 -57 -53 77 86 62 87 -4 4 87 -27 42 64 78 56 -7 -51 88 -10 37 -80 71 -93 -9 15 -47 23 -59 -90 -48 -35 -56 32 -90 28 -8 96 37 -88 77 -59 34 59 68 13 16 -23 21 62 -23 96 95 69 -62 -11 17 76 61 -22 78 34
5 -23 25 -96 82 -49 0 -99 76 -94 55 68 -10 40 -18 -14 -42 -94 71 -54 67 -100 -26 -41 25 2 98 80 -61 75 -39 86 -20 -77 -23 -24 -25 -33 -59 -75 -56 -66 -90 14 58 -5 44 2 42 -39 -14 -41 -67 67 -35 -99 -40 26 -40 85 84 -67 -22 3 11 4 -64 6 -73 -6 5 -77 17 45 -98 -44 63 -5 -52 -27 -49 94 -51 -91 91 -14 6 97 41 -30 52 -58 -90 -86 82 -65 52 95 59 -67 50
-17 -34 -82 -91 -51 -57 42 31 94 -92 -97 -42 -95 42 43 74 -34 -54 44 67 -1 -1 -86 77 -40 0 -12 -4 56 -74 30 85 42 41 -35 -38 76 -76 51 7 -13 -20 -62 -52 64 -92 -99 28 71 -52 95 12 -15 -83 -62 -95 64 -2 61 31 42 -63 48 62 -22 -47 -74 -68 65 -60 -38 -26 92 -19 -32 -44 96 98 -44 -77 -86 -67 46 48 -68 -44 94 -50 -35 80 5 -57 91 -67 -13 -18 -54 -97 95 -26 83
-4 68 58 28 -65 -63 28 9 61 56 8 -2 -90 66 -10 -36 41 -92 -76 28 -1 -24 -71 -24 -26 -8 -37 13 -13 -2 -33 -75 22 -3 -13 47 -23 -19 36 -77 88 -28 13 70 61 -40 92 11 -74 -51 34 -61 20 15 66 -47 86 -10 -28 -13 54 19 35 -84 77 -87 -82 -45 71 55 9 -98 -10 77 67 59 25 28 78 -31 97 -67 -7 75 27 30 -40 54 41 51 -10 29 -90 -95 22 -40 95 56 32 -10 -63
45 19 -27 -22 -64 32 11 -41 -97 71 66 92 23 -54 -18 -56 95 -7 36 23 -65 11 -46 16 21 -7 87 -15 65 58 87 82 11 -18 46 -78 -90 6 -54 -68 8 -34 -80 54 71 -47 -59 7 35 42 72 92 -97 45 98 16 -53 -84 -71 26 67 67 -80 31 6 70 -68 27 95 62 98 71 -4 -79 -93 -14 -3 96 66 -40 45 -60 -71 62 -34 -82 -65 -96 -49 -59 71 -6 89 -76 -30 -70 -85 54 -17 -65 31
-94 -36 67 39 -68 52 -79 63 -84 75 7 -18 -60 -86 27 87 -41 57 90 24 74 -59 -32 6 90 -97 -39 90 90 -5 -22 -94 67 -42 33 -68 48 83 51 65 -66 -64 -60 10 -40 35 -80 -43 13 61 -35 -62 -85 -42 76 -38 -80 -59 -86 -90 80 -42 74 75 -30 -79 -27 5 -20 -57 -76 -22 -70 70 75 90 24 -27 53 7 72 97 -76 -23 -48 -16 84 -90 50 44 59 56 -31 67 36 74 77 99 26 -67 -7
-21 -44 -10 74 -72 -80 -43 14 58 98 -35 42 -9 -52 -71 2 29 89 87 -8 10 -99 -84 83 10 -36 -10 26 -100 42 -43 -32 1 71 -7 81 -93 -33 -94 15 -66 -33 6 -4 69 -10 -44 -31 -50 -56 15 -4 -19 86 -64 67 -71 -36 60 58 43 -54 -66 54 27 -12 65 53 -47 -69 79 -46 69 59 -59 -69 -37 47 -16 -6 57 -80 46 -57 -89 89 -17 84 62 57 -86 14 -21 88 -96 -71 16 53 -27 27 -8
96 -61 -98 -42 89 69 14 -65 -35 -31 -11 -32 -10 -36 54 50 -92 -24 -44 -3 34 100 17 49 -20 -37 14 78 -71 25 59 39 -96 7 -65 -90 83 -9 -54 -98 85 69 9 -82 90 99 48 -23 59 83 19 -27 23 28 72 52 -23 -90 70 56 54 11 -41 53 -57 23 -34 35 -90 -74 -4 -63 14 13 85 42 26 37 -100 -97 -59 77 41 -56 -20 92 38 -85 4 -65 43 -63 1 4 -69 94 93 -8 -51 41 -85
-49 63 -97 66 52 83 51 -74 -8 -70 -51 -52 -22 -62 8 -18 53 -46 74 94 -87 -11 20 -7 81 3 -22 30 -69 -98 -9 43 34 -15 -84 39 83 -9 18 73 -90 -94 -80 -95 -87 96 -23 63 -59 -58 -51 56 27 61 -80 -11 -88 38 80 21 -49 45 78 98 -96 65 33 -71 -13 -14 -92 0 100 -95 -17 35 78 3 74 53 85 -77 79 8 -19 -98 4 -45 96 -17 -27 94 -27 -8 80 -9 72 3 -45 16 38
39 90 90 97 0 87 78 -70 -22 -10 -48 99 23 88 -22 68 -43 -5 -79 -70 13 85 83 79 100 11 45 -21 -54 38 -39 -38 -38 -73 52 37 -50 -76 4 59 -88 31 99 86 87 -6 -24 -64 28 89 -21 -83 83 75 -70 -19 61 91 86 -94 -38 58 24 15 43 -30 -25 -97 89 78 71 -9 80 -1 -42 19 24 6 17 -17 11 -43 -55 54 88 -26 98 -81 -18 -1 16 -58 -55 -59 58 -68 -45 -62 -73 42 -42
23 -62 87 84 -67 17 100 -8 45 7 -64 -15 -95 -44 -55 61 -3 -55 18 42 35 -37 63 -95 -35 -50 -58 75 52 -7 20 43 -2 89 -44 -81 31 -88 -77 25 86 21 86 -31 10 -93 79 -66 -21 -37 -15 91 14 41 -35 -96 -51 -17 -88 -88 54 79 -61 17 -53 87 75 58 17 -21 -90 -9 45 -82 70 44 -51 -59 11 -51 94 5 -89 25 -14 -60 -70 -69 50 36 -98 30 -11 73 -15 73 20 -16 69 42 -91
7 48 -84 -34 85 -7 28 35 -12 -29 -71 46 35 30 40 81 5 59 58 65 15 -93 79 58 76 -74 87 -81 58 6 -58 69 31 -20 -51 0 -67 -1 -88 -22 74 -43 -27 -47 97 40 -5 -35 -97 -79 -9 -34 60 -95 45 -26 91 -74 63 34 -7 2 -64 43 94 -78 99 -67 50 26 -43 18 -59 61 -23 -77 85 -50 60 -100 30 65 -30 -13 53 11 -2 77 62 95 -30 -37 -100 88 -65 57 -31 -27 -38 20 -39
-53 61 -27 44 44 -88 53 -31 -85 91 -39 31 -34 -17 -31 -100 -37 -26 -16 43 22 17 31 11 -77 -73 37 58 16 47 -19 32 69 40 71 41 10 -2 -76 -17 6 75 -94 22 15 41 -77 53 38 27 -93 2 -22 72 57 -12 37 89 31 28 68 -83 43 -85 -26 -96 100 67 54 99 66 -46 47 -32 -36 -51 -91 14 -9 -51 -28 59 35 -83 -7 56 -87 12 -49 46 89 23 62 79 63 -33 -73 43 -50 15 35
-56 47 38 -4 19 -33 -2 47 10 -56 -42 -81 24 88 -83 13 -56 -81 -91 -82 -12 32 -48 28 64 -26 100 52 52 -21 83 26 68 20 0 -82 28 -35 -5 33 45 32 69 72 60 -11 -23 -29 86 56 -15 69 74 15 24 -89 18 94 26 58 97 14 67 -64 -10 44 -5 -17 27 97 -52 87 -65 -36 24 -53 52 -33 89 -64 1 -66 -96 -43 -25 37 61 96 -92 76 -74 65 88 57 66 -62 27 11 -14 7 -15
-96 -53 -59 29 -34 70 -67 37 58 -46 -14 -15 50 18 -40 -47 -63 89 -81 39 -25 29 -91 74 -94 81 21 -68 -72 -56 -20 -43 -6 12 -62 -73 -54 -87 -13 -9 100 -43 43 48 -73 60 -48 -66 87 -76 -65 -29 -62 -6 -94 -38 -78 0 50 -77 20 94 65 53 -29 30 93 -51 48 -2 56 11 -92 -36 -84 48 -77 77 -16 66 41 -40 -34 37 -28 -7 -77 -32 -36 54 -91 -26 -43 14 89 5 -31 -98 85 40 -79
-31 -94 10 90 -52 9 -9 -96 -94 -11 38 -90 -75 -73 89 34 21 76 7 -92 14 82 14 92 98 -22 -32 -82 -49 -2 70 50 -95 12 -65 -38 -60 50 79 68 19 4 -64 56 50 -44 15 -67 -82 -45 -76 48 -46 -20 -97 -17 49 -20 -48 81 -15 -82 59 -56 -53 -61 -3 -70 10 -50 -21 82 39 60 8 18 -89 -90 -76 -62 12 75 21 50 -59 -68 -80 -63 -54 -49 -1 -97 53 -54 -79 -48 43 56 -66 -29 -47
-62 -76 2 64 76 5 -14 81 -41 14 -85 2 -63 -97 97 -99 60 -50 77 -44 -19 77 93 55 -79 -30 -82 74 -82 -32 -87 -9 33 81 84 -73 -56 58 -77 -33 -65 66 85 -16 4 21 65 -83 -58 95 64 69 -96 45 62 19 38 -3 78 -48 -17 45 6 89 8 -24 -3 84 37 91 89 -62 -15 -30 -28 21 75 92 -81 -11 65 24 9 56 -81 -63 -15 -39 87 26 82 88 10 -4 -10 24 -28 -32 -11 19 5
-79 42 -28 95 -30 -23 -26 -95 -92 -4 56 70 25 -29 20 76 -32 -77 -16 65 -48 55 -19 -27 -62 -11 81 -35 21 30 -36 -25 5 -25 -5 33 1 29 51 91 -59 17 94 99 -91 57 -8 -53 71 -58 77 41 -46 -58 85 -100 -91 79 48 82 97 -6 -13 -14 -13 79 95 95 -33 -5 78 37 34 -49 -51 -72 73 -48 69 -26 -98 -56 2 19 -92 -32 86 35 26 46 39 -27 98 19 21 27 -50 49 -30 96 91
70 73 58 -62 5 -94 90 30 32 66 -9 -84 100 0 24 -69 -55 -63 59 29 -8 95 16 39 39 -4 60 88 21 36 7 -9 -62 -30 24 -16 11 82 -28 -77 -78 45 9 44 11 -59 27 79 -42 -19 -76 -67 -14 -82 79 31 -49 29 72 37 31 6 15 36 -93 -57 100 78 -19 -47 63 60 26 10 18 81 55 80 17 75 -90 -6 84 65 -96 -53 -54 1 -73 -99 -91 46 82 22 -47 -64 -30 -41 69 -76 13
57 -90 7 4 65 35 -17 23 94 -98 -16 -93 94 -16 92 41 -1 39 -1 34 -96 -15 -53 39 75 -20 -4 36 -34 -29 -30 28 18 11 20 -97 73 71 65 -6 -39 62 4 -72 -82 79 62 0 18 -39 59 5 64 -71 98 41 70 -59 -29 -83 -54 99 96 86 40 57 -83 47 -46 -29 54 -30 -14 46 -19 -25 -16 26 60 91 78 61 -91 -7 -12 -73 4 -29 -74 -24 -14 61 -89 -94 -48 -35 -4 94 16 100 12
56 -3 96 -39 -15 60 48 85 31 8 41 -46 88 66 -67 64 27 -67 -43 16 83 -32 46 22 -2 97 84 -75 -91 0 59 -42 -36 83 -75 45 -67 -6 -17 -78 1 -24 72 14 -52 53 -70 17 -78 32 -98 -2 69 -26 64 -61 22 93 -98 -42 -71 -70 32 69 67 99 95 -11 1 -19 91 -10 49 -14 -15 18 -26 91 -68 87 -76 -45 75 94 1 19 -8 79 68 6 0 74 -37 -36 -98 60 -12 -98 -15 11 -32
-37 56 3 -82 11 76 56 1 40 1 -48 39 58 51 -13 54 -94 -32 -95 94 75 57 70 -41 75 -13 -3 -60 -91 32 -33 53 1 -94 97 -71 50 41 64 -82 -32 -19 -2 23 -24 -33 28 -98 -55 -85 -76 -27 -81 45 -19 -14 98 50 86 81 -33 86 -82 -75 -89 33 -88 31 1 44 -15 56 27 -56 -37 -53 87 42 10 11 -92 -63 2 52 -15 26 21 -46 -18 -60 5 -78 -70 74 -77 -5 -66 -99 32 25 82
82 -34 40 56 21 69 49 37 -90 37 -3 32 -74 -41 -69 49 16 5 -60 -33 -63 1 -35 -88 -50 -37 80 73 54 30 -88 -62 55 70 87 70 21 18 -4 -52 68 64 43 71 -47 26 -77 0 95 7 -74 45 83 38 -29 -9 -85 55 63 32 -44 34 -65 70 -92 -17 -69 89 -8 99 -27 -25 -24 23 -86 70 -84 76 -28 70 -18 76 -10 -83 51 93 -83 37 77 -23 47 -40 82 95 79 52 4 -71 -66 -47 -18
48 100 -83 -77 3 -71 33 -37 -99 -23 -72 -96 -94 -66 -71 -38 -68 47 16 66 -8 -55 63 9 -40 61 39 -18 42 -83 28 77 -30 -77 -33 -56 77 1 63 99 -59 3 -18 25 -30 79 -96 100 -1 3 -69 -73 92 92 49 -24 -58 53 -57 56 -86 -42 -38 -9 -12 -76 -4 83 30 63 67 -50 35 92 43 84 70 -24 94 87 56 -1 -79 -43 60 68 -100 -22 -33 -48 97 58 -68 28 9 -64 77 -83 78 82 76
100 -90 -53 83 26 19 -34 -99 -24 -95 37 -66 -19 43 -7 26 8 -10 -57 -90 -37 -96 -70 -77 -67 100 48 -38 27 -88 99 11 -6 -71 -28 83 53 14 -61 31 45 53 -42 -28 -79 -90 92 13 9 -83 93 26 -31 -73 68 78 10 -78 43 -19 13 -43 57 -62 -9 74 -71 46 31 80 54 69 -14 -87 -74 18 -58 84 47 84 9 94 67 -33 9 94 0 88 39 -74 -1 -70 -28 -13 -12 -74 -49 -99 18 -58 -48
-40 -11 51 -82 -7 -43 -92 65 14 6 -6 -53 4 71 56 44 -17 93 -25 -74 -90 -44 19 9 8 -70 -44 57 -64 -51 54 -21 90 40 -82 85 -57 65 -77 -46 66 -67 -24 -45 43 11 -74 64 -27 -88 -51 66 -45 78 57 47 56 43 32 -26 -66 11 -18 87 -35 -92 -4 -34 11 -52 70 22 -50 24 -36 61 62 0 -49 33 -42 -33 -62 -1 74 83 -13 -4 -63 45 -98 63 -66 -10 3 28 9 1 28 59 6
-9 11 67 -80 35 -79 -12 -15 35 -51 89 100 -99 99 -84 75 34 55 3 77 17 18 -70 -55 6 -14 -51 -7 9 -54 52 -59 -70 -90 0 -36 -5 66 99 -29 68 -37 3 21 -34 23 -96 32 -96 82 -15 43 21 68 -65 29 37 -51 88 -4 -99 34 89 -100 -83 -70 89 -49 -26 67 -87 83 -31 -49 8 70 -9 -46 -91 -84 84 26 83 42 -89 57 -32 -15 43 -31 -79 -7 49 -52 21 -35 -23 -31 68 -41 -78
71 -58 -51 -61 -41 83 -27 82 26 33 -94 89 -34 -95 18 89 79 -22 -5 74 30 -97 90 37 29 12 -63 24 -76 8 -53 -85 -97 25 54 56 65 20 15 -33 -68 11 -93 -78 -50 86 51 86 -69 -54 -89 -28 95 19 -87 47 -2 -8 72 18 58 -11 -16 92 -67 84 71 57 42 -87 73 77 7 -60 -42 0 61 -54 57 -78 -3 54 -4 -88 62 42 6 28 19 -97 -4 -26 2 -90 43 -81 81 -91 74 -56 -65
-90 6 -98 7 -50 30 -94 -66 65 -51 28 -34 -8 7 -52 87 -70 48 50 97 -50 -93 -13 12 -78 29 -18 13 -52 1 -72 -23 7 -99 97 -45 11 -97 -69 86 -74 22 5 -25 -30 23 29 -60 60 54 22 -80 -2 68 73 51 -87 -58 94 29 -81 -91 30 24 -68 13 -45 77 -8 82 -30 -41 20 0 -81 47 -33 -50 -68 20 -58 95 57 70 -34 -37 34 53 -91 -37 6 92 -71 -64 -47 -75 -84 -58 -46 72 19
-36 -83 -7 40 64 -2 83 -83 32 -53 81 82 97 -91 -23 76 33 -7 72 -2 40 -96 -34 -67 84 -46 -30 80 22 -50 46 -14 24 -8 -82 -71 -16 -19 85 -23 -44 66 -92 -67 -27 -43 -90 53 -31 -29 -97 1 -45 -35 92 4 -92 -93 -78 -6 70 -40 -92 -74 16 15 72 83 -91 88 -12 13 -44 -70 17 73 66 -74 76 -47 -58 -19 79 9 -93 60 -83 -32 22 -84 -18 2 -42 65 93 -10 -69 38 22 -22 98
-78 77 -20 -37 -36 -87 -43 63 -52 38 -51 38 -22 13 13 -21 92 80 76 9 11 -76 -6 -15 -73 -69 -32 97 42 83 56 54 82 -29 49 -78 84 -42 -34 -84 -92 -40 -58 33 21 -17 -51 100 24 99 10 -80 8 47 -73 65 -52 47 -3 -91 -74 99 68 -24 -52 -76 93 -3 -86 73 95 -56 87 -99 31 29 67 89 15 28 -96 9 64 78 -10 -56 -41 48 31 -55 -67 -17 -23 66 -40 1 -87 -95 36 -83 -33
10 -33 -63 -59 14 -80 -1 -25 -79 21 -23 -96 66 -86 73 -33 -28 -24 -52 66 -73 -35 -6 92 17 22 62 54 90 15 66 15 29 32 -99 -69 35 12 -56 -1 -60 -91 -79 -7 32 -88 -17 -100 2 -93 28 87 95 -52 -75 73 -81 29 -55 -43 -96 -45 -14 42 23 -38 -51 43 -58 -26 -5 -93 56 91 58 97 -8 97 -21 52 -31 -69 -94 -27 89 62 50 95 12 -38 95 -3 20 85 -87 61 42 -14 37 72 -68
-96 26 93 -66 16 2 -54 -97 54 -49 48 19 74 -7 74 58 88 79 -52 -78 35 12 -83 59 -76 -9 -53 97 -56 -46 -65 19 27 -14 -26 -39 -40 -72 -42 62 91 -16 66 -8 8 91 65 65 -56 -56 -6 22 -11 -5 84 27 90 -35 -64 55 56 0 -95 76 43 11 -51 -77 -18 93 -10 -1 81 68 -92 7 -70 89 99 -74 99 29 -80 -26 -97 51 88 35 -92 -79 -83 76 -3 64 -27 55 -80 8 -84 95 -52
-87 56 58 -16 64 2 64 -1 -68 53 99 52 -73 -21 -80 -58 63 15 -7 57 17 -52 63 42 -57 6 -29 -78 24 58 17 27 -33 -97 69 -36 71 -15 -83 26 14 -34 60 -50 24 -52 99 -17 68 -37 90 -17 -8 -87 61 -39 -2 98 29 1 60 49 -72 -78 92 -63 46 24 16 11 -63 45 32 -66 14 46 -62 -34 99 87 38 47 94 53 27 94 43 -32 72 34 -1 -30 85 -96 -13 56 -20 98 50 1 56
-80 -40 28 79 33 -79 100 -47 1 53 22 60 16 -92 59 92 39 10 98 95 91 87 -42 7 59 -66 24 -31 97 94 94 18 38 39 -45 32 -58 -98 35 52 67 -73 18 55 -42 -24 -14 86 -25 -62 -100 -35 -76 1 59 21 -42 29 -84 63 76 56 -12 7 -72 -78 -63 -25 12 39 -15 -42 43 -38 -70 31 -75 82 83 2 82 66 -70 -25 86 -90 87 -51 -69 51 72 1 -43 -90 -43 90 -85 0 9 29 -26
8 -50 -68 -74 70 29 56 0 65 45 45 79 -32 -71 -82 -89 -68 -98 2 -51 -77 53 -17 41 -92 -22 91 45 24 -59 32 84 84 -62 81 -55 -33 -19 -89 65 42 -26 96 68 48 99 -62 -47 -27 41 84 39 -42 -61 72 55 60 80 -77 92 -63 77 -55 27 -64 24 68 51 -46 22 -4 -41 -93 25 26 92 94 -82 -20 -58 -32 69 15 -88 -93 -62 -89 -73 11 76 -33 85 -94 6 -80 67 41 -98 -9 45 -88
-28 79 -6 45 2 94 100 -34 -74 29 15 -1 82 -90 78 16 62 -41 -90 -90 -95 -32 67 31 62 68 42 6 -1 28 -3 32 66 -71 -32 -76 -66 -96 -83 -62 -22 55 59 53 75 58 -37 -13 -71 29 21 -13 -47 -59 73 -8 -35 -87 48 27 39 55 -58 77 15 45 -82 -14 74 75 -56 -57 7 18 33 -39 -55 12 -24 76 63 -54 7 52 -60 19 -13 -62 0 30 21 -44 -80 -97 12 74 62 -73 35 -82 -97
-28 -86 -46 82 76 -2 -37 -13 -26 -23 80 83 30 -26 7 -27 -95 -77 -38 62 -10 20 1 -96 68 -20 30 -50 -100 82 81 -16 53 47 53 3 -34 49 -98 -58 -22 -53 19 30 -61 25 -52 45 -46 -87 -23 -83 -19 -92 9 -86 -63 -78 -82 -75 -63 24 26 -68 -56 95 26 -41 90 -79 -14 14 -68 -63 -100 -97 56 -32 91 -77 -65 -41 53 98 -99 30 90 22 -19 5 32 30 99 -1 -63 -26 -51 26 26 40 -61
39 -39 58 72 -31 3 40 10 56 1 25 0 94 -35 99 69 -75 -16 -38 47 -4 -28 7 -17 -50 -33 -56 99 -57 -100 -77 60 18 4 -84 45 -62 57 55 23 -77 70 -100 86 -57 -37 33 73 48 -7 10 15 -60 37 5 96 11 -78 -79 83 75 4 55 -33 35 88 -61 -54 74 81 -60 -51 65 -47 -87 -82 30 72 -56 -12 -56 -99 96 -56 -5 -39 47 94 -90 -21 -93 -97 -92 -55 -44 -49 56 -38 -83 0 -79
-18 17 74 6 82 -79 46 -85 70 17 26 -43 -55 -26 87 39 45 27 95 -35 100 -59 -75 42 -53 -39 2 62 4 -84 16 -8 -5 25 -92 85 8 37 100 -68 -82 72 6 -19 35 18 -63 -43 20 91 -96 -36 81 73 -98 -25 50 -72 87 -98 31 -49 19 83 -21 33 64 -90 72 89 -54 11 11 -64 48 22 -44 76 -93 -93 20 -70 -36 85 46 31 37 -87 74 -48 -98 78 -28 10 96 45 -57 49 64 97 15
-70 72 43 47 -33 63 54 93 -24 -84 81 9 -66 -60 87 -75 56 -7 87 -26 30 -75 35 67 95 -99 -14 -96 -12 -85 -6 65 -89 -93 5 25 -42 39 -69 41 -91 27 -78 -25 25 -3 19 50 -51 1 46 99 -87 2 -9 26 27 -40 80 -40 3 -87 24 -76 -60 61 67 91 30 -76 43 -60 96 -98 -15 96 -91 47 34 73 53 86 6 -60 -99 47 -15 26 -96 12 12 10 -63 29 -39 2 -62 44 -18 -34 26
56 37 37 83 -3 -20 46 10 -98 -72 -8 -22 -77 -59 -45 -72 -73 -88 43 48 52 35 -32 -56 99 -56 -58 -9 20 -65 -33 43 64 82 11 -55 90 44 -64 -6 54 -13 -56 -94 78 79 -26 -93 -97 38 12 70 86 -52 30 -16 3 -76 -15 55 -55 21 27 12 13 -31 -67 62 -76 84 -93 61 55 21 -62 71 55 -60 -12 66 10 -67 43 -55 -77 -83 39 50 23 13 -87 -58 85 -19 79 33 13 96 69 -24 21
-79 78 21 -83 64 -95 -5 71 0 -32 -25 -46 69 27 36 -34 94 7 92 90 29 -7 92 47 -2 48 -14 51 -59 -34 -56 -81 66 -58 -82 -29 -13 52 75 -85 -96 -65 -25 71 -32 -60 97 -39 -79 -62 80 -41 -46 -17 89 -7 -3 31 43 -22 13 -51 -99 -51 -23 66 88 -12 -24 7 95 46 13 -73 100 -8 25 27 -6 27 62 61 -92 -67 78 -13 -43 -54 41 13 -26 36 86 -57 -40 94 33 -8 41 40 -67
97 -78 -62 10 -91 -11 -14 33 32 72 49 -91 -47 -53 4 30 -17 -56 -88 62 15 -64 -31 -35 -55 89 19 -51 -9 51 69 82 86 3 47 -1 -8 27 -30 -86 13 32 -6 33 -2 34 2 -38 65 -64 -80 -61 6 78 -71 85 90 78 65 -32 -57 11 -89 38 10 -85 -58 -12 -64 86 -35 94 99 -72 10 33 -7 31 -71 -53 -5 58 -54 -12 78 -82 24 46 47 -33 -66 44 42 -91 4 15 -80 34 -20 51 39
-95 77 -37 47 -94 90 -71 -21 9 53 -9 -11 31 25 44 31 82 -63 86 -72 -46 -97 -21 -35 45 -8 13 85 86 -21 -99 74 -60 -83 18 -81 14 97 50 54 -87 79 45 -18 -46 22 76 6 -16 34 -50 -55 63 82 84 -62 -14 -6 32 0 49 -24 -61 37 -41 77 40 38 -98 -90 -74 -16 -66 -58 2 -4 -100 36 20 56 -37 54 93 69 38 -58 50 43 62 -36 -88 -86 -63 -66 -10 -83 -2 -71 -62 -97 -66
8 -27 -65 -42 -5 54 -48 -93 -74 36 -71 -68 94 41 48 -87 -63 66 81 13 -19 -14 -84 71 61 42 -72 31 -72 -72 -8 -19 -68 -25 -1 78 -7 -74 81 -69 91 -1 47 34 73 27 19 -45 -44 -30 31 90 14 -63 -66 -37 -72 -43 -60 8 2 7 -95 100 -30 45 88 95 -6 22 -29 -10 -69 35 -73 -74 -50 55 -14 -73 33 -49 36 11 1 91 71 84 -45 77 -76 3 43 88 80 -97 -88 47 21 -1 51
-26 -100 -73 17 38 61 44 96 65 21 -97 83 13 13 -64 -36 70 -97 85 3 18 8 13 -18 -18 -44 -40 -25 -52 -59 -80 26 -70 -81 84 17 -50 90 76 -57 -7 4 19 -52 9 -94 75 49 29 13 -36 -89 9 29 99 82 -13 70 36 74 0 -8 41 -25 -36 31 -62 -67 11 95 -37 46 13 -100 -59 -19 -6 8 65 -59 -59 35 -48 -95 -83 45 -88 -32 4 -62 45 83 -31 29 -75 77 -10 -39 86 29 59
