-0.087300
1.213527
0.136571
0.153915
-0.167111
-0.408252
-0.079754
-0.922773
0.273347
0.509030
-0.299742
-2.474234
1.171530
0.210049
-0.372770
0.329578
-0.644969
0.265264
-0.214003
-0.763338
-0.635660
0.265202
-1.685907
0.290293
-0.521454
-0.511973
-0.782187
-0.410250
-1.221657
0.160112
0.896632
-0.783225
-0.848293
-1.071437
0.057286
0.692395
0.855997
1.343489
0.479502
-0.604464
0.725307
-0.303274
-0.165097
0.566928
-1.035398
0.589626
0.555911
-0.633617
-0.332116
-0.297760
-0.146676
0.608244
-2.461540
1.326760
-0.289957
0.195625
0.183080
0.721617
-0.878561
1.457878
1.071100
0.174498
0.744880
-0.448893
-0.584338
-0.674452
0.033694
0.030504
-1.408976
-0.701732
0.309389
1.386587
-0.022648
-0.378958
0.258231
1.043985
1.305198
0.595860
-1.114602
-0.650671
0.276522
0.000850
-0.657577
-0.239601
0.011822
-0.642191
1.183526
-0.475385
0.753724
-0.853023
0.408983
0.699081
0.549645
1.250049
-0.288728
1.359613
-1.096441
1.224132
-0.512636
0.203456
