46 91 0 -23 -54 89 23 3 51 -85 37 62 32 -76 -8 -25 -47 13 60 -93 -10 -44 -26 69 -100 100 63 -22 -48 -24 -92 47 14 -67 -16 -97 -86 -30 -46 97 84 83 13 11 -63 -45 -26 -85 60 -40 -45 -23 20 12 -30 94 65 -83 69 -68 71 20 70 -9 -11 -58 9 99 32 -72 63 13 -75 -55 54 -22 18 7 58 90 -14 -42 -21 74 21 -26 75 75 -80 -22 -61 90 81 -30 29 6 -24 -29 -39 84 82
21 20 -89 -86 40 0 -60 -48 51 -56 16 -90 26 75 26 -14 99 98 22 90 51 45 50 -40 -52 -39 70 95 1 91 -45 96 -51 -19 -14 46 -11 -24 64 56 -72 10 24 70 13 25 -55 -47 -20 69 -81 -72 -79 45 29 22 3 -56 66 -51 9 22 88 44 -77 77 98 58 -19 37 29 25 -73 -52 8 10 75 -8 -30 -2 -72 2 -46 -15 -25 13 37 -51 -63 69 -52 -60 48 -92 96 10 -75 -80 57 -58 -72
-48 86 -14 -81 -1 -40 50 63 -46 92 -70 -40 -48 -51 55 -61 41 61 57 -61 -32 -77 -32 60 65 1 88 25 -88 -34 80 84 70 -25 -63 51 4 25 89 -18 35 -99 -62 60 34 -59 91 28 -59 82 15 11 11 -50 -92 -95 56 91 -89 -71 13 -63 -5 -90 -7 60 48 -67 40 29 -33 -22 -49 -28 -6 -25 51 -25 63 -53 -76 64 27 26 -44 72 73 -40 7 -70 -21 78 72 -52 100 -68 12 -24 -33 -76 -19
26 6 35 49 30 78 -68 -91 57 86 -58 -46 41 90 -58 -77 -84 -21 -65 -17 53 45 5 83 -30 7 21 -99 -92 -28 73 -39 -43 -21 -61 13 -61 -91 40 97 -86 90 96 -11 -81 54 35 0 -68 -60 -61 -6 85 -4 -35 31 79 -71 -71 -55 -57 -35 59 6 -34 51 -56 14 -66 51 -32 95 37 3 71 89 -55 -56 -18 -25 78 -43 46 61 94 11 -94 58 4 7 -55 -38 -35 97 64 -46 14 86 -25 23 -20
-80 96 -16 -55 -67 98 -75 -70 86 76 -66 -51 -62 -85 -69 97 27 74 -29 -17 -68 90 97 98 -38 -99 79 71 -1 57 -80 72 -7 -99 -45 41 -35 -70 -53 -43 -22 57 63 -23 -8 -53 82 -95 -69 82 -34 58 -33 -50 34 -86 -5 32 56 52 -5 -13 -37 -87 33 45 -98 25 -81 -16 19 -20 42 -27 -91 -16 39 -55 69 48 88 -22 82 19 98 -67 82 -97 -42 -81 32 7 -89 10 9 80 72 -23 7 14 -35
28 92 -39 -1 -42 25 64 -49 -35 65 58 -97 75 67 21 97 -8 -90 61 -40 -72 -81 41 -10 16 59 2 74 67 -30 53 -77 62 -13 31 54 55 86 -17 -10 33 -19 35 14 92 16 10 84 71 90 -58 8 25 30 8 -67 -27 -11 -63 92 -8 13 -13 38 -62 50 7 3 11 -49 5 18 12 -2 75 -53 74 -63 -29 -32 10 -81 -50 -76 77 -73 74 -57 -1 -93 75 54 -75 12 14 4 -55 29 -71 2 5
87 3 98 -44 60 -34 -95 8 -23 51 -48 43 22 -39 -64 6 45 35 -34 -99 68 96 -38 55 -54 99 -48 29 16 -99 -88 -58 -69 -14 72 -79 -45 -7 -10 -43 76 0 33 99 77 -63 81 44 32 18 -87 -17 -15 -1 60 -41 76 23 3 75 43 88 -70 15 -44 -97 -58 -23 89 68 -72 27 27 -81 -94 92 -81 -54 54 -78 100 -66 -23 -100 46 33 -2 98 -14 -83 5 -40 46 68 30 53 -100 -71 27 35 52
-26 -50 31 80 58 -38 -61 24 -65 -79 -25 -18 12 -25 70 58 -4 64 29 -36 -100 -2 51 -21 91 -79 63 -94 14 -64 -84 -27 -26 85 -19 72 100 20 -33 -23 -28 74 -40 15 -24 4 25 44 18 14 -61 -57 -45 -32 23 23 -45 -100 -77 -25 -85 67 18 -61 -94 -8 -50 -54 -59 -64 29 -31 2 50 59 -41 76 64 84 71 -29 57 94 95 65 76 72 -81 79 22 -19 -17 -7 17 47 31 -72 -8 92 -45 28
-80 -13 66 -86 -22 -42 -30 6 -51 -55 -53 45 -93 -85 -49 -100 64 69 -45 59 12 -83 78 25 34 48 -81 -22 -97 -80 -78 9 88 9 -69 -79 -94 41 -41 -69 -58 -30 76 -53 -43 -21 -63 87 -31 82 1 -67 -19 10 58 21 80 -75 16 67 86 -26 -17 16 27 97 8 42 -39 30 -47 -48 -85 59 30 -28 25 -57 34 -31 -17 8 11 -27 -46 -77 -33 11 -54 -35 95 -29 -43 58 26 -78 30 4 76 -19 77
-48 46 -1 37 9 -77 -55 80 86 -24 -56 -40 -6 -53 -7 -56 60 69 79 18 -29 27 -78 16 6 -41 -42 -24 51 54 -88 93 76 -13 17 -47 11 30 42 -47 33 -45 62 -91 71 10 -72 -1 33 50 26 9 -72 44 30 69 -54 63 29 -94 -35 34 -56 52 4 -74 -80 -75 2 -90 -13 -42 -34 -57 -67 -11 -23 52 69 94 21 87 55 97 -91 83 81 -97 -90 -92 -28 43 91 76 84 19 -27 81 97 38 47
33 45 99 16 72 93 9 -85 17 -96 89 55 -15 66 98 -67 12 69 68 -42 -9 -96 -28 -48 46 86 -58 -70 1 16 20 -100 19 25 -18 -39 -100 78 94 -54 -78 -33 -75 -50 44 -4 15 -91 -50 98 -48 49 18 38 87 -30 24 72 -64 -24 43 1 23 -90 1 33 68 -19 93 68 -84 -74 -65 88 -43 38 39 79 0 54 -98 34 32 -51 47 19 20 -44 35 23 -27 68 89 5 -92 -11 4 88 59 -95 2
-9 -98 -6 -96 41 -48 -70 -6 -70 9 87 -32 -49 -55 -1 35 -39 61 -75 -61 -48 32 -94 -92 -21 -18 -24 -50 71 21 -96 17 52 43 -59 -7 3 -80 60 -36 75 -60 52 67 34 37 93 -35 -40 -87 84 15 -64 0 46 -6 17 -69 68 3 95 78 -11 -83 -87 69 -99 100 -96 -83 75 18 82 60 88 -25 51 11 22 -82 -47 -22 -8 95 88 -22 68 32 -81 94 -2 -65 -41 -3 -29 50 27 -46 28 -47 -15
-19 81 -17 32 26 29 -91 -48 -83 -1 -11 23 -80 17 23 57 90 -76 -19 -1 84 36 99 35 75 81 27 -42 2 24 83 21 -86 -85 -3 -47 -90 66 60 -72 26 25 -99 64 -1 34 -77 23 50 57 68 -98 28 -99 75 -36 85 -39 47 29 18 -46 -81 -69 -83 -37 -34 38 41 -33 4 -76 -40 20 89 -78 8 40 84 -59 -66 -80 -75 -74 86 -35 -27 87 12 -10 -2 13 43 57 -40 30 63 -15 76 35 -68
-13 -26 53 78 6 59 19 10 31 25 3 65 42 76 34 -95 72 -39 -27 -12 60 -79 -80 -82 -16 -54 93 91 30 -84 -2 94 46 -91 33 -59 -56 -43 78 -44 29 -44 13 -28 25 20 -39 99 -54 2 -70 77 58 63 44 76 16 12 49 -46 -68 -8 91 33 78 -58 -29 33 24 -17 -100 -69 -44 -100 4 -73 6 -16 -46 11 -56 -68 -86 -87 20 76 -61 -80 -51 17 26 50 45 44 -99 -8 69 -3 68 35 -59
49 83 53 90 -80 73 82 -72 -8 -92 -5 -34 -19 -63 -21 -73 98 -13 -42 62 -9 70 -34 66 84 -29 28 99 -13 -36 71 -54 -66 52 -79 32 22 -70 -52 79 -56 23 -18 87 -92 -86 42 49 18 -53 25 79 62 1 17 -15 -8 41 -17 -39 82 -67 79 -66 -34 -29 73 80 -79 96 -96 -47 95 -67 -92 -7 60 58 -10 -83 82 -64 -99 96 54 -78 77 21 -90 99 49 73 96 -76 1 62 87 27 -99 -55 38
81 67 21 -2 -33 99 -37 -100 99 -30 -50 24 56 62 -76 32 78 64 36 -23 -7 -35 7 -95 53 -29 70 -14 -68 29 -9 -3 -89 -34 32 40 91 -26 -11 -47 91 28 2 64 -72 66 -95 -23 36 -57 34 -33 -63 34 -34 -95 76 32 32 85 -91 24 -53 -61 78 -44 46 76 21 -25 8 -43 -55 -41 79 -98 -68 -77 53 -33 -84 -40 99 12 -47 38 11 98 -62 88 24 77 -18 98 47 -88 98 60 99 16 -66
-6 -74 29 -20 81 44 -38 77 62 30 90 74 -23 -15 -19 68 72 15 -11 83 -56 2 -83 31 -68 -64 54 -5 72 57 28 -96 89 -7 -57 -8 61 40 74 23 -69 17 67 -68 79 99 -88 15 12 71 -7 -38 72 72 -1 -20 85 56 -82 16 99 2 65 -87 -68 -52 -53 55 45 68 -61 70 -12 37 34 -10 79 -71 5 28 3 71 -48 -1 41 -3 -36 75 -89 -39 50 52 -20 85 -45 82 92 -46 -52 61 -46
93 59 53 46 68 -68 24 3 43 42 22 57 -34 -24 -46 92 31 15 -84 76 33 -15 -73 93 67 46 -37 52 -69 17 -78 -100 -13 60 10 -53 87 -91 48 86 -39 11 -32 57 -53 15 -5 81 -89 63 95 75 -21 -43 -93 -21 -20 39 -28 -63 100 20 23 95 56 7 84 -28 -58 -33 -9 -10 -25 -34 -54 29 35 -62 44 -94 88 10 36 -83 -63 -51 -55 63 -22 3 -1 56 -84 -7 73 -18 70 -26 -81 34 -3
61 94 88 60 -60 17 35 28 -65 -71 36 98 52 60 -7 49 68 -74 54 59 -93 35 78 -33 -37 71 17 -9 -44 -17 22 27 -44 94 -92 -19 -95 -96 -44 87 50 63 40 -65 -85 20 37 -10 68 -99 32 -49 -16 -75 -90 83 43 -15 -35 -8 61 -1 -54 -20 84 -57 -85 -93 50 -57 -99 -64 -91 -78 9 -47 -85 -59 28 -82 60 52 65 -96 -8 100 93 -20 49 -96 -54 16 -77 -15 90 -36 47 -13 89 -14 -4
-24 -24 -26 -46 -29 -10 -6 16 73 -3 76 25 93 35 -21 -66 14 -6 54 -6 -19 19 -9 -44 86 -70 -60 -77 98 93 44 16 48 70 -11 -30 -76 80 21 -29 41 -72 96 -55 -96 8 -100 92 -70 -13 100 17 -28 -92 33 41 -30 98 81 25 -99 52 -85 22 -64 81 -36 -63 -3 -3 -19 11 -25 -59 37 -96 -74 -11 -54 -26 59 84 -88 -100 -88 -68 53 100 -29 -56 -55 -92 95 -83 64 17 56 -12 -83 21 -9
-61 -48 22 60 8 -41 -85 62 -56 7 31 -69 34 -49 -61 62 6 -24 28 -3 19 -82 -20 -6 87 -92 36 91 -65 36 81 -36 -52 -48 3 92 28 21 77 -42 -72 68 -53 -81 -18 -74 -100 -16 57 83 65 -76 -74 -4 -60 -99 -57 85 -40 25 73 -26 20 94 23 -46 88 49 -49 -90 -99 0 -18 20 -52 -82 -87 -39 82 11 -18 80 -2 -60 -56 -84 40 73 -61 24 -41 -88 -59 -11 -66 87 99 48 63 40 61
-93 0 5 10 91 45 -8 96 28 33 56 -57 8 99 -99 67 -70 -65 -29 -97 -56 69 -25 71 -89 -68 100 27 -1 32 -48 59 -83 84 82 -26 -20 60 -45 36 -31 -100 -5 -54 -28 -86 -42 -25 -23 -54 -46 37 48 -42 70 -100 32 -8 -41 -4 -3 -71 -26 -57 -95 -3 9 1 67 -75 66 -98 -35 -81 -63 -82 -30 74 -43 38 88 -84 -100 66 93 -16 32 74 23 4 76 21 58 36 -94 -82 -68 -66 64 70 -60
-97 34 -40 11 -80 13 60 59 -32 58 6 100 -85 -52 -1 61 35 33 -96 87 -10 -37 46 -98 -2 -77 -54 -86 55 22 -75 -45 83 70 69 -98 -10 2 30 14 -3 -43 -62 -70 -5 81 -59 65 -83 31 33 -8 83 48 55 11 30 -97 -37 -71 38 -79 59 98 91 80 -83 -40 -98 43 38 83 8 -60 3 -61 41 -74 63 59 16 -55 -46 -27 95 79 78 -94 39 -99 -25 -60 33 49 -28 50 -82 9 93 81 85
-48 65 79 43 79 52 -4 93 23 19 -39 -40 -51 8 96 10 89 95 -74 -89 -81 47 34 -75 33 45 99 30 -68 -93 2 -36 -41 -13 22 77 70 -23 -68 -46 37 -74 -54 -60 28 32 57 -30 -87 95 -31 -55 42 80 -40 27 -54 91 -5 99 18 1 -35 67 -55 -86 -74 -10 54 -53 62 -7 -89 -86 -78 46 17 -65 -49 -39 -25 78 -44 98 -22 -41 83 25 -22 39 92 75 -4 82 -82 10 89 -83 -53 -13 58
47 -93 82 -89 -56 -48 -58 99 90 59 -92 60 -5 -17 94 79 9 39 95 -54 -30 -50 18 -27 -39 -62 -65 68 71 -29 -84 60 -36 76 100 -63 29 -16 49 51 1 -27 75 99 -59 -71 14 -13 2 6 -83 -87 92 36 -66 -97 -22 -85 79 -21 11 -69 -18 74 -57 -38 -36 92 -76 80 37 -53 35 -56 86 48 46 6 -81 96 -89 13 -86 91 99 -3 -54 -66 -37 17 15 -62 73 -50 -33 60 -62 73 85 -18 -21
30 73 39 16 84 53 -5 44 -54 -18 -39 18 99 -70 -52 22 51 -83 -30 -23 47 95 17 -67 1 75 37 -58 48 -61 48 3 -66 -88 -1 69 -74 66 -31 88 41 29 36 -51 -11 82 85 -39 -100 -14 32 71 96 78 6 35 50 44 65 36 -85 12 36 -75 84 -30 -53 16 0 34 -42 -32 -36 -89 91 90 -58 -65 -76 -9 24 -45 30 46 69 21 63 15 73 61 34 -87 54 48 -87 -58 47 85 -56 71 94
66 -13 39 -68 -42 -29 -40 -2 -96 92 37 38 -75 25 33 -13 5 -22 27 -63 -41 -34 -21 -97 48 -28 -13 -17 94 41 -58 -5 -83 -42 85 35 2 18 -84 46 64 60 40 73 38 71 -43 61 68 92 -40 56 -19 25 -52 69 9 53 -77 34 -38 64 4 -10 -1 2 6 -64 -7 -64 50 -71 40 25 -80 -92 -27 -76 54 -46 -30 -67 79 -57 41 -54 24 82 -45 57 73 -16 -78 27 -76 -90 -87 -7 -96 80 32
6 -60 -31 -50 -1 -55 96 -3 -79 26 -12 50 63 10 -56 75 74 -57 -97 66 -63 -8 37 95 96 66 80 -77 25 -61 71 -69 97 -46 -58 -78 40 23 7 -37 -14 18 -18 -20 -66 47 79 34 99 13 30 -12 15 43 32 -87 -11 25 -49 16 5 -20 60 -67 2 84 19 -38 59 -60 -23 78 -35 -62 -10 32 -33 92 -5 -26 -96 48 12 78 9 -75 77 -1 45 83 -69 49 92 -55 4 63 85 -69 71 66 23
61 14 -91 -43 34 24 -25 -10 87 94 6 1 -19 16 -33 41 -61 70 -40 17 43 -64 -67 -33 -16 10 -100 -27 -95 -9 -20 48 69 98 31 82 -61 -81 -16 -80 68 71 -77 46 -4 12 82 60 -39 -98 -3 77 61 -55 89 -53 3 -54 -82 -53 93 -3 -15 -84 99 58 -13 85 -72 47 -29 13 17 -34 -9 -74 -32 -36 -13 17 -16 65 -72 -80 -48 12 -88 -47 -30 -40 75 -93 38 -11 50 -82 26 75 -33 45 64
100 -70 32 70 -96 66 77 40 43 33 -31 -72 59 34 -86 -1 41 7 66 69 -37 -4 40 36 3 -80 -5 71 -37 -90 68 -91 -87 77 18 7 4 27 22 95 -34 71 64 -44 34 -49 31 -69 58 -27 -6 84 50 22 -42 -69 0 -1 51 84 87 89 59 7 49 35 -40 70 58 48 -73 90 22 85 -30 31 -78 -52 94 -65 98 74 44 8 -32 -21 -13 -51 -7 65 1 -12 97 -61 14 -74 -90 -95 -57 40 -56
18 -16 -65 -80 -4 -46 -9 93 -90 12 62 -96 -71 -32 91 -27 9 100 56 27 67 100 -75 -60 -38 -1 -84 95 24 -69 35 -47 3 27 67 -16 44 48 53 -43 62 43 76 100 -33 28 -63 78 17 -76 88 -54 -97 -49 -24 94 -87 -36 -15 -67 -42 51 91 84 89 16 -51 10 11 36 7 -8 -63 -71 61 45 -53 90 34 -17 22 67 69 -93 52 -26 -54 -50 -77 6 12 54 37 -65 30 -51 -60 -20 -51 2 73
88 58 -27 99 21 25 37 -40 55 -16 -14 -30 20 -56 -38 -58 66 -18 56 -16 -21 -90 68 -76 -100 -77 -36 -63 -71 4 -17 -76 44 -76 78 -69 -93 45 87 58 -47 74 52 81 54 8 65 19 51 -91 13 -41 -90 -70 -10 -66 -37 41 -79 -97 -34 35 91 -55 -14 -42 -52 4 20 82 -75 -25 -67 51 8 -24 39 -65 17 46 -3 -46 -44 45 6 44 -97 -33 86 -91 -100 -42 -22 -9 -1 46 -9 -32 -22 14 -39
96 -84 40 84 3 2 -87 -17 -93 25 -14 -59 55 -91 -31 94 26 -5 -57 -15 -89 4 68 83 9 98 -33 -2 -32 -24 -100 96 69 -42 -47 -4 -63 88 -23 50 -44 -96 -5 -76 49 -81 -34 -56 32 -1 77 19 -20 -17 77 -44 -16 88 12 -60 -30 79 -42 -15 -17 76 -52 2 -43 -14 40 27 -6 77 6 17 50 49 -86 -50 78 -5 -81 75 85 -89 -71 6 -15 63 -31 55 28 -92 -81 -78 80 0 -28 66 26
-16 -92 57 -47 -34 89 34 -33 0 83 -89 87 65 -8 -20 83 -35 -32 97 -47 -62 -62 -9 -1 -63 -5 -36 65 15 34 -18 81 33 -59 -80 50 89 -17 6 -19 -25 67 -6 -15 63 90 42 -72 100 4 98 93 13 72 -49 -25 78 -95 -53 -14 -64 3 -53 -35 -86 55 80 96 -31 57 36 -24 51 -40 4 -89 -6 24 -3 -83 -55 38 -54 75 78 -9 -13 -83 87 -68 32 -34 14 -62 -7 56 72 -70 -35 11 13
82 33 -98 35 -68 31 -81 -40 76 -96 71 70 83 -55 -89 87 -24 90 91 -60 -55 54 -40 15 79 53 -73 -60 -43 -99 95 -3 6 76 92 -1 10 77 -49 -52 -24 -54 5 -54 -26 -63 43 39 -7 14 -14 80 -94 92 -73 -42 68 51 -82 -25 -12 1 -23 -60 -5 5 73 -15 11 10 -49 -27 -75 -2 31 -84 3 93 -89 -14 27 -68 72 59 -91 38 56 96 -64 -35 90 -72 62 -36 84 58 -80 -73 48 -65 89
-84 -57 -19 87 79 -91 4 15 66 88 -69 100 100 -99 -96 -72 -23 7 94 -51 -30 -87 77 96 -72 11 -69 85 90 -14 60 -28 -100 -52 32 -100 53 28 -5 66 -12 -34 13 -71 34 23 29 -89 -64 -67 -68 45 -27 -85 -30 -39 6 -17 30 -26 -74 20 -57 -31 -62 19 -87 -53 -47 -9 22 -35 18 41 -87 -76 -100 74 -48 35 33 78 48 -46 -6 59 -74 35 18 -92 -66 -14 32 81 62 43 -89 -87 -2 -43 -53
-61 2 73 66 -28 -14 39 54 33 38 42 28 47 -47 40 5 -8 -62 -94 -88 -84 8 -76 -56 -44 -46 94 -4 -16 57 -100 80 78 -28 80 16 91 93 18 -80 10 45 49 -57 42 -97 53 49 -67 100 99 78 -6 -81 -84 99 15 15 -34 51 88 -85 -40 -41 15 -53 -85 -24 -48 -58 16 79 -51 -18 -44 45 -73 -81 -11 29 -90 -66 4 92 -17 -55 -10 3 -53 11 14 -52 20 -51 -79 -100 47 -16 -22 64 -30
-8 20 37 43 99 -84 -68 -69 -10 -91 25 -74 -47 21 52 83 -96 86 78 11 -60 64 -88 -5 42 26 51 92 4 -79 -8 -33 16 89 7 -16 91 50 -65 22 70 -3 17 57 68 -25 43 31 -20 -64 19 -81 -72 28 -90 -32 -28 -79 -63 -20 27 25 -38 -6 -69 94 78 -47 -57 91 73 47 -53 13 -83 55 -89 41 -68 44 1 -42 -29 -49 45 -53 8 31 80 30 -86 98 45 24 -19 -44 -19 67 -43 -29 -38
-37 -70 -16 -29 -21 8 -46 28 32 -18 -17 -19 -97 64 -77 -92 -33 -39 -91 -56 -71 25 -46 -65 34 9 -74 21 -34 -62 11 -56 -50 11 -16 86 3 -40 38 -21 38 23 -40 81 -18 6 -97 -1 31 54 38 39 44 -81 -20 58 54 49 78 -66 -69 25 -86 82 -71 88 -67 63 -76 58 99 -1 8 -10 66 61 -45 48 18 -33 76 2 80 41 65 90 -15 2 17 -41 -28 -89 48 -3 -64 63 -28 31 -42 49 32
-7 13 -23 64 26 60 76 4 69 70 6 12 34 87 12 10 -100 -94 92 -40 100 45 43 -46 -96 -86 -3 72 -49 -27 7 -35 3 48 -24 64 -88 84 42 55 -2 47 -36 -73 91 -3 -36 78 -6 -15 -11 18 10 83 -4 -70 63 -82 -18 33 29 -7 68 78 20 79 59 40 15 -40 -18 49 76 48 -20 -71 -20 48 -1 -77 92 64 53 -91 -4 -89 6 55 52 63 4 11 -71 89 18 18 -2 -95 -13 25 -54
-60 -96 76 -80 -11 55 -15 -32 24 -28 -99 -3 -6 92 72 14 79 -89 11 95 92 -54 15 -65 -49 -10 -22 53 27 71 41 -80 -78 -30 79 -47 -95 -62 -95 -48 -37 58 -6 52 -60 -68 59 -43 62 -4 -75 -73 8 -18 -69 -47 100 -23 13 100 26 -74 95 22 14 50 25 90 -62 64 35 -85 30 -13 26 -19 4 2 -6 29 70 90 48 20 14 -71 79 69 80 15 -34 -94 16 75 1 -38 -76 53 -32 -32 21
58 -10 -85 96 -83 52 10 -35 82 -96 83 9 -78 89 -89 -43 -81 27 67 38 47 2 -83 -28 20 68 100 -10 32 -52 -36 40 51 -36 -25 90 15 73 -40 20 97 -58 -5 -53 -45 -43 76 88 -30 -33 -48 -88 90 -30 -12 66 16 -21 91 -57 -83 -36 81 51 -43 96 25 -62 50 -45 -66 24 98 66 -60 -12 -20 -41 -27 -88 -80 29 -41 94 52 -42 77 79 36 16 -36 -48 -88 100 1 -12 57 -26 -54 74 99
35 13 97 -28 -33 38 -12 -95 -17 -37 -1 -69 -65 -92 15 -43 -44 -28 -91 68 41 -56 100 -3 -94 -5 -82 -13 51 10 -68 14 -70 29 -6 -11 -55 -32 -30 39 -70 -33 -64 -91 83 -21 10 -99 -38 -72 -16 -1 78 13 -97 31 71 19 -11 48 78 -86 45 -85 53 8 53 -9 -60 2 -42 34 -94 -80 -90 -47 -71 -29 72 -2 42 15 30 6 -69 -48 26 13 -96 -33 27 -65 -68 -68 91 -22 -39 62 -50 -68 -38
51 76 36 -98 76 -72 22 -15 -24 100 -25 -90 11 3 -84 47 74 -3 25 34 17 -56 30 -24 4 -57 -17 -56 8 74 -13 51 22 -51 0 -88 96 -77 55 -21 -54 50 -79 37 -34 -69 -64 -11 -22 -1 7 -33 -12 83 98 -97 -58 56 47 -100 -93 -34 -35 -93 18 -98 -29 -74 -65 -79 70 -12 -11 79 64 8 -64 -9 12 22 19 90 68 -100 51 22 18 40 -31 24 43 23 -10 2 32 37 91 26 -51 -58 -100
12 -27 -64 67 -69 28 -2 42 14 98 65 28 -93 -19 8 -58 -3 -40 -96 -71 15 -8 49 -71 3 -41 19 -43 32 -78 84 18 -74 -36 -95 -10 -37 -31 -52 93 -91 37 -41 -21 -71 84 16 -94 -49 36 -47 25 -50 19 -58 -45 -31 59 80 -2 -75 -12 47 -68 -66 -89 88 -93 11 -31 81 -29 -93 -22 -16 22 -43 -46 40 -85 98 -38 78 16 8 95 50 21 69 -1 -87 84 20 8 96 28 92 -59 84 -4 53
-3 -80 70 -31 -37 94 -42 -44 -81 77 71 -91 -88 -88 34 64 90 -19 90 79 -16 72 -83 75 -42 18 95 -26 -47 31 34 23 -77 86 -35 60 55 -16 63 36 -38 46 85 35 49 -36 -77 -44 0 42 83 -19 -84 -46 86 -42 -66 -98 -23 33 -12 -52 -82 -84 18 6 -76 77 90 84 66 -36 -11 42 -83 -20 61 -63 78 36 -92 -87 -28 -88 70 -2 61 80 32 5 -93 -56 -94 31 50 54 9 29 26 54 -64
-91 -26 -27 -38 3 11 8 8 15 -5 -20 -74 92 91 97 42 -6 -9 65 -97 63 63 100 -27 19 -14 89 51 43 40 -67 -12 -89 43 81 -27 50 72 10 45 0 56 98 -83 -95 -94 -66 -9 60 31 -96 79 -40 19 61 -53 -50 53 22 64 -57 5 46 60 7 -51 84 44 38 -41 -84 -24 -69 -58 -56 -25 78 40 -35 -76 2 82 -95 58 22 -4 -79 75 66 -64 36 53 -2 12 -74 -18 -66 -19 22 52 42
16 46 -82 -11 -60 -46 44 83 2 44 60 -81 52 36 -20 35 -23 -87 -44 61 60 65 78 16 16 -66 32 65 0 -70 37 72 8 6 67 31 -46 14 -6 -34 -5 -10 56 64 7 -86 59 -54 -40 42 97 -12 70 23 35 -56 -17 -85 -66 -80 -3 -19 -1 3 70 -57 52 66 47 -51 30 19 5 -45 92 -37 44 42 -27 -65 59 -54 -56 32 28 13 -13 -23 -99 97 74 71 -49 17 -95 70 -14 -74 42 46 -67
76 -52 -20 -21 56 47 -46 -83 26 -51 -58 -24 51 47 -40 36 12 4 15 -32 -18 16 -29 3 10 45 -2 -27 -25 -94 25 94 56 90 32 35 -51 100 95 83 -77 -94 21 94 -16 77 -23 -90 76 -19 -3 -23 8 96 56 -48 44 -87 8 21 68 -19 67 -71 91 -14 32 -98 -8 -53 80 2 98 -47 26 -73 -23 -72 5 59 -34 -20 -100 36 -75 -36 32 7 62 -80 96 -97 10 -49 -24 -49 -15 -81 69 49 84
65 73 85 98 17 -66 -83 44 98 -15 -20 41 27 32 -65 -54 18 28 -81 61 -28 -58 68 21 -43 -23 96 -56 35 -12 86 82 18 79 74 34 -78 28 73 -35 62 6 -5 -37 -36 -89 43 78 94 31 57 66 -55 43 60 -97 94 -55 -69 28 -73 27 -69 -27 -51 95 85 100 41 21 -60 -99 -99 -86 -55 39 58 -45 47 -15 -45 -81 -32 71 77 39 -36 -62 -96 -55 -65 6 -6 6 51 83 44 68 76 -97 -46
87 -38 -98 -30 56 67 68 5 -97 76 19 89 -51 60 8 -90 -51 -54 91 8 33 -71 62 -40 58 -5 -37 14 -14 -7 -18 38 -100 68 -40 10 -66 -84 -63 98 -30 35 72 -19 -48 37 -14 -48 3 51 2 58 38 81 -35 -95 -74 -57 71 -11 58 -92 86 -28 -74 41 63 78 -68 -7 12 90 -68 -55 40 -75 8 -98 81 -90 -13 19 -78 44 28 14 81 52 -90 9 53 -4 -18 91 -41 -50 -96 10 55 -15 96
-17 67 58 0 -36 -99 -80 -61 -80 -59 -1 -61 88 -18 -73 56 -13 89 24 25 63 76 23 -59 80 85 97 -29 61 -4 -24 -31 69 13 42 -100 58 30 69 -61 60 63 -96 19 -98 85 -43 -94 -14 -81 -38 47 -21 -1 -39 66 -39 -46 45 -44 -25 85 -16 -87 -29 39 -89 -43 63 47 45 -85 -80 -60 55 59 1 -35 -10 -71 47 95 -98 78 -68 -100 -63 96 -41 -57 -47 -72 -54 16 -76 99 -99 -14 80 -52 -52
38 -36 -14 11 -55 -37 -88 69 68 -98 43 30 -50 -41 -78 5 9 56 51 -1 -58 49 -91 44 -58 87 -32 -39 -78 -1 -24 3 85 81 -72 -67 3 -63 -33 81 -55 7 87 76 -84 90 -86 -63 -13 -27 100 -95 82 13 50 62 44 -64 0 84 58 -45 66 100 -21 36 -95 -17 58 16 -78 -45 -7 43 7 -44 97 -77 -48 22 8 -5 43 -91 13 -63 2 -1 25 -10 61 7 15 100 38 -21 97 -95 38 -82 34
57 80 -26 -93 -43 40 -38 -79 -79 78 -16 85 -67 -29 -25 72 18 -84 8 -29 -77 18 29 52 55 14 30 -90 23 -95 -43 -62 -25 -66 92 75 -98 -22 -55 -5 -95 35 -59 43 99 -83 72 -41 -96 -2 -10 -55 -16 -74 48 -41 73 95 -92 -18 -26 83 -80 -91 90 -88 -71 -52 64 33 -8 41 -16 47 49 43 15 -51 -92 -26 -12 42 -1 -26 -84 43 -35 85 4 -100 -67 -17 -60 28 -56 46 -86 -74 -30 -16 -12
-48 40 -9 0 -58 70 -71 -42 47 63 -32 65 -17 -76 -12 28 -2 73 -80 -55 -5 95 45 -87 37 92 -66 -74 -82 -100 -44 -24 99 3 41 15 -70 -23 -35 23 -24 3 77 24 82 -19 -85 -23 18 31 -47 -100 7 -88 -100 8 91 81 -98 8 -80 -6 59 -42 84 98 -38 -76 42 -82 -53 76 -61 89 21 68 19 -90 19 -37 5 -17 66 -97 34 22 75 35 -86 -68 12 75 -14 64 -26 69 12 32 -55 -69 -43
-21 93 -65 -59 87 -22 -88 -57 -91 33 -43 95 82 -76 82 97 -77 -40 -100 75 -61 51 20 95 -33 42 92 96 -70 -16 -19 21 98 -46 -12 -17 96 19 90 -31 -67 90 -42 99 -58 34 -28 -18 -43 25 48 17 -84 93 -47 87 97 58 99 -91 18 89 -84 58 -61 18 -46 43 29 57 -72 3 100 -14 46 -38 37 -55 63 74 -30 69 15 -5 -6 0 30 61 48 40 -25 18 41 0 -73 -91 83 58 24 -15 -64
-2 17 54 11 -10 -85 -94 38 -13 -45 92 22 0 63 -100 -18 82 -1 52 43 -26 31 71 -64 -58 -58 -65 -16 95 -77 -48 -88 9 -85 -84 78 -89 68 -97 -34 3 -63 25 -53 19 59 -63 -2 18 39 -70 36 -52 79 -43 19 49 -39 44 57 -87 -17 11 -43 100 30 46 5 -44 65 40 12 -53 27 -24 31 21 8 80 -18 84 -12 91 86 -78 -58 34 39 53 72 -3 74 89 19 -82 54 20 -42 91 -17 -12
-12 -45 76 51 -22 66 -87 94 -81 -10 -8 98 26 -58 64 -36 -36 -21 -68 27 -50 45 41 52 -69 7 53 -42 83 32 57 8 -3 -3 -53 -89 71 25 -48 -28 9 3 -97 -79 31 41 -99 -47 -39 -38 -23 55 -83 8 25 48 57 20 -51 58 -75 43 -72 -11 95 -42 -68 -72 -87 64 64 72 17 -26 -19 48 -63 -98 30 -24 -58 -92 -71 65 81 72 -52 -5 67 99 -34 -2 -41 -2 39 81 -11 -48 70 30 100
-91 -69 67 -31 -70 30 -61 -37 -97 -93 67 -2 -25 -92 -54 -68 58 27 -78 -24 -40 -68 -49 -2 74 -92 -56 45 44 76 -40 96 -31 -37 -49 57 16 -65 -61 -95 4 -29 50 -30 63 99 -61 10 -28 -55 72 31 -2 -42 -91 -47 43 -60 -51 10 28 75 12 -94 -16 82 -19 14 97 78 29 -6 31 -42 85 68 -98 -36 56 84 28 -46 39 -37 11 -15 -78 -54 10 97 60 -78 39 39 6 35 11 -71 76 84 5
-30 -65 -89 -10 -61 -84 -75 -62 -81 45 30 99 23 79 -8 -47 -34 19 24 -7 -94 -65 92 94 74 65 -100 -58 -73 -98 -67 56 3 28 11 99 -7 -17 -3 -66 94 -93 -33 4 71 -7 95 -77 -7 29 -92 -92 -34 -67 -2 93 -45 11 70 45 -87 -93 16 14 -31 42 -23 -44 -69 -99 10 70 16 73 -57 -57 87 74 92 51 -41 -28 56 -59 -55 -77 -70 -63 -12 52 64 -100 -49 -62 -16 -24 47 77 48 -76 -8
91 -9 -89 75 -67 -19 31 1 63 15 -51 -86 -87 -94 76 6 -82 -26 78 15 -13 -25 61 -97 8 60 61 -21 -69 -61 67 73 -77 -75 17 -49 33 48 7 72 59 -61 -5 7 23 82 -29 -17 32 -27 -35 73 -100 -43 -69 -75 98 -9 -20 -90 -82 -78 -97 -26 -71 -11 2 82 9 8 96 -85 13 -50 71 -78 -53 -45 100 -72 99 89 56 15 66 -74 -16 -30 -26 34 -27 46 100 22 95 2 -78 58 -20 21 -55
-41 67 -46 -58 -61 -52 26 90 85 54 56 -11 -90 -65 -36 2 36 -57 -77 -49 -60 88 -72 53 97 12 -90 -27 -40 -61 15 36 25 -21 -22 -96 -56 -75 40 -82 3 37 -60 -77 -15 98 -27 -32 34 34 98 7 -94 91 37 68 -99 13 -98 -30 -70 94 -20 55 69 -92 -69 -35 5 -14 -81 -93 31 1 77 -89 74 16 -11 12 -23 -29 -1 -5 62 -33 1 86 57 -86 44 2 -19 51 -23 -75 74 -91 -84 73 -28
85 81 99 -93 -15 -56 9 46 99 70 -12 76 -53 -47 -94 30 -64 68 -97 83 -46 -69 -5 0 45 4 23 40 -42 -39 -26 -14 -45 24 0 31 -56 54 30 -67 24 73 -82 -99 -29 -29 -61 25 -7 -91 -23 26 11 62 -87 -55 75 -79 61 -1 79 12 7 14 8 -5 -75 34 89 -94 43 71 9 -28 -39 -92 -27 -7 -58 -18 -61 39 -19 80 -62 -83 -72 19 -22 23 -73 -78 -63 -80 -92 75 27 47 -96 -93 16
-7 16 86 -79 1 -28 -69 39 -69 15 22 -20 -38 5 -19 -55 44 75 96 -63 -23 54 -92 87 44 -69 -30 -48 81 63 60 86 -21 -60 7 -42 -10 -82 -99 -23 -3 35 84 98 -51 19 87 -32 11 95 81 54 -27 57 -74 -60 73 -65 -94 -18 -35 94 -12 70 0 -49 26 33 -64 -91 40 -70 -43 -57 -25 3 -62 -87 5 -12 -5 -75 -36 18 -56 -30 74 41 47 -5 34 -93 -9 -33 -4 56 72 81 13 -83 -74
-23 62 59 -85 -68 -83 -96 81 67 92 -50 -97 2 68 28 3 -6 8 32 16 91 -52 94 -22 95 36 34 62 -87 55 82 67 -46 -45 -34 0 -48 64 92 -21 84 69 -68 51 36 -7 -5 -60 65 -64 -19 -45 -89 -65 74 35 47 40 38 -10 -56 -17 -11 82 -34 17 -30 -27 59 -4 -8 84 -2 6 -79 -30 84 38 -8 64 7 -9 17 77 -23 36 76 -75 -30 -66 74 98 -80 -29 -98 98 1 16 -41 -46 18
0 6 58 68 20 63 37 90 82 -62 -4 -87 64 -17 -60 -50 -76 -74 52 15 81 -50 31 -94 -45 -47 33 60 22 -16 8 -94 -54 -12 -48 90 -24 -49 92 -46 49 -53 -49 -9 -100 4 96 87 10 -19 -94 -93 -58 39 -76 -43 -2 -70 64 -90 -36 15 42 -41 -79 47 5 -64 100 37 41 -45 73 20 74 -1 -17 87 -61 98 49 -31 -33 -69 55 78 -67 54 61 28 12 85 -67 73 85 -59 21 -64 -84 -85 -13
-16 6 22 64 -80 14 67 -3 37 53 -99 62 27 -80 -98 -55 89 57 -49 76 -28 -87 0 -4 56 -15 80 33 -1 -33 -34 -87 -95 -92 76 -82 83 81 -22 23 -1 82 1 -84 -27 72 42 10 -84 51 48 -12 -71 20 27 38 18 -53 -34 -7 -24 -67 97 58 -44 -38 -71 79 -50 -56 -83 -54 -29 87 -62 -6 55 -88 -96 -16 -47 -40 -2 93 45 76 98 -98 20 24 -32 91 -91 -5 39 -61 -59 -49 40 85 -58
46 -33 -63 75 72 18 -55 29 33 99 -58 75 -20 -23 -77 -82 -54 -61 98 82 13 48 -44 -5 -75 -73 -69 -94 -42 79 72 -61 -14 89 31 -45 18 60 -52 -99 -51 38 82 99 -46 81 6 0 6 27 -66 -74 93 -84 -14 57 75 75 9 43 90 24 91 -88 -18 44 62 22 88 14 19 65 0 24 -72 -95 52 -9 82 -69 -89 52 -13 -24 -25 -8 48 13 -5 30 -50 -21 -93 20 65 -57 0 48 -100 71 98
26 -84 -54 -100 90 -62 30 -33 53 56 60 -24 91 -48 -98 77 82 -53 -29 -49 8 -73 69 -18 80 -10 -11 88 -38 4 -29 15 -36 30 -19 61 1 80 -3 -96 -33 -15 -66 48 -85 50 -13 17 61 60 -6 8 -1 -65 75 54 -35 33 -8 -2 24 -20 -14 52 -78 -40 49 20 39 9 -91 -75 -83 -67 17 50 90 94 -19 -75 63 -45 18 82 -6 95 54 36 -75 87 -63 47 -38 -40 -73 76 -70 98 -47 -33 -56
-96 -15 94 66 36 17 -23 -92 -34 -51 92 -100 -80 27 19 4 -46 -91 27 10 62 -74 53 -16 -45 -94 88 37 32 -31 95 -9 -2 33 -85 -2 -43 -9 41 35 30 68 13 71 97 -87 30 -56 -35 -59 -68 84 -84 -65 24 49 -21 -76 21 44 -17 8 -10 66 -31 33 48 -24 -21 -84 37 -12 -40 77 -12 -97 65 -67 43 -3 -87 -75 74 36 -83 -27 -76 -32 84 -37 50 46 -96 -70 60 -30 33 69 12 83 -20
23 48 -15 91 15 -23 86 89 78 65 -38 20 64 -55 23 -39 21 -62 -23 -73 -9 59 61 -64 26 63 13 99 -74 66 -70 -49 20 95 -87 -11 44 -39 6 -1 -89 60 -50 -99 -27 -15 -5 90 -30 100 64 15 40 66 -27 -25 -18 -12 -60 -11 -84 -24 66 24 76 9 -70 -18 34 50 -14 -2 6 52 100 -73 -70 -29 -83 -84 -39 -5 -34 -83 -25 -68 -72 -33 46 -44 2 30 43 100 4 -76 23 84 63 29 22
16 -97 -50 -40 8 -85 37 51 26 -65 -95 90 41 -58 81 65 72 22 23 -9 60 64 39 -92 18 -88 9 -40 -24 36 -10 33 -38 52 -30 87 75 7 -56 68 65 32 -21 -86 -73 94 24 -54 12 -99 -16 -66 -17 -44 8 67 45 -51 57 7 -1 -85 23 -69 -15 70 0 43 -81 68 22 -61 -55 68 70 -96 4 -90 -96 -19 -76 -84 -10 -38 -62 4 -22 -55 22 65 -1 -78 80 46 26 -16 69 28 36 44 10
-68 -51 77 73 59 -77 -30 -53 -93 78 22 -21 43 73 -59 83 -49 83 -100 -27 63 -76 76 -7 -11 41 -35 49 42 -79 -16 -38 -30 66 -42 99 58 -53 -79 -55 96 60 -28 -62 57 2 69 -39 -23 84 17 57 -48 51 31 -87 -77 -19 54 -83 47 -90 8 -40 -21 -94 -82 81 100 -86 -97 -48 -75 81 -92 84 72 -71 74 7 -33 83 71 -9 -25 79 32 62 91 -54 47 84 -44 -20 96 63 -80 -5 -15 27 80
-16 9 94 -51 45 -7 -41 -45 -87 3 -25 -56 2 -80 29 -21 -33 -46 39 38 31 -18 -17 -75 -32 -76 -4 84 98 63 -94 -40 93 60 72 -61 -10 -13 66 -8 61 -94 -11 34 70 -80 44 -100 67 -19 90 88 -70 -65 -70 88 68 18 10 -9 45 50 -17 59 -21 95 71 90 76 91 -55 17 -11 84 71 87 -80 -76 8 -41 -66 -90 -99 -62 -82 -31 6 -92 32 62 10 -48 -53 84 25 -53 -67 10 -4 96 75
67 5 54 43 69 96 -97 57 5 -75 63 68 33 17 -21 -37 86 -69 -73 -23 22 -86 50 -51 -74 -52 -71 44 -95 -33 13 -34 95 19 68 44 -95 85 -86 39 -49 -42 -65 40 49 53 -41 -68 18 -57 -90 51 46 68 6 64 32 57 67 65 -78 -44 -69 41 -65 61 32 87 13 -88 -32 -39 72 -15 -62 98 27 -42 -28 -68 -57 45 90 47 -89 -41 54 -5 41 12 -55 12 -68 -3 -75 33 -51 78 9 27 88
91 13 74 21 -54 -74 -91 -51 2 91 35 84 -13 -42 -39 99 -81 43 -59 -25 -59 -1 66 -23 -5 -100 -74 -61 3 2 -7 13 89 -51 29 90 84 42 -72 -16 -62 19 8 -44 -86 -40 9 -57 -58 -68 52 13 -22 80 -58 88 0 20 47 -90 -83 57 86 18 -25 92 -88 -18 -11 -9 -51 22 -42 88 -82 -89 -50 35 49 90 89 -10 -94 -59 -16 6 -24 -40 -46 35 74 -15 0 10 -39 -54 2 -1 97 11 -76
70 27 -77 37 22 -39 18 14 75 -54 -69 90 80 19 77 38 -15 -67 -77 -73 22 88 92 -99 7 27 78 -63 5 -42 -89 -19 -99 36 65 24 96 -100 64 -58 -58 -79 73 -91 74 -31 -32 -26 73 -66 -35 -69 53 39 66 -5 12 -55 75 5 25 -85 95 16 13 -55 -73 -38 -85 52 65 45 -77 -90 73 -48 40 -52 -3 -6 42 -53 -61 74 23 -10 89 47 -79 79 -38 83 -73 71 95 -93 37 23 -77 -14 12
-45 -26 -28 -12 79 -50 -70 34 93 -82 -14 -51 33 77 -37 -100 -81 52 -62 -71 -86 -74 -68 -63 -9 -56 -27 70 3 -88 -27 4 53 44 28 -66 -42 -84 81 -12 -38 -75 79 -99 86 -86 -47 9 45 34 83 -41 -17 52 45 32 64 56 -23 -41 -18 -83 -93 -94 -57 14 -41 24 63 -39 61 -81 12 -4 -5 -17 76 -54 93 55 -90 63 76 67 -8 -48 91 -18 -46 -35 -3 52 75 100 26 93 -6 51 86 -66 -34
20 52 9 3 19 -74 -27 3 -29 -17 -87 53 -56 76 20 -96 -74 -34 -13 60 43 -57 -73 -69 -45 18 -66 -13 -12 -56 -22 -66 -90 97 75 -48 -67 98 -63 -47 -36 0 -10 -32 -28 29 35 -87 -45 68 20 -70 7 -74 -44 2 86 -64 88 -63 3 87 -22 -28 9 -80 54 92 -75 -2 -84 3 43 33 95 23 -20 11 -90 -7 -83 -96 54 -89 99 -4 37 23 66 -74 91 -76 -24 4 -94 -94 -2 87 -12 29 6
-13 -22 -35 -99 -98 -24 8 31 -78 -38 72 53 -39 -97 -16 40 -94 48 -46 34 -62 -53 41 36 -50 8 87 99 25 21 -69 -20 -27 -8 -81 93 -80 34 -49 -26 41 25 -56 -28 -69 50 52 28 22 43 -3 -49 92 24 30 84 27 -85 -68 93 -63 44 78 -16 -41 25 -94 7 86 -58 -68 -91 -83 35 79 43 -52 79 99 -26 -17 -86 44 -46 -43 -92 -71 -95 74 37 9 -42 -72 -15 -48 -3 -70 17 -19 0 -29
-26 -15 98 0 -15 52 70 42 41 -99 -35 92 -80 44 74 16 96 -97 -86 -96 -31 77 -29 -14 -86 21 22 -35 -23 -1 -41 -3 -10 -6 81 64 -72 60 -44 -40 -23 1 -33 58 -7 -44 -36 -86 -67 -85 36 -69 -23 -65 -64 -3 -6 81 -37 11 14 96 40 -19 -34 -76 57 -81 -34 -60 -96 -96 66 68 -90 -26 20 35 -35 -35 34 37 49 -89 -54 -63 54 37 17 13 -65 -31 42 99 -2 48 -87 -98 -77 -15 92
95 -12 38 34 17 5 51 -66 50 63 59 88 51 1 23 -24 -4 71 46 33 -98 -51 -65 69 13 90 3 -52 47 95 64 40 -20 52 73 2 -39 32 -42 53 -37 -49 98 36 -58 6 -79 -43 -58 84 -92 51 19 -97 32 -45 -28 14 23 -25 51 7 -6 -12 -92 63 -67 -69 -95 -71 -24 76 -13 48 -88 -62 -99 -80 -26 -85 -49 76 15 -62 62 -12 64 36 45 -77 -99 -10 -94 38 64 -51 58 5 49 -16 90
-9 -85 56 96 -98 28 13 90 -44 -57 70 -98 -32 8 96 58 -48 83 -38 -54 -37 -73 15 80 -31 -84 95 86 -87 -42 -89 -18 97 60 32 -96 43 -84 -25 -74 79 -36 -30 -46 -76 24 -64 10 -28 28 -26 9 24 89 87 22 84 -50 -23 -85 90 14 24 -63 -39 82 -98 -94 -39 -31 14 -15 -37 -59 -57 30 -46 57 56 47 62 -33 -94 15 66 -99 -59 4 3 -79 65 -17 -74 52 52 -59 94 -69 52 -42 50
89 -93 13 -96 -62 -87 -1 -85 93 -76 99 75 -37 67 -42 24 39 63 64 -27 49 69 1 25 79 27 -75 -6 49 100 48 8 93 13 54 72 84 17 -75 -8 54 86 -34 -81 -57 -65 69 6 -88 -15 -75 80 -29 -44 28 -74 24 -68 -84 -100 95 -69 -99 -91 -67 14 -75 23 -35 -28 -42 27 -47 -72 59 -49 -37 28 -85 -83 22 -53 -13 66 13 -52 -75 89 5 -83 14 12 -73 7 -8 52 -84 -97 40 95 -33
-76 2 72 36 57 -96 7 100 84 -75 53 73 -70 95 95 -88 84 -21 68 -72 -96 55 14 -36 -14 -58 10 -98 19 -33 -26 87 75 94 82 92 38 17 100 5 39 29 -76 5 66 23 10 -79 -25 68 32 -92 33 0 20 42 -7 72 -67 -92 -97 -69 -99 -8 87 32 -14 -24 -22 -42 -69 13 69 -34 -87 51 -87 -3 -67 -73 -59 5 92 -53 53 -93 65 45 -95 -55 50 -70 -94 59 -100 38 -35 -41 -59 30 -1
91 55 -11 -30 91 61 33 -97 -92 64 4 51 75 48 -49 11 28 -86 67 -76 91 -26 49 -73 -93 -50 53 -6 59 87 -12 76 40 -67 73 100 -78 -73 46 72 -79 -9 89 85 -21 88 -59 53 74 -31 -9 -4 53 -17 -67 -23 -77 46 19 -4 -38 13 -36 -57 -43 -41 -9 53 -89 -69 87 71 -89 74 52 -96 -43 -8 5 -26 76 -26 76 -13 -3 -28 34 -50 91 -53 -8 30 15 -20 14 -62 -51 85 94 -17 85
-18 59 -97 93 55 -24 9 -59 -47 98 5 -76 43 -5 -83 35 -16 6 40 51 -72 30 15 18 72 -88 55 72 42 55 17 -85 -73 -5 -18 17 96 -53 96 -9 39 -90 20 -86 -66 -79 62 80 77 -6 -96 -15 -22 90 42 38 77 -7 -23 1 29 -56 -52 12 52 -32 -46 91 -6 -56 -93 -89 19 -57 28 -50 -60 48 87 70 100 -1 -6 60 -9 -41 48 -32 -25 -46 -22 13 -16 90 0 -58 -54 4 -30 99 59
57 -48 96 52 16 -30 16 -9 94 31 -56 38 58 78 -54 88 -30 -47 53 39 -82 98 -87 -36 -88 -40 24 57 71 -76 -51 -48 55 -95 -36 -4 8 25 69 70 81 4 9 -78 0 -94 17 -34 63 -19 15 22 -61 -57 94 -64 -8 98 -58 13 54 -81 -71 -81 17 -38 30 32 -4 -43 7 98 2 81 -45 -5 40 27 3 0 1 65 -52 76 -67 92 55 -10 62 -40 83 -30 39 -1 89 20 24 13 -58 -2 52
-56 79 -90 62 -25 45 70 17 -97 -21 -19 -35 -93 97 40 0 71 89 86 -74 52 96 -76 38 51 -42 42 -33 99 -37 -81 -20 100 62 -28 34 -64 -56 38 78 11 -6 77 66 64 -51 41 19 -42 -78 1 -69 30 -4 84 35 13 99 -71 -75 48 36 37 0 -60 46 -14 60 72 -45 3 52 -73 55 -23 -25 30 -50 34 -11 -1 16 -94 -50 31 -49 -20 -76 -31 -88 40 -6 72 -25 81 -1 33 -84 71 -33 -42
83 -23 -20 68 5 85 -34 -47 -31 -72 -73 -51 -87 18 51 -66 92 -42 -45 52 32 80 -59 44 76 -61 47 97 41 84 66 35 -42 -21 27 -25 80 21 -15 -21 52 -100 -35 5 -47 68 -55 -61 -74 -48 -91 58 -11 91 -26 -87 -77 96 -29 67 -96 23 15 -39 -88 41 81 78 40 29 -4 29 -2 17 65 54 -74 -65 28 -4 69 -80 33 91 -12 -51 -81 58 -90 -48 -43 36 -32 -53 32 -99 17 -75 71 -30 45
76 -65 16 76 -66 58 -82 48 -35 41 100 -75 36 -91 -58 64 70 -54 -45 73 -29 67 -75 8 -27 -77 6 -98 42 -5 -63 67 25 -45 20 -68 47 28 76 77 -80 -41 -41 10 -78 92 -72 -74 51 25 -46 51 -17 -4 -32 -36 42 94 -30 82 -88 73 71 18 33 66 88 25 82 46 33 86 14 -96 88 -89 -79 -63 64 -44 32 -98 -18 -6 -25 -24 1 23 57 -78 59 83 -11 36 -64 -40 0 -65 29 -87 -79
74 99 -3 -74 -45 7 79 -91 -61 -35 -38 74 69 57 85 3 85 38 -71 -37 -68 -30 -52 -90 -82 -70 -99 10 4 22 74 96 46 83 -22 65 -41 -60 -4 72 99 -11 -24 22 -80 -92 10 66 91 69 43 -71 0 18 98 66 87 42 -87 -80 -17 30 69 -70 -47 -61 98 61 43 -30 -18 96 9 15 46 -42 -3 74 24 21 56 4 55 51 -51 -93 69 6 -10 63 -96 -70 -85 -84 -59 -27 96 -93 -58 41 -3
67 87 30 15 46 87 74 -11 -55 -69 56 87 -59 -95 48 57 26 -91 -46 -82 -83 -2 57 -95 -38 34 -35 -81 -65 -15 24 -49 -11 -92 -91 2 -50 4 20 -51 12 -37 -81 -10 69 49 -8 68 10 -43 55 86 -93 24 74 -73 69 -63 -53 -90 18 55 -100 -29 83 -20 -11 -94 100 -61 -79 -91 -27 84 45 -62 -55 46 71 -13 29 19 -61 -59 -28 -53 4 -53 -3 -86 -75 -20 83 -47 24 97 -13 56 -65 74 17
42 91 49 -97 -18 -62 21 -54 28 22 42 97 -16 -100 64 40 78 20 58 18 -92 -24 67 3 -67 39 1 15 -47 87 86 91 -45 -35 98 3 35 89 66 -9 19 -31 19 -81 -31 57 15 87 -93 64 19 63 98 -4 36 69 79 -30 71 -45 -54 62 35 27 -18 -85 -11 13 42 -3 24 97 15 -74 -35 -5 -23 -100 27 67 -24 -40 93 -22 -92 -44 89 -64 -27 -98 -3 -42 92 -20 82 67 -16 42 -98 37 80
-12 -78 24 -84 -10 51 -98 -55 12 78 22 88 51 -63 89 -10 -46 -88 -78 -100 -77 97 71 57 -6 -18 -73 -31 -79 -17 43 -20 65 80 46 -74 -23 -48 -41 98 -55 72 4 78 18 18 63 51 22 37 -98 -72 -14 -92 -56 49 -93 17 95 68 -39 -14 6 45 59 -58 -69 -25 -17 -56 -68 98 -25 -62 -53 100 72 97 -75 -8 -12 -20 -30 -90 19 82 -23 89 -96 -83 86 7 -3 46 69 82 85 -98 17 41 19
-84 5 -1 15 -42 -99 -56 68 10 -100 -80 58 44 72 -84 54 82 -66 -27 -14 15 80 -4 -43 36 -35 -57 -68 -30 -46 -63 -77 -40 68 84 -60 -75 -68 -42 -95 -9 -51 -30 -60 -34 94 -79 -46 27 3 -29 4 -2 42 55 -58 -75 -78 -43 -26 -83 -96 -11 68 28 -60 91 47 1 -30 94 -14 18 -12 -44 51 53 67 -62 39 67 35 -9 61 8 -62 -9 10 12 93 62 -12 27 35 -95 -48 -12 6 -96 35 42
-52 -54 -94 7 94 -87 66 -34 24 62 -35 -77 -85 -99 -61 -31 -76 30 -77 42 77 20 15 32 -83 12 43 30 -79 85 -56 96 70 80 97 74 51 -44 -73 -21 100 -40 -37 61 27 -80 -64 -86 -22 89 18 82 39 -59 -71 -70 0 -22 -62 -13 56 -72 -15 -46 73 99 85 -6 35 -47 6 -99 -72 34 69 -22 11 -97 43 -14 -55 -18 -83 70 -68 31 5 62 -97 54 85 82 -87 2 -84 -67 -86 -48 -81 -16 -85
2 4 -73 -20 -12 6 -9 -5 -3 -99 -88 -36 -98 7 -60 6 24 -61 40 -86 -16 -54 7 -41 -63 8 -15 58 17 -4 -54 93 20 -27 50 94 -6 23 -25 45 -89 54 -65 -47 100 -24 42 -52 19 -17 96 59 82 91 -2 -88 66 64 95 80 -72 34 -28 41 85 -12 55 -26 -90 26 -33 -35 -51 13 8 74 -89 -56 -87 93 -62 73 -7 88 0 -33 -23 -32 84 36 11 66 41 56 -40 -55 -1 30 31 -59 11
-70 52 -83 32 1 15 10 43 71 13 16 -1 -94 2 19 -51 18 51 83 -20 -94 -11 -33 -86 -47 80 -58 69 0 54 -91 -36 -11 -92 -70 -75 91 -93 -5 -56 -85 93 -36 -15 -80 -35 29 -90 -95 40 95 -55 6 60 6 27 -18 9 75 -49 85 -35 -46 -69 -74 -48 65 21 78 -93 -96 -78 -83 60 -33 -44 -25 -90 63 -55 -87 -95 75 37 -29 1 -43 -76 -41 -74 -4 88 -52 -2 -40 29 -20 74 -95 -28 -60
-22 -79 64 -88 -85 23 88 -73 18 -100 44 36 87 -40 -13 99 -49 85 -48 -83 26 -57 37 -80 0 29 -58 92 2 16 68 61 -82 -23 31 -11 -56 -5 -15 81 46 14 -34 64 -92 -100 -20 -83 -79 57 -40 -18 -25 -82 84 -28 83 14 24 73 97 66 -45 -35 -92 -74 -67 -46 97 -3 21 81 92 49 81 -84 -83 59 37 -44 96 72 55 -96 79 -14 -51 60 43 -71 93 -18 37 20 66 -62 63 -60 8 -100 -59
