35 22 84 36 -2 -82 -63 -88 -46 45 49 -73 -16 -11 69 64 -2 73 -70 70 -94 -33 8 -87 14 -63 -19 55 -92 -73 56 30 -51 -64 66 82 5 89 93 33 -3 -89 -6 55 82 -15 67 29 43 -79 -85 12 46 -82 -48 -29 -66 -79 20 -36 53 -70 -83 56 -70 51 -92 -76 -29 86 46 -46 -8 -100 95 100 -24 77 3 64 94 89 -6 -31 -71 -45 -27 7 -50 55 -2 -39 -12 -59 13 77 88 -50 47 -34 4
-100 25 -29 94 96 82 29 10 -56 -51 32 84 79 54 88 25 -77 32 62 46 -89 -30 -54 11 -82 -65 48 -70 24 58 41 73 28 10 89 9 -43 97 -31 79 34 46 95 -100 20 -72 -75 -30 52 51 -90 91 -100 17 -99 -60 39 79 -8 9 -32 0 62 -53 25 -62 -23 -53 -60 84 -90 -34 -25 -73 28 -9 44 89 68 65 -30 -30 43 -51 90 -46 -6 17 -57 -12 46 10 38 -9 67 66 -43 7 -22 41 -18
66 -69 -9 32 -94 78 -44 -57 -64 82 -50 73 70 -50 44 -71 59 -93 -4 39 31 73 44 -4 -16 81 29 -4 11 38 -94 -78 -54 -97 -69 -42 -27 81 -88 -49 68 -79 -98 -8 99 -73 64 37 -38 79 -38 37 14 9 -3 -51 -65 -16 -17 -25 -89 44 35 6 69 -52 14 22 13 74 -82 -6 26 22 -16 -31 84 65 -49 -7 74 37 31 -4 -27 9 -6 3 -2 -12 29 -37 14 -56 44 85 -42 -87 -63 -95 92
56 -87 -79 14 -7 13 14 86 -77 -73 8 50 78 -20 83 45 -92 61 -65 -65 51 86 92 -82 -2 99 -11 94 -30 -2 15 21 -64 -81 -97 57 27 -13 -83 72 -9 19 -48 -85 -93 29 58 26 -10 35 52 -82 -6 -22 73 -78 81 56 30 -63 47 4 -29 7 -53 -85 -28 59 -32 -68 68 73 -87 -66 69 -67 -36 -33 5 -3 -79 -17 -68 -95 -79 5 29 -60 10 37 -78 63 -53 -87 88 20 11 -93 -46 -77 -76
-69 -95 -89 -38 -32 88 98 -34 -36 -73 75 -20 57 0 87 -70 -41 -11 31 26 -43 -6 -65 -84 53 38 -98 46 22 -78 -64 -82 84 80 4 31 100 39 -47 -6 1 -75 9 30 -28 -30 32 24 77 36 -74 55 85 29 -32 -2 -67 -56 43 -44 -8 -20 87 -96 -74 56 88 57 57 40 -42 25 55 -32 -76 34 -37 -98 34 20 -92 -36 75 -30 66 48 17 34 -79 60 -45 31 -8 -31 83 24 51 -72 5 35 79
-23 84 -5 79 28 -13 -27 72 98 -49 -95 78 53 -17 -44 91 22 -4 44 -5 -68 -54 39 7 48 -62 63 -51 -84 19 -72 -71 91 16 47 -96 -17 -31 58 -37 21 60 -50 42 -4 -21 63 -83 -95 -90 42 92 -58 -62 48 32 -23 83 -20 32 58 -67 98 33 -35 -53 -44 -54 6 18 61 -37 -92 -65 -37 36 -12 48 25 43 -71 -38 -60 -38 -85 -89 42 -3 -30 16 -90 -91 35 54 96 93 82 -84 71 -22 -96
-100 -93 -10 -93 62 -89 -14 57 -98 -100 95 48 -42 83 47 -2 85 -90 7 -34 -82 70 -27 -58 -36 97 90 29 85 -51 3 38 -86 -18 -3 54 3 -32 -59 29 35 -90 57 -7 17 -3 -43 -54 -72 89 -81 -68 -82 -8 68 -19 46 -93 83 70 -56 40 18 2 -18 -56 99 -83 15 -92 -29 -92 -2 -61 -20 -60 39 87 1 69 -61 6 -85 -16 27 19 -42 47 -51 -50 81 56 -26 39 -54 -42 -56 23 -68 79 89
-6 -42 43 -87 -46 45 -74 60 70 -58 -1 32 -13 -6 -75 64 -25 -91 32 0 -75 -73 -77 -26 -8 -88 81 44 18 -73 -64 64 -64 5 -57 -31 -51 -98 24 -4 -90 -89 -19 11 84 91 65 -42 -46 87 -3 48 67 -7 95 12 83 52 -46 -67 29 50 93 5 -39 0 27 14 76 -49 -63 -25 0 84 -31 13 -89 43 62 -11 -92 -34 67 7 91 17 -38 62 -90 -27 79 -35 86 29 91 -59 92 -11 -74 -18 -54
71 23 -36 43 -67 53 4 -87 -57 72 -61 94 91 97 -84 -42 20 -81 -83 -73 -9 25 27 11 -13 -25 -24 -9 13 11 -44 -41 -56 48 43 -93 19 37 65 -92 -69 -63 33 -89 -62 -81 -88 -16 28 -100 11 -2 -51 -55 -70 -69 -14 -76 64 -82 -75 -40 -79 56 47 1 86 -47 -79 91 -80 -26 -56 -17 77 57 -30 -11 98 91 78 32 86 -57 -43 9 86 80 79 -35 -5 -74 59 57 12 90 75 -18 91 38 -27
9 4 17 92 -79 61 27 -56 2 -75 50 33 -72 54 26 14 28 -34 71 81 48 -59 -75 -16 -30 -89 86 59 19 -46 -86 -13 -27 45 -95 54 -73 9 -21 7 27 -9 62 -29 -46 -53 -27 71 41 -27 -6 31 20 2 31 88 -98 -31 90 32 10 100 -88 -51 61 -25 60 -84 -73 29 -96 -37 -61 1 -71 -29 -63 -94 94 80 32 -64 32 -89 -62 -90 38 64 73 -99 -76 85 -92 58 9 -90 98 -84 -29 33 -68
-33 -91 7 99 -23 -19 -72 13 34 36 48 0 43 -87 -8 100 -32 21 94 -70 -16 16 -97 60 100 27 -90 -43 100 99 93 -20 49 -34 59 19 -26 60 -21 -20 16 9 28 -63 -48 -32 7 26 37 -31 -20 -43 -88 -42 11 -82 70 68 -32 -5 -30 41 97 78 34 11 35 -35 38 9 99 66 -17 7 29 57 100 -4 64 76 -43 41 35 -42 -83 -28 2 38 16 39 17 51 -29 16 -27 74 67 -11 -53 -14 -59
-97 83 55 -6 55 75 -63 0 52 -94 -57 -65 93 -21 53 -18 -84 -93 59 21 73 -28 32 90 -20 38 -90 95 66 -35 17 -3 30 20 -64 34 -59 -41 2 42 93 -73 76 20 -21 76 76 -64 -26 -8 71 81 -82 -74 -100 -62 -86 41 63 62 -89 -4 -25 0 55 19 87 60 -47 -50 -88 8 52 75 -42 -16 -25 9 35 75 -71 -77 56 -19 -29 32 -45 -82 -72 40 -4 85 78 -79 -63 -95 56 -91 -79 -23 -69
-40 -67 11 65 52 66 -35 -13 -32 97 -43 -18 100 -43 20 18 29 51 -39 -35 -56 -1 49 35 85 -39 -25 -49 57 -90 50 -94 -96 -39 52 -80 -49 56 96 22 2 -40 58 21 41 40 19 90 54 -49 16 89 12 20 66 72 -4 25 -46 23 72 26 99 58 22 36 36 52 -34 -99 -27 -75 46 52 16 13 -9 -52 78 58 -64 -74 49 87 -31 6 -70 51 1 -42 -18 38 -30 54 -21 9 -6 -71 -16 -84 36
74 -92 2 7 -25 86 -76 67 35 -3 -59 53 -79 -82 24 -85 -88 -40 7 -28 46 95 11 97 80 -90 -74 42 -84 49 95 -10 4 1 -80 -96 -19 -76 -55 -62 33 61 12 -42 100 32 -82 -76 39 -50 93 -28 -27 60 5 22 5 52 22 96 10 -88 97 -94 46 -49 31 8 -80 -43 70 -20 -66 -56 -30 -98 -43 16 -52 64 -84 38 83 -24 -93 23 -8 50 12 25 80 45 -90 91 91 -62 -53 -27 -100 91 79
44 -91 59 -54 -16 41 4 -20 26 77 -38 -12 98 -20 -17 4 4 -27 80 22 19 -91 7 75 40 -23 -44 62 -33 -60 1 -79 -1 21 -85 24 11 -52 58 74 -38 88 38 -25 62 23 -32 99 -17 44 41 -36 74 -69 67 -99 35 -75 18 -68 10 -83 41 60 -10 48 -57 0 -45 -50 -23 -70 71 92 -25 -81 -52 37 -94 -48 -6 -65 -3 77 -37 46 6 90 90 25 -48 -56 80 52 -91 98 -30 98 96 -74 30
14 -2 -39 -34 66 -5 48 -63 38 -41 68 49 -41 -64 82 84 13 72 -24 4 70 -31 -73 38 -12 95 -67 -36 18 67 32 32 -71 -25 -6 -60 -78 52 -3 59 98 -32 -100 -73 -34 37 -38 -18 100 -2 -92 30 -98 32 34 -92 45 45 -92 17 -28 34 77 -25 -70 76 -39 -60 9 -22 20 82 -79 18 13 -38 5 29 88 93 69 63 81 -4 76 91 95 -26 -90 74 58 -92 82 -19 94 -72 64 11 4 61 27
80 -76 -66 84 1 61 -63 -45 -57 28 52 63 49 56 -76 -77 1 66 74 -46 12 95 -1 -85 -1 -39 12 -70 -63 6 73 42 -90 65 -33 -98 -82 46 -21 59 67 23 -96 14 -34 65 -89 -20 -63 36 -46 -97 -8 99 9 98 -59 -21 88 -6 8 7 -80 64 6 86 21 53 51 43 97 -88 96 -9 -94 81 75 93 89 -13 48 64 43 83 93 -94 33 47 42 -10 51 46 67 28 -73 44 -73 -2 14 -59 20
80 -45 41 -28 61 85 -89 -56 58 -91 17 -85 53 96 -33 -17 23 21 -75 89 1 0 -98 28 18 52 72 -70 -69 -62 -62 37 70 -31 74 -3 80 33 97 -25 -49 -69 35 -72 81 57 50 54 46 -89 60 -84 -85 90 38 38 7 31 -24 -8 -57 -55 9 79 91 28 -51 57 -98 32 -21 -5 -35 85 -40 -5 23 0 90 -51 1 34 -47 0 28 47 54 -95 26 -33 -24 -98 -88 18 -20 64 100 20 73 89 -95
99 -93 86 0 49 -54 -95 -75 22 -99 -19 68 -39 38 66 52 2 -13 -76 -43 83 -49 -57 29 -88 -68 71 58 -48 -91 -28 -81 -60 93 -75 -80 -45 -50 88 -73 16 3 -58 82 69 -47 -4 91 33 94 86 95 -71 -40 -9 -42 -92 -36 67 34 -31 85 75 -71 98 -46 31 -9 14 44 43 -11 18 54 40 -28 -99 1 -99 -30 87 -46 18 -32 70 -91 12 -64 -35 -54 11 24 -12 -7 -60 -26 31 82 -57 44 -38
91 58 -97 1 48 85 4 96 7 37 -85 -70 -16 -55 -90 -73 -33 -14 12 44 88 -87 -44 -98 -25 -32 -36 77 -41 -86 41 35 -34 -78 98 47 -13 -20 -69 -18 48 7 -93 -94 13 18 53 -91 35 10 86 -96 9 -7 97 -48 39 -80 -57 8 84 99 90 87 87 -79 -83 70 -27 -24 -66 47 -50 -22 -73 -37 -90 -4 10 -52 -8 -67 -49 -59 -4 96 -86 50 25 44 36 58 -18 31 74 -9 0 -76 75 68 64
-20 -78 19 -25 84 13 49 84 83 -22 18 46 76 -19 17 -36 79 76 -50 89 39 -11 -53 76 61 7 -42 -91 -38 -33 -15 91 77 61 -55 6 -19 43 18 -58 -53 54 53 -47 99 69 -55 -60 45 -79 -25 70 85 -53 -17 -6 -61 -98 -54 29 -42 -69 11 1 -25 -8 -12 44 -9 47 0 -15 -59 -51 -26 -22 -31 -86 2 34 27 -15 -80 68 -54 -2 92 -44 71 33 2 59 50 -29 64 15 -89 -83 -3 -55 -78
-26 91 83 -94 48 23 43 79 -11 -5 15 -74 86 -73 -40 -32 -27 -53 -10 1 87 -34 -56 75 51 -48 50 1 26 27 -77 58 -65 -4 14 96 -84 -42 -94 29 59 41 -74 85 -96 -9 -28 -55 -8 -95 -52 80 57 58 82 43 51 25 41 19 36 54 17 4 9 -67 38 76 -12 -14 -47 -37 -98 89 88 -23 85 -72 -18 -44 22 98 67 40 -76 10 -27 75 6 -82 -36 78 34 -65 -63 -48 45 53 72 -25 56
-24 12 -64 -35 54 -22 14 -15 60 61 91 -31 -90 60 27 8 -21 -71 97 93 65 -92 -5 -100 -47 10 84 -85 20 98 12 88 -40 -45 -38 83 -3 34 97 -15 40 -40 100 55 -68 60 -83 31 -52 56 -3 64 21 11 30 -33 90 -6 -98 -13 -72 -17 4 69 42 -55 -39 -41 -11 -21 75 -30 5 84 10 -46 -86 99 -89 -38 -15 -24 -19 -93 70 -62 -50 45 69 -82 -52 -87 -7 48 100 -71 58 19 24 21 -54
36 68 -17 10 -32 95 81 66 -20 67 45 84 100 78 -15 -45 67 -78 40 -44 1 43 59 -81 -71 -84 51 15 1 -91 81 73 44 35 -10 -18 69 -37 -56 -76 88 21 51 -71 -63 59 -67 -99 98 57 -88 -22 -80 -37 -45 91 -91 -24 -80 35 -40 -22 95 -75 70 -56 -57 -41 -7 -69 -84 -17 44 55 -34 -56 -83 16 -38 -92 -83 -25 -34 61 25 20 -71 36 55 58 -34 -81 6 72 79 -32 55 28 -67 -81 47
-51 -74 -65 30 5 -44 92 -2 -79 -87 19 29 -56 -23 48 -20 -62 91 69 -42 9 14 -12 -43 64 13 -81 79 -71 33 83 60 -55 -3 -22 100 84 -66 94 12 45 24 -16 -65 -100 93 4 -45 70 -35 -22 -88 32 34 80 -1 18 -52 18 95 -99 -74 88 -12 -78 64 -30 56 29 -59 -60 33 34 26 22 98 -74 -100 26 74 -67 23 38 -46 21 76 71 16 -40 -47 -13 60 54 5 73 17 61 -58 -65 63 -52
36 45 54 -43 51 50 -63 -81 81 70 54 14 -49 33 -42 36 16 -99 62 -5 -82 -69 62 12 -24 -16 86 81 32 -61 -15 -4 62 2 81 -93 -39 -44 91 52 37 80 53 13 -16 -91 -16 22 81 94 100 -41 -16 -50 -100 -5 32 -95 -83 -45 42 -18 9 32 0 89 -66 -54 -52 -14 99 34 -33 -6 -98 14 52 -2 75 83 10 -72 70 25 -45 24 84 78 30 72 -30 63 -13 -90 80 6 50 -35 -21 48 92
72 -1 -66 -59 -50 45 1 51 24 -63 77 33 -9 97 92 84 36 100 -77 41 2 54 84 23 24 23 94 87 55 93 97 -12 -50 6 98 4 78 -57 -89 16 100 -45 38 84 -37 -6 -66 -52 8 98 11 -57 91 -25 -54 -100 -92 -15 -89 -57 -22 15 -68 75 39 -34 53 32 87 -85 -26 59 5 89 44 52 87 11 86 -25 -97 95 11 2 20 8 10 31 6 -39 -36 -94 53 57 -54 -94 -75 -9 14 -39 67
9 -94 -72 96 64 58 -53 14 -58 -64 15 -20 -69 -86 -6 21 54 -58 90 20 33 -40 86 -6 -95 -17 -95 69 -24 -84 17 74 -78 47 56 -61 9 -88 34 87 11 -47 -77 19 59 12 -35 9 -65 87 77 -71 -50 75 94 -4 -72 68 60 14 -30 65 -81 -45 67 -5 7 -76 -53 -39 -94 -61 46 -55 -42 64 75 -44 -76 -15 12 -16 62 -22 42 -75 60 -94 37 57 -70 64 40 71 28 50 15 -99 18 -95 -37
31 67 -44 5 -30 -84 81 61 89 87 58 -88 60 -49 -95 2 -64 16 -39 55 11 -39 -18 -9 -40 95 52 -65 -77 -9 -92 -60 -66 27 91 21 64 -63 -94 9 22 96 83 38 -48 93 -38 79 88 -31 -60 14 -27 84 61 -2 45 -6 90 96 90 -19 -32 45 -75 -94 -21 -23 -92 -81 26 -95 5 77 -16 94 -90 -30 3 -64 -51 27 -72 -38 9 -81 -91 70 80 -96 96 78 22 -24 -36 30 -69 -98 -42 1 76
41 -82 -38 -32 61 -10 59 -98 4 -27 76 73 64 57 -93 -99 56 -74 -47 60 -7 86 31 98 -29 70 -57 57 47 -78 -55 -76 -22 33 83 -70 73 -40 -93 76 -1 21 -34 -8 -38 66 -32 -16 41 47 -34 -80 -58 -58 -83 89 92 -54 78 82 -93 73 -67 5 6 -28 1 12 -62 36 63 -99 65 -80 88 -73 -17 -47 21 6 -45 7 100 67 -87 -81 -95 80 72 -7 10 63 50 -3 -95 90 -39 96 18 66 -3
-47 61 -83 78 -3 66 -2 88 -62 21 88 -23 -11 97 -84 -88 -34 51 -9 14 49 82 -62 50 -22 86 -39 72 83 -46 5 -56 -38 -43 72 56 57 -69 -49 14 -95 54 35 47 -45 35 66 6 -25 -87 -22 6 -71 -23 -19 -46 -21 86 66 -24 -35 96 12 31 -74 -8 -41 -11 -90 -24 -20 69 -63 55 -30 -80 44 17 -29 51 11 -100 88 1 35 -20 83 -41 95 -55 -66 29 12 -17 67 -53 -12 -78 -28 -57 -72
39 86 96 43 12 -28 71 67 43 25 -37 -25 2 -70 39 78 28 -83 16 -14 76 46 45 -32 -7 49 80 -52 92 65 18 41 -3 38 65 -77 -5 87 58 6 -87 93 4 -11 -27 -64 72 -5 79 99 89 27 95 -87 9 59 11 96 26 1 -77 49 64 83 55 -92 85 -29 2 -8 30 53 14 -81 72 -51 -73 98 51 -52 -8 34 -98 -89 -68 -25 -93 -36 -65 97 -64 96 19 81 -80 95 81 -80 -59 -59 67
-59 -44 95 60 57 86 12 -13 57 -97 -19 -47 -24 91 -72 -38 -42 38 -96 32 77 23 95 84 -96 -9 6 -76 43 -55 -15 52 -99 59 -9 3 49 -66 -76 20 -92 93 -37 -87 84 56 73 -49 -82 -97 -59 -32 83 29 14 46 -30 99 50 -91 50 76 80 -7 -36 91 76 -30 28 -88 51 78 -60 -16 76 -46 60 -75 54 25 53 59 22 -81 55 92 -10 53 48 2 -83 77 48 -32 -29 48 27 -54 35 -21 78
-57 -40 -11 94 11 16 -83 44 44 91 -68 65 -6 17 24 40 -20 -52 -17 -95 79 -95 50 75 -44 -81 -45 -44 2 -96 -61 41 -57 1 44 51 -51 -79 -66 -21 47 -82 51 -88 66 -61 81 18 1 -55 -26 40 -44 4 -42 11 88 -96 -35 -9 64 -53 78 -62 32 -98 -100 -60 48 98 4 5 -41 -22 -77 -83 4 -47 98 80 -91 2 90 43 -72 -73 -79 -64 0 -83 38 -58 -91 -86 -29 -63 70 15 84 -92 -1
97 -25 34 -74 -31 -57 69 2 -78 69 -8 -77 83 -67 -23 -52 -11 -95 24 -32 98 -11 -7 -55 36 64 87 -27 -57 45 64 -57 89 78 34 -1 -3 56 63 94 -21 1 33 -47 64 49 96 -84 -98 87 -87 -62 34 26 17 22 -50 21 -47 -26 -79 -42 16 21 63 -19 -66 93 31 94 85 -81 -76 -90 -6 -89 70 -65 -16 76 -17 68 23 1 -100 -8 -87 40 -48 -83 6 68 74 24 92 75 35 -14 -54 -93 -78
57 68 7 48 52 -59 45 59 57 -28 61 3 64 14 54 -93 47 62 -69 -66 40 -72 -78 69 -37 -80 73 90 -87 -29 -3 21 -72 -61 -24 87 -3 -38 1 -70 -8 -32 -32 85 -95 -99 1 28 44 -99 34 88 -55 -28 -13 8 -51 -34 -57 -22 -2 -70 -77 -57 59 -39 60 48 68 56 -17 -36 74 91 92 -58 26 41 -99 -19 -94 24 99 43 -71 -91 -71 -40 95 -56 -54 -40 1 -60 -79 -16 16 24 39 -95 7
-91 47 -53 7 97 60 -11 38 -55 -5 -99 -21 -2 73 -79 -48 45 57 -37 92 -80 -36 -33 3 55 99 86 12 62 48 13 -48 69 49 4 -65 -55 -37 32 49 48 62 83 10 -1 -87 9 46 98 87 83 -12 -83 10 -69 -93 1 -29 -14 48 64 53 -25 -17 94 24 48 44 25 58 -25 46 52 -74 -18 20 0 18 67 77 -24 -87 -66 47 -41 30 66 9 -9 64 -35 24 56 -97 -26 -43 23 -1 -18 86 83
-1 42 93 9 8 -95 90 -66 -64 -74 34 -36 78 13 71 -8 -33 -18 -85 55 78 30 61 61 96 38 -46 -20 10 63 30 -12 -76 98 85 78 -93 100 -63 -77 88 -59 -77 14 -71 -53 97 -55 -98 -47 -21 -80 91 93 2 -12 -20 42 -86 95 4 47 -39 -39 68 57 1 87 30 -10 -83 79 49 -25 90 17 11 42 -41 -31 -16 -34 72 -68 -84 -39 99 67 -7 -55 -92 -32 -85 -58 -15 -91 26 3 -33 21 -37
-76 -71 82 38 31 0 62 -45 11 -96 31 -25 -6 -1 -92 -98 72 42 67 -54 77 75 34 38 23 32 -15 -41 96 76 73 97 -1 -47 75 64 -27 -42 53 -93 48 -80 80 -100 73 49 -79 29 -88 22 -100 -61 -54 12 59 -67 -96 -81 53 51 82 -87 -13 -70 -67 -100 70 80 -44 59 -100 -44 -84 -50 18 17 -27 -10 -59 -96 59 -58 40 -32 -95 -20 37 -7 -32 -75 39 64 -5 -53 -37 -72 -58 27 -74 -28 -2
86 -69 19 -65 33 -11 -2 46 36 56 20 -42 7 -42 12 55 -23 -2 -7 77 -92 82 -86 -88 84 92 -61 56 -54 98 46 97 89 -88 -34 -62 -64 -18 72 -91 56 -76 -77 -34 61 56 -88 -83 73 89 -85 15 17 61 83 -25 -60 -57 -46 96 10 0 -1 -79 8 -43 -79 66 -95 80 -11 -76 82 -11 23 -84 44 68 -77 -82 54 55 22 -73 89 0 53 37 27 -24 88 -30 -17 83 -1 53 -91 92 -16 31 84
-63 84 -17 -96 -17 1 1 9 53 34 49 -84 -97 -67 33 -2 46 -5 94 49 100 46 30 -37 86 -61 -43 -25 29 30 49 58 -46 17 46 72 -87 -23 -38 -40 -83 -94 36 -32 53 -49 16 1 17 80 -73 44 -20 -50 83 23 5 38 -22 -80 -75 7 -67 -29 -2 94 -34 -57 45 10 -25 37 12 45 -18 92 -61 -51 68 29 69 -85 -37 -49 11 -81 -54 0 93 31 -24 -2 -15 -37 -52 -52 26 -68 -75 -23 -48
-99 46 54 -42 44 -6 -54 19 21 74 96 9 -75 -84 -91 60 0 72 -91 66 19 -61 -15 -73 -69 -94 -34 86 -15 -22 -27 56 9 7 -4 -88 -56 36 -16 -25 -99 44 -95 49 15 -66 15 40 24 -91 62 14 93 42 92 38 65 -19 91 -14 11 -83 -4 63 -5 59 -23 76 8 -16 -37 85 45 42 30 -80 77 9 -23 35 -2 -55 -21 -38 52 32 65 -5 -30 94 -89 60 97 81 18 64 -42 83 6 -20 27
24 27 -10 -75 -2 -26 -11 -36 -24 86 26 77 74 61 -29 23 -8 84 -19 -45 4 8 -79 -52 66 -83 0 -57 -57 -86 98 -16 -77 -77 -17 -40 -5 9 -38 -93 14 73 47 -15 -61 -32 -32 39 -36 -58 90 46 -76 -97 38 94 -7 12 1 -6 84 -2 -49 19 45 -84 -40 28 37 -8 -89 -86 -37 -43 81 -72 14 18 13 -15 71 -32 32 18 81 75 33 29 -49 -8 -51 -77 -50 -96 46 30 -39 25 25 -93 -48
-56 45 71 94 -69 -63 50 -18 -99 44 -4 99 18 80 -99 -27 -51 74 -42 3 -2 38 81 54 20 11 -55 38 -81 20 60 -62 64 -11 72 7 -2 1 66 -54 -63 -90 21 72 -28 -78 12 17 54 -77 -22 24 -82 -38 -12 39 -100 10 -18 34 49 26 38 99 63 24 36 -9 -95 61 -11 -48 19 7 90 65 44 -44 -73 19 -5 -62 -13 22 -51 84 31 100 -64 1 -53 35 32 -97 83 -91 70 76 -91 23 -79
99 -91 51 31 -96 78 38 71 -80 32 -97 42 -100 -45 -16 58 -63 -62 -11 76 -91 -73 -37 97 54 3 78 31 -18 -4 -64 62 6 24 22 -38 -91 -9 94 24 -98 -25 -80 -45 -76 -63 -54 81 -87 38 21 52 82 37 -93 74 50 94 46 -22 -60 41 98 62 70 84 19 62 -43 -55 25 -42 -79 -77 -93 -79 -70 -89 -79 57 -56 16 0 -78 33 -68 27 43 92 -21 44 78 81 50 10 40 5 14 -42 48 -64
-73 -36 85 80 -57 -28 47 82 -21 26 -78 -21 88 72 -72 -83 39 -7 -19 47 40 37 32 -76 -8 4 3 54 99 48 -10 -21 82 39 -86 -38 27 -98 -34 -9 63 -19 49 41 89 -19 -92 87 62 26 51 23 17 53 -35 -80 -94 25 49 81 -14 -20 -83 -17 -64 -80 -55 46 -70 87 -5 -31 -60 53 -83 -65 54 79 93 -16 64 73 23 -16 -48 -95 -31 52 60 -8 -83 -91 37 -33 -18 11 43 -88 -58 43 80
89 -90 3 27 4 -6 -23 -78 -51 -72 60 31 27 37 34 52 -2 19 20 -4 7 52 -82 -8 69 -17 -64 -21 93 -14 65 -26 -78 -59 -6 100 93 -94 69 -60 32 87 -48 -13 -93 -98 -51 88 -69 48 -13 -90 58 100 -27 -97 -45 -53 83 -47 -67 35 -19 -80 49 -41 53 -24 -10 -92 7 24 89 71 20 69 68 -100 65 -43 -55 -83 84 -26 1 19 34 -37 55 -81 -52 25 11 -35 -48 -96 64 69 64 68 -28
43 88 61 45 31 -23 19 14 35 -58 73 -77 -83 97 84 -88 -44 -32 88 64 12 -32 -16 -38 -89 -58 13 57 -47 -92 -4 18 -67 42 -22 -21 -81 8 38 -28 82 -29 -39 3 22 98 29 8 -57 -34 -39 -72 -99 1 -48 -72 77 46 -19 -39 -44 -27 75 -29 45 -59 22 -33 -76 -49 -86 16 34 -70 -29 -61 -82 81 -52 49 18 -62 80 -33 -90 -4 39 -76 45 45 -52 -50 43 68 35 -18 90 -83 9 -41 -11
0 -71 30 -38 -62 -28 -89 35 -74 12 -17 90 -76 -78 42 -55 -77 7 77 -69 -48 23 -19 53 -55 -72 53 -50 69 -92 90 84 -21 47 16 -71 5 62 -36 26 -10 15 -31 50 -68 87 -93 -50 -13 7 -52 -98 -53 74 -73 -43 -77 -50 -87 -67 -97 83 -7 -84 -54 90 -20 56 27 -64 84 -82 55 37 77 -41 -65 -30 29 56 -10 73 45 21 -46 -9 44 50 -59 -14 88 20 99 -87 80 72 30 68 72 53 -62
-60 100 -48 33 49 79 21 8 14 -19 -92 8 -46 74 -53 19 -34 18 10 -67 52 -2 61 47 80 -100 -58 65 -52 37 -38 -78 -16 61 43 27 40 80 -90 33 0 -50 46 45 10 -40 -10 -67 -77 -38 -87 56 27 21 -33 65 -4 -69 -82 22 -34 -67 36 -75 83 49 64 -48 -71 13 69 -6 -45 67 2 -84 -24 14 -33 73 52 -43 -75 53 33 21 -53 65 86 43 -6 41 -8 -1 39 73 57 -5 100 90 79
-61 -86 -21 9 71 -81 61 -42 -22 52 -32 -30 -35 32 -48 -22 28 -9 -87 21 -9 -10 68 -8 46 -20 19 -5 88 -7 65 72 -96 55 91 -44 -8 -92 100 54 62 -30 -80 36 45 58 -70 -5 53 91 -11 -92 10 37 -47 64 25 -65 2 -70 -69 23 14 91 1 26 5 -54 -3 13 26 -51 67 -36 88 37 69 -38 -28 16 11 82 -99 68 -26 -46 50 -98 -31 0 -98 -23 -79 15 25 2 40 48 35 71 68
-64 -93 -40 -44 -28 -10 72 -27 95 6 -94 -88 23 -88 43 8 44 -84 -16 -49 12 1 -74 -20 94 -21 3 -38 29 10 -71 -23 -54 92 25 77 -11 59 45 -4 29 -1 -13 -23 -41 83 36 -96 82 -35 -80 6 -45 74 -63 10 -7 -33 30 33 -99 -4 25 82 9 -13 34 -60 53 92 -13 -67 86 -89 -91 9 90 -54 12 12 58 -36 -92 -95 73 62 -42 -66 37 -2 -22 -22 94 -13 -76 -100 0 90 -39 -13 51
86 52 14 46 -58 -11 -21 -44 -67 89 44 -10 -49 -49 -25 -67 12 -13 48 -58 -76 -48 40 -25 -94 34 -66 -6 1 -29 -26 -100 9 -75 -18 -71 51 100 52 99 -76 93 -95 25 22 64 -15 -99 -49 38 -27 4 86 -82 -5 -59 18 88 35 25 62 22 -37 35 -98 -11 -14 40 -96 -36 -88 94 57 -61 67 -14 -15 98 6 -41 26 77 56 27 -11 -68 -16 100 16 -48 -67 -91 31 -35 -35 97 -26 -38 92 -13 -29
-66 -45 99 -96 -47 65 36 -7 -7 -34 -81 -76 16 25 -54 -75 59 -93 14 84 5 -59 94 38 73 92 32 -37 -18 77 -100 52 41 -74 -14 -14 85 49 62 -96 -71 79 -77 -43 -76 28 -33 59 83 -4 -36 -81 -28 -7 -53 -48 44 -19 -1 100 -86 35 -88 -38 -80 -6 -72 49 87 43 -32 -54 35 -22 78 28 -94 -90 21 -42 -38 80 99 -20 -72 63 31 -82 5 -56 15 58 -94 44 -36 17 -42 -74 83 -91 -52
34 12 -53 33 -13 72 -14 -65 9 -65 -32 -7 -36 72 77 -4 -75 -42 -78 -75 73 -48 48 20 -42 -48 -4 87 15 64 75 84 44 -54 98 88 -23 -51 -100 -74 -44 61 54 75 -18 -16 75 -44 3 -90 -64 -82 48 66 90 43 91 44 -60 -58 14 -57 97 13 -89 33 95 60 -25 60 -8 -8 -100 30 -44 -6 43 40 32 -73 5 85 -73 -43 70 72 -13 83 82 97 82 62 -52 16 39 -16 33 40 -20 1 -5
80 45 -79 84 43 39 -32 98 -79 -76 -94 -40 -58 35 69 -37 -60 18 91 -15 60 -68 -32 83 23 32 -5 36 60 4 12 66 82 74 33 6 -14 61 -95 -55 5 -27 32 -78 -11 32 -84 71 22 -3 -99 -30 -18 -35 -8 90 -1 97 46 -86 -16 78 65 12 -50 -28 1 -54 -48 44 10 -28 71 24 32 -18 -2 5 -72 -2 52 -47 2 -61 45 55 15 24 -62 -14 62 69 -69 40 -31 97 -96 61 42 79 -61
-68 21 -21 96 -87 -58 -39 -75 22 5 74 7 -62 100 26 -93 -2 37 -55 -51 -90 88 55 -25 -89 11 -100 99 52 -52 58 -2 95 -55 -85 28 2 -12 22 1 76 -38 66 14 38 60 -29 46 -58 -60 38 3 -99 -66 87 -43 -48 -85 5 -84 -24 53 92 52 85 36 -54 50 91 -70 -75 34 -25 69 -4 -53 30 -30 -57 27 34 -23 -85 -44 -8 94 15 3 17 -30 7 4 97 -57 -63 -59 91 26 -12 28 -5
-1 -49 -73 -89 -72 16 58 87 56 40 -9 -90 -54 96 32 17 -52 -3 6 -20 -10 20 -43 58 82 -27 18 32 -43 21 -36 19 -3 -95 39 -43 77 18 4 53 44 -54 89 10 -44 93 96 -94 -28 53 -42 72 24 53 8 27 69 36 70 -67 59 -55 -43 80 45 -30 -3 90 -92 -95 -32 86 -54 94 19 -41 -30 17 -54 -15 -61 97 37 -52 -84 -88 -95 2 88 41 32 44 -40 -85 -38 -28 -6 -33 -18 -61 77
-3 15 63 -4 27 -50 -59 -35 -74 49 -90 15 10 -14 37 91 -97 -67 -88 63 -71 73 -85 -6 -56 85 84 100 83 8 93 -80 45 73 -14 1 38 18 -60 63 66 -38 100 49 -73 30 98 39 51 12 85 -29 54 49 94 -48 53 21 -78 26 86 96 30 77 96 69 -45 -26 -41 42 4 4 -12 -70 24 15 50 92 13 -90 66 -20 87 -39 76 -52 -92 78 81 57 32 -78 87 66 -100 -83 -60 45 19 -85 46
31 -70 26 -39 32 82 35 -13 -86 -33 92 10 -23 -1 -49 -83 -10 70 10 -66 -44 38 -61 -40 -82 -83 -36 42 -60 33 -66 79 80 -17 50 -64 -34 -98 19 -34 2 -15 64 14 50 8 7 100 6 -63 -21 -69 41 -91 -72 3 -56 -67 71 -13 -79 -48 79 65 64 60 87 66 55 -53 2 73 -1 24 22 15 -63 -35 64 93 -51 -84 54 -63 21 99 36 -60 8 86 81 63 49 41 -26 -81 -22 -41 -18 40 -6
69 69 -63 4 34 14 71 18 -64 22 -35 -2 47 -30 45 -5 -28 -3 65 97 90 76 -17 53 24 50 14 -48 40 -52 -4 -28 -9 14 -30 4 85 36 44 43 90 32 44 96 67 -100 61 73 -87 -71 -31 -37 -50 21 -47 24 -61 66 -24 2 -56 -47 -13 1 -5 62 -61 23 62 39 20 0 -87 -87 -76 -47 31 -9 -8 34 7 12 -42 6 -54 44 -31 -31 78 80 69 51 26 29 30 -37 -30 82 -11 -13 -73
-69 -16 97 19 10 -18 3 -84 -88 -84 -83 -93 -85 87 -37 -17 76 -36 94 -56 -26 -75 -25 13 35 59 -52 71 83 -66 3 11 44 40 60 88 -74 -87 -23 -20 -9 -36 -39 -26 -83 31 -71 82 53 -40 98 -46 94 43 -76 57 -73 -66 69 -71 98 29 -55 -4 -33 79 77 -40 56 -33 -9 -76 -99 69 -91 1 -85 19 -69 86 -37 53 47 -26 70 -50 -39 -13 -60 18 -16 -22 60 -6 42 -31 -16 71 -91 92 -51
73 -41 -38 28 1 77 41 3 -9 -78 53 23 32 1 -54 -53 -71 6 -54 23 11 -70 71 91 -38 28 44 -48 -39 48 -97 -90 -52 77 16 26 -3 -36 -47 44 -34 -90 62 -98 90 24 13 -2 -83 -51 4 72 -85 -59 9 -41 -22 71 -51 77 -96 -54 96 -45 48 -32 83 71 -30 -49 -5 -78 62 21 2 37 -87 91 44 98 15 87 -9 -99 73 21 -5 -35 29 -16 43 -84 33 73 82 30 -71 8 -59 -33 -93
39 -36 24 36 57 -78 -34 16 44 -70 -23 -62 55 -44 -88 -84 -47 -28 85 1 71 89 26 36 -31 38 34 65 -2 -83 14 21 87 -34 11 92 -37 9 -40 -24 -72 38 65 56 -13 48 7 -44 61 -89 97 72 8 -50 40 34 -47 99 74 45 -33 41 -92 -13 -18 21 -56 -39 77 -36 -68 69 -16 -56 -89 48 0 41 -94 75 -72 98 -58 51 0 -92 88 -31 23 -27 38 10 -74 12 18 -4 91 72 -19 59 -32
-39 84 -31 5 -93 68 -41 -64 -49 28 50 13 78 72 19 -59 47 48 79 -96 -100 -21 2 -45 70 18 20 41 96 -69 61 72 -98 31 31 9 94 98 48 -10 -75 -72 -100 -49 -83 -71 44 68 -78 29 88 6 -95 -97 -85 17 -94 -1 -24 -1 -46 -82 -99 -77 100 39 21 -69 92 82 -11 -61 -41 -100 32 7 37 -79 -49 -19 98 48 -57 54 -26 -25 -44 -52 -28 -80 6 80 36 -20 -47 -47 -86 -69 -32 86 82
-29 30 -27 -51 73 57 15 -35 -7 19 70 54 -54 -82 42 -79 -88 -2 77 -80 80 12 -61 38 44 -43 -21 -73 -75 -30 -90 94 60 -49 67 3 57 -30 -27 71 -76 83 24 60 -89 88 40 28 -54 50 60 -5 67 -92 33 -14 -76 54 38 -39 -79 74 -10 85 70 -87 -49 70 -4 16 -33 53 -69 -57 -4 -12 -59 -40 53 -33 -60 -41 -84 -100 -48 33 61 6 -74 -10 6 -63 27 35 42 68 -28 43 -51 48 61
-54 -92 63 -48 -88 -68 -41 24 -54 84 4 89 -16 88 52 32 93 25 -78 -90 45 53 -23 -1 -13 98 -32 -11 -36 -22 7 26 -94 -79 74 -26 74 18 17 -61 -5 -94 14 51 22 -42 -61 23 52 15 84 -45 48 26 25 6 58 96 3 73 -93 -58 -2 49 20 84 80 -81 -39 99 -22 -60 24 94 29 -49 -100 -79 43 26 -3 -50 -69 -88 -63 97 59 -84 -91 -37 -36 -60 -9 95 18 96 60 -62 -19 30 74
-18 14 -38 -100 86 99 81 -90 -30 6 -11 -86 22 -64 -80 95 18 -44 100 -92 -13 73 59 -6 47 40 54 70 -90 96 83 28 -77 11 -74 -61 74 36 -92 86 46 -28 37 29 -98 68 -33 -99 92 -32 -33 -57 -39 22 83 8 -84 -84 27 31 8 97 79 16 -62 24 91 100 -81 -82 -97 -58 67 -13 -80 29 47 -93 76 -10 -53 79 -62 -81 -45 -73 -33 43 -39 -66 -54 99 50 19 41 57 -60 -11 -7 -46 33
-95 -99 -60 -98 -64 -28 90 83 -58 -13 -65 9 -95 -62 62 64 -91 -20 14 -73 4 -38 63 -5 -15 37 100 53 77 -12 -61 -82 86 -32 38 -100 -61 -58 -40 78 66 97 9 -60 -69 -19 5 1 -63 52 51 90 -64 39 98 -60 81 -1 10 35 58 21 84 -86 -2 -9 59 -88 -66 97 97 22 38 72 6 -72 -88 -69 13 33 40 91 73 92 54 -76 16 9 63 31 -46 13 -73 5 16 -34 -47 87 93 -26 -17
76 -5 96 89 95 54 39 -78 -87 21 -43 -89 47 -79 30 44 93 37 -15 -98 85 -85 65 41 18 -87 -85 27 -45 -39 -2 13 -17 -36 58 -78 90 -65 9 -13 35 5 78 52 81 -93 -41 -96 -100 -64 -98 -84 -25 -81 28 32 -34 23 79 -92 -59 -9 6 -87 60 57 96 36 -45 -6 -41 26 -47 -49 13 72 0 -20 21 -78 26 -29 -8 48 19 3 19 81 76 -56 -20 -11 -50 -90 -29 28 9 4 92 -44 -40
11 11 14 86 82 -80 71 7 -59 50 43 -34 87 60 12 -56 33 21 -1 -41 -40 -99 23 88 -76 96 19 77 -97 92 -24 79 43 -67 98 9 -84 86 0 80 -13 -80 -25 89 -36 8 34 -13 93 -56 -21 -53 72 86 75 -46 -36 69 29 -58 -92 -90 -47 -70 -73 -59 -66 -59 -50 -87 80 23 -29 -72 -80 42 75 -70 -62 18 -75 10 34 -33 42 -8 73 48 9 68 -66 59 -85 68 -78 -5 -18 -62 26 78 -95
97 100 9 -85 -15 53 -38 -57 27 73 66 -94 -51 -46 -70 33 -10 42 -22 -24 45 -80 -80 100 60 -88 75 -65 57 -23 33 76 -50 95 99 -100 -88 1 76 -5 27 -11 30 -54 -67 -26 -8 87 79 13 81 -6 57 -30 -23 26 -20 58 -73 1 -75 51 29 19 66 100 40 -65 -59 -73 -88 -3 16 -13 88 -75 62 -90 -9 -44 19 36 -55 85 -91 3 31 45 -97 62 74 74 38 -62 -3 68 45 -47 65 57 -85
-26 -13 55 7 72 79 -53 53 -42 72 -83 -40 58 98 49 -73 77 1 -93 8 -70 50 32 -20 40 -89 73 -45 -88 -99 8 48 73 90 -28 -50 52 65 -26 -94 -94 -94 50 -39 -55 66 -12 59 -55 93 26 -59 84 40 -55 -17 -75 -6 -31 23 39 -38 30 -36 62 42 -71 34 62 -13 83 81 -4 -83 88 35 -63 -77 -18 -27 29 -58 -48 53 -51 70 36 33 93 -25 -85 -43 -99 -91 79 -33 -93 -80 -51 78 -20
52 60 65 -23 -35 75 52 -28 60 35 93 -97 60 -13 -52 97 -94 -33 -39 80 -54 97 98 29 0 72 -69 -36 28 -97 59 -82 -61 -97 71 40 46 -53 -9 7 -67 -16 -6 -57 -74 -95 -6 -54 48 -8 73 -23 -95 -11 47 -15 -33 22 -88 -24 -27 48 20 64 53 1 -35 21 96 -70 -70 7 -18 -43 75 80 -42 -84 23 -15 -7 -49 -78 -52 -78 -50 -99 -95 -15 -16 -39 -5 37 -14 63 54 -54 37 -58 -14 19
15 11 -73 -97 23 -16 100 -62 12 32 -44 33 -90 -25 69 -80 60 69 -13 -48 75 50 99 -40 22 82 -26 66 62 -56 7 -29 67 -23 82 19 -62 -76 -36 65 -92 -98 -17 26 94 24 -50 76 -89 28 -71 15 -45 76 -79 46 4 9 90 -22 -7 16 -53 -5 -52 -34 -80 -13 67 80 -19 -56 -53 79 7 -53 -91 -83 64 78 9 10 -51 90 43 -79 41 -16 -70 -21 -80 97 20 84 62 -70 3 -68 31 1 -60
-61 25 -22 67 -31 90 20 -39 9 -95 34 -5 -27 -27 15 39 92 18 90 13 72 -28 -41 -85 0 87 -79 -13 -38 29 -88 77 -100 69 -97 17 -17 -44 17 45 -33 30 48 -52 3 -20 -9 11 3 -81 -23 -84 64 26 -61 -6 46 -17 55 -6 -75 -50 -31 96 56 78 -77 75 14 -23 -96 -34 -87 -34 28 76 88 -55 -76 -12 98 1 4 -69 -38 -83 63 38 68 79 71 -67 -60 10 -56 -63 -50 -55 -12 91 -69
54 42 51 99 42 -1 -69 -82 -68 -65 1 77 58 -43 9 -35 81 -99 -51 -54 88 67 82 7 51 -51 -77 -44 -40 32 -76 29 44 -14 57 96 82 3 -21 -12 -35 19 61 94 -50 -44 17 -93 41 87 85 -52 -72 -59 61 63 -53 -31 -57 100 -62 5 57 -100 82 12 65 -75 -90 93 -9 -5 51 -14 -95 64 -68 17 -84 -28 -57 -30 -53 -82 -23 -72 79 -46 17 -11 41 -78 -85 -84 -41 -35 34 -14 -24 67 50
59 39 -23 12 -8 -69 -2 -73 50 -25 86 -32 -13 4 -71 -96 -55 -43 -68 32 28 -34 -40 -13 50 0 51 35 43 -43 -25 -87 -9 -88 -44 -36 38 89 -59 11 11 -96 -99 85 -97 -24 53 -9 52 35 -95 -21 13 -71 58 -38 60 -22 85 -73 -85 92 35 30 -10 88 29 -66 41 -95 -12 -85 -83 22 -26 -5 91 -84 -87 75 9 -35 91 19 29 37 79 97 4 63 49 32 70 -60 41 -82 -37 -45 -4 21 -74
-7 -38 -65 93 94 72 -58 -99 -30 57 48 31 -8 78 -63 -54 -25 50 61 79 90 62 -95 -14 79 16 -23 -64 2 98 11 25 44 67 -66 -65 26 -80 -40 -73 27 -51 33 94 -45 -100 93 82 -21 17 86 -23 100 39 55 -97 20 -13 -91 54 -92 -92 -28 67 -29 98 40 83 42 -81 -65 30 -26 -7 -83 54 -31 70 44 83 7 74 53 -59 39 86 10 -88 -43 29 -38 -10 65 -15 18 -61 24 -24 89 13 -57
47 87 93 32 -82 53 -22 -2 98 64 -87 -29 51 19 -95 -52 47 50 -6 68 -28 61 -96 92 10 -71 -9 93 -22 83 56 0 -52 -20 -23 -69 58 -89 34 51 -37 -66 92 -96 -53 99 46 94 -37 55 -42 -92 -98 -49 -34 98 100 -88 40 -20 -82 -49 -93 -50 -19 7 66 -90 41 -18 -41 61 41 -18 47 -71 41 98 -93 -41 21 89 2 -21 87 48 -41 -61 -70 73 -63 57 51 -91 -64 -88 70 -41 55 -72 -85
38 -65 98 98 -86 73 65 83 -26 57 -60 -95 57 -14 54 20 92 92 94 -39 -4 20 -94 63 51 -26 -63 99 -77 -94 -21 -28 -91 -47 71 32 57 21 63 76 54 2 50 -72 60 -17 -70 -9 -60 38 74 97 77 -82 37 -99 -43 3 -8 -27 -56 24 -73 57 -80 58 97 18 51 -65 -66 78 98 58 71 26 99 84 -15 12 42 -46 -92 88 27 55 56 8 -66 -71 -15 94 -99 9 1 -66 40 -11 44 -56 -99
-90 -74 95 27 -14 -53 62 -94 28 -27 -90 58 -83 -52 67 -80 -52 -3 -73 -56 -53 -47 70 100 -95 21 -11 -44 -63 22 15 53 -72 -16 -51 96 58 58 -78 10 -3 83 -87 -38 71 -1 88 -32 85 44 -82 -86 -1 -82 72 -37 -23 -87 -98 -70 -27 -63 -46 -68 -1 -94 -85 -55 49 -70 -8 5 73 -74 49 38 -23 -35 80 -46 57 94 -20 70 26 40 45 -33 89 -42 15 -91 -26 -86 -82 -40 -85 89 17 95 -53
-28 -17 -36 79 97 36 44 6 70 -2 99 51 55 -89 -71 1 73 -40 65 85 -81 -47 60 -11 36 -67 96 51 37 -18 -39 13 -37 -36 -93 -78 68 85 -16 -98 85 -84 -44 -42 68 -56 3 71 83 46 -13 31 2 -6 23 -67 -21 15 72 -90 92 26 18 75 35 -56 91 -85 -67 64 -14 -1 -6 -78 43 -94 -50 92 -76 76 43 69 20 -14 91 -93 -35 38 78 15 91 -78 23 43 -58 33 21 25 72 89 -42
28 -58 -38 -23 -88 55 83 84 87 -63 91 -83 -29 41 58 -53 46 -33 81 15 64 87 67 16 -37 -76 88 -57 36 -44 32 88 -67 70 -1 -44 -95 -20 93 -52 31 -55 -66 23 -17 -8 57 -92 -19 -98 -99 -23 -93 65 -7 -98 48 70 64 -65 -90 28 -72 30 21 11 21 -16 98 48 -44 49 30 87 62 57 42 51 -21 84 64 84 -93 -45 59 36 99 -89 -47 -76 2 -47 -82 -87 -100 39 69 72 84 -54 36
-87 17 19 75 -77 60 -33 -3 27 27 8 19 -2 62 100 -89 -65 50 -17 0 -15 -60 36 -58 -53 75 -100 -76 70 9 81 62 -46 66 -38 -5 68 9 -33 -49 85 1 76 13 -97 -57 -8 14 -6 -50 -18 78 -37 94 31 -33 76 50 84 -35 -97 -68 -71 28 13 -78 -79 -75 56 92 -69 -73 -24 12 29 -85 52 -44 -59 -78 60 36 -49 29 -56 82 9 -31 -6 -42 62 95 30 -66 31 85 -48 -30 -19 31 -94
-57 10 28 5 -87 -10 69 32 -99 -82 -89 76 79 -12 -27 56 67 5 -66 38 -75 -17 49 99 -2 6 -29 -88 -9 -70 83 47 14 -23 48 -100 43 91 56 -93 100 -56 -32 97 -14 27 -99 36 80 -25 66 -93 4 97 20 57 -74 -62 -70 87 32 -47 -60 57 18 83 -72 85 -26 -82 -49 -25 39 90 -28 69 -97 -22 -25 18 64 -84 -81 4 21 55 -79 -43 14 -63 66 -34 -44 43 25 46 -26 -35 97 -82 -32
-85 -15 8 -24 -78 -59 -56 -41 9 9 82 0 -3 -39 16 97 -77 -22 18 92 44 -45 -97 2 -58 -91 26 9 -43 26 100 31 -86 9 6 82 -10 -46 -49 91 -80 -97 -92 -44 -10 -40 38 38 10 31 -62 2 5 75 33 41 34 -16 -83 -36 -53 13 -91 -90 -89 -2 47 46 48 82 50 -19 59 -95 -2 47 95 37 -42 62 7 4 96 -31 11 35 90 -67 27 38 -40 -31 -12 39 -88 67 -86 89 -19 100 -70
-2 92 -85 69 99 9 -11 58 -23 44 57 74 47 18 18 32 10 32 -86 18 -2 86 11 -90 36 66 -59 37 -85 -60 84 29 -14 44 2 70 -20 -43 26 57 -81 -52 28 70 -89 -83 29 -77 17 95 19 10 -84 -4 -26 -91 76 44 -83 87 -4 80 -85 -28 -35 53 -71 -81 54 34 -17 27 -72 100 18 81 59 85 -4 -13 -54 98 -42 -18 70 79 -38 57 -20 -3 -15 -1 30 28 84 30 -44 -21 92 -3 83
-45 -36 -73 19 43 -72 -40 -44 87 7 33 -57 -18 97 26 -51 28 79 18 -74 -18 87 95 78 70 -98 40 -72 -28 -8 79 -35 83 61 69 97 -23 37 -13 -10 -60 45 14 -21 -24 -75 64 94 -36 3 -96 -88 -86 42 61 11 18 36 -37 64 -39 40 -1 -68 74 40 71 -97 -47 -72 99 43 34 87 62 44 -83 -10 -82 27 -83 -64 -85 56 14 94 -55 -12 10 30 -20 -49 -37 28 -82 -46 43 -48 -84 -51 -33
-66 34 -81 8 67 -7 -24 1 69 31 -72 21 -48 19 9 -86 81 65 -79 -38 -56 78 -79 60 -6 -22 -94 16 -82 -43 61 47 -19 59 46 -57 -28 86 -72 -88 -34 -37 99 57 3 71 -83 -1 87 -64 -100 8 56 70 -10 -96 -54 -47 15 -22 -16 -63 43 -55 21 78 18 97 21 -1 19 39 48 -9 92 -5 74 8 -97 89 85 -67 46 -29 34 -76 76 80 -15 57 100 -83 -37 -21 -36 -26 -78 29 10 18 -8
-20 21 64 44 26 -15 -1 83 -14 -23 1 3 -1 93 3 -49 -92 49 50 -48 22 100 -88 -96 66 -5 26 13 -13 -71 -15 -71 20 15 84 5 -2 -3 -83 79 58 -21 11 -84 38 -97 84 -15 -69 50 28 -95 -15 25 -45 -22 -47 -87 3 10 -35 -20 -63 -36 60 53 -97 1 -29 -92 97 -3 33 -83 -31 -60 -71 -51 44 -48 -56 67 -50 -56 -48 -88 58 66 -12 13 30 26 -53 -60 38 -4 -97 11 -98 97 6
14 73 -9 -75 -21 99 -79 -58 43 51 -45 56 -7 91 15 -74 42 -89 -100 -42 -68 -96 -82 6 -70 -83 98 -10 -27 12 -70 -45 -56 -31 -97 60 15 42 -7 -37 79 -44 45 17 -52 58 -38 -85 -94 -51 -82 -79 -35 -94 -6 -19 31 -89 -69 15 0 10 -40 -81 26 65 31 17 49 -98 28 95 -17 -79 99 -25 -81 47 -91 1 52 -64 16 -32 6 100 -37 72 7 -56 -39 -21 -25 6 77 -22 66 -100 -99 -50 11
-1 98 61 -56 20 -15 78 94 -20 -17 -34 -92 -14 -6 63 90 9 39 18 -59 1 82 -98 16 -77 49 -26 -6 -81 76 22 -65 -16 45 20 -23 -25 -3 -10 -71 79 39 19 18 -22 -93 -71 31 76 -14 89 48 -13 10 9 -56 -70 -19 -85 -67 15 -39 44 83 -50 -55 -79 -54 -98 -46 80 -72 24 79 -50 29 84 40 -89 -20 63 -69 -60 38 22 -100 74 19 74 -7 -17 -3 52 10 52 82 -73 75 -93 5 66
-71 -99 20 -64 -45 -47 -59 -81 -52 -55 62 2 80 56 -55 -27 -14 56 92 -100 -99 4 3 74 -99 51 27 -57 78 24 -87 95 64 -8 -77 -72 17 44 -48 6 55 -81 -27 71 -55 -39 33 -8 -46 46 19 -24 -44 9 21 -95 75 -43 46 13 -2 -93 0 85 -14 -11 -11 -9 39 -30 36 -94 42 97 19 32 64 21 74 -55 70 59 -11 23 -52 -26 7 7 31 59 52 -21 32 31 16 -93 36 14 32 78 93
47 -39 29 -27 -32 -1 4 64 30 0 89 70 50 13 -33 100 -51 -27 -49 -1 8 -50 37 -99 -19 69 -76 -87 -82 -98 -66 -44 -35 60 57 67 52 -96 43 74 -27 63 -8 81 -71 -72 -10 -6 -28 53 -3 94 0 54 10 -64 -57 -17 83 66 -49 2 -80 31 -5 -69 86 -96 36 -43 8 -55 -7 -68 -95 -55 -67 71 100 84 -22 84 36 97 90 97 -95 -65 -68 -36 -3 -95 0 -100 -78 79 40 86 -82 -76 68
-86 -78 65 33 16 -17 57 -17 -91 51 40 85 -90 96 -46 -35 -66 -6 3 38 -81 -7 78 -31 32 44 78 74 15 -69 -12 -81 -3 83 100 67 -75 22 -57 99 -98 -9 51 -13 -11 -77 -30 80 81 22 -1 -18 -94 -81 2 -37 -1 -22 -46 -69 5 53 -40 16 72 -71 -68 26 35 79 91 -53 -27 -29 40 -47 -22 19 86 57 20 48 99 -55 3 -72 24 -76 57 -86 73 18 -42 57 -33 96 21 81 64 5 -88
-75 51 47 79 -89 -19 -6 39 -16 34 11 94 -100 33 12 52 -67 -93 26 53 88 -89 26 -94 40 99 -65 33 44 -39 -97 52 -100 64 -79 -70 71 -90 -88 -51 78 86 -62 33 92 -34 74 100 -51 -42 -35 25 -10 58 -1 -32 -82 -76 45 -32 8 67 82 -55 79 73 75 -1 -36 -99 54 -71 -31 -34 -45 37 -55 -100 17 -42 -5 -35 73 -78 28 -81 -53 -16 52 -54 -10 3 29 81 26 -18 49 35 42 -82 86
45 -23 -54 95 -69 -33 5 -26 70 -27 34 -15 -16 -24 22 -19 65 31 69 30 -99 -39 12 55 -92 -96 -74 100 54 6 1 19 -11 -47 -24 76 95 4 77 -43 -50 21 -93 100 24 9 -28 -16 79 35 43 -1 34 -8 42 90 -89 22 -12 -25 -5 -32 28 28 6 71 -42 81 82 3 -91 -23 58 53 94 56 -96 58 44 -71 52 -89 61 18 93 95 -88 -71 -14 -89 -74 30 61 95 -93 77 26 -84 24 78 0
-83 -50 -53 -74 40 91 20 47 -55 -1 83 -2 -88 -71 72 -7 69 -25 69 -1 -10 88 -10 -54 -82 98 19 -66 -26 36 -6 -20 81 -10 -96 -41 -93 71 5 34 7 86 90 20 35 26 67 22 13 51 79 -87 -29 20 72 46 -9 16 23 47 -32 43 -40 -2 33 91 0 61 75 -24 84 -35 -38 89 63 -49 55 -66 95 -90 -51 10 89 21 63 89 35 -21 59 -79 -22 2 24 -42 -77 40 55 -93 -15 -45 -73
29 37 -17 -43 3 40 -56 46 -22 7 -63 55 84 -21 -92 -63 23 -78 -48 27 51 74 84 83 93 -15 5 -30 -15 -16 55 -1 -56 63 56 -73 -56 -45 -18 -27 -58 14 -83 -98 56 13 -96 -72 -37 24 -76 -22 -51 27 46 -41 86 42 57 38 -53 -13 -37 80 8 -19 51 -90 -54 -56 56 -99 -97 -73 -45 45 -49 21 -94 64 89 -40 -97 52 -95 -91 50 53 36 3 -77 70 -35 50 -69 51 -70 -77 -3 -71 -88
