-0.504644
-1.077384
-2.120222
0.437381
-0.732426
-0.234863
-0.739715
1.213082
0.191089
-0.606230
-1.425876
-0.867412
0.618576
-0.524048
-2.138000
0.941539
0.485214
-1.028168
-0.724685
-1.576156
-1.417484
-0.568679
0.328293
-0.346423
1.808215
-1.551887
-0.192675
0.804867
-0.338678
-0.170060
0.632266
2.127823
2.445906
-0.085002
2.082588
0.378499
0.574237
0.472829
-2.702265
0.620604
1.509888
-1.384647
-0.024162
0.387536
-0.127629
-0.147295
0.034269
0.632852
1.425833
-0.985328
1.432900
-1.058073
-1.149176
0.993837
-1.299369
0.605301
1.241240
-0.407586
2.118791
0.755101
0.412218
-1.379154
-1.254754
-1.437069
1.249639
0.473110
-1.369491
0.649936
-0.087749
1.904209
-0.200034
1.138264
2.524557
-0.218463
-0.403108
1.381403
-0.466243
0.302120
0.427225
-1.111472
-0.340289
0.540319
1.129349
-0.791808
1.859121
0.467744
0.791889
-0.264041
-1.271256
0.802337
0.167764
-1.764482
0.814264
-0.044943
0.171969
0.004356
0.673713
0.140123
0.942070
0.345527
