-0.579809
-0.200346
0.033573
0.287683
-0.639637
-0.530133
0.948846
-0.253969
-0.335977
-1.546553
0.154152
0.555278
-1.038532
-0.517221
1.675258
0.625041
0.629883
-0.400928
-0.659045
-0.201746
-0.487177
-0.229220
-0.356894
0.638097
-0.357553
0.414444
-0.409118
0.288463
0.373525
0.730399
-0.376269
0.452435
0.806773
-0.305062
-0.572184
0.034202
0.617533
0.209620
-0.086990
0.838646
0.408571
0.624863
0.171440
0.526002
0.336872
0.323008
-1.849062
0.704402
0.564132
-0.881713
-0.186294
-0.644318
-0.589325
0.382388
0.157243
0.634665
-0.203148
-0.533273
-0.618808
0.071586
0.560401
-1.162550
0.273979
0.955783
0.230890
0.517082
0.339060
0.634670
0.370633
-1.262192
-1.139533
-0.113198
-0.248327
-0.085606
0.491996
-0.802209
0.345858
-0.934534
-0.664974
-0.555367
-0.087959
0.730840
-1.028475
0.046977
0.859533
1.382175
-0.293793
-0.057492
0.321506
0.463578
1.177984
0.465465
0.619204
0.880959
-1.216534
-0.345049
-1.422543
-0.320032
-0.952418
-0.169094
