-30 -10 -76 -13 -30 -79 -1 -59 89 -45 -34 -32 -59 -100 -83 -63 64 11 68 -8 -64 21 83 30 98 2 32 76 75 81 -91 36 -62 -95 77 28 -86 59 24 71 48 100 19 20 -23 -91 -72 15 7 -30 10 -63 -44 99 81 1 3 24 -89 -70 76 91 98 4 -46 33 96 -10 44 -34 -37 58 1 -66 0 -12 0 95 -41 -98 81 4 64 -85 -60 33 57 -43 42 17 65 79 -45 16 3 48 -9 -53 87 -43 69
-2 -80 91 60 -25 42 -73 91 11 47 25 -7 -67 19 43 -90 19 -68 -72 -67 2 -9 7 45 -33 -45 17 -54 37 -67 -66 11 -78 -35 2 -81 -16 90 30 -36 9 6 -3 22 56 30 78 54 67 2 46 12 -61 69 84 -87 23 -54 -54 -98 6 -23 1 58 -20 -35 76 -62 -23 -93 10 30 -23 98 97 -33 -35 93 100 -20 -46 -9 -29 -27 92 32 -94 48 1 11 15 -8 95 80 18 -46 -86 -31 38 -40 0
2 -6 61 33 53 -15 -89 -64 -27 -29 -13 -79 50 -69 26 -84 -98 98 -9 -6 -69 -69 58 -14 76 51 90 72 -54 -42 7 -99 59 99 -62 -54 -94 28 -60 28 -63 68 -74 -30 66 -65 -30 -53 -39 -73 -15 -6 7 -24 -29 1 0 99 -13 75 85 -8 -16 -60 59 -95 39 -51 79 -82 -46 -100 10 59 -3 -58 -95 12 -23 72 40 -52 -90 46 45 6 77 -56 -56 55 54 -13 33 41 21 71 0 -60 65 -63 -41
-73 56 -97 10 -85 80 -36 -8 10 -30 -25 39 -8 0 52 99 89 40 71 35 66 75 -6 4 90 -67 -2 71 -48 -96 -91 -89 -35 -74 -48 -58 -78 -64 -93 47 93 -22 -21 -70 -73 -8 -71 -26 18 -14 -71 -77 99 31 47 73 -95 56 2 71 67 22 83 62 -54 99 -42 -4 55 -92 -36 98 -74 -18 64 -46 54 -93 85 -74 -94 -75 93 38 -87 -76 32 99 -28 17 85 85 5 26 -18 95 -26 -43 -8 42 -95
58 -55 95 -70 66 25 76 -87 -36 -69 95 -79 11 -57 -52 -59 88 -96 -39 57 -4 -32 70 71 61 -96 -35 -5 46 -59 77 73 -72 -78 68 22 -18 49 77 -63 -15 23 -97 -53 47 71 -14 -17 -58 16 -24 -1 83 -52 -9 -24 -12 16 82 -5 -98 25 -90 78 77 54 67 82 -67 -73 -86 72 44 -61 -59 88 98 39 53 -15 44 -64 12 -16 100 72 1 70 48 62 12 91 4 46 -86 66 11 -50 -42 23 71
64 77 -2 55 -57 -4 79 -77 -84 68 99 -25 -14 -17 3 -93 -100 -64 -25 61 13 87 -32 81 1 68 43 -28 23 -61 -83 47 23 21 91 -76 -36 67 -9 35 56 -92 23 -76 5 31 0 -55 1 -97 -99 96 36 60 -70 93 4 -71 100 -43 63 -54 10 2 82 -15 -40 -37 73 61 35 -57 -69 -90 40 -68 33 -26 -52 -25 -72 41 -32 -13 -98 53 68 -100 23 51 -72 5 15 20 -62 42 -5 -69 -33 24 74
-66 99 90 4 58 36 90 63 27 79 85 -28 80 74 53 58 -71 66 -90 64 -51 84 63 8 -23 -33 -24 -89 55 36 94 -97 -10 52 -90 -99 81 -78 26 1 65 -87 -98 -28 97 12 99 -87 -63 -30 -48 65 -83 -87 -62 -89 -14 56 -25 -61 51 49 75 30 -73 -69 2 -17 -28 0 -15 -41 -16 38 -13 28 87 80 2 -21 34 3 85 -74 -98 -34 65 46 -23 33 -10 -73 67 12 -20 91 -16 89 -24 84 29
-97 45 30 91 7 -25 -10 -96 64 74 -80 -6 65 57 -14 44 19 65 -10 4 -74 -21 100 95 97 -68 34 -13 -75 46 9 -53 46 42 -83 -47 -86 98 -30 -58 40 29 16 15 32 -96 -31 -51 -87 -67 -26 59 -31 12 -41 44 77 60 19 -25 52 13 -17 -38 28 -40 -80 45 -60 24 -41 58 -30 67 -48 -11 96 -49 62 -57 43 43 69 -24 -74 -13 -57 39 21 20 30 -79 54 -15 54 -25 65 41 51 68 -3
90 29 21 -14 -90 98 -4 -11 31 -62 -66 -44 55 18 -76 49 -47 -47 -23 -44 -22 31 -83 -67 -54 -46 -61 91 52 52 41 8 -48 -90 -20 -59 -41 -46 -2 30 -58 -36 30 63 3 32 -52 59 -29 8 -38 -12 -78 -95 57 -85 18 -26 68 -24 -37 -55 -90 -45 45 0 81 65 -36 47 -56 45 39 -33 -84 -74 -82 47 70 -29 57 -13 70 -70 88 90 -43 -29 40 -9 -10 -70 30 -18 -92 -34 2 -46 -54 48 -3
34 -39 -36 -9 -90 -71 72 -6 34 -23 -80 47 -89 39 -41 -43 -91 -64 -23 -38 -84 -73 97 40 -33 43 -61 -58 46 18 2 21 -83 -30 -80 -72 -16 -27 -45 60 92 -6 28 35 -24 -25 -85 38 -22 88 -10 42 -76 -56 -45 70 -89 9 -72 54 -16 -40 -97 -89 55 4 80 7 -75 92 -89 -84 -87 -18 3 -32 35 93 -3 -51 -70 77 67 -63 -66 60 -29 7 -44 -71 -65 98 88 57 -41 -21 -73 -9 -56 -38 -74
27 66 95 -6 -59 -1 94 -47 -46 -85 42 -34 51 -40 1 -40 46 -36 -34 50 -47 35 53 -9 57 -94 98 -96 -5 -74 3 37 -55 44 -33 -50 18 16 -49 98 77 -51 -94 48 -67 -59 -100 -13 -86 -87 32 79 58 23 67 8 63 21 1 94 -84 -63 -92 94 69 -44 11 -44 21 16 21 43 -46 -83 82 -73 99 -92 5 -8 -11 99 41 65 52 -79 -51 -6 54 54 21 71 -70 44 -39 -15 14 -72 47 21 16
56 38 -34 47 -97 0 -58 -48 -32 27 -57 -14 84 66 -87 -65 43 80 83 -31 3 15 -5 99 -52 50 48 97 -36 -91 66 -25 -27 -93 -57 -63 -51 50 -48 89 83 9 -97 93 -45 30 92 -56 17 -18 78 92 -94 75 -62 0 95 65 -59 -68 19 57 -93 -76 77 -4 -60 -44 62 -98 49 -71 20 -8 96 -17 -62 -35 35 -64 31 82 20 100 76 18 -24 -55 -77 91 -85 53 -1 -13 86 -47 23 98 2 -49 89
63 63 -1 -3 -79 -37 -71 -45 -12 -10 -99 -36 -96 8 39 -87 64 -60 28 29 70 -31 -72 3 29 87 -51 72 66 -34 -92 14 43 -97 -44 41 74 -32 93 -50 -46 -76 -68 -3 29 -37 87 -98 42 93 -31 96 75 21 96 -42 -45 -85 -45 17 -64 -97 33 -18 -45 53 82 94 -29 -54 28 33 -65 -3 78 -89 92 -19 80 30 5 97 -1 38 74 95 46 8 -90 -11 -55 -7 -72 73 64 58 -65 -87 70 -30 -88
50 49 3 69 80 92 -33 -50 79 -8 83 94 10 -52 -40 -68 48 -48 -69 16 0 18 -47 -5 -11 48 -9 -42 -92 -10 -42 -34 20 66 89 -95 53 89 -50 78 -94 -98 -98 -33 -72 20 95 88 24 -87 -44 57 99 -41 -52 78 -77 -50 36 -69 -41 -58 -16 -63 -94 -63 94 -34 19 9 37 3 -8 78 14 -25 -29 7 36 -23 41 -64 51 97 -66 10 -71 7 23 -84 -71 83 89 -49 -58 -51 98 -72 -37 28 -24
97 -37 95 83 -93 -67 55 25 5 89 -66 51 63 47 -79 40 -71 24 86 61 1 39 54 54 19 99 76 54 18 -42 -94 54 -22 31 -76 28 -12 23 99 -86 -99 -95 51 72 -12 -72 64 -5 -69 -74 17 79 98 55 -59 -32 23 5 -6 -45 -63 -88 37 10 47 -35 50 7 -16 67 76 44 51 22 75 88 59 -100 3 -27 16 -87 46 59 31 88 -7 -58 52 -6 89 -55 56 -65 62 -22 -98 -2 -70 -91 -48
-100 -82 42 20 36 -32 16 -59 -6 23 -62 28 -92 45 -14 -23 -36 -48 33 23 67 89 -93 46 -56 13 -93 31 47 66 94 0 -94 83 62 -94 3 98 -97 -1 -36 -72 -40 -81 88 -63 99 19 81 94 47 -67 -12 -26 -54 -58 -63 74 52 76 79 62 12 39 -62 98 -13 -14 -60 81 -6 -52 -98 68 -48 64 16 -40 -43 -2 18 -51 -68 58 -37 -63 4 -69 -35 -30 76 84 -41 40 -66 -94 82 -56 74 62 -65
5 48 34 -44 -14 38 4 -33 7 -15 -69 62 -65 -37 -26 77 -43 78 -11 -99 -45 -58 10 73 40 97 48 -41 87 8 8 91 59 46 -79 -10 -89 -69 68 -94 -98 -80 -21 26 -12 -69 67 -47 5 -38 -39 48 -12 -35 -35 22 60 -11 89 -26 60 -3 67 68 3 1 49 100 98 -7 33 1 -41 28 -4 -16 -43 -49 -43 -87 91 79 99 -73 17 -17 -72 48 22 -58 -22 -26 78 9 -49 33 22 25 88 19 21
43 13 -90 34 -34 -74 -96 -25 -29 -53 -11 -5 -30 -20 -39 -81 -69 -14 -36 -77 -56 -32 61 -43 -96 32 -26 -72 -98 94 -41 0 -55 -93 -34 -82 3 80 18 -54 -33 -29 -11 78 63 -26 -6 -6 -16 66 -29 13 23 63 26 -84 -47 -48 -87 4 15 77 -91 -98 76 96 -73 97 -38 -19 72 -85 -44 -3 49 -38 86 -56 -4 -3 -54 65 -82 -69 -28 -68 -58 -71 -15 11 -61 90 -39 -42 -87 70 -37 87 6 57 54
-52 50 -70 52 -59 -27 -24 23 -15 74 -43 75 -21 -68 -66 47 -54 15 39 99 87 88 63 -50 76 93 -66 -96 -70 -80 -39 35 100 55 -6 52 96 89 53 88 86 -43 81 57 -85 74 -1 -66 96 92 -9 -69 -32 -88 65 4 -95 90 -56 -83 4 -52 93 -94 -40 -40 51 -25 47 -86 -68 -89 4 30 20 -2 -35 37 -59 39 -26 -64 1 -66 -78 94 8 79 51 -15 11 -5 -37 -15 -30 -88 -62 -20 95 -11 88
-15 91 7 -49 -59 -34 89 -91 -4 -22 67 -60 6 49 -44 80 -93 46 -12 30 28 -62 67 2 -54 9 56 -5 100 -78 -36 1 47 79 17 -75 -99 28 -43 -13 94 97 -89 19 71 51 -64 32 -46 30 40 -50 -16 89 -12 27 14 18 -38 37 -77 -73 -33 -87 6 -38 -51 -12 91 51 95 48 9 -61 -15 -53 -8 35 -71 -1 -91 -58 -94 55 33 -50 81 -65 -32 -34 28 82 -82 -11 -33 -47 84 77 20 96 -17
90 43 -9 -5 30 -52 84 -85 92 -42 -28 11 36 74 -74 -94 -55 -1 -25 -28 -24 97 -19 92 40 -38 -44 91 38 77 20 -42 -45 -96 -38 -52 10 68 62 -55 25 15 -99 96 -73 68 -2 -28 -81 -78 76 11 84 -29 -51 -29 98 -51 -61 71 67 -50 -18 24 58 75 -100 22 -31 -61 -53 -83 22 -29 62 40 -45 51 90 71 30 39 -32 -87 26 26 -28 42 32 -15 -82 65 84 32 -44 -48 57 -6 -19 91 -88
96 49 12 -45 71 -85 52 61 41 -96 31 0 -82 -90 -80 -16 10 72 82 86 -38 -34 -79 63 -100 48 -98 -32 -44 91 78 -2 55 43 60 93 -16 58 -60 72 -100 -37 -96 -29 63 -18 -17 -20 70 25 59 66 -43 12 -87 -12 -74 7 34 -45 -20 -44 48 -57 28 36 41 -2 -65 -22 98 -92 50 68 80 13 60 34 3 -76 0 57 -93 -61 26 59 -70 99 -92 -45 7 -70 14 64 81 -4 -41 61 -97 71 38
-21 94 89 -53 -77 -12 -3 -72 65 -49 -19 38 -17 -34 90 -7 92 -73 -97 -48 25 -79 0 64 13 -45 54 -93 4 -26 16 93 -5 -54 11 -79 43 -62 52 -14 -62 -64 -100 -27 78 34 92 90 99 -35 -6 94 92 31 99 -71 56 -59 -92 -36 25 -22 -68 80 58 85 -64 -40 18 24 64 -87 -82 -32 -43 43 -28 53 4 60 -78 26 44 -37 48 90 68 -81 40 -23 -86 -60 -39 56 -29 98 -79 34 85 -78 66
66 75 70 51 -47 -20 65 14 13 -93 12 -18 -43 4 -12 55 89 77 34 -10 -91 91 -78 -65 -76 -75 49 99 16 58 -65 45 3 30 -90 -59 -77 43 -6 -43 84 58 25 49 -50 86 35 51 -47 -64 -60 86 -74 -55 -3 55 53 81 -17 -69 -18 -2 86 -98 -12 97 -74 44 33 79 -87 78 17 55 73 37 -14 -9 -50 40 95 -56 62 86 50 -5 98 93 41 24 -81 48 -84 65 -3 -57 -39 36 -66 98 85
57 -88 25 65 58 19 32 -80 -94 -5 -31 -21 8 -95 -64 -35 -50 -68 45 -28 -29 65 -47 73 13 8 30 -85 -53 -47 81 83 -25 31 75 -37 -45 5 39 49 -29 -48 34 -76 -37 1 19 7 -23 73 83 -49 -27 -59 38 71 16 7 -38 -32 -100 42 52 59 67 -96 -3 -79 8 -5 95 -90 75 -62 84 22 42 79 -59 -81 95 30 10 -66 71 -67 35 29 -67 -38 69 69 -84 13 11 -54 -43 -78 -68 -54 -24
-33 -13 -91 -97 67 -87 -25 -6 -98 40 -33 62 59 -76 51 30 21 74 -79 -87 0 -100 -87 -33 -2 18 60 -82 -11 4 84 94 91 -25 -26 -56 18 -40 -24 80 -64 71 96 -98 99 -3 -90 -97 -16 -64 20 -87 78 62 86 -93 92 -27 -13 -48 -94 98 37 59 -69 17 44 61 -71 79 74 -95 52 -17 -13 -88 -6 10 84 -23 -87 -4 53 42 13 -95 75 -62 -80 50 45 33 -35 -37 19 -39 -85 2 50 21 85
16 1 60 -3 83 -28 -89 82 -34 55 -88 2 37 45 -97 -3 48 26 -88 -6 30 11 96 70 -81 19 27 -68 38 -6 -38 -11 81 35 29 45 8 98 -43 53 41 46 -80 -61 -85 24 8 67 19 -60 64 -6 -37 -95 -64 75 64 54 -35 -45 -33 -99 -51 -17 27 -11 24 -3 -95 -79 -93 -29 70 -45 -51 3 -34 3 0 -28 -99 -59 -90 -61 -27 25 77 -61 -10 91 56 -14 23 -52 58 94 24 -98 -81 2 -17
26 29 -39 52 -83 -98 28 36 93 80 31 15 22 -71 -17 89 -17 74 -10 -59 20 65 62 58 91 21 53 -39 37 -76 9 -44 -3 0 13 35 12 -96 -91 32 -21 61 -25 51 -13 97 -34 40 65 -87 57 5 29 4 -24 37 18 86 -23 20 -65 -49 -65 -90 -14 65 75 27 95 -93 69 -3 38 74 -60 89 48 68 10 26 73 -12 73 -62 70 22 -3 -6 37 49 -24 -5 73 -5 3 -2 62 82 -91 41 19
97 75 -76 -10 -78 -15 85 -60 -46 35 -20 89 100 -56 90 98 92 73 -62 92 63 44 -10 99 28 94 -33 -82 84 -58 -20 -66 33 -59 -10 92 16 -31 -8 10 -69 -47 58 -25 24 -6 -83 30 2 2 -60 69 25 -11 -58 11 -51 83 -86 -2 87 -15 -45 68 -98 16 -34 -35 77 5 -13 -13 53 -48 76 0 60 76 97 -86 41 -15 -81 98 88 37 -36 -43 -30 15 -79 -79 74 69 -90 22 15 34 -90 -38 -22
-92 29 -36 18 30 12 -69 15 -77 -8 82 37 21 4 82 -69 25 44 -89 -59 87 84 -17 -21 -89 -18 -29 17 46 -100 -65 81 24 -100 94 93 -44 27 45 46 -8 6 26 -63 25 -96 -93 26 69 -6 50 -59 14 -52 23 -35 36 -50 10 -18 -97 34 -15 -36 56 0 45 59 -55 98 53 -69 -81 41 -69 -27 -44 65 17 -100 -51 72 -23 -52 -37 -14 -1 -78 -83 16 -16 89 1 5 -54 32 91 -48 60 -54 -100
-4 42 -19 -6 -9 -57 -60 -34 -55 71 89 18 -76 -41 -91 -8 -43 90 -100 -28 -89 -16 -89 -72 27 -60 67 -19 10 16 96 39 9 -63 -71 -38 38 32 81 -20 38 -28 75 32 37 -31 89 38 12 36 -75 -95 -77 -58 50 -11 53 -5 0 97 51 16 -1 18 -79 83 -79 24 -14 -84 93 85 -7 82 -59 81 -2 16 -66 -47 79 9 -80 -19 56 -87 -90 -36 -80 -57 -46 -42 72 22 -87 -51 -86 -70 4 -15 -52
-73 -60 27 76 48 -12 -83 55 -35 -70 26 -12 -39 -82 70 38 91 88 6 -85 94 71 26 39 -63 13 74 12 -33 34 -42 -58 96 82 66 66 78 31 56 77 39 -78 -48 86 -58 -5 -1 36 0 96 30 -77 -85 40 -57 -28 -78 -58 39 61 -13 63 98 33 90 83 -41 -58 75 -76 -49 -53 -67 1 73 -19 19 -43 61 -2 4 84 -58 -47 -3 20 35 21 44 6 84 90 -15 -34 59 16 99 40 46 14 11
8 20 1 -98 -4 -3 -90 -32 -51 79 -85 60 -38 96 -35 78 -63 7 34 20 38 18 -94 -52 100 -86 -51 41 -54 44 -14 -48 70 74 34 70 36 50 -65 53 -19 -64 -100 69 31 -91 96 84 -35 -61 18 -55 59 -99 -63 -73 48 -38 62 -3 50 50 88 54 -90 84 6 31 -30 93 -94 -26 -7 56 89 16 76 12 -12 50 -23 14 -17 -69 98 -72 14 39 -58 73 -57 78 24 -52 33 58 -84 -20 99 -6 82
-17 -9 -92 -31 17 16 -18 -32 35 28 55 -68 -68 -73 9 -61 16 -80 40 -58 -33 97 66 -28 70 -78 23 -18 -64 -10 63 31 -77 -81 64 24 -61 70 -50 -72 76 -51 -41 -47 35 19 -49 69 -92 -27 -59 12 -86 77 -95 90 50 83 93 -81 -13 57 -99 -32 -69 77 -40 -53 -30 4 -48 65 91 88 83 59 65 80 92 -100 -13 -32 99 28 14 -42 3 94 3 -35 -67 43 -90 73 -40 -42 38 -44 54 30 -75
-100 10 94 -9 -18 -100 52 -8 53 -67 -35 -1 14 -37 95 -24 68 -2 -8 -75 -19 83 1 -13 41 -23 -46 -42 -67 98 -20 44 -14 27 -89 55 -92 23 12 66 42 -94 68 -87 5 -62 39 0 89 49 -93 87 45 -13 -11 -59 -18 -63 -26 95 -71 15 1 29 -53 -99 64 35 67 34 59 88 56 -6 25 -61 -67 -66 -45 17 -32 29 13 -67 -32 12 -95 45 -64 -65 50 1 48 -89 -84 -32 15 -71 -32 28 -90
87 -34 -94 76 92 55 -63 79 11 -44 -64 -12 -44 -2 -85 19 18 64 29 -2 13 7 35 80 15 -66 -14 74 58 23 -32 -80 84 76 -86 93 -84 -34 -16 95 -75 -96 61 21 9 -69 -60 -57 32 -35 -43 58 -46 30 62 55 -59 -20 -24 49 -44 79 -67 67 68 -34 12 62 -13 -82 -97 51 32 38 44 30 -56 89 -14 -76 21 28 84 -59 17 -22 60 -70 -72 23 -9 -91 -60 -54 -68 -22 68 -72 -61 39 -28
13 -37 31 -18 -9 42 45 -47 -7 -70 -65 -34 -100 13 -6 -30 4 -30 -9 60 -34 25 66 39 50 -37 -8 -14 36 -80 67 -98 68 20 -4 36 23 -49 -29 95 -62 -88 -89 -28 23 -90 -20 -43 -65 -59 100 48 -46 63 28 -6 82 58 6 -35 34 -54 -53 -32 94 -35 50 -59 43 35 -21 -18 -95 -79 -12 37 28 -63 -93 -31 60 92 -90 62 -1 0 -84 12 99 23 30 -78 -40 61 -45 63 -81 -100 71 -80 37
-81 -37 42 -58 -26 5 -56 6 -17 -23 92 -26 -36 20 3 18 -40 -36 13 -49 79 -81 -58 50 23 92 -13 -87 -70 96 -41 -51 -75 -34 21 79 9 76 10 29 39 -3 14 -71 61 87 -11 -68 -86 55 -22 48 -9 -67 75 13 -100 51 30 -84 56 -88 -55 -100 33 -20 -84 -88 74 60 78 -87 -18 5 75 9 -1 -51 -26 26 -21 -57 67 -3 74 -29 -9 -81 86 66 77 91 -100 93 -28 52 1 -5 -64 -3 84
-45 19 71 89 -35 74 31 -62 -53 -90 -55 -4 -87 -98 -30 68 -76 2 -62 90 -63 98 -57 -21 -100 -100 -7 70 97 48 47 -60 -50 -24 90 60 70 -100 85 92 37 46 -60 48 33 -12 3 -96 -48 59 -2 -100 28 63 -59 -89 72 60 55 90 -47 -73 67 -46 29 55 41 84 -28 -42 39 93 -70 88 62 -27 -78 49 -48 97 -28 -77 -33 -4 69 -18 -47 92 94 15 -73 -100 56 -61 -35 86 19 -21 48 17 92
-40 -70 74 -57 89 -7 -93 -97 92 13 -63 87 52 32 -54 22 -48 -44 -38 45 68 53 82 -65 -73 -47 -37 20 -92 100 45 -35 5 50 -82 -68 93 62 26 60 -79 -65 -18 -19 100 -11 83 53 -1 7 -3 100 35 99 -76 -65 15 7 -88 61 97 37 41 59 -2 -58 -63 7 9 100 69 92 -82 -75 61 -68 29 44 -5 -2 -86 94 73 -31 -40 -55 -77 91 -63 52 -44 90 24 -70 -42 81 31 92 -93 23 50
-84 69 6 -79 -11 90 94 -74 50 75 -33 29 82 -42 57 -93 -53 78 46 79 -48 41 54 -73 32 -60 -90 16 12 33 77 74 -94 -47 96 -67 8 47 -37 -76 52 61 35 83 26 -71 -13 -35 59 88 -11 -36 87 61 -21 -94 -98 -11 -23 -73 56 44 -98 74 -66 -65 -48 -38 65 -73 -35 90 -75 -61 13 69 81 48 -4 -77 37 -28 59 44 -6 90 -63 -80 -25 46 55 -34 8 -19 99 36 -60 -82 54 -96 25
-3 9 40 27 47 10 43 -32 39 -88 -51 -23 -93 23 83 -79 43 55 -64 4 50 -43 -27 -3 81 68 32 52 -17 -2 77 67 40 44 -4 32 -58 -70 3 -19 -85 56 11 29 98 15 62 27 -27 67 -65 -44 51 -90 -98 -100 -87 40 -35 73 -97 -17 -93 78 -39 82 95 68 -44 -46 16 65 24 48 -84 -21 80 -11 -2 83 33 -29 43 -11 33 0 57 -37 100 -89 60 2 8 88 -36 88 -67 17 -35 87 65
-83 -52 99 -40 84 64 83 71 25 70 53 24 28 89 2 -61 -46 -24 -28 55 -32 -83 30 38 5 38 -15 -30 -31 37 -79 -93 -45 -57 78 -50 21 67 -66 -84 64 -46 6 93 23 21 -53 36 -65 16 -82 -81 70 26 -2 61 -97 44 -14 -33 28 31 -53 -32 -13 -14 -79 -52 81 75 4 -2 -3 -96 41 -97 96 81 12 -71 -24 52 39 -41 38 -86 -83 46 82 -94 -6 -73 -39 82 -25 65 83 -37 -18 -19 -26
-20 -17 -3 42 -87 97 94 -1 -39 51 59 -6 -57 97 82 -65 37 70 -65 -100 -17 -1 -25 -74 -34 25 6 -60 -1 82 17 43 -5 -17 92 -47 -81 32 -97 24 14 -83 -86 100 55 38 21 81 -40 -66 -65 -1 36 -7 -6 -64 -40 17 -1 -69 71 -50 86 41 -18 75 -46 -26 0 -96 -73 -10 -53 -77 -14 2 -8 -38 95 69 -15 -37 -96 -34 91 -32 -72 79 -64 -97 -30 -77 -77 -12 8 84 -48 94 13 42 -14
59 84 17 31 69 41 -60 -89 75 -26 11 73 -25 -75 41 -37 -16 48 -84 68 -64 51 74 72 87 -28 -84 -35 68 19 -97 -49 71 86 32 96 93 0 5 -86 -89 -9 32 -28 66 19 -23 89 71 80 -2 -19 30 9 78 1 -2 -14 -92 47 -11 38 -34 -45 9 76 28 67 37 16 1 -95 3 43 -56 -76 5 -49 -18 42 -65 -85 71 56 -93 -51 94 -68 -40 7 -38 40 68 75 -4 30 77 63 -22 57 -79
-53 28 73 60 -62 -24 27 30 -2 -37 49 56 -8 -5 -84 79 -71 40 12 -95 68 91 -37 14 34 -4 -34 -30 59 -88 -33 92 -63 58 -98 -63 38 -3 22 -91 11 74 39 -43 68 34 -94 70 -57 2 -57 -59 -90 82 2 -28 -21 -60 24 59 -78 12 27 55 -33 -43 -67 70 51 88 -59 95 -90 -43 -1 -28 52 70 -84 -53 11 44 -28 -8 20 10 18 -18 8 -80 -91 -77 7 65 -91 -57 75 -21 -83 -43 36
74 4 21 -99 79 -68 93 9 -2 99 -83 -36 12 30 30 -30 -26 -64 -66 -42 24 -40 -82 26 90 43 -71 -61 62 47 -31 88 -90 -21 -54 70 -26 -38 81 92 77 4 -62 24 78 1 16 -51 13 14 15 22 -54 51 -39 25 -81 53 -3 88 -17 -54 -15 -7 60 18 34 -67 -8 -36 54 69 -64 95 32 87 -49 4 -15 -21 89 95 -42 -74 -59 90 50 64 13 -55 -73 -36 29 94 50 9 -41 -71 14 -25 82
3 -62 55 33 66 -84 -74 88 -50 -20 3 74 -38 49 -66 55 42 -60 2 -41 -26 -45 7 -3 63 -70 68 53 -92 -3 -89 -49 -68 20 -77 54 -81 54 14 -12 97 41 97 -2 22 -43 29 1 0 -59 -76 -89 5 -63 8 -79 -11 23 21 -92 -14 -32 4 -98 32 -24 35 57 -94 -61 -74 -88 -52 31 -47 -75 15 82 -37 -44 -27 -71 -78 -39 49 71 0 -87 -68 21 -87 89 51 76 51 81 -38 -55 53 5 76
51 -79 -35 50 -5 95 -68 -37 2 -6 -84 -54 -37 -59 54 10 82 -15 -22 -16 -15 -82 80 20 -48 -21 -55 3 -45 76 70 25 33 57 -62 61 -36 36 -56 79 -54 43 -71 75 -85 -3 91 -95 74 9 86 65 15 26 -38 -41 84 -77 -98 8 -20 37 -32 -66 52 -58 -96 -65 -17 -86 58 76 37 -10 -43 39 -3 -52 87 49 -2 37 14 -76 79 37 81 56 73 14 -12 7 -38 11 -28 -37 78 62 33 -51 39
-86 2 97 20 -84 -61 -55 -14 38 71 -90 60 -16 -3 97 -36 -45 -86 87 -32 10 -90 65 -21 -96 -63 69 100 64 -86 17 -67 -20 39 20 -22 46 -14 -34 92 55 42 89 88 87 -43 20 -95 29 67 24 -69 15 34 -93 -3 25 -55 -85 -61 17 28 -9 -9 76 -99 -39 -82 -33 -37 21 -93 31 -74 43 58 -100 -37 41 54 -61 47 -73 -30 28 -77 73 95 -50 -5 -46 72 17 -79 47 32 -21 94 26 -43 -70
69 -57 47 51 -87 57 62 -19 -13 -78 -48 28 25 -37 -84 -46 7 -15 93 -54 -52 3 -49 29 -46 95 -73 45 28 -87 50 -89 -55 -3 -99 -95 72 17 10 48 88 32 94 -58 -51 -42 -64 100 33 78 88 -97 81 -38 38 -1 25 -21 86 -60 94 36 52 3 -49 -6 -43 -52 -63 -91 13 -23 -58 -91 -33 27 10 -65 83 54 91 -58 -31 -99 99 -69 -34 -72 10 -35 11 73 43 -60 -10 -66 -55 -84 8 86 48
95 49 5 7 46 -50 -100 91 -97 -43 71 99 -63 -30 -2 25 73 -60 -20 -2 -17 97 16 -64 -35 -16 3 30 -48 -56 -80 -62 -60 38 46 64 47 99 -45 67 -79 -60 60 -78 89 98 -8 -71 -6 78 -76 -38 0 -36 -94 84 43 52 66 3 -39 -64 97 -64 -85 -80 86 58 -48 -5 -15 -55 52 -76 38 -79 -31 -54 -9 23 19 -94 77 -26 -91 -9 -20 91 -7 -27 47 33 18 -54 -6 -66 35 -22 13 -48 0
29 -59 24 34 76 -92 3 29 -59 -85 -32 -49 14 22 97 -54 -59 -55 10 86 -20 28 -15 64 10 -85 74 -70 -97 -75 -93 13 24 -41 67 -48 -60 -15 -1 87 -24 -64 -16 -72 -49 55 35 56 -60 99 -33 93 75 -11 -12 -61 -29 24 85 20 -93 69 26 2 -27 -56 -52 -67 -90 54 -15 -26 -58 68 -60 67 66 -46 58 55 -30 -62 82 22 71 -48 28 62 -14 -66 21 62 -80 37 -6 100 -13 1 48 3 -25
-70 -16 -15 -88 -52 -77 2 60 -86 -13 10 -94 45 94 28 55 95 -48 -15 -62 18 -5 -57 -64 79 94 25 -70 -22 -61 -51 -87 27 -73 44 48 -74 -67 -71 -66 -5 88 37 60 -6 -2 -25 -79 -86 -52 0 37 23 45 40 -64 79 -12 -41 93 27 -51 63 57 57 -45 34 91 -4 -40 30 53 -99 86 -32 -98 8 70 -10 -1 -98 23 67 51 -72 -43 35 46 -24 24 -54 -74 63 -62 -2 96 -60 -57 -53 -87 79
-73 37 89 -66 86 6 84 28 -67 32 56 -26 78 -69 11 -42 -8 97 -71 -65 -21 43 19 42 29 98 18 -14 -87 -29 -98 -23 84 59 -92 77 -80 56 90 16 31 -63 100 71 -73 -96 -18 -49 -53 -82 1 88 66 10 95 -36 19 67 39 27 -24 10 -35 -67 19 -26 76 -98 -28 21 -93 20 24 -53 -63 2 -62 -30 -80 -25 -48 83 -66 6 -49 44 -73 16 -86 -42 81 14 -26 84 -10 -69 -32 -28 89 9 28
-68 15 90 61 -86 -56 10 -51 2 -78 7 -18 48 81 -27 43 -85 -59 -23 83 67 -39 -18 -32 -10 -33 25 6 93 -38 -66 -7 58 39 -26 -44 22 9 -67 -3 8 -5 3 28 -92 -10 65 31 -26 -27 88 -17 -79 29 -78 -86 -2 -98 -71 -20 53 -89 97 -79 64 -60 -20 -87 -18 23 82 32 6 16 57 28 78 77 -95 93 10 -69 18 59 -64 6 -31 -58 27 90 7 85 -62 90 52 -70 67 -71 19 -8 -29
14 21 -43 77 42 -59 -93 -66 70 -49 57 61 45 -24 -83 -72 100 -68 78 -4 -57 -99 -42 100 27 74 89 -28 9 -90 -93 90 -98 62 58 -75 -74 -1 -26 -33 70 71 4 58 -19 84 60 -43 25 4 -23 -29 47 -26 -7 97 -43 38 -31 85 -52 66 63 87 -23 -78 -24 91 32 -10 -40 75 39 -90 29 12 61 30 21 76 62 -55 12 56 -23 -54 28 58 16 -88 24 80 -31 12 68 75 15 -73 -69 -66 20
18 -7 77 75 -86 -88 -58 -26 25 -54 79 26 12 17 100 -14 41 4 -71 70 19 -46 34 -50 43 91 -5 -98 38 80 -61 -82 59 -59 33 37 86 68 -4 -33 -13 -90 -93 -76 33 -62 37 -87 79 33 -82 86 8 88 -67 -48 66 35 67 -13 59 72 25 -26 0 14 -59 53 92 67 75 -61 -67 50 -84 -47 65 25 -20 -67 -54 21 -77 87 -46 19 -88 -61 23 -55 -77 37 58 -63 74 -43 -61 -4 -22 -48 -7
34 -71 20 -14 -33 -49 -99 19 -22 -30 -3 25 70 -47 90 -25 76 -95 33 12 -65 84 -83 -4 87 -58 -35 77 -34 -35 72 9 77 -3 -45 -50 65 93 -1 -89 79 81 -18 37 -92 -3 -76 -44 30 -72 -88 -45 -52 -87 64 46 39 9 7 77 -2 82 21 -98 24 84 -30 -24 -96 48 -15 -17 46 -73 -13 -30 57 52 32 12 -57 21 -47 -45 -14 -58 45 -83 55 63 -89 -15 52 91 32 -62 -36 27 40 -13 -65
77 15 -94 -75 28 12 79 -52 88 -17 87 91 -41 -51 -53 44 34 -99 74 -40 -76 65 -96 58 -41 84 -32 86 -47 -35 62 -32 -1 97 -44 -9 -13 -82 57 29 -63 -13 -25 -53 100 0 71 88 -79 -22 3 80 37 56 -86 -78 39 73 -87 4 -62 -29 -6 -47 22 -11 -74 37 -88 -26 -10 19 -83 4 -52 -68 -60 -58 81 -79 100 57 -4 24 -4 -91 -41 -70 -21 56 70 -89 -5 30 -93 21 -15 -3 97 40 70
32 -51 88 -87 -19 -93 -21 -85 26 9 -11 -90 -10 13 -76 -26 -96 -42 -17 13 89 52 -23 -95 -91 79 -79 -87 40 33 -25 90 35 -6 -89 96 48 -76 42 35 81 -36 78 -82 52 63 -88 -47 71 -97 -97 -22 -65 -49 95 68 26 -8 16 23 22 66 21 87 -51 -83 -78 17 92 95 9 -19 81 -88 99 37 -58 -14 16 -71 43 -56 49 -79 -54 -69 -88 29 -15 72 -28 -39 87 62 62 -18 9 -68 -46 46 -45
-92 8 92 49 -24 24 -28 13 -94 -45 44 -66 -65 13 50 65 -38 58 -83 95 -56 -90 -95 18 54 -62 15 58 44 -50 -3 -84 45 43 60 85 41 -74 89 -9 -57 9 -32 -46 -6 76 -33 -45 -42 -3 0 -63 -93 76 -39 18 39 -60 20 -86 -17 83 70 92 60 -21 -35 -32 58 -71 -27 -83 -3 -43 24 -75 23 95 -87 -17 -13 18 -76 -35 88 75 -99 -89 -75 85 62 86 39 -30 6 -14 -22 -48 -37 79 -47
-22 70 -90 -28 -56 -67 -65 24 -92 -65 -43 96 84 -76 2 -72 86 63 68 -81 83 -34 -70 33 -43 -49 -30 86 -62 78 -10 25 -98 -24 -89 -38 -98 -12 -93 43 90 -60 27 -35 -5 -56 -49 37 22 -1 -65 36 -84 3 -95 -82 46 -48 -9 90 -60 64 81 -93 59 -58 22 -32 65 42 87 -87 25 18 53 60 13 66 -63 -26 55 82 -11 -64 73 82 5 -45 -47 -100 -36 54 -96 -30 37 3 37 -89 -73 -63 -28
25 -32 41 -81 36 68 78 26 83 41 -97 20 54 40 67 92 70 92 -10 18 -13 -91 -73 -65 -64 -64 90 -88 -82 90 -20 -59 -26 31 -43 -15 66 6 41 13 41 -22 28 -16 -9 -2 -1 9 19 -66 -76 25 -59 83 -34 37 57 -32 -35 57 -34 -9 73 -42 -97 49 -44 28 19 -98 52 -6 9 -10 -49 80 -12 50 77 95 7 81 -81 -69 47 -14 -93 -29 9 92 92 91 -48 -41 -71 49 -74 8 -13 63 49
39 13 -67 5 15 -37 -5 -18 85 -42 -13 -7 73 58 8 75 -19 -39 -14 -32 93 -25 5 9 -63 69 89 -45 7 24 -55 96 93 69 22 -55 -79 76 31 -2 -50 -76 -73 74 -85 -86 -71 74 -11 -64 -79 -40 -44 1 -85 3 89 84 56 90 -25 61 58 -44 -96 40 -75 73 25 -63 -27 82 -48 -63 62 1 -43 -79 -68 -76 -24 5 21 11 -56 56 53 82 15 -28 0 56 -13 0 -37 -10 46 -5 61 -26 38
33 -15 -88 -93 -13 10 97 -77 13 -29 -98 -28 20 -12 -6 -23 -78 -23 -98 87 -41 38 -2 -69 -52 19 -18 48 -40 27 67 42 -90 42 -62 -69 -57 56 16 -8 -94 -23 40 -18 62 -72 -15 -72 48 -99 -28 36 92 2 77 -80 -24 91 4 70 35 19 100 13 15 -49 92 72 72 -29 -42 -70 -16 45 29 30 -96 63 67 58 -64 11 79 -84 -14 -89 11 -14 80 32 36 -28 87 -43 -15 -83 -3 -50 -62 -8 -18
19 -77 -70 -86 72 -13 -40 24 -19 25 -67 -37 -62 -89 17 -16 11 -48 99 -26 50 13 96 36 -13 98 72 -53 -57 45 27 -10 8 2 20 -23 37 -43 -74 50 -53 -23 28 -60 58 65 -87 -58 49 8 -72 -36 -31 80 30 25 77 85 45 -91 22 21 -53 78 48 -73 -24 82 60 50 -51 -43 32 -57 19 78 98 47 43 -28 -57 28 -1 -7 26 59 -47 -98 33 51 63 26 -55 -70 3 45 23 -19 28 -20 40
-39 -100 -70 37 -76 -43 -33 93 69 -76 -21 7 3 49 -56 -95 -11 -28 -83 -10 78 -38 71 -9 -94 -30 -96 83 -4 26 29 92 41 35 -7 -85 56 2 79 -53 -91 65 39 -88 9 78 -79 26 -14 4 83 76 -39 -21 -84 31 77 -22 -78 -69 -18 -57 -1 60 -81 44 58 -14 -56 -16 40 -77 -40 92 -38 -17 -10 -49 -87 97 4 -39 -3 14 45 -20 27 -33 -81 -10 74 33 -95 -65 77 78 46 -13 -17 23 -42
92 -8 -24 25 -90 8 57 -34 47 -61 66 -55 14 -53 93 -57 -63 -71 -35 -84 -80 -10 -75 54 -59 41 28 -92 -25 -38 9 -54 29 -92 -70 95 89 -57 54 46 -94 24 91 -92 -55 -54 81 -13 -24 -58 13 -97 -44 30 -76 74 21 -53 9 62 -50 4 30 -24 -57 93 61 -40 31 70 -48 -68 86 -79 -99 39 45 10 8 51 33 -98 79 76 -3 32 79 35 22 -18 -88 -6 -87 -8 67 -56 23 -51 -54 -45 44
99 86 -97 -45 0 7 60 23 39 15 15 -100 -42 70 -85 -35 95 49 -71 56 100 9 -32 -73 59 58 96 57 -26 -59 62 87 36 1 -62 -37 43 34 79 13 89 9 39 -10 19 -2 -90 75 -90 -47 33 -81 17 -74 -97 100 -49 -16 17 -46 -4 -55 45 31 61 77 63 -60 -19 -90 100 77 4 11 -63 15 -3 29 34 90 -8 19 -66 -97 48 -11 62 59 27 37 54 25 83 37 -2 96 -66 20 -55 41 -45
3 -32 95 52 -47 9 83 3 -61 28 20 -1 -22 -82 -56 69 -7 -41 -21 -86 38 98 69 -98 -61 -49 -52 12 -51 -70 63 58 86 -80 -99 -23 26 -96 -70 -21 -16 60 20 93 52 41 40 67 61 -7 1 7 -37 30 55 11 91 29 -71 5 -26 91 17 92 -12 -99 -15 -30 -66 44 -79 -8 25 84 22 94 70 -26 43 100 81 2 -81 -94 -95 -99 39 -78 -54 -36 85 73 39 -36 -62 32 71 -93 -78 27 -34
-95 33 18 -93 99 -87 89 -93 65 -94 74 17 12 33 41 92 -90 28 -51 38 78 -37 77 95 -26 92 -91 -79 -4 83 -61 94 37 73 60 4 52 -95 5 -57 -38 12 -24 -58 -46 -26 49 -90 26 -10 69 -62 72 59 -4 38 -91 -58 44 -77 -31 24 -70 -44 -23 -15 89 -35 -27 -32 26 24 -69 -5 50 45 69 -71 -30 -94 -14 70 13 -30 -100 -43 -73 47 78 32 90 19 -29 80 26 19 15 12 -73 -70 24
80 41 -47 -6 -78 5 -63 -92 77 93 15 -28 17 -31 -41 13 98 -29 -52 57 -17 -96 -59 -53 21 -70 84 18 58 -17 35 49 16 -9 68 -47 22 52 -64 53 -41 -95 37 88 -35 22 10 -82 -18 -52 26 -38 79 -79 -8 26 -69 -56 45 -89 -90 44 70 81 -64 71 34 -62 88 -33 -38 -54 69 24 -67 -16 -41 -34 -1 -98 -71 60 -38 36 -90 99 -93 -45 -30 66 79 -88 -89 -9 92 -97 -25 -3 -69 -2 -14
61 -20 -15 -60 6 -87 -40 2 2 37 -69 -23 89 -17 23 -88 -56 -71 -85 -28 -45 13 -20 68 42 5 -58 33 99 64 48 -17 52 47 -91 -18 77 34 78 7 32 -95 -52 71 14 52 76 42 50 10 19 -96 -78 28 -69 -96 32 18 78 21 -41 -56 -11 13 -13 34 70 -46 44 15 92 34 -55 18 69 58 81 -12 -85 82 33 40 -59 -20 -52 -8 -74 78 -82 19 -81 -43 48 -86 -66 -40 -97 40 -55 100 56
-11 11 -32 -48 75 98 92 34 6 76 -32 33 -91 -70 -78 -66 -6 51 43 28 -85 -79 6 -5 87 -68 38 -61 -13 29 74 -17 38 -69 -69 49 -56 -9 -82 -87 -97 -79 99 18 -18 -17 -37 20 0 -31 33 29 -84 79 -85 -33 80 -21 100 -20 -64 -38 64 -86 -87 65 8 -36 -18 44 59 -72 20 87 -60 57 82 74 -83 -6 -77 56 25 -95 77 -37 -8 -83 -60 82 64 -4 -16 6 97 9 -40 -91 16 100 -31
50 -61 70 -94 92 19 64 -3 19 -99 -72 87 -90 -73 100 35 29 -32 -93 -51 24 -90 92 39 -96 -33 0 -100 -65 -63 32 59 65 2 -2 73 97 0 -71 48 -99 13 -75 -61 -97 -37 -58 -7 -42 -90 -67 -58 77 -20 6 -31 -84 -37 -3 -58 10 -7 -44 56 -32 79 -87 -57 82 6 71 -5 -94 91 -22 -61 -82 -52 -23 0 45 38 62 29 72 -14 78 -89 -1 47 -11 -20 9 -73 70 85 59 42 48 -74 -56
66 -92 89 79 65 7 40 32 40 -28 60 -88 -9 66 82 -99 -29 -62 -74 0 -85 -78 -69 -83 -35 -54 -61 -94 -80 -69 53 -82 -15 -68 15 -2 0 -81 24 26 -92 -83 13 -99 79 -42 11 -61 34 -23 84 -45 31 -95 53 -43 -7 24 24 -75 70 -63 -71 -5 8 -93 93 -74 -40 35 -10 65 47 72 -12 -3 -92 -71 51 9 49 -88 -1 66 78 -82 -72 63 52 4 99 -16 -74 55 -42 47 -54 -42 63 -95 57
-69 -73 15 63 3 90 -23 -95 16 -91 -1 74 -24 -38 23 -18 -26 17 41 11 -3 20 50 -40 -52 55 71 93 48 91 -62 -79 -29 -43 -79 84 -62 -51 98 -40 -8 -71 -4 -17 -57 40 -91 77 88 -34 -56 -98 49 -45 -42 93 98 -99 98 1 -57 87 -78 80 -44 -72 -39 -44 2 90 -60 73 64 22 -51 19 44 56 -76 7 11 84 16 -74 17 -52 -8 70 -56 45 -17 96 97 29 81 47 6 1 -47 -87 -59
-28 51 -72 3 -100 -20 46 -22 -58 78 41 -32 -39 -35 86 -38 -63 -27 74 -87 20 -25 7 -37 34 -5 -8 -43 29 64 -54 -92 -79 68 21 -31 -21 -78 -52 49 -35 -92 -25 36 74 -89 -60 64 80 9 -61 26 -34 4 50 -99 -99 -76 -87 -28 98 73 -79 34 38 32 -21 -65 43 -75 33 -23 -15 57 85 2 93 20 5 75 -66 -18 -11 92 41 -13 17 -41 79 -38 69 73 67 50 -92 80 100 90 19 66 -72
-21 -3 -28 -84 -41 -11 22 91 -50 -58 24 -18 -93 -58 -81 -88 71 -75 8 99 19 -34 -52 -14 100 -45 -74 -15 79 -30 24 39 95 18 30 39 99 -3 91 -49 -39 -22 3 75 24 63 -31 40 -8 11 -99 -51 -61 2 -57 48 -90 22 -83 -56 89 -23 -48 85 -12 54 -87 39 -11 -97 69 -56 13 99 30 -80 -69 9 -23 -13 5 -93 -36 51 -17 -97 -54 -37 -39 -73 -42 -33 29 -74 -43 29 48 -66 -66 -41 43
-54 -13 -95 74 -97 46 -13 8 -67 -100 -62 -57 -28 89 87 -33 -76 -23 73 31 4 3 -84 6 52 -35 -4 94 1 100 8 58 90 95 74 61 53 -92 -70 55 0 -29 -39 -54 43 -55 -100 -82 26 -78 3 -94 7 81 -79 -48 85 87 8 8 -81 47 -22 -59 -35 -90 -66 17 -82 -3 49 16 57 -58 -1 -58 81 41 -19 -27 -44 -54 -84 33 40 -91 -93 -98 -97 -83 -83 12 92 -67 10 -2 -2 3 -28 97 -21
15 -77 100 -16 57 46 -43 28 34 9 85 35 -68 10 -15 2 13 23 -96 16 8 -42 -21 -22 -77 -16 -12 -75 47 13 27 54 88 85 81 -24 -81 -35 61 76 12 55 -18 -39 20 -68 -80 25 39 -21 15 -23 -78 -55 -99 -39 -75 86 -81 -93 -48 -34 7 -6 35 -65 -68 12 -2 49 52 -61 9 -60 -92 69 -11 -17 -81 67 49 26 -92 -26 84 86 54 -30 -36 -71 -41 5 -9 69 -45 -2 39 -21 16 20 37
47 48 71 -93 -85 56 -38 -50 -95 44 87 87 -37 35 -92 25 79 17 -3 -68 71 -21 50 -47 -94 -85 -21 -21 -51 -98 -27 -26 -93 71 -66 47 -62 41 77 -29 12 -50 -66 -7 11 40 84 -96 46 -2 0 -48 -88 -28 -20 91 39 -10 3 42 4 62 93 -62 94 95 71 -52 71 16 94 65 0 -40 34 63 -22 -60 45 35 -99 -64 -93 34 85 99 34 12 68 75 -66 -95 -83 26 64 42 85 86 26 -49 -13
43 -85 -98 -22 95 -67 35 -70 -24 -43 -16 25 -14 53 -65 93 -54 70 -77 35 -52 -46 89 57 5 -97 -65 -39 59 0 10 54 -34 2 96 -58 -41 -98 78 99 -83 44 72 -45 -42 -88 -59 78 52 80 62 -13 5 -13 77 -61 51 -29 -6 -59 90 97 -8 7 -94 78 83 28 2 55 38 -87 39 62 -47 55 9 67 78 13 -75 -33 21 63 -61 94 61 72 53 -37 14 -95 -20 -18 10 -58 -76 64 -73 -46 -93
73 49 99 38 57 -43 74 -88 -64 47 -57 -4 -73 -83 -58 36 45 57 35 -86 100 -26 -47 81 66 56 75 83 -22 80 66 25 19 65 -37 53 -100 -2 99 -19 -49 6 64 17 39 96 77 100 -39 44 65 1 83 75 -38 53 13 61 84 39 -63 -76 -1 21 72 59 61 63 74 32 16 -23 61 29 -63 -52 -91 -10 -77 -97 -51 65 5 42 -97 -11 33 -92 -66 -94 26 70 -95 97 -4 -48 72 48 18 42 50
42 -80 84 72 39 94 -69 1 -7 66 -90 96 -34 -23 15 -50 -12 -100 -35 99 61 79 -2 -52 24 31 95 -67 68 -33 -22 74 -16 61 -19 73 -4 -49 -39 92 -49 100 -44 93 69 -37 -87 89 92 89 79 39 28 -92 -69 26 85 -79 -39 40 98 -62 92 -61 36 20 48 -53 -53 21 -50 -36 -80 -68 -28 -71 -62 -54 -79 80 -69 -71 -69 4 -25 30 -58 -58 -32 -15 0 -47 88 37 -3 -30 38 -29 -98 -8 -11
6 95 -61 60 6 96 -41 -31 85 -25 56 -75 -74 -27 5 -61 96 41 25 84 -64 65 8 18 5 -4 52 -17 -80 45 -12 89 1 -62 54 65 -38 88 -53 15 74 59 94 -4 90 88 -65 9 -44 67 -85 67 37 -91 45 -85 4 29 -77 40 52 -87 -43 -71 10 22 32 63 13 20 2 97 21 -57 76 -62 50 9 32 99 -84 35 68 -55 -57 -13 -48 68 -3 99 -86 79 -15 91 3 -45 100 -58 95 -79 30
15 78 12 81 -38 77 -68 5 65 -91 -23 49 -37 -35 -49 -52 6 -32 -66 84 -47 -10 -68 -75 -66 -77 13 -23 -29 -30 7 68 39 -70 94 70 -51 48 -56 56 6 -27 -55 -97 45 70 76 -53 67 -6 37 -60 18 26 49 72 37 -60 1 91 59 -68 21 24 -7 -70 -27 -20 31 70 96 46 -63 -8 47 93 28 -91 -56 -1 -27 -59 69 74 -3 68 95 -83 -99 9 -45 0 -64 -66 52 -17 -41 -95 -29 6 -71
-57 46 -33 16 7 -3 80 -49 81 -84 -22 23 60 -41 74 -55 -34 -38 -78 47 -98 -80 -26 -50 57 78 -43 -32 -74 -12 63 -29 -13 14 66 15 -92 -67 84 -71 -78 -90 35 -48 32 -6 38 23 74 -92 -66 -83 77 46 -49 1 71 73 -56 15 82 87 3 -78 -79 29 77 -6 -18 59 -28 62 -32 -9 -81 -89 -32 84 -1 61 -4 -96 93 54 -70 98 -93 -90 -38 10 -25 -51 -34 4 -95 88 76 -62 10 -89 72
-54 -19 26 94 77 -6 1 16 65 58 26 32 63 23 57 95 -27 -52 35 -84 42 -94 -23 67 98 -40 -58 -62 -17 4 -6 -39 -2 -21 0 68 -77 45 -28 -46 3 -20 -36 -90 -61 62 67 75 55 -70 77 -54 89 70 -16 63 80 -74 18 65 26 53 50 -94 15 -37 -26 13 -72 29 -42 -43 1 -14 -1 -57 -15 94 -85 -10 -56 90 80 -51 -2 -79 66 83 29 26 52 -47 -24 51 -87 88 -65 -28 62 -83 -4
23 66 25 -31 -91 72 -28 63 18 -5 -94 -39 40 23 82 70 -49 16 92 100 91 69 9 99 -82 -39 81 53 29 77 -62 -12 66 -69 40 -6 33 20 -50 -1 50 -20 -89 -18 76 -97 77 43 92 -35 -97 11 -35 -47 13 -89 99 -52 45 93 -28 58 9 -62 18 -75 -97 -64 -88 -55 -73 -1 -20 51 -22 -39 88 91 -99 81 97 48 -84 63 -86 -93 54 -4 29 -53 -43 73 45 -34 6 85 -7 65 6 17 -86
16 -78 -12 20 -90 -99 59 91 -17 -37 72 44 -38 35 -79 1 -17 91 -15 -86 -23 -76 -39 -4 -89 8 -19 59 12 -68 28 -47 95 54 46 -83 84 -5 94 -75 -52 -55 -80 -63 10 11 -96 -21 -70 35 -94 -34 -56 -24 91 -24 9 -49 78 85 49 74 -98 19 44 -59 -68 -41 26 24 -29 97 45 -36 -16 47 45 86 -39 40 -31 -4 -79 21 -72 -3 -29 -75 -44 -26 -85 -58 94 11 -70 62 24 57 -34 40 -79
60 68 -10 58 -44 -73 21 -60 21 11 29 3 56 74 -49 -65 61 -86 -29 16 76 -74 -91 -37 72 -91 -60 -17 -44 -36 87 89 -75 43 39 -93 -48 -47 29 19 -8 95 -17 28 -58 100 63 -66 58 -47 -25 77 62 20 77 -31 -43 21 60 99 -25 86 -11 5 97 -14 60 -8 -99 -28 -91 96 -93 51 97 -4 -62 -71 28 -88 78 65 19 57 -100 45 -74 -65 -54 13 44 60 74 -1 87 12 97 -91 -13 -85 -87
-99 -81 -86 -49 49 -63 38 -78 -26 -2 -3 -56 -52 -85 52 -8 64 -35 52 -5 0 5 -92 14 -29 9 -42 -67 -67 -60 -73 -11 22 -74 -60 63 41 18 66 -29 -70 -54 -53 31 -65 -22 -75 -24 95 -40 7 9 34 -78 40 97 14 -30 97 19 -3 -25 74 65 -61 4 68 -19 21 -78 18 -27 -34 38 77 -88 67 -52 58 -86 65 63 -26 67 -61 -27 -19 2 99 33 -43 -75 12 -55 -15 57 -77 -96 -39 34 -95
8 71 -45 -75 -25 91 42 8 97 -1 42 88 96 12 -61 -53 -2 -76 -91 -28 46 -3 8 49 -61 96 -6 45 66 -75 -70 -37 -30 17 4 -8 -65 69 -5 -30 -4 -88 -23 97 -76 79 2 -57 -26 36 89 47 10 27 -17 6 -75 95 -45 -42 -90 -28 41 -93 71 98 29 92 -58 85 66 15 100 42 -58 -90 -28 -94 49 64 14 24 31 -35 59 74 -18 -1 -19 63 46 84 -53 -37 -26 -6 -57 21 24 -96 16
-35 30 -92 2 -51 56 -67 17 -85 -98 -91 9 95 52 -7 -56 92 97 -89 56 -91 -57 1 -75 -43 -60 39 47 -92 -59 -6 -88 36 93 -14 21 77 82 9 -89 -3 89 9 -50 -69 -40 -61 26 50 -14 -59 71 -4 32 6 -29 -86 -97 -89 40 21 -87 28 5 96 -77 88 -68 -80 -84 -5 -95 21 68 -50 -62 -60 28 28 -51 -82 -97 27 14 -10 75 -83 1 12 58 31 18 -11 -71 26 20 54 46 -33 30 24
-16 6 68 14 25 -6 -26 -29 62 -62 46 -67 -56 -27 91 -21 62 27 65 -71 43 9 -57 74 70 -37 63 -23 -53 -15 -20 -8 -67 -90 23 -29 7 -14 18 41 -94 58 0 58 -53 -80 -6 94 23 -87 -24 82 -60 40 -44 -96 27 -87 39 11 49 4 64 -73 -51 94 62 -90 9 40 -32 -69 6 99 -61 97 50 93 -66 50 54 -15 -69 94 26 -10 20 -16 67 -16 73 73 75 -97 -7 38 35 26 22 -12 -9
-93 66 63 -31 80 -80 -8 -7 82 85 74 -100 -4 -38 -10 -49 -78 40 39 45 -28 -94 70 -2 51 -37 38 85 60 41 -18 56 22 57 -81 79 -20 16 -74 -85 -22 -86 -79 -85 95 35 -88 -43 -39 83 -69 -37 -98 -61 44 37 -47 -19 2 -6 -68 36 50 -99 -11 66 -75 -25 4 1 -45 -52 -91 70 67 -83 72 -57 8 18 9 -77 -40 -15 65 48 -19 19 7 -91 35 -89 49 -47 85 14 -67 -97 37 -41 -67
-12 85 74 -26 15 75 -97 -54 70 -59 54 73 -1 96 -93 -27 -11 -98 32 -3 -80 72 -44 -84 78 -45 27 -50 71 -99 -40 7 -19 32 21 100 94 -56 -45 64 -89 -26 40 -82 81 -68 -1 -74 99 88 55 45 -15 86 86 -52 -14 -30 3 -2 -70 -12 -39 43 -48 87 39 38 -8 46 40 8 72 -99 10 13 -6 -86 51 28 0 43 66 79 -87 -19 -98 56 46 26 -72 78 -31 -54 -38 -34 70 89 -35 -11 72
53 59 -84 73 -73 -27 -5 -56 -60 30 86 9 -60 68 85 -82 39 -3 -45 83 -52 16 11 21 18 -81 -72 -64 86 -52 -57 67 11 85 56 20 11 -54 -55 80 98 -37 -80 28 -72 -61 -36 -9 75 93 -85 6 29 7 -11 58 -13 -96 1 55 24 98 82 64 55 74 35 93 -47 86 42 25 -7 36 72 14 11 -85 -66 -34 49 -36 -63 89 66 55 -60 -54 -50 -68 82 69 -47 -9 50 -61 -4 -52 -98 -33 -12
