-3.901206
-1.292076
-5.807848
-3.549390
-3.947864
-1.760864
6.281759
-6.161577
-4.695144
0.064436
-4.608409
5.133685
-1.375917
6.088755
-5.212225
2.470780
1.918976
0.848660
7.085065
6.273555
-1.566384
0.325314
-4.646994
3.821261
5.439790
-4.905859
-4.071842
-10.486211
5.440481
-3.559326
2.237881
10.544733
3.567821
-2.217100
-8.411113
-4.743186
-0.013334
2.703035
-3.475596
-3.298780
-0.679523
9.059699
-5.483637
-0.523392
-1.877847
-1.153258
-2.089986
1.606298
-3.577273
-9.680220
-3.109534
-4.464966
5.011970
-2.087489
1.685471
3.782974
-1.702246
-3.998648
-0.536128
4.098409
-0.218507
3.521294
1.326562
0.043415
-0.006275
6.237111
-8.057350
-4.794295
-3.336914
12.663393
-0.982667
2.607763
-8.157028
-1.091347
-3.484023
1.625156
-10.596405
3.294020
5.830274
2.568197
1.898477
0.470030
-7.827464
-5.109056
-1.608052
-3.919596
-2.495783
2.220504
5.706999
4.309182
-0.961566
2.040096
-1.997636
-4.019304
-0.701274
-0.378775
-0.621448
0.305174
-2.620656
-1.056705
