23.086680
-8.963138
19.590136
22.092476
17.904715
-7.318063
27.441594
4.934420
-6.166774
15.764960
-3.072350
-21.775591
11.748478
27.864653
-6.600449
25.408995
-18.253484
6.598091
17.795892
-9.299801
-10.151366
20.719182
15.347013
28.383051
-6.419621
-33.432328
-2.484075
9.514889
-0.688202
20.119944
-11.704811
-14.451726
28.296409
28.379576
-0.325254
-14.106141
-0.834955
-6.715436
14.451490
-24.876576
-18.987913
-34.856196
-16.728005
-19.651231
26.782181
0.111805
0.822420
-0.593993
16.909899
-15.741899
-12.591799
9.870242
-1.000725
-0.924751
14.222741
4.850698
25.816275
13.726752
17.725850
5.172034
12.986293
13.406134
7.854015
3.903167
10.595791
-8.348839
-10.592057
11.988048
6.097354
3.514311
-26.196639
14.839248
-2.600318
-3.420181
5.359472
38.628051
24.394099
-25.211747
-4.056855
-24.397307
-34.852771
0.857553
20.399345
4.512292
5.892456
-0.464114
5.489218
5.648734
-25.386061
-15.367545
4.224433
-23.012563
4.045558
7.934987
7.362003
35.362235
-5.142480
-6.482601
-19.485393
-5.552139
