-0.940382
0.459998
-0.646456
0.548379
-0.363353
-0.510724
-0.636921
-0.199506
0.319146
-0.376620
0.727442
-0.577241
-0.573903
0.316637
-0.134422
0.955252
-0.320866
0.371836
-0.075943
-0.538545
0.798109
-0.472414
-0.033845
0.028450
-0.006686
0.353975
0.159947
-0.348973
-0.048465
-0.548508
0.120818
0.060857
0.974346
0.475984
-0.813246
-0.256046
-1.576716
-0.297374
0.580935
-0.443938
0.082701
0.176913
-0.201243
0.456161
-0.954245
-0.158098
0.078315
-0.094550
0.555145
0.033434
-0.483514
-0.526802
-0.799070
0.271186
-0.838373
-0.458934
1.346807
-0.736278
1.166805
0.209563
-0.095853
0.438595
-0.538209
0.025628
0.322306
0.638825
-0.194674
-0.534958
-0.470050
-0.364843
0.058326
-0.402239
-0.058756
0.128139
0.106252
-0.233444
0.536993
0.243242
0.603208
0.070559
0.402441
0.260814
-0.095093
0.376766
0.275891
0.515523
-0.089543
0.284234
0.578573
0.118023
0.056067
-0.493006
0.187191
0.124123
-0.744694
-0.304993
-0.467752
-0.331383
0.675625
-0.484359
