4.753299
-0.195223
2.692440
-2.499527
-7.322575
10.522652
-5.133489
0.515951
0.068397
-2.794903
1.772037
-2.248462
4.985464
-5.243939
5.161417
-3.990765
-5.150006
6.983831
14.045070
2.495374
4.532119
-2.999566
-4.344286
-0.470827
2.399115
9.039779
5.481499
1.506555
8.429109
5.161892
-1.597233
1.805612
7.134060
-0.439954
5.609157
-4.436886
0.178837
3.345245
-1.816201
4.107263
0.835749
4.943631
7.148357
-3.484425
2.323889
-2.331057
5.104386
2.877705
1.571632
-7.081340
-2.688290
5.060735
6.382121
-1.507860
2.292454
-0.422555
1.640371
5.175023
2.182055
-2.497446
3.776048
0.736375
5.023014
-14.170934
-10.535896
0.642885
0.682976
-5.980430
-0.936999
2.210687
9.419356
-3.502431
4.686775
4.492096
-9.599696
-1.068324
6.167394
-4.724053
-8.884640
-7.719692
8.323444
-10.620325
6.846857
1.969229
3.345037
9.342862
-2.467610
-2.666643
0.829094
-1.799261
1.209485
3.450326
-1.514004
-3.777372
2.526588
11.630374
2.976016
0.051534
-1.503245
-2.933527
