0.313853
0.735343
1.239578
-1.184418
-0.374182
-0.985809
1.690109
-0.167622
0.300757
1.018987
0.022816
0.002283
0.153828
-0.676476
-0.033582
0.278706
-0.193350
0.359105
0.248432
-0.598131
1.218705
0.051412
-1.458336
0.005870
-0.237171
0.107368
1.000280
0.264612
0.654569
1.073740
0.083147
-0.000416
0.354879
-0.643753
-0.201698
-0.556357
0.101026
0.165865
-0.475807
0.235840
-1.242353
-1.312380
0.918514
-1.627422
-0.990099
-0.021322
0.619486
-0.644012
-0.914656
-0.761304
0.657101
0.132529
-0.405892
-1.213152
1.764791
2.403540
-0.639708
-1.050852
0.380940
1.503999
0.653499
-0.237026
-0.057446
0.227192
-1.564784
-1.225535
0.577312
1.269399
-0.935503
-1.525033
0.501357
1.151088
-0.029177
1.432083
-0.469601
0.005816
0.657162
-0.231915
-1.560348
0.127763
-1.034844
-0.618004
2.055054
-1.574593
-0.498428
-0.013026
-0.468494
0.009266
-0.345980
-0.563151
0.310641
-1.224402
-0.307085
1.095933
0.653192
-1.167734
-0.307970
0.316227
-0.656660
-0.946353
