-14 64 63 -61 80 -39 72 70 78 19 -68 24 21 78 46 -71 82 -77 -77 -47 2 22 17 -89 26 -84 81 -51 -22 -50 -4 -76 -31 -26 -29 -87 -31 81 -5 88 85 13 61 -75 22 87 -83 42 28 60 46 -65 -81 85 4 17 -28 73 -8 -3 -21 54 -40 71 76 -8 21 -31 7 -29 -82 -85 -22 -27 80 -23 -49 51 38 -63 -95 -55 -72 -17 -42 -30 -90 -75 -81 73 78 -56 -79 -87 86 83 -69 28 -24 15 -91
-28 42 -11 -75 71 17 -15 -25 -85 54 49 0 -44 34 -54 20 -27 91 -10 -36 67 100 -19 -4 -75 -5 98 -79 79 -97 -71 -66 58 47 50 -65 -78 67 -27 -81 -48 -40 -28 -16 67 -30 -80 -2 -45 -9 80 33 15 59 -50 -67 -61 -65 62 -60 -84 -64 24 62 4 -41 34 -82 97 81 -11 -39 79 71 -26 27 -79 -78 93 75 -3 48 22 -3 -20 51 -45 -88 -75 -20 -8 -54 90 -82 32 -1 31 59 63 -72 -97
-54 -53 31 100 52 -35 79 -22 -14 42 36 -77 -16 -29 -18 -50 91 -78 71 80 -14 -33 -42 1 6 -75 -44 84 93 17 4 -86 -95 31 31 -89 11 66 6 75 -97 11 -19 95 28 71 -39 60 -63 -85 -67 -57 98 -5 -11 -56 33 26 4 -16 -61 23 -100 36 59 -98 -12 -19 31 5 95 -30 -100 82 77 -66 81 50 6 -30 -59 70 46 -72 -45 -92 -10 -33 85 93 -97 -62 36 -8 -63 -79 -22 -12 -72 62 31
-68 -59 96 -52 18 5 16 99 -68 60 -16 48 -49 -41 91 -94 -36 48 24 -82 -52 -71 17 -63 40 35 76 -47 -93 25 -26 -8 24 -78 2 -33 88 -88 33 74 -81 -34 -28 -99 33 -35 -25 94 54 82 39 96 19 -53 -17 8 85 -29 8 -18 54 -53 1 37 -97 55 7 74 4 17 -49 -44 70 -72 69 24 -54 61 53 18 59 29 63 65 -99 42 52 43 21 -17 17 83 -18 28 76 -59 -2 76 82 -40 -100
48 4 -98 2 -85 15 -52 -99 -19 -10 -81 42 5 25 79 21 32 76 68 71 40 63 56 -19 10 55 -16 -94 -25 -65 -83 -63 49 -92 -59 95 -2 -21 -90 0 -57 89 41 -28 8 -38 -12 53 40 88 80 -83 -32 58 41 1 11 59 87 -32 86 7 21 43 61 29 -99 82 -88 13 -37 -95 -22 89 -71 -56 -72 25 -15 1 81 -62 45 -98 -80 33 83 50 -30 85 50 -61 27 69 13 -24 39 -30 51 55 20
-10 40 25 -48 40 -65 59 -49 57 -11 -100 -61 -73 -9 36 61 -83 -50 77 -84 39 -16 -13 91 -35 -9 -73 45 -12 -90 58 -23 -83 -98 61 -5 -78 55 38 72 -55 72 -57 -82 -75 34 -69 43 55 20 -71 65 -78 -85 14 -27 0 33 27 -9 -52 80 -6 22 -80 92 -7 66 47 -13 -85 14 -95 -49 -56 78 -64 -99 -12 -61 7 -12 7 91 49 91 42 5 92 -24 19 -18 96 -25 93 -52 3 47 -4 73 -99
-13 81 -65 52 -52 32 82 60 18 9 26 -82 -62 -9 65 -68 -54 -19 88 -84 59 -17 93 -88 70 -69 -63 47 -5 2 -44 29 -1 35 -30 6 -51 18 -46 -21 -79 -7 -53 31 -47 -96 -28 -82 54 -46 -4 -4 57 -19 39 14 -7 15 54 -37 100 -33 70 13 56 42 -88 33 -100 -19 96 28 -3 75 60 -21 93 26 7 49 61 -17 63 72 -22 19 -59 -85 -2 -1 14 -21 91 -75 16 -7 58 -49 -76 4 -74
86 -2 -24 -53 12 -35 56 -42 69 -70 -29 19 14 -47 48 93 10 -14 -4 -43 42 60 -56 -74 -99 -68 -93 -47 82 33 -53 -90 28 66 -26 28 62 93 -66 -32 3 -47 -35 -61 3 22 -64 -57 33 -83 54 -58 -14 78 -63 -62 -54 -75 13 43 84 -58 -13 -100 -37 -12 -31 -30 -34 67 23 -27 5 -13 -12 37 64 20 -37 18 5 -10 14 -23 72 71 -15 -27 -23 -82 0 -3 99 70 -94 -7 -82 -11 -89 -57 12
9 -67 -9 16 -16 -94 44 68 12 -99 2 48 24 32 65 -80 -24 -70 84 -13 30 -28 88 41 79 82 -12 -27 -58 1 -48 85 -87 11 -82 50 -85 84 -6 13 -69 -47 7 68 94 -21 -91 -90 -3 56 -55 81 51 -95 56 2 -4 46 -98 98 60 -24 -71 -99 -95 -100 72 -15 30 73 -49 22 -71 -89 -10 41 -23 -85 -80 45 -99 -7 99 -8 23 -16 99 7 33 73 -6 65 18 -96 28 -56 52 -3 95 26 -35
32 -34 -76 -3 57 -2 -18 89 -41 -6 25 -76 2 -15 44 61 45 -93 66 41 37 18 -22 20 18 -83 82 -90 -69 67 58 -24 -20 -33 -7 5 -90 32 -22 39 80 -40 66 -86 -1 12 -96 -61 94 -1 -93 -85 -13 -40 -26 69 -86 -32 -89 -69 -71 31 -83 81 31 -71 9 30 36 55 87 76 -5 78 -59 -8 -91 8 67 -43 -99 39 -16 -57 -76 -7 77 46 68 -77 25 92 8 -67 2 37 -79 -20 11 13 5
17 -26 61 67 27 95 76 61 -27 -68 -54 -58 -94 64 -8 41 20 63 -76 86 60 -18 -61 -68 1 -77 -57 -17 -67 -41 75 66 -1 41 -92 -54 29 -63 52 58 74 12 49 -81 66 -29 -78 30 -11 70 78 68 -99 -57 28 -27 -74 74 -29 60 -7 -18 95 5 -40 99 14 -93 -29 74 -70 -20 81 -12 -5 99 16 24 82 -72 99 23 56 64 -21 2 -34 34 -24 55 40 35 36 -40 -11 -100 -52 39 93 -93 -59
33 72 -60 -41 -33 -51 -65 16 -11 92 78 73 84 -40 25 78 -41 -69 88 -30 -96 79 90 49 -15 -53 9 -92 -91 83 27 29 64 2 -42 67 15 98 11 54 -6 -93 -74 -58 94 -73 5 28 19 48 66 43 79 77 -89 -72 -41 27 59 -15 94 58 28 -38 12 -94 28 36 27 -82 -72 -16 26 19 68 19 28 -30 15 3 88 -16 22 -35 -23 23 85 -90 28 -62 27 -49 -53 18 13 46 47 -41 47 -39 3
-83 80 -10 -55 40 14 -68 78 77 -35 -21 29 72 -81 89 -75 -57 -9 99 -29 -13 13 -72 60 -22 -45 -26 76 50 -89 69 29 62 0 -23 -3 26 -26 -31 -70 -1 23 60 1 46 23 -91 92 25 -76 0 61 -75 14 -11 -53 -84 11 84 -53 18 -44 18 87 32 -26 14 -58 -90 -16 -85 81 88 -60 -98 -45 22 -55 66 -3 -27 -45 -82 -95 40 -97 37 2 -18 -99 81 -52 -53 21 -63 -34 -85 86 -70 7 79
-27 -11 -19 -56 -70 65 29 -97 -90 7 -58 -18 75 -79 86 -33 -7 -83 -93 -76 98 -60 -64 -100 -38 -22 18 -75 25 -93 75 -27 -56 -54 -66 33 -34 7 -46 -62 -10 26 -76 42 41 27 -96 -36 -3 -29 67 96 29 6 26 75 -11 -37 -8 -37 -21 -19 -26 14 58 7 51 -14 64 35 10 -18 27 83 -98 -73 41 68 38 7 92 70 -5 88 -55 49 -95 -43 -51 26 72 -65 0 -23 -69 -54 -57 11 63 -50 -92
51 -99 59 -2 -25 -57 87 -1 13 -61 -16 87 -54 86 -70 -86 -13 69 4 -70 -13 -30 25 1 -81 -71 93 66 93 56 31 -65 48 69 49 83 16 85 -64 -29 -100 13 55 93 -58 55 63 64 -38 -81 8 -51 -64 4 -74 -76 -81 38 -22 6 99 -30 -10 -67 -78 72 -39 -82 -14 73 -38 2 -59 97 37 -26 4 19 58 68 57 17 54 -5 99 -20 -6 -21 76 48 34 19 -74 -78 -91 5 -42 -87 31 -77 90
60 59 41 -13 -27 31 -2 67 -72 -56 -87 25 -67 -23 76 -32 56 81 18 57 -51 48 45 -86 1 25 -61 78 -92 21 26 -96 -2 -55 -56 -95 65 -88 -15 -6 23 -4 3 7 -78 43 -58 -86 86 93 3 -52 39 -83 -95 -2 89 -82 -28 -55 -86 52 47 94 61 -4 -18 26 73 96 -61 -88 -39 19 59 -95 -39 -44 32 -83 -14 -12 -72 -68 93 11 -77 1 91 -96 17 -54 -91 -25 29 -37 90 -90 50 -1 -48
-90 -40 -91 -48 51 15 -36 -28 -96 33 -1 87 96 -34 -66 43 39 30 -83 48 -23 40 41 62 -39 -41 -6 49 -89 99 69 -64 -26 -74 -10 13 -97 -95 52 17 -11 -79 14 54 75 42 -43 70 -43 43 68 -25 -13 18 -6 -83 -24 -17 11 -40 73 40 8 -8 -8 -48 43 -89 58 -82 21 -80 -5 -41 7 -40 15 -74 -55 -12 53 -93 4 30 -52 95 59 53 74 -82 86 24 25 -79 -88 59 -6 -18 93 -56 -63
43 -95 -3 0 90 1 -29 -35 -23 -28 10 -42 19 21 3 24 66 7 -12 -40 88 -86 35 -67 -52 -12 42 31 -2 4 61 -95 -79 -71 29 93 -15 -2 78 -28 -27 51 -9 22 -3 58 -4 79 72 -37 85 63 96 2 73 -41 39 9 -35 29 38 18 69 -91 72 -96 -65 14 -8 -67 78 23 -50 -72 -52 89 27 -1 -70 -43 -15 97 -52 -58 -26 10 48 -20 74 46 -48 25 54 -7 -84 98 86 -43 22 -61 1
-92 -67 -74 50 78 60 63 87 30 2 72 -1 -1 -82 66 66 -27 43 68 60 62 19 -31 -44 -13 98 34 -72 -19 30 -44 -45 13 18 41 63 -76 48 84 -64 -34 -28 8 -33 -24 -5 -38 16 7 25 -81 10 -32 36 -31 -60 80 0 -55 -55 11 -82 76 30 71 -30 63 -35 -52 100 -49 -70 33 -27 19 23 -33 7 16 -52 -3 -44 0 -30 -8 -34 86 -79 10 -64 59 33 -34 94 90 17 41 30 -54 -10 -51
-47 91 -53 -5 20 -90 45 24 -84 -63 100 98 -89 99 28 -88 36 55 61 -97 22 -39 95 -26 -26 -94 83 -34 -46 69 -49 -95 28 66 -54 64 56 85 -98 23 99 -40 45 3 45 6 -18 -93 60 -43 77 18 25 -71 -29 13 53 13 -17 41 1 -33 -90 -61 76 94 63 -12 -18 100 -80 26 -32 37 -87 -82 -56 83 43 -100 21 -88 84 34 15 99 -11 -55 41 7 -63 46 -65 15 -62 -92 61 -12 -14 -17 88
92 10 85 77 -12 -18 49 -97 53 24 -83 -4 -78 56 63 -32 74 83 81 -70 -43 9 51 -33 -29 48 -14 2 74 -40 59 69 21 -17 -68 -17 75 30 28 33 89 -4 10 -86 -46 -65 -78 -53 -77 37 -68 16 93 9 76 -83 -69 -5 35 7 -99 13 4 -39 60 -47 67 94 56 2 -56 7 77 97 -84 29 -74 -96 72 48 -78 -86 73 29 2 -58 97 -29 -54 19 45 -30 -3 69 -7 14 26 -51 67 77 67
-72 34 70 43 53 67 38 26 1 -6 15 -51 -56 85 -58 -20 4 69 -94 -2 -54 -32 62 69 -44 -11 37 -46 100 -79 25 -6 -24 23 94 40 -36 -9 69 17 77 -10 80 -29 36 -57 93 49 74 -73 -80 -98 63 46 -20 43 8 21 -25 -81 -31 64 79 79 17 -92 48 -47 52 22 36 24 -67 4 39 26 70 77 12 67 99 -11 -41 -81 79 20 -18 80 -5 18 63 -88 -75 65 95 4 69 9 -39 43 -86
-53 71 -12 -62 -43 90 27 78 30 -85 -40 -90 -47 39 11 87 -33 45 -7 29 -2 -83 -51 74 8 -14 -85 -19 57 45 -57 -1 -45 34 -62 16 -39 53 71 -90 -56 -48 -59 -63 -39 73 90 32 10 -54 -96 -59 -11 -97 4 30 24 26 -85 86 79 -41 -71 59 -13 -39 -27 -77 9 -17 -14 -17 -21 83 85 -25 -2 24 -96 -92 45 -54 50 -12 81 -65 -61 20 -20 95 83 92 18 -100 72 88 14 -83 -27 75 -10
16 41 -98 -96 64 7 36 -30 -69 -16 99 83 15 -11 26 62 54 -72 12 47 -65 -19 -7 -84 84 -96 82 9 -50 25 73 8 -97 5 -94 -99 -88 84 -49 74 -51 -39 13 -15 -31 -35 59 -8 97 89 60 -39 46 64 55 36 -21 24 77 -79 -97 26 -60 -80 -32 25 -59 -50 -45 18 91 -34 -93 -54 90 29 41 97 16 20 -44 -2 44 35 -16 -38 51 -35 -84 -30 78 -37 84 -92 50 54 85 59 -6 -82 -55
42 -14 23 -93 -3 -56 -97 13 29 53 -2 -10 36 79 -1 -76 -55 84 -6 -36 -89 -66 8 75 2 63 -19 -52 -99 24 -84 -76 37 -56 -41 -35 30 29 37 46 48 53 -27 31 66 -12 -69 15 -61 8 -69 -43 -63 -27 18 -96 59 65 80 -23 62 56 -13 50 -48 97 -50 75 70 96 32 -10 -17 17 27 -95 20 -22 -23 64 47 71 83 95 65 61 50 15 -6 97 -23 -49 16 -76 45 49 8 -9 34 -62 8
15 33 -64 -92 -79 -1 11 76 -14 -45 -78 -9 -88 50 -44 -81 28 40 -57 22 36 75 -68 -94 -13 97 0 65 -48 27 -88 23 -24 -37 -89 82 -58 -43 -22 30 -91 37 -95 83 36 45 59 77 -42 -25 7 -49 82 21 -18 19 39 -84 -53 18 84 -20 23 39 -26 -68 -78 -24 36 77 82 16 0 38 -3 -29 -84 -49 95 71 -30 79 87 -16 73 -7 1 -20 -98 16 -12 -92 32 18 89 -25 97 -1 -96 -71 47
97 -93 43 -85 39 68 -71 -27 -18 0 71 22 -33 63 52 -42 19 18 45 90 95 -97 -40 32 38 -58 43 -39 4 27 21 76 -76 -57 75 -97 -44 -45 47 41 20 75 41 -39 100 -78 63 76 92 87 20 3 -4 22 58 21 -12 44 -54 81 -23 -40 -18 91 -31 1 -7 -31 66 -93 -24 83 14 -35 57 92 90 -70 73 26 3 -59 -30 16 34 -31 16 -34 100 -53 84 51 36 53 63 19 -27 -25 -50 15 44
25 -30 -19 -20 61 89 28 -28 72 72 -97 -82 -56 -89 11 2 -39 12 -96 -99 36 3 78 85 -36 28 82 51 -26 5 96 85 -27 0 91 20 49 28 6 77 -3 51 -63 53 74 32 67 18 81 -23 -4 -12 -54 63 33 -66 -65 -26 13 36 16 -66 81 46 -25 43 35 -40 55 -52 -90 51 45 37 -87 -3 68 37 -29 61 7 65 82 -23 36 -70 -19 -83 77 -80 -33 96 -12 25 59 -11 88 -76 -92 -80 32
-82 -76 -63 -3 -64 81 -63 -2 46 1 -18 -17 69 -50 -2 86 53 -81 80 11 -40 14 25 -12 -15 -13 -73 -87 -79 -23 80 64 32 -41 4 2 -91 -72 -19 -85 25 25 -43 -26 32 45 -25 -39 96 18 16 -55 -77 35 94 33 17 74 -87 14 30 48 -57 69 -43 36 71 16 -9 -47 95 -25 -48 -89 70 61 -42 97 76 57 -98 74 -29 23 -86 5 82 -75 -75 -20 32 5 -59 -86 -76 -49 12 86 77 -34 -37
74 -63 7 -63 83 -11 -95 8 19 70 38 -9 -9 8 -10 52 36 86 -28 -24 2 82 -23 -12 67 38 90 -41 95 -6 63 -2 -82 47 -4 27 68 -16 -48 -30 -95 -7 0 -69 14 -40 14 22 3 -15 88 -72 -53 59 -56 -74 50 -90 86 86 -4 88 46 26 97 -63 60 100 -64 -7 24 -34 -96 36 -84 61 26 -68 32 82 -96 43 -12 79 -53 -86 -99 34 -55 50 -84 -66 -57 33 -70 -12 72 92 38 -29 51
-55 54 -52 31 89 57 49 100 13 21 -100 87 31 -57 18 -57 61 10 -97 92 -84 81 22 -64 -16 82 -28 -23 75 7 38 -93 -53 98 72 -91 -62 74 87 69 -19 -45 49 -71 45 1 -37 13 75 -44 75 -97 -61 100 -21 28 -46 91 -28 94 -34 -84 -66 -97 -73 56 -52 -79 23 -40 66 -6 -91 -97 5 -66 49 -24 -35 -97 -64 -32 -59 7 18 41 13 -76 91 67 -63 -85 27 97 -17 -22 82 71 -48 -41 -93
-49 1 -36 72 37 82 58 -26 3 69 -69 -68 17 -41 -91 -19 -80 -2 6 -54 56 37 -82 -41 -29 29 49 -69 -73 -61 -40 18 98 -3 18 -66 -71 -49 43 -60 -1 -7 -66 21 85 35 46 66 -7 85 64 -68 -48 44 48 98 15 -7 3 -53 -27 -78 -94 -33 98 -81 89 -99 5 -47 -80 93 -17 90 -58 -35 -28 58 -38 88 70 -64 86 -43 -56 -93 -38 61 67 42 -40 22 23 -17 -4 -16 -46 -67 -25 -67 -22
97 77 18 -35 40 98 98 41 16 75 -4 -5 -40 45 55 -9 -53 -56 84 71 21 57 -64 -60 72 -72 -99 -14 47 8 76 99 22 -99 20 48 64 -50 -74 -83 -62 -89 15 32 -68 56 77 -9 53 88 -91 40 95 -48 -92 79 -20 -78 -22 79 37 -27 35 -30 -5 1 -90 -96 28 25 -80 -51 37 -75 -34 -96 -51 14 -49 -8 -14 -29 -59 -92 43 18 -85 100 51 5 51 5 51 -43 92 -5 22 75 73 -2 8
51 -42 -91 31 -58 -26 38 23 -52 31 -75 -85 -100 -46 8 -27 34 50 40 -42 46 72 -66 -87 -25 -46 96 -29 97 -4 84 4 74 0 -76 -91 -65 -49 -17 -46 1 51 -17 33 -6 -26 6 -38 -35 -84 -35 63 15 -80 85 25 58 59 -74 -43 -91 -79 4 3 -91 69 55 -70 30 33 -59 -60 11 39 52 -8 32 58 -88 -1 -13 87 6 76 50 84 10 40 3 55 -80 -77 -4 -21 6 70 -82 21 -52 31 -95
-93 22 56 -92 -18 -63 34 -73 -89 82 99 -10 37 63 46 -72 -5 -20 24 -24 -63 34 -92 -29 -60 68 5 91 -19 -32 1 31 73 55 57 -86 -64 -63 81 -79 -55 85 19 -16 81 -38 -72 -80 56 -43 -25 -73 -49 -26 -14 2 66 27 60 50 1 56 -6 -68 -13 7 53 -34 -46 -23 51 0 -7 -35 -19 9 -57 -16 99 -56 -54 42 -87 -22 78 -74 -24 -96 52 58 -39 90 -22 71 23 -43 -75 -24 -7 27 34
-61 -58 64 48 -95 0 51 -43 -7 89 -86 1 4 71 12 -30 83 91 85 -43 75 91 -52 -77 -57 -50 51 -68 -64 -59 -87 91 -11 -4 18 -86 68 -15 -68 -64 -11 29 94 98 -15 66 72 49 63 56 -13 -79 11 -75 91 -6 -23 -14 54 -16 -35 -46 38 -43 86 43 -8 -50 -7 -98 -28 80 88 -78 -94 -86 -10 84 -25 23 -41 49 71 -61 -62 64 -100 -76 -96 -56 -49 69 41 96 51 -33 45 -95 73 25 -22
83 72 -3 43 65 -73 -31 26 68 -93 59 -69 -54 -7 -7 -9 -83 65 14 51 56 -11 -75 -95 -51 83 -86 30 77 -97 -94 -8 25 -98 20 34 51 -59 59 -62 62 11 7 -21 100 97 -23 -32 78 31 -66 23 -44 -68 89 -59 -7 16 21 -32 -98 17 46 -2 43 51 -55 -2 80 69 -73 29 -18 -26 63 -23 -68 31 -44 79 -30 -58 78 -94 -24 -84 84 81 97 -15 49 36 68 -90 17 -21 94 -10 -56 0 -50
-98 -19 81 8 54 85 -57 49 -26 77 -41 13 -95 -83 98 -43 -85 -63 44 -63 21 -74 96 42 -34 -72 48 -39 -5 -45 87 -60 -32 33 -99 -32 -25 -83 -69 79 59 89 -87 -83 -34 17 -41 94 7 58 47 68 -80 48 57 12 65 35 10 -27 -59 -92 63 -52 -21 -81 60 -17 -29 15 -92 -21 -98 11 10 92 -22 33 -4 -34 -8 -65 1 -22 24 64 -61 73 34 -40 -100 0 -56 -83 74 41 -14 49 65 62 -18
-30 9 -75 11 24 62 -9 51 81 72 61 81 -77 -7 -33 63 43 40 -20 57 81 17 71 33 -48 24 83 74 27 96 -48 3 -11 51 -52 41 95 -29 -77 78 -25 77 94 -45 33 -98 -36 -39 97 41 -87 -33 30 -33 -92 89 63 -21 -88 -14 -4 76 -17 -47 -40 56 60 -2 -32 54 -17 57 89 28 74 32 -46 0 0 -2 44 61 -75 -33 40 38 -27 92 -67 -46 37 -91 43 90 69 40 -89 -30 50 -40 -68
-46 4 -57 -54 -71 -51 -43 -17 -47 -50 97 -48 -81 39 -69 27 24 43 -61 -14 8 86 -9 86 -84 -45 -22 62 -71 -22 70 17 76 75 -14 -8 -51 -20 3 -98 -94 73 -57 -92 4 23 36 -50 -70 46 47 51 0 64 -84 86 19 -84 62 -33 89 94 92 -10 -21 -87 28 41 -27 -76 -27 -21 -76 -23 -67 38 65 -50 -91 -17 -13 4 -98 37 -90 -66 52 15 57 39 38 81 16 -66 -23 12 43 -57 -56 26 -59
26 6 98 -80 -83 -78 31 -14 -2 23 70 23 -91 -17 57 -75 -56 -30 39 -85 36 25 50 -70 13 -93 -97 -61 -25 47 23 -69 89 -37 13 14 -26 -46 -43 -91 45 -33 -43 45 91 -55 9 -9 51 -86 -44 -52 32 -17 23 85 9 -13 96 70 79 -84 -12 15 58 31 -16 -91 -13 21 68 61 -17 38 -57 72 -98 -91 88 24 -32 -51 -15 -33 50 -62 49 -78 -27 -57 19 -53 -39 -47 -34 27 42 -55 -52 49 64
67 -88 -46 -98 -5 24 -25 33 24 -63 32 33 -69 -54 95 73 -59 -74 -62 -3 59 16 -58 87 -55 -42 -80 66 -38 52 27 -87 -64 5 -81 -3 73 77 -36 35 48 3 84 14 75 45 85 62 -81 -23 -96 -28 -21 33 79 19 -95 -31 2 -97 54 0 -13 -53 -70 -67 -86 -100 -57 -30 58 -59 89 -10 91 8 25 94 -58 -55 -56 -13 -78 33 -96 93 -58 -55 -12 -89 -21 21 22 -61 -27 91 -96 26 54 39 59
-81 75 -99 78 54 49 30 -30 92 -34 -57 57 24 -89 16 -49 -71 77 8 39 -14 -75 -19 1 -76 -44 -57 83 56 20 38 -7 -87 99 -54 -68 93 -56 -51 -6 -22 54 97 -74 -74 -96 56 40 -75 -41 -58 18 -12 0 8 -74 -60 43 87 72 -95 -95 -89 96 -63 2 -92 95 62 -87 80 -2 -8 -19 -92 51 -26 67 92 72 35 64 0 -61 9 -73 -31 15 75 58 -45 -23 -29 73 34 59 24 24 -87 -24 -68
-50 -31 -83 -100 95 16 -40 -57 94 -9 33 17 -32 -60 -6 -27 96 72 -6 96 38 -80 46 -38 59 55 -6 54 37 16 -45 28 -88 -73 100 18 57 -18 21 69 -67 5 -36 31 -44 -18 73 -91 -15 -80 -98 81 99 81 68 3 42 -91 -4 -86 -47 68 92 -75 -91 -62 51 -71 -61 -5 -68 18 46 39 -48 -23 -1 97 38 -95 0 73 -83 14 -64 -82 60 1 52 54 -30 -97 51 99 -52 95 -52 -13 15 50 3
-9 92 45 -44 -77 66 64 66 -40 -37 17 73 5 -64 93 -59 80 -5 -66 -2 35 -64 50 -98 -33 63 -42 88 -68 85 -79 -91 58 85 -59 -67 -50 23 -84 -34 69 81 -10 81 21 50 60 -80 78 -26 62 45 86 -78 -100 -27 31 60 95 92 -10 14 63 -58 -10 83 59 -88 -89 32 -41 -30 75 -75 -57 -56 27 30 24 20 34 11 87 82 -74 98 -43 -95 37 82 45 -26 -49 -41 -29 93 28 -35 69 -5 -20
-16 -26 -36 68 59 -100 -53 49 96 -98 67 -21 53 -87 26 46 -19 -13 6 -25 -26 -76 -32 16 -27 33 18 52 33 70 -51 99 -59 -74 46 -92 -69 8 40 30 66 -54 1 -10 57 81 10 91 56 27 1 31 97 -56 -70 99 74 38 -78 -25 -1 -36 77 18 40 36 -46 24 -74 -5 -19 17 96 -100 -22 46 -14 64 -16 -57 -46 -16 79 -100 -11 -34 57 59 -94 7 -13 46 -79 -58 48 -30 -2 17 -85 91 52
-75 45 -88 48 -60 -91 -30 6 -66 17 -26 30 -73 -51 58 21 94 44 -30 -24 -65 -90 87 58 -1 40 17 -38 70 16 -18 -7 49 -74 -29 13 -70 38 -63 -70 11 -24 67 37 -83 25 0 11 87 -14 -32 -58 -33 53 -66 21 -39 31 22 -52 28 -3 -28 -26 14 51 -34 -69 52 95 -85 72 -22 27 -30 53 38 58 -2 15 74 -83 91 37 -68 72 85 -39 22 -63 -43 -87 -84 92 42 97 -30 82 63 43 -50
96 -28 85 43 -64 68 -98 54 -84 10 96 -38 -7 -72 51 78 47 -100 25 39 -94 -30 81 20 78 35 27 83 39 11 62 -2 90 25 -74 -76 40 80 -53 76 7 -6 -53 8 -16 -88 -87 -49 -62 -96 -94 -32 25 99 37 15 -9 -79 5 87 42 18 -58 -49 33 47 -97 90 -94 -93 83 -75 -66 -100 -34 -29 -93 -55 15 55 -12 -49 -84 55 -38 9 -56 -65 -99 -39 -10 64 -64 15 50 -1 9 -54 -51 -86 -30
27 53 -79 48 99 -93 -17 -83 -52 63 29 10 83 73 18 -88 37 40 -11 -77 -3 -17 44 1 85 -56 -26 -33 -33 -38 54 -39 -5 -46 82 -87 -4 -48 -5 -66 -96 -1 -59 88 13 -97 -27 60 92 38 -11 51 28 100 58 -93 -43 69 -78 13 12 -28 -66 3 -65 -74 67 -60 13 94 -82 -48 -85 -17 -14 -93 63 -41 40 -60 91 -82 -90 -28 5 2 43 25 0 -11 50 63 71 -54 16 53 63 19 -53 -25 -63
20 -97 -56 -38 -29 -8 68 -34 -10 69 90 -30 -4 68 13 2 -43 -12 -66 -17 -36 -72 -71 -75 7 -20 -60 -23 -18 37 8 -48 -98 57 11 29 73 -55 2 -36 85 -86 -62 -28 34 95 -8 -32 70 -17 34 37 72 11 73 84 -32 33 76 -62 84 -86 33 13 71 13 38 76 57 -94 -94 -56 -22 -53 -45 75 -20 -15 -50 27 -40 51 -27 6 -64 79 -35 25 -48 -88 -77 40 -41 42 57 53 75 -48 96 73 84
84 19 66 42 -90 -2 -77 -21 57 -30 20 34 86 14 76 34 27 -8 48 -33 48 1 10 -95 49 0 -48 -100 -39 -100 -94 -91 -60 -23 82 38 43 -100 11 -43 53 -32 81 69 34 85 -61 49 -16 58 57 -89 63 74 -72 -78 -99 42 -95 79 -8 90 43 85 77 63 -73 92 95 -27 49 -55 22 76 -85 22 83 89 28 -73 100 -7 93 -1 -20 -24 -98 35 89 -20 75 10 11 -80 -23 100 -80 -80 30 -93 45
77 -88 25 22 6 11 72 92 78 29 -13 76 -2 6 23 -99 -46 74 89 -88 25 32 -94 -85 69 -52 -62 25 -83 73 -14 -56 76 12 -12 -86 22 25 -41 6 26 49 58 -16 -70 -71 36 -4 -51 62 -69 39 96 7 42 -32 52 -24 95 88 -34 -100 -55 -77 19 -57 31 20 -22 -47 -12 35 -85 71 -44 79 22 17 -69 6 91 40 6 -87 52 74 -19 -70 -1 -58 6 -53 69 -68 -58 50 46 -71 0 18 45
13 -27 99 -24 56 -51 -24 -21 26 -60 -21 -15 -23 -44 60 46 43 39 -28 13 -9 -58 42 73 -99 70 -74 -34 -16 -93 12 8 -5 -59 -30 17 53 -80 35 55 -83 -51 -75 59 -58 -42 -46 -87 -61 -89 96 62 76 97 35 97 -9 -22 92 -75 -71 91 75 -79 -32 59 -6 -7 43 -15 -18 60 45 47 23 87 -49 21 -98 6 -65 -95 -69 -40 27 29 -45 91 -92 -35 -40 -29 -18 -59 91 23 80 -3 -34 95 26
39 -53 52 -46 99 93 -6 64 -86 -99 -66 -98 -15 -46 17 -21 -32 -23 63 -10 -7 54 38 25 -43 -63 -4 69 -8 -4 88 46 -91 -57 -74 -1 -11 -44 -89 55 26 23 43 13 16 -34 14 -72 -15 -33 -88 -8 -33 56 -18 69 96 -34 95 24 80 87 12 91 -80 9 26 80 20 -4 54 59 22 -71 -100 19 -46 -88 87 32 47 -36 -16 50 -68 -9 -13 -77 -60 -95 -72 18 52 -55 77 -81 11 48 97 -76 -43
-3 55 6 -70 -80 -13 25 -75 -97 -89 -2 53 -2 -35 -52 22 1 20 -19 -1 -42 -22 89 21 -11 -45 -59 -3 -8 7 97 86 48 58 56 100 35 -33 98 98 77 4 -87 42 -87 -91 -15 -29 16 43 28 26 -70 85 52 -26 -65 12 52 63 -97 -28 -32 74 12 -59 45 12 -96 4 9 60 67 -41 68 13 94 23 -76 95 -9 67 -4 27 -92 37 -62 -27 -35 -13 -3 -27 11 88 52 50 -51 55 35 79 -64
-49 -16 61 68 87 42 18 71 76 -50 -51 13 -79 -89 -13 -97 67 -13 -26 64 34 -40 -86 -52 44 68 -66 -48 -58 16 75 -93 -35 14 -3 52 89 -53 -100 74 -97 -62 -89 7 -61 60 -28 81 27 24 -19 42 26 -42 84 -71 -40 -67 97 17 58 96 -26 -72 -85 32 -29 54 -26 35 -15 -28 -53 66 6 -10 94 74 8 70 -74 34 43 -85 51 79 -4 -84 50 -75 13 -55 8 -77 -70 91 77 -26 -83 82 69
-62 -27 -90 4 13 33 87 -63 -74 10 95 -83 -17 -4 -84 52 -93 -33 -89 -58 52 -1 -34 -90 42 -18 -30 -40 72 14 16 -76 59 82 18 -73 -100 -25 26 19 45 -22 -64 7 -80 54 -93 -63 -3 91 -33 -77 -74 9 15 -55 -31 -53 -67 58 79 75 -66 68 74 -50 -39 -57 -88 26 45 -9 9 -55 -40 69 37 -66 57 43 65 -92 64 86 -54 49 -25 80 19 67 73 95 -48 43 -74 -83 -11 -93 79 -27 -61
-92 29 -93 87 88 33 95 88 -51 2 12 -19 97 -45 -59 -80 76 32 -12 43 -80 18 -10 13 -95 95 25 -63 80 -44 -14 -90 -90 -27 -96 61 51 69 81 50 -71 -74 -3 2 60 -45 8 -69 -48 58 0 -50 -48 -24 39 1 -13 -80 -58 -27 51 37 33 -91 -71 81 -43 7 -88 -78 57 24 24 -10 84 97 -19 98 79 78 25 -53 -65 -9 51 83 -85 -30 -53 70 -81 41 6 47 -22 -10 -21 -6 -71 -16 69
80 -59 -84 27 -63 16 21 3 88 -54 -93 -87 90 -4 86 45 -56 -83 36 36 54 14 -18 98 56 -69 -15 -37 49 11 -40 -18 -59 14 -60 -48 -90 35 67 -22 99 13 -40 -37 -89 17 -76 -23 -90 99 17 -48 -73 65 -2 -73 24 11 29 32 44 76 93 -8 -48 -14 96 -29 13 -48 -77 26 7 -44 99 7 -22 96 -61 -27 -13 57 -11 -72 -54 81 52 -83 -51 28 92 -46 -41 -69 6 51 70 68 27 -46 -72
16 48 -18 53 -45 52 4 -66 56 -6 -76 86 -2 -26 75 66 21 40 91 15 -5 15 1 13 -50 -42 -95 -32 33 97 43 24 4 -32 73 59 69 14 -65 -25 -9 -55 -3 88 6 57 68 28 -54 -29 -29 -8 22 57 -74 -64 34 -69 14 -98 -1 -48 81 -27 -59 -37 46 -46 -21 -56 -71 30 1 34 43 43 -67 37 32 -28 -43 -72 -32 87 -16 24 59 -18 85 37 -57 -98 47 -77 -21 2 -4 34 27 4 -48
-94 45 60 -1 10 77 -75 -40 -36 -41 -95 -26 83 11 -36 -31 40 81 54 -87 -28 -91 -99 88 71 -7 85 -93 28 -30 -79 19 15 33 75 -15 78 -45 -76 -15 97 -67 63 1 -50 94 77 20 -50 91 -85 34 -1 -92 58 2 -82 -8 6 -83 -53 22 95 10 56 -100 -37 90 -67 -7 36 22 -13 -43 83 33 58 -40 -65 47 23 31 -33 -14 71 -67 50 -89 21 9 -80 -69 -67 -7 -9 -54 -45 70 -75 8 -11
46 -75 -35 -39 82 93 9 -57 65 42 -75 44 34 -75 -80 65 12 -17 -100 63 59 -64 66 -39 -82 91 90 84 85 -94 8 16 68 -55 27 -24 46 -48 43 -19 -45 54 -33 40 54 49 42 -42 -26 84 -51 -83 1 52 19 -67 -97 9 4 18 -74 0 78 30 -79 45 -43 -24 29 -27 -24 99 -6 48 8 -60 -58 20 58 -80 24 -25 -61 12 -57 16 -20 -88 -41 2 14 60 -94 74 35 -2 -8 -36 -96 38 100
67 -94 -44 62 -51 9 49 78 -84 -75 -96 60 12 61 21 12 -22 39 15 -82 -35 24 92 -17 -99 95 -55 -32 97 67 36 -37 -26 -98 37 90 -69 -8 -7 -47 44 -88 98 -37 83 -96 -20 73 68 -18 -61 -64 90 97 87 73 88 -56 63 -12 46 98 58 -59 74 -76 2 95 -63 16 55 -100 84 -95 48 54 -6 -91 27 37 25 7 -94 24 -29 13 12 -93 -99 -66 -44 -80 -97 76 -61 27 48 -74 14 -68 -48
-34 -66 41 25 97 68 -33 4 46 -17 -34 -48 10 87 -12 -70 -63 -59 -53 77 -79 45 75 87 -17 -70 47 -56 -3 -1 79 24 -80 93 13 -50 13 -41 49 -55 36 -71 -88 -66 -87 -66 -47 92 -65 -5 -3 -53 75 -4 81 52 -84 -3 96 37 2 70 47 -28 -52 11 -28 39 90 69 74 -17 57 14 -40 -55 2 84 4 51 -63 -88 81 87 -90 34 -2 -74 57 -43 94 -78 46 59 82 27 -18 -93 -85 -97 -5
-98 -93 -22 84 -49 -24 65 88 -42 -28 -36 -41 -63 53 93 -59 23 12 -1 16 19 -94 -93 -93 69 -81 -56 79 68 45 -41 -63 -29 -97 -41 8 -19 -52 89 50 26 -74 84 66 -56 79 75 8 -100 -37 -67 84 -10 -30 83 93 -96 90 -41 62 19 90 -92 -77 15 -23 -68 65 -15 -94 74 -85 37 53 -57 92 -69 -50 -27 -75 44 -17 3 -84 82 16 -66 -76 30 24 96 99 -27 -29 33 -57 -77 76 -41 -76 -39
-10 63 -32 79 100 81 33 7 21 -66 -43 3 -28 -24 -94 -61 34 -81 -59 -73 3 81 18 -2 -56 -54 73 66 78 29 65 -78 -66 68 -32 10 -12 -99 -45 -69 37 24 23 79 -30 98 16 36 -63 -6 80 -84 -99 23 -73 42 -1 -55 42 -10 -8 -52 7 61 -54 -8 -46 52 -88 94 -65 -82 98 81 50 -13 98 12 43 31 -70 -3 -52 98 47 78 62 -28 63 14 29 81 62 -28 -95 33 -14 -34 52 -77 -29
-35 -97 47 89 50 21 -19 -52 -48 44 -78 -23 -9 65 -81 24 -7 -95 -70 -39 -90 71 78 15 52 -25 17 -22 -53 0 -86 -87 75 73 86 36 29 22 58 44 -56 56 52 -91 58 11 38 94 56 -48 44 80 -35 -84 98 46 10 89 -7 79 -67 63 -15 -62 11 3 -6 -8 51 100 17 100 -60 32 -48 9 80 58 20 -92 -15 -21 59 -42 92 -78 -56 -52 -50 -94 -64 17 -69 -98 20 14 43 -25 -33 92 46
12 -64 -46 -96 -24 21 84 77 -56 -32 57 -18 -45 -81 28 69 -74 -59 100 -86 -35 3 -36 89 19 -14 -93 83 -99 44 46 -94 88 -24 -73 63 44 -50 14 12 20 90 12 95 23 -97 58 7 43 -47 24 -23 -19 74 -24 46 -76 -74 59 72 1 37 39 14 100 -30 55 14 -78 -32 58 -81 -11 51 40 -34 71 26 44 87 -65 -3 -69 56 -94 -96 -12 -100 6 -20 -69 21 -33 82 -7 18 97 75 16 -53 76
61 31 -47 -59 -75 51 -56 -4 -1 36 -14 -69 30 1 36 39 -3 -39 -94 -33 -80 26 69 82 77 74 -98 -87 53 -50 -10 -7 93 85 28 -24 -30 -38 25 -64 89 -67 4 -47 80 -54 19 -80 -48 -79 61 57 8 -51 -50 5 -67 -39 -7 -72 -47 -57 93 51 -45 -17 -58 -59 93 -52 72 35 72 -85 4 100 44 80 -34 -21 0 6 11 80 -94 -60 -22 88 2 -93 63 100 -88 86 47 97 -57 -49 -99 41 -5
-70 -93 -48 -71 -71 13 -14 -28 37 52 66 -57 -7 85 31 -7 -8 -34 -43 -29 26 98 86 -13 100 -30 36 -34 100 80 -55 -63 -6 -45 -91 49 27 79 -22 32 100 82 44 4 -26 -44 -13 69 -7 43 -63 51 12 -28 -9 -72 -25 -49 100 78 27 2 0 57 11 -12 -45 92 -24 -33 57 42 -5 1 -80 -31 -97 -80 -47 -21 64 -99 -32 -62 -91 27 -17 -65 -50 -49 20 38 17 -66 -54 -99 -45 51 -21 -17 -5
25 61 -2 33 14 90 16 88 33 40 4 -4 20 91 46 -5 -85 -68 -26 -91 32 -19 43 91 53 59 -80 24 -82 -13 -17 14 15 -45 -68 94 -66 43 15 -31 37 49 56 83 70 -19 -89 48 -88 -11 -78 42 -65 -15 75 -61 86 -68 -17 85 -79 -27 -19 8 -4 -32 -16 64 98 -43 -43 -9 18 -23 -99 77 -36 -22 55 -33 14 -54 13 52 23 -85 83 49 -24 53 97 51 60 1 -67 52 -31 -62 -57 -4 43
-45 29 55 -1 55 12 21 -54 -82 -79 74 52 87 43 52 -52 -61 2 -66 22 21 -2 -14 55 18 -52 -70 -13 -19 97 -84 -62 90 -2 -45 -23 -54 -1 39 97 -4 -2 12 29 1 -71 -53 37 -72 -79 -50 -82 56 -33 55 -98 95 -17 -7 -59 90 -98 -63 55 2 -97 91 -23 11 -30 -35 -27 37 -35 39 -85 29 -85 39 30 34 -11 -54 -84 -24 46 -77 -64 -62 -86 -97 -32 -11 8 39 -7 55 56 -44 -32 80
89 70 80 -23 -66 15 -64 -77 -93 -49 59 52 26 40 1 -69 -73 -66 -11 -21 -1 80 62 -58 13 23 50 18 19 95 -21 15 66 25 5 -28 -39 98 21 -5 -60 41 1 -1 -27 -17 -14 -1 11 5 0 -4 -43 55 -91 -53 -48 -52 69 -48 54 67 -26 -18 4 89 -76 -3 -92 6 42 98 -10 4 -55 -70 -48 -50 99 -26 -56 -68 15 -20 25 95 -66 -18 69 -21 3 39 75 77 -79 -55 60 -75 -74 -28 61
-41 14 66 -38 67 -98 42 51 46 -34 46 -13 85 -97 -31 -38 94 17 -26 -43 -67 -93 68 34 92 54 68 -99 -50 -20 3 -58 80 -86 -42 55 -77 -78 49 -7 71 40 64 12 11 -45 73 16 52 -49 13 91 -78 -63 2 -6 70 -4 -5 67 90 -78 84 -86 20 -61 -26 36 -41 -92 -61 -50 0 65 -4 96 99 32 -48 60 -18 72 -45 19 -59 69 95 17 74 -47 -79 -42 -100 -40 24 80 34 36 -83 63 46
72 87 -56 -92 94 57 43 -76 77 -32 55 -34 -60 -83 -54 -85 -23 25 80 -16 -94 42 -62 61 88 -14 -4 32 -38 40 -9 -46 82 92 14 48 -50 83 -49 -65 -43 42 22 34 -68 -80 -24 68 62 33 -43 17 -31 11 -14 -70 49 -10 -2 -98 88 30 -38 -18 44 -97 -41 -65 -89 65 76 97 26 77 -95 -8 -92 -49 -90 27 36 -73 -100 48 -1 91 51 33 85 -41 -100 -31 56 -4 -9 -85 64 70 -47 -83 14
-38 42 -12 29 -15 -2 80 -70 -3 -36 -1 -64 98 50 68 84 -34 32 -40 -97 -3 -41 86 37 -56 41 -67 12 -52 -74 -76 49 -20 -77 -71 43 -74 -14 -54 85 84 -50 36 -9 28 79 -97 6 94 -3 -66 10 -63 84 33 100 -30 -83 -46 17 -76 -45 97 -22 -91 80 47 94 18 59 -5 -55 42 90 45 76 23 65 79 -26 26 2 26 -30 -87 72 -97 62 -58 35 -62 -24 62 18 93 20 -54 7 15 100 21
7 0 83 -55 -20 -88 -21 -61 -21 -92 20 -72 19 15 83 -63 0 93 98 26 93 -57 26 82 32 -58 54 43 27 96 -86 -12 -16 -74 38 -79 2 28 -17 -39 1 -79 2 71 -7 -83 89 53 -23 -80 -41 86 -91 31 -68 9 -12 25 -58 29 64 -57 -1 35 65 -27 30 -12 78 98 -21 70 56 81 23 -91 18 50 -62 38 -6 70 -34 22 -92 -10 84 72 10 -62 74 82 -22 -86 90 85 3 69 48 99 42
-33 -25 -54 9 49 -75 -30 -8 -34 -2 24 0 44 -94 -40 -45 11 -92 -87 46 -50 -67 -28 77 41 98 -43 -58 -77 -62 21 -5 -93 -94 2 -70 -17 47 -13 -96 -63 -38 39 74 26 95 -26 63 38 -3 86 -8 20 79 52 97 100 -32 -97 -25 -77 -10 -44 -97 97 11 -88 29 -89 -78 -29 92 -14 -20 -98 48 -1 87 -87 51 45 69 -97 57 -47 46 -31 -68 46 81 23 -38 -54 61 12 -82 -29 -21 50 -55 -61
6 -23 21 0 -1 71 40 -44 -87 -52 11 27 -84 3 36 84 -35 -84 -61 66 66 -14 4 -4 72 64 -85 37 60 -100 -99 -2 85 -1 25 -32 -65 38 -46 -45 -32 -13 -49 91 98 -7 -65 -93 47 54 63 -51 -86 17 49 -47 -95 -60 -39 -43 34 93 3 6 87 29 42 -66 7 -62 -72 75 -84 -100 -18 20 100 52 -4 -89 23 66 -53 -17 -97 -53 0 -100 -40 -64 -31 -68 -60 65 56 16 69 -7 -38 -42 11
-4 -60 94 -9 -89 -97 -34 -59 15 54 94 72 -7 100 78 -51 -27 -95 65 18 -77 72 -99 12 -52 -54 74 -84 -48 81 70 7 67 -47 -100 -61 32 -53 -28 38 -94 39 -17 19 -41 -14 -87 88 -18 -98 81 -79 -74 -4 41 46 28 89 92 43 -28 -24 -2 59 -72 -19 41 -7 93 10 27 -69 7 47 -49 3 58 0 -7 15 -14 -67 6 54 -81 43 -10 20 -95 82 -76 9 22 30 25 -39 4 -82 -4 -53 -49
-63 -34 -72 100 21 4 -93 57 -44 -72 -50 -38 23 -38 -4 -59 -27 -90 -14 10 21 -16 -32 40 25 -47 -19 -57 -78 -87 -16 -67 64 36 89 -44 -2 10 -82 -75 -21 99 50 60 -36 -61 96 31 -9 -86 -90 -70 67 83 -88 19 94 -71 -22 88 55 -26 42 -20 -47 -88 48 -13 56 19 -2 7 3 -19 62 98 -51 23 -31 -88 -19 76 -5 83 -25 93 -42 28 -77 -29 -9 32 -20 54 47 77 90 11 14 -59 66
-97 -61 68 -12 -96 76 -45 -92 -65 -81 -34 22 37 -46 -60 44 -96 -43 31 99 -88 35 -36 -87 83 -36 72 -74 -95 -58 73 -17 -64 64 -82 9 -48 66 -9 95 -26 -84 75 73 1 -34 87 -25 -59 -30 -79 31 94 -28 93 73 0 -36 39 -68 57 62 28 -18 -68 -24 -5 -27 90 -86 58 34 -64 -19 56 88 23 71 -32 39 -91 44 5 39 27 -32 -26 -18 80 86 -68 19 91 11 -80 -8 -56 55 -91 -87 -11
-22 57 74 86 -23 31 15 -63 -85 53 -51 -4 34 -98 -6 33 68 -50 -43 97 -39 -31 -58 -46 -91 99 12 -92 -70 -34 -30 -76 25 81 39 -57 -27 18 97 -49 75 -92 33 21 -65 -53 50 88 -47 59 -1 -24 -19 -89 21 83 -48 46 60 81 -75 -27 53 48 22 -51 -27 -46 27 -13 16 72 -87 -63 -58 -38 86 94 75 22 -49 51 57 -26 81 89 34 -31 -52 37 -45 87 -31 83 6 -9 -86 73 12 60 63
-67 -65 -42 80 56 -28 60 12 -74 65 57 61 -57 86 49 90 68 29 1 62 97 57 -99 36 68 -15 -19 -57 -4 2 -65 -93 -52 14 -15 -3 -5 80 -14 34 60 -74 -77 -5 -70 40 -18 100 -95 62 42 -59 72 -71 -49 -51 -64 50 -6 94 -71 -89 -37 -45 82 47 45 -88 48 17 60 17 -44 68 71 -2 -6 -12 12 3 53 -67 48 73 13 -54 -57 41 18 -93 -32 -34 -62 40 -91 -73 -97 90 -13 69 15
-51 29 31 63 62 58 99 -1 2 59 50 79 10 53 88 99 -27 80 100 -95 6 80 19 -24 15 -32 79 86 15 -65 -90 -19 -43 -4 22 89 -99 3 -65 98 89 13 75 33 99 8 -43 56 77 80 -89 -95 50 -93 -11 -79 -70 -69 44 31 53 6 74 -61 -84 53 48 -35 -99 -74 4 -66 -71 -62 -89 91 -2 -35 -41 15 24 41 66 -33 67 79 -30 -98 -57 23 3 12 71 -87 -54 -86 28 81 -77 28 21
-99 -60 62 41 -5 67 88 -67 18 -100 53 -67 89 41 -85 -70 43 -31 16 -8 0 -4 -82 -55 -47 -36 -12 17 -77 44 10 12 -37 -58 -61 -16 -45 -74 -40 -29 30 -52 13 -51 -12 30 89 13 28 85 36 -60 14 -77 -100 -72 74 -25 5 -56 -64 -72 78 24 -47 35 -64 29 -36 18 -14 -51 -81 -14 -71 73 8 48 26 -21 -31 -95 -17 9 -61 -48 -53 74 -4 -1 -5 -27 86 -72 57 8 -55 67 -39 -68 -56
65 54 -35 -64 81 -46 -12 -88 1 11 67 -36 -75 -39 -98 73 -77 42 -64 53 -58 -29 -80 -47 54 99 64 -97 -65 4 22 -2 98 -16 1 48 0 -99 -92 40 -80 -66 46 56 22 53 -18 46 58 86 -96 13 49 -12 -60 56 76 -57 -52 -18 18 5 21 -9 4 26 -19 39 -90 -62 29 90 -90 -83 47 -26 79 2 47 27 17 -47 100 -37 -36 55 -4 91 -67 -51 7 -19 55 -18 59 -20 -30 -25 34 -10 -56
33 4 -65 -29 9 -26 6 -98 -35 9 -34 9 -61 84 -36 20 -24 79 -69 -38 6 -62 -22 20 27 71 -19 60 66 0 41 -29 20 -47 -13 34 3 40 45 -2 85 22 7 99 9 31 70 20 -18 -14 35 -94 38 68 -23 84 2 -45 -54 97 -59 38 -13 -24 -53 -76 23 38 -94 1 -93 46 32 -4 -79 -98 61 27 -46 3 -61 -59 13 84 58 91 -49 94 72 94 77 -27 -99 67 97 86 -48 -30 78 -14 52
-41 -1 -42 2 96 50 -70 -11 13 11 -45 69 -36 11 84 89 -100 65 -94 -79 28 57 64 -63 -14 -98 -84 95 17 -15 -90 16 -51 -63 -81 -71 2 -8 95 -49 78 99 75 -68 1 7 -100 75 74 68 -47 -22 39 -54 -9 39 69 -57 -21 55 62 -35 -57 87 -54 76 -75 -85 87 53 -60 31 -3 -75 36 -82 -37 -75 78 71 9 -90 -16 96 98 30 47 -6 2 -83 -22 -48 -99 -55 -19 -53 72 15 69 41 -27
-46 6 4 78 -36 79 -29 100 -55 40 -94 87 -84 -96 100 32 100 -36 71 -3 -37 4 6 80 4 -15 48 29 -63 94 0 -73 -100 85 -7 -12 72 80 32 -75 23 57 71 68 -58 -11 -83 72 -3 10 85 97 99 82 -12 25 -92 -61 65 77 65 22 -26 44 82 -75 -46 -93 -19 93 51 -14 98 33 -14 83 -66 -99 -62 50 70 27 -11 -60 -71 59 -17 23 27 8 85 -83 -39 -46 6 -10 -90 31 -96 96 56
71 -15 24 14 -44 0 -98 74 83 -59 -7 4 88 -57 36 -21 -85 33 27 47 -79 -42 -1 40 -51 -31 -73 9 46 -17 78 44 -2 -11 -59 -9 56 -67 -31 -9 -82 -49 4 -62 35 67 12 19 38 -54 -16 10 -89 -24 23 98 -45 39 60 96 84 -10 -98 -88 88 -72 50 49 27 55 19 -73 -43 -83 -7 -45 -21 99 -86 -9 38 14 93 46 61 -4 3 -72 92 -51 -65 11 -92 78 29 27 -52 57 22 32 88
62 51 13 -61 8 18 -78 27 -31 89 57 -75 74 86 -37 -18 43 -71 15 -86 -96 -26 45 -43 86 -86 -100 -53 -22 -16 48 90 -95 -54 -3 14 39 39 -65 85 -90 65 50 2 -62 58 -34 17 -16 89 28 -39 23 -14 6 -51 -39 83 -56 -51 70 -69 41 -62 -62 -9 35 58 92 -96 -86 -74 49 -25 -85 -72 9 80 12 -88 7 -79 -50 47 11 87 60 -43 36 -32 37 16 -50 20 2 -31 -1 23 -96 68 15
37 -24 -35 49 -51 100 46 17 -98 -14 78 33 84 25 46 25 -10 8 -33 -15 -10 -52 -93 -4 15 -95 -63 92 42 -72 -71 34 26 -16 18 91 37 -100 -20 -22 -31 -1 -70 35 -49 77 -5 -98 42 2 -86 28 -30 72 -5 -50 35 -78 -36 -27 -73 71 34 33 86 63 39 -98 -78 66 -62 61 -71 63 42 -61 54 -99 -84 21 16 -86 11 -12 63 7 13 57 42 -4 -13 76 -48 -61 83 24 14 -58 -94 82 58
-69 -95 -14 8 87 91 26 -48 4 -93 96 -79 12 5 -16 -98 11 54 33 15 46 87 -64 -36 69 16 23 11 -20 91 -95 0 -79 -72 -18 -23 -1 -24 5 -40 80 71 -62 -85 87 -29 -21 64 67 -7 1 -60 34 -67 -52 -33 -11 -23 36 -92 -63 -26 52 -1 -9 -88 72 32 99 -92 16 -30 20 49 -20 -76 56 98 99 -33 -43 -98 -77 85 81 23 -26 -10 41 16 -85 -27 -29 71 -98 74 22 -66 95 -80 -19
-6 53 3 -48 -73 -91 -43 -62 -7 18 -95 -53 -48 -57 29 20 -21 23 -27 59 -7 70 86 37 87 -82 -17 42 -30 19 -62 20 -21 68 -53 -10 58 -39 -9 23 -57 -27 -20 -67 -41 16 -9 -39 -84 -58 -42 29 48 81 -51 -53 -33 -60 100 -78 75 53 -62 -49 -13 -62 -79 49 -45 -38 -59 -67 77 -9 -65 -62 -5 -48 30 34 63 40 28 80 45 46 -5 53 48 42 74 31 58 0 -79 92 -79 33 -48 -36 -69
5 -8 97 -21 -47 -47 -9 23 -22 29 45 8 -88 -11 -32 76 -62 -84 -62 56 -86 -74 -100 32 -73 96 -37 -1 42 15 16 -21 -48 26 96 -52 -86 41 75 77 -9 -55 -44 30 2 -36 -34 62 -65 -44 -17 14 36 -88 6 -8 -70 24 -27 30 58 -55 -63 -72 -83 74 -21 -100 -46 -10 90 43 -86 33 54 34 3 -76 37 -85 -82 -13 84 -18 100 -16 51 61 -67 9 84 79 13 41 -86 58 38 -43 57 29 -97
60 -38 -69 45 29 23 43 -48 -19 92 -13 -16 -5 15 -67 50 -64 -16 36 76 -91 -38 -19 -16 -73 33 83 -28 -72 17 82 52 25 -13 -20 25 -39 -57 -37 74 58 -33 -97 -83 -75 -68 -43 -51 14 83 55 -82 11 -77 -36 51 29 73 5 -41 -46 -15 79 -51 -58 94 90 56 -93 -41 56 -10 39 -63 49 -77 -19 70 16 -83 -90 49 -41 -71 13 -47 39 68 -69 -37 -66 -75 -35 47 70 17 -18 -5 93 61 59
-18 -78 -39 8 -8 -10 -73 -49 96 78 35 -37 -77 -69 -46 -96 -83 30 23 -92 69 -27 89 -79 23 91 -30 -40 10 58 -59 -50 60 -30 -42 -52 68 -93 37 -92 19 13 95 45 -26 55 40 -23 -97 -32 61 19 92 -20 -52 93 20 -53 -61 2 -3 99 68 -57 94 -2 -20 -98 19 -30 62 0 38 -75 -90 21 28 -76 -10 56 33 86 -70 -1 -5 3 99 -19 47 -84 -59 -50 33 -72 2 35 -98 56 42 9 -66
-83 -45 5 -100 -83 92 -16 -44 1 3 -54 -32 -20 -54 60 90 57 13 60 -66 2 -3 96 -32 -37 42 50 54 41 16 15 -26 -80 17 9 -98 34 60 3 -70 34 39 6 70 23 63 -46 28 -3 -89 -11 -92 -12 18 -55 -50 56 92 63 18 25 94 -11 -22 22 -98 33 96 49 -46 -68 -34 74 13 -63 82 38 92 95 -21 -46 -59 27 100 34 -66 -90 -95 -2 20 83 -12 10 -26 44 -24 -60 48 -3 -78 84
-13 14 8 -22 74 20 -13 -67 -87 10 -57 81 -52 -60 34 87 4 61 4 -23 10 96 43 -43 -1 61 -21 92 91 -52 -83 99 26 -74 62 -93 -37 -57 68 -89 85 64 -40 22 -77 11 79 -89 26 -26 59 -68 81 -25 16 -16 3 -94 21 -1 -80 -35 69 94 -18 -53 26 56 -33 22 -50 92 -59 -100 52 69 72 56 -88 -94 64 92 17 -43 -76 50 82 -34 86 -21 -14 53 94 63 4 27 1 59 -91 -32 -32
