0.664498
-2.461438
0.907752
2.259348
-1.339685
-2.893289
-3.948686
0.340441
1.202225
-1.264573
-1.122121
0.259565
0.598106
0.626609
-0.411118
1.162500
0.516155
1.201073
3.050567
0.203870
1.662878
1.848419
-1.695481
1.016530
1.604913
-0.299723
-1.022076
-1.662780
-0.468120
-0.950618
-2.659310
2.789038
0.306463
-0.207261
-1.006176
-0.869865
-4.127092
-3.330866
0.731874
-0.252608
1.278537
1.446533
0.526706
-3.052402
-0.042502
-3.547847
-1.175783
2.935885
-3.366495
1.421458
-0.135745
0.665123
-1.992411
0.649672
-1.810710
-1.569647
1.104040
0.254560
2.211121
-2.355662
-0.139218
2.326889
-0.132698
0.529323
-3.135184
-0.845037
2.524327
1.947683
0.458596
-0.983125
0.499213
1.599544
0.706686
4.680074
0.120014
1.726698
-0.193904
-0.215980
1.249667
0.338069
-0.964502
-0.605711
-2.305829
-1.010886
1.226878
-0.745684
-1.690886
0.636816
1.128383
-1.538813
-1.790645
-1.918900
-1.670346
-0.355554
-1.485124
0.817400
2.418394
-1.317295
1.939870
-1.619050
