-7.519686
-10.972456
-6.482498
-0.287860
-7.915093
2.382412
5.266030
6.270493
2.793600
-1.339261
1.220219
-7.605380
-4.287767
2.530526
4.349359
0.678142
-4.889986
-1.090542
5.511096
2.239625
0.463180
10.279752
4.026241
-7.024597
3.101061
1.231845
-11.096564
-3.339185
-4.161690
5.338157
9.852228
7.248349
1.371879
10.445955
-0.140339
5.481066
4.244441
-2.506376
-1.537422
-0.655869
-2.273182
-1.647409
-0.071564
0.823792
5.222531
2.137786
-8.746329
2.783411
-2.825515
6.226710
0.814714
-5.508756
1.584652
-3.148350
-0.519397
0.266641
2.130315
11.632400
-1.243205
-1.599764
9.913111
2.525360
3.923825
-6.630522
2.207109
2.605454
-7.171628
2.682477
4.905392
1.114324
-4.692994
-2.799308
-3.395391
13.449168
-0.316245
1.789561
-2.542402
-3.819022
-4.360750
-9.439364
1.728432
-8.604351
-6.303807
1.256550
-3.793839
-10.871722
9.429972
6.812787
3.399666
-4.962500
-3.186418
3.464075
-2.076359
-0.593248
-10.482325
-2.853008
-2.228052
-3.568148
-0.132257
-8.454569
