0.221624
1.262981
3.031715
0.792459
-3.140596
-0.674639
2.077198
0.887220
-0.399443
0.082476
-1.562640
0.279524
1.334188
0.398198
1.062730
-1.675708
-0.827137
-2.093103
1.996144
-0.255942
1.217217
-3.688861
0.729285
-1.233733
-1.548543
-1.213011
-0.281160
-0.680854
-3.432267
1.918425
-1.489127
0.638461
0.292045
-0.472749
-1.150972
-1.136161
-0.465407
-2.253977
-2.063614
0.881901
-2.815327
0.765471
3.203558
1.796694
0.005841
-2.562726
0.836564
-3.284182
-1.024619
2.860802
-0.030244
0.614091
2.847394
0.129440
-1.612729
0.058821
-1.043900
1.913826
-2.318695
1.780351
-3.239089
0.422429
-0.281041
-0.714873
1.508121
-1.446715
1.029207
-0.158327
0.626687
0.747771
-4.112040
0.523897
0.190629
-0.467196
-1.552705
0.759192
1.955315
-0.015470
2.643390
1.923508
-0.738605
1.283403
-0.662557
-0.270253
-1.557409
-3.016702
0.499898
1.841257
-1.115820
0.102678
-1.631295
0.552761
1.504936
2.238651
2.123875
0.802698
-1.255671
0.596441
2.252000
-0.834495
