0.632675
0.848748
0.336587
-1.089025
-7.015163
-0.442433
-1.152760
-3.210918
-0.786817
0.357792
2.103903
1.307987
0.409413
-2.346041
0.594876
-0.314375
-2.297705
-1.749941
-3.346492
0.117006
3.422958
3.980385
-0.077307
0.513157
-1.384856
4.344522
-0.618476
1.387251
-2.073405
-0.102684
-1.808865
0.524578
-0.501261
1.610069
3.141322
-5.014943
0.523432
3.560443
0.207753
0.875191
0.514107
0.187276
-1.716901
-0.727271
2.723616
0.338872
0.691288
-2.090370
1.421081
1.065840
1.832871
-2.196494
3.832155
1.684580
2.284917
-1.376416
-1.122848
1.293653
0.010283
-0.535618
-2.438994
0.238382
-4.945132
-1.322659
0.123524
-2.480940
-0.815564
-0.408317
1.585016
-0.942683
1.401552
-0.182173
-0.986789
1.806418
-0.690091
3.378276
-0.527061
-1.185572
0.537169
-0.416149
0.148968
2.493698
-0.456808
3.271404
-1.564285
5.303344
-2.897829
-1.659024
2.378782
1.028362
0.877796
1.082928
2.596552
-1.836430
2.596532
0.332697
-1.747552
2.542815
-2.597413
2.405680
