55 -60 -27 66 -22 -96 25 -86 -23 -80 14 18 15 -4 32 -66 2 51 94 21 -32 41 -27 76 -79 -64 -85 -25 -35 54 96 100 6 22 45 51 -62 70 -42 3 44 -9 98 60 -76 -49 -59 -97 14 -91 19 -64 -20 69 -43 27 -4 -15 14 -41 -100 34 25 46 66 -4 28 -87 -4 22 -34 -19 49 88 89 -71 -95 4 11 63 12 -39 -64 -43 81 35 84 -60 1 -71 16 -50 -6 -43 -70 -78 91 46 -46 -21 42
29 10 -68 68 10 -36 -69 77 -91 -54 -47 30 -26 28 -6 32 30 92 -37 -6 89 8 55 -17 -33 42 -30 4 -46 50 6 99 21 -48 -73 -54 45 -12 -36 -7 -18 -50 26 -36 -83 -31 -63 78 -66 -96 67 -19 -51 -94 43 -93 76 -47 -78 35 -57 -12 -4 90 51 70 74 70 13 43 47 -65 27 53 59 -49 -13 -95 1 84 -28 -74 46 38 -43 -77 -33 -63 60 -32 -26 6 -44 -87 -63 75 54 64 15 -42 -67
-54 -81 1 -74 -2 81 -47 21 -67 -86 73 99 -96 -4 57 -23 75 -49 1 11 60 -58 -5 97 -45 33 -23 -35 -98 2 -82 86 60 -75 -35 95 17 28 23 19 -89 28 59 90 9 39 35 -40 -82 -95 1 -38 -50 -58 9 -67 3 -47 88 -14 73 -83 -42 -69 -75 -27 -34 -24 -72 72 13 62 13 50 64 -26 -87 -25 4 12 -75 22 -56 36 -54 9 21 -71 -34 -79 -14 -89 7 -92 48 38 0 -29 43 -74 72
78 -19 -42 71 -5 -50 40 -35 72 45 -11 9 94 24 86 -26 -9 -99 -29 -29 -75 -11 73 90 42 -77 49 -11 90 19 -84 56 -31 29 70 -9 -85 98 3 77 -29 28 10 5 -14 -83 -63 -86 -79 -69 -83 -4 87 13 -22 83 69 52 90 44 -55 17 -96 -20 18 -73 -75 -84 -69 4 -57 -26 -9 -82 -69 90 -67 -33 -8 17 -86 41 86 -19 -62 57 83 -9 96 -56 -53 -90 -10 30 94 -1 -92 -7 23 -48 -3
73 42 96 -41 -11 29 -63 35 83 -11 -20 -52 -44 17 -24 74 71 92 -21 35 -46 90 79 15 73 14 -38 68 95 8 -90 55 65 -34 60 37 -17 38 42 14 -35 31 -56 58 13 62 -22 -76 -8 60 7 -76 -28 31 -81 -38 -12 38 -80 72 2 66 -39 -74 27 -11 12 -89 42 15 -75 86 79 -91 67 -51 -75 4 83 -50 -66 -51 -23 69 -80 -5 -24 -57 2 -62 -35 -78 -76 -19 -25 -98 45 32 84 -10 59
-17 13 75 73 -7 -76 27 12 -22 -51 11 -58 -94 45 -82 -44 -40 -10 -32 55 60 -33 80 76 -1 96 -85 94 -62 91 -65 4 1 26 4 -62 63 -4 75 -11 -66 -78 -60 43 20 -13 22 89 76 -88 67 -66 1 55 -83 44 99 17 -75 45 -1 98 46 9 74 -14 60 -55 29 -34 -99 -60 45 92 -48 -67 -13 -55 44 -26 2 70 57 -14 -54 26 49 47 49 35 -97 -50 6 -76 -8 53 -86 90 47 99 68
36 46 -51 -87 -26 12 -14 -65 24 30 12 49 80 18 16 -97 -62 -1 -88 -99 -11 -11 -29 -36 31 33 -41 -93 -99 -96 86 91 54 -60 -1 -90 74 -76 -5 -86 87 -51 70 40 -8 -82 43 -17 47 -19 -88 63 -15 -29 7 -13 100 94 0 15 55 -68 -50 -10 -98 47 49 79 59 -56 -22 93 -40 -37 84 -5 -88 64 -57 -14 -99 69 23 85 30 -81 -40 15 -52 -28 -36 -37 15 -34 -95 86 -86 20 -30 39 2
-83 -93 64 -51 -6 -6 -67 95 73 -35 -32 -60 51 -92 -46 86 29 -79 -6 -12 -20 -70 29 -58 -81 26 66 95 -90 -84 -13 88 28 11 31 59 31 57 -5 -32 24 -6 -52 -74 -54 -46 -87 -8 -57 -36 49 38 80 -17 -5 -21 5 69 -19 -88 48 53 57 -99 100 -80 61 -17 77 80 -10 27 -16 -89 87 94 31 63 7 -18 -60 -76 -9 -40 -100 -97 -45 -77 -99 96 23 -85 30 -100 -61 20 -87 -97 -44 81 72
5 -76 -15 -92 94 36 77 79 -5 -85 -4 38 0 -33 -43 55 50 -94 -34 52 0 -20 -49 -91 -96 -67 18 84 -23 12 50 12 -66 76 88 89 -32 -41 -49 58 -62 79 -65 -7 -63 97 -42 93 -98 28 2 -62 45 3 83 4 -76 21 94 8 59 -87 -23 81 -94 -78 -6 -68 -83 -76 -28 92 -58 -75 84 -75 -54 -56 -52 -45 -9 73 92 -75 -77 -58 28 -68 72 -88 22 -54 79 -23 -25 42 -76 -16 93 81 17
51 96 -81 -32 -6 -8 -88 -5 36 0 58 66 -38 12 -14 17 -24 -9 -96 -39 -66 -100 -33 -57 59 69 13 -77 89 -86 -14 26 -75 60 30 -34 12 -85 66 68 29 -20 7 -86 28 87 -8 -77 -3 57 59 51 -64 7 -90 16 32 -79 -63 83 -35 29 -97 -19 85 -33 5 80 -84 20 9 -21 53 -73 -74 -59 58 90 -30 -26 -34 -24 9 -77 -65 74 88 81 -18 73 89 -60 -100 -17 55 18 -21 21 -3 45 -37
78 -58 -56 22 75 -91 70 -47 91 -99 -31 55 98 -83 -5 17 99 -84 -7 36 -40 50 15 62 -33 -76 42 23 67 -19 -94 42 -81 -39 -90 61 52 -71 13 69 94 51 23 -12 -77 -40 62 52 -59 17 17 28 23 72 -34 -59 70 45 -67 61 -24 -83 67 16 -79 -87 94 -2 -98 -39 19 37 -42 -66 -51 45 -25 83 11 29 -4 82 8 -41 -55 -6 -11 -16 17 -47 0 -78 -54 47 -96 20 -53 -27 23 65 -48
-48 77 -8 -52 68 -72 30 -22 18 45 -92 55 42 -73 27 67 -74 10 32 -47 68 36 0 -6 -72 98 -59 -32 57 -92 75 -26 63 -89 -82 22 69 19 89 45 3 -66 19 83 -16 -3 -57 43 81 1 29 -76 24 -16 -51 38 22 -20 -71 60 62 89 -17 9 -18 -12 -70 -90 50 73 50 -24 73 -96 -92 35 -43 -75 -5 51 -24 29 -54 6 48 82 53 -94 65 -93 48 -97 -18 35 -9 44 15 -70 -66 45 -75
29 15 20 -93 -95 -21 83 -64 95 23 60 -44 49 95 -84 36 33 5 -42 -90 63 -92 -78 -43 39 -74 -53 82 18 3 73 -88 99 86 -37 52 90 95 43 -58 -78 -99 -27 -27 -93 -82 -99 -76 -14 65 -27 -4 98 -59 -16 66 93 20 93 17 87 -36 95 -78 60 -56 -12 -26 -16 -49 42 9 67 -57 23 92 29 -73 17 90 -38 14 -71 63 -79 -20 1 -60 50 -41 -10 -21 -85 -42 91 -4 36 24 -49 -73 -92
-63 -55 -64 8 91 83 79 72 -5 -65 74 -64 -99 35 -55 -4 73 22 64 67 96 -74 89 37 -29 -6 15 54 -1 -25 -93 -67 37 -27 -3 -77 -22 -15 68 -30 97 -98 63 -82 -20 -92 -39 -60 -12 7 46 82 -1 25 52 -82 -1 33 -85 14 -53 -64 61 -10 -4 -7 -9 -81 68 49 -46 42 48 27 4 31 -85 -65 80 59 -13 70 54 8 62 -1 58 -88 67 75 -50 48 5 2 17 -48 12 50 -42 -7 -20
-66 -47 38 59 -70 -75 -17 73 -41 46 -16 -82 -24 -73 82 61 11 33 66 -41 87 74 6 -84 97 36 39 78 67 51 -9 -74 25 74 75 94 -63 83 -19 45 86 72 95 100 51 -49 53 -47 70 -30 -34 34 83 52 -52 -89 -8 -11 -69 46 27 22 13 58 -94 64 -70 46 -53 -11 58 69 14 -62 -84 -42 -32 9 -11 56 6 24 -85 52 -32 24 60 70 4 96 -91 -33 -78 84 -58 91 -62 -28 60 72 3
-58 -7 38 -98 -85 -92 74 75 97 39 72 -56 50 55 95 64 -65 17 -89 -42 -86 -33 46 -7 -84 -21 97 52 70 -70 -31 34 58 -5 -75 57 81 -86 -46 -86 65 -43 83 76 -26 1 14 47 -4 80 -21 -37 -64 84 34 20 3 -46 92 76 -38 -11 11 -19 -89 -76 -97 47 93 75 -73 -82 83 -55 -41 -13 -35 -19 -26 -5 -61 20 -31 37 10 -24 8 -49 84 -73 42 -78 -37 -39 21 -11 -17 95 -60 31 -58
-61 -35 -33 8 42 20 52 35 54 -48 -76 -85 47 42 54 44 29 56 -34 40 -4 -18 -54 -53 85 -44 -22 -82 25 93 -12 76 38 -99 60 -59 -13 -35 97 -29 -91 21 -15 -55 -26 31 52 -52 76 -68 40 -25 45 49 54 -83 -79 -69 -92 -32 -56 -78 -82 -79 41 -72 49 38 6 80 50 -78 23 -48 -84 -22 -18 -61 -77 71 10 -74 62 53 22 -19 -41 69 31 73 66 54 52 44 -50 -47 -80 -86 -58 85 25
63 97 -48 2 -72 74 11 -44 30 49 50 41 -80 30 25 -22 -84 40 47 79 65 67 43 0 71 70 -41 93 -20 18 21 8 36 16 -1 -54 72 -43 -21 32 -51 67 -79 65 63 64 61 50 -27 12 72 20 -20 9 48 100 -73 -1 67 66 41 45 68 -7 -92 22 -60 13 98 69 -22 44 -99 31 96 -45 -60 9 47 -54 10 -86 -30 -49 -93 -9 -73 2 75 37 -71 -73 -39 97 -86 -36 -20 -10 100 32 -11
-73 -34 -73 78 39 -98 68 73 49 91 1 -87 -46 -100 -17 -57 18 -25 -49 -3 31 92 13 -54 -86 8 -22 55 89 16 -92 99 85 -78 -71 -28 -91 -48 13 51 24 -95 -24 32 -42 -79 50 -27 61 -70 85 63 11 -35 -59 46 72 87 58 -86 28 -73 63 100 -65 -98 -89 -88 10 28 67 10 -45 -51 65 -36 89 -34 76 25 34 77 -67 87 81 -81 2 -34 25 -66 -86 -8 -56 -70 81 60 -1 -96 -76 100 -44
29 -89 94 39 49 -25 95 23 77 -59 -34 13 12 -5 -9 64 35 6 -41 -88 53 -55 -74 70 98 -6 13 51 -95 43 61 75 -54 -32 -49 76 -86 -73 -79 -91 -17 -51 -59 -45 79 -12 21 -9 8 -97 -84 -35 70 21 -38 -31 33 28 -82 -70 84 -15 -92 -61 21 -4 -7 59 -60 -39 -43 -6 48 24 -55 -6 -51 55 -15 -61 -29 -54 31 39 -63 52 -89 17 46 -59 57 -42 3 -92 70 69 -92 4 -61 71 -33
-5 0 -85 27 40 -85 -81 -7 50 -28 -71 27 11 54 -80 72 95 -83 -86 10 81 50 -100 -89 -2 -30 92 -70 83 -36 58 -12 92 21 -62 35 -88 95 9 -44 62 -23 11 -42 5 89 -63 2 -18 -69 -79 -68 -99 -85 87 28 79 -15 -48 93 -16 9 -25 82 -61 26 39 26 71 -84 53 -66 -54 -91 -42 40 -25 28 34 58 72 30 8 -92 43 -91 83 -75 -78 -28 58 -69 -39 -99 31 -41 0 -64 -88 6 93
-46 94 -81 12 -38 94 -1 36 -74 -56 30 0 -21 97 -64 -8 -38 -13 -65 -69 -3 43 45 -15 18 93 -53 -90 -35 25 28 9 -23 -14 -28 -56 -92 -63 88 91 -72 61 -27 71 -29 2 38 67 32 -41 33 57 -27 -7 -37 50 -32 67 95 31 -69 -51 8 -8 -94 -7 75 -35 22 -88 -98 23 40 -95 -61 59 -17 46 -7 29 35 88 50 78 -28 -43 89 -72 70 32 -15 -91 16 90 -56 -83 36 51 -72 -97 -73
-31 1 78 65 33 67 -56 76 27 -10 -73 54 49 61 -30 9 -9 15 -49 66 -76 61 -18 75 -55 -87 95 -4 77 -96 -11 -85 39 -94 -41 -1 -65 47 72 66 -92 95 -50 39 -100 -51 92 15 -91 -52 -28 16 21 -96 2 99 -20 62 88 83 -85 90 28 24 -8 49 84 21 34 -19 -73 -29 42 26 -98 -50 98 34 86 -69 -54 7 -58 -12 -39 -21 -18 21 25 13 -12 31 46 36 -74 -33 -87 -53 -33 52 -50
-26 -49 28 -16 -70 11 48 25 -58 -47 57 -80 -57 -16 -33 -100 44 80 67 -19 98 -13 91 5 -84 43 -49 54 31 -70 21 -51 -9 34 51 35 37 -41 50 -98 -93 -97 92 -1 4 25 78 -85 92 -40 -75 -73 -48 39 -21 -19 -10 -6 91 79 40 -5 -87 41 -6 92 40 69 16 62 1 30 83 -68 85 -2 64 -66 18 -15 -60 -33 21 18 30 61 31 56 -40 48 -30 82 -89 -61 29 36 67 97 -49 -51 -47
-14 87 87 20 -15 -70 -89 -77 -45 -26 76 -45 -63 20 -48 -14 -56 58 38 26 -6 -84 35 97 21 2 4 -32 60 55 -11 95 -100 100 -46 31 -92 -15 -7 8 -41 27 -32 54 58 68 85 14 -52 12 87 -94 -2 84 89 44 -96 45 -41 -36 23 -43 -37 -25 74 27 12 -84 96 -92 -47 -77 -49 -77 -53 41 76 76 -83 -96 -43 -94 35 82 1 68 -48 -46 34 -83 24 -67 42 -71 26 1 -51 -82 3 36 -8
-43 80 21 -3 41 -83 -18 -72 34 -91 60 -37 -26 54 50 -37 -80 70 -44 -38 99 16 -69 -89 -26 -69 8 -8 44 -3 -72 -79 63 -7 58 59 -99 37 87 59 7 -13 83 -3 85 79 56 -97 71 98 85 -19 20 34 -34 -52 100 -21 -43 45 -1 -44 99 -52 92 -32 -50 -30 40 -66 4 -85 68 19 -6 7 59 -61 37 -47 -100 95 59 69 -8 56 93 84 -62 -4 86 -21 29 78 -35 60 -74 -100 62 -75 64
20 53 -9 -36 -37 -45 66 -42 -40 16 50 82 -3 -32 -44 -40 77 -33 52 -45 -29 11 -35 -78 -34 -4 49 -10 28 38 28 -7 -97 -48 19 92 -69 -53 83 77 53 58 33 28 41 -19 -84 28 45 -41 -46 90 65 -43 37 -63 63 68 13 70 29 51 3 -69 -74 -62 2 -89 -83 74 52 71 -85 94 -47 -14 34 12 -32 -27 -36 -76 -41 36 4 49 72 -54 -62 42 -79 43 -14 -53 15 58 17 -77 -24 -33 -74
77 96 68 28 80 39 -13 47 -37 -33 97 83 52 54 91 -67 31 -26 48 -20 -36 69 34 82 50 57 -41 -77 88 89 -50 43 -35 -58 20 38 -99 17 -74 68 78 -45 -37 53 97 51 -11 45 -17 -95 97 26 -81 -100 -92 -56 -13 -72 -45 10 70 -82 -23 76 73 -64 -87 61 -100 -57 -34 -18 30 -66 -9 81 98 1 35 -83 9 -42 21 69 28 97 95 -26 97 -47 -54 81 45 34 43 1 68 -58 34 7 -98
93 10 -53 -51 78 7 15 -35 -96 -70 61 57 -49 71 -16 16 -84 -44 29 90 74 6 -97 -89 55 -56 79 34 -31 -26 -35 31 -6 98 34 86 -31 58 17 -57 16 24 -65 -58 -84 -87 41 41 85 -19 -81 -56 21 -37 -89 56 91 30 -30 68 52 -83 -45 6 49 77 14 21 -84 69 92 -38 24 -41 -53 54 84 -12 35 -36 -25 65 94 -3 76 -99 97 -97 52 -88 9 43 31 -91 62 -61 -26 -74 50 68 -91
33 26 -88 -94 97 -76 30 93 18 -64 -87 -50 -25 -85 -40 93 -94 -1 -91 71 70 82 -65 -40 -71 48 68 34 55 98 -66 50 95 -54 -5 -67 -28 -19 88 -88 -46 -92 -55 2 66 66 15 68 -36 -20 -32 2 1 -3 31 86 -92 -100 -85 -28 51 28 95 -2 -50 -35 2 -47 71 -97 81 63 58 -58 -4 -88 -44 70 73 37 88 77 -62 90 24 -64 -95 12 79 18 -8 -60 23 63 -80 88 -34 17 44 21 99
-62 98 36 -69 15 53 0 -78 94 28 -92 83 -24 -28 -36 27 95 79 -98 -34 97 -42 60 77 -32 46 -24 94 -76 -55 -94 -86 27 59 -57 -14 58 33 76 -55 53 -85 45 -47 41 -22 -36 21 65 -71 -20 42 -8 45 90 33 -48 8 -78 -90 62 -59 44 89 68 81 2 1 77 13 -26 74 -82 92 61 15 49 -93 -53 -16 -42 7 83 -25 1 82 96 91 43 -15 34 54 71 -91 -81 20 8 -24 -56 54 67
86 -23 -58 -95 -73 60 38 -62 -90 79 32 83 29 -91 63 -25 23 62 1 -82 39 -64 -50 57 52 -63 73 -62 89 -98 -32 38 -50 -47 -62 -71 76 -34 65 -31 93 31 -97 -45 96 52 5 -91 -68 34 -26 -88 35 -99 54 -19 -38 -91 49 -47 -99 58 38 -71 16 -72 49 26 3 -18 -47 80 -10 -13 -57 -72 83 -13 -21 -27 -9 94 -38 -65 -15 70 10 -75 36 95 10 78 -99 -22 70 73 -14 -70 64 10 61
-79 23 -9 1 89 -49 -49 -43 89 89 53 -77 54 -60 73 54 -63 -19 51 -40 14 51 29 30 15 40 -85 15 87 72 53 65 60 -16 -34 30 64 45 -53 -73 0 -20 65 66 -47 -85 -64 -68 -70 43 -27 -83 89 66 23 100 88 -34 3 -37 35 73 100 70 -27 58 -81 80 -11 -48 68 -5 11 73 -58 68 4 94 19 76 -16 38 -74 -36 -25 -10 -17 -93 -98 52 68 100 28 -34 1 59 -83 -45 -88 22 -27
-84 -34 -83 -39 21 -39 60 89 -99 92 12 -79 11 -31 23 56 -91 39 5 -51 62 0 -15 -99 47 11 7 26 -38 -7 26 70 18 -20 20 -12 36 78 -19 42 -73 -37 -79 -16 29 36 -4 -89 44 -9 2 41 99 -14 8 -83 29 89 70 65 98 47 4 95 36 96 -73 -60 11 75 90 98 88 4 66 54 73 36 18 -61 87 -21 77 92 -95 -54 -50 -18 -45 -7 -84 -63 -65 87 9 -43 -5 -61 -80 96 81
-66 -34 -74 95 -60 -59 -32 39 -16 -30 -48 -100 -85 -25 -40 -31 87 -51 -76 29 80 -58 82 22 -36 -45 -93 -10 -86 98 46 24 -36 19 15 -23 5 -56 86 -10 -45 -47 4 -57 39 18 92 10 26 33 57 74 7 -66 86 43 -30 99 -17 39 73 -35 -65 85 17 -41 -11 6 15 36 -67 50 -69 52 -16 37 39 12 -74 57 -35 55 24 16 30 19 65 -26 -2 17 -86 61 35 75 -90 70 -29 65 -88 59 -87
-42 -52 -30 72 100 -60 -62 55 -69 37 -98 26 -50 -51 -30 45 -64 -99 0 63 -13 -49 91 -11 8 46 -82 39 -3 -36 92 93 -67 69 -45 -22 -11 68 -75 82 95 33 -65 -79 -86 -35 25 -42 82 52 8 21 38 28 17 77 10 -28 18 24 84 97 40 -48 -80 27 -47 64 -46 38 -42 -96 32 78 50 -62 -88 -78 33 26 37 4 76 -30 20 -37 62 -32 -49 -22 -45 -7 -36 -25 -29 5 38 16 -41 -9 60
44 59 96 -20 -8 -77 56 15 92 -14 56 77 -90 -10 -8 21 14 24 -75 -95 -71 72 -99 34 -71 -49 -47 44 74 -32 81 46 44 -73 32 27 9 -80 23 6 -63 9 -100 -89 -43 -34 84 -60 -59 60 -45 89 11 71 -74 91 33 94 57 98 -94 1 -39 -20 -74 -22 75 19 89 35 23 -7 27 -62 -23 30 6 23 89 77 28 87 41 82 24 -16 -12 -98 -85 -39 92 97 78 -20 -60 -45 -94 24 -83 -93 -89
-25 -2 36 19 -22 -98 32 -49 81 32 51 17 -19 -75 29 22 -60 -36 -23 94 16 -82 2 13 73 -62 -79 -49 69 85 50 47 21 -76 35 95 -79 75 92 77 -79 -72 -78 -67 99 55 -87 33 31 25 -60 -12 -25 -31 48 92 -45 66 -7 85 -37 -21 -63 6 22 92 36 -69 71 -18 -52 -52 -15 -12 -66 45 63 -33 -77 67 -90 36 88 25 -100 -20 70 61 5 -15 30 32 -76 -34 -30 -51 17 -7 -62 -4 -30
-22 -66 -66 -16 54 -93 -18 -46 41 -100 -59 -60 -25 -17 16 -46 73 -17 1 -44 97 -3 90 -72 -50 12 -95 -43 -48 75 -95 -79 4 -30 61 76 -63 24 -39 -83 13 -40 17 35 54 -27 -75 -71 -77 31 25 54 40 50 32 36 -74 15 -66 58 35 -95 54 -97 -41 76 -11 -22 60 -7 53 -17 91 21 12 -64 -60 -37 -80 -72 -39 82 -36 -34 4 -27 30 42 19 -53 -95 90 -54 -86 -43 -32 -29 -81 12 69 -58
-2 -4 83 -45 9 10 65 -37 -84 -40 67 -88 -98 -42 -22 96 -82 0 81 -95 18 22 32 94 49 -68 -70 -4 78 43 34 -29 70 89 47 -53 66 89 35 73 -12 64 69 9 81 60 91 -70 -25 22 -24 -75 -53 32 35 -62 84 -9 -67 -49 43 -1 65 53 95 45 15 78 -17 89 -66 -8 40 -20 -10 4 52 -51 -30 23 -68 77 -77 37 77 -82 -55 -39 13 -5 36 -26 47 56 -65 -72 56 15 -47 -1 21
-76 88 56 48 -20 -20 6 4 -89 -89 9 38 32 71 64 95 50 -95 72 60 -16 -39 -97 66 29 90 -18 28 -8 -92 87 -91 -87 -82 -80 -37 63 27 19 -67 75 9 -27 -100 84 24 -68 55 10 30 62 13 1 13 -52 11 79 -52 -3 -15 75 -96 -38 96 100 -7 -54 24 1 -93 -15 -81 -18 8 -93 55 -15 3 88 -16 -45 -59 -78 -67 -89 87 -25 -9 -94 -61 -53 -15 -9 -63 -54 80 -62 91 51 11 82
-86 59 -92 -25 50 -27 -34 20 -23 12 -1 40 -73 -72 -97 22 44 48 54 -84 -87 31 64 -24 51 -90 17 29 -82 13 92 -71 93 -49 99 32 -84 61 -41 -43 77 56 100 28 -83 40 -15 -83 67 58 54 86 98 73 77 65 -51 82 -83 -52 -31 18 -68 2 -60 -42 4 24 68 -50 -16 -74 70 20 -15 69 41 -45 -42 -9 -53 -90 75 -56 85 22 14 34 19 -87 -63 -98 75 -78 -100 -65 -87 98 -79 18 61
53 38 72 -49 -85 74 89 -27 98 60 -36 52 9 -23 -86 85 65 16 -35 -34 37 18 -33 94 -58 94 16 -45 -75 83 28 -23 84 56 5 3 80 12 -67 88 -96 -96 87 92 31 0 58 63 33 87 86 -11 -86 -34 6 -80 -21 8 -14 1 -8 -24 -97 -88 -55 24 -46 27 61 -88 -43 28 47 -13 98 84 -34 -43 67 -45 -47 6 -55 96 -39 -57 7 93 3 -86 35 -35 79 -3 -97 87 74 -14 67 4 -48
24 56 -51 -96 4 25 73 -88 4 -69 -20 29 -77 67 -3 76 -52 -72 23 48 -73 -83 -71 -42 62 12 83 24 84 88 -51 97 94 -19 -86 -21 -87 7 96 28 43 86 12 47 -69 52 -7 96 61 -97 -100 6 -86 44 -88 30 82 -59 0 -71 -57 92 9 -82 -9 -41 -89 4 -98 -52 46 63 -93 92 25 -26 88 39 94 -52 38 -20 75 43 -27 82 -70 69 10 -46 -57 -9 88 -92 49 -55 -64 37 -99 -21 -59
-39 85 55 -29 -32 70 39 78 -88 89 -97 83 -32 61 94 -51 52 85 45 -11 70 34 -58 43 47 83 -31 22 70 -19 39 22 21 -49 -24 -10 8 97 -47 65 97 61 -65 -55 11 45 -63 43 76 77 -9 44 -49 -52 27 86 43 -41 -45 12 46 -95 97 100 -15 77 -98 -84 4 -79 -34 -66 52 1 93 65 -84 37 4 -61 24 -2 42 64 7 -69 31 -56 -84 -32 92 -26 -56 -80 -24 46 22 95 62 -30 -82
-55 -33 -11 -15 92 4 26 -37 -47 -68 -14 67 43 54 -93 9 -1 -79 65 2 31 -33 50 -11 15 80 46 -57 45 -20 -22 47 37 -57 28 47 78 -64 77 -21 41 -68 -57 -11 -52 -66 72 -52 -46 47 -96 1 -19 -61 55 -54 98 35 -6 -39 40 -61 97 5 -35 49 83 12 -74 -50 55 24 32 99 -75 -46 59 79 -20 88 47 31 65 -64 96 -65 35 -2 61 -55 88 -76 -78 -68 -80 56 -71 -62 -13 28 94
89 85 23 -85 27 -14 -24 28 58 -60 41 69 -96 -89 -54 -87 85 43 -58 24 34 -47 41 92 -59 43 67 -55 -94 64 -54 79 27 87 25 37 -26 100 43 -24 -28 -93 -88 55 -40 26 -80 41 94 42 48 8 -48 67 -28 17 -55 -2 100 -36 -65 -45 97 -90 -4 96 93 22 -42 -69 -31 -78 -54 73 -91 44 100 47 -14 -45 8 47 -21 33 -46 95 81 -73 27 -73 98 63 1 -13 99 65 -87 -54 -80 2 31
17 66 -32 -47 61 -50 -93 -16 -85 -14 33 -7 19 -20 -68 44 -60 2 2 -4 83 60 -77 19 -61 -47 -23 69 -91 24 65 -26 -82 -23 13 -75 -18 66 -46 -2 -28 20 -74 -64 -69 -81 -23 70 -60 -37 37 -32 -44 -26 -25 -2 50 45 63 31 20 -65 100 20 -81 39 -13 67 21 90 10 -94 -91 -55 -76 67 -20 -30 43 -16 63 -5 -24 81 -89 -14 15 -16 -77 41 -29 -99 87 -68 34 0 -24 29 40 9 100
45 66 21 52 -25 -44 -83 -89 66 -21 70 31 84 -58 14 -39 72 83 -53 55 -74 61 -36 92 90 -91 -45 35 -98 39 -81 32 40 9 -13 82 14 -46 -81 -9 -70 13 -83 -86 87 9 -52 68 -33 75 -69 3 96 25 83 54 -19 52 -28 -96 -38 -80 76 -90 89 -9 -24 79 62 -13 -16 51 28 -6 76 -21 -88 -93 -36 72 52 -86 12 94 83 8 71 -98 -53 -61 62 -32 -58 -11 -70 -23 30 -61 39 61 10
-95 -58 37 -40 50 -95 -86 -33 71 63 67 -67 -29 75 -77 84 -87 41 -7 -54 -93 -81 -69 -8 -68 -95 51 99 27 -51 84 3 -56 -64 44 11 -79 33 -37 -80 -52 -51 -92 92 10 -44 73 -79 31 9 43 25 -73 92 -28 -70 -48 87 57 -57 40 96 47 -15 -79 -60 81 -17 -35 -64 43 -9 -59 41 -23 46 58 -29 32 -86 -29 -25 23 -58 90 11 -22 -20 -42 57 -82 73 84 -93 3 -35 64 23 -29 61 77
-99 -92 -97 -51 -54 70 -63 -100 34 -40 -15 70 18 14 19 -10 -58 7 -48 97 -24 47 42 64 32 -55 -20 -94 -85 100 -96 7 -75 64 34 -40 -47 75 -11 72 -94 -23 74 -16 54 -26 68 34 61 45 -74 56 94 63 -44 28 -2 -99 56 -91 -6 -66 -80 20 77 64 -53 25 13 -23 -67 76 77 -27 18 62 -70 -77 38 -47 -99 -26 59 -72 -10 -38 67 -91 -81 -41 4 -27 -76 -15 59 -59 65 29 77 -28 94
5 -53 -12 86 29 -92 -44 -77 89 -78 24 40 71 87 98 -94 -56 -34 41 -19 26 -22 -87 -34 60 -71 -65 -55 -33 46 -96 -18 -59 -68 77 -53 -15 83 -96 88 -89 83 21 -28 11 55 12 -34 81 12 47 65 -38 -46 66 -90 -10 82 76 40 -45 91 15 -33 -48 52 43 13 43 -96 61 95 -24 55 -55 -43 75 -43 3 62 -72 60 -55 35 93 -7 -13 -33 -84 60 -94 29 -43 -1 99 -43 17 14 40 -25 -58
-42 -98 27 21 -82 18 97 -49 33 4 -53 84 17 46 -34 81 -69 -26 41 9 26 84 99 99 88 -5 9 -68 24 30 -90 -63 -75 88 60 -50 27 -84 43 52 37 -87 8 85 -25 -36 -96 -80 86 75 48 -14 84 -97 -25 -1 -41 2 36 38 64 -45 66 37 30 49 -99 90 94 29 81 -77 25 -95 21 -8 90 -50 43 -95 59 87 -2 -43 35 -74 -83 -35 -18 -44 -98 -66 -24 22 -39 42 -42 -76 -86 67 80
-85 -59 91 -87 62 -3 -38 65 47 -7 55 -50 87 -38 -15 -94 -68 -71 89 -57 -43 70 -42 77 -19 -5 -5 43 -27 -88 1 -73 -33 24 -45 14 -43 -46 0 65 -30 15 -83 11 -45 92 -88 59 70 -56 29 10 95 14 95 -91 -74 -67 -47 23 33 -97 56 -78 76 -42 19 -67 -98 58 -85 -96 95 -32 -65 -60 -24 11 -91 59 -25 -47 -11 13 59 -94 55 -97 -92 82 29 20 7 -11 42 -62 -89 -11 18 40 -68
38 -22 -58 92 -59 18 -28 79 -50 37 73 29 80 -22 60 25 18 81 87 -75 38 -2 100 40 -77 -10 51 -41 44 24 94 -47 4 -17 -38 65 -15 23 82 -17 -63 96 -55 80 79 -47 97 -51 31 80 -92 -87 -52 -62 -54 -2 84 -93 -16 -46 -35 -48 -22 -47 -58 44 77 39 -6 0 -70 98 -86 21 -3 -95 65 2 26 -20 -7 -32 52 23 87 4 -60 -78 51 88 -18 7 63 97 -86 82 -44 -25 90 15 62
99 61 9 -12 65 -100 23 94 -20 77 -71 82 -83 20 19 -49 -54 -7 -87 27 86 45 29 83 1 -79 -42 88 96 19 71 -24 92 -55 5 -14 -23 73 -90 72 -70 -74 0 -77 34 -83 97 82 43 -16 73 -69 8 -14 52 30 7 -36 27 -41 92 96 11 17 -2 -61 51 -89 74 18 54 -93 60 34 85 81 -33 -77 -71 40 37 10 -16 -83 23 47 32 19 87 -9 -83 90 -66 -68 -57 75 -64 73 -22 -10 84
94 -76 -37 -46 -67 88 -28 -8 15 79 36 -41 -47 94 -39 -60 -46 -52 -20 -73 3 10 25 31 -95 61 -60 -19 -15 62 73 88 -98 -56 12 -88 86 56 -13 84 24 6 26 0 41 70 28 51 -76 95 -31 -92 -32 -59 67 20 -5 7 73 -25 -96 -20 38 82 18 -58 -17 63 76 98 95 -45 -7 -63 79 -89 -72 52 -97 -56 -18 -40 -72 15 -28 10 -18 71 -88 -7 -96 -53 1 39 -86 23 97 18 63 -35 -16
-43 97 -91 82 41 -42 -41 96 25 89 -14 -60 -52 -22 36 72 -54 -3 41 91 98 -75 -89 -56 -74 85 -17 60 -46 0 6 91 62 76 -36 25 0 -52 -84 -38 9 72 -74 -100 88 -5 0 47 -89 -83 -81 72 -32 28 16 13 74 79 -7 -39 -33 -78 8 -80 77 27 47 56 -9 -22 -100 -11 -33 -18 71 -64 -28 -14 74 -69 -74 15 29 42 79 -47 -77 0 -20 75 49 -24 -95 5 -54 45 56 5 -29 24 56
-20 -4 61 25 -32 -55 68 60 -13 94 21 14 -31 -18 77 85 -56 69 82 95 0 -1 4 24 81 -89 90 92 71 -51 -52 -93 -12 -58 -74 -75 -56 46 41 9 8 85 96 23 5 -66 78 70 -1 -27 -60 14 10 27 64 -77 30 11 -16 53 99 -96 -99 -86 61 3 -4 -38 97 56 -89 78 -56 -26 -11 16 -13 -86 -14 -30 60 -89 -56 55 53 30 -12 -96 4 -51 -47 11 18 -28 66 -64 -63 46 43 18 -91
97 -100 -98 100 67 -58 69 -96 36 15 44 -74 71 36 69 33 -54 38 53 67 -26 -93 14 -74 -97 36 -55 -25 -44 -15 65 63 70 -31 -93 40 55 -87 15 55 -24 33 59 48 -17 -53 -25 -48 -64 63 10 -28 -8 -85 51 -53 65 -74 64 58 -74 83 29 9 26 -82 -86 48 -13 76 -14 -42 37 100 -95 0 57 47 2 84 89 41 55 -51 -30 -81 -68 -77 -22 -4 3 66 -79 -58 79 -18 28 73 -90 -84 94
-85 2 48 -12 83 8 -66 -88 -81 -69 -11 6 -40 100 26 47 81 3 100 30 9 40 -35 -85 -58 -28 22 -88 47 -92 54 12 56 -79 30 -16 -45 31 13 -99 77 41 85 -67 100 -98 20 -85 -94 -25 43 -8 40 -67 -20 94 -3 -17 -47 42 -11 87 17 -26 -3 -81 94 1 27 53 -27 -39 -55 38 37 93 -5 -18 77 -76 48 61 -5 -56 94 -8 13 -61 12 46 59 99 75 -46 21 46 34 52 97 -86 67
-42 92 49 -88 7 90 37 -77 -95 19 90 -95 36 -76 -80 54 51 -39 6 -47 -19 77 37 73 -43 -69 31 56 -64 -93 100 75 7 -34 -75 -91 -49 -7 34 -69 57 50 -74 -100 -48 90 -52 -56 -71 60 22 4 12 -49 62 0 20 -64 -50 59 -5 18 58 -66 -37 -89 59 -84 26 -78 -69 6 12 -58 87 -32 -59 -30 -19 -5 43 6 -18 19 26 37 52 73 92 34 91 80 84 -35 97 -48 76 -74 -63 -44 -3
54 7 -25 -48 96 12 1 27 93 76 28 66 -77 -89 9 -15 -69 9 -83 -76 -67 46 4 -75 -4 40 6 -36 97 -72 30 43 -52 61 -41 -32 74 -98 -23 36 -53 76 86 -35 -88 -35 -1 51 68 -24 44 -28 -92 91 27 10 -92 73 -18 3 -81 -54 87 -56 92 19 65 45 7 -23 74 77 67 75 45 95 -93 -90 -45 26 -5 -90 -21 11 -64 59 84 30 -18 61 -45 -11 4 -71 -15 -93 -12 -31 -78 -82 22
14 51 -41 45 -9 -27 85 -79 -20 -68 59 -85 19 92 -56 14 -51 -100 96 -92 -30 13 -70 -71 37 88 -7 -68 58 -52 -21 93 42 -34 64 74 -54 26 98 -65 90 -43 82 -11 -16 37 22 -9 42 29 59 52 75 77 56 37 46 90 -75 -42 -95 -41 -71 -77 69 73 -73 21 -66 88 -86 69 24 -28 92 -71 44 -60 55 -1 -88 -56 20 -98 72 -57 15 -21 82 63 -49 88 21 -35 -42 73 49 -35 20 36 92
53 -22 64 -74 45 34 5 -10 -77 51 -75 -2 14 76 16 -5 25 -65 37 -65 -76 2 10 -62 -1 -81 23 -64 64 -20 -93 -84 -65 34 8 -76 49 17 -48 -49 -61 100 53 -43 -71 -34 -30 49 23 93 72 73 1 10 27 -93 -32 63 13 -54 -1 73 -91 18 -65 11 -54 52 -26 -67 -19 87 -7 90 -91 -75 31 38 93 -24 94 70 99 -12 -96 -34 -37 93 -59 -19 32 -57 -75 25 74 38 12 40 7 69 23
-82 65 14 -5 74 92 -7 39 35 28 15 -3 -9 40 -38 42 -71 -15 12 -10 -28 -84 58 70 -7 -43 -83 75 -23 69 23 4 -31 -99 -85 -17 27 39 -20 -12 53 -98 -88 30 59 -36 -5 -85 85 -16 -74 -15 -80 -47 27 25 29 -78 88 -58 23 -14 100 -72 -59 77 -20 44 42 -74 -61 65 64 -66 75 73 -70 -31 -80 1 -93 57 15 3 26 -88 49 -31 13 -28 -15 -47 -31 -64 45 -84 -75 16 -4 17 93
-43 72 -85 90 -60 51 22 38 -98 8 -47 67 -92 18 -27 36 -12 20 66 -12 -71 79 32 -28 97 93 -31 42 -88 30 -51 -69 -4 -37 -25 69 89 73 38 -48 16 43 -92 -2 72 -58 -3 99 55 50 -9 -58 41 -86 -29 44 96 -31 -6 32 53 -13 12 -24 -49 9 -62 39 -21 26 -41 -25 -33 0 -29 -56 73 -2 18 9 13 81 12 -98 -47 -46 86 76 -92 21 87 -20 -58 -5 20 -19 43 -35 32 -53 78
14 93 -74 87 26 -41 -66 -16 -53 53 20 3 -65 47 80 -83 58 66 48 35 -6 -39 -4 -56 23 80 70 16 40 84 16 -54 -93 15 95 25 80 -85 -44 -86 92 56 -21 -72 99 18 57 -50 11 -74 -71 16 -85 -93 41 -83 100 -88 -86 43 24 47 36 -70 -74 -2 -4 92 -85 86 72 -19 -16 42 28 43 50 -59 56 -61 75 66 -80 -15 58 -86 13 61 -26 62 -90 72 -68 27 -95 50 -98 83 82 -15 71
-48 37 -72 54 96 -37 74 91 27 -29 -32 -64 35 95 61 17 94 -9 -66 -67 21 95 -63 38 96 18 -30 69 48 40 19 68 -92 -55 -36 -67 75 -7 33 -52 -70 -13 -24 90 -26 66 -24 16 -60 -80 -64 -13 -31 48 79 15 28 -11 31 -35 -10 47 -78 -15 -27 -15 64 -59 90 -72 56 -88 -45 -38 -8 33 86 92 14 1 14 -51 -87 -30 -35 -93 33 -17 48 -79 94 69 24 -91 9 -69 -74 -56 -56 59 -39
-86 -35 71 -40 86 93 57 62 85 -67 -15 93 -71 39 70 -62 -46 -23 -86 12 94 97 38 56 -33 -70 24 -44 87 1 39 -95 49 -8 -64 -16 14 -59 -30 32 48 -30 97 -99 28 55 61 51 93 -84 -90 -9 60 75 93 -39 74 -57 -49 -72 95 -38 -78 59 41 -92 -93 16 43 15 32 100 15 4 -78 -30 44 -7 -38 -93 -6 -61 -30 33 26 53 -5 55 -81 74 40 1 -5 -24 -97 73 54 44 -78 -81 81
-35 -68 -98 61 -37 11 94 -32 81 -35 43 -36 2 58 -27 -98 -89 -27 -24 -47 -17 78 8 -54 93 -1 -86 -94 56 -51 65 -38 -72 96 -53 32 -60 -62 25 64 -99 46 34 -34 -15 18 -40 63 -76 65 25 8 50 89 96 -55 5 5 -20 63 -47 7 -33 0 -32 -78 97 -64 74 -83 -79 6 65 -88 -88 98 -95 -86 -83 94 -70 81 16 -94 76 95 -65 -64 1 71 94 -81 -99 5 -73 -88 -58 67 -85 59 -21
90 51 -19 -71 -93 -14 33 91 67 19 22 10 -52 -29 52 -100 -96 -75 -5 -39 -71 -85 33 -25 -16 -57 8 -81 -50 92 -12 68 49 -30 96 -16 -8 92 46 60 -20 79 -64 11 1 -65 78 62 -68 -40 19 14 80 0 7 41 -42 -72 64 92 43 -93 36 44 -40 36 -31 -99 -26 -70 30 45 15 -61 59 91 -14 -51 -64 -42 70 -61 2 86 -71 -25 81 26 -89 2 -83 76 -55 -13 -47 -16 -55 -55 -72 -99 41
-70 -48 -71 -12 -58 -8 -84 32 -67 -94 5 75 -67 -23 -83 100 -94 -25 90 -67 16 14 38 59 -99 -43 -82 59 10 -47 -75 90 -18 -89 -93 -50 21 -68 -95 -64 30 -73 -50 -67 -16 -69 3 78 -24 24 -13 -36 -89 -56 49 68 58 -94 94 -3 -11 12 61 -37 75 -6 -73 -89 -51 -9 -81 -34 -24 5 -8 -65 78 -23 -36 67 -54 -63 77 87 -98 -92 38 90 -49 -95 -41 84 -24 -84 -69 -23 61 -66 -35 65 76
26 1 91 58 -57 -84 -66 1 58 -14 66 93 24 22 -18 56 16 29 -6 49 0 26 -51 60 20 -79 27 49 30 -97 61 88 34 3 -13 56 83 78 -43 -18 -97 10 -97 82 14 -84 100 -56 53 76 70 92 -68 -31 -29 -43 37 79 -41 -8 -61 -91 -42 -81 38 18 47 47 65 -1 9 63 -34 -96 55 73 48 -52 -93 -81 29 -18 -9 -96 -82 -94 100 -92 -72 -24 -81 -99 56 -59 -42 55 -99 -29 -84 68 7
48 -18 -50 -87 27 49 -57 -77 -77 -53 -80 -76 -48 86 -65 34 66 92 52 64 23 69 -9 -3 -19 95 10 34 39 -77 -88 -9 -90 -49 39 48 7 -79 -4 -69 16 -58 42 -9 -25 27 -42 -36 -53 14 -66 40 -75 -90 73 -61 24 -33 -71 69 -56 -5 40 -44 -42 79 -45 3 30 61 -50 20 -100 -87 -93 39 -71 -27 51 55 18 -97 -83 80 -58 -28 -98 -28 -32 -34 -97 81 -5 -4 -24 -65 17 67 -96 65 -52
18 -32 62 75 63 68 -27 73 -36 -8 -15 35 81 24 -90 55 43 -83 32 69 100 93 -65 38 81 -14 -75 -75 -64 -37 -61 -82 3 6 85 52 -11 32 10 89 69 -29 18 -78 -57 -32 17 18 86 -63 29 84 -9 -85 -59 43 48 -61 59 80 -80 -85 49 -19 -61 -56 29 51 87 77 -67 -93 39 72 -51 -67 41 -69 98 -9 7 -23 -40 -25 -34 40 62 1 -81 86 66 -2 76 16 -77 -71 -2 -63 18 -1 -23
73 43 -69 79 -78 72 56 29 -13 74 -90 75 17 -6 80 77 94 -39 75 -95 71 -79 -17 93 -17 -71 -4 44 -20 -83 84 -46 5 71 -46 -2 -49 -85 58 -1 -72 -9 -9 -99 -88 -76 -58 -8 -48 -18 -17 81 94 -28 -31 -61 -95 -4 -100 -80 49 59 -31 -59 -50 -16 45 50 27 -70 16 -23 -94 50 74 76 45 1 -72 -66 -73 -19 20 24 35 -95 -89 -75 -75 -34 1 -4 -72 -70 72 33 -21 76 -28 -49 28
-76 16 64 -88 -30 64 81 45 -44 -100 69 -51 -60 22 -84 41 97 5 87 5 49 -97 40 49 92 -70 -51 56 64 60 3 98 -65 29 -52 66 -63 -50 44 57 100 -55 94 -88 -71 52 -65 -54 3 -82 14 59 6 22 29 -36 27 32 -12 98 -5 -85 24 -98 -36 64 -55 31 55 52 -46 -13 -9 41 100 -18 86 -2 -15 21 22 -16 -49 -25 17 94 -20 -2 -44 90 -29 74 -43 6 5 -62 93 14 11 -63 25
-28 48 -3 -15 -32 11 -91 -72 -2 10 -25 -59 -15 -19 -17 58 -36 -79 -2 -63 99 57 44 -26 -43 -47 -100 45 3 3 -7 5 69 1 -1 -100 -13 -35 22 -99 28 45 69 18 41 78 -88 91 -31 -49 65 -18 -81 -69 12 -4 29 77 44 67 -95 -9 85 96 39 14 58 -56 -80 -46 35 -54 -65 57 -17 -35 81 -58 65 -18 -59 95 62 -72 -41 21 29 -7 12 -97 -91 29 -68 20 54 63 -61 15 69 -4 -32
-67 98 -53 -19 -87 -9 -88 -32 18 48 -64 -78 77 71 82 -87 61 -49 18 18 -100 45 79 53 62 89 75 -45 -60 45 -83 -45 -86 73 26 -94 59 -64 -9 -38 -100 26 -61 -27 54 -30 99 -55 -46 -82 -87 -33 16 57 -21 65 45 74 72 53 37 99 -67 -30 -75 62 93 -93 -38 69 -81 -68 -89 -31 -27 62 82 -11 40 -42 -95 19 -49 81 -42 -5 -97 38 84 84 46 -2 -75 89 -85 7 -71 -77 72 64 53
-100 47 100 -71 -48 -96 20 -40 -75 31 80 -63 55 3 37 64 17 31 -54 46 -2 82 34 39 85 -36 68 19 -17 55 -100 6 -17 26 70 -90 99 56 -59 -37 14 -10 -77 -53 8 24 -20 -48 20 -94 89 5 62 -97 -16 -26 13 89 -71 70 4 96 -47 -97 -69 26 71 11 9 13 -79 82 39 -31 61 79 -10 11 -94 -4 -23 -74 -96 45 -44 35 -2 70 23 33 99 0 -85 -10 -6 -34 33 -54 -20 97 -70
77 -22 -65 0 -9 54 81 -86 55 -53 23 -6 72 19 -63 81 21 -65 -37 63 78 -26 -53 -35 5 1 47 84 93 -24 41 26 -4 -70 49 37 -39 33 -65 -36 99 55 -80 2 -46 96 95 66 40 -45 47 -18 -76 -46 13 74 78 77 64 88 -89 -67 -32 -73 57 -31 -29 -36 59 58 8 87 -98 -83 80 -85 63 77 93 -24 -13 -7 70 -38 30 93 -12 -22 -24 0 -44 51 16 -65 -54 -20 -34 20 -47 -61 28
90 -16 -46 -84 46 -43 -91 56 41 -27 -92 57 -95 5 -53 -16 -1 -49 -46 -95 -9 -95 62 49 73 91 -9 80 -3 -74 11 82 38 -85 -11 -1 44 -7 -4 55 -40 -31 -27 74 -92 -12 -14 23 -60 74 97 21 -45 90 -70 97 -65 -70 -91 -67 52 35 -3 78 -23 -90 -13 43 -43 -52 -77 19 -69 -21 33 -82 16 -15 67 -29 7 59 -18 -43 -65 -82 -95 -68 1 -81 -90 37 -58 -43 -59 52 -85 -18 -54 96 62
97 -62 -65 67 20 -10 -17 87 -95 33 -5 -49 11 45 72 9 -2 67 -53 -54 100 -69 -3 -45 93 52 44 87 -18 -82 97 43 90 -11 45 -90 -50 35 -4 -86 2 58 -24 -61 71 12 -61 60 -79 -17 -60 -36 88 24 81 -35 33 70 -23 -100 26 -55 91 -73 -93 98 -55 -50 26 21 74 -63 59 96 33 6 -45 -84 63 -31 61 -19 53 76 -50 -76 80 43 -50 81 85 34 -38 -41 -34 56 20 9 54 -76 14
-65 -27 60 77 -76 -20 93 15 43 -29 0 27 34 -52 100 70 23 -52 -22 -3 -44 35 -32 98 -87 74 -63 -25 46 -67 -1 -82 -56 -47 -72 -11 49 -77 81 39 -6 -54 41 85 76 84 -71 57 -96 -30 91 -85 35 -62 92 -29 -85 13 -30 64 70 -97 -47 -10 -74 62 -12 -79 -85 99 -92 57 95 44 4 -39 -77 -45 -91 -33 -69 69 -70 22 79 38 -35 -20 -83 33 99 70 -81 93 62 -54 40 -95 -41 -33 64
56 95 71 -78 -83 42 17 50 97 -88 -97 61 4 27 -81 -38 13 98 -68 21 -3 10 100 38 -42 -82 -40 -11 97 38 84 27 -88 -35 -14 -57 -67 -53 10 14 80 7 -11 -81 -3 26 3 -19 93 89 -31 -32 -75 -44 -66 -26 73 5 34 -71 54 28 -17 34 34 -22 75 -95 -21 -22 90 52 54 43 -38 -50 3 97 43 -35 -35 -59 23 89 49 -38 97 9 63 42 -24 -86 87 0 -86 -17 -89 60 -43 31 -95
27 -93 91 78 -77 -65 20 84 -31 49 52 -74 -64 -80 -34 -75 -57 -35 91 66 47 60 -81 8 77 14 -24 97 -63 -53 -66 3 13 -45 39 40 37 -35 -25 80 21 89 24 93 63 36 69 69 -30 27 56 18 -44 -84 -22 100 -4 27 63 -51 51 -84 -71 32 -91 91 40 51 23 40 22 -1 -20 -4 -14 -48 68 -47 62 -96 73 83 -93 -11 -38 -61 -39 36 -79 37 -99 12 2 -18 43 -27 98 41 95 92 88
10 -64 0 -89 75 10 -97 -39 16 -19 -38 98 -20 23 -58 -60 97 60 -9 91 -4 34 -19 13 82 -70 37 -47 31 -94 -56 61 98 -65 -19 32 21 -8 -8 -57 94 73 -83 -74 34 -3 74 -66 -8 -43 28 -87 -98 68 52 23 -94 -24 46 90 44 9 -86 0 47 -14 76 -27 90 -71 22 -38 97 -42 53 -30 10 -29 89 -31 -79 85 35 63 57 -99 -25 -94 75 61 62 -69 -71 -99 -4 -45 -36 8 -67 89 -4
-51 -53 -62 69 -40 -62 -7 -48 84 48 -79 -98 -99 54 29 -46 14 -32 89 -97 -18 -32 69 -15 71 85 99 -18 81 41 -74 -63 48 71 -43 40 -74 -100 69 -98 26 -36 -51 -50 34 -69 49 -83 76 85 81 74 65 -73 7 34 50 -36 48 -60 -59 -70 64 47 -54 -61 -14 -38 45 97 72 -86 -61 63 -55 24 28 33 -38 59 -80 83 84 15 59 13 19 54 80 93 -92 26 37 94 80 -31 66 -6 23 98 86
18 26 -63 -10 30 1 -5 -86 -59 61 96 -58 -44 -36 10 -66 48 -64 61 -77 -95 -76 65 -73 97 28 -40 61 17 -48 -88 71 -36 -49 18 -2 53 -5 39 -87 75 22 56 -38 15 29 -78 13 85 -39 -22 -85 16 93 42 -22 -59 11 12 4 44 -15 -2 98 -37 39 93 35 -59 74 -32 -98 -18 82 -82 98 38 10 35 -61 -100 34 25 -61 -29 57 78 -62 -64 -90 -47 37 -30 -90 -36 89 -97 88 40 -59 60
19 -69 84 -18 -70 22 -40 -61 -36 41 -44 -61 -50 6 -89 -20 -34 90 23 -17 89 -37 -68 -49 42 39 -92 -72 86 6 -52 51 -66 -66 10 70 -61 -64 64 -32 -89 -3 11 -56 -26 -66 -47 -91 24 0 -94 15 -74 -42 78 34 65 -56 -2 -60 -32 -94 -21 -92 8 -68 32 26 80 18 70 57 60 66 24 70 -4 -68 -28 54 17 -56 -82 -42 -95 -82 23 13 42 69 -16 -3 -50 -71 -42 64 -23 -60 79 -63 -6
46 37 -78 -22 -44 33 89 -68 65 -78 77 57 -42 -96 2 -43 69 36 -84 46 40 3 83 12 7 -17 -33 -23 -21 -2 -54 -83 -28 -86 43 -45 22 -55 -64 43 -67 88 -98 -30 -53 59 -65 -84 -9 25 13 -88 -6 88 -78 5 -14 10 100 -46 77 -97 -37 -63 29 51 -18 86 48 -2 61 66 21 -57 10 -12 23 -5 -14 -27 -55 96 -28 34 99 -58 38 43 21 13 76 44 -62 34 19 -60 -32 -88 54 29 -13
-13 -43 -28 88 53 56 -92 39 57 55 -25 9 43 -15 -30 40 21 19 -23 32 -69 9 96 -18 1 21 1 -62 42 54 77 30 -80 -41 -43 84 -67 -8 75 9 -48 1 45 61 80 -69 -52 55 -80 -11 52 52 50 47 68 36 55 77 16 -77 -72 44 16 72 -95 50 17 -20 2 48 -68 16 13 -39 88 57 -86 -37 -98 73 -29 -91 7 65 -39 -45 64 51 41 -54 -70 20 98 43 -53 22 97 -82 0 9 94
-98 -85 33 -50 -76 47 77 -85 -100 33 -70 -88 -18 29 -37 7 21 77 -40 -56 5 44 -99 -43 -98 -64 -88 -72 100 -44 -30 -28 -71 25 -15 -61 98 58 -74 42 -19 -84 53 10 43 38 -92 64 47 -51 17 -1 42 42 76 -75 73 99 67 65 -40 16 -22 -1 -37 3 -11 -13 -80 51 -96 -64 -92 -79 30 32 43 46 8 51 -4 -66 39 -14 34 24 -6 -93 98 10 -35 71 -32 25 -77 -83 -75 -69 -91 -15 92
9 -89 98 36 -19 -34 0 -89 7 -36 93 -60 11 38 5 -71 -50 -16 -58 19 -92 -72 7 -22 22 52 -56 -9 -94 61 70 -67 -34 18 -99 99 -80 -36 -55 73 73 32 97 -74 38 48 70 92 -34 43 94 -59 24 -86 -84 -37 -12 -46 90 -34 95 -6 -69 -35 79 27 51 -38 8 33 -61 42 56 58 -41 86 49 96 73 -89 1 -15 -63 74 89 67 46 -72 59 -29 39 -9 75 79 -11 64 35 68 91 58 64
-59 94 88 -27 -79 1 99 -80 -4 21 28 34 12 -54 -60 19 48 -53 64 74 53 -37 41 26 44 -57 65 54 8 -14 -89 2 -92 -39 22 9 17 93 -90 -97 -27 15 -17 68 49 99 -22 -74 59 86 -44 48 -37 52 36 -18 46 -1 -28 -7 21 -100 -13 -16 -13 31 -16 0 -73 -26 -13 79 -29 -53 61 7 -71 99 -66 -91 -73 81 53 -50 -85 -32 51 -22 -71 97 94 66 58 -29 -5 64 54 16 -45 85 -12
-40 -53 -61 17 -28 -83 -77 -2 -5 -95 24 98 -38 19 55 98 -1 95 79 -55 82 63 78 73 10 84 -43 81 79 -40 -49 40 -20 -49 -83 -1 54 -29 -44 48 12 -60 -96 -96 48 -87 40 23 69 -5 23 -78 -33 -35 -69 -80 -15 -63 -88 96 3 54 91 -54 91 90 27 -57 -62 82 56 85 21 10 45 68 11 -82 -92 -98 -70 10 56 -69 24 36 40 33 35 64 5 48 72 -62 -98 95 86 -60 40 84 -3
-1 47 -21 -87 84 63 -73 17 -30 52 83 -96 49 60 -6 10 -9 -12 27 20 -16 89 59 -100 -24 16 46 99 -97 29 -57 -8 79 71 58 -89 -80 37 -26 -38 -95 -55 87 11 10 -98 -93 77 88 -38 89 93 -95 79 -100 96 -47 94 30 -87 -51 81 50 -15 59 9 71 -26 65 -71 44 7 -13 21 -84 88 91 95 -25 10 -98 90 -3 53 8 45 -42 43 18 96 12 45 58 -84 -15 32 60 -16 2 54 -99
68 76 -50 -75 -46 89 -77 -44 48 55 41 89 47 92 79 -66 46 64 36 14 78 -90 -55 70 -64 -2 55 -31 -39 6 59 -86 2 -86 63 20 77 28 -9 -23 -80 -98 11 -53 16 63 -89 38 -54 22 -16 -11 13 94 -72 2 62 -79 -49 21 28 61 86 -26 74 94 -81 -62 62 -63 83 27 -21 71 -37 -17 76 98 70 99 -71 -11 61 -74 92 66 -58 70 -71 30 -59 -77 -91 89 -81 -93 29 -26 -77 80 -1
10 -37 -95 81 52 18 -11 73 17 41 23 87 74 65 42 57 -64 51 81 -13 42 -51 -41 34 54 -52 -85 -39 -72 -63 47 -41 -69 -29 -2 -43 37 94 88 -81 14 9 44 53 -5 67 -31 -90 -11 39 -89 -73 44 -21 -77 88 -29 58 76 50 31 -39 66 -98 10 75 -40 34 11 22 57 -73 40 8 63 -89 32 34 -62 17 9 56 36 -93 26 -49 40 14 -16 3 -6 -50 6 -58 -52 -22 -7 -70 66 51 -17
