0.404001
-1.056044
0.509736
-1.141904
-0.986483
0.286726
-0.716190
-0.212124
-0.196387
-0.053996
0.777853
-0.197617
0.806671
-0.496447
0.069661
-0.785339
-0.325049
0.788999
0.019677
0.193567
0.214259
-0.603496
-1.811735
0.319094
0.002760
-0.548365
1.037284
-0.345529
-0.743164
-0.363759
0.524721
0.312389
0.016349
0.376897
-0.398954
0.560747
-0.418894
-0.061581
-0.516513
0.124262
0.575204
-1.695876
0.028021
-0.125787
-0.735025
0.176502
-0.241828
-0.220327
-0.276330
1.237505
0.336182
-0.073320
0.821365
1.421073
-0.045131
-0.015049
0.546782
0.257261
-1.311938
-1.008966
0.676558
-0.506486
-0.884729
0.077781
-0.896235
-0.106306
0.713659
1.397337
-0.555749
0.391764
-0.919159
0.331344
-1.159523
0.263726
0.160771
-0.139112
-0.120382
0.425002
-0.789698
-0.271944
0.919076
-0.548291
-0.815545
-1.164695
-0.738581
-0.026983
1.052145
0.312695
1.181491
0.283351
-0.061391
-0.091281
0.247088
-0.021889
0.534837
-0.116764
0.646696
0.865278
-0.398336
0.319501
