91 19 -71 -7 -31 -2 89 13 42 50 -32 -77 100 -99 76 -29 20 4 18 -22 6 -46 -38 50 41 13 -46 52 -56 -47 -32 -88 18 3 35 -90 30 80 -66 -91 -95 16 -41 -18 25 33 90 -18 60 53 -72 64 14 34 -49 45 50 84 -74 28 43 93 -35 84 -28 -87 -16 -55 -37 -67 8 91 -44 9 78 22 -80 81 -62 79 52 54 38 -41 -51 50 4 -56 -48 -46 -28 -9 -76 87 55 82 33 49 56 -36 22
-86 21 -21 36 -22 -40 75 -46 -85 -28 -87 -4 82 -81 -70 -39 3 57 62 56 31 45 -44 -20 81 -23 52 70 -26 78 -58 71 -98 -52 36 -74 -90 6 64 94 64 60 -33 78 -66 23 23 63 -65 -61 34 -99 -20 -75 -38 -29 -75 -66 -71 74 23 100 -82 69 -37 -97 35 28 -9 -1 -5 99 -4 20 -59 45 59 -18 -86 27 30 71 35 61 49 -50 -7 29 95 22 72 11 -61 22 45 9 31 96 13 80 91
-64 -54 -11 67 21 -76 -46 -76 100 -1 -8 22 -76 -37 6 -99 71 46 53 41 -84 -92 -35 -39 -21 39 51 75 16 23 16 -84 92 11 16 -58 -97 76 31 93 -11 6 -29 -38 40 15 93 22 -70 -4 -71 -76 -80 16 79 99 -82 74 60 -85 18 90 44 96 45 -87 -32 66 -90 -3 -87 -21 41 71 -89 -99 -58 19 44 70 31 -36 -60 -80 66 -60 52 -89 -92 -38 27 37 32 -41 76 -84 -81 53 34 -42 -7
-63 -95 -70 93 -79 20 93 22 -64 -38 85 -90 6 83 67 85 64 -48 -69 -78 33 64 39 41 87 -5 54 -59 71 67 -75 50 -83 -13 -72 64 12 -17 92 92 -85 -14 25 18 79 49 -13 50 97 -42 -97 -90 33 -28 53 55 -72 -18 56 42 90 95 -67 83 -76 -83 15 -48 63 75 38 -70 13 26 -85 -99 -13 -20 -3 -24 -13 19 -15 90 48 -55 -13 -49 35 80 -8 2 -85 -6 -19 6 -52 74 -50 45 -10
-71 5 -11 -88 -20 -82 96 80 -55 36 -59 -21 -49 86 34 40 69 -91 -19 82 19 40 63 77 -70 17 57 4 8 -44 45 48 0 94 98 -18 -80 24 -9 -4 88 56 -50 97 -61 99 35 -93 37 28 -90 -65 50 58 -87 6 -56 -13 -3 -13 -85 59 -45 -16 75 59 62 19 -60 -13 15 92 -19 76 -80 36 -47 18 -18 -91 0 87 16 -75 -50 38 -35 36 41 65 17 -60 85 -85 45 -57 -83 -14 79 30 33
68 63 100 36 -35 85 -90 -75 47 88 -53 3 79 -70 -13 -91 -46 -88 -40 -3 85 -36 -93 -10 46 15 -73 -55 11 -2 79 82 -84 29 89 -16 96 -28 15 20 35 84 -23 -3 -38 -13 -54 51 35 -9 6 -68 -23 83 -34 -23 -81 59 -96 -80 -11 56 -97 -16 -13 -50 -46 0 51 -53 3 -35 72 -4 29 61 45 99 -63 92 76 -41 -23 -32 -28 50 -25 34 -80 -89 35 -93 21 2 29 48 -54 -30 76 -79 7
-86 -40 67 -11 13 -38 -79 -77 55 -80 -87 78 20 67 -96 -69 62 -11 -3 -49 -48 75 4 64 65 12 -52 -58 -12 22 32 -65 -99 87 79 40 -28 -19 -98 1 -10 -87 -22 -6 -53 61 -79 -15 9 -83 60 -31 -90 32 66 47 54 -23 54 -26 64 -29 56 11 -4 74 45 -63 81 99 -83 70 -54 -56 96 -21 48 -87 20 -8 41 0 60 -14 90 -64 75 40 -41 51 65 44 72 60 -13 21 27 -86 -99 47 -63
-46 -55 -52 43 76 -7 -88 -50 -22 81 -22 -11 -70 26 -7 -98 97 -10 71 92 -8 -24 -68 43 60 73 24 71 -58 -17 -18 -8 -15 -97 1 70 39 97 23 -44 -53 -54 30 -7 68 -38 -75 7 9 -34 55 -46 -23 -52 -80 -96 -28 9 32 33 -4 -53 -24 -65 80 -41 62 30 -61 -74 -34 73 -65 -76 -21 9 -84 -79 80 15 68 -84 60 59 -8 -11 52 -23 77 85 -88 -38 -17 36 14 33 -40 61 -69 37 43
3 -72 -84 -73 -34 38 -92 -22 44 -11 87 15 -40 69 74 26 -29 10 -52 25 7 -75 -55 11 75 -70 37 81 -40 -97 -4 12 61 -29 61 -78 21 -96 -63 10 28 60 -42 -82 69 -100 2 -97 56 -26 -20 90 -78 -2 -36 11 -11 93 -4 -26 70 96 42 -91 49 21 36 -94 -88 57 -100 -56 -49 81 100 -3 -22 23 67 58 -96 91 -14 -62 84 -38 71 -59 -46 88 -28 53 -50 -7 29 38 -56 32 -100 -88 -77
38 -34 -72 -32 76 41 62 -9 11 -22 74 53 54 -59 -2 60 -69 -4 24 -97 -40 44 -27 -91 -30 -18 62 2 -63 -50 92 -76 37 25 50 33 31 67 -94 -55 25 -83 -79 48 -86 -64 75 48 -75 47 3 -93 42 90 52 54 -34 58 6 11 68 -11 31 45 -94 -63 -97 -57 -35 32 -53 4 -31 7 -32 -89 86 40 -55 33 59 -8 89 68 -85 -21 73 34 91 -92 11 -64 29 -24 -84 31 3 -46 67 -31 -48
16 -3 34 25 21 -82 -56 -49 -66 -95 -65 75 26 -82 -80 37 46 -64 63 43 76 59 -87 61 -13 86 -20 22 -20 -47 8 -1 -15 86 -83 97 72 4 -3 -13 86 37 -73 -63 17 -31 -19 42 13 -17 10 29 -31 11 -4 -37 89 6 18 39 83 4 -8 -91 1 -18 38 88 -35 24 41 1 -88 -79 5 53 -76 -24 57 3 54 -87 75 -74 40 88 -86 65 23 0 22 12 -77 20 50 -33 83 41 -90 -16 99
22 -75 -62 -73 -79 83 48 -5 -13 19 58 -100 -87 -11 -31 -26 -35 -37 -93 -58 -77 -98 100 64 96 -53 43 -30 92 -68 -16 -51 69 17 -66 -12 3 -19 -22 55 -40 -79 3 47 -32 -90 99 66 -11 -5 -30 -84 78 78 75 51 -4 -42 -12 85 4 42 82 -24 6 -82 -23 -84 -80 71 -90 5 -30 15 -47 -11 31 -34 3 -67 13 -65 10 50 -20 -71 9 -81 29 -13 36 41 -75 -75 17 -56 -81 -63 -98 9 3
-62 -53 -90 33 -80 -50 67 -17 -65 -62 48 -10 -87 96 60 -20 59 35 10 44 100 -6 29 88 38 -66 6 -88 67 -89 -18 -93 19 19 57 -53 -10 77 -7 69 -77 -21 98 -49 29 -19 80 27 7 -31 53 -46 -83 46 -63 -43 69 59 -54 89 39 -75 58 -50 -83 -57 -18 35 -39 -9 11 39 33 -99 18 52 -94 73 40 19 -88 -16 -25 -33 48 35 48 -22 46 -23 71 -34 -2 -31 -30 -23 14 -70 74 -45 69
-39 -3 11 49 92 -42 -70 -86 85 76 3 33 -65 59 69 -46 1 56 -96 -52 -6 -12 51 -19 -92 47 39 39 42 -3 72 8 -46 89 53 -85 -85 42 -54 2 82 -48 -73 -22 -17 56 22 95 -54 78 -97 82 47 -4 99 18 52 75 64 -47 -73 -53 -28 49 -12 61 71 85 29 -69 -33 19 61 29 59 -23 -53 -20 54 16 -96 73 4 87 5 88 -26 -55 -85 -85 87 -68 -76 -20 -30 44 -84 73 51 36 -54
-2 -83 -79 -95 64 -97 24 -20 -10 -54 15 3 5 -80 -100 -17 -42 -42 10 32 88 -73 66 83 -49 86 78 -90 25 56 -84 -22 3 -66 -96 94 9 79 90 87 4 95 -16 61 -31 -83 -2 -64 -45 -56 -6 -95 97 98 -9 98 -81 0 -51 31 -27 0 52 82 96 -25 97 16 50 31 -31 9 -48 -29 21 -22 68 -84 27 -98 -87 16 -67 -2 80 25 53 -51 -7 -23 -99 18 -97 70 30 60 23 -63 -35 53 -93
-14 -63 -92 83 71 43 -53 -53 -59 -31 82 -83 -54 -90 17 31 82 97 -90 -36 40 -28 92 85 87 97 -85 -45 -13 90 -4 56 38 28 -74 -48 14 -84 64 -96 61 61 -41 -80 -9 81 14 -96 33 91 51 69 -84 6 -68 -29 28 97 72 -72 -18 -18 33 4 90 -83 -49 -19 58 22 53 -16 4 41 48 69 -71 -96 -8 -36 -58 -86 44 -59 -72 -92 -57 54 -38 -78 -80 -47 -61 -59 -23 -54 53 36 100 53 57
83 76 -45 78 -21 47 70 87 -16 -88 29 -67 -60 -68 77 23 -12 -40 -93 -27 38 59 72 16 80 -17 -8 -49 84 42 48 -27 -72 -67 -72 53 -25 49 -5 81 -89 48 33 -71 -77 20 5 38 -27 2 -34 -45 -98 58 63 -80 69 42 -68 66 69 -40 79 -96 -22 -65 4 -40 8 69 28 -25 -34 -39 -42 16 -60 -6 -96 -100 86 -54 21 -7 -14 -11 99 -77 -43 56 -34 -93 -28 66 -32 -48 -26 -22 49 -32 80
45 3 -39 88 -19 -2 97 -42 74 100 9 -54 4 49 -9 -21 -25 -76 -80 -80 13 -47 -25 17 -3 -19 -31 -67 -98 39 -25 -11 62 -91 51 21 -54 -57 -60 16 4 -82 -60 46 35 34 29 46 55 40 71 -96 27 34 99 -71 85 77 20 -32 -50 7 -50 -35 -35 -32 -95 -19 15 0 25 6 -60 -89 2 73 1 -11 -36 25 -44 90 -46 -14 49 -57 57 -78 -95 -69 -89 83 -82 10 -35 -53 99 -24 -53 -90 57
-73 -88 47 100 -17 12 51 -50 21 9 -66 -23 10 -71 58 47 -44 89 -93 -2 86 65 8 -8 -49 65 -3 -92 -72 12 67 4 -40 64 -2 -43 -7 -55 -27 -4 94 -83 70 -27 -93 -1 -87 -33 52 54 -1 17 -56 -15 16 -71 11 10 51 -10 50 84 -38 18 14 -47 -92 -33 44 58 95 39 88 70 -21 74 -89 -69 -84 75 -1 29 41 21 70 -61 -11 57 -11 61 -94 -84 2 81 -46 -82 -72 86 -53 -13 61
-67 93 -64 44 -30 30 16 -15 -74 -9 -69 -67 97 5 40 -36 -96 39 -55 -9 -81 81 80 1 -80 -50 39 -13 -72 -49 81 -49 27 -18 -17 79 -33 86 8 -42 -43 93 -29 -46 74 -92 -35 -72 73 90 46 -65 -76 -67 -9 -21 19 -37 -96 -37 68 -95 27 99 -25 -93 -11 -25 -53 92 -33 50 -4 -49 58 -21 -41 36 21 22 54 -28 38 -12 40 -98 -65 66 -37 -52 -91 -12 -4 22 90 -9 -23 24 -33 28 -52
-85 55 35 -90 54 -69 -28 56 99 1 -36 65 25 3 89 -24 44 27 21 99 78 77 39 -7 17 -28 100 -9 100 77 66 20 -37 -93 44 -21 50 36 -83 -57 -25 -63 -52 9 -2 -67 8 75 89 -38 61 52 2 92 -87 58 73 -45 -34 65 83 -2 -25 90 93 36 10 -85 13 47 -1 22 -34 -5 -12 -36 -34 -59 37 -87 -55 -28 27 34 -13 -73 -21 54 14 -99 95 -28 84 30 80 0 -79 -47 -65 29 62
25 -23 5 47 -56 85 34 -6 -25 8 75 -42 -12 12 -58 -24 -43 57 21 73 -57 59 52 100 28 59 -93 -97 33 32 38 -55 69 -60 -43 -19 39 -32 -22 -37 -16 -42 71 22 -40 33 50 -88 85 81 -43 -53 -98 -52 87 37 -52 -83 33 -14 65 88 39 -37 59 64 39 -93 -72 -34 -34 -99 -16 97 -69 -93 8 -11 -22 -95 -66 36 -79 50 -83 -93 -93 -40 -43 -28 51 14 -98 43 -4 -67 -17 53 -6 53 -82
34 10 -3 54 89 59 -32 52 41 -4 77 -82 -33 -47 26 20 67 54 -53 -22 50 -28 -80 -4 81 -12 87 -47 -6 81 -44 -78 88 94 3 -79 -79 -72 5 65 64 41 56 -62 -17 83 94 13 44 -1 55 -77 43 -7 39 70 -76 86 -93 -70 28 -89 -77 44 -87 100 100 -94 79 -80 27 -15 -92 -14 -51 -30 96 39 92 -47 -45 -33 56 -55 0 -3 -68 40 -92 -67 92 -20 -37 37 -94 93 32 78 80 1 22
-85 52 25 -68 86 -12 89 33 16 90 -16 63 -8 84 -51 -5 99 98 22 6 91 -73 80 24 5 -63 38 -79 -47 -43 -75 -81 -23 -29 -60 80 -34 -38 75 -20 -33 44 25 33 -11 67 -91 -81 24 13 -49 -42 -14 44 -76 -25 -95 86 80 10 -47 -16 -48 -58 10 14 -53 93 -81 -20 85 64 -28 93 -87 34 24 -23 42 61 92 -12 77 35 -71 -67 -34 74 86 -20 71 15 62 22 -74 96 -17 -14 41 -38 86
48 26 91 95 91 -40 -100 51 37 -28 28 47 70 -44 76 -11 1 -55 -52 28 29 89 -55 38 78 -2 -7 20 45 18 -78 18 -98 -28 59 74 -61 23 -10 64 -1 82 -57 53 -43 17 -34 91 -10 16 42 42 -50 51 -42 16 -36 -37 31 -84 98 -33 66 -27 18 48 67 -64 40 -99 -94 -76 80 8 -95 -9 -34 92 -78 28 -19 -21 79 -11 75 17 -97 -74 17 -82 54 -94 -19 -77 86 34 35 -56 -39 -42 28
16 62 -10 90 -9 82 -93 -27 -24 66 74 -43 -53 29 -96 -49 -53 -34 -4 -70 1 63 49 -90 11 -44 -10 35 -64 -63 -42 -5 -72 42 -1 -63 62 -36 -15 -5 -77 -24 -23 6 53 -72 -41 -78 -28 64 41 -66 -82 44 27 0 -60 94 -88 -94 89 39 49 -87 85 12 -12 -26 38 -79 -4 70 -74 57 -70 46 -93 -64 -83 -52 -32 27 13 95 19 -32 54 88 29 -23 -91 -35 -48 91 -97 47 33 -28 19 41 62
-96 -80 -56 -14 21 40 -23 13 7 11 -74 10 -58 -55 -74 -60 -5 -21 40 36 -80 -56 -11 60 73 39 -15 28 17 77 -58 16 89 60 6 12 22 -83 56 55 73 48 13 41 76 -36 -25 27 46 -22 -81 -85 -35 96 31 -36 26 22 -79 -5 -96 69 93 -65 -10 -2 13 55 60 -81 -16 -33 53 -17 2 -45 -72 52 -69 -14 41 38 56 -94 -11 4 -56 -46 -56 -53 -5 22 66 -91 -4 -81 51 62 -27 41 19
68 -4 -38 -20 70 -31 86 66 -44 93 37 -12 91 -72 -86 53 22 -97 41 -2 -100 97 -70 60 28 8 60 93 15 -28 54 58 -69 -45 -93 36 84 51 93 14 -73 -48 58 41 -84 -89 -57 -44 -6 39 -21 85 62 13 59 76 -47 97 -58 -59 -14 79 -29 -8 -76 38 87 87 -6 -38 67 -68 -59 67 53 19 52 57 0 26 62 24 4 -49 -35 69 -14 -82 -35 -33 -70 -86 53 72 -86 94 49 -35 -59 -86 -45
91 -72 -5 -70 -52 -81 3 -11 -17 -41 87 37 -7 4 -45 42 -33 40 -22 -97 25 71 100 16 -48 4 -95 99 12 -26 93 -42 69 6 59 -44 -95 -41 43 -3 79 -66 37 9 40 90 -25 -80 -93 18 -79 13 -88 -35 81 -42 38 -65 -20 3 88 70 -97 -56 -39 82 -31 -70 -31 -76 49 87 21 -70 -67 -31 93 3 19 -17 -98 42 -72 -21 -32 -78 -21 -21 -1 39 53 80 -79 7 -76 -86 -54 -69 96 27 -61
-12 96 80 42 -14 95 39 19 44 -18 25 -64 -7 -41 76 -92 -63 -18 -10 27 12 -88 -29 -24 27 90 -62 -84 -83 87 -81 -40 65 -82 -61 -19 69 -97 77 -61 -25 21 72 44 -16 -43 93 -70 6 22 -45 -16 -78 86 -53 62 13 31 -53 -76 -6 22 -57 -60 -31 -62 53 -45 73 100 13 -63 -48 -48 71 -60 -78 66 43 48 -85 95 79 -14 92 28 45 43 -99 -74 30 6 -85 -32 42 -2 -67 36 90 21 30
-85 80 77 94 80 32 71 22 26 -66 -84 -66 -51 97 -40 22 92 49 -17 78 19 -82 64 -95 33 69 1 74 -52 53 -95 91 -74 -5 41 72 83 9 -57 -33 47 8 38 11 -8 18 62 -89 90 56 87 70 53 -86 -52 -2 -68 13 -40 84 -65 -52 6 -87 27 56 -29 -60 49 64 -47 99 -60 -73 -48 38 -98 -80 -55 -70 -68 -9 -3 52 -58 56 4 72 -79 76 -1 -20 -32 36 2 -42 -100 -33 -58 -100 7
8 -68 14 85 74 -19 19 -60 27 -4 98 80 -63 -11 34 -62 -89 71 -88 76 56 -90 -91 -41 -30 -14 75 -53 42 -55 -6 -78 89 10 -73 82 -79 27 -21 -54 -82 45 -61 -34 -89 -31 -51 97 -99 59 -18 98 40 -21 62 -33 86 64 89 -96 80 39 58 98 -54 -51 25 -13 -81 1 50 -35 -17 -39 29 38 -11 -27 -23 85 -83 -76 -86 -56 -32 -37 -99 53 -59 -78 30 20 -9 38 81 73 54 -4 -46 -20 87
-73 -41 -28 -22 33 -73 47 -7 54 66 51 59 62 61 -74 -87 25 -89 39 -80 72 16 20 -44 49 -85 75 -29 -67 -90 -78 -13 -20 -48 40 72 -30 -32 -69 80 -9 -24 96 41 -19 -6 -81 99 0 65 80 -68 76 -70 -4 21 -9 -71 -79 -37 -38 88 -4 37 30 81 -9 -43 -8 84 -22 13 -99 66 85 83 33 22 85 -20 -78 -5 66 -52 76 46 63 99 61 -12 -96 -23 57 86 47 28 -43 2 43 41 -67
56 -62 -77 -58 -25 -98 -15 -30 89 45 -27 77 20 -58 -3 -42 97 76 20 -27 -76 -26 -82 24 82 26 -5 99 -68 73 72 -90 65 -68 -60 83 -22 65 90 -100 91 -85 -38 70 -56 -15 -58 62 30 86 77 48 -30 88 18 -69 96 -2 -58 61 74 -85 20 59 -14 57 62 48 -56 89 75 79 -50 -80 14 -40 -91 98 -51 53 -39 -21 -24 27 61 84 -52 -85 59 46 43 -48 -95 -86 -45 -42 5 -83 -51 33 -28
54 49 -21 73 -59 56 64 0 -47 -22 -46 -13 -36 7 47 8 -100 39 55 -82 57 8 -41 3 -51 45 -17 39 -29 -1 -9 29 -23 -43 68 -37 -52 91 -7 -12 -69 -87 97 -64 -40 -100 -36 89 -57 47 46 49 -99 -19 -46 82 62 -34 7 48 -54 -58 -51 -2 -9 -25 58 -94 -96 -71 27 78 -74 35 -31 -20 -38 19 -76 7 -55 30 56 20 17 79 96 -31 -9 -96 96 45 36 -96 -77 73 -78 -46 -31 -61 53
-4 -54 21 -53 1 2 52 23 -72 -13 -17 14 13 -37 7 46 73 36 -97 -29 -44 -84 -55 -43 43 27 -12 -44 -80 -88 -80 35 87 49 -50 -29 -39 -5 14 -97 3 50 8 -99 86 -59 64 71 54 64 0 67 -8 87 -51 -9 -69 95 -49 58 58 17 -81 -97 89 -62 4 -12 12 -94 39 -57 50 -57 -90 -35 -85 9 -83 81 32 -72 12 31 30 -61 -91 59 68 -100 93 -41 28 84 84 48 -70 -77 -50 27 -41
-23 -51 1 -54 -46 -15 96 -43 -53 -77 -81 68 -78 -29 -5 -48 -97 35 -51 78 7 96 -45 62 -92 63 -89 67 -37 63 -59 -61 83 -38 66 25 -89 9 5 -8 -15 -61 -2 31 42 -74 51 -96 -16 63 -70 -29 -88 -31 99 81 4 -32 -26 -23 34 -42 -34 80 98 -3 72 -61 59 -71 21 87 44 -59 -99 -70 -42 84 71 52 -10 -96 13 -92 -57 31 19 91 -32 56 -70 74 -4 68 -13 -52 -68 68 80 -34 49
-40 2 85 -80 -80 88 50 -18 70 15 24 -84 63 -90 34 77 -41 -55 72 6 -94 22 -77 65 70 -31 15 71 86 29 87 -82 -51 -87 -89 65 -51 -30 59 49 29 -46 96 51 67 35 -40 -70 -23 -94 98 39 12 77 25 61 0 51 -30 -66 51 -37 -81 -25 -70 -46 96 -92 -58 30 97 -57 -12 28 -96 56 -98 1 -87 24 -13 -4 48 -15 79 -16 -79 97 72 6 -53 -85 37 40 -29 18 -84 34 -95 24 84
-46 -94 -99 78 20 -6 -57 -94 66 -92 81 -11 -41 63 -74 -26 -70 90 11 -85 92 65 72 50 45 -19 94 2 -34 51 77 60 28 67 31 97 -75 47 86 51 23 33 74 -99 86 1 83 80 76 15 73 56 24 -37 3 17 29 -47 -25 -85 16 -18 -92 89 -22 89 65 -69 93 36 -7 76 -76 15 41 -23 -2 -94 29 -48 43 88 10 -63 79 21 7 70 8 -13 78 -98 -23 11 -36 16 -35 -98 65 5 -59
-91 -82 -61 -19 45 16 -31 67 38 -84 -97 -16 -90 -7 67 -50 -93 79 -73 0 100 -83 -51 17 -72 12 48 -38 -83 -97 -68 -18 -78 -87 90 -82 -73 -81 -89 8 69 -39 57 -17 79 37 44 -14 9 -38 -61 -60 -2 32 34 -95 34 91 3 8 48 -69 89 -100 100 -67 35 -9 -86 -72 10 -58 21 20 -10 39 51 -26 -22 12 27 -91 -41 -39 59 6 -37 -20 70 92 -74 -23 -94 32 49 56 95 -68 -5 -9 22
76 -70 -100 41 42 -21 43 30 -91 -25 -20 96 71 -45 16 100 -16 -23 10 24 -76 -18 4 -20 92 -17 58 68 65 -87 -92 -71 -39 -79 -83 86 15 98 46 -13 -48 -31 79 -12 -59 -3 -80 -1 -11 -49 55 -97 -14 14 -98 22 -37 81 41 84 77 -53 72 -68 -63 -36 -82 -8 -61 95 -57 31 32 91 -27 -84 80 74 29 -62 16 66 69 36 22 -96 -43 -75 61 -40 -74 41 -94 -42 83 -56 -18 97 19 96 -72
-33 46 1 0 59 -69 29 -90 49 -56 89 -40 -25 -25 -31 1 35 86 -23 53 22 -33 43 80 80 8 -81 -5 -74 0 -69 75 -80 -97 48 -12 -43 77 -13 -27 34 -84 -84 61 -85 -21 -74 57 -83 -79 -93 19 -83 55 -58 -7 -87 -14 -90 -43 29 -93 56 -30 32 -63 19 -44 97 40 58 -43 -97 86 42 31 66 -1 -6 20 -32 -71 90 -10 22 24 -43 -43 49 26 7 41 -64 -97 100 74 -18 13 -86 22 75
-87 -27 23 50 48 -87 -11 -52 -95 -98 -63 -33 83 26 -96 98 -99 65 -66 84 -38 91 -44 85 13 87 -76 23 -50 14 -26 -8 -46 4 14 -37 -51 -65 -13 36 -93 72 -66 -44 87 -48 50 -19 48 70 31 99 -88 19 53 -14 -35 88 1 -49 1 -33 63 -55 -85 -7 44 -55 34 14 0 -61 27 -68 -28 33 22 -30 -36 18 -87 -14 -100 -27 57 86 -25 78 47 0 92 -1 34 -65 -74 30 -4 -42 4 -96 -58
72 56 13 -71 38 65 33 48 51 -46 93 97 4 11 70 67 -36 37 -47 74 57 -18 74 -31 -80 -61 49 -5 -33 -74 93 -70 37 4 15 -88 -50 2 99 -28 71 100 43 -32 -11 14 31 32 -16 -79 -53 -25 -72 14 82 -37 -25 44 -56 -84 71 -77 72 98 53 90 86 15 70 16 -57 -7 -86 -73 -95 -6 -21 -27 -88 84 90 1 38 30 -62 -1 45 1 90 64 -32 9 -53 -64 62 11 -92 -25 11 100 -48
72 54 -71 7 -31 -38 -9 -9 -49 -30 -75 -46 -68 70 -9 -76 -76 35 65 39 61 -39 29 -16 58 -44 3 9 41 9 -79 11 -16 -13 -35 78 -56 5 -19 -76 -85 9 -95 9 -58 -76 -72 -48 69 72 -8 2 -6 -31 43 46 86 -66 35 54 20 -16 -66 34 58 -81 -88 24 -44 43 60 -60 58 19 -56 95 -28 93 20 52 -62 -25 48 -13 7 -39 19 -65 72 -11 -11 -91 -68 -79 -22 91 -60 50 13 -98 59
28 96 -71 7 16 8 -86 -46 61 69 -58 -1 26 -18 24 53 -54 66 -33 19 19 14 -66 42 17 -88 53 41 -80 92 67 -10 58 -9 -11 -81 33 -39 42 -69 53 78 -23 86 49 -87 -6 61 -47 -26 86 -11 -50 83 1 -17 -43 -60 99 -70 -74 -97 20 -16 48 90 78 51 -100 31 -73 79 -88 66 -96 -73 -18 -3 53 -78 28 -92 -70 92 33 -50 -44 -70 37 -9 -76 -54 55 11 -50 58 -17 -55 34 -98 69
-70 -13 -48 -42 51 -28 23 -2 -74 33 -91 -92 -85 97 80 -79 -48 -75 -4 -28 -30 -69 45 15 -19 -46 -39 42 37 37 -91 -10 -92 -93 -83 -53 14 62 1 -89 -35 -13 49 -14 30 37 -84 -3 25 -93 -9 23 -99 51 28 39 38 -11 -74 -43 -99 -45 -64 87 8 43 -28 -94 58 9 90 -26 -6 -27 69 -49 -87 -66 51 -42 6 95 -15 -3 -91 -56 48 21 25 -69 88 69 58 -88 85 99 -65 27 -5 40 87
-15 -81 44 18 -78 58 -58 -25 49 17 -21 -64 -85 70 79 -35 -44 -93 51 93 47 52 99 -90 -65 99 -39 -16 -96 -93 -14 73 -65 23 -53 0 23 43 -73 95 3 -57 -100 -27 67 50 -90 -78 -87 -26 -24 -6 62 58 -92 -28 -71 62 -78 68 -13 -13 -94 -72 76 13 -83 79 -20 39 -81 55 92 70 -26 -98 24 -37 -20 -4 72 59 71 -98 59 80 71 -73 33 -25 92 36 14 -99 -2 -39 -21 -96 -16 -47 13
53 42 -79 -33 93 64 88 -30 -30 36 57 96 -4 82 -74 -50 18 74 24 9 27 78 0 27 13 90 91 47 1 48 12 81 8 -78 1 -93 -42 8 71 67 -66 -82 77 -32 -76 -50 -35 -14 -95 -20 5 -63 -52 -59 34 -57 -36 19 -73 0 42 -85 33 -91 24 67 94 -46 58 -96 96 33 -43 12 91 55 -44 -36 49 -65 -74 30 61 8 -64 80 90 28 -1 -22 66 20 57 -9 -1 69 62 -80 47 -81 -35
-82 -30 61 -91 -88 -9 23 40 22 -13 23 8 67 53 97 57 -100 -10 67 -99 27 27 58 -78 -43 -31 10 -66 35 31 -89 2 -41 -98 62 76 10 98 -33 -58 -54 88 90 67 -91 22 19 -68 6 -65 83 19 -87 -85 -54 -73 55 17 -48 -88 -70 54 64 0 -85 -13 -30 66 -76 -92 -68 -41 -81 29 58 -49 -70 77 -4 45 -58 -53 60 -41 33 -42 16 -21 46 -3 21 -68 12 8 84 -71 45 -75 -33 52 74
65 -27 100 97 -88 54 -14 -4 -2 -14 77 -32 87 53 39 59 -8 37 58 6 -14 -53 56 -32 54 28 -10 21 -60 -80 -53 50 -78 -46 -59 -67 44 1 83 -35 -11 -85 -73 -46 17 93 -7 -47 -22 11 -24 5 -42 50 -18 -72 -51 38 37 -79 -65 -3 -47 97 35 68 42 78 68 98 1 7 18 -34 -60 93 -76 99 -82 6 -34 -67 -31 -23 -79 88 -68 -26 -16 43 45 -60 86 25 14 -23 -83 31 77 -10 -75
-28 7 44 -17 -43 -46 -42 12 7 -97 -69 -90 -7 -57 -90 -79 38 -68 -9 -66 -49 -7 -55 -30 -6 -20 -46 22 -80 18 -48 -31 -54 81 -78 94 -41 -4 -22 -35 50 -70 3 -12 81 12 -81 -10 -5 -60 -34 18 -30 -47 39 -89 -49 95 63 52 64 -15 -12 -25 -49 -81 59 -21 -90 -32 -74 91 81 47 34 75 26 -84 -11 -14 28 -18 -55 27 -38 -9 -70 -56 -8 83 -29 49 48 46 15 -93 -65 30 -23 -8 -56
83 -10 -43 10 57 21 -96 80 -96 -59 72 67 -33 3 -87 48 -52 95 100 -65 39 -19 -6 -7 38 25 -76 20 26 -66 87 17 92 43 -79 60 88 63 28 -85 44 36 -11 -99 -1 67 -25 18 90 35 -77 61 -71 84 40 24 77 -19 30 -50 79 20 -59 -36 -54 37 53 22 -21 -91 91 20 -31 72 -95 46 -23 -54 83 -48 -15 -5 -40 -47 -29 89 -11 22 44 -41 52 -74 -5 -71 -56 -41 45 71 2 -52 33
0 95 57 -55 -51 24 -56 30 38 6 2 93 -92 -65 79 88 5 20 -52 -21 61 89 -64 -35 -3 1 67 -47 -91 -100 63 94 51 -9 56 11 61 -30 86 -19 -80 63 -89 -86 -56 39 -77 16 -76 -86 62 79 38 -10 16 -59 -53 55 34 -5 65 -77 -14 60 63 40 69 94 67 68 43 -96 -86 76 -95 -97 18 -63 -23 -81 -34 -50 -53 83 40 -19 36 -43 48 -91 80 -8 57 26 14 25 64 84 -94 -45 -88
-13 -62 45 75 80 90 -38 15 71 54 31 93 79 -4 -16 73 69 12 -83 -56 99 -34 94 -78 -40 1 22 97 14 63 17 -56 65 -29 -63 66 87 -94 -91 46 71 58 65 91 -45 -61 31 -23 -62 -80 -55 50 -1 0 27 75 -52 51 88 79 43 -2 28 94 32 -56 70 74 74 -82 43 45 94 55 -17 -76 45 -28 -67 29 -3 -88 -34 81 94 59 -32 63 91 -10 -55 -37 100 -40 -4 -28 -65 -97 -47 13 71
-17 44 68 -12 -30 97 -61 -33 84 -56 58 95 -72 66 -21 32 -41 -73 96 -60 41 64 57 25 -98 -62 -30 -100 -22 17 -43 59 -61 54 91 -43 71 -86 -46 33 52 45 29 -70 54 -72 -81 24 80 -59 8 57 65 -45 79 -52 30 -89 -56 -1 -86 55 -55 26 -85 70 50 40 70 -27 27 -35 -55 73 -68 -41 7 -9 12 -86 86 47 -46 -91 -28 32 45 -96 80 -4 -57 -49 -61 -43 -14 28 -66 -74 3 74 42
47 -64 -70 -56 -52 -91 29 90 -16 84 -44 -1 -17 -70 7 75 -23 89 61 -2 -85 -48 30 -100 -73 86 -93 81 78 17 80 10 96 -31 -56 -67 -4 -10 78 -86 -52 85 -70 7 57 -78 -17 -33 68 -75 86 34 58 -39 -48 34 -26 45 86 77 -18 -36 80 54 -44 -50 -63 -13 -27 93 -90 -13 53 -33 -38 -36 67 -37 66 -83 69 -24 -71 -12 -84 8 98 22 53 -26 1 -35 59 -1 -87 -76 -8 43 -21 20 33
-3 -72 56 -22 -94 37 74 -29 -55 -58 -92 53 49 49 64 -92 85 -71 27 -28 26 -66 -89 49 49 -15 -19 -23 19 -92 -63 46 -18 45 36 31 -10 -13 56 -26 58 87 33 10 -17 -9 74 100 -60 96 44 40 -96 -46 -2 -83 18 -13 69 57 -45 -85 -14 -61 64 -79 -27 39 -32 -88 -53 29 57 -43 26 11 84 59 91 60 35 -15 38 7 -61 -16 18 99 -69 25 -47 82 -72 41 8 -58 20 70 -96 29 65
-1 -99 -72 -90 -38 -25 -3 -88 -23 36 -77 -33 -50 -11 -74 -24 -85 -8 18 -53 -63 84 -48 31 94 50 82 -70 14 77 94 -26 -47 23 74 76 50 -84 98 87 54 14 -89 -11 -73 -66 35 -7 -62 74 -48 63 34 -43 13 76 38 -34 84 75 45 -40 -9 -48 51 -38 -93 -58 -92 -24 -24 5 -72 -99 -45 -60 -35 20 88 1 -32 94 4 -31 71 -31 -88 92 -76 87 42 -6 -98 -82 -18 -29 77 58 31 37 -26
-99 43 35 -33 -23 -65 -73 -92 -24 35 -70 73 14 32 -58 -96 -84 -68 -100 -50 -73 40 -35 -83 52 73 23 96 -53 89 61 -64 -90 12 -64 8 61 5 19 -8 22 61 69 35 16 0 -22 76 -88 -7 3 74 -76 60 23 -34 -76 38 0 66 -14 41 71 -49 11 17 41 -45 11 -51 -75 29 -94 92 78 81 -6 -82 25 100 -52 18 -23 35 35 95 7 89 -87 34 -97 38 -64 -56 -44 26 42 -81 -39 50 -95
-95 -44 -42 2 -53 -16 51 34 76 85 4 90 8 -59 -27 -9 3 -84 -13 84 32 -15 -12 -42 -40 29 -44 -62 -64 -38 -8 -66 93 3 94 -90 87 68 -80 -48 3 85 48 20 -51 -87 -8 68 95 51 -88 98 -45 65 -59 72 77 -64 7 90 4 23 -61 47 73 -93 22 -19 -10 -76 52 29 68 19 -53 -26 40 -43 -54 -18 -11 50 63 -28 59 -61 42 7 -3 -30 19 73 -78 -99 -63 80 75 65 16 43 5
-72 -11 56 -86 -38 48 32 68 -40 39 -57 -100 -85 19 6 89 3 25 -37 -84 19 -58 -50 -46 -45 93 -99 -46 34 -52 -85 64 73 87 39 87 -61 41 -84 -97 -24 45 -16 -4 -78 46 17 38 -42 60 -57 63 53 -1 -43 -24 90 17 -52 -69 -24 -24 58 -83 -82 -69 -84 -98 -45 41 65 -81 -39 -45 -28 -60 -36 96 83 -58 60 -27 -65 4 -68 88 46 30 68 -77 -80 -17 53 66 -67 -72 96 -63 -43 89 -98
-9 -8 -16 -40 -18 -11 56 95 36 -40 58 17 20 61 25 37 23 -35 72 33 71 99 -86 -58 66 -61 -11 94 -88 -4 -80 18 75 -38 -57 -65 63 8 -48 54 -4 -40 80 3 62 30 -26 -99 69 -32 21 92 -63 -91 69 55 -6 84 -75 -91 30 47 -98 96 50 -94 -79 95 -42 -67 -68 25 -63 23 -69 -63 -30 48 -97 -36 -41 -69 17 -43 -5 43 50 -29 -57 13 -53 -32 18 -61 88 6 -91 91 -94 -91 36
41 -91 47 -36 -24 99 -81 -90 -82 57 28 13 -30 58 -40 -68 17 16 86 -24 -87 -76 -44 -52 -89 1 -56 26 49 88 -94 6 -13 51 -5 -63 -96 13 -41 -91 -20 -51 44 30 80 84 72 69 93 91 -18 -79 -77 20 -58 -50 40 95 27 30 -73 -60 -60 23 -4 21 -53 85 -37 19 28 20 -51 -97 54 48 -14 18 62 -59 -54 60 -56 99 83 -98 -50 58 -68 -53 1 88 92 97 -41 -73 -58 23 70 -64 93
-4 5 9 -1 46 -95 13 62 -66 8 36 -52 -11 -77 -86 -66 29 -12 26 -16 -86 16 -78 2 -4 67 58 -26 -52 -67 -27 -46 -47 -15 48 60 -15 21 -4 -7 25 9 -21 -45 93 38 -40 -82 70 70 67 -21 -97 32 -98 86 -16 51 -5 -79 48 40 90 -41 32 22 -2 -27 -48 60 -61 -37 -68 -58 -19 33 -94 33 -51 -3 -38 25 -38 -40 69 20 18 61 -33 -2 5 -51 66 -54 80 35 -10 75 15 67 6
56 24 -53 90 -51 88 -20 -73 2 12 46 -51 89 -54 -52 43 -21 -9 100 -7 85 48 46 69 -70 -15 55 -67 72 26 -46 28 -26 -67 -30 -30 -37 69 62 64 92 -31 -89 -62 -46 -66 28 -62 31 -62 24 9 -18 66 80 -86 -88 -44 -35 -20 -44 -54 -77 63 46 86 35 -21 46 75 65 -99 3 -10 100 -21 -32 72 49 33 78 39 69 21 6 84 -18 -62 81 88 75 23 75 -66 54 -4 77 -64 -30 -18 -68
41 -11 -34 46 -94 -86 73 -66 -68 14 -1 -31 -100 93 -11 -38 -38 -41 -96 13 52 38 93 -67 20 -15 16 -71 92 -41 3 -15 -47 -69 55 -35 -60 -51 26 -84 -14 -6 -96 -19 93 -8 44 -32 44 79 -7 99 48 7 -29 66 -20 -7 -48 -37 -39 -80 78 79 -35 50 19 -85 -14 52 -27 29 -48 -31 83 -89 -16 34 -29 -33 -1 9 94 72 24 -90 -64 4 66 -73 -56 -54 -75 73 40 -45 45 -20 96 31 -3
74 75 45 -44 -71 41 -65 20 -18 -43 -83 85 77 -4 -38 12 -18 -21 -14 -99 49 -43 56 0 60 56 54 -5 4 -19 -24 11 -52 7 75 100 -57 20 58 -61 18 -89 75 95 -58 -57 -59 -78 57 -31 68 3 -66 -67 -5 21 -10 -63 51 -64 -3 40 -31 -58 10 -56 -74 37 -57 -90 -66 -13 88 -93 47 -58 -33 -83 -69 -3 23 72 -31 27 51 44 62 66 65 62 38 81 -68 -29 -8 -43 -92 38 21 9 24
32 -68 -49 -25 8 -18 -58 56 -64 -8 -32 19 21 53 -64 -93 89 -54 -35 -35 35 -95 94 21 -37 78 0 47 -79 47 43 21 41 -82 -44 83 100 92 44 72 -16 45 9 -77 11 23 -27 82 -50 67 30 -3 -51 -51 75 -63 -47 -7 -66 -14 25 80 72 24 5 -48 -17 -6 48 3 -89 13 -96 -72 40 64 -25 -43 -63 -90 49 26 66 -80 -79 -6 49 23 55 -19 -35 -98 -88 11 -34 -7 -31 98 54 37 13
-29 95 -69 -94 -54 -46 37 -75 19 -68 75 -21 78 -42 -98 -44 15 -75 53 -40 85 -74 -32 63 24 68 -100 13 -12 92 -96 62 -59 84 61 -3 82 66 -10 -63 18 -79 26 -23 -99 24 -80 87 2 85 -20 8 -54 -39 -15 -40 33 -85 100 -94 14 -23 -90 -77 -47 -86 9 79 42 39 -3 47 0 -100 39 -81 61 75 -24 70 -84 90 -46 -57 -42 -35 27 83 27 62 98 -64 98 -76 -95 16 -52 -33 35 -55 -15
74 6 -77 27 69 -92 -35 2 84 11 -12 -62 -98 -5 -10 -84 -81 82 14 25 6 85 68 63 90 67 7 -65 -20 38 0 -33 -41 62 87 55 -48 94 -53 61 -89 91 -98 64 -81 -81 73 -9 59 28 -43 -69 -56 2 -80 32 -35 -77 -56 6 -6 66 40 -21 -13 -34 -32 -100 29 30 67 92 40 -56 -5 99 7 3 26 -5 -84 -51 40 85 -99 70 -73 95 -29 22 -31 14 -60 71 -62 64 72 -11 21 -26 64
-82 8 42 37 -87 -47 -79 -54 88 -96 -10 -18 48 -76 -9 43 100 18 40 88 4 -93 -80 24 96 70 -28 -34 -45 45 -88 -62 -31 -44 84 -47 95 -3 91 -55 -52 -2 100 46 -93 24 2 66 -35 90 -35 -26 -41 23 4 43 69 78 98 -79 -13 83 32 57 -74 46 -74 -30 -89 25 27 -67 -73 -24 -40 -68 94 38 26 50 -62 15 -85 90 -30 17 -91 -55 -39 77 11 -80 -93 -57 28 35 89 -65 77 -52 87
-10 -44 -83 32 87 25 -42 -91 -58 95 -47 -55 -44 36 95 -22 45 54 37 38 -91 -36 74 66 -66 -85 50 62 28 -93 17 -72 31 77 -35 -50 1 -47 -4 -74 89 -82 9 -29 88 63 -80 -18 -16 -19 4 92 -44 -7 38 14 89 -83 19 -44 -62 90 17 -86 50 -88 69 -12 93 67 97 31 88 -15 -31 -58 -59 29 93 -11 -23 -79 -98 2 -83 -21 31 -88 -17 -17 54 19 28 -28 -61 -42 46 -86 -55 -16 -5
69 -99 62 62 -89 27 -8 -64 18 31 82 -70 -15 -2 -27 81 -41 6 -79 99 -95 -5 -48 -8 -77 -38 -8 90 -7 -48 -51 16 14 -10 54 29 48 -97 84 90 -4 38 80 -41 94 16 74 12 -41 -90 85 95 -81 -69 22 -39 51 85 68 63 4 0 -40 -31 -21 -4 30 -96 44 -85 -30 -94 -83 -84 5 92 0 -76 -48 -43 -25 10 -91 -91 28 -15 52 -78 35 20 16 55 35 27 47 8 -61 -23 -43 -45 -32
20 62 -32 21 -85 -81 -76 -77 94 -24 -71 63 21 -18 -36 53 45 13 -19 -92 -43 -32 44 -67 18 85 11 48 -21 -37 66 -79 5 6 69 -10 3 -68 91 -52 93 -32 -43 -82 22 22 72 -88 -30 -19 -30 20 79 53 -34 92 88 80 -57 55 -89 -11 35 62 -62 36 -11 -39 75 -77 -6 -27 -46 59 77 -3 29 8 -72 -67 18 -15 -70 67 69 -69 35 -71 -99 42 23 -19 80 -2 53 -48 17 68 50 -59 47
90 22 85 -82 -97 98 87 -34 52 -16 -80 49 52 -70 9 -32 -82 43 3 83 -94 -65 93 7 2 97 -6 0 47 -11 -42 31 -7 -67 16 11 8 -25 -22 -21 -41 -14 -79 43 -99 85 -13 35 10 -83 27 15 -95 76 88 -94 34 3 -23 -35 -12 -4 25 79 34 -96 21 -9 63 -48 -58 -63 -51 -66 10 -68 -45 55 -95 55 72 -33 -37 53 99 -71 -100 -87 -81 98 83 -83 17 -80 -12 -11 -70 -53 -33 44 33
-38 -76 -100 -95 -36 26 -46 0 -20 62 52 5 95 24 -44 -62 94 61 18 89 -43 62 -40 -79 -31 82 -54 0 24 31 -17 3 -91 39 -54 12 42 35 -72 -38 -94 28 -19 16 -28 -44 2 91 -82 34 85 19 -21 -46 -90 52 94 -31 -90 -13 76 70 91 -56 49 -99 37 77 -4 90 -82 75 1 50 37 63 -79 91 45 55 22 -82 53 81 -7 -58 53 16 -56 27 -37 -6 -20 1 59 80 -38 -7 -76 -80 -78
-46 20 -37 -58 88 67 96 -81 68 33 -51 -86 27 -32 -57 11 -99 57 -24 63 -51 12 31 -52 -58 -30 75 -59 -53 45 -80 -66 -5 87 96 21 37 21 2 62 45 -34 -77 -64 18 -95 -48 -29 75 97 49 80 56 -66 40 -31 16 -2 -18 -42 -34 1 52 70 -71 -15 -62 67 -78 -1 34 -9 -74 12 -66 -9 -6 29 51 16 48 50 13 -7 -11 -34 1 12 -55 -87 21 93 -97 -96 90 8 -52 -32 -84 -10 -67
-19 90 40 -42 14 22 3 46 72 85 -88 -91 57 -65 49 -82 -30 56 35 67 30 43 34 -76 95 -83 -22 74 -68 38 62 -71 88 -69 2 74 22 -75 -57 11 48 -30 89 -16 -42 -67 -52 -12 -43 -94 -4 25 -73 6 -61 -41 74 13 55 15 -1 -73 61 89 -19 11 -48 -48 -73 -28 -25 -85 24 -72 66 81 24 45 83 -8 1 29 -58 -3 -32 -44 95 27 16 -34 91 -4 -5 75 -73 -25 35 -48 49 23 13
70 92 79 -3 -8 -54 -15 -88 -27 34 65 26 63 -51 -35 -7 1 -46 -94 24 -62 -87 -7 18 -82 -76 89 83 -63 15 -31 12 -30 78 -89 55 2 -87 -92 -98 -46 -16 -18 95 18 80 14 -78 -28 -24 57 -9 -24 -17 -18 -54 48 -29 -38 1 31 -88 -98 49 17 -4 41 -32 47 -95 35 -32 -15 -28 87 -92 -73 78 -7 66 71 3 -5 -56 49 -39 30 -35 -40 50 -25 -96 -26 46 -32 18 42 24 -72 -92 -80
-15 -85 -50 -35 14 18 -53 43 60 34 62 47 47 12 -54 20 67 96 -79 -78 52 44 7 -98 93 -5 5 -99 51 88 57 -85 -84 -93 99 -29 -43 64 94 -54 -27 38 -97 47 -19 22 72 25 90 29 82 83 15 -77 -50 -75 -10 -54 -34 6 67 56 50 70 -6 26 7 -24 5 -88 96 51 63 93 4 91 -95 8 -84 82 -89 98 24 23 -75 -62 -17 53 100 -53 98 36 -44 -76 81 -86 -20 -28 -41 1 40
15 76 -56 -79 -4 100 -28 -30 -8 87 62 14 11 36 73 61 19 30 31 -90 10 80 51 85 -65 -18 -2 2 61 79 5 86 25 -100 41 -4 55 76 46 50 84 40 60 56 -76 -50 -14 11 92 -94 23 39 27 -96 96 -62 -5 53 85 -10 -82 35 17 -10 94 66 90 56 39 -25 77 -8 -30 15 -33 32 45 39 -27 -48 48 -51 -68 46 13 -79 51 -5 -11 -21 -38 -16 26 -68 61 -9 49 40 -99 -96 -99
57 -88 26 -80 -75 14 -81 -74 67 -98 -33 16 65 96 88 -74 -44 -98 25 64 -84 19 2 90 83 16 62 87 81 -18 49 59 -46 -4 3 -74 -22 61 47 79 -22 34 -22 44 60 9 56 -91 -15 21 5 -9 32 2 -41 80 -5 88 95 -67 -49 3 -46 -99 56 49 -59 -9 -69 18 10 15 92 -85 -52 11 24 -36 0 38 75 6 50 -83 47 37 -32 -90 92 29 -39 -86 7 -18 -5 -43 1 16 75 77 -7
71 -90 -98 -92 85 -29 -86 59 -73 -5 -72 83 -5 12 -16 97 -77 -7 -94 -94 58 -65 87 19 100 -74 100 19 74 91 77 -80 -63 -56 -25 10 -53 -3 -55 -84 -96 -94 -32 -50 -53 -28 95 64 46 29 -18 4 -87 -17 76 30 -43 60 0 -96 46 -93 -75 -55 -52 -17 -87 48 32 84 90 74 -38 -38 3 26 88 37 25 -27 90 -30 57 -88 74 22 32 50 87 24 60 -25 -40 -75 94 -90 48 -100 -85 -54 -89
0 73 44 93 83 -74 16 93 -92 -32 -55 94 5 -90 21 -59 -1 18 5 -45 -75 47 71 -54 -27 30 -42 -74 75 9 -14 -15 39 33 -23 -81 -53 -22 -39 -92 73 -70 -73 -53 90 -46 90 62 35 39 -2 88 -92 -30 37 -35 -100 32 41 -80 -20 42 77 -21 -20 19 -2 -92 -43 -48 -39 -26 -71 -71 54 -1 -59 -49 65 -30 -87 69 90 -46 -91 27 -92 90 70 80 39 -21 37 80 -68 100 -96 -93 92 -24 -14
22 68 39 57 78 2 -97 25 -2 -60 -42 42 78 -49 -100 -19 3 -51 64 37 83 42 92 -96 -64 -93 36 -54 -19 76 -52 17 77 24 -83 -61 95 -24 29 -35 -31 -85 -80 32 -23 -53 -14 -23 -14 17 -91 28 54 -84 86 50 78 47 64 30 91 -99 88 39 15 -38 16 84 -4 -13 -1 26 -38 98 31 -96 12 74 -46 52 18 55 48 35 35 -87 36 81 15 -4 96 22 16 -4 2 -69 -50 18 48 -82 -70
62 25 81 25 -60 49 -82 -92 93 -15 -32 -58 -76 16 -2 -57 -41 -8 12 -52 -62 4 82 5 -8 -95 46 -98 81 19 41 -82 -59 89 88 -92 -61 35 97 -20 -4 13 31 -79 33 -30 -72 99 -89 -13 -91 15 -63 -67 -7 -79 95 81 -13 -59 -5 39 -26 74 43 -94 22 -12 -74 31 -63 52 1 -20 21 -73 -52 -30 36 -94 -80 -81 64 -63 37 -16 -97 29 -8 64 17 6 -91 -93 -77 -24 -27 -27 -95 -58 76
-3 35 -31 34 -37 13 -81 -60 69 -9 29 -56 -43 -33 -4 -44 -71 99 -75 -57 -73 64 79 -17 100 12 94 49 7 -100 -83 71 -46 27 -27 72 73 -71 -99 51 -37 -60 23 -82 48 14 10 77 71 2 89 -33 -6 -68 -58 25 -14 94 70 53 62 20 -26 -96 30 49 38 67 64 -33 87 -20 23 -86 59 61 41 -29 -99 96 43 42 -20 -95 -25 5 -70 89 39 61 -9 71 80 20 15 86 50 -54 39 -18 -87
-59 -28 -81 18 -2 24 40 65 -59 40 -73 -4 40 -76 18 2 -68 24 9 26 47 -29 25 -39 -78 3 -30 -21 -62 32 -7 -46 -20 4 76 20 84 -45 42 99 72 -99 -50 21 92 45 61 -68 50 45 -1 34 76 84 -12 11 -35 68 -18 31 -81 -80 -81 -77 88 67 89 -31 12 99 -25 -51 -12 57 -3 -20 -62 23 -39 -92 65 -66 15 23 71 40 60 25 10 -42 -39 85 -67 -64 -94 -100 2 -35 74 -86 78
-11 -26 73 55 96 26 -81 -57 57 67 70 9 -24 -10 -28 11 29 -29 -46 -13 -71 -2 -55 -75 -57 38 28 6 -60 -18 15 -42 -51 -67 62 54 53 -40 27 -75 28 27 91 -72 -81 -93 77 49 76 -12 -4 -41 46 -5 -34 67 62 -34 1 77 67 -29 -64 -27 -13 80 36 40 -20 49 -88 -62 -95 -45 -87 55 56 -51 64 -49 -57 70 -86 84 30 -34 -63 -5 87 -54 20 -42 -32 46 -64 57 80 -75 29 43 -65
22 -3 -39 -7 53 -45 -75 -70 -72 -100 42 -40 40 -74 64 37 -15 -39 -81 87 -50 -14 -95 -75 -54 7 -55 -6 25 -78 51 -56 -11 96 -86 54 -34 -61 -28 -41 19 -23 43 -6 16 95 85 15 63 50 0 -1 23 60 20 17 -55 -57 -95 43 87 66 -57 6 -74 55 -48 61 -79 57 65 -99 -74 9 -19 77 35 28 -92 -70 -72 91 33 -77 26 45 42 83 68 -68 -32 88 -36 -52 18 -78 82 97 24 -82 60
6 47 -82 -74 -5 -39 86 20 -48 12 25 67 -36 97 -83 96 -93 85 -78 -1 -9 -90 -60 -11 92 92 2 68 94 25 80 -31 68 18 8 60 -74 33 -19 12 31 -28 -61 -98 -15 -86 -66 -21 -89 -54 -60 -65 -66 42 -69 7 63 31 -92 -50 -98 12 22 -10 41 -44 45 -9 38 57 67 -50 -30 -93 86 73 -59 -47 1 74 90 93 -44 -2 -18 -90 -2 37 24 -2 -37 83 65 2 -33 -98 100 43 -33 -78 -56
66 35 -38 100 69 -33 33 14 -96 -27 -50 97 77 -61 73 -18 -30 6 -2 -18 55 50 -18 23 -67 -57 23 -50 -62 -41 42 83 90 79 19 -12 70 25 -91 -40 -13 14 -26 -16 66 44 12 82 -49 22 -71 -40 -4 -70 -47 42 -31 -87 50 -12 -35 53 85 -18 -3 -45 41 47 -67 -4 46 -42 98 48 -92 -84 -83 -84 -95 13 -24 -99 81 -2 19 59 0 -68 98 -5 -69 -20 -28 4 -87 54 88 26 89 -91 -50
-46 -54 20 -2 -79 -39 -5 -67 70 49 -42 71 56 -77 51 78 -90 86 -20 69 29 -15 -52 7 87 -50 -12 94 -46 14 -82 66 5 89 -49 16 -51 -91 -37 80 -28 -60 56 17 -76 100 60 100 -61 5 -9 55 36 -51 84 -96 97 -54 25 -46 22 -44 56 25 11 87 18 28 50 55 71 -1 -6 70 -17 -62 -38 28 -85 -68 -38 -32 49 57 2 8 86 57 39 -26 -30 -60 13 51 -77 89 4 -65 38 29 91
9 -34 -35 -37 -84 -8 17 -70 76 -45 -23 -88 -29 -16 50 1 58 25 30 38 68 -45 24 55 13 -2 -11 -100 52 73 18 -11 -88 59 4 60 96 -78 -21 -12 -77 -94 -36 34 47 17 -55 21 83 -93 82 -14 -14 11 -2 18 -53 40 27 -11 -84 -65 -26 -86 43 -76 -99 -5 15 -41 -50 -62 60 -73 82 10 -98 -1 -27 81 73 64 40 -96 95 22 -4 25 -54 74 -46 43 -7 -94 -91 47 57 -47 20 -48 39
-32 -70 22 -71 -60 -50 73 -13 86 12 -66 -23 39 53 33 79 69 -34 -50 -77 -26 11 67 93 -81 63 -62 -58 43 9 -2 -30 95 -37 -78 -58 46 59 56 98 -45 3 -4 -40 -82 -18 -62 -54 3 -35 -53 25 -88 43 -90 64 -16 -35 -68 -3 -8 69 -53 29 69 12 19 -64 -8 -23 -98 17 -83 -98 -72 -47 64 31 -41 -29 68 37 15 -23 100 9 -8 -91 53 71 -91 75 55 18 -13 -87 74 -72 25 -20 10
-54 -45 58 -33 37 -72 -93 47 -67 13 -95 -69 -31 75 -78 -7 69 -95 -54 -45 7 62 -73 47 -4 21 -44 56 -93 -73 15 -91 -23 70 18 71 -22 -60 93 10 -99 38 57 4 -52 -35 59 -36 -34 -37 -100 14 50 -30 -46 -97 -95 -85 43 -99 94 76 38 -4 -11 89 -21 91 -47 -2 56 98 33 62 85 -95 -80 87 -28 -88 -51 -61 -76 47 74 -93 -9 67 -89 -73 -45 -45 7 92 59 -73 21 -92 58 -59 8
-42 -22 -16 -32 -38 72 -16 -37 14 83 -27 -12 93 27 -35 -51 -52 -79 38 8 -49 7 -67 37 -78 99 73 54 54 60 -14 56 83 67 89 68 -32 -28 -63 100 93 4 -32 56 62 -5 -42 -11 38 -57 -4 90 -25 36 -87 -71 -58 4 -19 10 99 82 63 -44 73 -54 77 -59 -39 -50 94 65 -54 92 -16 62 39 4 83 92 98 66 70 69 -22 74 -54 -98 -77 62 71 58 69 -28 -99 86 89 38 -2 -38 41
-87 -55 46 20 11 40 -38 85 -56 27 -49 12 61 22 -42 -65 43 -6 79 -5 83 59 82 -95 -62 5 22 -34 5 14 -50 10 -63 99 73 -45 60 -12 82 -100 -60 -28 -100 -11 -77 67 4 100 -42 92 16 -49 22 -90 -23 26 -56 36 23 10 -73 -77 72 25 -60 -29 48 74 -99 -78 81 -60 -17 -28 76 86 59 -50 75 -77 49 57 -98 -66 67 39 82 -5 -71 -24 -9 16 -3 -46 49 35 -25 52 -57 91 -6
24 49 -28 -53 -87 19 29 -75 98 83 -94 -54 39 20 57 -20 41 88 46 54 -88 47 12 55 28 -20 84 -89 66 83 11 -87 1 -11 -2 40 21 50 21 -54 -49 -13 92 -27 -55 -1 70 83 2 46 -87 39 67 30 52 -5 -68 91 -84 -85 -50 27 27 77 -29 71 -18 -86 -69 -56 10 -24 51 56 81 -24 -70 -96 1 -41 71 65 55 -4 -42 -35 29 76 9 -90 -86 80 -33 41 -38 -5 -26 13 -28 -4 -3
