1.107815
-0.182762
0.066509
0.202119
0.267069
1.262433
-0.302589
4.015009
-1.224785
1.205177
1.312901
-0.665797
0.233573
0.090066
-2.573456
-0.600907
-1.329776
0.655687
-1.658840
0.744426
-2.232051
-0.265405
1.799555
-2.441371
1.523420
0.496663
-0.240234
-3.708991
-3.301991
0.463464
2.698865
2.122527
-1.907334
0.628249
-1.759201
-0.394904
0.820591
0.094442
-2.801321
-0.408743
-1.920997
0.287216
2.231994
-1.102634
2.096739
-0.156495
-0.188458
0.399955
1.091605
0.613658
-0.663204
2.029214
1.022937
-0.345652
0.014918
-2.685732
-1.947291
-0.783857
-0.298697
1.556942
-1.184347
0.193752
0.308555
1.070679
-0.804598
0.416719
2.239624
1.977815
1.632630
-0.050328
0.289440
2.297128
0.558868
0.808259
0.631502
1.605490
-1.263602
2.626125
0.166256
1.552682
-0.290882
-2.206794
-2.087092
1.394334
-0.721807
1.139670
-1.596575
-0.097018
1.724641
1.653270
-0.364765
-0.860730
1.653496
0.140661
1.539641
2.710004
-0.781545
-0.342092
0.487909
-0.781359
