2.278438
3.708698
0.867644
-2.131872
0.252698
-0.388101
2.046353
2.292795
-0.440292
1.815463
-3.687323
-0.024406
-3.453427
0.578817
0.040020
1.450844
1.707139
1.284598
-0.085958
2.626133
2.446001
3.694692
3.364242
0.236701
-2.804394
1.405714
3.494891
0.784232
-4.199995
0.084777
0.822182
0.794010
-1.256822
2.472953
2.426106
-2.062180
-0.636210
0.701425
-1.219357
-5.226221
1.297495
3.657069
-0.215949
1.590538
-0.663660
3.132957
-2.286216
-2.813606
-0.636409
-1.338111
-0.282225
-5.295150
-0.187712
1.717838
0.506292
0.136585
2.006581
2.203215
-0.175098
-4.040015
-0.975268
4.751041
0.835937
0.466791
-2.723091
3.581094
5.524367
-3.845078
0.634139
-2.366603
-1.165085
1.282927
2.297852
-0.281574
-1.291704
1.496861
0.161570
2.591221
1.569574
4.486864
-1.382010
3.260026
-0.199342
5.398262
-0.754862
2.199077
1.979503
3.169139
-4.867620
3.633554
-3.179232
2.262683
-2.977287
5.599893
1.138087
0.010096
-0.573345
1.931558
-0.605311
1.775115
