2 41 79 -51 89 -73 52 -26 -55 -78 -55 10 22 62 -48 15 -14 91 -12 66 -44 69 28 85 -6 46 40 75 -76 -72 -95 89 -79 64 -77 65 -60 -75 -37 9 32 92 -36 10 11 4 25 63 -87 -88 -92 -9 -3 -93 -12 -4 -61 -24 49 -13 -14 -76 19 34 -29 77 -8 56 98 39 14 17 46 23 40 1 -17 -49 12 19 68 -39 53 -44 -72 70 14 65 -93 32 -84 -71 68 60 -78 99 -19 -85 68 75 -37
75 -36 18 86 50 -24 -16 -89 -47 78 74 17 -63 71 47 57 -74 -6 -86 41 65 10 -22 -78 93 63 90 50 -69 50 17 76 -57 -37 -32 -87 -19 76 22 -84 -32 -99 -13 -73 92 1 82 81 -69 -88 97 77 -57 100 -10 3 -12 94 45 -40 33 94 -96 -67 -43 -6 -5 -72 66 43 -76 -34 89 52 71 78 0 -81 -12 -63 21 53 -22 46 0 28 -86 -33 -99 -11 -100 36 30 74 54 54 -31 61 36 -95 -41
95 -64 -2 -59 -44 -58 -42 -87 100 -15 -100 -91 -85 23 -62 92 94 -3 -1 -9 15 15 -18 19 -85 5 20 79 72 18 -13 -49 -83 54 30 -72 17 -45 -73 32 -65 46 -62 -80 81 -29 -33 19 51 24 90 -79 15 -20 -93 -26 -48 -75 53 -17 90 82 -8 -56 -32 58 -1 20 -79 -88 -79 -59 -84 96 -58 78 -90 -93 3 45 -46 41 35 -77 54 72 56 26 -35 -48 67 -74 -21 -77 43 5 -35 67 -26 56 -39
0 22 -31 47 -34 18 97 84 69 -34 -97 -12 89 -36 23 25 -98 27 39 100 100 -2 -88 81 -21 12 -59 -7 -14 54 86 -93 93 -50 47 81 -78 -58 -31 21 49 -38 44 -14 37 27 80 57 49 -30 13 -6 47 50 -69 -47 56 -55 -86 -100 -86 54 -88 -100 -96 -37 33 6 83 -100 79 -58 -82 -51 -5 54 -80 -36 44 56 -62 -75 -17 -6 98 15 20 -40 40 -76 45 -72 -20 -48 91 27 -88 54 -27 95 -5
-35 0 -57 52 63 -81 59 -61 21 -97 -16 32 74 -10 -90 -8 26 -38 -91 -92 3 90 -59 -65 58 -68 18 55 48 -83 59 -20 -72 24 17 -78 -57 -75 71 -31 -99 3 -94 -57 88 -62 3 11 17 -70 -68 -71 77 5 10 -93 37 -8 -1 -95 -13 -95 -19 0 -27 14 15 36 -14 28 54 29 -46 19 94 -84 12 -31 -82 -36 -81 94 -55 -11 19 17 -91 -57 9 -69 49 80 -82 66 -55 9 -60 52 -98 62 -1
11 -86 19 -98 -73 -21 3 79 -4 11 58 98 -79 9 -75 -93 15 -93 -73 -52 -99 29 19 55 91 -63 55 -60 -60 54 43 65 95 40 57 -47 29 -67 -55 -88 79 7 2 48 6 77 20 -42 59 4 57 -11 -40 -60 -93 -55 38 -25 16 97 -33 12 56 -57 -9 79 -25 -2 84 -37 25 87 49 -2 42 34 33 -71 -29 -22 11 5 58 80 8 91 -59 44 70 89 -44 86 -51 89 95 53 -79 -21 -70 81 -20
59 -41 -26 3 -29 -32 49 -7 64 66 55 -84 97 59 -8 -22 26 89 -92 -84 44 -21 -26 42 -99 -24 4 55 35 72 -5 -72 67 -52 48 -99 97 15 -67 80 85 27 81 -59 -67 86 54 94 16 -71 28 42 -78 42 33 -70 53 -19 -56 79 -27 -61 -79 79 30 61 5 37 -52 -53 -17 82 84 -63 66 6 -95 -47 -84 69 -23 -1 87 58 79 -65 19 94 -50 35 -84 68 67 9 -38 -17 6 -35 69 -33 -70
15 -35 -48 82 69 72 54 -25 -28 -64 49 82 -11 20 -64 77 -98 -74 -60 -49 -95 -44 -5 36 66 -21 80 -85 -22 -56 -87 -79 -59 -30 64 74 -43 4 -100 64 -97 -20 -66 41 1 83 83 -62 -84 9 99 16 84 2 -100 -88 63 -32 -5 74 -26 -79 28 57 -87 -22 -91 7 -73 25 -6 -76 1 9 -92 22 -48 71 24 26 -30 74 -51 -31 48 26 83 21 -41 32 -10 -2 66 63 19 -25 -33 -39 50 69 38
32 0 -72 -77 4 -87 -16 64 20 70 -65 4 -63 68 71 96 42 91 -98 38 82 -95 61 39 -94 36 -10 99 7 -11 17 -34 -84 -79 69 -10 33 -18 87 0 0 33 92 46 -68 -32 -48 12 -43 12 82 -28 98 -59 -57 45 0 72 81 36 -74 96 11 62 -2 59 41 14 -83 -12 -19 -55 -31 50 22 14 -75 -84 -81 40 32 -71 64 1 -100 -2 -22 50 14 92 -30 45 -22 -3 35 -12 7 -34 -11 -71 33
-92 92 -99 -66 -59 87 28 42 70 -76 -3 67 69 -7 73 46 -34 -93 5 -49 -7 19 -2 48 -100 84 83 -22 12 -7 -4 -29 -90 -98 -80 45 91 12 -64 57 -57 80 -76 36 -18 69 74 89 81 63 88 89 -50 40 -76 -3 -39 -13 -67 -8 -74 -67 -78 21 -5 42 -82 70 -54 20 37 80 66 80 -41 -96 11 14 63 -33 62 -88 -95 2 0 -91 74 54 57 -41 19 65 -50 72 -87 92 40 -38 -97 -94 -81
94 13 24 53 -34 -92 39 37 -69 -44 15 63 -51 -46 -83 46 -48 -58 -96 28 7 -6 -24 -79 75 56 -56 -13 99 -97 66 -31 90 51 -86 34 86 -28 -73 -48 -81 -22 66 -42 21 -69 -48 51 -22 27 -39 95 -96 29 81 -18 -31 -69 -6 8 -19 87 79 -40 86 -12 75 19 65 -79 -91 -63 46 -25 29 34 47 -26 -80 93 46 -44 24 96 -95 -72 90 -22 2 24 -25 -96 -84 -22 81 -46 -88 84 65 -64 23
56 87 -54 -41 91 76 -72 -70 34 -64 -54 82 -36 15 -4 52 2 2 -70 -11 -78 97 -99 35 -5 27 94 -59 99 -36 2 94 31 75 72 94 -48 77 2 -31 95 76 -16 -56 -86 30 43 25 -65 -67 94 39 41 20 18 83 52 22 -84 31 18 -67 -62 72 -64 -61 -14 76 18 -86 -27 -9 -74 92 -86 -90 -53 30 88 -25 75 54 24 28 -85 70 2 60 45 28 -46 -94 -97 54 -84 94 94 36 25 -30 34
-2 28 90 -4 -20 96 -77 94 -40 7 25 55 72 -68 67 -98 74 27 85 -10 96 17 71 12 62 61 -43 71 -5 -100 12 21 4 69 86 -59 -98 61 -74 -47 -65 -8 -7 -44 -97 76 -67 -95 100 17 79 -55 56 -13 -64 -28 25 14 80 33 9 -92 -41 89 9 16 -63 14 -33 -17 -57 77 -9 -43 68 49 -58 -79 -11 -13 60 -32 60 -50 -2 -65 61 58 90 -41 -6 38 31 36 -27 20 -82 -48 -85 89 87
-44 84 -65 64 -62 11 90 46 -23 98 17 27 93 98 53 -68 -23 29 -6 33 33 50 -76 -43 -67 -66 54 -57 -59 -100 80 -36 -43 12 -57 -87 9 -42 -25 -85 -29 -72 26 37 -24 83 7 54 89 41 -48 45 77 -28 89 63 -21 -90 -42 55 -21 31 -85 -60 -81 28 13 -97 -67 31 -79 -16 26 79 87 88 43 -92 -36 47 97 71 27 52 19 -49 58 -1 -32 93 87 -43 -67 -90 -6 -41 91 -46 -57 -52 98
-54 -12 -20 86 -73 -64 50 96 -34 -57 49 23 -61 72 36 -35 -24 -85 -92 -60 -90 -70 -71 52 43 -51 41 73 86 46 -16 -85 -70 -73 92 -82 -43 86 -86 -67 85 -27 -74 -61 45 -83 13 27 -100 -23 -48 -52 -17 14 -87 26 -20 -23 -50 -37 97 54 4 28 -14 -20 14 18 -49 74 -74 -100 47 -100 -59 49 -29 -62 87 -28 11 1 -84 33 -92 -29 -24 95 39 -14 -18 -15 -78 -35 40 -53 -52 28 -30 -89 -59
6 62 -39 70 47 11 92 -46 94 -26 -6 72 68 2 48 -33 -83 -53 92 -37 36 -41 17 66 77 11 46 -10 78 -33 -88 -64 -36 -94 71 33 7 12 77 -87 -8 65 -29 -5 83 82 -62 -86 42 84 66 -25 78 -34 36 80 -71 -36 10 16 5 -78 49 -28 93 68 -100 21 27 -85 44 -36 4 92 -7 -48 69 -68 20 88 16 -9 5 -17 -85 79 -33 -12 43 -43 4 -25 -85 38 -28 -6 -14 -64 53 -13 -78
-87 -23 35 -79 24 -53 -13 13 48 85 94 70 3 50 98 -73 19 -65 44 11 83 -21 -82 -85 3 95 -66 -37 -33 -27 99 -60 55 40 44 82 -74 -28 20 -30 8 67 -88 -53 81 75 -43 -44 93 -83 -99 38 80 82 -78 80 77 57 -48 -63 -76 69 73 -45 59 12 -32 18 66 -26 -72 38 19 75 10 -55 -9 -2 -89 -97 41 -57 66 -75 16 65 -35 67 -20 44 -70 69 6 -36 53 66 24 -10 -88 86 -44
-57 46 -63 -11 42 -74 -75 -64 -31 -66 -48 -85 64 31 -3 36 -26 -51 -27 -49 -5 -23 96 -100 -9 47 60 95 -89 -79 -100 94 -26 -59 32 17 -52 44 65 50 9 -65 46 37 76 38 44 92 -69 -49 -100 31 42 -1 64 -34 -77 -77 -64 84 64 -82 10 -88 84 16 78 40 -55 -64 19 37 -91 8 -11 7 87 -5 84 6 -52 -29 67 -96 -3 16 75 39 -48 -39 3 68 -53 51 -37 -82 50 92 -40 27 -71
68 -26 -94 90 -98 -61 9 45 -54 -68 45 27 -22 -24 2 69 82 6 87 71 64 73 74 11 75 21 19 64 40 98 -96 47 48 61 -57 81 3 -1 -80 -50 -42 85 -32 72 -54 -47 -94 66 6 -30 88 -93 -49 -77 -5 -89 29 37 5 -71 -92 -100 -8 31 -90 -77 99 67 -21 -90 -73 -23 -83 76 -19 3 -14 -54 -44 -42 -9 45 11 38 12 -31 93 -15 60 -10 0 -39 -20 93 12 64 81 7 -74 56 52
-70 -51 -33 -56 74 -71 35 80 46 -18 -15 -52 -42 -46 -91 35 36 -30 -16 -55 83 40 -9 -76 -87 19 -60 92 70 -16 -33 -30 -24 -100 -94 25 95 8 -74 24 59 38 13 75 -90 -76 90 -82 24 7 82 -38 -13 -13 71 -2 38 -97 -5 -46 -60 57 -36 43 -56 3 68 -4 94 33 0 66 20 72 14 -26 -13 63 91 -96 -22 -83 15 -32 -85 -69 -55 28 70 -89 -93 64 50 5 -44 81 -8 -46 5 4 72
-21 -42 79 -21 52 -62 -57 69 32 -14 81 6 -10 20 0 27 94 -72 26 -40 93 30 -44 98 91 -66 71 -76 -37 58 82 -25 -32 89 86 -71 -11 -75 -51 -91 -55 -45 -43 20 -89 -86 -73 95 -93 71 24 70 -14 71 -50 60 -59 -5 -29 75 61 2 48 37 12 -1 -13 48 -88 -21 -52 -49 -58 -12 -87 -13 -94 -12 51 -90 59 -37 -32 29 -47 -48 -92 87 18 -51 -48 -22 33 -91 -10 38 93 -57 -74 -27 1
68 1 -11 -66 -96 74 -39 25 21 -56 -87 -12 34 9 42 -13 61 -14 46 -37 32 60 -66 -63 84 79 70 13 68 38 -38 -48 3 -76 66 -55 -19 99 22 -79 47 11 11 -43 -32 22 73 -3 -43 93 -82 34 91 -73 -62 -44 -6 -92 -76 92 21 43 -46 -6 -23 63 1 -6 -61 -95 43 -7 -53 -88 27 -68 98 -37 -70 32 87 61 -54 65 61 -93 -93 -93 52 -11 3 100 83 44 10 71 -44 27 46 -35 39
-55 2 -27 27 21 -30 -99 -93 -32 21 42 -57 56 -8 -37 -70 8 -94 81 18 9 -43 -16 10 87 -32 99 -75 -67 -65 -26 33 64 -26 -22 -33 41 15 45 -72 -76 -96 37 -42 -58 88 15 3 -95 -99 -54 87 66 -13 70 28 -83 -41 78 15 76 93 78 67 -46 87 29 -29 95 -53 6 -8 -66 -1 -92 -82 -93 58 -85 -65 33 94 49 12 -24 -29 6 -52 -68 -36 35 -81 48 90 46 69 -54 24 80 -24 23
47 -76 -13 -53 -26 28 -11 -10 -25 38 -3 49 -78 -85 75 -12 -1 43 0 -35 -88 49 1 -41 -71 42 -92 -25 55 -40 -49 -40 -73 44 1 18 -98 94 8 88 24 -19 65 17 -64 -38 41 -28 20 -13 89 43 53 -77 24 -36 75 -56 88 62 -91 -58 -61 -75 28 36 97 84 -79 -85 33 -73 100 -97 30 60 -16 72 -3 -82 85 -77 -5 -38 28 1 -5 92 -28 -100 -51 28 42 16 20 68 12 -45 82 66 99
69 19 -64 -55 97 -91 -48 -100 100 -32 -78 56 -91 -90 -29 -26 -38 69 -32 15 -32 -25 -28 -43 -90 13 -37 -57 -55 -94 32 -28 54 -69 45 -65 -81 -81 -29 55 38 11 -97 87 31 4 -70 -44 75 -29 24 24 -4 -87 57 62 -21 21 -66 38 74 -42 -9 44 -15 5 -74 98 83 76 -32 -66 -54 7 95 -98 34 57 22 91 40 -49 -30 -13 -11 -63 55 30 -20 20 42 -29 87 40 100 -47 20 -19 71 -19 -2
26 42 -44 -71 100 69 -57 59 10 80 -26 -12 75 -86 58 38 -39 -59 70 30 -64 -89 80 -56 15 -80 -100 -63 -57 -10 -8 -65 10 55 86 -100 7 -32 26 -99 59 -5 13 26 82 60 33 -25 -2 -1 1 86 -36 3 -5 16 69 54 -9 70 93 -3 -70 -48 -56 22 -99 85 -69 42 66 -47 -34 -87 100 -46 -33 54 2 49 -8 -24 32 68 -86 -71 58 81 46 67 -11 -8 -3 -40 -43 58 -41 -39 96 -39 -9
32 -90 52 56 68 -81 36 -52 57 45 -65 75 89 53 -83 15 48 90 -71 85 100 96 60 -100 -68 -83 32 -90 80 -37 32 -36 65 57 82 -91 12 -24 16 -28 17 -6 -81 0 -42 5 -41 24 35 -1 -21 -76 90 22 91 9 -48 -74 67 49 -70 -10 1 -77 -21 -62 -85 -16 -35 -4 9 -42 -38 59 -27 -7 -9 7 -77 -28 39 -21 -13 51 63 -69 -39 100 39 -18 -43 -71 75 -27 -49 -4 42 87 71 20 80
-38 75 -62 23 80 45 50 -28 -38 11 -94 -41 -96 -45 -48 36 19 -11 99 -66 -87 -40 -63 20 -92 -46 -69 77 -35 60 56 74 75 31 -43 -35 -80 84 84 -79 11 80 10 -18 33 50 -16 -5 20 -43 70 35 -22 92 -87 80 -60 91 -28 -72 -16 44 -35 23 -3 -15 21 52 -54 -8 -35 -35 -100 34 13 -3 -18 31 83 -56 5 13 1 41 52 9 -47 71 -19 60 85 28 -71 45 83 -51 83 37 -16 90 70
-85 36 27 -83 71 -34 -74 -69 -100 57 96 -82 55 21 -60 -12 -19 -26 45 55 88 61 24 -60 -48 -39 -67 -34 25 -2 62 -3 10 3 93 50 -28 40 -13 82 -21 -48 78 -88 -37 -44 7 -13 47 64 -74 85 -51 -52 76 -81 84 -30 -35 12 -67 73 54 42 -80 -38 -10 -87 -65 8 96 -35 74 42 -9 50 -53 34 -87 -8 -92 69 13 17 -95 3 33 -65 -66 -8 -95 -53 19 20 96 24 17 -92 -4 0 -36
45 -92 9 -37 65 81 17 -70 -14 -87 79 -70 -59 -29 72 70 37 -39 67 15 32 55 -29 -87 67 62 -42 -31 -29 65 -32 47 30 17 7 94 15 53 -32 89 11 -71 78 89 54 -61 -93 -7 30 -80 4 -86 86 51 -71 -17 40 17 -5 -74 -91 -81 -99 -46 63 -75 99 -30 48 -98 -1 60 33 -33 70 -75 65 91 -19 97 18 29 16 -44 -10 -76 10 0 33 23 25 18 -33 -82 -39 -38 33 62 44 76 -47
75 -91 21 5 -26 21 62 78 94 -7 57 -67 94 -70 17 -90 85 -100 -25 -42 -19 -96 -92 100 18 -72 -29 84 -3 1 -26 -35 -9 -27 -40 31 -69 87 -59 -59 86 -92 -48 -3 -89 27 -80 17 -59 8 8 -23 28 -57 4 23 -72 -75 26 77 58 42 -57 14 -71 15 3 -86 48 -99 -51 43 1 95 22 95 -50 40 43 31 58 -35 5 17 60 -17 87 99 -73 -4 68 -1 2 8 -81 31 -38 -97 2 -49 -12
86 22 -43 0 99 -26 39 24 24 67 -89 66 71 -48 -65 6 -74 -83 61 -52 -14 1 -74 -53 3 -80 14 -98 -12 -36 8 -31 51 34 -2 88 18 -42 -52 1 39 -24 42 82 -61 -49 -63 64 -85 37 44 -41 63 -15 70 82 53 59 72 40 19 18 -87 -61 88 -18 -56 -16 -42 61 -80 43 -80 -32 29 -65 94 43 -2 -16 100 -23 66 -54 38 38 -69 76 3 74 16 99 -18 82 -67 -100 3 14 -32 -94 55
-27 71 -60 -83 -62 -42 15 -55 2 -97 -20 -71 19 74 -36 100 94 77 93 72 76 24 -25 -12 70 -98 46 -42 69 -29 52 -63 93 -2 42 42 98 88 79 -50 -66 40 42 -7 62 -34 81 -79 -100 38 -40 -83 -98 75 -92 52 -61 22 -95 -28 92 -71 98 -95 -68 -9 75 -88 18 -94 -97 90 9 -56 30 55 14 64 -65 18 -38 -69 -93 90 65 -37 96 -98 73 90 92 82 2 68 -57 -57 61 -61 -23 -35 18
-75 -55 95 -49 82 16 -45 -75 60 -70 47 17 32 -99 12 -17 77 -87 -16 80 1 -19 -49 89 88 6 -80 -54 88 -99 -39 13 -61 -52 61 -80 29 50 -36 -49 47 29 -91 -81 -38 -22 43 84 -47 70 -17 44 33 74 11 -53 86 -97 -19 -20 -30 91 -51 -36 80 -76 84 -62 11 74 -49 -40 9 -11 28 57 -49 54 58 41 -8 -52 90 -95 82 71 36 30 -58 58 -98 -81 -65 66 67 -56 8 17 5 -84 -17
-26 -36 -21 -34 26 -70 65 -57 72 -41 -17 27 29 29 -96 59 -55 -63 79 -44 89 -84 -90 69 100 -80 17 76 52 -70 -34 10 -26 -23 74 -31 -59 -38 6 85 -19 39 40 -79 48 -84 88 91 -5 -14 -49 -39 -58 49 24 -30 89 34 6 46 -36 -62 45 2 96 -4 78 54 -4 -80 46 48 55 49 -62 -79 56 -68 -65 -45 -20 -100 96 -81 -64 -29 3 25 -68 -88 52 7 -68 70 38 -20 93 32 -9 -100 42
39 92 8 8 -62 -21 2 -84 61 60 -25 14 28 -1 -79 -39 -71 -10 -62 -2 -62 -8 -65 9 -86 -51 59 71 50 -40 -49 87 -88 -25 -74 -28 -31 62 -31 -29 46 63 81 -34 6 93 14 49 -1 -68 40 36 13 46 -73 5 -11 37 -25 -14 -19 -15 60 56 -10 64 -18 -43 72 -99 66 -69 -83 82 -60 18 94 97 78 96 -44 68 88 -5 38 -33 -91 -26 34 -81 75 85 68 -68 -76 92 64 35 98 -19 67
-12 39 -61 41 82 81 -97 -78 62 -65 -23 41 14 -79 67 90 76 13 56 82 -100 34 76 43 54 -65 13 54 78 -56 91 67 -98 -100 -59 -48 -50 11 28 -7 36 35 -15 -32 -32 -100 60 -37 65 -46 8 65 -54 -48 43 -62 40 -22 30 -84 45 84 -25 -31 -62 89 -53 12 -11 -41 15 85 100 9 19 13 2 -82 -41 -75 89 41 -22 -99 40 -39 -37 -84 18 77 4 -28 -88 -40 94 -15 71 -21 -93 39 -9
43 -20 -68 -54 40 52 -88 -46 -41 -24 -43 37 99 -7 -31 -59 -79 3 -93 45 75 -66 -82 76 -89 68 -51 8 -4 96 65 -9 98 -1 87 7 -29 -93 -85 -28 70 10 -23 -30 18 59 -78 -63 -40 -70 51 46 -54 -17 72 -9 80 -61 -49 34 32 -72 54 93 -28 57 67 -90 67 51 54 -75 13 -22 -95 -37 21 46 87 -45 28 59 -36 31 72 -49 -11 -67 82 48 -22 68 -37 85 -20 -13 83 -57 62 52 44
74 -93 41 -46 -84 -100 56 -43 53 -86 7 -50 56 -70 -18 -4 71 60 22 -41 43 -21 -47 -92 7 5 44 -86 29 -6 66 -47 -61 -99 -3 1 -93 -4 0 51 -64 -35 -34 -96 83 2 -59 18 -73 18 -32 71 93 -72 -45 -74 41 -74 -5 -75 -42 30 84 91 49 -21 89 -9 -82 -64 56 -50 -83 -54 54 81 69 -6 -96 34 -25 -47 -8 41 22 -29 72 41 -41 86 66 -96 -86 44 -100 37 -64 77 -76 21 -45
-86 -8 -15 75 41 47 70 42 -94 -68 -80 -2 1 44 -33 73 41 -11 5 3 -37 66 27 -84 -36 -98 -22 68 -99 -32 -95 93 41 -54 77 36 31 76 91 -21 69 90 18 -63 -97 -82 41 -20 -1 16 -87 -92 -19 86 -98 -98 -81 35 -75 46 -25 -81 65 -87 -8 -56 -83 -52 15 23 32 32 82 -75 -6 15 29 82 60 28 -14 -100 13 -8 64 35 69 53 90 92 -17 82 62 14 -5 -95 23 -37 77 35 87
1 1 -93 76 -88 -34 -50 -44 -52 -11 -40 -6 -44 -75 21 -62 -67 15 -81 27 -68 57 7 83 -74 75 -94 79 -38 -81 73 4 -77 -58 6 -100 100 67 -1 -11 48 -37 71 -62 -61 -43 -41 32 -6 -49 64 99 38 75 -7 -12 -7 -70 89 65 81 -8 -78 52 16 -89 39 -83 28 33 -92 -91 83 -67 64 99 -47 -72 -6 -64 96 83 20 89 -82 52 72 20 63 -10 -46 -89 16 -91 71 -35 -71 88 -9 -14 -28
-89 -6 -24 -24 -48 -28 -36 -15 61 -48 74 -16 73 -82 -25 -97 58 11 -31 94 48 -43 -49 69 61 -63 81 27 88 32 93 96 -18 14 50 46 56 56 52 -83 5 -36 -98 82 53 -45 -74 57 -28 -97 71 84 74 1 67 -2 72 -61 -87 38 -72 33 -72 -74 -32 -47 38 -85 87 68 -89 -83 -76 -35 -17 74 52 -52 -87 -97 21 83 6 -86 -46 11 -13 -90 66 80 -45 -100 29 -3 -26 -46 -31 -15 100 -64 -36
-36 36 -57 -37 -97 -94 1 -16 73 99 -20 72 -73 -22 10 -16 66 -47 -44 -17 -53 -2 95 -100 12 -66 -37 -94 86 -55 85 20 -87 69 89 -3 -38 5 -26 93 58 34 -71 52 11 78 -42 -50 86 80 88 -75 29 0 76 70 89 -58 4 -62 -2 85 63 78 -99 -5 33 55 96 -93 -95 -75 60 85 -19 88 -39 -6 30 34 11 93 57 7 -59 80 -42 0 -71 -14 16 64 -8 -8 -27 4 -69 46 69 25 37
46 -9 43 56 -67 65 25 60 -15 -4 -38 -92 67 -18 44 16 -55 2 -15 -28 4 2 90 -36 -11 -18 19 -27 60 -14 54 -72 -60 -81 -44 81 62 -15 79 61 48 93 72 -47 84 -2 97 -84 -39 -71 79 9 -20 79 -93 38 59 -100 17 -4 -90 40 -40 -66 63 16 26 65 38 65 -86 -29 -28 -100 46 -37 -87 -56 -3 -85 71 41 -15 -60 -46 43 -95 60 -96 33 -50 54 63 3 -95 -99 -69 -87 -19 17 -20
-14 -54 64 1 85 59 -59 -38 33 15 -86 85 17 -20 -31 2 93 -31 100 70 -8 89 67 -53 -49 -37 17 37 60 70 -38 78 48 -70 4 72 0 -76 11 -67 64 -61 -100 75 28 19 -47 74 -94 3 35 -81 -15 48 -70 -88 -61 -96 -4 92 -56 -26 100 -41 69 -86 42 -19 -86 8 40 -50 -9 10 58 -30 87 3 99 82 25 -60 44 -53 -28 -90 25 -20 33 -30 90 -35 37 -81 -30 -62 -85 -13 77 15 -59
-24 81 12 59 17 -65 17 -2 34 -38 -72 -51 -3 69 53 21 4 92 11 0 -24 32 36 -70 -86 77 77 -34 -24 87 -11 79 74 -34 93 19 -69 84 -29 79 38 -62 -82 16 -1 -34 -30 93 18 -10 -51 62 -37 -88 -27 61 45 24 66 -85 -6 -60 90 -64 35 80 99 47 -9 -18 71 53 62 2 6 26 19 -84 2 -41 -68 -100 -46 19 29 32 89 96 -49 -91 56 -88 32 87 35 28 96 71 2 40 86
22 61 69 -13 -7 -59 -71 -90 13 86 49 -37 81 -62 -78 77 17 -74 -18 17 -22 32 74 84 -67 -8 66 -24 -25 -57 -41 76 86 87 -40 100 56 67 22 -99 57 -75 80 9 -38 -44 79 62 -95 -25 -86 -2 -92 -10 67 -32 -56 -43 -31 6 17 -49 -19 55 43 -51 19 7 56 32 -37 -90 -76 -50 96 83 35 -30 -24 -83 -42 -2 -83 -35 54 -17 47 -72 72 40 -100 -85 -75 -81 -10 -34 85 -34 49 41 75
32 81 -16 -84 -53 -28 83 71 -98 91 99 72 -38 30 -4 -87 -39 -89 99 38 12 -32 83 -24 -53 34 -69 93 -43 88 -19 -62 -32 -91 -73 28 3 -5 -49 61 91 -31 43 -2 -6 8 -57 -89 -70 41 -22 -69 -21 54 33 -37 47 92 56 -98 -95 -35 -98 -65 -46 86 -97 -92 -41 39 98 -7 -71 -90 -21 -43 65 91 38 72 -4 40 62 -26 -8 15 21 -30 18 35 -95 1 97 8 -48 69 32 -95 -27 -65 44
52 6 -21 87 -70 100 29 -92 -90 40 -52 -69 66 -50 39 -8 -45 66 87 80 25 70 46 -61 -24 71 -58 19 -9 -25 -26 36 -83 -50 6 -97 -42 -97 -78 -12 68 62 1 54 46 -49 50 -48 -59 -82 -12 -4 75 -64 25 77 -83 1 20 100 80 47 -19 62 15 43 -23 32 -25 -92 42 44 28 -42 97 -86 -52 99 43 41 26 -48 -62 76 90 55 -63 -73 92 2 -82 -80 37 27 -97 5 44 28 3 24 -46
37 -72 -13 63 -60 7 81 -60 -31 -83 19 76 86 -78 81 -10 -89 91 93 51 -83 29 -53 -39 -83 100 69 -26 -96 -28 31 44 60 66 -78 7 -31 -82 62 42 -76 -14 98 25 -45 -24 -92 57 40 -22 -64 -25 -36 -92 48 53 -36 -77 -98 -65 -12 33 -75 54 -14 21 83 77 76 -22 82 15 38 -4 46 -29 100 -58 -55 52 91 48 -73 -26 -17 -72 -22 71 46 100 38 75 57 -62 -11 97 29 -89 -79 21 -11
-81 36 -39 -64 -46 94 80 83 -68 -3 12 -100 48 -7 -36 -97 29 -31 32 75 58 75 -62 13 -6 -20 -44 96 22 36 74 -25 -72 23 -81 -78 -50 -62 82 -78 69 29 -31 96 -73 -20 85 -1 -22 -18 51 52 -49 -81 -99 -31 60 -80 -64 69 -63 71 53 -91 -85 -19 49 57 63 41 14 -51 30 -87 -95 44 -66 81 -47 -99 1 13 96 -20 9 -66 73 -26 -16 -87 28 -21 -66 78 47 -7 50 -84 -88 40 -80
68 86 -49 -78 27 -8 23 79 -73 41 -20 50 21 -37 -39 59 -79 82 -20 64 6 -37 32 -21 -72 -15 92 3 -16 55 -57 82 56 -47 -62 -45 77 -49 73 23 90 -39 16 38 -49 97 -2 -77 96 -15 -96 59 77 37 -45 90 9 25 -85 -31 -11 -33 80 55 16 61 -92 -75 10 85 34 -10 36 92 45 -39 -21 51 75 -59 6 0 -75 29 67 4 1 -70 90 -47 97 11 -29 85 -72 42 -15 -48 -92 44 15
-63 59 -48 -57 92 72 -65 18 51 100 -90 -62 25 59 78 97 -97 -96 84 -72 -79 12 -6 -19 -55 43 -10 65 30 -84 96 1 16 68 -10 29 -20 72 50 -11 85 82 14 87 -59 35 -10 55 0 -44 54 36 -19 -34 5 85 75 58 -80 35 31 5 23 -84 -15 -41 -10 -83 10 -68 -42 55 22 31 -20 82 69 98 -41 -63 -26 -80 67 -72 -34 -72 -6 16 -90 -6 86 -43 31 -79 41 89 -91 100 89 94 18
-12 -59 25 -79 52 -98 -1 -37 91 -78 -81 -95 39 -11 90 3 -37 47 91 28 75 100 -37 -55 32 -97 -17 -76 -93 94 -20 -85 -95 54 -94 86 42 28 -96 -99 -94 64 35 -45 99 -49 3 -35 83 72 -5 -41 -17 -35 -7 -57 51 69 61 -1 42 31 55 -36 97 -14 69 94 64 47 -21 -81 61 21 46 23 -69 -16 79 -19 63 -26 78 97 -74 -63 -98 40 16 -73 -5 30 -88 -16 -95 -77 -74 -70 42 -4 19
88 -54 21 -65 -69 -82 98 95 -5 -62 35 48 -13 -40 93 35 17 45 -50 74 -35 -61 65 -27 -41 12 98 27 29 44 68 75 -48 45 72 -98 -81 87 93 -93 77 50 57 70 -91 13 -94 -95 -47 -29 -19 -53 -96 -28 94 28 -49 20 -68 -13 57 -27 16 77 58 30 65 -8 -1 -98 -17 -93 90 -83 -94 5 43 -23 -71 -35 23 15 94 27 12 -12 11 3 -88 -48 0 92 -51 -24 -55 -31 -30 -23 91 -37 -8
94 -7 21 43 25 -14 15 -39 51 -100 72 27 66 -8 43 -11 -70 -40 -46 72 73 11 -97 73 36 38 35 94 -55 -61 7 -45 3 -23 0 41 -90 -70 -68 -3 60 -28 42 -97 -60 -54 64 -19 65 -42 -54 -87 59 46 -71 12 -95 37 -23 19 59 -54 53 -87 54 -58 13 -82 -52 -7 -90 26 -79 38 -26 -80 -49 5 33 -39 -50 76 -36 76 19 -97 92 -27 94 -42 -95 -5 57 -56 25 27 -27 -69 -94 -26 43
-45 72 -63 53 -38 57 97 -28 9 49 53 56 -50 -46 45 28 81 -78 8 55 82 85 -78 -92 17 -1 -9 -88 67 -79 21 9 9 58 -35 92 -44 52 -68 32 61 -2 12 -48 57 -51 -9 31 31 -87 -94 -8 -60 -96 -16 -17 -52 27 -97 88 55 55 -34 -99 -31 -34 83 17 62 -22 -9 -22 -23 14 65 18 -62 -82 -100 -83 87 -100 88 31 40 43 37 -81 91 77 1 -21 15 -38 -49 -2 -70 -6 -12 -62 40
-35 -85 -65 30 -98 -72 72 82 -91 22 -73 56 -25 55 23 5 73 -90 89 17 78 -94 -37 -34 14 -9 97 -59 84 -57 30 53 83 -39 9 59 66 -50 -47 -71 19 98 93 -87 97 -86 72 -92 65 87 -64 2 -3 91 -61 1 6 75 19 64 -15 5 -16 27 20 77 90 65 92 -64 -66 12 54 -81 42 64 -25 43 -69 20 -44 -54 74 -92 45 11 79 -37 -61 -14 -10 -46 38 -33 -30 -59 -57 -35 73 88 -19
7 42 -84 -22 -7 7 71 -47 43 81 70 -25 -36 92 42 -32 93 47 96 -31 -19 93 -81 31 -80 52 -13 55 53 50 61 67 -48 5 25 22 -81 -46 21 52 27 -34 -72 43 30 32 10 -67 83 31 71 54 42 21 95 5 -65 -49 -24 88 -33 -100 -31 13 -56 -13 53 28 -74 88 18 78 -57 44 51 11 93 -68 92 -59 -69 22 -64 -27 41 70 46 -1 -17 60 -56 -15 83 23 -56 61 8 2 34 40 -69
50 -56 21 13 12 95 -29 93 53 -28 39 79 -4 24 -58 -42 -79 97 22 -62 -50 -5 73 17 37 -36 -42 -66 92 -83 -80 95 3 -59 51 12 55 -62 14 8 23 12 61 3 -82 -13 -98 85 -70 29 -11 -80 73 93 -21 -68 -91 46 71 39 25 100 -83 22 26 100 69 -17 -23 -31 66 65 -29 -58 -20 16 23 -84 30 -59 77 55 -17 58 12 -60 7 -40 -25 -6 54 7 26 43 -39 -44 -16 68 -35 -10 15
-82 -69 12 -10 -92 -61 28 85 0 -92 -38 52 -73 -34 2 -57 -39 -78 -38 -74 83 -74 36 66 -29 -13 68 34 -68 96 -97 -16 -58 43 -18 -65 -31 -13 -34 60 58 -23 -97 87 -36 -35 -45 94 97 -66 4 -44 57 -75 68 -24 33 -52 -85 -85 74 100 -27 -62 80 -14 -10 -77 -1 40 -25 28 8 -37 83 56 -57 -81 -60 70 -92 -64 73 26 -55 0 -75 64 -40 -55 96 30 76 5 -62 62 -30 -48 -53 -71 74
-61 4 2 -35 68 -88 -75 87 23 -89 79 -28 59 -89 -8 -21 1 -9 43 -73 91 93 24 43 41 67 -39 11 -82 78 15 -69 7 -71 5 98 -89 78 -47 -61 41 -73 -1 -46 51 18 51 24 57 85 94 -59 43 89 93 77 -47 68 66 -24 -49 73 100 54 -24 28 -54 44 83 51 -83 84 85 -87 -45 31 1 52 92 -89 57 64 33 17 13 -52 100 58 -26 55 53 -39 -4 -13 -46 55 -42 -8 -20 -65 8
7 17 -49 -20 62 75 -85 60 -65 86 -60 -84 -47 -28 -64 -57 -28 -60 -5 43 73 -63 -47 34 15 -45 85 7 -43 -73 19 -1 -59 -76 -74 -87 4 -35 -80 61 56 -89 -67 -33 -3 -51 -54 73 83 26 76 -23 -18 -84 -71 -63 -78 28 8 -39 53 77 -79 15 78 53 25 -60 55 80 36 16 -78 32 -65 -8 -83 -15 -11 -63 39 -80 -45 31 88 -8 -19 3 49 -11 -46 76 -8 28 12 46 -93 -26 -96 27 -78
75 -4 -10 10 94 47 -36 88 82 -17 -71 -23 10 19 -33 -97 -95 -63 33 -58 58 86 27 66 7 -15 -97 25 70 83 9 -44 -26 6 -86 81 -37 -57 95 33 1 -13 -24 29 -44 -100 -64 -79 82 -39 -93 -33 -40 54 30 66 92 -91 -92 85 -79 82 32 24 35 -58 90 -54 -98 -37 87 33 -37 -70 -96 22 -58 15 67 13 -77 35 93 83 -98 -68 -77 -78 76 23 -93 16 -17 -25 80 74 99 -18 34 84 39
-93 -4 98 58 27 65 21 -73 -54 96 -27 62 -59 30 -43 17 91 75 -73 -46 -31 87 -97 65 23 40 -14 -73 76 42 -34 46 -52 41 -25 -34 22 94 -31 -19 98 43 -86 29 33 -42 -89 -10 -71 -13 -46 -41 -42 76 -62 -41 70 5 -90 -44 -41 97 -99 93 71 -65 -29 -95 28 -23 29 60 -86 -9 -90 39 62 -38 -24 -27 46 -77 -30 -62 84 -50 -24 42 -26 -26 9 96 -83 66 24 -68 -93 12 55 95 49
-70 -94 59 64 45 -31 -26 42 -43 30 -14 -34 -51 80 -34 59 75 -92 15 1 -26 -15 95 60 -100 71 8 -76 14 -57 -94 -15 -7 58 27 58 81 -19 36 85 -65 22 -90 51 -19 -17 93 58 -17 68 -39 62 22 -19 -84 47 -3 -82 -56 10 36 32 40 -79 44 -62 42 -20 61 -47 -91 38 -9 -28 -46 -62 -41 29 98 -76 -61 -12 -3 -4 76 78 83 -87 0 6 -58 41 85 -80 73 -8 86 -47 92 29 -38
-52 32 -60 -16 21 38 40 -31 39 -74 -80 -51 -48 41 59 -24 -29 -100 86 -8 34 -65 -54 36 21 -94 -83 66 -71 69 -13 -52 79 17 -84 72 30 -55 65 -63 -28 68 71 30 75 -40 75 -70 -61 -21 14 -29 69 -47 89 36 -69 12 -5 47 -36 98 44 -4 -39 31 -81 -21 18 -100 52 -24 34 59 18 64 -80 -41 46 16 22 -5 -10 48 -97 15 -92 -44 14 66 96 -58 -82 -13 -73 -56 69 -51 84 -71 83
-83 -87 24 -86 18 81 -59 -37 53 65 -70 -83 -38 -8 -67 -5 25 -60 10 -42 -70 69 -7 68 -90 -97 -69 -19 -40 75 47 17 57 99 -36 -16 -91 16 -77 -79 19 -98 -35 -35 35 -1 -62 -67 95 -97 71 10 42 74 -43 24 -90 -11 50 49 85 53 -71 -42 53 -68 -13 -28 -60 -13 47 -55 -90 -48 -6 72 -10 -97 -32 -62 -80 1 36 -42 -55 -27 -10 -91 9 25 44 100 69 -65 -88 52 56 -78 -12 -27 -49
-67 -88 60 -30 -86 97 -20 -91 78 20 -100 -19 -97 23 -83 6 43 -38 53 -98 22 39 61 84 -61 2 -7 -43 43 -23 -1 34 -84 41 -61 68 15 -73 -86 57 22 21 41 99 -22 62 -63 -99 -19 67 13 -61 -57 -98 60 -29 14 -69 -33 -27 35 -90 86 -11 -91 -96 46 83 64 -81 31 96 51 31 49 55 70 -11 17 97 -53 86 -83 76 64 43 47 -95 -87 -96 -51 -83 -88 59 -14 4 -93 72 65 -11 -95
-61 0 96 -67 -2 83 53 21 95 -74 99 84 85 -79 -12 30 -33 -51 -50 -8 98 75 -38 -94 -31 68 63 -12 67 42 21 73 79 48 -77 -81 13 15 28 85 27 29 53 -8 -66 39 -41 69 -34 27 -78 -66 -93 -4 41 39 -67 -70 -67 70 4 -88 -98 -50 -16 -83 -17 56 -39 -10 51 -23 46 -56 63 -27 87 -9 8 73 -99 -68 62 39 -90 92 -21 69 -85 45 -84 18 53 28 11 70 -13 -95 -99 30 25
78 -3 -22 -66 -93 0 68 -90 76 96 13 72 41 -83 56 4 92 -6 -83 -40 88 12 -92 -58 81 73 97 -29 -2 56 52 -12 -49 90 12 15 51 17 19 19 -45 -80 -41 34 44 -37 -50 0 -16 31 -24 -78 41 -13 82 -10 42 -88 27 61 26 -92 39 -60 74 98 58 -39 -68 -8 5 -73 46 -67 48 -65 44 -20 -14 62 52 43 80 93 -95 -15 -50 41 8 2 59 93 8 -99 -41 91 -83 -62 -87 -80 31
41 24 -7 3 55 41 -57 -55 -53 9 -45 94 51 -19 -8 -35 36 -61 -69 -4 -35 -83 -89 3 81 -13 58 -13 -39 -60 62 -19 10 74 -59 -1 -98 1 84 -5 -82 31 10 -34 -13 -14 100 -74 -8 -83 13 17 -4 -63 -95 0 -43 10 -64 4 -24 50 38 -56 72 28 -36 30 -86 34 29 -43 -55 95 -87 35 62 -86 -87 14 -3 -18 30 16 -9 47 -53 59 -71 -11 -77 63 -32 20 -89 7 53 28 -72 -73 77
6 12 95 -32 -39 91 18 -38 38 -54 -24 -7 -63 15 -54 -32 -95 94 -39 76 -62 -44 81 44 -71 64 -69 -100 -68 -39 57 68 -59 -87 -44 74 63 28 67 7 -6 -10 -32 96 98 -95 -81 -7 85 41 -7 31 -87 15 23 36 66 53 -17 -23 76 -33 -95 82 39 77 4 48 -99 83 58 78 37 30 63 -49 -20 93 46 61 -24 -42 -12 36 -94 -17 -100 23 7 21 10 54 58 16 42 38 98 -76 73 -7 -14
69 32 -30 -82 56 12 -55 87 -52 9 39 61 69 -19 -77 28 -32 -63 -80 -66 -88 -29 42 95 -37 94 4 37 -30 -70 17 47 4 8 -6 58 -66 -62 -25 -79 25 -14 -77 9 21 20 61 -21 -90 -8 29 -57 97 -53 64 -38 50 -29 -37 -89 -96 -53 40 -22 53 96 -70 43 69 -44 78 98 -13 -92 -76 -40 -99 -57 -52 23 19 21 -27 51 -10 66 -2 1 -13 70 47 52 -71 55 -98 67 -15 0 41 51 -97
33 35 67 5 -59 39 -66 62 -76 -68 37 -87 35 84 7 -30 -40 100 49 32 -60 -56 97 15 -38 64 30 12 -21 61 27 61 82 29 89 97 -55 78 -31 -70 47 43 92 -47 17 -22 28 45 -100 22 -80 54 19 -57 -69 -100 53 71 -78 64 -49 -54 42 90 21 -70 19 29 -96 -38 -34 2 21 -21 -64 -23 -1 53 27 66 -12 -2 97 83 -52 -65 -30 88 10 -33 -19 22 -64 -45 31 -76 99 13 52 -99 23
-92 -65 -87 -69 -68 -61 -94 -27 63 82 -81 34 -52 -35 26 -56 95 53 -93 -76 -68 -5 -29 50 73 35 -50 -37 85 -30 35 63 -85 -72 -79 -97 63 81 89 -61 47 -35 86 80 9 45 -41 23 -72 62 9 -33 15 33 40 30 -59 38 91 91 52 -19 -92 -91 -2 -98 13 21 -36 -67 47 46 -58 79 -48 -50 63 -4 21 19 25 14 -46 -95 41 91 -14 -44 45 -68 -49 -24 -5 97 99 -4 -71 44 -70 97 -72
-98 80 5 71 98 -23 58 93 52 -72 71 -45 46 -22 -91 -84 41 31 80 -50 -66 47 -24 32 -52 -1 -88 -48 20 88 4 -45 3 80 -93 0 50 98 43 -70 -50 -86 -5 89 -45 11 24 21 -40 50 -6 42 37 47 -22 86 -79 -49 -57 79 91 -8 45 88 19 -89 40 -48 -98 -75 -89 75 -50 10 -17 87 66 48 86 90 24 6 -38 -86 74 -68 -28 -12 100 -96 -28 -64 53 53 -82 88 80 -49 -52 -95 75
-67 82 -58 -43 -65 30 75 -99 30 10 -36 24 -7 -68 31 -4 73 -33 -67 33 0 -60 -84 44 93 72 38 -89 85 -99 34 74 -73 -68 -75 34 -12 18 -72 13 -20 32 -50 -48 -15 -93 -96 46 34 17 4 -71 -5 6 -71 -51 -90 40 -4 18 78 -42 -75 -40 36 -80 79 54 -74 55 -6 59 -82 1 -42 82 95 46 -30 -89 49 88 83 84 -34 37 -85 -73 65 -58 -59 -32 63 -57 -60 -7 42 5 -13 85 82
87 66 28 -9 6 3 5 60 76 9 -5 -62 1 -21 1 -79 -1 54 48 -74 -13 -44 61 -13 95 36 -73 71 61 68 -44 -30 -10 -75 31 58 -100 47 77 69 2 -80 12 100 75 -23 -11 57 -64 -72 15 -41 -81 61 74 57 -89 39 90 -48 -75 -91 -52 -77 34 69 34 -38 56 85 81 -57 -49 70 68 5 43 41 -13 -100 3 -13 4 12 100 26 -37 43 56 -27 91 -77 82 95 34 -98 55 21 -85 55 -73
21 -14 -41 -82 -75 -83 50 53 -41 -45 5 -36 12 83 38 -30 -4 -100 -64 -72 -23 -10 26 -84 -57 -24 -7 48 -87 58 52 32 11 -48 -69 -40 -50 97 42 38 39 55 -72 1 55 -73 80 -3 6 67 -30 -45 76 -89 45 74 33 76 67 -57 27 -58 -92 40 -22 -92 40 -76 -11 96 -65 1 42 95 -26 -75 94 -75 -90 -97 24 -52 95 -44 51 62 85 70 32 53 -51 -6 -27 15 -95 -93 29 -5 1 -3 80
65 34 -3 36 53 85 -28 67 48 -95 -60 9 55 -3 -25 55 25 -39 -50 78 -53 -40 -22 -8 62 -38 -3 76 39 68 69 -88 -55 78 94 -65 -81 -79 22 88 -18 -78 -78 83 50 -62 -97 73 -90 42 -70 16 -78 -63 0 -23 46 -60 -22 89 91 -34 44 -19 99 25 40 48 -51 30 -63 35 60 -26 -54 -87 24 -29 -78 96 -56 -67 74 9 23 -11 76 -69 12 -43 10 -80 43 -69 -22 -79 -68 10 18 -94 -17
95 54 24 69 -97 -97 -42 -16 -42 19 -60 -37 25 30 -67 -46 -81 -54 71 -71 87 63 -15 48 -41 14 -17 28 66 40 -14 -97 -20 -99 -21 -40 -33 -12 55 96 90 -17 -66 -18 52 -93 -88 61 88 -69 61 20 -35 66 62 59 47 78 84 -47 -84 -77 -85 -60 -55 -64 -26 40 -75 -8 -20 -23 -10 32 -76 -47 -21 -15 -25 22 -32 93 75 60 90 -18 -29 56 -6 8 57 24 68 75 -58 -12 -85 81 -91 85 63
76 -81 41 44 53 38 -93 -26 49 -33 79 54 -62 -4 75 -51 -80 -65 -54 -43 -81 19 48 72 -62 11 -4 -60 -52 40 52 -96 -71 9 59 62 -38 -83 28 -37 -20 -22 -23 64 -18 39 47 -91 -69 30 41 -95 -53 85 40 -54 42 -96 -39 -31 30 65 -28 -61 34 91 27 71 80 -36 -25 -56 -9 50 -38 -24 -69 21 -4 74 76 -53 -8 52 49 -51 -19 -64 -52 80 8 70 49 -67 -65 47 -10 53 -59 -91 91
-14 15 88 -29 68 -93 59 -72 77 5 14 97 80 46 91 -33 -1 -43 -42 39 63 29 -93 -48 85 -45 -36 36 58 -94 37 14 -85 98 -56 -85 -63 -91 45 -23 51 4 -55 -4 -98 47 41 -61 -4 -50 42 2 92 -86 85 -19 87 -77 -51 -17 -18 89 4 -26 14 -73 -8 26 -48 52 99 -36 12 18 43 -5 -82 82 -72 15 4 73 -44 7 34 -83 98 -70 36 -30 45 -88 5 -57 35 -59 -18 7 -51 -80 75
-62 -88 -51 -31 -46 41 30 26 -16 -16 -93 -99 57 -94 41 77 32 -45 -34 -91 -79 -68 22 86 -57 -9 18 -52 -31 -71 38 46 -31 -90 27 24 -100 -92 -43 95 31 -44 -75 55 -10 -63 32 -38 -53 -91 39 51 69 -46 -88 82 -25 11 -9 24 -23 -67 54 25 76 -43 -16 -82 -1 10 15 -57 63 -24 -76 37 -58 -55 57 36 -78 88 41 -69 72 66 -88 -98 -44 99 -18 71 66 -27 -92 24 -21 -9 -69 52 -82
-73 25 -13 0 -2 64 25 -51 -75 21 94 -78 73 57 21 -8 6 22 -23 -3 -48 23 -9 -18 15 43 46 21 82 -59 -57 -3 36 -21 31 3 -19 -36 27 -78 -94 -56 81 -29 57 48 -60 -55 -58 -98 -22 -94 4 -39 80 90 -11 -61 2 73 -90 39 -16 18 79 54 -60 30 38 11 -6 -93 74 -66 22 -38 -33 0 -83 -20 0 -20 28 7 6 39 26 -32 42 97 65 -4 -82 63 73 72 58 80 30 34 -26
68 74 -38 -23 20 10 21 85 46 -66 20 -93 -79 6 85 -56 -76 -72 53 -11 -64 24 53 39 -34 96 -71 -30 43 68 -92 90 -26 -64 -81 72 -99 -49 -5 58 54 -4 -73 -13 99 -37 -31 83 -47 20 -8 -42 7 -78 -18 73 30 -20 97 74 -100 36 -34 -27 -46 -64 -74 31 49 -17 72 -51 6 -50 99 -36 -64 -99 -62 -66 -65 -21 -78 48 -8 -4 93 46 -21 68 -27 17 18 59 8 -96 -21 52 -11 -50 69
-95 -70 -79 -85 -97 -70 -22 -98 1 -13 60 57 -49 -79 79 -37 57 -87 74 -77 -65 -29 33 -76 41 -70 -83 -49 -57 -90 25 -40 -99 2 78 -69 -34 -22 78 -62 -74 -61 -52 27 38 66 -4 -80 69 48 22 -50 60 -97 -40 -42 9 68 -92 -38 -26 -92 -32 -86 -66 35 -6 -28 -63 49 94 -24 -99 9 -46 45 39 -79 25 67 99 -97 -11 -78 -82 -71 -67 -100 -60 -50 -23 -1 -94 65 -67 -52 -77 -45 -18 -4 -52
-41 -18 -11 -3 52 -18 100 46 -27 22 17 11 -4 -76 26 56 84 -23 -38 -47 99 -86 -69 3 -77 19 -43 -37 -5 33 78 -84 -19 1 64 -23 42 13 28 34 -86 76 86 -28 -87 40 89 -23 39 24 36 1 -69 -62 62 -75 64 28 21 88 -6 -24 -7 43 -84 -54 1 49 51 -36 51 -72 -91 -2 -63 90 27 1 -78 -54 -6 -49 -71 -82 -15 65 81 -59 -99 40 24 -77 40 88 -2 19 -96 -59 48 10 76
-25 -30 -34 2 -42 42 -73 -48 70 -86 -52 -11 -17 -52 92 -39 12 -36 -70 -17 -1 -7 44 52 2 1 73 -100 -67 -3 55 -64 13 -90 95 61 -92 -63 41 -44 85 -42 -54 -19 -59 49 -37 15 45 75 48 86 49 -1 -77 32 -16 -100 -49 23 22 -83 66 51 83 92 6 -91 55 -81 23 84 18 -12 -11 65 81 79 -87 77 -14 99 62 -21 -26 -8 -43 90 -71 -27 40 65 76 -71 68 80 83 92 -84 -45 8
50 -97 -55 -79 0 -13 -65 41 8 66 -20 -79 -66 -77 -16 -76 -85 7 -93 -45 -57 21 42 -34 -9 30 44 12 -92 25 19 -100 -37 79 22 51 72 31 21 63 67 31 38 89 -99 -51 9 -86 -30 55 76 -25 -43 -56 40 -29 61 1 97 -88 46 -22 -75 -14 80 60 -26 78 11 -65 30 -6 82 -54 5 64 -39 27 -72 -1 -39 88 -74 -75 14 99 -13 -6 -20 82 37 -22 -77 12 -48 90 53 -48 17 49 38
45 -44 -9 54 -56 3 28 9 5 94 10 51 -11 -71 -79 -3 -4 3 -96 -9 -49 53 52 24 -7 86 22 11 0 -4 -64 98 73 67 -2 57 88 63 -7 -67 -63 -17 21 -82 -91 -14 -9 69 -100 -70 -55 95 -95 62 77 51 -51 -76 72 -12 -90 100 29 60 -73 -43 51 -48 -20 -23 97 -4 -33 6 37 -81 55 -17 27 -85 85 80 -46 -6 -43 31 -76 -45 -11 -76 29 94 0 60 6 48 -7 -50 64 -43 27
65 -75 78 -12 16 49 -62 -38 83 -99 -87 -68 -77 -4 -22 45 -67 -38 15 14 28 -29 31 -95 90 -92 -41 -34 -47 100 12 91 -56 -94 -80 25 72 -78 18 -63 82 -84 94 68 -40 68 55 -52 74 -58 40 -80 -68 53 97 -58 -69 85 96 -89 11 -33 40 -93 49 -79 -7 63 -26 -40 28 -97 72 89 -53 -84 85 -51 29 40 96 52 -42 70 51 51 89 -63 -64 -31 97 -61 80 69 26 1 0 -47 -25 -52 67
55 -52 -65 92 -83 -6 -98 -97 -61 -41 47 -27 -63 -71 -4 -32 -52 -25 -90 -15 73 -35 -78 -18 -76 -31 75 -57 44 33 80 -91 -91 25 37 72 93 19 -53 -56 -36 95 26 -45 -35 -34 -78 -69 -90 33 -2 -42 18 -56 -90 9 -50 -47 66 -96 99 94 -9 -16 -57 -85 -66 87 53 -30 62 93 45 -18 -93 -4 75 16 -61 -60 64 98 89 -86 -29 71 29 -59 49 10 -28 -79 76 75 71 50 -86 -6 -19 75 -44
-39 -79 44 -82 -40 -31 -89 46 -88 38 79 -91 39 -16 71 90 -3 -13 23 67 50 26 -26 -24 56 65 -11 53 55 -57 66 -54 -26 -59 44 -3 -88 -60 -37 83 -19 51 -1 33 30 -6 85 68 -51 -82 -67 77 -21 13 -26 92 70 55 -11 48 -17 -71 80 89 18 -16 -53 60 -48 76 96 -34 -22 96 89 75 -69 75 -65 -36 -13 27 5 -90 -53 54 -28 53 -42 81 -8 -57 34 -5 46 95 -31 40 6 67 -51
48 -13 48 -79 -62 53 31 -63 34 95 42 -15 34 45 72 90 -78 54 6 20 59 15 35 -64 27 56 -33 67 87 20 80 39 24 -41 7 -14 99 79 -73 84 75 73 30 42 6 -18 -20 87 55 -43 -24 26 -36 10 -88 -63 97 -30 41 14 77 41 -75 -33 39 72 22 -16 18 66 41 -64 -21 -86 3 81 -27 -38 -44 -46 -91 1 88 -11 -43 -98 -78 -80 38 -4 55 87 -78 38 -4 -74 1 1 -37 47 -18
78 -14 -63 100 -82 92 -3 12 -40 88 92 83 -45 22 -94 1 19 -49 -48 -44 79 -15 -36 -48 -54 -52 90 85 30 -87 -74 58 79 92 10 5 -11 -46 -76 75 42 -11 42 -89 16 -43 -50 18 19 -50 -75 -61 -25 -53 -48 27 -99 8 -96 93 -64 63 9 -68 99 -47 -39 18 2 -47 -66 -88 54 81 65 58 -9 -50 35 36 -60 56 -11 94 -17 12 -24 -50 -22 -43 72 -59 -13 -33 -2 74 79 82 -5 -33 15
30 47 -50 -98 -69 55 0 -42 -87 7 4 -71 12 63 -86 59 11 56 -94 -97 82 13 18 -59 10 -74 74 -86 -26 80 63 82 -88 -41 98 26 -42 -98 81 -31 -71 4 81 2 30 -99 -53 -90 47 32 69 -5 -44 -66 6 -24 -92 -96 -34 -16 67 -67 57 64 32 45 -47 56 -86 0 64 58 6 2 -44 -39 -66 -85 96 -17 82 -23 -78 -49 -49 -76 -33 88 71 -75 -61 29 -36 -56 52 -92 14 50 -55 -43 -29
76 25 100 -45 -31 -25 92 86 84 -14 -96 22 20 34 -99 -34 -31 14 4 97 31 -67 -84 52 -81 56 -66 87 96 33 -94 -48 -49 -23 -71 -99 -89 67 77 -57 63 -7 45 -40 2 -80 43 -88 23 92 18 7 -15 78 6 83 -90 -90 91 81 3 -10 -42 -49 -69 45 -94 60 -89 44 -19 -2 61 93 -5 -77 99 -83 -22 71 81 87 4 -70 45 86 58 -14 57 -78 -70 81 -23 13 -2 64 63 -78 -23 32 56
24 54 75 -13 -99 32 -54 25 76 10 37 -64 -2 68 -57 -33 -55 -10 49 82 -54 -3 -46 54 -18 78 87 -50 -50 -11 17 -66 92 29 -96 -2 26 80 -55 96 11 17 52 -74 4 61 -64 -30 -11 -99 -67 97 -25 -43 4 -55 39 77 36 -28 6 -76 94 82 37 58 20 -22 48 82 58 30 59 -58 -15 44 -86 50 40 5 -7 59 -12 81 -51 38 -91 64 82 64 -62 -53 65 56 4 -51 -1 94 -73 -39 98
