-1.422836
0.547219
-1.298779
0.158582
-0.305176
-0.884165
0.758311
0.111241
-0.084725
0.680564
-0.781714
-0.761585
-0.014017
0.908771
-0.731254
-0.139125
0.606679
0.270681
-0.848133
0.238530
0.337177
1.500972
0.252572
-0.310334
-0.821392
0.579899
0.558021
-1.324552
0.556930
-0.774969
-0.266540
0.571065
0.687883
-0.117096
0.434987
0.345642
-2.417870
0.503595
1.732296
0.651404
-0.897161
-1.421205
-0.888733
-1.537280
-0.298685
0.331653
-0.511689
0.165214
0.350410
0.306964
-0.217290
-1.846071
0.522944
-0.356373
0.284564
0.042390
0.594111
0.427599
0.956579
-0.567153
-0.875522
-0.304822
-0.107119
-0.314821
-0.065709
0.319252
0.014461
-0.121652
-0.392537
1.053681
1.289479
0.235756
-0.151675
0.551484
-0.268718
0.612895
-0.427729
-0.930488
0.238028
0.871939
1.799316
0.712344
0.505320
0.583569
1.815975
-0.540304
0.118524
-0.111745
0.276234
0.004895
0.166171
0.298604
-0.531507
-1.424423
0.004256
0.859221
0.037080
0.775169
-0.049113
-1.353738
