3.169222
-2.557111
0.991202
2.169574
-1.016096
-4.841448
-6.580873
7.710327
-6.287596
8.679345
7.032823
-6.657476
-7.600301
-11.420657
-3.333571
2.633695
-0.816136
0.105172
8.101371
6.125508
-21.970148
9.769418
-10.828144
1.809743
-8.581816
12.120782
7.117390
-9.226977
-15.977229
3.572826
-3.012293
1.360716
-4.219946
6.388870
3.201607
-4.046133
5.950700
-13.062031
-5.009449
1.838665
-3.790775
4.048130
-2.084525
-2.556535
0.794567
-5.375525
9.700669
2.264368
-10.673421
-1.111354
3.364796
3.667173
2.054070
-1.847869
2.257921
-13.652371
0.697323
-7.801908
1.658810
-3.316046
11.958527
-5.216615
-6.078638
2.796244
-8.118671
7.579065
5.906426
-2.725522
-6.067562
4.886520
-0.986307
4.585122
3.289520
-2.891949
13.132724
-8.659020
0.467246
-0.000207
-1.183682
1.134998
3.936808
-0.052745
-10.454888
16.074091
-9.926132
-9.614248
4.774491
3.779154
5.939322
7.356808
-13.731030
18.821789
18.694140
-12.081829
-0.186598
14.029806
1.531669
2.352436
-11.024720
8.408680
