1.964474
0.652361
-1.787696
2.566097
6.899876
14.983892
11.737680
-0.915168
4.579346
-3.286239
-1.067315
4.245946
-2.283339
3.360852
21.296036
1.820127
3.032827
4.694085
-3.179091
6.988400
5.620183
-5.456231
-8.206214
-10.590231
0.748951
6.996924
6.840065
-11.803256
-12.172171
-21.204180
7.153114
16.048606
-3.970789
-4.226702
-1.363338
2.129817
-1.303179
10.897422
5.119204
4.215171
-6.966312
-8.616509
-15.105451
-4.167505
7.189842
-5.056327
2.235114
-1.160426
2.347944
-2.722769
-2.789935
1.277921
8.043497
-10.849542
4.932704
-8.621886
-4.694136
-4.377484
-3.508529
-12.916416
-1.205424
0.365072
4.145369
-4.094437
2.876424
5.018776
-3.810372
-16.641241
-2.739681
-7.978726
-10.363590
6.057436
-4.887584
4.089986
21.128260
-4.397063
-6.598707
-8.676684
-6.943064
-7.800161
-6.432165
-11.607831
-5.975106
-11.813626
-10.184447
0.243279
5.312126
-3.129893
14.967578
-12.275951
-12.429341
-2.290475
10.564518
-0.177413
3.113779
-2.137375
5.671102
2.531268
4.851262
-9.129879
