-0.468549
1.979497
0.762519
-1.365433
-0.864371
-0.321007
-0.226298
-0.183078
-2.273396
2.435856
2.107160
-1.119219
-1.935127
3.083364
-0.218365
2.053080
2.266615
1.913540
-0.559586
1.490549
-0.809850
-3.742089
2.872676
-2.009317
-1.116415
-4.518034
0.379133
0.944015
2.390000
-1.189443
-2.289332
-2.902233
-2.815732
-1.534011
-2.599150
-0.818960
0.508896
-2.545784
0.655393
-2.521984
1.204788
-3.462374
-0.487841
-0.805459
-0.493492
0.814647
-1.211094
1.995684
1.006674
-0.127754
2.217471
2.506974
2.091843
-1.831730
-0.366255
-2.469933
0.872471
1.859137
0.025855
0.991389
0.442058
-0.289157
2.502419
3.255502
-3.515636
-1.939854
-0.545655
-3.580919
2.792877
-2.570204
-1.952118
1.676887
1.939972
-0.075343
-0.048865
-0.658447
0.853823
-1.310746
1.793606
-2.314098
0.420622
-2.279803
4.441794
-0.903040
-0.472074
1.820080
2.399758
-1.305779
2.570158
2.174435
0.172088
0.618730
-2.891392
2.415949
0.986446
3.234078
0.647805
-2.759105
-3.561316
-0.146125
