56 31 0 74 -85 64 69 72 -11 28 -91 49 -31 75 89 24 -67 90 -45 -21 43 68 -46 77 33 -47 -26 -37 17 46 52 24 -56 41 -27 -8 62 100 -38 -55 2 -9 20 -81 54 -38 -44 49 12 -94 21 -55 -44 -57 98 -46 70 -82 -6 -40 -4 -26 22 -81 75 84 -76 78 73 19 70 42 -59 25 12 -18 33 -23 11 -56 10 38 -19 -48 -63 26 23 34 -73 98 0 -23 -15 -16 -54 -81 -63 -14 98 -91 -63
-38 -65 59 97 -20 -56 -81 11 72 -31 -57 -12 59 -77 57 48 90 40 -10 -11 30 67 -79 12 79 -74 -40 24 -27 75 -30 85 -67 83 -40 58 -35 73 -7 -58 94 -36 7 5 -75 54 -99 77 -29 83 53 33 -96 83 80 42 91 85 0 100 -35 -36 94 87 94 -76 -87 81 93 -100 -64 58 28 74 -82 -46 -54 -2 16 66 59 48 -89 56 79 -95 -93 -74 7 -5 7 75 -8 21 -18 -70 -33 -78 80 -14 0
78 -82 -42 -13 -13 -39 59 -36 -15 -17 9 84 3 -49 -43 -1 -74 93 -74 83 67 -76 -70 -95 53 -94 11 -49 -22 -17 1 -24 -51 26 62 82 29 10 89 -1 15 -18 36 20 67 53 -92 -35 -34 37 -97 -11 3 82 55 -23 72 -58 66 72 10 -77 73 6 31 19 100 -8 -87 35 19 97 80 81 84 -52 -76 -96 -79 -43 -5 -99 -17 64 36 8 -87 79 50 -76 13 67 100 20 43 3 2 -93 -100 68 96
-65 86 -86 76 -84 95 67 71 25 93 81 -81 50 -40 81 -31 -58 49 12 -8 -7 58 41 -29 93 5 -4 -61 -97 29 27 5 -45 -95 -93 -41 12 66 -78 -27 29 94 -87 -23 40 76 -35 9 71 -24 37 -12 -22 49 -13 8 -48 -95 62 -1 7 67 51 -34 77 88 -93 51 76 57 -51 79 90 63 91 -94 -79 55 -66 -62 -94 -36 75 -86 -98 59 97 -83 -23 -79 -98 -92 -69 -2 87 22 -21 54 -38 91 8
31 -94 -23 12 -55 16 49 -88 77 30 -79 34 100 67 -39 43 -26 -82 -55 45 -9 36 -68 -75 47 -51 96 -38 -64 86 -87 -44 69 20 -36 -30 -23 -43 36 64 5 66 -97 -65 -22 48 45 49 15 -40 -44 -36 99 -29 86 17 0 81 -96 -29 22 66 41 -62 11 38 -38 83 13 -32 76 76 -28 -15 -92 81 -20 39 -9 67 1 -62 -46 10 -39 -91 71 75 -42 -72 69 85 -21 -13 24 42 -72 26 12 32 -86
92 99 1 37 -71 68 -27 61 71 -94 28 9 40 76 77 77 30 57 -53 81 38 56 65 43 -73 39 -79 68 69 -77 93 35 -18 10 -91 -22 -20 -81 -67 35 -64 66 57 -23 -30 68 62 -86 94 -10 3 -9 27 71 1 93 -6 -88 93 100 49 28 61 -42 67 -92 -40 1 -96 -70 22 50 15 12 17 19 38 80 100 56 -56 26 -79 -19 -62 23 -17 -38 100 63 29 -18 26 -75 -21 68 -55 -83 75 23 74
23 -67 -68 37 53 6 -96 32 60 -62 33 -96 -7 -73 50 -53 -12 61 16 -68 -26 -64 -31 20 42 -2 48 -90 29 86 75 11 42 -100 -75 -25 -29 0 39 90 -94 -25 28 22 85 -56 22 -18 -1 -60 92 -65 66 -35 79 -28 -10 74 8 85 0 -15 -14 19 -99 90 -16 -70 93 87 -78 98 -8 -5 -35 -24 -80 60 38 -37 52 -80 54 100 54 23 -97 -8 87 66 66 -19 -25 -24 78 27 -61 -99 -47 -57 -75
91 -61 -47 56 -91 2 8 -86 -69 -9 -16 90 2 -34 7 -15 80 -73 -52 8 -47 72 -47 1 80 -35 -36 -37 -13 -40 -6 -9 86 -37 -60 -39 -11 1 -43 -50 96 -75 -59 -10 -87 -4 59 15 85 88 -95 58 23 -68 77 -95 -72 71 42 -42 27 59 51 -7 -33 72 -63 26 -63 62 7 13 67 93 -84 -96 41 -84 49 8 -21 -74 -52 -91 99 28 -37 -93 -31 36 -85 88 -50 71 90 -51 52 9 32 -45 100
-60 -22 -56 78 -67 -63 -31 81 39 29 -8 99 63 82 -82 54 -95 73 46 -13 -41 -23 53 -76 -5 84 -36 75 89 -53 -70 -87 53 87 -68 21 -95 57 -74 31 -75 -55 26 39 -14 -34 -12 65 49 98 14 -73 80 92 -75 67 -54 4 37 -43 32 -89 -96 -31 96 -79 33 -98 -1 -42 -36 -39 -90 -70 -7 85 -11 7 41 68 44 90 -5 89 -6 12 50 -38 90 -1 -23 55 -1 -38 -87 -74 96 86 98 29 34
24 -10 39 28 74 14 -44 7 77 30 -35 85 27 -82 66 61 75 -83 -45 12 -31 100 37 55 -1 -55 -81 -41 -17 -71 -74 89 2 24 97 -13 -76 80 71 51 -45 96 84 0 4 71 77 -94 -50 -40 77 -77 15 -30 -79 -41 58 -14 41 -75 -37 -1 -48 -21 26 -55 -6 46 12 -57 93 -48 10 74 -39 -36 94 -42 41 32 4 52 96 44 45 -62 -36 93 35 44 -59 -10 -100 -61 -48 -70 -91 67 55 97 -84
47 79 92 -37 -75 15 -36 42 14 6 11 -20 -92 78 14 96 2 63 77 92 -24 -27 -94 66 -88 4 -88 72 53 -90 36 94 10 -79 -43 -72 70 19 35 -25 4 60 48 37 24 -9 45 -95 -64 21 -52 -3 47 -41 -19 -98 68 -23 -72 -93 -58 -8 -3 81 -98 20 65 76 -20 66 -7 60 16 52 -98 36 -30 46 7 28 48 90 -6 72 -76 -88 -74 52 89 -96 43 89 -55 43 -98 18 -46 74 28 -79 -54
92 46 9 30 64 -40 -63 70 -98 20 -69 60 64 -2 -15 41 39 6 20 40 -11 -81 60 -97 -23 -27 88 48 69 73 -34 36 -69 -44 -54 51 -52 41 -26 -26 72 -6 6 -18 -48 70 58 57 -24 -85 21 68 -73 -64 -29 -70 -28 47 -92 -20 -96 6 -93 -48 -82 74 -4 31 43 17 97 59 49 0 -53 -43 -20 33 16 -55 -35 60 82 84 18 -68 -22 -26 -39 -78 72 -25 68 12 -2 -75 -49 -44 -67 -30 30
88 53 -44 -52 -86 77 55 27 -82 -21 47 37 16 86 57 47 -18 9 -92 -58 -87 -67 -66 43 -26 11 -92 -27 28 6 -19 -59 23 37 65 -98 -47 -16 -22 -99 -8 -63 87 -68 89 68 -31 -12 -37 -9 -99 -46 34 10 -92 -73 99 -32 -78 -62 -91 -81 -27 89 -62 -42 76 97 -38 99 -11 -90 -71 6 -75 -79 -21 -86 100 31 42 64 -13 -57 67 10 83 -71 32 -62 -69 -7 24 20 78 71 66 95 14 -33 -27
44 -98 -40 -72 -74 -37 -97 42 53 52 -13 -19 -95 -80 71 -49 47 -16 -79 23 -64 49 64 -45 57 14 -1 -34 29 -21 79 -97 -49 -100 -7 6 -5 -25 -75 -97 49 80 -13 13 42 26 -15 -63 -81 65 62 70 12 -6 53 82 -93 9 -7 100 47 21 53 -71 -80 73 -46 86 -40 96 14 -51 -3 11 8 10 18 88 69 -82 47 33 -27 -88 9 11 -40 60 -13 -44 74 -35 73 64 35 95 25 2 39 -56 -75
30 53 89 35 -6 90 -27 85 14 52 54 -84 -77 19 71 -15 35 -33 -70 -27 7 -77 88 -21 -92 52 39 33 -53 55 23 21 88 28 81 -63 -60 -25 41 -17 47 21 -34 23 96 -13 -31 92 -23 -19 22 -18 14 92 52 21 40 -29 -73 68 19 32 -72 26 -46 80 63 -92 86 -28 -40 27 30 40 50 -67 97 25 -23 -40 -11 82 69 72 74 -43 33 -37 -46 -94 -67 2 86 -12 18 24 -16 -100 -66 -58 -79
53 87 -28 -50 40 -12 -45 -67 37 -54 -92 30 97 42 61 24 -39 -24 21 88 -42 89 11 -40 99 78 27 -2 -41 -51 3 13 -76 -20 -74 -84 -73 -70 -67 34 81 -58 68 77 -48 -61 95 51 79 -2 6 -87 -63 -71 65 42 -16 -91 -1 92 -24 -95 80 18 -70 -88 17 1 -28 48 -96 40 -17 76 3 -73 60 11 -62 23 -11 -6 -36 75 74 18 37 5 93 -40 41 82 -81 8 -33 33 -48 -99 -39 -74 -68
-75 94 84 96 -68 27 45 -77 50 -19 87 32 -89 53 -42 -25 -88 -28 -24 -51 38 34 -74 51 62 -91 -2 -77 -50 -14 59 -61 97 -11 29 -6 41 29 93 -24 -8 44 78 -48 13 40 2 80 68 -66 87 15 -95 36 -77 25 97 -12 -13 31 -74 41 98 -42 33 -37 27 78 -4 -21 -88 -5 15 -37 1 -24 96 -14 33 44 62 32 99 17 91 -34 -61 94 -15 14 77 44 75 -76 -48 -55 -69 -2 -38 65 -57
1 -2 71 40 -52 -80 -99 -27 51 -86 66 -77 -89 14 55 -49 -12 -20 -67 85 -87 3 4 43 -43 -4 80 98 19 -81 21 -88 -14 -64 42 43 -74 97 19 -52 31 -68 -53 -13 -39 94 -20 87 -100 -77 65 24 63 85 -31 33 53 23 92 29 -17 95 -15 -52 21 39 -65 90 16 37 -27 89 88 37 -59 -14 -64 -21 -92 27 19 -75 89 -100 32 -6 0 -21 -88 13 16 -29 17 49 -10 91 -66 -2 -34 92 25
-35 65 -94 -88 59 -20 -67 -2 -3 88 -57 100 1 92 10 73 49 -21 13 -97 -22 1 -2 82 1 -40 48 56 38 -4 53 -66 91 65 19 -17 -21 86 -10 35 20 67 -71 -54 71 -75 24 30 30 10 -20 90 -8 99 -52 72 95 81 97 -44 -99 21 -43 42 13 58 -2 61 4 -81 -54 95 -20 96 47 -98 31 51 13 -16 55 30 -42 28 -95 51 -72 -68 19 85 88 -84 17 7 71 -67 48 91 -22 -29 -75
5 -98 -66 -87 -92 -56 -76 4 -71 78 55 -95 -25 96 93 8 -27 16 50 -62 -30 35 -8 -43 -62 -88 13 41 -85 -88 61 56 -18 -44 -4 94 -27 -72 93 -75 -4 17 65 95 -15 41 -32 -44 70 -18 -47 65 45 22 -28 98 82 67 -65 -37 -83 -96 -10 -57 76 -49 -12 -41 -87 43 -10 -36 -51 78 90 -19 79 14 64 -43 -16 22 35 -29 -32 89 -55 -51 -8 69 99 61 -100 -47 -86 -42 -28 90 42 61 -90
8 -19 -72 42 -77 84 -75 82 -89 48 92 4 75 -91 21 54 -75 -39 -3 -73 -65 -35 -90 -30 -25 -67 44 97 -38 -27 -36 46 21 -66 -77 -18 84 -22 78 74 1 -34 20 15 -36 -58 85 64 -14 -8 15 27 -54 -42 -70 -46 -70 -17 65 51 -31 32 85 97 32 -31 -21 81 -38 -56 35 -65 -88 -21 25 -70 7 -26 -100 10 -57 -10 41 -18 66 54 -2 -100 96 -27 -100 65 98 25 -18 1 14 -73 95 71 89
19 -52 -93 91 -37 -67 70 27 -22 82 -16 -86 -22 59 37 -72 -84 8 100 -94 34 11 -11 56 69 -55 -55 78 -81 20 43 20 7 -80 30 -65 -38 100 43 -78 -56 24 32 55 -87 48 -31 -59 -98 33 23 -49 -36 13 92 -40 -22 87 82 53 -13 43 80 82 -64 -91 38 97 -100 -78 17 -84 -60 -86 95 -86 -61 -59 90 20 -14 45 -42 56 89 15 29 -10 -28 -60 28 -97 81 71 -79 -78 93 93 -5 -13 83
-44 35 96 90 -36 -94 79 -60 56 20 88 -46 83 -84 -18 -11 71 -65 71 -80 -33 83 -85 -67 -60 70 18 -97 -38 -26 88 -38 -74 -79 31 -4 -27 31 -94 58 93 -21 -6 65 100 -20 -6 86 91 -46 -17 -54 7 -86 -5 -44 -5 67 -61 33 -2 -33 -99 -9 3 6 -35 -76 15 64 72 88 55 -67 -7 -20 -14 13 0 86 73 -100 57 -46 50 -57 56 39 -38 86 -71 36 61 -13 -26 4 21 -66 6 -25 -58
-69 -11 -63 -55 89 19 -66 21 -56 69 21 -92 -48 89 29 33 -59 31 97 64 -85 86 -8 16 63 16 66 -1 -97 71 23 47 -42 97 -47 78 -26 57 -24 -82 -59 12 47 15 -65 15 25 35 0 62 52 72 -74 -64 62 -37 7 -61 3 -8 78 -29 -87 49 -56 81 61 -73 62 35 -14 -82 -68 47 97 2 99 -72 22 -61 -8 -18 -36 -11 -74 77 81 -79 30 -7 -96 -13 78 -63 -16 48 54 -37 60 -20 -45
6 17 -87 -75 77 0 -32 22 -67 -51 97 92 -81 -87 96 78 -34 4 82 48 65 17 -33 35 90 86 79 85 -42 39 19 -48 43 -13 -96 31 -8 76 36 35 -50 -7 -72 60 7 -33 -98 13 -39 -44 68 -65 -19 73 41 12 49 -39 -91 85 49 5 27 -27 97 16 -98 28 42 69 100 -32 -7 4 17 100 -79 -77 -43 27 100 -28 59 -29 -9 -39 -3 -76 -12 70 84 -6 40 -50 69 98 52 91 28 86 -46
-66 -16 -28 45 -30 35 16 -89 4 99 44 -69 -14 -70 4 37 81 -65 -72 -13 -14 13 -74 77 -68 -70 46 22 -59 -22 -91 67 -85 -23 -36 18 -33 -52 2 72 -33 -10 54 -50 -62 71 55 -81 -53 -49 16 81 24 -92 -69 -14 15 -88 48 -71 72 80 -23 -35 4 97 -81 11 -90 -53 -48 -70 -67 67 60 65 16 42 12 18 -87 26 73 99 79 -10 -80 -99 -69 36 -39 -1 -67 -97 -73 -19 34 -17 68 -39 63
-1 0 52 51 87 -54 41 18 -18 -77 88 -70 34 -2 52 -76 47 3 2 -45 -86 44 84 65 26 35 100 44 -89 59 75 6 20 64 55 -11 64 -46 -97 -68 -7 -71 54 58 -65 79 -89 -89 -59 39 67 73 -43 -97 87 2 -18 -71 -65 -42 51 -9 88 -11 13 78 -9 56 -100 85 -73 -26 -46 -77 -27 -98 -60 0 20 -19 30 -49 -57 12 -8 42 -34 -82 -83 55 96 74 -38 48 48 42 -81 91 -98 40 -25
-92 40 -61 4 -71 53 60 -2 34 -78 65 44 26 -99 -38 100 -74 -45 18 -42 32 -63 56 17 -46 1 -48 -26 94 -92 66 -87 -67 -58 -84 -90 -48 39 -75 5 15 58 -54 -6 8 -15 -31 -1 13 -94 -74 31 35 -25 44 78 -7 84 67 -61 -43 88 -48 80 -61 54 -76 -77 -39 52 92 1 -65 6 34 89 -63 67 -16 -32 0 39 8 -1 -78 33 -41 59 -81 -54 -94 -33 66 19 28 2 -92 -80 -66 -29 31
84 80 -42 0 -62 -64 13 -57 -37 72 36 82 23 83 -91 -21 -14 -4 -44 45 -80 34 -48 89 -24 44 57 53 76 -52 -50 -28 -64 -47 -50 65 -41 -56 5 68 99 50 -29 41 -99 -59 86 41 5 88 -44 40 33 -47 97 -8 81 14 -98 -26 61 25 84 -61 57 43 37 -91 19 20 39 -13 46 -10 -45 12 8 100 -43 -100 -20 -28 6 30 50 38 74 21 63 26 35 18 98 84 -3 -1 7 -91 67 37 24
-64 77 100 98 85 8 -98 -68 -60 30 -28 78 78 -80 23 -37 39 94 36 65 79 73 29 -95 13 -76 12 -91 68 -23 -24 70 -60 24 56 86 -76 7 75 -55 -7 78 72 -69 46 80 59 88 9 -93 17 24 -31 -3 -28 -62 87 53 29 -79 -58 -80 -25 -28 -60 41 -31 30 -94 -75 56 -23 -65 67 20 -19 58 40 9 -48 -31 32 -1 10 -21 -55 92 40 -49 53 81 0 79 -56 58 -4 -32 48 -49 65 -63
0 -47 -88 -76 66 25 86 -63 -95 -52 98 25 72 -88 70 24 18 45 -47 -58 58 -84 6 -28 43 -73 -14 -87 69 -97 -67 -21 70 -67 -91 69 7 -43 -26 19 59 76 7 -41 87 -86 62 -47 -62 38 58 82 -66 31 46 37 -40 80 97 -64 -64 -7 -57 65 -21 -49 88 -59 7 -78 -19 32 49 -89 -45 60 -89 -61 40 20 97 27 74 -98 -42 86 4 -70 43 -67 41 -66 -56 19 94 -18 59 84 50 45 -38
-12 52 -91 19 97 23 -26 -21 -9 -9 55 -50 34 -79 -7 -23 19 -90 -17 -78 31 89 52 4 -60 -92 -69 -11 -78 -80 89 -79 16 -18 89 -63 53 -21 -32 -42 69 31 -55 72 1 -53 39 -49 83 18 -4 68 94 -73 88 -90 -62 -45 65 8 -35 -51 6 -34 -71 66 -33 41 -75 23 9 21 3 -46 -81 69 32 -8 88 -97 -44 -30 79 -15 11 -5 85 48 41 20 -47 -10 -10 -91 -56 56 76 38 19 21 -47
88 -70 -6 9 11 2 -27 -67 -65 44 -22 98 -8 -24 33 45 -84 -90 -31 88 92 6 -34 51 -54 15 70 9 -99 -7 90 51 -80 -33 -3 -57 69 37 16 -40 41 -28 -68 98 8 -76 77 100 -22 -1 37 -38 -99 -80 75 -24 98 11 38 40 -88 64 65 -13 -65 -27 97 -27 -66 7 59 -65 89 -95 -38 78 -11 60 25 94 -74 48 61 -73 3 47 -25 82 49 26 -11 -87 -89 24 70 -69 -45 -68 -95 46 6
66 66 -94 75 10 80 66 92 77 3 -15 4 72 18 55 -46 -48 86 -8 -71 -46 -50 89 93 32 -7 -64 83 78 90 74 -97 19 -93 55 -43 -70 57 33 -83 -62 -20 79 -73 -9 -30 38 53 73 36 82 -28 70 49 30 -35 18 29 80 69 54 77 69 42 -7 32 26 -66 78 18 -92 47 55 -15 -44 -34 -75 -12 44 2 -16 -97 -2 50 7 -12 -84 -24 45 -10 -80 -64 -73 -93 84 -77 -8 -97 -31 41 77
100 4 53 76 78 100 76 79 82 86 14 -90 -47 55 -99 -8 9 -92 4 -92 15 -17 -56 79 69 -33 23 48 -53 94 -56 -97 -54 81 -69 -29 -62 9 -52 42 -83 15 -90 68 -14 -73 -16 -21 -80 -62 24 -74 71 -38 -76 -78 69 37 -75 -40 79 72 -19 23 58 88 -74 6 -68 -97 93 6 -42 -51 -23 74 -57 16 22 -6 -100 60 24 -29 54 -89 -91 -51 -6 -36 -93 -10 20 -93 -100 -1 93 31 20 17 -59
-64 -64 -87 40 -53 -10 53 -72 -82 68 86 6 40 -64 -32 63 20 -43 21 24 33 -17 -7 -53 -89 -97 57 61 14 -63 -66 19 50 12 -62 -54 69 -96 20 0 67 -13 -15 -74 -97 67 70 -28 17 -78 52 74 -83 -98 61 -84 5 91 7 7 -20 79 -33 43 -30 25 -63 -2 -42 -64 89 -69 68 85 84 79 -34 -30 -6 73 61 -2 -14 42 75 -38 93 16 -81 -41 -16 -19 -81 -55 21 -57 5 26 49 -68 58
-35 -33 30 90 -88 74 8 23 -13 -5 58 57 -96 -99 97 -11 14 92 67 -100 36 -47 -12 94 2 -28 23 73 -74 -55 82 5 16 4 -34 98 14 12 -13 71 -5 10 64 -13 86 -69 -13 -43 71 99 90 44 64 76 60 -97 -37 -57 -91 -30 -55 -23 64 -99 35 -34 9 -84 -78 10 -77 -28 44 54 72 -33 -91 -4 -11 -65 -83 45 76 13 -52 -8 60 -22 -92 66 -58 91 79 21 -56 -74 45 1 35 -65 89
28 31 60 -89 -68 30 -17 -28 -42 67 -78 -21 100 52 70 30 -88 98 -75 -5 84 84 -10 -15 21 64 -82 31 -100 15 53 42 74 76 -50 -85 26 91 -67 93 55 -70 -4 -95 90 -54 -98 29 -77 -37 -98 73 62 70 35 -60 -53 41 -96 58 55 -37 -43 -3 94 -24 -30 76 6 43 70 31 -67 -32 67 4 -70 -59 27 -27 -51 -10 40 -6 22 48 22 42 -87 -62 15 86 -50 -60 44 77 20 -95 10 -13 -26
42 -70 -6 -8 97 32 -18 -29 54 38 77 -17 -20 36 -1 -75 67 -67 -74 20 86 -42 74 -32 85 5 75 -19 -43 -58 32 78 -11 -70 -76 -56 -40 -58 89 -98 28 68 38 -25 16 22 60 19 91 30 -63 65 96 63 68 -52 -49 -29 67 -35 -90 -54 -93 74 73 74 2 95 -91 -9 -16 96 -26 52 -29 15 -100 -100 -36 69 -1 -92 58 -48 53 -85 82 -82 -44 83 -69 -6 14 22 -92 -66 -19 -17 94 -39 64
39 -86 3 72 6 40 -49 -30 35 -84 -100 51 -28 -49 8 67 -64 58 23 97 11 -62 28 65 42 7 -58 -95 47 -32 6 36 -88 24 -31 -8 -82 -83 -33 -36 -34 98 -54 -29 3 -20 -90 90 10 -30 -37 34 34 -66 -97 1 66 9 -73 51 -15 -63 -66 -35 -49 -48 31 -89 61 -59 2 -2 25 -18 -39 -60 8 100 -49 40 1 2 -15 72 -30 -23 78 53 95 68 -25 -75 -47 -27 5 -43 35 -61 -16 50 16
-57 -73 -26 16 -71 31 18 -67 67 42 -1 50 -89 -26 69 -41 -70 -5 -8 68 -30 58 67 4 -63 -28 -30 -79 46 70 51 75 13 41 -73 -53 4 -1 74 -55 85 6 59 -32 10 -63 89 -11 24 96 57 22 34 -97 -56 0 23 68 -79 88 -50 -8 38 -17 -15 44 -33 60 -55 -60 53 -88 9 -100 -43 -76 28 -69 33 -48 -1 86 -100 34 -20 -21 -14 8 73 62 -8 35 63 -99 -48 -93 -60 -23 -46 21 -65
-61 26 46 53 38 -78 -3 -63 27 3 41 17 98 90 -12 -85 -44 45 62 58 -51 -70 -81 -97 77 -62 -19 -8 -61 -4 2 -64 79 86 43 61 54 -38 48 22 11 -45 34 46 -34 72 -27 61 77 -18 82 22 -96 -29 42 47 -37 -1 -17 4 -84 65 -26 9 -89 73 53 36 -6 -62 48 -37 -14 -68 82 30 68 -94 -78 34 -13 -49 96 31 45 22 80 -22 -72 -77 -71 54 -75 -51 -87 42 57 -70 27 88 14
-59 21 22 66 -14 8 12 -82 -1 86 -69 -78 -44 33 -16 93 -21 5 0 38 73 19 95 -99 -5 -16 81 25 94 42 22 59 66 -74 87 42 23 -74 79 -49 -6 -6 78 -23 92 78 -83 9 -91 3 42 90 -28 59 55 48 -46 79 -63 50 -48 -19 -92 72 -88 100 -90 -29 11 -5 -50 98 -28 6 -38 -86 -55 -21 -8 52 54 -57 6 26 -88 -5 -94 -34 20 81 17 74 -97 0 -13 -30 -7 -74 80 84 -26
90 33 -81 8 82 69 87 -24 -46 52 88 -68 89 -75 -17 23 -30 41 47 50 -18 37 16 48 45 -38 -53 80 37 -25 -36 -28 -31 -24 59 -24 84 -36 72 -90 30 -89 -51 65 94 -91 -43 -91 12 7 -64 97 79 -16 -46 83 -27 91 -7 -100 -97 68 19 -81 -64 -6 12 -50 -8 28 -18 62 -72 -97 -91 -12 84 4 35 3 -93 -24 -27 -84 46 -67 -68 -31 96 15 17 -59 -36 -97 90 39 -48 71 11 24 68
45 -57 -24 57 -85 59 52 -8 -73 -14 92 28 33 -46 -40 92 68 62 -23 -54 -14 -96 -7 -5 10 34 38 -74 96 -44 84 30 -35 35 89 -48 73 28 -97 72 -26 -70 -35 42 -27 50 -55 -24 59 71 -65 61 -55 67 97 2 73 93 67 -75 -60 -67 98 1 -75 -44 -4 -58 41 -83 70 91 -76 -70 -18 -29 44 59 79 58 -54 -63 -67 -14 25 7 -34 -7 76 -33 -59 4 -17 -41 8 84 -16 54 7 -89 -96
47 -91 47 -55 -44 53 -30 -2 -71 36 -77 28 49 38 -74 77 -68 83 -56 87 66 -93 59 -98 -88 -45 -85 53 -79 -50 -89 -66 65 -68 37 -8 -31 24 -26 -42 71 87 84 70 21 32 50 -64 71 6 -81 -38 -58 -71 -95 -10 18 42 -50 -23 -66 94 44 11 2 50 -91 -97 -82 17 -19 -40 -7 -6 96 -78 -17 -45 -94 -98 -86 -72 82 -45 -99 73 -9 -18 -76 63 -52 -3 67 21 -92 90 -61 -17 40 -18 24
-80 24 -62 -90 -94 -8 -44 60 -17 89 52 8 -70 -66 -48 -75 78 9 44 -18 -88 -29 -58 -48 -17 13 -78 96 13 -54 -92 -79 3 59 -41 -67 25 -11 -23 -33 -68 7 91 89 95 -86 84 96 -22 -69 9 -90 -59 -19 52 97 -13 33 49 34 83 57 -5 -96 -95 13 -60 55 -55 28 19 62 15 1 -21 -39 9 -2 -65 61 32 13 63 12 -47 -81 7 -48 -66 39 62 58 3 -89 -88 -88 -80 -51 -21 42 21
-57 18 14 -80 -77 -96 -65 72 36 37 38 -72 -91 84 76 -14 -33 -36 33 96 21 -37 -67 -33 35 23 38 6 -37 -48 -55 -31 -78 50 -21 -2 35 -65 64 39 10 83 -15 91 93 -17 98 -92 64 -44 70 -92 -85 52 100 65 -69 -43 -79 -36 -30 79 2 -83 -15 53 30 -53 -42 -64 10 -65 -19 22 60 44 47 -60 31 17 -46 -34 77 57 -39 -2 96 -96 20 -91 -77 93 -65 28 -80 -42 -98 15 -13 62 -67
0 96 -58 67 18 -58 -40 65 100 51 -71 95 -40 45 -4 -90 29 75 -42 -28 89 -69 34 -15 -22 80 -98 -59 -12 -1 21 24 70 64 -89 -35 91 -42 49 74 65 70 -35 39 -99 9 -32 64 -66 -84 -50 -20 -40 60 78 28 18 -97 -66 47 -25 -84 80 38 -3 62 33 -95 2 -95 50 -93 48 6 15 42 13 -31 -35 97 64 88 -21 -31 -58 34 -25 -71 -57 -34 -10 46 41 -70 2 59 -20 -100 8 -49 29
74 -66 -50 -39 -78 39 81 72 53 1 34 39 70 40 10 70 22 -92 30 80 -89 -99 -43 67 4 -19 -30 -93 18 91 -89 55 -35 -91 -18 -36 -26 74 -9 34 39 14 87 -93 -69 83 -59 -98 80 -2 -60 78 -75 16 -75 -59 39 -8 -72 11 -51 47 56 21 -27 -4 -91 -22 -98 59 91 -2 60 45 10 -86 76 80 59 -20 -71 -44 28 97 -41 -35 7 -71 -74 77 51 -17 -32 33 -15 -95 -1 32 -97 -29 -4
19 42 -89 62 -43 24 -60 -36 51 -91 10 2 99 22 99 -53 -71 -37 -14 44 25 94 -39 13 -31 61 26 66 -69 -27 -58 -37 78 94 -52 3 -67 22 4 -77 56 -48 -42 29 -88 21 22 53 -52 -24 67 -98 -90 -40 24 69 1 -63 58 45 82 48 64 -59 -82 -9 22 -43 44 3 -93 -9 -11 7 38 -1 88 -46 -43 78 -93 81 -18 -40 34 95 48 -46 -77 94 90 -99 66 26 -1 100 89 -30 -69 -46 -32
16 92 -10 79 85 -100 -6 94 61 -87 37 -4 -64 1 3 -51 -43 -74 59 -29 -7 -27 -45 46 -28 -34 -7 -47 -61 28 70 86 -88 -62 -43 -37 1 -76 -74 -69 96 -6 49 3 69 -96 -82 -94 -97 14 74 -60 39 88 44 23 -98 -51 76 -91 21 -98 -94 91 -53 -16 -6 -15 99 -70 89 -96 -95 64 11 -4 59 -41 -27 -45 8 14 -100 4 -21 -9 42 98 -96 -26 5 21 -15 81 85 -5 -33 29 81 -28 44
-73 18 8 -40 -14 28 -90 42 73 7 -49 13 86 -31 88 10 -38 59 31 79 14 -37 -1 -86 70 97 43 67 58 -24 -72 -98 -63 -66 55 -53 3 28 13 -85 -75 67 94 4 66 -83 41 46 70 -70 -100 43 49 83 -55 15 -86 91 -70 -87 57 -76 85 97 -37 73 -84 83 46 -84 -35 -75 12 84 60 64 93 -61 81 -34 33 -74 49 -9 -68 -20 60 -64 -34 55 78 -81 -13 34 55 -18 1 56 51 -65 76
-58 71 65 12 -28 -54 -78 17 24 -76 -28 47 -75 -5 69 -19 4 -41 -28 -9 97 -81 -59 58 91 40 -71 -16 88 16 69 13 -100 10 66 -17 -71 -91 -11 -43 36 49 -71 60 42 42 -4 7 -3 -1 14 -88 87 86 16 34 74 -47 70 -85 -42 -8 36 -88 3 4 97 -83 -65 -57 -4 9 95 17 -89 -93 20 4 -45 90 -58 -58 67 29 47 76 -16 80 21 20 -62 51 95 -23 21 10 -60 6 7 -34 -50
-49 27 28 65 52 -7 -64 -16 -55 -14 25 20 29 -96 17 -81 34 -79 0 -39 -81 88 6 61 61 93 18 -64 97 -94 -27 95 -79 -80 4 77 -56 63 -43 98 -37 -31 83 9 -21 -35 -78 49 92 -36 55 48 -45 56 -70 67 44 75 15 -73 -65 17 77 36 -71 -39 -2 -96 -80 74 55 79 -24 -44 -24 -17 -10 96 18 -22 -78 -54 -98 88 96 -73 -98 -84 12 -77 95 -62 70 25 -95 -39 -5 40 -3 -45 95
6 84 -45 -18 -69 52 -55 84 -15 4 2 -6 -47 15 2 -20 -6 -49 91 28 6 49 33 48 -71 -62 77 26 32 58 -41 -19 87 -2 -57 16 -74 -56 -90 -41 30 21 29 42 -47 -78 41 -87 56 -90 61 -92 89 68 33 -25 57 -46 42 21 80 -30 25 -65 92 -99 -64 -40 42 -50 61 -29 -51 86 98 -40 -19 50 -75 50 -16 -11 -96 27 13 -79 27 34 -72 65 -87 51 -94 -75 -28 -69 60 -21 32 74 8
-89 20 23 -36 -18 48 -42 -41 -88 -16 -11 83 -17 -14 1 -40 37 73 18 64 89 69 -63 -99 -75 81 85 -64 -29 69 -53 -87 -26 68 91 -85 71 -90 26 -30 9 -49 49 -96 66 86 93 -77 -94 84 48 62 -65 -10 -76 -37 98 60 18 -98 61 82 -23 -98 -97 -38 46 -35 12 78 8 -36 -81 94 -69 -23 -75 -52 88 -54 94 17 -68 -17 39 23 -38 22 -26 95 29 89 71 2 -65 -6 57 93 -64 83 -44
78 -2 -84 27 21 -66 22 99 52 -30 -15 -15 -30 26 -64 35 -99 88 97 -95 -78 46 59 -93 -6 -84 19 50 53 -62 15 -97 -97 27 -45 52 -92 -58 90 -55 -32 26 -57 -89 -43 -22 69 6 55 -27 -11 29 -62 -2 24 54 16 63 83 -68 82 41 67 -18 -93 -53 -45 16 -33 -31 28 -86 -96 -94 -72 42 -56 21 9 32 18 -40 -75 -50 96 50 72 65 45 94 -16 -85 80 -63 91 97 86 -95 -43 -75 -65
22 -17 74 -85 73 -39 79 62 75 53 97 -5 36 8 -75 -81 -75 -63 5 59 -86 -93 6 0 85 -14 -87 97 -90 -42 55 7 -71 91 -36 60 0 14 35 92 -46 61 -27 -80 -33 -98 -3 -91 -60 34 -4 18 97 60 25 -85 22 -66 22 -34 83 64 -92 56 6 -8 -73 73 -66 -87 -90 -39 6 -62 37 -88 -96 -86 35 -70 51 95 -78 -15 -85 -86 18 -23 -31 -15 -25 89 -44 93 -44 72 72 -75 50 -1 -77
-29 16 47 91 -21 59 13 -25 -96 2 -55 70 79 -84 -19 17 37 -34 66 54 -95 74 52 -16 55 33 -1 -26 90 -8 96 -70 -13 -50 -86 32 27 4 84 31 0 85 -90 -50 -33 99 -94 -98 28 -87 33 41 -95 96 -37 5 66 -70 23 -30 49 -14 46 -24 -42 -29 51 -34 69 -27 9 18 51 -68 64 59 -54 -82 57 -63 96 67 -28 -87 46 78 -78 67 -41 -38 -12 -38 -54 -20 17 -31 -6 -67 69 43 -31
97 -6 -26 33 -29 -31 -30 80 62 82 63 -79 84 98 -44 -67 84 -69 -28 91 -80 34 -29 72 72 74 -30 -35 -94 28 -79 88 -64 -76 -8 50 -12 72 85 4 -75 -35 -38 49 67 -77 -100 -55 81 81 -55 3 2 -13 13 40 -12 -45 -34 -23 -68 -45 -65 -51 -78 -36 16 66 -51 71 80 -79 61 86 -20 -70 81 59 28 -64 29 78 -27 31 64 16 -17 -92 12 18 -8 53 -89 -76 24 76 31 -84 -63 -70 61
-95 -49 20 -61 -16 47 28 27 -13 38 21 -64 -51 -23 -46 20 -86 -24 -64 80 13 -64 -5 -5 65 -45 -66 -68 14 -55 -68 -30 79 -34 27 -90 71 81 21 1 29 -55 -7 27 -40 -100 47 39 61 -6 -13 -68 -13 53 -5 60 10 46 6 53 -9 -9 34 -45 17 -81 68 56 57 70 -53 -47 -33 -27 1 -69 65 -21 -57 -52 -6 43 -93 88 -76 98 -34 -29 -68 40 -26 -74 -46 -66 -49 47 59 -36 85 -84 -34
98 75 -62 56 90 -11 21 -69 -15 82 70 -20 -49 3 -57 -33 70 55 59 6 -7 16 -96 30 13 -27 -1 -34 76 -45 65 74 -35 -18 19 16 -37 71 57 84 -56 -14 -27 7 22 9 -28 26 10 -50 -13 62 -33 -35 25 55 17 -16 53 83 89 -26 39 -26 16 -23 0 42 65 -19 -92 44 22 53 48 79 6 26 65 -1 81 -34 -46 -69 94 -11 -67 37 -79 83 -52 -16 41 -71 -44 26 70 3 100 42 -82
-99 -33 54 -4 -68 23 -51 64 68 50 70 0 98 6 6 -99 -37 -90 96 35 16 36 64 -98 1 4 -5 57 -44 39 45 -95 21 -69 -100 99 -69 27 46 62 -27 50 -26 -52 7 -86 -21 30 26 70 -29 -38 -27 65 -50 -82 62 -63 12 -25 95 -33 -81 6 65 -78 47 3 -49 -13 71 -17 -66 -26 14 11 -95 -3 31 -77 16 56 84 -42 -37 6 42 16 5 50 -22 52 2 -86 53 15 -38 -23 -59 -1 25
49 57 43 -5 -46 51 37 4 94 -20 89 -78 75 -23 74 -67 32 33 66 52 9 23 19 -57 28 41 -63 -57 -13 50 -50 -88 -50 -72 -80 38 -2 -91 -32 -44 54 79 62 1 57 84 -17 -50 22 -9 -27 43 -14 -70 -61 46 51 -76 7 19 3 93 58 31 -15 -79 -55 -61 0 -41 -7 84 -100 -8 43 -56 2 73 -88 17 48 -64 78 86 -20 49 -43 -24 25 72 82 76 26 6 65 52 -4 14 -68 -9 -81
-49 -21 92 60 100 80 9 61 46 32 57 -24 -16 67 -76 -5 94 82 -97 63 -25 34 -94 53 53 -76 -91 79 -57 -38 -100 -79 -23 -74 25 -85 91 95 -51 -93 31 35 4 -93 89 72 57 19 23 18 -59 -10 -20 -77 -36 43 -38 21 52 0 42 -21 26 73 -81 4 -38 51 6 -88 24 18 -1 9 -66 29 15 75 -28 78 -71 -44 -100 -6 28 -95 -71 -69 80 -68 -67 -25 -14 -96 66 68 76 46 96 -28 15
17 25 79 -72 58 -38 32 82 79 50 6 -51 -85 -63 65 86 80 90 64 14 83 36 49 90 81 97 68 9 -28 97 30 23 52 75 11 16 -20 100 -84 22 27 27 -42 10 -21 -48 -54 -80 -84 -41 -9 -21 -83 60 -100 81 -57 -20 33 19 54 -38 -36 94 -46 90 -72 9 -78 86 -27 -12 -77 -40 -61 -15 85 69 14 -12 40 45 65 52 38 -50 30 -18 -85 -23 -29 -86 -2 38 -18 -48 -63 -79 61 -19 5
-65 -91 -22 36 29 -29 6 20 62 96 28 -60 27 -48 -2 28 91 -4 47 81 -68 -17 11 4 56 -67 18 -21 -93 87 -80 59 -92 41 19 50 38 72 41 -75 33 -93 36 32 -44 2 -32 -40 34 -84 -43 -91 58 3 -89 -35 -67 20 52 37 10 -9 24 22 -4 -8 99 31 -85 91 -34 46 74 69 -82 35 2 78 81 -100 -91 18 35 65 -12 18 -13 -16 8 8 69 -62 -98 -33 -99 15 56 43 82 36 78
24 -45 67 -54 86 75 36 8 92 -90 34 49 28 87 -69 11 -89 -11 40 -60 -14 37 -45 28 -40 48 -75 -33 13 -4 94 84 77 -12 6 -20 -34 -11 -88 -57 -42 -80 8 -14 -96 29 26 72 -89 68 -24 -43 27 64 81 23 78 28 9 -74 93 37 -98 11 -88 -55 50 -9 40 -73 -78 -12 34 71 60 13 -13 -54 -49 -67 -26 58 -38 5 -91 -36 56 -28 -83 50 14 -61 51 89 -20 -3 78 -98 -33 -38 57
-56 -48 70 6 -34 11 -13 36 -59 96 -97 -44 65 -47 87 -6 -86 -19 -60 34 -30 46 -56 -89 36 -48 65 -69 87 -70 66 9 44 -13 93 -68 8 73 46 31 93 -20 -79 -76 58 -53 -36 -98 48 -3 0 -76 -56 -23 24 82 -17 -70 -89 -28 88 11 88 -25 -15 -26 61 -95 43 -28 62 35 96 91 65 -9 -66 -91 -1 58 93 56 13 -52 -28 59 -5 -38 -64 41 -22 93 30 64 -14 -61 74 -37 31 20 85
-73 -31 -29 -52 10 -92 -35 87 46 47 53 25 44 -48 65 97 84 54 -11 41 54 -63 -45 -64 53 -36 4 85 -13 -96 96 81 -71 -82 14 -44 -70 43 -36 22 -20 -100 -27 -1 97 -95 49 -1 -19 23 -54 -21 47 28 18 6 -1 -23 -84 -55 81 -1 -31 71 -66 2 92 99 -91 -56 91 -82 -29 64 52 -10 20 -17 29 -8 84 90 96 52 64 -83 -89 -78 11 -79 87 -14 53 26 -42 33 -6 34 69 67 73
-18 -57 67 -55 -49 98 80 -20 54 -44 91 -40 52 -60 26 21 7 -55 65 -76 -78 90 -96 -61 58 3 64 -57 80 -66 14 12 -98 -13 -34 -1 -55 -5 45 -23 1 -4 83 -21 10 -77 55 31 -34 -12 69 -58 -78 60 -41 46 -68 -85 76 81 -42 -29 -15 -79 -22 -27 2 76 -73 -26 -54 -1 96 0 -66 -44 -34 -94 65 -82 8 -83 56 -26 0 63 62 80 -55 29 -88 -43 -45 -89 -75 50 -99 -71 -25 19 29
15 24 -69 40 -81 -9 56 75 83 -57 63 -96 -74 53 -87 33 1 -7 -90 31 -18 -100 -93 -90 68 17 -36 -36 -73 -16 0 -98 -87 -34 -7 -65 34 41 61 -63 75 -89 4 84 34 51 0 58 -51 -40 27 -54 -25 -35 24 -36 -21 15 -35 16 18 -45 72 24 49 51 -18 23 55 11 21 97 48 -64 83 16 58 60 30 54 95 -94 63 -75 -83 -48 64 67 -57 10 65 90 -83 -36 9 43 61 0 -88 -87 63
9 94 90 29 -81 -99 67 72 -1 13 33 11 -21 -73 54 18 8 46 68 64 -29 -76 -72 -87 -16 -43 95 32 3 -27 86 10 16 -89 -90 -75 14 37 55 53 -75 49 75 -92 30 16 30 -74 -52 11 73 68 -20 97 -27 -73 -59 -66 50 65 13 61 -16 14 -3 43 55 -40 3 96 95 -68 -15 -32 -79 -43 -26 86 -55 69 -15 -27 -63 20 -61 -43 0 26 -54 -89 -80 -72 20 -62 -3 -88 -79 -65 -34 -26 -31
-54 61 -57 32 -5 92 71 -29 9 15 -87 26 73 64 -42 -98 -94 -45 -49 28 -51 -36 -97 73 -58 60 -63 21 85 -32 57 83 -2 -57 31 -46 -48 -82 -12 38 -40 10 -11 -63 25 18 -61 -80 84 -6 -42 28 14 -81 -65 -72 37 -17 72 65 13 -5 80 -40 61 99 -4 7 45 69 -64 97 10 -13 84 69 57 -94 23 45 70 -69 -47 40 -89 -62 63 -47 -38 -40 -96 -83 -99 -43 19 6 -20 88 -38 47 -67
-4 58 17 -10 -48 -92 -22 12 -82 -79 35 28 22 45 -93 75 83 -79 9 -23 -84 12 -82 -40 -81 -49 -92 -60 -3 -35 37 15 -24 -49 60 98 -6 94 18 -31 -23 -18 72 -62 -87 -85 46 -99 36 37 50 -88 26 -97 49 11 -17 16 -16 -43 -19 25 26 83 77 -11 -78 -71 -41 -84 83 100 -95 77 -83 -94 84 -24 87 21 -85 -17 -58 -24 83 9 -90 -46 -66 92 -51 -14 96 -31 -95 -42 49 45 -83 -78 -80
72 63 85 -18 -19 16 -91 26 2 58 95 98 -73 -56 -16 -54 58 3 97 -34 49 -46 -43 58 -35 -61 -10 65 24 48 6 -16 51 -54 68 32 -84 44 19 -58 -41 -48 -31 -21 74 -60 -93 0 76 94 -45 -38 -95 -88 -83 -54 -34 71 44 34 12 -22 -19 29 24 -95 -8 -54 100 -90 27 -40 -76 -5 35 -85 -8 -89 80 -60 -51 -38 -52 90 35 19 -82 -37 79 60 42 -78 21 40 -81 79 -44 -58 85 -59 -6
-34 -54 -68 1 -21 -8 -50 -39 43 -89 -98 -72 98 -71 -96 -9 -14 -26 -99 -86 -66 40 -12 19 -63 -59 6 56 6 19 -24 -87 -22 72 17 -10 -15 10 -82 15 55 -94 -31 69 -74 24 -23 96 -69 97 18 69 -79 16 43 1 -55 13 -8 23 -86 -66 38 -77 10 58 -75 98 27 71 -1 53 26 58 6 -6 -62 -77 -26 15 13 27 -97 64 99 -63 -37 -35 89 7 74 -6 -58 44 29 -63 1 -49 -21 21 51
99 -78 32 -50 35 -53 -74 36 0 87 -17 18 13 88 99 -82 -12 48 89 12 -80 8 67 -21 -29 -16 15 94 -14 -62 -46 -39 -58 26 37 4 -87 -51 48 -12 46 -38 95 25 -15 -62 -12 -75 73 -51 17 -76 13 78 -25 -76 26 78 -51 19 47 30 -95 2 1 96 58 -48 0 2 81 -98 -52 55 -69 -17 -94 15 25 -89 -7 38 91 -100 62 -53 -46 -8 43 -47 -84 -50 -65 62 -83 79 -38 -83 39 96 -46
-21 100 49 88 -83 83 50 -25 54 74 4 10 77 72 4 -65 94 -90 64 -44 -41 -46 -81 14 99 14 31 48 -89 -67 34 -51 -21 -96 7 96 72 -82 31 46 38 -36 -26 -98 32 -42 -8 -65 -68 86 -62 18 -83 63 73 90 -3 12 -73 -75 -41 -56 66 -71 67 -68 4 69 38 -64 42 62 -75 -23 -39 -92 -30 -56 45 -83 -39 60 29 -74 40 26 -57 97 -40 -81 -32 2 -31 -54 36 -44 -62 -86 -56 92 -86
-57 -7 41 30 15 -23 14 -65 -23 -96 73 79 -61 9 42 -1 29 -24 -58 19 -52 11 31 38 -48 55 -43 -46 69 66 50 44 23 -66 -82 -86 -18 57 74 -70 60 -64 51 -58 39 4 92 61 9 49 -7 62 -27 71 -1 -27 -36 88 -71 -22 81 -48 -24 10 -48 1 -95 38 -89 62 63 95 -94 26 47 82 5 58 29 40 -100 -2 82 -20 10 59 -72 -22 -91 -64 19 47 -33 23 14 92 -49 -75 -66 35 -90
8 -44 15 68 -97 95 -81 60 -2 14 -47 -89 61 -11 92 42 2 87 68 -65 4 43 -87 -48 54 -39 48 28 6 -55 -9 39 15 -22 10 -89 98 -19 68 26 80 12 -58 87 12 34 -49 37 -28 4 -64 -68 63 91 52 3 -76 31 26 -21 -14 -67 10 73 -83 67 12 5 -79 62 -36 46 38 15 93 -11 97 -51 32 -4 43 -55 -96 56 18 82 11 11 -28 58 62 -18 40 -71 -93 5 48 -93 -27 41 13
-75 47 -89 -49 -36 -48 68 27 67 41 -96 -74 -18 -86 59 43 62 41 -83 -48 86 -78 10 -28 -33 39 49 35 2 9 -49 73 -10 10 94 -3 61 95 -17 -10 -68 -1 42 8 98 15 -22 -37 -46 -50 71 10 95 -95 57 -97 5 13 70 -96 -63 -56 -1 -30 47 54 -18 -38 18 -82 -3 -98 28 23 100 84 -27 54 -25 -35 61 95 -41 -74 -43 -39 -45 -33 -60 -9 62 -66 16 -67 -43 -49 -98 5 78 -5 -35
-44 -66 45 -100 -81 87 29 -85 61 67 -39 -22 -64 -81 -90 47 -62 63 3 -1 -73 41 21 61 -31 -52 -92 36 70 19 -57 -44 -97 62 71 69 18 -63 -70 -26 12 38 34 11 -90 -68 -39 26 63 -65 1 -7 -35 14 77 63 8 -62 -74 -55 99 54 -29 91 62 -41 68 44 -55 60 -69 -7 -53 14 34 -66 -82 59 -77 -11 58 -56 17 -54 32 24 -98 -53 79 79 42 69 -66 38 93 -91 -5 73 74 -26 -73
9 52 52 -11 46 63 80 41 -81 -15 20 49 72 50 -75 39 17 -31 -20 -70 94 -40 80 40 65 -35 24 86 -41 42 86 54 49 -63 -8 -35 -52 89 15 71 1 -45 15 -20 -16 34 -15 95 95 -21 37 100 94 11 -2 -19 60 -76 26 87 -17 -17 -97 69 -64 61 65 -37 64 -97 -13 -29 -67 49 34 -51 19 32 -90 9 -61 -63 -19 26 -25 -71 -97 -21 90 -50 -41 63 25 -92 -62 36 -42 15 -9 -92 62
41 89 97 13 86 24 53 -34 91 33 -28 52 8 46 -26 -64 -12 79 16 -23 -39 97 -81 -34 -80 -84 -98 36 -25 -66 -16 -89 95 -11 -93 28 -35 -26 34 -6 51 5 -52 -21 -49 55 -30 42 20 5 35 25 -72 -61 30 -3 -72 64 -61 78 32 -69 89 -50 -89 76 18 -4 -9 -5 75 32 -87 36 -17 86 -3 50 97 -22 97 -18 -36 27 -30 40 -27 98 63 -59 79 12 29 89 72 -43 8 -94 -24 27 96
76 98 -51 -63 86 9 9 38 7 72 7 46 -82 -87 -65 -31 -87 -70 -69 -89 34 -53 -28 82 -54 27 -4 -28 -6 5 -25 26 -42 -76 -42 -38 -52 -31 -85 49 99 -11 99 26 76 27 -76 -48 -69 -26 43 -51 100 -86 6 79 -33 -55 12 -67 -77 84 48 40 65 62 -13 -94 37 54 -61 -36 -99 12 -2 13 4 -92 -61 -49 40 -43 -20 -90 -32 34 17 -86 39 -32 78 -49 16 -12 -96 15 77 2 21 23 94
-22 -81 -19 -25 76 -13 -11 -71 -93 92 39 42 86 33 -2 -50 -30 9 -79 2 49 76 76 77 -93 10 -21 39 90 -34 -43 7 -84 88 -54 2 85 -42 88 -87 -7 -72 -92 73 -83 84 -50 -76 -25 41 -58 -23 19 -64 22 -100 -29 42 -36 14 87 49 -19 -66 2 -1 45 -37 96 31 -87 11 -14 43 -43 -17 8 -52 -48 99 55 94 -73 7 0 48 -64 75 -43 84 -14 59 42 94 31 -82 -93 74 -61 45 -69
33 21 42 -16 11 91 25 -1 57 -90 -47 52 62 67 52 -35 52 -54 -7 67 29 28 83 -59 92 90 14 -36 -92 42 -11 -86 -82 -65 -2 66 -57 -30 59 71 -27 -53 83 -88 -63 36 15 -34 -60 50 -33 -72 7 24 -31 -40 -68 -90 -36 64 14 72 10 58 91 66 -60 36 47 -79 92 96 -96 -92 -39 -19 14 -78 96 73 -15 79 -78 -32 50 2 48 -45 97 32 -83 -71 15 -32 31 72 64 -61 -22 39 91
29 54 40 -87 89 76 83 -30 6 22 -25 -62 -95 84 -21 -29 -83 -84 -86 -30 100 -18 30 -70 -99 -30 -74 95 64 -20 29 59 -89 38 -99 -29 -10 -37 48 82 -37 34 91 -67 67 -25 -70 -79 8 -1 99 -57 -6 -56 76 -57 -52 5 32 72 4 10 -66 -53 -7 -22 92 4 -61 -38 -66 0 -72 -94 -90 -70 12 83 81 59 54 -58 -59 98 84 9 75 -26 59 74 -51 -68 50 -56 -93 75 99 65 36 73 -43
55 79 61 -42 10 -16 95 36 16 -31 -97 -47 -53 -60 -17 -88 -94 50 -61 -5 24 95 -11 -54 97 44 -29 11 61 71 -65 -46 55 12 36 60 -8 85 84 60 -85 -27 62 11 -69 -34 79 -19 -6 -82 -56 -77 -23 -96 -3 22 -56 22 28 -99 -32 62 -12 -11 -33 -87 -7 -100 -69 -32 40 -5 78 66 7 -90 -18 26 38 1 -100 48 -46 -44 -50 -100 2 30 -65 -14 -56 73 -63 19 -87 97 -22 -46 32 75 82
59 -50 21 -85 -6 -41 61 -72 65 15 -87 -85 39 -16 58 -58 -15 -99 -42 96 69 70 76 -24 -34 -80 -16 -15 91 94 50 -7 -54 17 -69 32 20 80 -28 -36 83 -97 -37 -72 34 -89 -39 100 74 -77 -44 -88 85 -100 85 28 10 -16 -11 -69 -97 79 -55 14 -79 -13 50 41 63 78 -48 47 -9 -89 92 91 -55 -96 -28 -93 49 -92 26 -71 -9 30 -97 -45 -65 -49 -58 30 69 80 -79 68 91 39 -42 1 80
69 -41 94 94 -50 -80 87 35 56 -11 17 -86 83 -8 -49 -99 -50 62 82 47 25 3 -84 -27 -51 98 -40 69 98 78 86 69 -48 -44 99 -71 -25 -78 -4 -25 24 -52 -29 -87 -37 -25 86 -91 -94 5 -60 -82 22 -25 13 92 -19 10 29 77 -79 29 -37 15 -74 95 16 70 -3 97 25 -35 75 11 21 29 88 7 14 -83 -61 -36 53 54 -66 -61 4 -43 -63 -97 51 3 64 -17 -44 60 26 -34 62 -13 -41
29 -15 -70 -12 -68 57 -28 14 46 -86 -19 52 20 7 65 52 -59 37 9 -81 33 -26 13 -18 -95 70 19 8 -51 -17 64 -43 87 -15 7 -99 56 86 -94 -49 23 66 100 -43 -70 3 22 15 -89 84 -41 -91 -26 69 36 -75 86 -73 -20 55 -74 -81 59 50 -96 -84 78 -4 44 40 -80 69 62 64 53 -76 -39 32 97 -40 47 -50 -97 -22 78 -32 -21 77 -74 17 42 37 -72 -39 21 -96 17 28 -68 -71 -49
-95 -11 -24 14 35 -89 -6 66 92 66 87 80 41 55 34 -73 -98 -88 -85 41 24 59 -82 -98 45 62 -59 96 -2 -87 28 -65 48 19 33 -69 48 -3 5 15 -67 -83 14 -42 -97 34 50 -100 46 95 11 -39 84 3 64 -11 38 34 -34 -1 17 40 -92 26 44 -64 69 -49 -18 -50 35 77 69 24 96 -48 75 -46 1 43 -93 -60 0 90 -33 -57 -8 40 -1 -42 14 -19 -26 -33 -76 13 -88 56 48 13 -50
-72 -22 -58 23 -64 20 77 61 90 42 63 -73 -27 82 -5 -16 -83 14 -18 82 62 13 -12 91 61 -8 -80 73 55 -92 -40 63 82 11 48 -4 -95 12 -84 32 -24 -3 86 47 78 -43 -69 -70 17 96 -63 17 53 -11 95 -99 90 81 -60 40 -81 -25 86 -45 -74 11 -68 -30 -87 26 98 -4 19 50 -72 85 -87 84 99 -55 19 3 66 66 -74 1 -66 14 -28 42 36 6 13 40 -52 12 35 26 -13 75 68
-17 36 -7 7 -32 18 -83 44 41 3 31 70 -11 24 46 -97 56 21 20 -30 -97 16 30 -31 -71 -71 11 25 15 58 -38 -80 -6 43 -84 13 6 55 -85 12 -12 20 61 9 -72 -38 81 -92 -54 62 35 37 -5 -26 -81 61 -46 -19 -85 -39 5 -69 -54 -72 -20 23 -44 -83 21 -61 80 62 -82 56 36 -45 -93 -14 92 -62 47 53 99 6 -8 -32 -18 -78 3 71 -3 -93 88 39 -31 37 -82 -41 2 24 31
59 -47 79 54 -97 -55 56 -87 74 23 10 -57 -87 -59 -3 45 11 55 13 93 -26 -15 20 92 -96 35 93 3 43 -92 -33 91 55 14 -23 -34 -49 -6 -69 7 48 -98 30 -99 61 -71 -9 27 73 0 9 57 -52 33 51 72 -18 87 -7 -94 -93 12 -63 85 32 -67 -50 -23 16 30 -52 -32 -20 -26 36 -54 93 -47 33 62 -11 37 -92 -60 -70 -10 -97 -39 -92 48 48 -47 38 49 -99 23 -47 -73 -42 -22 50
27 -62 -1 23 51 92 -52 88 -54 2 -93 62 22 -85 -58 -53 -13 -16 99 -58 -85 -58 75 -23 -71 98 -5 -75 -76 38 -22 -66 81 -68 64 71 75 -95 -15 -86 -5 51 -80 47 99 -82 85 100 72 66 46 23 80 -15 73 52 8 -71 30 -64 -99 29 -73 -11 -81 100 63 27 66 -100 40 -62 -21 17 -30 49 75 -24 88 -57 -80 -85 -33 24 4 88 85 30 83 5 71 51 63 42 -48 -27 3 8 91 11 35
-60 78 -22 34 74 90 -88 -33 78 32 -48 65 80 58 56 97 97 -79 -84 35 -47 -12 -30 43 92 -92 15 90 -19 -48 -32 -71 1 -64 65 15 86 33 -97 97 -23 -80 -46 -52 4 99 -20 -55 45 4 25 -21 20 78 47 74 18 25 57 -81 -95 34 -11 89 47 -50 99 1 42 -87 56 46 -68 51 41 36 -83 -40 11 83 11 -10 34 -54 27 -70 70 50 63 -98 64 60 -66 -95 15 2 -75 32 38 53 -43
