90 12 89 -65 0 -32 -58 75 -23 -37 -76 -5 -78 -13 97 48 65 -86 76 74 57 36 26 100 64 72 63 84 -98 -52 13 -51 34 -16 13 -18 -34 -86 2 27 -73 -77 46 -57 -39 0 41 -92 -90 -85 -67 -23 32 -77 54 -49 -88 81 97 78 11 -36 45 -30 36 15 -79 96 94 3 11 -32 18 31 31 -89 -61 19 -46 -79 -6 2 68 -56 48 2 -39 46 42 -74 -55 28 36 32 -23 9 -53 44 91 -85 -17
72 48 80 11 -42 55 78 -2 -83 -19 -76 1 85 42 40 -85 -41 -50 -40 -52 35 -5 100 -26 -20 -30 79 -94 -99 98 38 53 -19 78 9 -35 33 -85 91 -71 0 -71 -72 89 68 97 26 61 17 -76 77 -18 41 -52 -82 62 -11 -13 95 -98 -54 -83 2 -35 91 -52 53 -60 -55 -31 -100 99 -23 18 64 -1 -12 -57 -87 18 -58 -98 -79 -15 -100 -18 79 -51 82 51 -90 85 6 8 -75 93 2 -65 23 -63 53
-76 -74 50 -69 -39 15 36 55 68 -26 48 18 37 -90 -58 14 -6 -20 96 0 0 -66 -15 40 92 -54 8 -27 -62 18 -28 -82 -93 -47 -17 -40 79 87 22 75 -44 12 37 -100 88 -8 80 18 64 29 -32 -87 -31 75 -84 -49 56 77 -63 92 -63 -78 61 52 -81 94 42 56 82 88 -47 77 39 79 37 69 91 32 15 -61 21 -12 48 32 50 -72 -6 33 -72 -96 75 4 36 -2 35 20 -67 87 -65 76 28
61 93 -13 96 -75 92 4 81 45 -100 -15 -31 -14 90 70 65 89 39 -48 -52 -10 -60 -79 -90 -6 -62 -98 53 -83 -97 31 26 -71 -61 -90 -73 -56 80 54 13 84 -66 4 13 58 93 -14 -31 -49 33 92 43 -25 -49 -20 -75 -18 -27 -13 72 17 -63 97 48 -31 -92 -61 -97 -51 -35 0 -29 -5 86 -17 -81 -59 21 -51 61 19 -93 -43 23 -68 14 -18 18 1 53 81 -10 -85 13 58 15 44 57 35 36 8
-53 47 -37 36 -91 100 -52 83 33 -15 -45 -100 -33 100 -93 89 79 40 -40 -67 36 -69 -93 -5 -22 -82 -17 86 96 -78 -37 31 65 73 -51 -18 -24 36 91 0 8 -84 -81 -1 16 -11 97 12 -11 6 -49 -1 -53 -84 53 73 -65 49 -48 42 78 -20 -39 39 100 65 23 61 -19 44 -77 89 -26 47 -71 77 84 -98 -20 -82 8 4 29 69 -44 -91 -61 88 -30 42 22 17 30 52 -31 -19 27 87 -65 13 62
72 -52 25 -54 7 -98 -41 91 -75 -66 52 91 29 75 -52 -98 -12 100 -81 28 -64 -51 -77 20 -51 67 -13 76 -9 -75 52 31 -49 -46 -9 -84 37 90 85 -72 -13 4 -61 -97 -96 44 22 -88 20 -8 54 -90 20 26 -61 52 -23 64 -54 -50 -66 -37 53 75 -28 -60 -9 52 -1 77 100 61 -43 92 43 10 -100 -63 2 -98 71 -31 -39 -2 71 85 24 -12 86 -74 -66 66 37 49 0 -43 30 -22 91 14 -100
-78 39 50 45 -88 -56 16 44 75 -10 -73 5 97 -95 -55 -3 -50 -54 88 -99 25 -82 -90 -48 -5 -72 21 -94 96 6 61 8 -1 -7 -64 -78 -65 17 24 77 -26 -35 77 1 86 2 79 76 48 -7 41 76 -56 64 -28 -63 -79 43 -96 -40 -17 -77 -65 -18 65 -6 40 -76 -65 45 49 -48 57 16 -1 39 22 99 -11 -72 82 17 66 -7 27 87 -8 2 6 21 92 -23 72 90 -49 74 15 -75 27 -39 54
-31 15 -9 4 -27 -29 -29 8 -17 -11 20 -77 -20 15 -89 49 12 -94 3 -15 -16 53 4 -27 16 97 54 17 -85 35 -29 83 88 61 -27 39 11 44 99 -25 8 10 -72 -49 87 -3 86 97 95 87 18 73 23 88 37 55 17 41 35 -10 -47 -82 81 64 -30 2 49 -54 -53 42 -99 -12 95 47 94 -68 -17 97 -43 -6 6 83 51 23 22 -93 37 50 85 -90 53 -79 73 -76 -37 -45 -45 76 99 -51 -48
33 -50 -65 -9 7 63 44 -79 -88 -15 -24 64 78 48 -74 59 -6 61 -68 -84 -10 34 23 99 50 -87 -81 71 -71 51 -18 -30 -4 -34 86 39 -55 -89 -79 -27 35 34 -24 -56 -87 70 -40 23 -8 -68 -20 96 -91 -25 41 -71 40 60 -56 94 71 78 -53 -5 -3 25 18 -16 -36 30 37 -16 -94 56 27 -28 -69 88 -6 -35 -55 -45 -20 -24 -83 53 48 -85 -60 -55 90 85 11 48 17 51 16 -81 -60 -4 -54
74 -9 42 78 55 35 90 30 -91 -36 -26 -79 7 50 59 -37 13 -94 21 -20 74 -44 -20 -44 -98 -86 -15 -40 63 86 59 1 -8 -84 42 -26 -73 -42 -2 -26 15 -7 19 -85 -61 -73 -66 4 -24 -72 -93 95 92 -37 -7 -48 91 -98 -75 59 87 30 -11 -5 -85 58 -81 70 31 40 13 78 -29 -45 -61 55 46 49 -83 10 55 6 -62 -98 85 13 34 77 70 -52 28 49 -92 18 26 -35 14 -13 55 -12 76
27 36 -23 94 38 -34 82 -68 42 -38 -66 49 89 -80 -42 -72 -10 -86 85 -100 -37 60 38 -18 65 78 -69 47 4 7 -44 19 -93 -19 -7 -66 52 88 75 95 76 -76 -35 -93 -3 -47 -48 -29 -11 -75 62 100 -55 -82 -24 -51 31 -79 12 13 -70 71 -55 29 47 5 -97 -30 89 -71 62 -46 29 89 -29 70 -75 -67 -15 -59 -11 16 -82 -17 -28 27 92 -15 56 -28 -52 -93 -95 80 69 8 -62 -80 -56 38 30
28 -65 76 41 -83 -60 59 11 28 -79 96 -82 -17 -89 57 44 -13 50 72 -78 -13 -30 27 -37 -35 -12 -4 53 11 -1 40 -91 66 87 -47 37 -96 -91 85 58 -73 -76 -96 61 49 -41 -15 -63 -23 23 53 94 22 7 16 61 -77 -80 -16 0 -29 -1 27 84 -67 -6 -91 31 -66 25 -1 51 -59 -67 41 30 -23 -65 24 -29 -80 -100 96 -82 15 -97 -100 -30 -28 -20 91 -98 -35 46 85 -58 -23 -36 55 -34 17
-25 71 -91 78 32 -97 60 -74 7 7 -6 -8 37 67 -9 72 -34 -68 79 -58 -8 -90 -76 -97 92 1 -34 -30 -37 -41 -93 -86 -1 -65 71 -97 -34 5 75 -70 70 83 -18 -88 -95 30 -72 -17 89 84 71 -22 -41 -50 -84 -20 -98 59 -90 68 -100 -59 95 47 77 2 -36 -60 -61 -93 73 82 68 -30 -38 -84 21 33 9 -33 90 -39 -84 41 -27 -58 40 87 85 0 85 -64 7 -83 -69 20 91 -16 -83 -30 45
99 -77 -97 -42 52 -42 84 36 71 -100 22 52 99 72 38 -58 51 -75 -1 8 -8 8 -64 53 -27 77 -17 29 -52 -62 72 -66 70 -13 95 -13 1 35 -54 29 -75 27 -97 12 -46 -85 -75 -83 83 56 -18 -91 54 -94 30 24 74 -67 -68 -33 99 54 -59 -40 -99 54 -9 -99 -82 -21 16 20 6 88 32 91 -58 60 38 -94 49 29 -57 -14 -21 93 44 63 56 52 -92 -19 51 -11 -7 -21 41 40 15 -46 27
26 64 -92 19 16 11 -9 61 -10 -90 -99 -16 -84 93 88 3 -70 17 -67 95 -88 -1 -14 17 24 51 64 -84 9 -72 62 -60 13 31 81 83 -69 47 44 -75 -5 -24 -85 75 -57 28 6 27 -60 84 11 -5 -35 -74 -55 26 -96 1 90 -80 -59 38 58 -90 -87 -1 -26 80 -67 27 -78 -13 47 -9 76 -59 -99 19 6 22 -33 -18 -7 -20 78 33 91 35 -99 2 92 -34 40 77 14 -12 -94 0 21 79 84
34 69 -68 -94 46 3 -43 -29 -7 6 88 100 9 -59 73 63 -54 85 96 -5 -66 76 -9 -80 32 90 46 13 69 90 -64 -10 -8 62 -70 29 -2 67 -64 -20 -8 54 -15 -14 -27 17 -73 0 8 -12 -71 -65 -82 -47 -88 54 21 -93 -82 52 82 -4 -4 -25 -42 14 49 -27 17 -24 99 27 -21 -27 75 89 -35 87 -71 3 -82 -19 96 48 -53 -87 -20 96 -77 88 2 36 43 -95 28 -42 34 -59 54 39 -63
-10 -28 28 -23 7 -46 24 37 77 68 -15 9 -57 -79 -24 49 -53 -25 -75 -90 87 3 10 -54 -99 -12 -64 93 73 12 68 19 -16 -42 -76 -22 9 -3 54 -57 19 52 -21 -40 40 62 -12 -10 16 38 -12 -71 -69 71 -60 -25 53 79 -59 57 50 -35 -13 98 -65 -71 -8 35 -53 74 -18 46 42 50 91 12 45 -50 79 99 85 -41 99 -17 97 -42 44 89 -95 63 19 -41 -48 -39 94 59 -73 26 -55 60 -8
91 -50 35 81 37 41 95 65 -44 -26 34 96 -56 27 59 -15 45 -29 87 59 -81 35 51 27 -92 -47 -45 -90 -6 -1 -69 -14 62 72 76 35 95 -78 -55 -61 -99 -30 -94 99 -77 94 27 68 93 89 -53 24 -43 -65 79 30 -99 28 44 -30 -38 -97 71 -42 -45 -47 -38 19 17 57 76 -11 -70 -92 -38 -95 -46 83 -61 -87 71 18 37 -81 -86 3 21 -75 -26 -24 56 11 -68 3 -44 19 65 -50 7 -37 56
-10 84 -86 88 -54 -13 75 35 84 68 99 30 89 -52 10 -30 -43 92 -22 -81 -16 64 17 -54 -10 53 -58 -95 -36 -12 -47 73 20 -46 56 14 95 -64 28 99 16 37 46 -91 -42 97 89 100 -14 -95 0 -77 -91 79 11 35 -79 -23 -29 44 -88 -95 58 -85 53 -86 -62 -76 43 -6 93 1 47 72 -15 82 100 -53 -25 -51 19 -30 43 -7 -5 -69 -4 -34 57 67 -89 30 -75 28 -76 98 41 -15 -53 -52 -78
29 78 43 33 -34 -94 -29 92 15 23 -23 -89 -34 79 93 9 80 1 -58 92 49 -90 -79 64 -66 -3 99 42 -43 54 -60 50 -30 34 56 -73 -78 -35 -92 72 -33 -68 44 23 -66 -52 17 -17 -77 -82 -89 70 89 -42 11 -3 95 -52 69 -59 2 77 -13 -75 -82 -11 -65 100 20 -50 -97 -19 -86 18 -3 -21 -6 -13 -66 80 -88 44 14 -7 -21 60 -51 -1 -73 25 83 -54 -28 -26 51 48 99 -70 -48 -59 43
84 -24 65 -17 -49 -57 26 -57 70 71 -4 37 -32 -80 -35 -98 73 -65 2 -29 36 -34 -7 84 83 -72 29 3 99 -51 82 -79 -10 -66 -90 -54 -76 -39 -3 0 -99 -30 36 50 85 -99 -1 -64 29 -51 93 26 -75 23 5 99 -14 72 -20 -34 -28 -19 -10 81 10 -3 85 -86 74 -21 33 -41 46 -40 -94 -50 82 -13 -17 13 27 3 95 -12 32 36 -76 68 -80 -48 29 57 96 56 -53 51 41 96 50 -40 76
57 39 -11 -74 -13 78 8 -38 18 -17 66 78 48 50 -85 79 84 -86 74 -92 -24 -26 95 93 -47 72 36 27 66 68 -39 -44 58 80 -29 -6 78 99 5 -83 -64 -77 -79 88 -80 -20 -24 -74 -61 -83 70 20 15 -73 -39 -41 24 16 -93 40 2 52 64 72 -49 70 -86 0 -57 85 -2 100 -18 74 -43 -87 34 -43 9 73 47 88 52 33 -8 -19 -16 -86 -53 -30 19 87 62 86 76 23 -90 -52 47 68 38
-32 33 -38 3 50 -13 -56 10 -41 -17 -66 -100 47 -92 74 -18 93 6 -66 68 27 -16 -56 -15 86 21 65 89 -11 79 -84 -90 -23 -85 -93 -55 27 46 85 -25 20 -95 -11 1 6 -44 79 87 -98 6 9 100 -14 -7 2 55 97 72 -89 82 6 17 52 54 -75 -39 -8 -44 75 64 4 58 76 87 32 72 -77 -20 -47 55 -41 -17 61 95 97 40 -38 -79 30 -91 33 94 -31 49 -73 54 -18 -37 -33 60 81
18 27 -89 -45 71 -45 -97 37 -48 -86 -74 44 -96 51 58 -39 -80 57 70 -28 -94 74 -95 -46 -28 44 -50 -85 71 80 48 -62 -22 -36 -40 49 21 -4 -88 -81 -62 -36 -57 38 -70 -17 -93 -94 -99 -88 80 -65 60 -77 78 3 -76 -73 63 79 -39 32 30 -34 28 -90 -42 -3 86 97 -99 32 40 -70 -86 77 -95 23 49 -25 47 -34 39 -71 49 -17 -82 -9 -6 74 -10 -27 -68 -5 -50 14 -13 -87 -79 -36 -22
3 23 100 -81 15 40 10 50 -33 91 -88 93 10 2 -1 6 -47 -60 86 24 -99 -49 -10 8 72 29 -3 -73 34 -73 41 -22 -47 37 39 62 18 40 -60 -46 -5 -60 13 27 -44 87 31 -11 37 -12 6 86 -33 -2 -81 84 -72 -33 -28 1 46 95 47 -65 -3 49 -63 38 80 98 -16 98 -88 -81 -94 -90 -37 -4 6 -22 31 97 -74 90 78 6 -38 18 -62 3 8 48 27 93 88 -21 -69 60 -50 -53 -92
2 25 -58 -75 85 -95 86 -47 91 -34 22 -17 66 -92 -96 61 -37 49 -52 41 -52 -71 5 -51 -19 90 0 -64 31 14 41 -8 -30 35 42 -84 -12 98 24 -10 -58 69 -94 23 -71 0 -67 -36 -53 78 69 13 26 -71 -52 -36 30 -88 94 78 34 -81 54 33 -45 -80 69 43 4 -73 13 -41 -37 43 72 -65 -80 31 -13 76 91 81 12 -92 -86 11 18 60 -7 -10 0 44 86 -51 -49 -13 74 53 28 39 -81
-72 -56 -92 26 -95 -8 -82 -41 54 -92 16 21 -19 24 -92 64 -90 -98 -73 11 61 41 -45 4 22 -90 -94 37 64 -80 81 38 51 71 16 54 -81 -44 58 74 -12 -54 23 -5 91 -1 -20 -17 -60 49 88 -53 63 88 65 -99 57 47 -32 98 96 92 4 -14 7 -15 52 -85 41 -99 -78 62 92 78 -3 -74 -100 -57 91 92 -42 -13 73 -77 -82 29 39 -85 40 -17 69 -58 -18 -21 -91 92 -37 -14 -45 53 81
-32 -13 -37 55 10 89 -69 -41 44 -32 63 24 35 14 18 -72 -75 89 90 -10 51 -100 -55 49 79 -11 -46 76 68 76 15 -41 86 77 -54 61 14 67 -25 -90 55 -63 -88 65 -80 -70 -14 -90 -26 -82 61 -65 60 56 -69 -90 -53 13 32 72 34 59 -38 60 -100 65 86 75 -45 -57 -13 -25 14 -88 -31 -88 34 69 -59 93 -3 95 35 -91 -2 53 17 7 -87 52 -95 13 -79 -69 -13 -90 -6 -68 -22 -37 -29
-52 64 -59 85 69 38 -91 -88 -86 -73 -8 78 -81 -100 -73 -89 -87 45 87 -71 16 -51 -82 78 85 -31 48 77 23 44 6 48 74 82 69 76 -33 62 65 -28 76 73 94 85 87 39 32 -73 -21 -14 60 28 -91 -72 -7 -77 86 -73 32 -93 -24 -2 -24 -81 35 46 10 33 17 -67 -24 36 42 -94 87 -38 -35 65 3 -28 56 21 88 79 -35 13 -92 -18 -78 -9 -47 63 69 83 -31 16 88 54 2 13 -15
19 83 -38 -49 42 32 -99 -7 -37 61 -59 92 88 -12 40 -17 18 -58 81 -89 -82 83 -42 -21 -17 -29 -75 -93 40 -19 -27 44 -34 40 75 21 21 -4 -4 34 46 -79 10 42 45 85 61 46 -38 -48 14 -36 -23 81 0 72 70 -42 58 90 -55 55 -5 21 -80 94 68 -80 72 -90 -53 20 28 -80 35 43 -5 89 -10 -49 -5 -11 88 79 82 57 -52 -16 15 13 85 24 -65 -24 85 18 -26 -93 -68 -17 41
-49 -57 -78 -47 -68 83 -80 -31 52 6 -68 82 9 -99 -62 -54 88 -22 35 68 -16 85 -53 -81 49 80 -72 59 -75 69 69 -12 65 72 -62 70 -87 -11 -71 43 -43 68 95 -84 -15 -63 56 -86 -86 26 -6 94 -51 92 72 94 -28 -41 29 45 23 1 17 84 -71 -35 -47 11 20 -81 82 -43 -40 82 13 80 43 -77 5 -4 100 -33 36 47 77 -63 78 -3 88 18 52 -27 41 43 -46 43 -63 -1 80 -99 -2
31 53 -68 57 96 58 39 -43 74 -10 4 44 29 -80 41 -19 39 -52 9 -42 1 -7 81 7 20 -34 -53 51 -31 76 21 -34 20 -66 6 36 -98 -71 60 -94 55 96 42 -6 47 76 -9 -19 12 -33 81 -69 80 14 44 -30 53 -59 -22 -22 1 -51 92 18 7 84 88 49 -10 69 91 80 94 27 -9 17 -72 -97 -50 -34 77 45 53 51 -3 -80 -82 -17 31 -25 -28 -12 -5 -20 -35 -4 99 92 -60 -18 -28
-16 41 -65 -73 -80 2 66 65 20 38 38 -59 71 -3 -97 -11 12 -94 -67 -27 48 41 -41 9 93 -25 -1 -53 -47 -95 67 57 -80 2 65 34 71 -66 -84 81 69 76 76 90 -17 -43 -25 -52 14 -21 56 65 -28 -20 51 18 27 62 43 -59 72 -87 16 -61 93 -20 42 -94 -72 82 -81 96 18 92 -54 33 -29 -60 -32 -99 82 15 -6 79 39 69 -28 6 18 -60 12 42 64 -59 -21 -31 54 -98 -24 69 -46
-86 -37 18 53 -87 87 -16 37 -86 -30 -33 40 -48 26 -54 -83 -63 30 -73 22 29 52 86 -20 -93 71 -96 97 53 -43 64 51 -45 29 17 -45 -37 64 48 63 -60 -88 -26 -65 -57 -96 40 -39 62 -41 -94 -27 -89 100 12 63 72 65 68 96 -42 3 24 -67 75 66 28 59 -27 -69 68 -5 1 76 -6 28 -87 -17 85 -5 -83 -66 76 -52 -9 55 1 54 -37 73 -86 70 1 95 -15 -15 -95 -46 90 -72 -54
-86 -44 75 -15 -99 31 11 -63 13 32 4 75 -75 56 -25 65 84 75 -1 16 -79 -7 -73 1 20 -97 87 -43 -27 10 63 -89 97 51 -26 82 -60 -71 -18 -57 4 27 -87 48 -27 81 30 85 100 -37 56 90 31 93 -97 18 -48 -83 -34 -93 -4 62 6 -64 -1 -65 -81 -51 -78 -58 -80 -5 -73 -2 -99 90 -61 -56 23 60 -48 -73 -37 -42 45 16 -65 -50 -4 -78 20 96 -75 42 77 92 -85 78 -9 41 78
11 99 -77 -39 -65 84 -3 -26 46 -78 16 -21 51 93 88 -81 -85 42 -27 82 99 92 98 73 -55 99 -52 -26 -78 -8 92 -13 13 -76 -38 -43 24 -30 -55 -11 10 2 29 -94 58 -85 -45 4 59 -3 49 -46 -7 18 -55 -67 -63 -53 2 -35 -61 15 -8 82 -16 -38 -75 -65 99 -62 71 -74 -11 -71 58 -65 11 94 56 -12 55 85 6 -4 96 -83 31 -99 85 45 -97 54 -45 34 -93 -69 21 7 66 68 34
42 74 64 -40 12 21 36 -9 65 -35 -22 -75 -26 -38 48 46 94 -89 98 85 98 92 59 34 69 -93 48 73 92 21 -58 -10 17 -69 41 -13 24 90 -94 6 4 -27 67 63 -46 35 -53 -21 30 82 -56 45 -79 10 65 57 82 -12 -71 -70 -81 23 -61 -34 64 91 -80 -49 77 -45 95 87 -82 -54 -59 44 -49 -52 69 49 -68 -67 48 -78 -77 -14 -39 72 26 49 -34 -85 88 -54 -79 13 9 41 -68 67 -48
-84 -43 64 -72 13 -51 -40 28 -18 31 -60 37 72 3 34 11 -9 51 15 -82 37 27 -94 -68 55 6 -92 87 -18 21 -94 17 56 -8 84 -79 48 49 -37 -50 8 8 -33 -1 69 -97 14 -92 53 -80 12 19 -67 -77 22 7 -7 -73 -27 -53 -27 43 61 -43 36 -85 -63 -8 25 54 -71 95 52 86 60 12 51 -4 -7 -60 22 40 60 14 35 -22 -73 -78 44 16 -30 -15 69 2 -9 71 -48 57 69 27 -28
-90 -29 77 -84 36 -36 94 42 -76 -64 13 -52 -70 27 -81 49 -44 -28 29 79 -31 -21 -59 1 85 93 79 -34 -71 72 59 5 9 58 13 17 -86 -64 -65 -41 -2 80 36 -79 -27 56 -42 -42 -91 70 -39 84 -92 72 53 95 2 86 -64 -54 -78 -76 14 35 90 -23 -58 -95 -75 -58 50 17 -80 44 -6 60 -2 -81 -33 -62 -82 37 10 -14 -44 -54 -59 43 -89 47 98 63 -77 44 67 51 26 87 99 24 -51
-21 95 9 68 -14 -99 0 -10 -99 16 30 89 54 -23 81 39 11 90 -83 95 18 100 -50 -7 -28 18 62 -53 47 -38 56 -3 -28 81 -12 -96 -48 36 -99 77 -45 -26 -61 30 21 61 -21 63 -92 79 8 -45 -95 -53 37 0 45 74 -52 82 100 65 -92 46 -24 1 38 73 -22 -71 71 -56 44 62 -15 20 96 -58 18 -9 6 -52 95 90 35 64 -69 28 29 -87 -72 -70 14 -67 9 63 54 -100 97 -75 -37
-91 -18 67 5 59 88 35 -42 49 6 -97 -98 -17 37 -48 -79 55 8 75 -43 50 -69 33 -27 82 3 29 -61 -34 -62 -6 -8 53 17 53 40 9 72 41 -91 100 -4 5 35 56 10 49 80 75 21 -88 -95 72 -38 95 73 -73 56 -29 84 65 -16 15 6 -87 68 66 15 86 72 -78 74 -22 -72 -56 -21 -75 -24 -10 28 14 26 93 -20 95 -56 -98 24 -21 10 27 14 39 5 -53 -96 -14 -22 -80 -94 95
-67 79 -61 61 41 76 -2 -49 35 72 -77 -38 79 17 36 87 42 -47 90 -75 -11 97 72 9 15 -64 93 89 87 25 -71 -47 53 54 -62 -89 60 99 30 -32 -32 -37 -38 53 -15 35 -93 9 -52 -20 72 -33 11 51 -49 19 47 2 78 -33 -54 -34 -38 92 -52 12 38 20 56 24 44 36 -63 -41 69 61 55 10 -95 37 35 53 -86 -65 70 -93 -78 -91 -61 43 -78 49 -45 35 14 93 84 92 -62 -24 15
30 -19 42 2 -93 0 -85 5 25 75 -32 24 92 80 -20 78 44 83 -2 39 -29 28 95 -38 9 37 -15 -64 -50 14 45 -72 -43 -43 58 1 49 66 97 71 99 7 97 60 67 -46 -3 -45 30 72 -30 34 -13 21 -8 46 9 -28 1 88 -18 -2 66 5 -15 62 -55 -30 -11 0 -2 1 34 -56 -93 11 -13 90 61 -63 -47 70 -85 84 75 -7 -79 -62 19 -4 -52 -60 63 -5 35 2 -92 -43 -71 93 -95
59 30 -12 35 97 8 39 12 92 -95 81 62 -70 62 -91 5 98 60 54 -7 -61 31 -26 79 18 13 -73 -94 29 25 89 14 -59 -65 -62 -26 -25 53 -15 45 -71 -67 50 -29 19 82 -10 -17 4 -66 -43 76 -11 64 -69 -64 11 -42 81 50 -45 71 -1 31 30 40 -64 -68 -73 4 -3 -16 -85 -46 -84 62 77 -38 -67 -12 47 -28 65 78 75 3 70 -46 -72 3 2 -2 88 40 30 90 -55 45 -85 -17 74
-72 -72 89 -57 -7 54 -100 13 -17 -50 -68 -95 -97 -75 -36 81 -74 75 -58 57 -18 -82 -30 5 83 34 32 -4 -79 -29 45 -3 -2 -4 79 -30 -57 82 -96 91 43 -9 -90 -97 95 31 -21 10 86 -12 11 85 31 17 44 43 62 -56 96 43 70 -96 68 -68 23 16 19 -91 88 94 60 13 -62 -75 88 -54 -43 -100 58 -92 1 28 99 7 -48 56 0 -17 63 32 -49 21 -25 -41 88 -35 -11 43 -74 13 -21
8 97 -11 100 57 -14 -22 70 -35 65 67 86 59 100 89 6 73 -70 65 -11 -17 -26 -46 35 -89 75 -37 25 84 24 91 95 -95 -57 -100 -4 -11 -25 68 -78 -85 -89 79 -18 -57 -22 40 84 -63 -95 57 47 27 -3 -57 -1 0 61 -61 29 28 40 27 -74 82 -76 51 10 -67 -30 -58 -97 51 -23 -98 99 7 -15 -65 21 92 -76 -31 -77 28 -22 90 71 13 -37 86 78 91 -70 -10 -45 -21 -83 71 75 -90
19 -94 -50 -13 62 38 -27 14 -20 -45 -94 -78 -2 -65 -34 -90 -93 -32 49 -62 37 -8 -91 49 99 -97 -75 -85 -42 -58 -69 -19 -74 58 -58 12 86 53 -65 -14 -17 -18 -54 -79 -39 100 53 7 -16 -23 49 41 -9 -5 -51 -29 -96 -74 -64 -7 73 -67 18 78 99 -8 -45 60 -71 22 -97 -20 17 -75 66 54 -59 -47 -21 -71 12 -13 -5 1 -58 3 -10 20 -77 -65 -74 -16 -29 63 -19 -44 0 -25 -52 11 -52
32 -97 69 58 26 -10 25 27 -88 -100 -85 -33 67 -3 -87 -79 -27 -12 -47 -26 -100 37 -62 69 17 -27 -72 21 -98 30 -7 14 15 -65 -59 87 77 89 3 -7 -11 41 94 82 -9 -37 24 -46 -93 -40 -90 -2 89 -79 9 2 58 95 45 -13 16 -18 -90 -5 37 -58 -97 -32 16 -98 -1 21 73 -39 -59 71 39 76 60 40 82 16 22 5 78 53 -92 -16 -16 29 32 -9 -66 20 66 -90 -35 10 15 99 -26
-100 -34 -55 15 -97 -15 16 -16 21 73 34 -55 61 2 -13 -10 84 -66 17 -8 70 60 -30 -51 -25 -60 83 -39 -45 -94 60 79 -1 87 -82 14 98 -56 82 45 63 -58 19 95 -80 69 6 -4 -93 -81 42 80 67 64 55 -9 48 12 73 43 18 54 91 -63 -67 62 94 -65 -41 26 -64 -83 -31 -16 8 -96 98 -46 -27 -5 43 17 -60 -91 21 36 80 -71 51 79 -96 52 -47 -79 -65 95 -98 96 90 -61 -1
46 -72 48 -56 -26 8 -64 46 21 29 -45 -34 -54 50 -32 14 -68 -2 -97 25 -62 86 -89 -68 -99 56 87 59 -88 -16 -66 51 25 42 53 -92 -40 59 -25 14 13 -32 29 -28 -24 22 -64 -5 11 7 -87 -100 -87 56 64 -39 81 -50 -52 49 66 59 100 -93 -37 -46 -41 24 -47 74 24 -23 86 -84 83 -30 -53 29 95 21 55 19 78 51 -75 55 -86 -49 30 98 -45 -45 28 22 15 -65 -64 3 -97 27 -29
-88 -4 59 -41 37 -3 58 -72 19 -10 -59 -65 -33 -65 -16 -27 61 59 -73 25 -2 -15 31 3 -8 -50 -67 -22 -14 -47 42 -84 -2 46 -95 47 46 49 -50 49 -12 -11 18 -90 -61 55 -53 58 -46 -45 -58 -81 87 -84 23 93 -48 99 55 -91 93 -69 13 -81 98 -11 -77 8 25 65 -65 13 41 48 66 26 -83 -43 -4 -59 56 -50 -60 23 -54 -74 -20 -59 31 -16 -2 -10 -32 -65 40 -8 43 76 47 -19 -53
0 51 -73 76 9 -16 -15 -9 17 -49 -16 -83 71 72 44 -30 59 -91 68 98 95 -78 -55 77 -63 12 16 90 -49 28 -62 48 -5 -4 80 43 38 32 71 -91 8 -47 10 -24 92 64 -7 -45 60 36 -30 -35 -95 -83 -97 -3 -84 22 48 -47 12 -13 -80 -88 -92 -29 -14 7 -42 -89 -60 14 81 -21 73 -29 -14 92 -26 94 -25 -8 -93 -31 -32 96 76 99 -32 87 -23 -21 -39 -37 -76 77 85 58 -3 -98 23
34 -63 -33 36 -69 -12 50 -90 -41 -29 15 -91 76 96 3 1 52 73 7 -69 25 -59 62 24 39 36 50 -100 83 -84 -43 -20 50 -27 49 -71 67 10 43 62 83 -10 -42 -36 90 -59 19 -86 69 91 -30 77 11 74 -70 64 24 -37 -42 43 -27 40 -66 53 -58 38 35 -41 -37 -59 1 89 -21 -53 88 -9 -58 -43 -18 -67 -73 2 65 -21 58 31 89 37 -45 -2 -17 -35 50 77 41 69 -46 1 88 -15 87
77 29 41 63 22 31 -93 -33 -16 -31 38 75 -64 78 -75 95 -77 -9 81 19 63 7 -80 40 -25 90 27 8 -12 -100 95 -47 -93 -35 22 -77 93 -4 -13 87 -68 -47 55 2 35 -81 -31 -81 0 18 75 -20 -48 83 -2 15 55 -79 76 75 -14 58 15 -33 -11 -14 -70 90 -55 54 -61 38 0 98 41 82 85 -52 -88 -24 59 -84 -31 -74 -80 29 -10 86 82 -30 -24 -21 78 -51 -55 -35 -51 -61 -74 40 -89
-2 -92 71 -78 -100 18 -64 98 54 -22 84 4 -41 -59 -7 -18 -61 -2 -86 82 -65 -66 -51 -72 16 -10 -82 -91 16 29 73 99 -69 -67 -58 51 -44 -52 -36 64 89 28 13 -33 -78 32 72 83 73 70 74 27 31 51 -86 62 24 94 23 -21 -22 -36 10 -79 89 49 8 1 -17 46 -68 80 47 -36 97 69 -13 -5 66 96 29 -41 -64 89 26 33 -72 -24 37 -22 15 61 -30 -33 19 -35 74 -71 -78 40 -17
-21 -70 95 33 60 94 37 -51 -57 -68 -65 -39 -67 57 70 84 20 0 95 64 85 -93 -10 -91 -16 -2 -83 -4 -83 -64 31 53 -71 -94 -7 47 66 -3 -66 1 -73 -39 21 -78 77 54 79 77 89 -43 100 48 -28 79 25 -67 74 -62 7 52 -58 25 -29 2 44 18 -48 -78 21 82 -13 71 -67 78 -8 -78 -12 69 -83 -59 -66 41 -13 -87 -33 -32 31 -80 4 -48 55 40 85 -71 -28 8 -50 -74 48 4 69
22 -98 56 -39 -57 -38 -28 67 34 98 8 -41 58 -29 47 -87 4 -6 61 -57 -29 81 95 -13 -49 -2 92 -83 56 54 97 97 72 50 -82 30 -69 -35 -67 11 -44 98 26 -59 51 89 6 -68 49 16 5 68 46 3 -79 -24 99 3 48 -29 86 67 62 49 40 -29 -14 64 94 -38 -16 -2 4 -8 -6 -16 -18 77 -39 78 -43 -68 -94 -26 -79 94 44 -8 85 -58 99 -11 57 -90 47 15 -52 99 -33 16 -66
-17 -45 78 55 11 29 70 -10 25 21 -69 -34 -17 29 -67 30 -37 21 -55 -78 -91 -28 89 -30 -25 65 95 -51 4 -16 -93 -31 -86 -39 -63 -64 -40 -42 -87 44 -23 68 38 -95 47 -23 84 -12 29 -39 13 -37 45 86 84 -74 -63 100 71 65 91 19 30 86 -4 12 -99 -95 -22 58 -37 -78 -83 42 -19 40 -56 75 -33 53 -100 75 -62 -65 -88 41 -67 -71 41 35 90 -37 -79 -29 -92 -35 -53 -16 55 85 -88
18 96 -28 -39 -9 -63 -24 77 -56 -20 -9 -17 -55 -66 78 -100 -29 -27 -61 40 0 -41 23 -33 -52 -31 -13 -3 15 -64 24 38 -75 75 42 57 6 -84 87 53 8 -91 90 -59 77 100 -6 -40 14 100 -2 83 -16 -13 22 -70 24 98 -41 57 -41 91 -85 48 -40 8 -20 -71 100 -44 -38 -89 21 59 38 -26 20 -60 -23 -38 -64 42 -94 34 57 -79 -94 -57 76 99 42 -16 -68 25 27 -100 63 89 53 -21 -27
-20 14 -87 -14 -78 88 -23 -66 84 -33 -69 18 81 -17 -10 70 85 -99 -3 -59 -33 43 9 -89 66 -75 -65 -16 67 -39 92 -10 -12 66 51 -73 -100 66 78 -39 -76 67 77 35 35 65 -49 -6 69 17 -1 -47 44 4 -11 -78 -59 0 7 82 -44 -21 100 30 -60 86 35 -73 -48 63 22 -2 -27 -55 15 76 -6 -83 -50 -88 -66 -50 -13 -48 -55 -43 -71 -20 38 -56 76 30 -39 73 10 32 18 -42 -59 -50 57
-69 46 24 89 34 95 58 -38 -7 46 47 49 -15 -19 42 84 -28 77 -33 -29 -56 -66 -85 -43 -45 92 66 -94 -88 94 34 50 -58 -88 5 46 14 37 93 -62 -10 47 92 -16 -34 5 81 96 95 -42 -21 32 77 3 -86 -77 -56 -2 3 -52 94 57 62 90 -50 -1 -7 25 25 48 60 -87 82 -16 81 -56 24 -98 -15 96 76 -34 47 46 -42 22 58 47 27 -89 -80 -43 31 28 86 -89 -38 -45 12 89 -51
-21 43 -54 -80 11 100 8 34 78 -13 -87 -100 -63 55 -56 16 39 -72 28 59 -96 89 86 14 -35 17 -80 75 -46 94 23 -98 -64 -36 -73 -100 54 -10 80 -41 -42 85 41 56 46 72 -89 -67 -75 99 -76 -85 3 -60 1 -4 -5 53 -64 -66 -16 5 24 -94 -62 -25 38 -2 -64 31 23 43 14 -95 -57 6 2 -45 95 13 2 -96 -20 33 -73 93 4 19 -60 38 78 38 -20 82 93 97 -92 -19 -29 -80 -17
86 -43 40 -47 -64 3 86 11 32 -27 -74 15 95 100 -47 -40 4 -90 -36 -4 -74 -26 56 52 -34 -30 -76 -77 93 -19 68 -68 11 -57 88 -3 -25 -83 -29 -43 94 37 -64 53 32 31 25 5 65 -92 -75 -87 90 -76 5 44 -7 -50 88 41 9 -47 4 26 -60 35 -37 76 37 -27 98 -83 -67 42 -55 -83 -90 -57 33 -90 -57 -94 -26 -55 -60 -64 -34 -27 -76 1 29 60 -4 -31 -29 46 10 79 14 -14 -10
-53 1 22 -3 -35 93 55 -23 80 6 -88 18 -63 10 -67 -71 -91 -70 30 60 42 50 55 -42 5 -82 -96 -64 -53 -35 -87 -4 72 57 -24 70 8 -25 -21 -47 79 -76 -69 -48 -63 19 -41 -75 80 -85 -65 51 26 -61 0 -5 87 -89 -88 -22 -74 98 -24 -5 -38 27 5 58 15 -87 -14 63 79 -7 69 90 61 67 -24 -49 -11 45 -31 -84 -28 95 21 74 -13 26 -63 59 -76 72 -40 -62 -19 -93 75 -16 11
61 -45 89 -33 8 86 48 10 -79 -71 -76 20 -74 -52 -7 -3 -84 -5 80 89 -71 20 -20 90 82 -69 14 58 86 -9 -100 -38 55 -93 41 30 -54 33 -49 94 39 -11 -72 -1 38 96 47 74 15 -24 -4 -13 25 -33 69 -54 -92 -54 -15 75 -18 21 -28 -87 31 93 54 -60 -11 -1 84 -64 30 8 -84 -51 -82 -4 58 -63 89 -65 26 -61 -96 64 -74 49 -47 71 -53 10 9 -90 12 44 -53 70 -28 100 -39
-8 41 4 -7 -61 3 -52 -62 -41 -14 -19 -78 -49 -47 26 -3 37 -47 -63 -2 -53 77 -6 19 60 -93 52 -14 38 59 -49 -19 -30 33 52 61 -6 46 93 -92 61 93 23 98 72 -12 19 -35 7 73 -92 31 -2 -100 -63 49 -24 -70 82 50 -62 55 -16 -9 51 71 -47 23 89 -16 -27 50 -38 49 -65 -10 -73 -33 75 35 8 -51 86 65 4 -53 46 -9 72 53 -34 50 91 -19 -73 7 -8 69 22 0 -83
-84 86 -56 -57 -58 -11 -100 60 -77 -41 -21 1 79 -2 -27 -1 -15 -90 -92 66 -35 31 95 18 5 65 69 -29 -8 -63 15 15 96 62 55 78 -70 -25 52 16 92 72 -56 -64 -18 -97 11 -39 -65 84 -81 -63 46 32 -29 -8 -12 7 35 -96 26 -54 -26 76 -23 -55 -19 -21 35 97 41 24 -93 -84 77 -46 -58 -55 -60 100 -4 80 -33 72 3 -13 35 93 -81 -69 98 26 -1 -93 -77 61 -72 73 26 77 -40
28 -39 -36 95 57 30 -60 -93 -45 69 -62 -24 65 1 64 -17 89 16 -59 -31 -31 -90 71 -58 -2 30 3 -73 -74 -2 -59 -7 -17 -79 -6 16 100 59 -15 39 -37 58 -63 32 32 -16 25 72 76 47 -71 -63 22 -63 74 -42 -78 92 33 -34 37 20 -24 -76 -79 63 16 -100 27 32 28 -9 -96 -82 1 -71 49 67 -86 43 -5 -56 -44 1 40 2 -81 -35 18 2 6 -41 65 60 66 1 -30 -23 -10 4 25
-93 -69 -64 -90 58 24 -47 98 9 -57 6 -30 97 -88 45 53 25 -24 -38 84 45 -41 96 -13 -64 -72 86 27 53 78 24 -52 47 15 -80 -7 -84 2 36 -20 -61 -2 38 76 -100 -37 60 -3 -11 11 53 96 -35 -40 -3 15 55 61 100 -20 -27 -89 29 100 60 72 -41 -13 100 37 53 93 -52 -6 74 -20 33 -37 89 -13 -85 -2 76 -52 65 51 18 43 -85 -17 -96 37 83 86 51 -72 -74 15 -54 54 66
6 59 -76 -86 -9 50 -98 89 -58 -1 76 76 79 -76 86 -53 100 -30 -90 20 -80 55 -9 -60 6 -34 -39 89 38 -73 -95 56 23 35 8 17 13 -87 -11 -24 -45 57 -8 44 -26 -57 16 91 -51 -45 69 74 -49 58 -81 16 -13 17 -32 48 -13 -12 26 72 32 -2 41 11 98 92 -17 -75 -60 85 -82 -36 -88 -95 10 0 53 -62 -64 66 -67 -14 91 76 85 62 -40 77 -92 -66 44 9 52 -19 0 68 -20
30 82 99 -35 -68 96 12 95 -59 5 -28 -72 25 47 37 -14 88 -22 76 -42 14 -37 -23 62 -42 -59 -78 70 74 67 87 -67 51 -55 55 -93 20 99 47 -53 -77 -25 -23 3 -3 50 19 7 -25 42 46 37 -80 -51 -12 -46 68 -74 -4 -32 -45 -2 -39 -72 84 -89 71 32 22 -42 68 26 -26 90 3 -81 44 26 86 99 84 41 17 36 56 75 -17 -16 -36 64 67 -81 -43 77 45 56 -29 87 -51 -74 26
-56 77 -45 -41 -98 18 -63 33 16 39 -35 -69 28 23 69 46 -6 81 -54 -27 74 -94 -2 -18 -70 -61 -77 -19 -87 -46 -45 -43 92 75 52 -33 -11 -88 87 -11 95 -22 -74 33 66 25 -20 86 -64 8 21 32 50 -100 -12 53 -53 56 -75 -31 79 -29 -83 86 43 -77 66 35 -30 48 -59 -38 -60 -72 96 53 44 8 71 -46 67 37 -70 -79 -25 -72 -45 48 -85 -29 -66 -81 -38 47 59 -61 38 -25 -87 -22 -29
-3 95 89 31 7 -38 6 32 15 98 17 42 -56 77 -79 40 -97 -15 93 -57 18 -38 72 26 -71 29 99 -78 -85 56 93 58 16 62 -28 -17 87 97 -83 -85 31 -7 84 67 80 45 36 -74 -30 -79 -32 -62 -34 90 83 -27 -91 86 -83 -81 -31 -14 64 -45 69 1 -19 84 -13 -6 13 -89 -37 13 83 -91 -65 11 51 53 -73 43 -40 -90 5 29 5 99 -5 8 -57 -78 81 -22 -75 62 -28 2 32 -7 -2
15 37 -3 -81 -80 -48 89 78 -19 -62 39 -4 89 -89 -73 80 -42 97 88 -99 52 5 -42 -72 -93 80 80 -36 38 -72 -90 34 79 -23 -34 63 -60 -15 1 29 -86 -93 46 -30 31 -24 -74 71 -58 -63 50 14 84 33 69 6 -1 -2 98 -70 92 13 -73 -91 -61 -13 -86 -10 -91 12 82 55 -85 -94 -61 10 -56 -38 -57 87 63 -55 1 17 -74 22 13 -60 38 43 24 -2 30 -35 25 8 -83 10 -89 -31 -94
-14 89 -30 48 28 -11 43 41 -97 -59 -24 -60 -23 -82 -66 -36 -59 -37 -12 -22 84 14 -95 -23 45 37 22 -97 33 61 -71 73 48 92 -92 98 77 94 -3 15 0 74 -10 17 62 -6 83 77 6 26 33 -86 48 -11 -73 -87 63 -72 -97 -16 9 -95 -10 80 -92 -6 32 -18 77 32 29 -16 12 34 -32 42 -9 -21 53 -72 92 -18 81 -32 82 -55 81 -73 12 14 16 -56 -49 -81 -13 -66 62 -57 57 42 -15
-1 87 -27 -100 31 74 -15 77 -78 -91 -72 -66 -76 73 -71 -69 100 -47 32 4 -12 -84 -77 47 82 83 97 94 97 100 -60 68 65 -66 79 -47 -43 5 -23 13 -20 61 96 -96 -14 -33 -78 -46 63 32 69 2 44 -85 -58 -36 -40 -41 28 98 -81 98 14 58 -3 -13 25 -33 -9 68 -87 -61 61 -84 -89 3 69 -4 59 -35 -66 42 -51 59 -78 -71 -19 47 4 71 -26 -16 68 41 73 -68 -91 71 10 -25 75
76 -88 72 76 34 -43 -61 30 8 -35 -94 -40 26 -25 -29 22 -70 -69 93 -90 87 -82 -17 -35 1 5 -46 69 35 8 92 -2 -15 91 -71 -68 63 -21 -97 -80 24 -27 -61 36 83 93 -76 45 2 50 -52 30 -74 -92 -77 -17 -24 33 74 90 -7 17 35 6 67 -99 74 83 82 -62 -16 24 -4 96 9 75 70 -19 0 77 -57 -16 -78 94 -89 -99 -26 -28 19 20 -22 -27 -36 77 -23 -65 65 84 -96 67 -88
72 -89 -19 26 -80 -88 -24 -86 -43 42 -16 -87 26 15 -22 -95 81 -85 -56 -91 -65 78 24 7 65 -13 -12 80 -55 59 -21 38 -84 -61 -87 -74 84 32 -6 26 10 89 48 45 -96 -29 68 -32 -52 -98 -82 -5 -42 -32 -21 24 -12 74 20 5 -48 84 -26 -59 -4 -12 -20 86 -59 -26 -12 -6 -34 44 -15 11 12 47 65 -98 -86 -77 50 39 18 -63 -98 -5 66 -9 -76 64 99 49 -2 -8 -73 -78 69 -46 -89
-31 -74 -4 10 63 -14 24 -22 -39 -1 -87 -48 -92 96 -33 -56 -87 -64 6 84 77 -39 -93 -56 -84 -61 -21 -8 -57 -6 61 93 41 25 53 -65 -22 84 -72 36 41 -41 5 -77 33 54 99 84 -11 -61 15 77 -29 60 96 -52 -70 38 -80 18 66 -34 -35 -72 76 13 44 53 18 87 8 -40 -34 59 42 60 -62 -33 -13 -91 6 -45 54 93 72 -10 -100 -95 -79 48 73 -36 11 -59 -18 66 -99 -55 79 -39 -48
-73 -35 -95 -25 64 46 16 18 53 -37 40 85 10 -15 -81 -33 88 -12 -25 87 -57 93 60 53 -12 65 38 -79 25 75 62 52 -83 81 -47 -46 -96 56 49 58 -56 -34 -20 61 14 16 75 25 56 87 -86 38 -48 -70 2 60 -19 27 34 11 69 72 -33 -27 -19 -92 -40 13 87 51 18 23 36 38 -42 -94 -27 -53 79 -86 36 -18 -98 -27 67 30 66 -26 -4 6 59 73 -90 11 -4 -18 -9 -52 -92 81 36
-21 47 -1 74 42 29 -86 -10 -18 56 -27 100 41 36 99 7 19 -80 -72 83 -58 9 93 -41 94 -53 -63 43 80 38 57 16 12 -41 5 49 -45 88 47 -24 95 -70 57 -22 27 63 -95 -18 33 -35 -3 -26 -34 -95 -92 4 32 -39 63 99 -98 -53 -37 -30 54 -64 -8 -70 -44 -51 -1 99 -30 66 -61 13 5 14 1 -86 -79 97 -68 65 -51 -70 18 52 -43 51 -22 20 -80 -53 40 -83 52 -8 9 -92 -6
-1 -65 0 96 54 -37 3 -5 -43 -27 15 90 49 27 20 -78 32 56 88 83 -27 -20 79 -89 -44 49 -9 14 -72 -39 -42 -76 1 -97 55 -16 41 12 -66 24 49 44 -86 -15 -20 59 -46 -44 -13 -19 -51 -14 70 48 16 62 -45 -77 78 -23 -82 16 -69 17 31 73 -30 -33 -39 12 96 -80 97 52 34 -4 4 -25 4 -61 -100 84 17 -56 -86 50 -16 -23 28 -7 -9 -44 -29 -88 38 2 -95 -53 -45 20 14
45 -12 -68 69 38 -64 -10 39 -94 -90 90 23 25 55 -14 -92 20 -88 -41 3 -14 43 31 54 22 20 26 55 -4 48 83 -5 100 87 87 66 -6 49 -46 -30 54 85 -17 -16 -33 -83 -2 -72 -51 -22 -73 40 85 -16 54 1 89 34 -78 -21 37 -38 -15 -19 -54 -14 -9 -36 -67 -61 -1 -48 -36 -54 86 85 28 -58 -51 11 37 -12 -93 73 -87 -57 55 3 48 -67 -72 67 -86 -64 -80 -1 -40 -9 56 100 20
57 59 -88 79 -22 -40 -25 -5 17 -49 -9 -48 5 26 -73 -71 -92 49 -71 50 -66 5 -25 96 79 20 85 -17 13 97 -72 -99 -41 39 67 -90 -73 -58 74 14 -63 -35 6 -60 57 -51 -33 -15 67 -57 63 -58 -13 -1 17 40 51 -2 -3 -3 -51 48 33 -71 -38 -64 -22 68 69 -84 -50 37 -92 -33 15 -36 76 46 -43 -77 -30 19 -59 90 -90 -47 -67 5 75 -46 -67 58 16 1 64 74 -85 17 -99 -69 71
-50 39 -1 47 70 25 -72 51 -45 -96 -79 80 -57 -76 -66 37 35 15 31 -5 -46 -97 64 3 26 8 -38 -89 4 24 38 29 87 -11 91 -87 -71 -65 -49 51 9 -83 -64 17 -49 97 -24 -83 -76 72 20 -64 -57 99 -4 59 -24 72 89 -61 72 -61 -69 -70 2 8 -51 -44 40 26 -69 26 -83 -54 -4 -85 1 -24 95 62 -95 76 47 -87 -94 35 -88 -83 4 12 39 -35 -30 28 -26 48 -5 -3 61 70 94
70 -75 -76 5 23 97 82 52 64 12 68 50 35 32 15 21 51 -11 99 33 28 96 94 78 -63 34 17 50 -62 -29 81 -81 70 -90 44 -73 -14 -3 -33 73 -83 1 -72 75 37 56 69 81 -5 -64 74 -60 -73 -1 54 -47 -96 35 -72 38 17 72 90 90 -32 34 20 -66 51 83 54 100 74 56 90 15 73 65 -10 -56 -18 84 -74 26 3 12 73 51 -59 -97 31 -47 27 76 32 -83 85 -94 -15 -13 -5
13 -11 55 15 -88 70 -50 -81 -84 -12 -100 -99 -5 -17 -47 -39 -49 24 55 36 23 11 -40 -8 57 93 22 -75 -18 78 -66 -25 39 82 71 30 40 -60 -87 -49 -40 -63 20 -33 -24 48 -47 96 65 22 23 -24 100 68 31 -98 57 -97 -92 38 81 4 74 81 16 89 35 38 -14 61 63 13 -35 81 89 -23 80 73 -21 7 -61 43 26 43 -75 -95 -23 -25 33 10 2 -30 -69 70 -25 1 -100 -28 18 -4 33
-76 30 -30 -20 87 -78 -71 55 -93 -92 37 -77 -71 -68 -22 -30 -30 -11 45 -77 64 92 15 59 -40 -79 -2 -89 -34 -27 7 -55 -71 38 48 -95 -36 -42 -5 90 -2 -69 -31 36 -70 42 -70 -60 -62 87 -89 53 92 56 -7 -44 10 -35 -3 79 -61 -36 -6 -8 -42 -98 -29 88 65 -68 -79 82 -80 92 67 -31 -72 -93 11 -25 -96 17 -50 -94 77 -32 61 48 -79 -23 -88 16 66 -89 -42 -50 -5 13 29 35 49
-4 -89 18 56 85 -99 77 -44 -26 14 22 -31 73 90 -100 -65 -91 91 57 74 -62 32 51 31 53 -87 65 77 54 6 10 2 -10 60 92 -58 -18 -24 -87 83 -94 91 78 -74 38 -48 -27 -28 85 -7 32 -42 -28 -10 -91 94 -52 74 -98 60 5 -59 -98 90 66 -95 61 -72 -78 51 57 -21 8 53 -12 -26 84 44 -71 61 -59 58 -54 -77 -83 -75 -70 -50 4 73 100 85 -95 80 57 19 -82 -20 -56 19 -53
62 3 -25 89 22 -63 -13 21 -48 -58 28 27 48 -52 -48 99 90 70 85 17 10 -7 -36 -91 -95 14 35 -22 18 65 -83 -8 -31 77 2 96 74 -17 10 66 56 -38 -98 -28 99 92 94 -28 38 -57 -49 -96 -52 -27 -35 37 -23 -18 87 -58 23 -22 -23 -51 66 -98 28 -38 30 -19 -97 -33 -7 -72 20 -45 87 49 6 -69 -74 82 10 -77 31 -19 -25 74 50 -93 -87 18 -56 -63 41 67 -32 69 -5 17 72
-27 -100 -95 -66 4 -9 45 -52 51 -96 64 94 13 -89 11 -96 -34 -55 -2 -78 21 -3 87 -26 81 59 -14 -15 77 -90 62 4 52 -95 -14 20 -43 -29 -21 10 60 96 76 87 23 0 66 93 23 47 -45 23 -29 -39 -42 -56 7 51 -33 -25 -53 5 -63 71 -70 -91 15 -39 12 -26 98 94 25 0 -8 29 -31 -56 44 37 17 -74 -29 -26 91 -45 -39 -36 -73 -7 53 59 -85 7 73 -19 81 -90 -62 53 -72
11 -21 35 93 79 62 -6 56 5 72 82 -44 57 94 9 73 42 -34 -84 99 -26 -19 6 18 53 86 92 92 69 -31 61 32 -4 -89 97 98 -73 65 -89 -21 -89 55 80 87 -30 -79 -17 16 97 -91 -36 77 11 81 -10 86 -34 14 48 81 78 -51 -48 52 96 -41 -45 97 30 -84 66 43 -69 30 -47 94 -24 77 85 -97 -28 70 25 -44 -2 -14 -94 43 -29 48 -16 94 -48 55 41 -32 89 -80 86 -92 -70
28 -40 83 -96 -73 90 76 71 -5 -44 -39 -68 31 -91 51 5 -56 34 13 -75 -16 88 99 -3 28 -36 95 -75 44 -28 13 60 34 25 -40 11 -53 -8 -7 -73 84 93 -93 -18 -13 -36 16 -20 65 86 -1 -14 73 79 -44 18 -41 -13 11 25 -37 73 -14 66 80 81 -72 -14 12 28 51 -1 -66 2 79 95 27 -51 29 -90 -24 68 62 2 96 -37 -35 -32 -38 -26 73 46 -15 60 8 -38 -25 -95 0 75 91
-1 -59 -83 -73 48 43 53 -58 -54 -33 67 -96 39 -34 -92 -17 72 -95 -72 65 71 -24 -34 -98 95 38 30 1 84 -50 -42 41 85 20 -59 -18 -86 -45 -89 -37 -31 -78 80 -38 -67 -22 -57 73 -68 18 -97 61 -87 -5 -41 92 23 0 11 53 -64 60 98 -88 97 -51 -13 -94 93 2 -71 52 96 -9 -78 -50 27 25 66 -100 -84 49 49 65 -30 40 46 72 65 76 98 -91 2 -9 -43 82 0 32 -96 -11 53
40 -15 -53 -54 51 -37 22 81 68 64 94 10 8 -90 -78 -78 -83 -12 91 35 -39 -64 -23 17 95 87 -3 22 -6 -64 38 -11 -20 -14 -27 83 20 78 -80 24 31 43 92 96 98 40 41 98 15 55 4 -31 21 -26 -68 28 17 -100 -3 38 18 -60 65 27 89 -1 -56 -42 -38 -80 -54 -27 -30 -40 2 -55 100 -17 82 -55 -85 69 -32 -100 -1 46 -23 -96 -25 76 -57 -53 -10 19 79 32 36 70 98 -96 -7
-66 87 20 -24 6 37 -57 21 -82 100 50 61 67 -41 -73 -64 26 24 -25 -29 5 30 -52 77 -44 -46 80 67 57 10 -81 99 -33 -64 -48 -98 95 -65 20 -97 -39 -78 83 17 93 70 -65 -28 -79 -5 -98 -68 59 38 36 36 46 4 17 9 71 -65 -15 37 65 -6 63 -76 -94 -96 -69 28 98 -98 44 66 -59 78 51 -84 28 51 -62 -66 89 -5 12 83 -37 19 45 68 -85 -15 75 -28 67 -89 87 -67 29
73 26 85 24 -46 91 -87 99 -16 -18 23 -87 87 56 4 40 90 78 99 -87 59 86 -84 95 -52 -56 -48 -60 -31 -77 -45 -7 -81 23 98 71 -5 0 67 29 -85 -92 -26 -26 54 -42 -82 -32 75 -59 24 -31 -60 -72 0 -69 -75 65 -67 100 79 -21 -40 85 3 -65 90 -25 25 21 -29 85 -48 38 -8 77 -3 -70 -95 49 -54 -64 -5 -61 20 -63 55 -96 -21 52 78 93 80 58 -92 4 39 -97 79 -7 31
-43 79 -14 13 -12 91 70 5 -89 -83 -13 -74 22 -24 -51 -44 -34 -100 86 54 86 -88 -15 23 47 10 63 14 -40 49 -30 42 -51 -53 37 -79 35 56 -65 69 23 65 -49 -93 18 -84 95 57 -40 -50 -32 -97 -57 -45 62 -81 16 -36 38 20 -6 -41 46 -93 92 -87 89 56 -21 -17 -48 -11 53 69 67 -40 -39 58 63 -63 -38 -33 -25 80 33 -42 -82 18 -1 -47 13 45 -10 -24 81 42 -39 33 -77 87 -32
-66 -85 21 24 41 -51 -65 -36 -35 86 72 -50 -55 -91 -65 100 57 -65 -36 -42 -70 71 69 -26 86 -36 51 97 -98 46 -27 -80 -83 68 -73 83 45 24 87 47 -75 -78 -12 26 -55 57 -13 46 -16 -52 77 -31 8 -17 -62 90 -76 7 -77 57 31 -15 -92 -61 -95 -31 -96 -74 -94 -70 48 95 18 100 52 -37 -19 100 -37 -63 -79 -94 -19 22 -22 22 63 63 26 96 37 -80 -10 -57 -28 -87 -79 57 96 -42 -65
39 -98 49 -64 14 -59 76 -21 -50 23 81 -9 -35 94 -10 -12 -64 -82 -19 -41 -34 20 -55 -66 -99 -18 59 -17 -26 95 -13 -91 -9 68 -74 -60 78 -72 75 -38 -15 10 80 86 26 -99 97 18 65 2 -11 14 -83 -21 30 -93 88 30 68 -79 62 -17 -39 88 -35 76 29 -28 -97 94 -12 -60 -86 -82 5 -45 71 -61 87 -65 59 -25 65 -33 -70 97 -21 28 4 66 37 -19 -26 9 -19 55 94 57 -85 32 -17
