-93 64 -1 -93 -18 78 35 -58 -38 6 -56 27 70 32 -54 60 -38 23 -7 10 -44 -35 -76 -74 76 53 -49 71 -21 24 21 -45 -50 -50 -16 -6 -46 83 4 -81 73 35 -63 44 -55 -43 29 69 96 -11 58 72 -3 72 -95 84 -80 72 13 46 52 87 -58 43 -2 -77 -94 -39 -4 90 -56 -58 -77 -37 -89 -83 -86 -59 91 75 60 -70 34 32 27 -64 39 -8 69 -81 97 -81 -21 87 42 85 31 -52 4 43 46
-12 -77 -38 49 10 89 9 45 -26 95 -32 -30 -15 47 10 43 -87 84 43 15 -76 -3 -29 -61 2 32 -76 97 -26 -27 -62 -23 11 -28 -93 98 -18 -63 -63 82 59 -8 -35 28 60 -45 19 -4 78 86 -54 36 19 -85 2 4 8 -23 59 -37 52 75 61 -85 -97 -6 63 95 89 -96 51 27 -22 12 -34 -81 -85 31 6 -33 61 9 -23 -60 91 35 -46 -36 97 -77 -39 -21 73 98 -17 4 11 -33 -38 -80 72
-26 55 68 90 -22 -45 -90 89 39 96 -25 67 79 -46 36 65 97 47 28 10 9 19 -8 41 -99 -88 93 85 98 31 57 25 -73 -57 -32 30 -86 99 52 34 -18 -23 -6 55 85 -79 -17 72 -99 53 25 -35 -26 59 58 -84 -23 62 27 26 -82 77 -7 -11 -77 20 -26 -50 59 83 -87 83 -37 -39 -24 -44 0 -48 32 -88 -41 -22 -59 41 41 58 50 -83 -60 50 61 -10 6 -99 50 90 -98 41 -46 68 -88
61 -21 18 0 66 -92 3 76 19 0 -6 23 -11 -93 26 95 -59 21 74 -15 39 -49 -100 -13 -82 -45 88 -88 -46 60 17 24 -68 35 -52 89 100 42 41 25 94 79 45 -58 93 41 60 63 -97 52 -48 98 -75 55 58 45 -82 -61 26 4 83 -29 7 63 -30 -80 -64 -46 -46 -61 11 11 94 -34 34 -12 -29 -85 -16 69 -14 -71 -61 -94 -59 -47 15 -59 84 89 -8 61 22 -91 -72 75 45 96 -58 74 -50
85 22 -86 47 -100 -15 -33 46 68 -53 -57 16 91 99 85 51 21 23 -74 81 70 94 5 59 -11 -28 94 -31 77 -55 93 -26 45 -43 91 -36 -83 39 -84 -54 -53 86 24 -30 -23 59 -70 -44 90 31 24 23 53 -51 -35 -38 81 21 12 72 61 -49 60 57 -9 45 8 39 -24 38 93 41 -35 9 -57 -27 -39 33 20 -39 78 -56 -96 -63 -12 -75 -89 -92 22 -14 -49 87 -20 -6 99 -80 -8 27 -94 82 -74
16 92 93 -9 -41 93 -36 -55 -69 52 49 67 90 43 -5 -55 42 -67 45 4 18 -73 61 -92 24 78 10 -16 93 -82 24 50 40 0 56 -67 -59 -56 85 -96 -8 -54 -81 -22 79 -69 50 -70 -60 -57 -62 -77 100 -96 93 86 -73 54 86 -39 -57 32 21 13 -61 89 96 48 -93 -91 -52 -34 -92 36 -48 -55 -2 -61 31 8 -97 74 -35 86 31 -81 82 -2 65 25 71 -53 -3 87 3 -77 80 69 -36 -43 -98
34 -16 -74 -22 96 17 -1 94 -79 -79 -54 9 80 -82 94 46 43 32 -58 -5 -5 34 13 87 -76 -57 -58 65 57 -9 99 86 -34 -8 84 -62 100 -96 -43 89 65 -85 64 -65 36 26 -47 51 96 73 1 10 84 97 58 -14 18 61 56 22 14 -19 27 -25 67 90 -60 -94 -15 73 -82 78 85 6 75 87 35 98 -6 -96 -66 -27 20 -23 83 5 -32 56 -98 -76 -60 -63 35 -80 53 -2 96 26 75 6 23
-47 -41 -85 30 66 -25 -21 -67 -54 81 71 69 -45 63 72 -80 25 -45 90 86 -84 56 -40 21 -14 -21 -27 3 86 0 -64 46 -13 -23 47 0 8 -37 -32 -84 -27 -56 100 30 99 42 -62 92 50 10 -55 87 79 10 51 -52 -36 -36 -82 30 -5 15 71 -40 79 1 86 21 27 -99 -32 49 13 80 61 21 -47 -44 72 34 65 -74 -65 74 100 -4 -77 -10 -16 -96 -93 57 39 -60 58 71 64 36 -82 -2 95
59 82 13 43 -54 80 -53 88 -94 93 60 28 14 -33 -60 16 16 -85 8 63 44 14 77 42 -54 -14 -64 -70 -70 39 20 -4 1 57 -70 33 -14 38 -72 -74 -78 58 -2 -64 -35 90 63 -27 -57 -35 56 -11 -47 91 75 14 84 -78 43 -48 -56 -73 -40 52 -36 -25 93 78 -13 35 -24 91 -86 -10 -53 -51 -18 54 -56 -49 24 -78 80 43 -10 -86 39 5 49 11 76 -86 86 -70 53 99 -54 -3 100 8 -30
78 -36 92 65 -59 -88 97 -78 5 -5 19 -41 82 11 -94 100 -57 95 -38 97 61 70 -43 -73 71 -40 59 11 65 47 -69 -32 -11 -88 -12 -15 -7 -55 -10 94 -10 -79 -58 -1 64 41 29 27 78 -89 -89 4 -55 37 -44 33 -25 34 -10 37 -21 30 2 19 -61 51 -73 79 -16 22 -45 91 7 93 -59 23 -21 26 24 45 -26 -22 -29 -61 57 58 21 -73 97 -59 -58 83 -81 -6 74 66 0 -10 -5 -11 34
-13 -70 -72 -66 99 -97 19 -38 -60 -100 -96 89 -65 51 34 37 -38 -25 -36 -72 61 38 1 -45 42 -66 -61 -94 -20 99 65 -84 -52 46 1 -97 46 90 23 -23 3 -84 83 66 -19 17 73 -21 8 -57 -61 97 29 -71 -14 -27 57 98 -63 -81 -74 -74 -98 -74 -51 -73 74 -19 19 35 -41 33 -52 -58 -31 -49 -89 -44 -44 -86 -8 25 37 -23 -51 -98 81 -11 31 43 19 85 -18 -59 -30 7 12 -74 -10 56 -84
-69 66 -10 -73 42 -49 -84 -21 -76 30 4 -73 33 39 89 -79 75 -12 -77 3 -98 -15 21 -15 -7 -27 -41 99 -48 72 27 -53 77 -9 43 -76 41 77 15 -27 -49 88 53 65 -14 -68 93 53 -27 10 53 63 82 -35 -57 -81 36 -34 -55 -86 40 84 20 81 37 -8 -15 13 -20 -41 -11 41 -39 -19 3 52 -54 69 -32 62 -21 -60 24 23 91 65 42 7 8 98 52 23 -7 -49 36 76 84 20 -1 24 -91
-23 -7 -61 -91 24 57 11 -72 -41 70 -96 -72 60 -49 -51 63 94 6 -44 -95 3 58 -97 26 -80 21 85 91 -6 46 29 -63 -43 53 -21 -11 -12 -6 -19 -34 25 -74 74 -32 37 -68 -47 -86 -39 -56 -76 -21 -88 93 -26 -76 89 -59 20 -80 -23 10 42 1 30 83 80 -40 -64 -89 -62 -69 89 -62 4 20 40 -94 -48 -76 90 35 5 -62 -36 -33 74 -22 -80 79 -52 -18 -66 -55 84 98 82 65 73 37 35
-78 -15 -43 55 -23 78 14 69 -59 61 14 87 82 80 -84 78 -97 51 98 6 27 58 22 -45 83 -25 39 87 -62 -69 71 -35 55 30 -17 -56 -17 -74 29 17 -34 62 48 50 65 -14 80 -29 14 -79 -58 91 -57 47 81 -90 -83 -23 -91 85 -55 -17 -43 -24 23 57 31 84 91 -92 -76 -3 7 -100 -10 -89 -6 96 -3 -83 -96 -54 -13 96 -16 14 -74 -51 3 -58 10 -71 -57 84 -82 -89 62 -2 11 46 68
-18 33 94 -24 -63 -21 43 72 -51 -25 39 -84 81 23 19 -29 -79 -97 -3 15 -18 51 -79 25 60 1 71 -7 92 88 87 13 -48 -25 -81 41 -7 27 42 17 -81 -5 47 9 100 -24 18 41 -39 -43 -85 -5 62 -66 34 9 2 83 -40 -91 -34 -84 -2 -51 -93 -45 68 -83 58 -63 -42 21 17 65 -29 15 8 85 89 -32 3 -78 56 78 -30 -79 22 91 26 -67 25 -65 7 29 92 50 38 -62 -11 -13 -15
12 38 -7 68 -44 -3 19 -11 48 -24 -76 74 -7 71 -61 48 -89 88 -92 19 11 -9 85 25 93 88 23 -14 91 -18 -29 -96 26 -97 67 46 21 -99 -48 64 12 -35 37 50 -51 -97 28 89 -97 -76 19 27 -92 -38 -24 57 -6 38 -89 -17 -77 -45 29 67 99 -7 4 90 9 -41 40 -75 -51 100 2 83 -25 74 15 69 -14 -94 -65 29 -64 -7 62 5 30 -87 -23 4 -54 -71 -64 -68 67 -7 25 -45 0
-54 -74 -90 20 2 -13 59 -46 10 -95 26 -33 50 94 24 63 21 19 -36 55 20 73 -95 -55 -20 -80 -18 49 77 67 -61 -6 78 -75 -31 -93 -46 94 61 89 -75 13 -50 -5 31 30 -8 -70 15 -62 -69 41 -97 -7 75 -38 1 -29 71 -62 -97 -100 -5 -70 56 -52 96 22 -31 -87 -96 -82 -61 -82 -41 77 -95 85 22 44 -44 -40 -100 51 -77 -97 -91 10 -94 51 -49 29 -83 60 -30 28 46 29 -29 76 -14
-15 -95 -53 -37 85 -56 91 -11 -11 58 -39 49 -97 -44 -79 83 41 70 5 -68 49 66 76 -48 56 -67 -19 -79 58 37 84 -61 -97 34 86 -43 -25 -91 44 -47 5 -94 -22 54 -89 -60 12 19 19 -29 30 94 23 -34 29 63 -1 60 33 64 52 56 35 97 8 -89 -15 44 18 -10 -20 66 88 39 45 10 -53 -66 -7 1 -21 75 -92 -74 -21 67 -34 -77 -87 -14 97 -42 68 -29 44 47 47 -74 -31 14 -5
21 -73 -31 89 98 -65 15 -93 63 66 -1 2 70 76 -7 -45 10 -48 50 -40 -56 -79 52 56 28 -46 61 -69 21 -66 -65 -29 -75 -3 78 11 -70 -78 -35 30 -92 -61 19 74 16 -76 3 11 -66 -4 -55 -81 -24 9 -21 93 -73 70 -76 30 50 -76 -9 81 -96 -52 -86 -39 -42 3 -45 -6 34 45 60 -58 -84 -67 -95 25 -37 -66 -67 -74 -94 -11 39 -89 63 -42 14 -82 -68 2 -31 33 78 7 -88 -58 87
89 51 -59 -49 -31 -87 38 12 98 97 -71 16 -63 -18 26 17 60 51 65 100 -44 60 85 -2 81 -9 32 -63 -77 36 33 -35 83 60 -59 95 -79 -71 83 17 66 35 -42 96 24 80 -54 33 14 46 -55 33 3 -2 31 -73 -55 -68 10 69 0 -14 -90 27 99 56 90 -30 78 -7 60 -74 -15 57 23 9 12 -67 81 -28 -94 2 49 -43 -99 -39 -86 -99 96 60 -85 -52 -17 78 -6 20 -98 -17 -59 99 49
19 -59 -67 -61 -17 -8 54 -14 37 -95 -32 40 15 35 -50 -82 -92 -65 20 14 -32 59 -87 0 73 59 -38 -68 86 70 66 -39 -13 62 98 -75 -93 -65 -26 -29 -52 -24 -64 -14 -44 -76 -83 -51 -86 93 -46 -22 -32 -59 36 56 -19 -48 85 -41 -96 21 -56 29 -59 -70 36 -86 -11 -2 93 88 44 44 17 -16 91 -63 -71 -43 81 48 89 94 65 56 62 58 -54 -49 -6 -66 76 52 -68 27 78 -16 -29 -5 -39
-14 75 64 -31 31 34 42 89 36 1 56 -82 62 68 43 53 -37 67 -18 -6 -64 -1 -14 -38 3 64 -75 -4 -81 65 -10 89 -6 -31 -22 62 -19 81 53 56 -29 96 -47 -56 -76 18 -4 46 -89 -40 -12 -4 -26 -79 -35 -19 27 -9 13 -80 -9 -43 -51 -89 -27 -94 -29 -90 11 30 -75 74 -68 -26 34 6 63 7 46 -80 -78 -72 70 -96 -99 -35 -52 94 -89 98 44 84 19 -61 -65 80 -59 0 87 78 44
-47 27 37 86 54 51 2 -22 66 -9 -13 76 -77 38 -75 -37 -83 -69 -92 -50 -86 -12 -71 47 14 73 20 44 54 36 36 90 -29 62 51 85 -54 94 4 -91 68 57 26 -40 16 -35 72 61 -72 8 65 89 -40 95 -90 76 89 59 -35 3 95 45 -80 -71 -76 68 -67 -93 91 87 -34 41 -17 31 -18 31 -24 -80 59 91 97 -74 -12 47 34 -24 7 56 -25 -85 49 -36 40 -62 68 -97 7 -78 60 -7 -4
97 -75 90 48 57 68 31 -30 -78 -1 -83 21 -66 8 -4 -25 11 94 92 -75 -89 57 -81 -37 31 -68 23 27 90 -28 95 23 31 -2 -33 89 35 -13 -39 -66 -40 75 43 59 -47 -81 26 83 36 40 -34 6 -81 -43 54 -71 -60 58 18 4 -9 30 30 -40 51 -98 30 63 -76 96 -75 25 30 98 63 76 -51 46 -72 -50 75 90 -77 -75 -34 98 46 -84 -97 -22 -52 -53 19 88 25 28 29 -86 6 83 49
-11 84 -11 -27 50 -27 13 -90 -83 -40 27 -54 -9 -11 89 53 81 -95 -14 -31 24 -13 12 -64 -88 48 -26 78 -74 77 98 -65 -84 64 13 -39 -16 -11 -98 94 80 3 75 60 -54 -93 -82 82 -85 -77 48 -73 -9 64 -50 -70 -54 22 -91 -56 -99 -27 -79 -35 -60 87 60 85 32 35 51 47 -27 18 16 -41 58 88 -33 8 25 -63 2 10 -75 10 -11 45 -6 76 72 -17 -91 97 -37 -47 34 -8 59 -44 83
-71 65 26 -69 63 -72 -92 24 -9 -13 18 92 15 66 45 -55 -60 70 -90 -30 -68 -1 -68 71 -35 8 45 68 -59 -63 -90 -27 9 -55 64 56 99 -89 9 -97 100 -69 97 73 4 -24 73 41 -4 -26 38 -69 -28 -57 -50 -79 44 -10 32 72 83 -21 1 -84 1 14 67 -100 -27 -64 -3 -8 -70 -9 76 93 -63 43 -52 23 44 16 85 19 -28 76 5 59 97 -40 -1 -86 66 57 72 97 14 -71 98 -15 33
-91 78 24 -61 49 -100 -58 -99 75 73 17 8 -25 75 -29 33 -27 -14 -64 -73 -100 77 85 20 -31 -51 17 -89 -53 -70 10 45 -86 -41 -97 60 -58 17 -8 40 -68 -57 -37 -91 -45 -21 -63 -68 49 30 31 -62 -21 -9 17 56 19 -1 -59 14 94 89 69 -76 -37 -93 48 -24 -83 -72 42 7 17 -72 -11 -76 99 -89 74 -18 34 82 -60 88 -61 -83 -77 -57 -78 -70 -85 77 42 18 -90 -61 14 16 65 -18 -25
-12 -28 -14 24 18 5 60 13 14 -82 -17 19 52 38 -67 31 -22 -91 88 24 44 -49 86 86 12 25 61 -1 -89 -34 -10 -43 -43 1 -20 45 0 -51 67 76 -52 77 -94 24 -74 61 93 46 -69 -49 -34 12 -76 -26 -48 -75 56 -16 68 -99 -54 91 -96 43 51 96 73 -48 -12 -75 89 22 93 68 9 90 -3 54 -3 -5 72 31 -14 68 -47 87 -1 18 83 29 79 -23 73 14 -70 -47 76 -30 -63 -22 -42
-75 -28 -54 -55 81 -24 40 -24 -86 13 -49 27 39 -31 66 54 -52 98 -79 -73 -39 25 -94 97 36 -5 -36 70 49 -64 -89 30 -19 -7 88 -69 100 -74 -46 14 -40 -92 57 72 -19 41 -30 21 -2 80 37 96 -98 2 27 -95 -99 -66 15 0 29 0 50 49 -70 -23 24 -8 -36 62 79 -50 77 55 -92 -29 -77 -42 46 63 93 97 -85 68 -66 74 -69 57 62 55 -81 -72 80 -18 32 62 -33 69 97 54 31
10 45 37 -95 10 -35 100 95 85 41 -95 -75 -49 -10 -53 98 -76 -46 58 93 -71 76 34 25 3 57 -72 -96 76 -96 -8 -88 -10 -46 -94 -50 96 -55 20 -19 66 -14 -1 65 -70 -27 -8 98 -6 32 46 46 53 69 17 5 77 22 -65 78 15 -10 57 -68 26 44 40 -10 -13 83 -37 54 -89 -65 18 -91 39 64 -48 -78 17 -68 4 -33 57 -39 49 53 -12 -20 74 100 30 78 40 13 -6 -65 67 69 -7
-53 54 -54 92 -66 60 1 33 16 -44 -24 69 -63 19 -26 12 -29 15 79 80 32 59 95 25 -81 53 83 -2 77 11 55 -84 98 67 89 -98 -59 66 -61 7 -81 -72 18 37 55 -18 59 93 -94 76 -44 -99 23 -4 -60 94 44 -42 95 -44 -48 -91 -100 -1 -4 -46 -97 44 50 -34 -15 21 28 29 27 -21 -4 -3 -50 2 -77 -52 -8 79 -44 96 60 97 44 19 -11 44 -6 -25 16 -63 -3 26 89 77 75
-2 -66 2 -47 85 73 52 -23 -22 35 -11 -87 28 26 58 -41 -70 -8 72 -56 -6 18 -76 46 74 10 -47 -65 -6 -87 -27 2 86 -88 -23 -43 -77 -78 12 70 87 8 2 52 100 67 5 61 10 76 42 -29 -94 -55 98 87 27 -10 -44 38 82 64 -36 -39 -22 -52 25 23 80 95 -69 29 14 -31 -86 83 -55 56 5 -9 -38 -45 77 25 86 86 -30 6 -44 83 -88 77 -35 90 5 -43 23 -96 -66 -76 94
-2 98 63 73 -73 83 67 -76 -65 14 72 -57 80 27 70 -75 44 -98 -20 -1 38 91 -53 -47 -20 -55 -55 -82 48 -89 100 -46 83 50 -88 1 41 67 -1 -66 -77 3 11 83 -59 -30 -95 -80 82 20 -87 41 -68 67 -64 -15 -24 37 -90 -7 3 -96 81 56 -51 12 -10 50 -68 -7 -31 30 25 26 -73 -23 10 -7 -75 -3 93 56 69 -59 -77 87 55 -67 -93 -36 48 -30 -35 -96 -66 -29 -69 67 -57 69 69
-54 82 -57 -63 46 87 -73 19 -44 15 0 74 33 -68 -37 53 -24 -95 49 25 -93 26 5 29 78 -61 -42 60 96 88 -32 -45 53 42 100 44 -30 73 44 68 -27 58 30 -64 -40 19 -33 -59 38 -67 -89 24 62 60 34 59 2 -88 -59 -80 -10 45 -16 61 90 57 -75 63 -40 68 -30 -74 81 -83 -52 -65 -7 32 69 -11 31 -35 -13 37 -13 -12 -86 -22 -38 -91 -74 36 -83 39 -75 -35 -37 59 64 -52 -53
67 -21 -77 -64 18 -78 -67 -31 75 -20 -27 25 77 -88 -1 -54 97 18 -93 -32 63 75 -30 17 59 -60 34 90 12 50 16 14 55 47 99 86 -46 -32 76 94 -58 -69 95 95 -86 24 -26 -51 -14 -22 -71 79 -77 -82 59 83 36 -100 54 51 -59 89 50 -97 25 -84 -63 -63 -20 79 -33 76 77 -6 -15 -21 -26 33 -29 62 84 -7 -3 58 93 -86 36 -20 -92 42 94 -44 -13 -63 57 -4 -33 -51 3 -64 -21
-6 45 48 36 98 -4 -51 -76 6 -20 -54 -100 -92 -28 -1 -88 57 -71 -75 -85 -91 43 73 -2 -58 87 -69 4 -73 46 1 4 -87 -81 61 79 74 23 -86 -11 -15 57 93 -6 48 11 54 26 90 -78 100 7 -32 88 -58 -69 -33 -34 -41 -30 -37 69 56 97 -66 -89 -38 51 -68 -3 -75 -41 93 53 -30 -97 -37 -21 42 -67 -4 -75 28 52 44 49 18 -71 85 -50 -82 43 -98 75 -44 -30 80 97 56 98 31
-81 16 10 -71 8 83 85 90 60 -43 68 40 10 -83 -16 11 -81 98 -83 91 -43 -68 -95 86 94 92 71 86 38 -64 -68 -14 -49 98 59 54 97 -3 -52 -71 -30 46 57 11 -40 -96 46 -24 96 -50 -94 -21 43 22 85 -11 -51 89 -43 -47 -65 75 -62 -81 99 -74 -9 -86 -79 99 21 -75 -13 91 -65 -29 -24 39 47 59 58 -78 75 95 86 -56 38 -11 -79 -70 60 36 -28 -39 -25 -30 67 73 74 -17 90
95 -83 61 27 -74 57 16 -93 -15 -20 40 41 8 -14 29 -81 96 62 4 88 -53 -91 100 94 -97 -96 0 -25 -45 26 -13 11 100 31 -36 -95 -39 -33 -83 -40 54 -48 -64 45 -60 59 22 -98 -42 -1 -32 -79 -21 88 -24 -38 -2 8 74 -40 -24 -70 31 -87 39 -86 87 -89 -80 -54 -98 -50 79 72 10 40 -42 5 91 53 70 77 90 -62 -40 16 40 49 31 47 -11 52 -52 -42 0 45 -42 23 -50 -44 -3
90 -92 5 -42 -80 2 37 -42 -75 10 -67 -40 -55 -31 8 65 98 -43 -26 95 -9 -66 -32 -96 4 -54 -89 -67 -34 -45 61 82 -36 -7 75 31 38 58 -12 -94 10 -11 41 57 5 15 74 16 -14 61 59 28 45 -58 68 -83 -59 48 -59 -48 12 90 -84 -71 8 36 -60 -73 27 -49 41 54 6 90 20 -20 63 15 53 4 -53 5 51 77 -22 99 68 -93 -17 -17 90 -56 97 -94 -19 68 -24 24 3 51 -85
-72 -37 65 59 7 -34 -10 42 23 -95 -60 1 -94 11 94 -48 7 42 20 64 81 -38 -94 73 31 17 -88 -1 -95 -63 -7 -49 37 85 -50 -8 50 28 -95 -13 8 45 29 -33 -16 -26 93 17 6 -49 -8 86 10 -68 -58 -13 -7 83 -1 -22 7 -77 -58 18 -24 -31 97 60 6 69 62 86 -71 -32 -13 -15 36 25 42 30 -69 54 0 -2 46 42 5 -36 53 -24 -45 -67 -94 43 22 82 -58 -73 68 92 4
74 -2 -45 65 90 -38 -82 59 73 65 27 38 54 -45 -33 -48 79 -78 -79 -4 59 45 -41 -41 -64 7 44 -62 13 80 -76 -74 -29 -53 -36 89 42 -14 -22 51 -45 79 47 8 -98 85 80 -72 24 71 16 19 -3 38 25 41 -35 6 6 17 -90 -72 -10 92 -87 13 -14 82 63 -90 -19 96 52 46 -6 59 47 54 -99 -64 60 -2 81 70 -77 33 -24 14 -22 -5 53 -52 20 43 42 43 71 79 42 32 -63
85 13 -95 -55 96 -82 -9 -40 -60 -66 -64 18 -100 -45 -30 -13 49 -78 61 96 -7 -77 -90 -16 -46 -86 83 -32 -51 -74 52 -32 -58 -35 -90 -18 -81 -42 -43 -15 -68 -72 -96 87 88 -85 -79 -86 -22 2 -5 89 1 -42 11 -67 99 93 -95 80 56 71 -3 69 -83 84 -18 89 60 91 47 15 30 73 -27 -83 38 -49 58 -4 12 -71 97 4 61 -80 49 -13 -59 -58 -68 -5 47 -56 39 -82 4 62 70 55 -35
85 -4 -51 1 -98 -20 -74 97 -79 30 -30 98 -18 76 -27 -18 18 -12 0 88 34 88 48 -36 -49 -88 67 42 -23 55 32 59 5 82 95 29 -82 24 -83 24 69 -93 8 30 61 -63 -58 -12 71 -65 52 32 93 -35 -23 -41 -59 -5 68 -83 63 -96 24 64 38 -27 93 78 -3 -59 -62 -80 5 -23 -26 -59 20 -36 3 30 -76 68 -91 -85 -77 85 -92 7 65 97 -92 5 91 -15 -17 92 -17 -1 -32 -11 64
15 14 -77 10 -92 -72 100 -27 -25 97 27 -42 -5 -24 33 11 68 88 -70 98 0 -88 -57 85 -11 29 31 58 5 -43 26 63 -35 2 93 -66 -50 87 13 -67 -35 93 -34 61 -81 35 23 46 -66 37 99 -61 53 69 66 -93 -70 25 92 -82 -62 17 -55 1 38 53 -38 19 53 15 -16 62 42 43 -57 -12 -7 -17 -86 15 10 57 49 35 66 -92 76 39 84 7 0 -91 79 85 -23 52 -6 28 -22 -74 -26
43 -90 3 28 -56 42 16 -28 -39 -41 -81 35 -20 10 -66 72 -4 -67 18 -68 29 -27 -87 8 46 -70 37 56 -20 -39 -30 -93 10 21 -78 80 7 -39 11 92 64 7 -61 -33 25 -88 89 -29 -69 -48 -9 7 -60 100 54 -87 -75 -55 -90 0 -9 43 -60 86 10 -48 -45 -97 63 -61 -61 93 -90 15 53 92 -69 48 -39 -82 -100 98 -46 23 50 -31 -50 56 79 -92 -85 -58 77 -50 -80 94 79 22 -76 -53 -3
-28 16 -62 58 86 -87 19 77 73 70 -8 -73 52 69 -98 25 3 32 -3 -81 -78 -17 -90 70 -22 97 75 -1 -23 74 15 -15 72 -57 93 28 -50 -3 37 23 99 100 -9 65 39 58 -64 13 91 75 31 37 -59 28 -77 -8 -45 -56 81 10 31 -81 -1 -40 78 47 -50 97 77 -64 -16 -6 95 20 -85 69 52 47 41 17 -25 -93 -58 -68 -61 28 56 84 -42 -73 33 -75 -86 -92 -80 -17 99 84 34 76 75
35 56 55 46 -64 7 -70 -95 -98 -42 98 -78 93 39 -76 -33 7 -35 95 35 -3 -88 26 -74 48 -70 -34 96 44 -32 -34 93 27 -98 -48 -73 73 -66 -79 -97 38 78 -82 -34 38 57 -13 39 93 85 7 -19 -81 -63 39 98 -90 -35 22 -14 81 10 96 28 11 53 59 74 67 95 73 -76 99 31 44 64 -64 43 -59 -99 47 -26 52 -60 98 16 28 -8 32 -96 -44 95 5 74 65 -35 72 -29 -63 -76 -69
-93 -78 97 11 -26 -61 -44 -79 27 -23 4 -76 -6 79 -27 29 -72 -14 -15 99 -95 -63 78 -8 -6 91 -91 -2 15 -55 55 -46 94 -88 6 -99 -94 -26 -68 4 -24 31 -67 -64 -53 46 -16 -6 -21 -70 -86 96 75 33 81 23 100 -86 22 -84 -94 -41 41 -66 -16 -65 0 39 42 -38 65 21 -82 -75 -2 73 -45 96 -49 -3 -53 -61 -6 -46 -71 89 84 91 -67 -37 -88 -94 -50 -79 90 46 -43 -19 -43 61 -16
-87 -77 -58 91 -73 -82 -48 -12 -1 -10 65 39 -78 -46 -40 -49 -13 9 53 51 90 45 -38 -75 67 15 -19 54 -31 -6 -53 71 39 31 5 -67 66 -19 3 25 54 9 -49 26 -14 -29 56 -66 -70 -58 -39 45 12 67 96 -52 17 11 76 76 -96 -72 -63 75 80 -45 5 54 39 58 -71 22 80 -80 28 0 71 -13 88 -3 -93 -96 87 -70 -70 88 67 82 63 3 58 -95 77 11 48 -75 -24 -80 -82 77 -9
-37 54 -23 30 42 -94 41 6 -28 19 31 -92 -80 -89 1 54 33 -41 36 -91 -59 73 11 76 -20 -9 6 86 -27 -99 -69 -36 -60 -88 -4 68 22 56 -13 30 -100 71 -10 83 -45 -100 -38 -26 -25 32 82 -23 84 -24 -7 62 -93 69 28 -31 15 -47 -38 -66 -10 -51 -55 12 59 33 -2 -63 -60 97 -46 70 67 -26 -67 99 95 -59 86 -5 -13 -27 -94 82 -32 -36 -42 -20 -37 -13 87 94 -16 33 55 -15 4
-25 20 -99 -92 30 86 43 62 57 -67 -7 95 -77 -75 62 28 99 98 -16 87 57 80 20 -68 -73 -8 -47 22 96 -75 -16 5 -100 26 14 35 -18 -73 -34 -44 -93 -14 93 30 -96 83 -48 -3 -2 -31 68 49 16 64 97 -1 -83 -42 91 -90 99 -14 -45 -26 57 1 81 40 -16 -73 -46 29 -20 -29 -50 -40 98 -93 71 -47 25 -26 16 -40 -71 0 -33 42 74 21 -75 -95 -42 43 -21 -63 89 41 -26 -58 -73
-98 -92 -96 -86 24 -13 33 89 -71 -71 -9 95 22 -72 -53 -44 15 -1 -96 -42 44 94 27 84 63 -17 -36 72 71 43 -29 -14 -77 86 58 -35 26 28 60 79 72 -39 35 -80 -100 -14 -2 25 -58 -18 64 67 -34 5 -49 -67 80 -30 -56 66 -33 5 83 -98 46 -21 -1 -71 93 7 20 -23 -66 10 -5 -99 -75 54 10 -41 -89 -45 10 -99 -34 -70 -57 25 65 67 -46 68 18 -43 -64 94 87 -76 90 77 -100
-40 -53 -98 69 87 12 -83 -42 -70 64 15 13 -61 -89 60 24 53 76 -92 -11 26 -27 72 -59 -69 -95 8 15 50 -65 95 -80 -23 -2 32 83 88 -78 -73 89 -16 50 53 -96 -77 27 53 -26 -59 -64 41 -64 -64 55 7 56 86 49 -87 -91 4 -62 22 -88 61 46 94 -9 34 78 -36 -43 100 -95 -47 89 36 -45 -69 26 12 -99 -69 69 54 56 -38 -81 -11 17 -69 66 -78 36 35 87 90 -71 -13 -1 77
-84 -4 -66 47 14 -54 -70 -33 56 -25 34 74 -66 -17 36 70 91 86 -92 -86 57 -97 -96 -60 49 -50 -57 67 -61 -9 54 35 3 -15 -87 -18 26 74 23 -23 -2 34 49 -20 85 52 32 -77 35 84 -99 -13 -11 -13 -26 -46 -74 34 -12 7 81 13 -19 -20 -66 -28 57 -95 -77 -62 -61 0 -52 41 -7 -24 -43 61 26 -20 57 23 25 -88 -8 -9 -11 -9 -31 94 64 29 -75 -87 83 33 46 -8 72 -29 -3
29 79 -72 5 66 -63 -87 32 5 -79 -63 78 -52 68 57 -21 -59 -30 -37 -62 3 -66 -33 -23 -10 -35 -69 -85 12 79 -77 -49 21 33 44 80 100 -23 -39 -80 -11 58 36 -64 -11 -40 -50 -18 93 -83 -5 -20 -66 88 62 47 -23 -85 -94 84 71 -95 -84 31 75 -83 -35 28 -82 49 -11 -84 90 58 -59 49 62 62 -93 -82 49 -29 31 97 41 80 45 -32 -50 22 -47 -48 -67 85 -99 -59 -58 -24 50 67 -100
-39 65 -50 -45 -74 -83 78 -74 -91 91 89 -76 -85 14 -62 91 -33 15 83 -54 -78 -86 66 17 55 35 28 5 -71 -4 -83 64 58 -61 96 -10 12 -95 -58 59 -35 -65 52 65 -43 -20 -94 96 81 18 45 23 79 -1 23 62 100 52 -25 20 5 6 58 44 23 -95 97 -49 -61 23 1 -76 65 29 4 -30 -6 -47 44 -95 35 17 -39 -72 -1 -7 -21 -63 75 86 -7 43 -77 -30 62 95 1 34 -27 -91 -13
70 52 -14 66 -83 57 98 -45 65 -50 -84 -82 -10 9 -45 64 89 99 80 45 -91 83 -92 -42 34 -19 69 81 -62 65 87 -54 1 68 -39 74 -43 74 -73 44 84 -85 62 3 16 1 -68 37 99 29 97 51 -63 62 77 12 -23 95 -50 69 -82 -65 -92 -85 16 10 -12 -98 -13 4 -52 -28 10 9 -28 -4 -51 20 50 12 -3 -98 25 17 56 -41 51 80 -70 0 7 28 -70 62 0 -42 95 0 7 17 81
-78 -90 92 45 -87 43 -88 -74 40 72 48 89 -69 77 42 -53 -84 46 32 4 53 79 -77 -35 -44 -68 36 19 -99 19 1 94 10 44 57 96 44 64 54 82 88 -49 73 -33 92 38 41 -63 21 34 -25 -84 52 79 65 -20 -49 72 -37 54 -15 -84 66 38 -40 51 7 -75 -10 -57 -70 91 94 -79 -85 -24 61 18 34 13 59 -1 -41 -66 -66 -73 -41 75 4 29 -13 97 -50 -55 84 4 92 27 -64 67 -88
-87 73 27 -42 0 64 -85 -64 -56 -54 51 37 -3 -55 77 -39 -60 -97 93 76 -21 -38 -79 69 9 46 36 36 -63 37 -55 -59 -62 -74 -11 88 -42 -58 -95 1 80 -77 83 99 -20 9 -4 96 -94 98 -66 -100 1 76 -2 79 30 -70 -39 58 -24 -59 3 68 29 99 35 100 42 -30 -92 -66 75 -48 52 -16 -61 24 -44 -86 -79 4 21 81 100 25 -89 -48 46 96 -57 63 34 -40 -100 24 -25 97 9 100 55
78 -18 88 79 52 -76 -17 34 46 17 -95 78 -93 86 -63 12 -27 -91 56 56 60 15 -7 18 -20 47 -12 -99 0 -63 -37 -46 -8 56 7 40 81 -81 43 47 -19 76 95 -15 11 72 27 -45 -52 -35 -90 79 38 50 -94 55 -76 -61 -31 70 77 46 42 46 20 -84 88 -84 -64 4 57 60 54 31 -94 -53 -91 -5 1 12 6 97 5 -53 -68 3 31 -5 -78 -18 34 -59 57 0 38 66 18 97 11 -36 50
50 25 -87 -34 24 93 0 100 -66 -49 99 50 -13 39 61 88 -2 -8 -53 65 43 43 -10 87 62 -50 5 -58 -99 -43 57 -72 87 67 49 66 46 -73 5 -63 -33 -10 -40 -66 32 68 79 3 -90 -21 -13 -13 98 -82 45 58 23 92 56 42 -50 77 86 -97 -34 -14 74 93 67 51 0 -46 95 -22 68 -27 88 84 -31 75 79 62 28 28 43 -30 -84 -30 -71 -87 -46 -45 13 -11 -86 -86 81 -85 -18 9 77
83 100 -99 77 45 -79 95 71 -14 -8 82 -12 40 -41 18 -25 5 -78 20 -60 -63 -29 1 47 -67 -9 97 39 56 3 -5 -60 49 81 32 -62 -52 -41 -74 -50 -53 -86 -98 -73 -57 -92 25 46 -7 94 21 37 61 58 -71 -57 -64 31 62 12 -52 68 -62 -95 -37 -3 18 -75 83 59 84 82 67 5 15 41 -55 -87 -51 -4 71 70 58 -12 -6 21 89 -74 -14 66 -40 82 55 -91 44 36 29 45 9 88 100
-95 38 23 64 -64 -80 33 -47 45 -27 36 -20 -73 94 19 -1 -14 -16 50 2 40 -28 18 55 -52 78 -65 97 87 -65 58 52 -67 -48 -96 54 -2 -63 -93 53 43 81 -48 69 -12 89 -67 -10 -14 57 95 24 10 -36 41 -36 -7 -82 2 -79 -19 85 -28 -87 -66 75 -71 34 -83 54 -58 -64 -75 79 -7 -69 42 -40 -94 -73 92 83 91 30 -21 -94 9 -41 -72 -22 -77 -24 63 -52 -2 -24 57 25 90 -71 -38
65 -77 -39 -40 -35 -74 -82 73 18 -62 -27 -47 -99 38 -45 -95 -95 -20 -36 87 -96 -49 -90 46 12 3 13 -72 5 67 -58 -41 -19 -6 -46 35 -86 -55 -14 -34 27 -44 -80 55 68 22 22 36 -8 15 47 -99 41 100 39 42 63 -41 -72 -65 33 -85 -17 18 -89 -80 52 -51 80 -30 -11 0 99 -26 -60 -28 39 55 -11 -74 -88 -57 -24 44 35 21 28 -95 -50 -26 98 -5 -63 -100 -37 -98 97 86 -59 -56 98
-80 -77 -5 55 99 68 -22 -87 -43 45 70 88 -84 39 -4 79 -62 3 30 -11 -28 98 16 -87 15 -19 -85 72 -9 7 -46 40 -29 -27 -65 15 15 43 -46 60 17 80 41 -44 4 -17 3 -63 -22 70 45 -23 -7 38 62 68 6 -87 66 -50 96 -35 37 -4 47 -68 66 77 -51 20 -33 -97 76 -97 25 -80 97 29 98 51 -17 -14 34 40 26 -65 84 71 86 31 -55 -12 12 -43 53 -54 8 -86 19 -51 -8
54 -98 -75 59 42 5 -100 -5 -88 -61 -48 -87 -54 -41 -92 69 77 -74 -56 80 60 -33 -9 -41 27 48 -85 -11 -18 -29 -84 -96 -77 -13 -17 -46 44 -32 -57 -21 -14 -64 -12 33 2 -94 -31 -56 23 22 -71 -76 -96 20 41 -99 98 -12 14 -5 -37 33 2 -67 72 38 10 -45 -74 85 -82 97 16 -38 45 96 91 57 46 -76 17 75 -4 4 85 -15 22 56 -88 20 -61 4 59 -36 58 -89 -79 -70 -54 -88 39
5 -36 35 -43 23 -99 1 5 -9 -93 -98 2 75 -91 56 6 -98 8 -95 -38 -32 32 33 -26 -10 -62 -92 25 -29 -15 -83 -15 18 -59 -41 11 39 -24 43 7 88 78 63 84 -32 88 18 -82 57 -36 74 -43 84 -58 -34 -4 -42 53 -80 -18 -12 37 74 -36 -98 66 -49 -16 -82 -43 71 -26 8 69 -88 48 -72 -86 -83 35 -38 -44 41 42 61 86 -5 -43 -22 -57 -52 8 -86 -54 6 -83 -11 -77 -19 -40 -15
57 84 98 23 18 46 -6 -98 15 2 -54 73 -24 -20 8 51 61 10 13 -88 88 -48 57 11 -21 11 46 25 -31 -44 -85 18 -53 -68 20 55 48 -23 7 36 -49 78 59 -88 -81 46 62 -15 43 -14 -45 -35 -32 10 87 -42 48 90 -36 -4 -6 -10 95 -51 -53 56 64 -67 -40 -9 -20 6 -85 -89 19 23 -88 85 90 85 82 -31 -62 -45 -45 -49 -73 -3 -36 -93 -55 -97 -76 -52 -14 -27 22 -23 -12 11 25
-88 24 -72 -96 18 -14 -48 74 69 41 15 -59 -58 -56 88 -74 -23 100 -66 71 20 82 88 -33 -22 -8 -19 84 -89 -17 55 51 65 -3 -24 -68 -73 -46 36 -39 56 -6 71 84 6 -52 85 63 45 53 59 12 34 5 75 -13 21 36 10 -52 -22 -22 -53 -36 61 92 -71 29 17 52 -78 69 35 96 58 -94 82 18 -12 86 54 32 92 90 -8 52 52 -64 4 99 -68 -60 -87 -66 98 -97 83 -69 84 64 54
83 0 -50 -69 -32 31 -72 76 85 -41 28 8 -80 100 19 43 -93 29 70 -16 87 28 -60 62 46 -14 -31 10 15 44 -50 -33 76 -59 70 -49 -65 9 -14 28 11 -10 -88 67 31 -88 33 -22 -77 95 -65 23 -100 -52 10 -93 91 -69 22 51 71 17 30 82 42 -67 -40 70 59 -87 65 16 -95 -49 -12 -100 48 79 -77 -35 19 97 -40 24 -57 -98 94 38 -45 -83 90 64 35 74 14 21 15 -48 -20 -16 85
39 23 -44 -85 76 -71 2 -94 -97 -7 7 -75 -52 73 12 -22 96 29 27 -28 -90 28 58 -98 -91 -14 -65 38 7 61 53 68 99 -71 -26 -6 56 -94 -58 -93 -30 5 66 17 -44 85 -88 98 82 -95 60 74 59 -11 -48 44 6 -96 91 -1 48 -90 -66 -52 -74 19 -97 -67 -19 -21 -15 -90 -87 -53 -69 19 -65 -28 2 67 67 -61 -78 -40 67 56 77 34 99 -31 25 13 -76 -75 -10 -21 -79 29 -12 -54 -38
97 -73 -97 13 81 -94 90 47 -4 -49 58 85 87 38 -1 1 -92 43 71 29 -45 17 10 -32 84 -60 -58 48 27 -76 -52 -34 75 65 48 -78 59 51 73 54 5 32 -50 -1 -16 54 -25 -95 69 -60 13 19 -34 -51 -72 -11 -75 -28 -29 38 -11 3 -44 -97 26 -31 -21 -65 58 -1 -73 -45 -45 13 93 -49 98 66 81 83 6 -57 81 -60 -28 -63 -26 -99 -73 25 -66 -39 95 10 50 71 81 -31 -31 -3 -60
-46 -21 -35 73 -58 89 -69 -86 -8 -5 79 77 79 -43 77 4 93 47 77 12 -7 22 -75 -37 18 15 97 39 63 38 81 40 21 89 -67 -74 41 -21 30 -34 35 87 41 35 77 46 -83 -67 -87 -65 2 34 -57 49 48 48 -36 -17 -42 78 -99 31 -74 19 17 -26 -35 72 62 -60 3 -89 -44 -87 -41 -83 -42 76 1 41 -2 90 17 -46 -49 -5 4 -1 -4 -42 25 15 -51 97 32 21 -26 -90 0 -14 86
91 -95 7 35 41 90 -74 -71 94 72 71 -55 64 -95 63 -88 -29 63 -11 51 14 -36 84 96 -89 -42 80 0 85 77 -16 -11 -64 86 20 34 88 71 -14 -81 95 18 -9 -12 39 -22 98 10 -61 -67 7 49 83 15 97 42 -31 -13 77 74 9 76 -71 99 10 45 60 -43 -78 9 91 55 -73 58 -54 -7 -13 -94 -69 24 16 40 95 67 44 -13 58 -85 -66 -47 76 76 98 -79 56 41 28 -1 -60 89 -83
68 76 -53 -38 45 13 -4 10 41 -2 -54 -59 -97 75 8 15 -26 -83 70 42 31 -20 80 68 -89 88 -92 92 38 23 34 71 24 77 -36 -88 8 62 35 69 -55 87 74 39 5 77 76 -54 56 74 -93 -79 -65 -89 -62 17 19 -75 27 82 -74 63 1 68 15 -37 49 28 -38 -30 -79 -91 52 -96 -48 -32 15 51 -75 -34 9 9 85 34 -54 -18 -85 6 -96 12 94 -66 -48 87 54 35 27 -79 -8 -48 -33
50 91 -85 -79 71 -80 46 50 -96 42 20 20 96 -35 -57 81 -8 76 9 63 64 2 5 -3 77 27 55 -45 -61 -22 45 13 32 -87 56 54 54 58 -5 23 -71 -19 -33 -35 40 -20 -89 -2 80 -91 40 -42 -65 -43 -69 91 99 -48 -100 55 -44 -45 40 93 77 83 -98 -49 -3 73 88 -43 -42 67 -42 82 89 -34 -6 -20 63 88 -82 9 -21 -63 32 14 -33 -22 -24 51 -45 86 52 -50 27 23 71 -47 50
-78 92 -100 26 -84 -42 31 -66 97 -85 13 -84 93 -32 -54 68 -29 20 -12 74 68 -54 26 40 45 -60 8 75 45 -16 -23 -86 90 91 91 84 21 72 -66 88 28 59 19 23 -25 36 -30 95 67 -88 -70 67 29 -8 27 -86 -65 86 41 24 57 71 -37 32 -16 8 16 -59 -98 -94 82 -86 72 -60 98 67 83 -59 8 -38 52 64 40 -17 27 45 100 66 -72 0 -64 -98 55 39 -25 -13 -86 22 -48 -92 -6
-73 87 -20 -85 20 67 79 67 -74 39 51 96 23 -87 -38 100 49 -57 61 -64 35 100 -78 78 -13 -38 17 -21 63 -1 -43 -3 97 47 26 -65 68 60 77 45 84 10 -36 83 71 1 70 82 -1 74 -60 -46 -87 -65 98 -3 -100 14 -40 -33 2 81 -6 -98 2 84 -66 76 -31 78 53 -85 61 63 61 -19 58 46 20 1 56 -79 -32 96 -85 -72 -37 18 48 -27 -8 81 96 -77 -39 16 -35 -24 3 99 71
-59 50 -66 40 -58 -71 34 -91 -38 -79 -14 55 68 30 -68 85 0 -98 5 35 4 10 88 -45 -54 6 38 70 -61 -74 27 28 -41 93 -47 -4 52 100 -63 70 -92 56 97 51 69 56 63 -22 -95 87 -52 8 66 19 82 73 -59 -25 2 27 68 -4 95 55 -10 73 -24 11 47 -63 -85 -86 -23 65 35 58 97 -100 -6 -38 97 21 66 22 10 -55 32 -21 20 59 -78 84 59 -71 17 92 31 84 -12 5 -94
52 3 -39 -39 -89 98 -82 93 -33 -76 -56 -72 -21 -8 -96 84 -30 10 37 -54 45 46 -14 -16 -18 67 -19 -59 54 57 1 74 33 -54 -44 93 94 -76 69 -8 64 41 -89 72 70 71 46 -16 -53 77 47 6 1 97 48 -23 -24 -42 -46 40 63 -65 12 -66 -13 37 -24 26 -12 -23 98 -27 52 -44 -95 -97 -50 -20 85 -3 -45 -61 43 29 17 -16 -72 -39 -100 -49 -88 -46 6 -91 100 -44 84 38 -63 -41 -1
-69 73 -13 -76 -68 70 -96 -89 -16 -62 -95 78 64 -22 93 34 -47 -92 87 36 -15 27 -37 75 -60 80 58 47 37 11 -69 -1 -89 11 73 -90 -2 -40 84 52 -88 -14 -75 -56 98 -71 29 60 54 -2 -68 45 21 45 47 -47 -59 -58 2 -45 68 -17 55 -91 -62 -41 9 -71 9 -35 -92 -87 9 -76 60 74 62 50 -67 -61 2 -28 30 -14 65 46 -89 -3 55 31 -16 98 -9 -3 98 -99 44 -32 32 80 -12
71 43 -6 76 -100 54 56 26 -33 -71 23 71 -95 59 44 30 -39 42 8 22 -6 -45 12 -54 -79 37 -20 53 -32 -95 -74 -98 -73 -79 14 -2 28 -45 -33 -4 21 53 62 -79 -67 -70 -86 -92 12 80 28 -15 -6 -64 -25 -30 -25 -73 30 -43 -100 -74 -6 -72 -7 82 -31 97 44 -21 48 15 -30 73 32 -59 39 84 58 -99 21 -55 72 -61 -41 70 22 9 68 -4 79 83 58 71 -30 64 63 16 72 30 -49
10 -7 -30 -9 18 8 -14 39 -52 -28 -17 -84 -46 -42 61 -25 -88 -85 59 -32 53 -48 -37 73 33 13 -42 -10 -80 61 -50 42 34 -26 -81 -12 7 63 -30 -33 57 -70 36 53 3 -45 -77 -8 -85 32 -22 52 -67 24 23 -82 29 -26 40 32 -69 -17 -91 28 30 -16 65 59 48 -67 90 -21 -69 -47 93 -65 58 96 -76 5 14 -37 98 -82 -79 -83 25 84 -98 88 -95 -86 27 22 -100 -71 56 -50 -58 -5 -12
-14 41 -66 97 57 -53 -72 -2 41 -30 12 83 -3 -79 -32 -57 29 -74 95 -7 71 47 35 45 -60 27 16 18 -81 -97 71 31 -99 -38 58 19 -91 -71 82 12 -90 58 -98 -27 12 -93 51 -80 -97 -12 -34 -4 -85 -82 -54 -29 -3 -44 -57 -26 90 -83 16 25 22 -81 83 7 19 -5 84 -13 88 19 -57 74 67 -6 15 -90 -75 94 46 -70 31 -79 92 -62 -69 -2 45 -28 79 43 -25 38 83 -81 -88 -9 -95
-89 -66 47 -77 68 -70 -39 -82 -35 53 85 -84 -94 46 -97 -51 29 22 -76 73 -10 -80 74 -92 52 -23 -73 31 85 76 0 -21 -77 64 4 66 -5 62 88 93 -92 35 -55 52 35 -44 -89 -10 21 -65 -52 80 -19 -4 -26 -35 41 89 -35 -24 6 89 -33 -100 64 -2 59 -28 2 37 28 -7 -23 -83 91 -23 -87 -89 97 -89 47 28 41 46 65 46 70 70 9 -17 -10 37 -48 -30 37 -78 -71 48 99 -2 -31
22 -85 84 55 28 -53 -34 82 -5 18 21 -61 -97 54 71 81 1 56 92 70 3 10 -87 -5 -93 -97 93 -53 -54 -60 1 16 -91 25 -42 -60 70 -75 81 -31 -51 -41 100 19 81 -97 53 -86 38 7 -87 -24 -5 -39 -55 3 -11 -55 68 0 -22 -30 68 51 79 57 -96 -32 -44 63 67 -96 4 91 -15 -79 86 9 63 45 -46 -78 9 43 -83 -78 82 -26 -90 6 6 -68 -80 -45 96 74 71 50 31 27 83
41 -22 64 66 -33 62 -33 17 -40 75 67 24 -58 73 -77 68 12 -85 66 6 -28 -65 12 9 -56 55 42 -69 -18 93 -24 -5 -16 -31 89 -91 -12 69 -90 -89 -90 60 -48 82 -44 87 -93 -96 32 -27 78 -35 -17 -85 12 -10 76 -17 91 -60 -95 -95 -11 9 12 -5 86 75 36 -39 39 -72 48 -5 -26 68 71 63 4 28 2 12 67 -75 -50 -13 11 -89 -46 76 87 10 49 53 -54 -78 -61 78 61 23 61
93 -65 -99 -8 -33 66 -27 -1 85 -36 57 25 31 61 -35 48 79 -11 -59 18 -50 99 69 -56 -43 38 -100 -9 43 -78 -37 -15 92 2 -12 15 -10 -18 25 -100 -75 32 21 -69 6 8 73 -42 -70 95 -42 -82 -41 -49 -24 11 85 -56 4 -90 28 75 -93 -19 51 -43 98 17 -52 -47 17 50 -92 12 -27 7 50 48 -41 -47 -77 99 3 -73 86 97 -20 -65 -3 -13 -33 -15 52 -6 63 -74 19 73 48 -59 62
53 -21 56 71 -18 -100 -29 -33 -39 -36 22 -13 -5 -73 -55 19 32 31 -59 95 -49 9 -57 43 42 -64 -34 -57 -4 97 79 -13 -69 94 -89 11 -21 -97 12 66 97 65 5 66 38 32 89 1 -74 77 94 69 50 -60 0 -93 12 -45 2 71 3 -92 -73 11 11 -93 62 -18 13 -92 51 -96 35 -77 -10 75 -27 -19 6 -43 22 -62 50 1 94 47 13 -31 70 24 -79 -80 -81 80 -92 -56 46 32 58 -71 -75
-9 -85 -41 -72 92 83 -9 68 -16 -83 69 2 -84 14 -3 -36 1 -76 4 -38 -71 57 46 91 6 28 -84 34 -43 -55 6 -11 8 -30 85 -70 36 65 -65 -10 -6 88 92 68 -67 23 61 24 -98 -62 -54 19 -37 -47 84 29 6 77 -5 90 -76 -25 -63 -99 30 -91 80 4 -59 32 -20 -65 50 17 16 97 86 -35 32 -58 -24 40 -54 -43 -57 -4 -61 -66 60 36 34 -64 -4 41 52 -47 28 -44 27 66 73
10 38 -59 -35 28 -100 -14 21 -5 72 -12 45 -80 -7 -30 92 -64 39 39 -95 98 -47 -59 -7 -72 93 -27 61 -60 -50 -1 -53 17 -60 28 -80 45 42 -35 26 15 20 -85 -80 84 86 76 56 46 57 24 53 21 100 24 57 -6 -90 -50 13 -40 -82 1 -12 -100 -47 35 2 -47 52 32 88 46 -42 64 5 82 36 -76 -81 34 -24 99 -5 99 -20 57 -25 -89 91 88 -89 -64 60 27 73 65 -5 37 31 -97
-52 72 -74 -23 45 -17 -57 73 -95 13 33 63 -59 -41 26 59 31 45 83 92 -7 -75 19 -12 91 23 -99 -30 56 -91 -94 96 -72 90 -31 -11 66 70 19 -93 -12 57 57 33 -88 70 90 92 5 -13 -59 69 -33 72 36 64 87 89 -37 -40 4 -5 35 -57 -42 -96 54 -12 -26 46 34 87 45 -16 -71 -63 47 44 -6 -46 24 94 21 59 25 -21 9 31 21 25 8 55 -97 -2 -92 94 51 -13 78 75 91
48 34 -90 97 -77 -10 -59 -95 -92 81 -15 70 64 -98 -47 17 81 32 73 93 43 52 -53 91 23 42 42 -97 34 8 -61 56 -6 -65 -1 -71 -66 17 90 -92 6 -25 70 10 38 24 -27 11 46 9 82 -71 -38 89 -48 -48 71 -82 -100 72 -35 -48 -2 -20 83 10 61 -51 -18 -66 -93 -96 33 61 59 54 49 0 49 72 53 30 31 54 3 -48 99 -54 -4 20 -92 11 -26 -68 51 -31 -93 34 -98 -25 21
100 9 31 -45 94 62 5 4 -92 -54 67 -88 -97 35 83 2 -38 18 -72 -84 3 -15 -84 76 11 -42 -4 19 51 -22 -28 65 -23 34 35 -78 51 -18 8 97 -31 10 -81 80 85 -43 51 98 -57 44 27 -46 -6 -6 -91 -4 26 -48 -49 -50 -11 -31 -76 93 95 -8 -26 27 97 58 -64 -78 -99 -93 -80 40 -3 -10 44 -54 -79 81 -13 34 34 -6 -45 -86 -95 -99 -50 -76 -40 -72 54 -8 -92 33 -98 -11 64
70 65 19 -56 83 99 51 29 93 56 -13 11 -7 -81 99 -68 94 -67 76 -11 -90 -24 -51 -20 30 68 91 -13 98 2 72 74 -9 43 32 22 81 65 -98 -46 77 -7 -37 36 15 41 -98 -72 -34 88 -24 0 -62 -63 -13 47 -74 68 -42 -7 5 -53 73 63 -22 -69 -31 -63 23 -90 -53 -73 -100 82 94 -41 -31 59 94 1 -13 -22 -66 -68 74 -32 -34 -39 19 -55 -23 43 -89 94 -100 44 -17 88 56 74 -34
100 -83 -47 -99 -93 -100 1 -100 -4 -67 89 79 -38 -59 -24 25 56 37 -39 -28 -96 -95 -36 -1 45 69 -97 18 -58 91 -66 -72 77 72 -77 17 84 -73 -47 46 18 -1 -50 26 53 40 13 81 0 -12 18 54 1 -60 64 64 46 -82 25 43 83 11 99 -13 67 18 -12 -21 -27 -93 21 -91 -6 31 66 1 -12 45 85 68 -99 -74 -17 84 -68 -3 29 79 67 95 36 8 59 -12 -35 11 96 -75 29 -48 -72
-17 10 -20 91 19 -78 34 29 -48 39 -77 27 -96 79 9 -48 -46 -48 42 96 -86 18 69 -64 -12 -84 23 100 -23 -85 38 78 -65 38 -11 67 -5 50 -17 21 40 53 -23 39 -71 -42 3 19 40 98 -35 78 85 -30 -41 -100 15 86 29 76 -3 -63 58 88 -26 25 11 -63 96 -28 91 -84 -54 52 -9 19 43 -89 12 94 -85 -39 7 21 -18 -9 66 35 -14 79 72 35 9 -38 9 -60 58 -1 -36 -86 -49
-90 76 -93 -96 74 -37 -36 -74 71 -87 -53 93 31 -92 -42 -91 3 25 -67 -28 5 35 84 72 -73 71 -49 -16 61 -43 12 -49 -24 21 1 -42 15 -42 -6 -72 69 -94 78 95 -67 -12 -81 -16 93 91 6 59 40 -93 4 35 32 -5 20 -38 44 93 50 -33 99 -83 82 21 24 68 -44 -39 -6 -51 2 -2 -10 59 -7 39 77 -85 79 -3 45 10 -77 -35 -28 10 -84 37 -84 -61 -17 51 -56 -75 -48 -57 -75
0 43 40 -17 -28 90 -73 32 11 17 89 -45 -18 100 57 80 -62 18 60 5 -54 24 -34 -33 -22 42 -63 26 63 93 40 -67 89 -3 1 -36 79 25 -36 -25 -61 24 -97 89 -90 41 27 30 30 -19 18 -31 53 -91 -92 -49 -74 48 87 -92 21 78 92 -72 -42 18 -56 90 15 -96 -49 -55 48 -96 83 -35 43 21 11 26 33 -23 -44 26 -42 77 61 -100 3 90 46 -82 39 86 -85 -100 -97 43 77 89 -17
-9 96 59 -90 -50 20 61 -57 -60 56 -100 38 -82 -30 20 -86 83 92 62 15 -70 -68 41 -28 -85 62 -54 -26 74 30 19 97 28 79 -89 -60 86 24 -63 53 27 57 33 41 54 -56 -14 86 -23 48 -39 -66 -23 76 -51 -41 -15 -18 91 49 -92 88 5 -76 38 20 -55 -21 93 -53 -23 36 -52 -12 -45 65 53 26 -30 98 35 -55 90 -87 51 -78 -74 72 82 50 -53 56 -19 -34 20 -43 -88 -52 18 -26 -17
