-4.732390
0.910205
4.179433
0.111136
1.741962
-2.396180
-1.527167
-5.067959
3.010013
-4.046630
2.324991
-2.597930
0.848802
4.780749
5.743085
1.159164
0.487088
7.299716
0.124777
2.842056
1.867359
6.821934
5.573909
1.801786
0.825925
-2.226778
3.003552
-6.444620
-0.921303
-3.923246
0.782902
1.514068
1.779408
-3.891020
2.810373
-0.149868
-7.213345
8.185550
1.360408
3.064679
0.046659
-0.336358
-2.806608
3.568781
7.043420
-2.141036
-3.931745
-7.251550
-1.775543
1.469833
-3.910448
4.980483
1.333675
-0.356830
0.878285
1.059960
4.171133
-1.283298
-2.480955
0.249210
-3.924442
-3.472311
5.614130
-4.404443
1.570393
3.223413
0.546562
-4.078626
3.926594
-4.518437
3.144154
-2.376098
3.870833
-0.451020
1.603983
-2.026468
-1.875811
1.887505
2.684882
5.014892
-1.798259
-2.376968
-2.566522
-1.444132
-0.306492
2.580986
1.843670
-2.194807
0.495289
-0.880664
-6.122066
-2.355692
1.404160
1.863600
-3.998810
-4.666859
1.277899
1.469759
-0.841658
0.063426
