-1 -89 -52 -66 -81 79 16 -97 72 51 -54 82 47 13 41 90 71 79 -31 28 -5 -76 -89 -75 -97 -6 -88 5 2 -47 -85 82 43 -63 -75 44 -38 -5 6 -92 -38 -17 68 15 -13 50 -32 2 -5 -46 62 35 57 -1 54 -18 29 -10 -57 -98 -64 23 23 -77 48 32 -23 54 -11 54 63 -75 25 27 -61 -4 -79 70 -38 -90 -43 -97 -21 -13 -5 15 -94 -79 3 -33 -68 37 8 -66 47 -43 -43 8 79 -57 83
-45 -42 -75 -77 28 9 -39 7 -63 -74 65 -25 96 30 72 -37 -38 73 100 94 -93 81 -72 82 57 -10 57 -28 67 61 -100 -39 -96 74 67 60 94 -3 88 -25 -62 98 -55 -15 26 -51 61 -82 -56 56 92 -45 58 61 59 15 -45 -19 61 87 53 20 8 97 -86 51 65 7 23 87 -6 63 -47 46 62 -49 -71 12 -79 19 -78 -53 46 -68 72 86 -66 96 -77 34 -50 33 83 70 85 -77 -56 -71 -63 86 87
-33 -54 -24 62 43 73 56 44 11 30 -83 5 -63 -87 6 36 -20 -29 -100 100 -97 11 32 -1 85 -87 68 -31 90 0 92 -47 -89 90 54 11 -4 40 -50 -12 33 49 -55 94 27 -23 -49 48 5 45 -43 15 56 -11 68 51 80 -17 -37 100 -17 -15 80 100 -82 4 -54 79 21 -31 -29 35 -5 -85 92 36 80 -91 -20 -39 -66 28 -65 -79 -1 73 9 -57 3 -47 -95 -97 18 -85 23 -63 65 -17 33 73 -13
33 -23 -43 -22 -61 -3 -63 -100 1 67 -36 -68 86 -87 -54 16 -17 -65 -11 -75 -6 25 4 -20 -60 98 19 51 -29 -63 -65 93 50 -36 10 -57 -38 28 -79 -65 16 80 55 42 9 -67 -46 -22 -16 85 -30 -24 0 -96 -41 71 66 -9 -82 30 -76 -13 -11 -2 -94 9 29 77 82 -43 23 33 6 -65 -22 4 59 -57 -4 -51 -99 52 92 14 -84 -72 -92 -96 57 22 81 75 -22 88 1 -66 96 6 -87 -19 31
61 86 94 -72 92 -85 -32 -74 59 -56 4 -97 44 50 59 94 58 16 -95 -82 -82 -19 -73 -62 -31 -43 32 -86 38 39 -79 26 -98 2 -51 4 -14 -91 -51 -72 -97 -96 -1 -41 73 -13 -25 -26 64 92 47 -6 38 90 -51 21 -31 -66 -15 44 -7 52 -55 89 -88 72 35 -32 -51 -82 -56 39 51 -62 -86 -73 -74 -22 52 6 48 64 -67 75 98 -4 33 -68 -26 -54 -15 -28 43 14 -9 -33 -75 -34 -74 95 -76
14 20 64 -7 -10 -37 -11 -29 66 71 68 -39 49 -35 67 22 86 96 20 -67 17 100 -11 -96 63 65 85 88 -16 -7 53 -18 1 -96 11 -36 -100 -72 -91 77 62 -75 82 -51 -47 12 71 -53 21 -100 -58 57 70 67 -37 62 3 -10 -73 44 33 17 -44 -24 43 52 16 93 -97 93 9 -17 -42 75 1 -10 -68 72 72 -36 -99 15 -78 -4 -60 -95 -77 -90 25 -53 70 35 49 87 -69 41 84 -96 -23 -28 51
33 41 53 -89 93 67 -72 -46 -4 -78 64 14 16 73 51 -59 -69 76 12 -6 -82 3 71 64 -59 -37 -58 49 32 -87 -21 64 90 100 -35 90 60 -1 18 94 75 -51 -21 13 -23 84 -75 -18 54 56 85 22 -14 73 -78 -17 74 23 58 -43 32 -72 -77 -57 -44 58 62 21 79 63 -34 -20 -28 61 -75 -15 -86 -60 97 76 -10 12 -37 -96 -39 27 -64 -34 57 95 27 -7 -69 67 -76 -93 68 -32 6 -75 -92
-45 -48 -27 64 54 -60 -26 -61 -2 -96 -20 71 86 20 24 -24 8 -44 -33 86 40 80 -12 41 -42 69 55 -3 -8 53 76 48 62 64 1 -88 -5 -66 -86 -23 -68 -35 42 -8 25 -88 -92 -56 -86 56 -26 -19 -3 66 3 30 -42 -29 -16 -74 96 12 23 57 91 81 21 -11 -74 62 -7 32 -67 29 -66 -74 -30 -85 77 10 96 -48 -45 45 57 95 -59 -68 -27 -83 -81 -98 -58 -25 -76 26 -85 -44 -45 -12 -2
-42 -40 -100 -92 -14 69 93 -22 59 13 -95 26 -5 100 1 44 -97 41 -52 81 72 77 17 8 -82 -44 -30 -51 -4 100 20 -90 64 89 88 -7 0 55 -96 -28 -66 81 -22 87 -98 -61 46 -1 -74 -7 -60 38 58 93 -53 -29 -25 91 -24 87 10 -20 -56 -47 -6 67 -72 -80 63 10 47 73 64 64 90 5 -36 -54 -76 -84 51 47 44 51 81 54 39 99 4 61 -94 54 54 28 -71 34 10 -5 -80 -23 -87
-5 43 100 92 -98 87 -21 -44 -59 74 40 22 -98 -25 -18 -26 -71 -36 -80 -40 69 -8 60 -6 72 69 73 2 19 -57 -84 -71 15 72 -59 59 -93 32 -81 -95 -13 -51 -12 39 -83 -86 -75 25 15 27 42 52 -44 87 43 6 15 78 -12 98 58 50 -100 -23 59 10 38 75 4 -74 -37 46 90 -26 30 66 96 -95 -10 -73 -51 -9 -64 85 16 65 88 -92 3 51 -97 45 -77 -1 20 86 74 23 -91 47 76
12 -84 28 14 11 -32 -46 65 -44 -85 23 54 23 94 -15 18 15 63 54 -42 35 67 -59 -93 58 -87 -60 89 29 -17 44 19 23 -96 57 -32 70 -59 -2 95 -87 -55 64 -43 82 -19 55 5 -16 27 97 49 -82 17 31 0 23 -81 -12 34 41 -36 31 -33 -56 -70 -43 31 -35 38 -11 -26 100 84 -4 -53 28 67 -71 19 -53 14 -5 42 -86 -16 -33 22 95 -50 -34 -98 95 31 -51 49 -86 92 -49 -91 -50
-66 24 -49 95 -38 -25 -27 12 -2 78 -90 8 -22 98 -63 -79 -39 -28 -15 -96 -48 82 -19 33 -10 41 -22 -15 -77 49 -79 -40 -50 -29 -25 32 33 60 92 69 68 25 -94 96 80 25 16 87 -25 36 -10 -91 72 95 -17 -82 94 -2 -64 57 46 66 71 -12 -100 87 -65 54 27 -92 -68 -62 35 -63 8 -97 41 -15 -88 32 -78 57 0 -58 17 88 -23 43 1 -34 -66 70 64 29 25 40 -37 -57 79 27 -81
28 -35 31 -44 -44 27 -42 39 41 -76 -94 91 68 96 18 -82 -37 -21 -23 47 35 40 68 76 26 -43 31 -79 42 -35 -98 -51 61 -43 91 66 19 -55 -7 -71 -56 -54 -15 -31 -99 -63 -9 -41 -21 -13 -97 74 -82 -13 -25 71 74 81 46 -83 -48 57 -18 -15 -27 98 -77 -27 -9 45 -91 -86 -69 -78 -20 48 21 31 51 54 68 -57 36 -12 0 -78 75 -18 -100 -87 25 -100 -35 -46 -35 -38 50 22 -29 -47 -31
-5 -62 -34 -63 -53 2 11 -63 28 -78 -34 -98 98 73 20 45 79 3 60 -62 52 90 -21 -44 -5 92 -2 -4 28 41 9 -47 -63 98 -72 7 -7 -15 43 -9 70 -38 -22 73 -99 30 -74 27 11 -18 5 -11 -22 -26 98 -24 -10 -58 -77 59 -25 -82 22 87 46 -75 -98 -21 2 38 -40 92 -12 -27 -85 88 -24 -13 88 54 -96 94 38 -30 -68 79 -23 24 57 -86 -84 58 59 92 -3 -42 -75 36 -8 -69 -59
46 7 83 -5 -51 38 -54 15 -63 36 85 14 96 -54 3 83 83 -69 -10 98 94 -30 50 -98 12 21 73 57 61 -46 53 -94 -45 88 20 -73 72 -93 37 80 -76 9 -3 -35 60 27 99 -100 18 -34 82 -61 -57 -8 -53 -3 -33 42 56 50 -12 -87 -42 -41 81 95 79 -76 -19 0 -11 -78 -69 91 46 -10 63 -52 61 -6 -14 42 13 -57 -5 56 -21 19 -70 75 55 -69 -2 25 -3 -99 -37 -39 -43 71 63
58 19 13 -49 -96 88 63 -65 -9 9 51 47 48 -19 79 79 73 30 60 -36 -87 75 93 14 43 -97 95 -85 23 -61 46 63 86 -93 -78 81 76 43 62 81 -96 18 59 -95 28 -52 23 14 76 -40 -68 16 -61 57 -56 -82 18 -44 -43 99 -2 92 52 -98 -10 100 0 -14 -93 61 49 32 61 42 22 27 15 100 28 85 -84 -87 46 -2 -100 56 -70 -72 71 -26 -94 75 13 -80 -85 -62 -77 -37 -88 97 -51
-21 41 -52 -1 86 -17 -70 19 56 -53 20 -64 69 14 -44 -28 -18 -78 98 -92 24 95 96 7 -60 19 16 -27 51 -99 78 23 41 58 65 85 -86 67 87 -38 86 27 -97 67 20 36 -97 -62 -37 27 52 -64 59 57 -59 -2 -55 12 -88 -36 -17 -78 9 92 -18 -72 -76 42 -74 -14 95 -14 -87 66 44 21 85 71 -53 -85 14 -36 -96 2 -62 -73 -31 41 15 12 -98 -59 -38 22 62 -50 -98 -70 -98 56 -84
-78 86 34 45 61 80 78 -22 -4 -86 56 56 -68 86 -92 64 54 -71 76 -61 -85 -35 -85 61 -89 -38 -7 -55 -32 -36 42 18 -43 12 100 16 -93 -12 -73 33 12 -94 -83 40 35 -94 -92 7 24 40 -61 -19 -63 45 20 -93 3 87 -18 87 52 -33 -85 -30 73 -81 -20 63 13 93 -45 97 4 80 -14 66 -79 -61 41 78 26 59 -21 75 68 -100 70 -69 38 -60 -13 -28 81 19 74 32 25 39 -73 96 50
-79 22 96 70 78 71 -34 26 -48 -7 32 33 15 72 -90 83 -15 82 79 43 -60 13 35 38 33 19 -13 -57 -74 55 -30 11 -73 -34 28 97 50 16 -70 -43 -51 26 80 52 -6 -67 54 2 -44 -2 28 97 -20 15 -61 -22 -42 75 -5 -28 -85 73 -32 82 -66 89 -77 67 17 -40 36 35 -25 49 41 72 -6 88 1 75 -19 62 71 57 74 57 -80 -77 42 -74 -88 -40 53 38 -33 36 -23 -53 -18 -70 21
62 85 -11 57 -92 37 -7 -96 37 -26 91 50 97 24 63 -4 -17 84 -94 -85 72 -8 -37 -92 38 4 -77 -64 -13 20 54 95 24 -33 91 -6 -69 66 -24 95 -85 -74 -63 89 30 11 -50 -73 -9 1 -61 -83 29 17 -40 -59 -99 72 19 39 39 92 -52 -86 -95 23 -30 21 16 -3 -4 -17 14 60 -91 -64 -82 -88 -63 -11 -32 1 75 -12 -85 93 28 -55 -72 18 -39 -50 -68 -95 96 58 -95 -76 -85 4 86
-3 -23 89 2 13 -7 25 -35 9 -38 -31 93 62 87 12 -18 79 39 89 -100 -97 -2 -21 -88 26 8 -10 77 15 -75 28 -87 -52 60 -62 -53 64 83 -89 -28 27 -81 82 8 92 75 -82 75 9 -11 -48 84 -93 84 58 -66 -18 -68 46 -20 -22 -20 -100 -56 -70 76 29 3 27 -17 54 -40 -7 -84 -40 48 20 -48 -76 87 72 -78 11 3 90 99 63 -52 -71 -38 -82 -76 -22 -80 45 41 91 -42 81 55 -64
12 83 18 -67 76 12 -100 53 -18 47 -39 66 67 -88 68 -9 91 93 -9 87 45 55 44 -17 11 -62 92 -95 11 62 20 -89 81 -49 40 12 -88 -95 -40 7 82 -3 -96 -48 -41 85 100 -71 -77 -100 49 42 -91 -65 -59 -51 99 38 45 -34 -92 -90 20 -17 17 -93 -42 33 48 68 19 47 -58 61 -22 66 95 -17 -39 71 52 84 -68 -19 78 84 -4 -72 93 -54 91 87 0 -61 -88 -3 52 3 -62 -43 43
-47 14 40 -58 -29 -18 -87 -29 -21 100 -94 -5 -41 83 -90 45 -17 -90 -66 82 31 -76 -79 -28 43 -63 -17 -58 -80 90 -63 -31 38 -82 -65 94 0 57 -15 -62 -61 35 98 10 -49 -13 54 29 -52 4 -51 -52 20 -69 -8 7 -91 73 73 -59 -15 31 -13 -33 29 -26 -72 79 24 31 40 78 -16 87 26 -41 9 26 -82 -34 80 24 -3 68 -1 34 -16 12 -60 -92 33 -87 -17 87 56 -74 -33 -66 62 -27 -60
6 5 49 -22 59 -10 -62 38 -15 90 -42 -91 -52 90 1 -63 100 51 57 99 -67 -9 21 -69 -100 87 78 78 26 15 -69 13 -5 -50 93 15 -32 -56 -48 -11 82 -63 40 -42 36 -10 56 39 -14 81 40 11 46 100 -43 20 10 -11 85 27 25 54 -5 -86 92 97 86 9 20 11 -28 50 62 -53 65 -14 -88 58 -82 -71 -66 -14 5 -37 5 50 60 36 11 40 -65 -15 66 6 87 -93 10 -11 -82 -14 13
45 91 -9 86 -65 -4 -77 91 -5 -41 -10 53 -94 45 -27 44 -97 -52 59 52 36 37 -43 48 -69 -89 42 -31 -25 -54 100 -58 16 59 85 38 85 33 94 72 10 80 30 52 16 19 -91 -82 -79 -94 -16 36 15 -27 52 88 28 50 24 15 -88 88 -22 -25 73 82 -52 31 -16 -31 69 34 -16 82 16 75 -85 60 -73 26 -37 -68 -99 -71 6 -59 52 56 -66 9 -76 57 83 -97 -81 -32 88 51 98 40 15
36 13 -88 23 13 -59 73 -23 -18 76 68 6 97 45 9 -68 54 56 7 5 93 63 85 -75 -41 93 34 62 -46 -63 71 43 6 -90 -6 -19 -73 -24 60 -93 94 -5 7 -83 81 -70 -13 -62 73 -31 -71 49 40 79 72 10 43 -13 2 87 11 16 7 98 4 -24 69 26 61 -1 65 27 19 94 76 58 -77 41 -48 -51 -45 54 34 -29 -26 15 45 -16 49 -39 -16 -94 53 85 60 53 -76 17 79 -63 -6
97 -25 -31 -60 -38 -72 58 -58 -75 72 -81 -84 66 42 86 54 -67 -15 10 -88 -42 -91 -16 -11 -65 -68 91 -9 -4 5 -45 82 -17 21 -54 83 69 4 90 -6 -67 72 -23 62 39 72 40 57 42 58 -74 -66 10 -9 81 19 -98 64 -3 51 -31 -51 -56 -17 10 -72 93 -1 -33 -65 -1 32 -4 -82 23 -3 -76 7 9 44 -47 50 -24 99 -7 -5 -94 62 -71 -20 31 91 57 -60 26 -93 26 -33 68 -34 30
-31 77 -27 50 -36 -39 -88 -38 -39 -26 76 -67 -8 -70 82 -41 -92 -48 81 -23 -23 -92 -43 46 39 35 -61 22 39 80 45 49 -69 -63 76 -95 3 -79 1 -61 48 -22 85 -87 1 83 -93 53 51 -90 36 91 76 37 -8 56 -18 76 -21 -60 -1 9 14 100 3 -13 -27 -41 -82 69 -8 -73 75 -83 53 -80 -97 -86 -75 76 32 25 55 -31 97 -66 43 77 -19 -28 18 -95 -35 -56 -18 -22 -80 -38 -85 2 80
87 58 94 -4 -35 -20 -13 -73 95 -48 -82 -77 -60 -94 -45 -17 -55 -11 -33 -58 24 88 57 -43 -68 62 -88 -66 90 56 -77 41 -16 -63 90 15 1 -86 -16 39 42 47 -3 -23 14 -56 -43 37 -68 -53 7 -34 1 -38 6 7 16 37 27 -45 -47 75 -72 100 26 -86 -79 -38 67 41 28 58 20 49 46 -37 52 -40 -45 46 -8 82 6 68 68 -6 22 -100 -36 17 88 84 -74 44 -33 89 -88 -13 2 54 8
0 -74 76 -23 -6 0 55 -2 -19 9 48 11 86 -86 41 -71 52 -73 71 -12 -17 30 97 13 68 -80 -30 50 -53 16 -29 39 10 -84 42 93 25 -17 -39 67 42 -84 -21 -91 54 60 -8 -53 -96 -49 24 47 98 -39 -94 -92 40 23 79 -65 -12 -93 93 17 -65 -55 -100 15 9 -5 -19 -9 4 84 6 44 14 -43 23 22 -68 37 -54 -88 23 60 32 -39 87 -50 -41 63 -35 15 -9 78 -66 -11 -5 91 27
1 29 92 32 -68 -36 -65 92 63 75 -54 -12 78 64 77 51 -61 25 -44 -19 66 66 -23 12 -22 -76 94 -66 -56 6 50 -83 -66 92 22 -19 85 -6 57 -51 -73 7 44 -49 96 -15 53 -65 65 -61 -52 -44 57 32 56 63 6 73 46 -90 70 -27 -29 -3 -63 77 80 10 32 -70 -32 -35 -52 -39 -74 68 98 14 90 59 -58 73 34 73 -50 -99 79 -94 -61 31 58 71 57 90 -26 -20 -52 -85 8 74 65
96 15 -94 -67 89 -59 31 89 80 87 -69 92 -48 27 -61 -80 -65 98 -67 -36 26 9 27 63 -3 18 -24 -78 44 98 -87 -71 47 19 15 -19 73 -13 -68 -2 97 80 -81 53 76 -54 -41 -1 -16 44 94 21 -67 92 99 78 -55 -2 32 -75 -79 39 93 -96 53 100 82 -38 -48 78 -12 -31 87 13 -70 14 33 -98 -26 -58 30 73 31 70 -48 -2 -71 16 62 83 -58 -84 38 43 24 38 45 -48 64 21 65
59 -91 20 92 57 -95 -46 -43 10 42 95 -3 -9 55 -83 30 86 6 -98 39 -79 -88 -16 -29 -43 -84 -79 17 -65 4 38 32 29 30 53 72 7 69 92 -13 67 65 17 13 69 43 -2 -43 24 79 -53 61 -72 14 46 19 -34 -41 86 8 77 57 -59 -7 -74 -100 -85 76 -77 66 -14 23 -53 32 -84 0 12 33 -63 -63 -45 -13 -28 16 93 24 -91 -96 19 21 -22 31 37 8 -92 -65 -26 25 -51 -47 -88
-37 10 -84 -55 56 -100 -57 -45 -80 -76 4 23 2 3 75 29 -23 79 -82 -90 81 -9 53 99 55 80 -74 -51 68 48 -28 -43 -1 43 -35 52 -54 0 63 -83 -2 98 75 -3 -57 -6 14 1 -79 65 71 97 20 -69 15 75 -26 30 -92 51 -10 -86 -40 91 2 -29 25 -86 58 -83 64 -41 -28 89 50 -75 3 97 69 -39 93 -55 70 22 74 56 15 12 -17 -98 29 -69 76 52 59 -91 70 -30 -39 -5 89
53 14 39 93 -41 30 -58 -32 70 -59 54 -76 -40 -37 -64 24 42 -53 29 79 -78 86 64 -49 88 28 94 -52 29 -70 22 -85 -13 -31 10 74 -72 73 29 24 -86 9 33 -50 49 94 43 -19 -16 12 83 61 50 63 80 99 75 -55 -26 -36 85 -17 88 -66 95 33 -37 -58 -22 -49 -67 0 -2 8 44 83 26 -52 -30 -24 66 -69 13 16 -31 91 -92 -50 31 12 -40 -69 -60 -70 52 -3 62 6 10 33 66
-8 41 -12 39 -19 -33 28 58 -87 -62 -35 -9 90 -4 96 62 -92 -11 97 100 -51 -21 -4 56 9 8 73 -74 -53 -5 -93 10 73 -45 -33 98 57 -1 12 -37 92 -42 -28 -34 -11 -8 57 -4 -95 17 61 -27 81 54 18 22 -10 36 87 89 82 91 77 30 72 -42 -72 47 -15 83 -35 -14 7 54 -89 38 17 -6 100 -40 38 -74 7 75 -62 -61 51 6 -77 100 36 -62 19 90 -74 32 74 -80 99 -80 95
58 48 85 18 -71 60 37 -67 48 -34 3 55 56 -60 -1 31 81 87 -14 -74 -17 45 -93 -42 98 44 -26 78 9 21 5 -73 74 -84 60 18 74 -100 -37 -41 -50 -58 -41 84 -20 -70 -67 90 -77 97 31 34 71 -3 50 -22 1 84 -6 -79 -2 -61 -90 44 53 29 14 -36 -90 -19 -26 54 50 -13 -48 57 5 6 22 -37 -99 -58 -33 83 -87 43 8 -61 26 13 26 51 50 -17 57 59 -6 -91 -9 44 81
86 83 60 87 -90 -98 -87 -61 39 23 -10 88 -43 29 3 -55 -65 -35 73 -91 81 83 28 -46 -10 -39 -76 56 91 6 -87 76 -9 -25 2 65 42 94 -22 -79 -96 98 27 50 -88 -32 9 -30 98 24 -86 -8 -37 86 54 7 -62 10 67 -20 -20 33 -19 -32 -82 -94 -33 72 41 54 77 -62 92 -70 -75 53 -22 -6 49 73 66 83 -54 67 34 -17 17 73 88 -90 57 -21 -87 -14 50 33 68 -57 -14 -45 87
-38 -11 -78 62 -30 -90 75 75 -90 -7 48 76 -42 -15 98 -35 0 37 -66 -98 -40 -29 78 -30 54 -64 35 -82 -53 -50 -81 23 -29 -51 -9 -48 74 81 19 -82 -41 -95 -18 -90 -28 -26 -59 94 -42 16 0 -79 -63 -9 -54 -15 58 -56 -84 -13 -58 42 -60 -30 -47 -63 79 40 -73 35 20 30 36 75 83 16 69 50 7 49 -12 -65 -54 -85 -82 44 10 38 14 82 97 27 -68 -64 -50 -29 44 -34 -43 6 82
35 -57 -29 -10 17 -29 -98 59 25 8 90 -22 -96 -72 81 -65 -96 1 86 -12 12 -40 50 92 1 83 47 -42 -36 99 -72 75 27 25 93 -32 -22 -72 -52 45 -23 8 36 -41 -69 61 -92 -4 36 77 6 22 95 -40 -40 -58 -2 95 87 -98 86 -17 -70 -99 -19 12 -93 38 86 -51 -22 13 -78 -79 85 2 74 35 -39 -98 30 59 19 -29 -63 4 49 -15 92 -10 -9 -60 73 -69 -60 -31 56 59 17 -49 80
-28 -75 53 -87 23 -33 80 -87 39 -63 -57 -96 16 -9 40 44 27 6 75 75 79 42 68 33 11 -53 42 -66 -39 58 92 -67 -30 -45 77 -51 86 81 96 12 84 24 -2 -35 54 -90 -42 41 51 73 -56 -67 -44 69 -26 -27 37 -74 5 -74 -64 9 33 2 90 99 -89 -68 -67 43 -23 -65 -78 -97 72 4 -11 9 93 57 60 40 18 -46 -13 92 -19 18 59 89 25 48 100 45 10 57 35 22 -25 -62 0
-14 -46 34 31 -38 -28 90 -67 -23 -88 72 -51 -40 -32 99 78 59 -16 36 -13 -87 92 84 -55 21 -21 -28 43 44 4 53 45 44 85 72 58 -15 27 10 68 100 85 -21 -81 72 -5 23 -40 -88 -52 -4 27 -3 -30 27 -81 -26 -79 65 90 19 -59 39 13 75 99 49 -50 57 56 -100 -86 33 -8 -69 -41 84 -85 -33 -23 51 -33 35 -90 -54 -48 -16 -34 38 65 83 8 15 30 86 49 50 -47 -26 54 -87
10 31 -7 -63 -28 14 56 -65 80 -20 59 -14 -37 -64 -73 -14 17 85 -54 -29 0 20 -73 24 -63 -12 -52 41 64 -41 86 56 95 -14 1 -52 53 91 46 43 90 -42 -78 4 -33 33 70 -39 69 -26 93 -11 70 7 -85 88 43 55 -85 71 2 33 -92 21 21 -16 96 -7 -29 0 -49 46 -6 -21 -58 -100 -35 43 -35 -19 -10 22 -89 44 -32 79 -12 65 4 -57 -9 38 -85 16 -75 -100 43 24 -50 5 99
-55 0 45 72 -49 41 -17 19 -91 -22 60 87 -31 -29 41 28 -19 -25 -24 -40 -22 -68 9 27 24 21 94 53 50 74 69 20 59 -78 -45 -45 22 37 -63 86 23 -19 -70 -66 -43 72 -100 18 -1 -56 99 -28 72 0 -65 73 44 -40 -13 14 74 25 19 47 -2 -66 -3 -24 15 72 30 -11 -94 97 7 -18 77 62 37 -63 68 14 6 57 29 24 -30 12 15 83 -83 -63 39 56 10 27 -48 0 -73 -24 10
0 76 -63 -41 -31 29 62 4 73 16 80 -7 49 32 46 28 -19 8 -67 37 62 67 16 53 -46 -54 60 -27 -84 0 97 95 -83 -72 7 -63 -33 31 -72 74 54 73 -28 68 -10 72 -96 -30 14 75 30 -84 -22 3 68 -61 -68 -29 70 71 10 -19 87 -34 -59 15 27 41 77 35 -8 91 97 -44 -8 -50 50 5 -46 25 18 75 -81 -91 57 -38 -27 -63 -36 43 35 63 -24 -5 -68 7 -16 90 -82 87 -35
75 -75 60 41 -36 -4 99 88 48 68 -38 16 68 -40 -84 -17 -80 -39 51 -92 -42 30 -93 22 -29 -6 -36 -60 -58 21 -38 29 -79 -48 -14 -90 -28 79 -58 -69 3 51 -86 59 -70 93 15 21 95 -21 4 31 86 95 87 83 37 -52 29 -9 -66 71 25 -5 -11 21 84 50 15 -60 28 45 79 -56 87 -77 -54 -97 98 79 31 70 -65 10 71 47 51 -45 13 -59 74 21 9 42 67 -15 9 -64 63 -11 -4
-48 -79 45 55 69 22 16 -81 -30 -99 -12 25 28 22 -78 91 27 31 -94 -57 24 35 -6 72 53 15 -48 79 59 -20 -50 -63 83 87 12 -94 -16 74 39 74 66 -85 57 -78 35 45 -64 -8 -67 10 -72 7 80 -28 -52 87 67 45 15 -35 36 -83 74 48 -93 54 52 -32 32 -64 64 96 -73 -12 -21 7 -62 -48 -99 -64 76 -70 -1 -29 -45 -87 -85 25 -35 15 50 -87 85 -52 30 -33 -88 15 50 -71 5
32 81 25 60 -36 -3 82 -32 -100 64 11 -9 -22 -45 92 77 -79 -65 -4 95 -82 -99 -2 -29 -96 100 28 -19 -71 -59 1 -49 89 27 -43 -63 -50 -9 77 78 -69 41 4 -54 -44 -81 -54 32 -34 96 -57 -2 -14 81 -55 -95 18 -39 -15 -17 88 -27 93 -38 -37 -55 -60 7 37 -31 2 95 -33 98 88 78 -70 -73 88 -46 75 82 -62 -5 -18 -23 -68 87 95 -62 -15 -13 2 34 52 -90 -35 -55 94 75 31
64 77 98 -84 61 40 -94 -94 23 -69 29 -60 2 -76 -5 8 -86 -44 65 52 -83 64 79 -66 -32 52 31 58 -42 -6 -65 -20 76 -93 -59 -72 -62 -12 -75 -11 46 25 13 -55 16 3 67 49 -58 46 85 1 -74 24 -61 -90 0 33 -26 -42 -60 -91 -41 -36 76 38 -83 -44 -98 -15 -46 53 20 22 -8 -35 -40 -92 46 -93 -20 -69 -5 -85 13 -36 -54 -5 -12 -38 -71 27 3 -21 0 -58 33 93 8 -26 -69
-93 -39 -25 -3 -39 -79 39 26 94 -35 9 -71 4 -80 -92 -43 -87 -22 11 -49 31 20 85 16 61 -53 98 34 -95 -11 -58 45 16 -31 18 -23 -3 79 34 78 78 -42 -34 9 50 85 -64 -26 7 -54 16 -21 -32 -76 -27 90 -26 99 -20 -59 -91 -1 49 -7 64 -80 21 34 44 8 81 17 -95 -84 -8 74 33 39 -55 -7 -26 -25 -62 -48 -42 59 -13 -22 88 4 2 82 -77 -52 89 -63 90 -90 60 25 13
-32 -24 -100 51 1 21 44 45 -48 -65 7 49 -45 -23 -73 -67 -61 38 -76 -98 -70 -44 -5 98 -11 92 -83 46 2 -18 -46 8 -43 26 -84 30 -1 54 -55 -13 -56 -1 -24 -82 -69 -35 -18 11 -98 -15 58 81 12 77 -34 9 -61 71 -33 -76 -45 19 52 -69 13 58 21 91 -97 21 -69 -34 17 18 66 69 26 90 -1 66 17 -2 -49 -57 -83 -32 -67 3 26 -12 -22 -81 -22 98 62 58 7 -52 -7 -52 -31
87 23 -79 -10 60 -12 -56 -59 -14 -95 -92 99 20 -44 70 -29 -65 -70 66 35 94 -41 -21 9 -2 90 32 -3 56 82 21 39 69 98 -21 -32 -53 98 56 96 -27 -83 -13 45 -64 49 -44 -45 85 -31 -51 68 -7 -16 13 78 36 67 -46 1 57 75 36 31 18 -4 21 85 19 94 4 -35 -47 -59 -20 -98 79 53 -36 44 -94 -68 -62 -63 25 15 -69 -27 54 -54 13 -55 97 64 -93 82 85 89 89 95 -87
27 25 -52 -20 14 92 12 -35 -78 -43 9 34 -80 18 31 72 -12 63 60 92 -53 82 57 17 94 82 90 39 -93 -58 -94 -44 25 -41 39 77 -49 -19 81 66 71 -23 -45 -80 80 69 60 3 -18 2 40 -74 88 -67 95 25 -42 27 -39 100 -92 93 86 96 -18 87 -55 37 -58 32 5 -21 -89 -64 -89 80 65 -12 -34 1 -26 -66 80 -40 48 -27 -19 -39 -91 37 34 -11 69 27 -82 2 62 78 -53 45 15
54 -10 -36 2 -12 81 -73 67 75 22 40 -53 35 -28 -12 -84 -89 -99 66 -90 33 -21 -63 -46 -98 -98 -39 94 -84 -32 -97 -71 -45 43 91 -89 60 -74 -68 93 -88 5 -78 -3 38 -30 33 -51 1 -53 -48 17 11 -67 68 -94 -27 -27 -91 -63 -41 89 -23 -51 -38 -23 -66 -99 2 -58 23 -33 -98 84 96 23 -5 -49 -82 -76 43 -81 -20 16 3 -16 51 13 -33 72 -33 82 96 -20 -97 -61 -90 97 -57 6 -35
-82 79 -16 84 -95 59 -19 54 -87 86 -83 -45 32 -98 9 61 -68 -42 -81 86 66 -20 66 -73 -25 -89 -48 -24 -93 31 88 -26 38 -7 -78 -16 81 59 8 -27 65 -49 -1 -87 -52 -21 -27 46 83 -70 74 -68 -76 48 -53 -88 53 -55 41 -11 27 77 -69 -82 15 -70 45 -96 96 -55 -64 -17 45 64 -99 -23 13 -67 2 -61 34 -34 55 63 -2 -97 -80 -67 8 -23 46 -85 3 -77 28 18 -50 81 93 22 30
59 -91 53 65 -8 90 -61 -74 -31 50 58 27 11 -31 -27 -38 22 56 7 -83 -57 -76 -32 46 53 53 24 36 54 4 95 31 -55 -25 -10 88 -62 -30 -82 -57 83 34 12 -47 -41 -25 -61 87 63 -64 -100 49 -47 -6 51 -74 33 -16 -17 -83 -72 32 36 85 -47 30 11 -3 -67 -24 -67 -13 24 -48 -74 22 0 73 -3 -35 -43 74 -19 29 3 25 -30 -15 22 46 -77 -77 -26 95 -84 66 59 -65 -43 42 79
-90 -4 17 -12 28 14 -82 -24 80 53 18 -32 -12 -24 -42 -5 77 -33 -54 -73 93 -90 67 47 76 61 86 -47 100 -96 75 -90 50 -11 -57 53 58 -27 -26 51 -75 -48 50 -35 -75 50 -81 21 -61 9 -18 3 -89 7 -61 -53 -3 -85 73 -97 80 24 -15 47 12 12 7 -20 20 68 46 -74 67 31 38 -63 20 -65 -47 19 -69 -11 2 66 31 -34 9 -57 92 34 -54 49 78 -84 63 40 32 -72 60 58 -71
-9 -46 -48 86 49 -67 -2 67 14 -94 -29 -37 41 90 1 99 99 -86 -22 -53 -22 -26 -40 -16 -9 -36 48 81 -46 85 -65 -91 -28 -91 24 -54 33 41 16 69 -42 -2 58 88 -81 -97 -65 -95 12 81 -73 -36 46 -92 11 -5 44 -53 -86 -64 -7 98 -87 92 -83 -16 31 100 -90 -80 -84 5 15 22 99 44 -81 -40 90 -64 -69 -90 -23 38 14 16 -94 -12 41 -71 24 67 25 100 -8 -49 52 35 30 -30 -67
-77 85 8 -57 -35 78 -23 99 2 16 -22 37 -95 25 -68 -29 -50 53 45 11 -72 4 -27 -32 36 -2 -24 34 72 54 1 -29 -67 -30 72 18 18 -72 6 -15 26 -10 -48 -53 7 10 -17 86 57 -38 65 -15 -61 -25 12 5 84 36 91 -52 2 92 8 -47 -63 58 -73 -92 58 49 -97 -48 9 -61 -80 -37 47 -4 -44 92 69 44 -63 51 -43 -8 -49 -19 10 -51 -86 51 -43 -29 -61 -55 -41 -23 -53 11 -99
-26 -66 100 67 83 -74 34 -24 88 48 48 -50 72 -62 -87 -94 56 -42 -60 92 -81 -57 -51 84 -90 -24 61 81 -97 -97 11 98 -81 60 -39 2 17 -32 61 32 94 -33 87 6 -76 -36 9 92 80 73 -15 53 -71 -94 41 -38 35 -69 94 -10 32 -17 25 -21 27 -64 11 29 -75 60 6 -33 -95 52 14 64 7 -11 15 80 3 12 -70 -75 -85 -34 46 -89 -41 -60 -30 -4 51 92 -26 -49 31 -39 -62 55 40
-8 12 78 70 -23 34 -92 -44 -42 -16 38 40 -72 -77 -25 32 -75 -32 -32 17 87 -5 8 57 -3 -77 6 -95 92 48 -4 -30 41 -6 -23 -21 -46 -38 -13 71 -64 4 -19 -99 -27 -32 -78 -42 -52 17 -40 -83 16 -26 46 15 -64 30 71 17 -65 -82 -19 16 97 27 -81 -14 62 -4 -37 -60 19 -75 -4 -1 50 -55 63 20 16 29 41 86 -74 -56 65 39 93 -16 -37 -18 -3 48 72 86 -17 6 91 62 91
-27 89 68 72 21 36 81 -10 -7 -83 -43 -53 25 61 81 -52 -36 -13 -16 -35 4 34 80 -19 99 4 75 -16 18 98 -45 72 98 16 -82 -83 -78 49 54 46 43 85 -25 73 -93 51 -90 11 -56 -46 -58 28 7 72 59 -83 46 53 90 99 -16 56 98 25 -15 -86 57 3 63 -75 -81 46 70 84 -16 75 33 40 69 100 -51 39 -93 -7 -93 -24 24 52 -18 19 -49 78 -34 84 -91 20 -82 -34 -14 76 49
22 -81 -65 -5 65 35 -52 93 -66 -37 70 -56 51 12 87 -85 -89 75 99 100 -95 8 30 -23 -12 56 -65 37 -53 -52 -16 25 -88 74 -57 -34 -29 -94 -53 -16 -71 40 -34 78 4 65 -44 -67 51 -57 -43 15 -38 16 75 -69 -100 -44 -73 -13 25 -96 -43 50 22 -18 -40 -36 32 22 5 -41 87 95 -89 5 -86 -34 -38 47 -100 -93 53 -34 -56 88 -23 -37 28 -56 -70 57 42 63 2 4 -61 -55 -45 30 36
45 -70 -55 10 84 -68 23 -20 -41 -14 91 -56 -10 1 96 28 11 8 -46 -91 86 6 -51 -88 -89 -46 -74 90 -74 -46 -64 96 -79 -4 -97 -5 -34 30 -71 71 -7 28 74 17 -93 76 40 84 -42 77 51 -63 -37 -36 35 -8 51 62 83 -34 -7 -38 -100 64 32 -65 -96 29 32 -70 -65 83 -35 81 94 73 -28 -18 28 -27 1 74 48 29 95 -36 -19 47 89 100 -93 18 46 -26 51 61 -80 -48 -69 24 40
-35 -46 -14 13 2 64 90 -89 70 -73 9 18 -48 22 -55 -90 -92 5 -82 -97 -48 -38 51 -30 27 -44 72 81 8 57 79 -67 -9 -22 87 -38 99 81 72 42 37 -14 -41 -4 -75 62 -63 -15 -5 55 -64 -54 49 -82 85 20 26 74 3 94 -33 -82 100 55 -68 88 34 88 86 -50 -62 -7 -70 50 0 -52 -39 18 -39 15 -76 85 -71 77 -71 -24 -82 20 99 -15 87 -22 59 -48 50 -21 -89 -83 46 48 -58
-24 -58 25 -63 87 41 39 84 -63 -19 -73 -19 100 57 -24 75 53 -30 -27 -2 -59 2 43 32 35 83 85 82 -22 -52 41 -84 45 76 14 13 -80 24 -12 54 0 30 -47 65 30 94 4 -96 -53 -59 -32 -44 98 -45 0 -53 -89 -11 -54 -32 -74 39 69 99 -34 -43 95 83 -1 -42 -54 -22 43 -50 83 65 -52 -42 64 98 47 5 9 63 -72 -75 -86 10 57 22 -86 88 62 27 -67 53 59 -1 21 -91 15
84 17 -10 75 -31 83 -29 80 44 -15 39 -28 -79 -93 74 -79 -39 -15 74 -4 -29 -69 -44 48 64 -66 -37 96 24 10 90 -37 -53 -56 34 1 -81 -65 -92 89 93 18 96 -41 -58 -9 61 -71 93 -37 -79 6 -60 -37 -79 41 -6 -99 -21 50 97 -66 2 41 -79 -5 -91 -67 -41 -46 63 -98 34 63 39 -21 14 47 -85 -22 97 -56 -41 40 22 -80 -17 -21 -82 61 66 -80 -89 71 -65 -74 80 57 -47 97 18
40 26 -100 -63 9 71 23 34 -39 29 -84 30 31 -8 -95 51 -19 9 -23 72 -27 29 99 -7 -80 -62 -52 2 -52 -71 53 1 -38 -91 41 -70 25 -76 -23 -44 40 94 6 26 47 65 36 -44 -14 -15 -1 -82 -46 -67 -47 -61 -38 40 -12 -93 -8 -92 90 14 12 71 84 77 54 -62 -80 32 77 -37 63 -54 8 -46 28 86 -83 26 -18 -47 -31 -12 -90 74 -71 4 39 70 -36 44 -79 -49 -2 -13 35 31 39
31 70 -45 80 7 -84 89 -63 -46 70 -49 21 -10 49 81 -44 45 24 59 19 52 -9 57 1 21 53 66 91 -64 53 -86 71 65 2 -72 -86 51 31 -14 19 -4 -24 54 -53 19 83 -66 80 -85 -30 55 91 -42 47 93 -32 -15 70 17 49 -51 3 61 -24 -84 48 -25 -5 -4 66 -99 -53 80 75 -29 3 -30 46 -33 41 -25 97 72 -1 88 -5 -8 -64 -93 -51 69 -32 62 3 12 -63 21 13 56 61 -45
80 -100 15 -75 -22 -60 67 82 -85 -33 83 62 -42 -26 74 61 -83 25 -30 15 53 87 16 69 -71 -56 7 29 -53 -97 -26 41 -98 -57 31 90 -33 -44 -96 -80 31 -41 92 21 58 -35 -91 27 -21 -6 -74 1 52 -83 2 -28 43 -99 -11 33 44 28 1 25 7 -66 26 -25 -45 -12 34 -39 17 97 -88 71 30 58 -74 -91 16 -28 -37 -37 86 86 -19 -77 -39 72 11 -60 24 0 -97 -40 -64 -37 -40 28 59
-24 0 -64 -78 99 -74 -57 58 -45 -97 17 -74 20 -85 -35 23 -100 -18 19 45 -34 31 -52 -92 79 85 -81 41 -24 56 -36 -33 20 -49 -34 -88 -68 -95 -90 -76 61 49 91 -54 -23 -50 -41 -98 -14 -23 17 -10 88 -80 -26 -55 78 -2 -24 36 69 -53 23 -94 53 -50 64 -25 19 -39 95 -19 -41 -28 62 60 47 7 -4 70 35 82 77 -1 33 -84 -59 -84 -51 -94 33 -31 100 -92 -52 -83 -92 -15 -29 23 -77
37 65 60 -47 81 31 59 -14 -77 14 9 19 -74 -38 11 53 -7 -8 9 31 26 -2 77 -81 -84 81 18 92 -55 86 79 -53 -56 71 69 -20 58 -28 -36 -10 80 46 59 -5 100 -23 2 -55 9 70 79 13 41 88 -50 95 -33 59 39 -34 79 61 -12 -76 -52 30 92 47 -66 -34 -97 -13 -30 -96 33 -85 31 -82 -67 -39 69 -60 91 -71 -70 84 -57 -95 -29 -33 -15 35 18 100 -87 -76 14 33 52 35 -71
-11 -99 -50 36 8 -97 -35 98 -60 -83 -78 -27 8 -64 -75 -83 -85 -11 14 -23 -88 -30 75 -95 -69 -10 36 -43 -15 -42 -93 -63 -2 69 4 -29 -82 -36 -8 92 24 100 88 -2 -11 -27 17 -74 -63 54 17 92 63 -41 51 -4 40 -22 10 -51 22 -30 77 22 92 29 -5 13 -23 33 48 -53 -49 80 -36 -26 63 39 -28 31 -88 -29 76 93 -20 -41 -86 -70 10 -24 -58 33 49 -14 37 -95 97 -19 88 5 -49
47 -98 53 -93 3 99 -23 69 -79 -11 96 -94 3 -30 -19 52 87 90 -27 -32 -67 7 -83 24 93 57 67 -77 -23 -68 -40 -24 72 -35 36 76 -8 35 9 -73 15 69 -46 -51 20 86 95 -19 -49 39 35 96 43 -43 86 20 -90 90 -46 13 -36 -23 -8 -88 9 -9 25 60 10 25 -62 -89 58 57 -29 -72 -9 -37 -23 98 78 75 -12 66 42 -100 16 -93 1 51 -36 29 2 -53 -83 -24 39 -48 -31 -36 -25
52 -29 -20 -57 -100 -100 -44 87 -80 -28 30 15 -78 64 34 34 -65 -88 -51 54 56 -10 -62 -71 -58 -13 -8 -56 16 55 28 -86 62 51 -2 -31 -50 79 -10 -44 -59 59 -1 21 83 -51 96 -38 -53 22 -39 26 42 40 39 14 -10 -79 -24 -46 -65 44 -49 -38 9 -54 99 -16 81 13 73 87 -9 90 -38 33 -72 99 -72 -99 27 35 -41 -67 41 76 -97 -24 94 55 14 -91 50 47 -98 29 6 -22 -82 -55 -25
71 33 55 -78 -78 65 -38 -67 85 -99 64 48 -10 1 -7 1 -49 86 -81 -97 87 46 100 67 -18 11 20 -50 -1 82 -67 30 3 -73 -63 -93 87 81 46 57 -56 -36 70 89 77 61 68 -13 -1 -40 -65 91 -38 -48 -14 96 -37 94 -48 -26 41 19 100 85 -90 13 0 -20 40 13 68 39 9 56 -67 -97 47 69 66 47 -64 30 -89 58 -71 54 23 -77 -71 -30 -70 77 39 31 37 -44 -8 90 76 -96 10
-37 -52 21 -76 -50 -9 51 -23 8 49 -39 -20 -65 4 -83 -100 -45 -50 -16 38 45 55 -21 -83 93 58 79 -55 66 -15 9 -84 -6 92 43 -56 15 -9 64 -75 -84 20 -21 -53 46 56 15 -43 69 51 -87 -91 28 -71 -48 15 38 -47 26 84 -42 92 54 36 -32 3 57 93 55 -95 43 -23 0 -72 96 70 37 44 31 -82 98 -86 -95 -62 -9 -23 -94 79 -84 38 -21 -85 -30 -49 87 -47 -94 34 -16 -66 -74
-93 86 19 12 -12 25 -8 46 -11 97 34 -84 7 -10 -89 -70 -42 53 58 44 -23 53 47 67 -50 -97 64 43 -65 -43 -77 -25 -94 49 31 -19 -70 -100 -90 -89 52 65 93 -25 27 3 73 -84 42 41 -79 -89 -48 98 3 48 77 22 50 -85 34 74 78 -86 3 -50 -9 -30 -90 64 -69 -37 96 -12 21 47 -44 -90 31 80 61 20 -87 1 47 -77 -27 -8 61 -70 64 -46 -68 -47 72 -18 25 -44 28 96 66
-98 -89 45 75 19 38 -80 56 54 13 71 15 99 -29 66 27 -80 -32 1 -57 64 13 88 40 -100 43 70 7 -59 48 -2 80 98 -11 34 -35 -27 35 14 73 -94 -69 -70 25 -12 -32 -46 -66 34 95 84 41 7 -30 30 43 88 21 -82 -35 7 78 26 -91 -41 -27 27 -15 -91 50 -20 -51 1 84 87 64 -43 -26 -71 -18 -95 59 91 71 -74 -26 -27 -21 -75 -36 33 63 71 -70 -33 -6 54 -47 59 38 20
57 -8 -50 -62 31 -94 -37 67 -79 -70 67 -56 41 25 40 73 -7 53 38 6 61 -66 -99 -92 96 63 56 -58 64 31 14 49 36 -76 -60 -70 43 81 35 28 55 -47 -21 -8 -80 67 -84 43 58 -42 -42 -32 54 -97 -3 -33 42 -38 56 -39 -87 27 52 9 -89 -26 -75 -43 91 37 23 27 92 -71 -80 -13 4 -52 -42 -55 78 61 -84 -4 -38 12 -97 -87 -47 10 77 -2 85 87 95 44 32 68 -77 94 -100
21 68 -32 -66 -97 79 -11 96 68 -62 44 -92 -24 49 54 -99 -73 -24 18 -44 -57 53 -89 -42 22 -36 -97 81 -98 -27 -80 -23 -68 -29 67 -13 -64 49 -72 -44 -52 -92 -30 42 -87 99 55 30 -99 94 85 66 24 -31 -27 -56 91 21 50 24 44 -66 -18 81 89 11 89 26 -63 -5 -42 3 37 83 38 61 98 -74 -29 -9 -58 -44 -7 80 73 -9 -49 87 8 36 70 32 -90 67 4 81 49 46 -5 63 -96
-55 20 41 2 -66 -98 -2 -55 -79 25 52 -74 -54 -77 -89 61 -44 -2 -11 -77 81 90 -10 -69 4 67 7 68 -66 -1 -94 -50 -82 76 30 5 41 -70 -61 -57 77 -42 -57 84 -51 -70 -74 24 41 18 -40 -81 23 -25 -27 -36 -56 70 -48 -61 -53 47 64 87 46 -72 -61 -44 96 -33 -11 9 35 -36 -42 -78 -4 39 24 74 -70 -15 -78 -25 84 89 -76 -37 56 37 -24 -19 -16 78 -85 -27 67 17 33 3 25
2 -99 -7 79 -71 43 -95 -63 -49 28 -98 67 65 76 -16 -33 68 -79 68 -6 -15 32 -43 5 -84 -75 81 -29 -34 -65 50 73 -34 -67 48 -17 70 54 56 83 39 -6 24 -51 -28 -95 -25 -19 -26 74 96 -90 -55 -88 -23 15 -81 64 -72 23 -11 -29 -50 56 34 -75 3 96 37 -50 -1 66 31 -36 73 71 -62 -52 73 -80 -39 -17 -32 71 -79 -97 100 82 -9 73 50 -6 -52 30 59 -28 -50 -43 -65 -26 -71
24 -50 66 10 -28 26 -21 39 -99 -28 63 -61 -18 -12 88 -42 -69 -75 -49 -43 -9 -59 79 -6 -22 -96 -48 -83 8 72 58 -28 14 -16 -72 23 68 -88 41 -70 97 -32 -14 -59 -79 74 53 -63 -74 47 -40 33 -32 -44 92 -5 -80 -29 3 22 -28 -69 -77 -23 72 40 -69 -81 -94 20 25 -44 77 59 -10 2 -31 -99 -86 -35 -33 18 -81 -72 -57 -21 12 -9 41 -81 -1 29 -29 55 98 71 -55 -39 26 -38 60
86 12 51 89 7 -12 47 -25 -51 95 -95 -73 12 82 -38 82 91 -74 -84 85 -35 24 -56 63 95 86 -4 47 87 8 12 -64 26 22 -23 5 -65 -72 36 -26 -66 -8 62 -63 -11 -85 -4 -67 20 -22 46 39 29 -21 -71 3 -70 2 -31 32 27 1 -98 62 12 -36 58 85 -20 34 -99 -44 -54 -94 -32 81 84 -100 33 62 47 47 -49 -53 30 -89 -15 -49 71 13 68 81 7 70 -48 37 79 -61 -46 67 -67
-52 -94 18 -35 -55 72 71 -52 -63 -73 -70 84 -78 -67 -67 24 -100 -27 45 43 0 -72 -22 10 96 68 -82 -21 -52 -27 51 2 -21 -36 -50 -31 44 71 32 -86 7 26 -72 -31 97 -16 16 -72 -69 -6 98 75 22 -33 85 -81 90 -23 -37 3 -12 -9 2 -22 -60 -71 21 97 45 -62 29 -4 92 28 6 74 -95 -3 -14 17 -62 -27 -1 83 15 42 -16 -67 8 -16 39 41 26 62 -91 -55 -9 49 -31 39 -65
-21 -53 58 -40 45 -50 26 -86 -2 83 -79 -64 -20 -16 -20 -5 -45 -40 66 25 -71 39 86 89 -76 -61 -69 -47 -33 -18 -93 11 19 -79 -83 37 -33 -3 -91 29 75 15 -79 10 -77 10 85 -7 32 21 -20 -80 94 98 69 -20 -16 -45 -97 79 -24 30 -3 42 15 -18 4 -5 -73 -98 -92 -24 89 17 100 46 64 -29 -40 18 26 92 -54 -23 -97 -40 -5 15 -82 -35 -69 73 50 -39 -22 -66 -60 -2 16 -94 39
-59 -81 23 15 -74 91 81 -7 -61 -12 -42 33 -31 44 32 23 13 72 5 -66 -57 75 -19 45 -1 50 -69 95 -84 -57 -79 67 93 -15 -23 -87 26 -100 -53 67 98 -13 23 33 66 92 21 -4 25 -13 45 19 -58 -14 82 -64 -54 98 -31 3 48 26 -88 18 -89 -97 -71 92 -77 7 -90 -38 43 -94 65 61 -16 93 9 -6 -31 87 79 23 -18 24 -73 -26 -87 -62 -95 76 26 -34 2 86 -30 -12 90 61 35
81 55 37 -25 10 -93 19 35 100 -10 78 85 -10 -66 37 8 54 81 0 -16 -64 92 -67 83 89 38 -63 70 22 98 85 61 16 45 99 15 -67 -91 34 35 -26 8 -90 -54 82 -38 -94 -49 -18 -74 -50 19 -13 84 -50 26 -74 -27 -24 8 -19 82 -65 -37 -43 95 -41 30 93 -61 -66 -46 -92 -63 -69 -55 -34 -55 88 76 -58 8 -76 -73 74 -87 8 -60 64 7 -49 54 13 -55 -43 -6 -26 67 -59 -53 -25
11 -89 -61 -36 86 -93 -1 84 28 -88 64 -55 -22 61 33 85 69 61 49 -79 -70 14 97 24 -100 65 22 -13 3 -39 -58 68 19 67 -94 42 72 -49 -28 -12 -71 -47 -18 -47 74 -11 -9 -52 -100 -62 27 39 -10 31 82 -98 -69 -50 73 31 9 -56 -77 31 -16 8 -9 20 -63 12 -95 13 -17 44 -72 22 -11 -10 -51 -56 92 -80 51 35 -18 -21 18 31 -35 76 46 11 99 -79 50 -24 -24 35 88 -8 -20
-58 -94 -12 8 -33 -56 -27 46 33 32 -89 37 -84 19 43 54 -6 25 37 9 -72 100 -49 -48 -67 -67 -49 99 24 -45 -59 -5 -61 -73 8 14 -71 -97 -66 49 28 29 -22 -52 91 -85 14 35 -77 0 18 -26 64 80 -11 66 -84 -63 -54 -100 29 47 -37 6 -91 -58 -58 1 -52 81 -5 -100 98 -45 -57 -87 -41 -16 -65 63 47 6 -25 -22 48 37 -59 16 -8 47 -66 -27 52 -92 -42 -44 -22 22 85 80 -10
37 -26 -42 77 -9 -97 59 -44 -16 21 -85 -71 39 -47 -54 12 -25 4 -28 -13 -9 -84 54 9 -58 81 55 -61 -12 60 -22 -76 -49 96 -85 -64 55 -22 92 -12 -28 -82 50 42 58 -61 87 -45 -88 -100 75 -97 -97 39 -23 30 64 30 72 25 23 75 9 41 -91 -63 26 -22 -19 -54 -28 82 -21 -5 58 38 -55 -48 66 85 -16 96 -17 26 14 83 -83 26 0 16 45 48 -33 -39 56 -41 65 -26 -94 -52 -32
19 73 -79 38 37 52 -99 -18 -51 61 13 25 -18 59 -77 61 89 -36 3 57 -12 6 -76 48 -1 2 48 -81 23 -17 37 -88 -53 53 -52 -86 -3 -42 59 81 -57 -4 -6 98 59 -43 31 69 -10 48 -33 -82 75 -52 -60 -32 -44 -74 46 -100 -80 -91 -27 -70 27 25 -63 65 -9 -95 99 -63 -10 19 9 77 78 -63 -15 72 69 -91 -85 61 26 39 90 -92 78 -5 -15 -94 -66 46 -22 -59 -74 25 -94 -58 -2
24 66 -9 -64 38 36 -54 -93 -59 89 -78 76 38 -33 21 -96 -70 73 23 -22 16 -77 -85 14 -67 2 77 71 63 32 -92 82 1 42 100 -39 -78 100 9 -57 65 -20 5 -35 72 76 -97 -40 -94 -54 84 -12 42 -68 -79 -84 80 81 0 -98 -96 -1 77 -29 -11 -82 32 88 25 39 -93 -10 -6 54 66 -76 78 54 -37 29 12 -39 -7 -81 -100 -95 -60 44 19 -98 55 -89 -22 43 -47 -48 78 66 -24 78 87
-70 -42 -82 6 19 -33 20 -96 61 32 -14 -19 -32 -46 79 62 -84 19 51 -72 -91 -23 -90 -41 60 65 27 -43 12 -90 -66 -72 -48 4 -90 11 -58 -39 24 95 76 45 14 98 87 4 15 -94 -37 -3 16 54 -66 -65 76 -50 -46 95 -50 99 87 92 32 -59 -4 -30 81 -57 3 -93 92 -23 48 74 98 91 19 -50 20 15 45 -78 -6 73 70 -76 59 75 36 7 -76 37 75 25 -6 81 -12 62 -13 -35 -87
54 55 6 -79 85 -17 58 -48 -82 -58 28 21 20 -87 81 5 57 54 -41 -69 30 -95 38 91 -39 -100 -90 7 -25 -3 93 -20 -72 -89 69 -23 -81 2 34 -74 14 -22 -4 37 -66 98 -59 89 99 -42 -6 9 -91 -20 -64 31 24 38 -56 -92 38 -93 -39 43 41 17 6 17 36 7 -88 60 -15 20 -51 97 -24 85 -28 -20 42 43 85 33 64 -32 92 -29 73 -6 33 23 -15 84 -22 -16 -22 91 -82 96 70
-53 -1 62 6 -56 -36 -85 -34 -15 -76 -2 92 -67 -36 -75 -84 -47 -34 92 46 53 4 -44 -72 -67 10 -81 -66 -34 56 -66 43 -12 34 30 -1 -67 -13 -67 22 58 9 -3 23 -33 -60 4 -98 6 16 -19 65 -6 -36 63 -63 -75 -49 -71 -87 -40 22 -72 80 5 47 11 62 -80 -63 -8 33 5 -60 -34 45 1 -7 -28 99 -61 -64 -4 77 46 41 -92 -8 20 -97 -51 41 87 -86 -8 20 -28 35 70 -38 -25
-94 -79 -40 97 4 60 54 91 43 -76 -33 -42 97 47 11 4 -34 65 0 32 29 -90 -29 81 0 -38 15 37 35 -93 97 -17 84 27 58 61 -11 -21 -84 -21 3 -79 23 -67 12 100 52 68 6 22 -51 -10 77 28 10 93 -24 -16 -75 32 78 79 -6 -23 -18 -87 97 72 -8 0 -37 -70 31 13 -4 -74 -18 69 -84 -73 54 83 49 54 -26 73 -93 -32 97 35 35 -54 -47 -78 -96 -67 -89 -29 -87 -96 -99
70 79 -11 -16 40 -37 -80 28 -58 57 78 22 -3 30 83 74 -91 77 -73 -70 -10 -73 38 -32 -83 -91 30 0 49 -96 76 82 -31 -66 -98 91 38 9 13 -21 -17 94 -17 -96 63 -51 42 91 -82 -19 64 -100 -98 49 100 -26 -43 -9 45 88 -55 35 39 -27 89 2 5 49 55 -45 -11 1 38 95 -14 42 -64 82 93 -48 98 -51 -35 -52 72 -20 -36 34 76 -46 -76 69 -59 11 -7 9 -50 -3 -47 3 -52
-94 62 -75 70 20 38 -76 -70 -19 90 85 -86 -29 75 -88 51 77 -29 -73 70 20 -43 49 -14 56 -45 48 100 -53 78 -95 -36 88 -28 -86 14 87 -82 -44 -47 -29 -31 12 71 66 -90 -11 -45 10 9 -17 31 85 60 -26 0 -23 94 -45 74 -94 26 -46 82 -74 -40 -58 22 -20 97 -30 -73 -92 -60 -44 -62 -60 -78 -58 70 -95 -22 27 -6 -64 18 53 -17 -21 18 -31 -23 -94 -87 61 -50 -21 -20 40 27 -93
