-35 -77 65 90 100 -49 69 -93 22 55 80 66 -9 -14 82 -86 73 78 92 -68 69 56 65 -6 -86 -20 85 40 -86 -75 9 -80 53 -59 36 -16 77 78 75 5 -32 -84 82 0 -76 -13 -41 58 -70 62 89 7 33 -17 -89 -61 -4 -82 21 26 76 11 -39 25 -95 -17 -8 87 -22 0 -54 94 5 -81 87 -11 -66 -59 -69 -34 -47 -80 65 16 87 98 -17 24 6 -1 -16 -70 -60 -76 46 97 44 -95 1 83 -66
16 -97 36 12 42 52 32 -79 -9 -26 96 99 -94 -1 100 -56 10 -43 -61 86 -79 26 -11 7 4 66 -25 -12 83 -87 -93 69 84 16 31 -89 66 -37 -23 0 -58 -32 12 -75 6 21 60 83 23 -35 58 55 -32 -28 89 -65 -95 -19 -18 98 -58 -22 14 -73 28 51 20 18 -52 33 -78 -2 61 68 -79 28 -11 -26 49 75 61 -90 79 -27 64 -94 -51 -73 10 80 -94 -64 93 -63 -40 -29 -11 -57 93 61 -8
-70 -85 -52 14 -11 94 60 -18 -34 32 3 -81 -50 -63 87 80 -66 10 81 -24 -18 -72 -37 -77 77 24 66 33 36 97 60 12 -80 56 70 96 -85 46 23 97 77 -23 28 -65 -76 7 -12 -14 -56 -8 -82 -97 56 21 81 -89 -14 -40 72 -36 -99 31 -46 95 -72 99 22 -65 -25 -66 -19 -100 76 -74 78 69 14 11 82 -46 -55 35 -97 -21 -2 -56 -11 -54 -95 62 -65 50 83 6 -23 66 -26 -10 90 35 -18
-52 -20 83 41 61 -56 -12 53 76 76 84 45 -56 4 64 -10 29 45 44 -41 -56 -7 -46 59 -100 36 -17 -10 20 -48 90 -66 -16 -80 -58 -38 15 -68 89 -41 -38 -86 17 -7 -66 92 -50 29 -96 13 -36 36 75 45 100 -16 -24 12 -93 -90 56 -63 -11 98 -80 -8 34 -83 47 7 0 44 25 -25 40 -29 25 -82 38 -88 -45 20 -26 64 15 -48 -29 87 19 -48 -22 -33 -91 41 -72 -36 -74 80 2 -57 80
-54 -16 -14 -36 -21 -64 2 62 81 -31 98 16 -52 23 6 -25 -21 -59 8 21 95 36 96 1 -54 49 22 -3 20 39 -85 46 98 94 -62 -30 -88 -56 5 -38 -96 25 36 61 -52 -81 -14 41 89 -90 10 -25 -29 52 -96 25 19 -58 -24 -23 -86 65 -18 -16 32 -10 -55 32 -85 -83 76 -12 -88 -46 65 -78 61 -98 -94 -78 -43 57 96 3 -77 69 45 -63 44 -22 -15 -51 56 49 -51 26 59 80 -31 -21 45
-77 -1 79 -97 92 86 77 44 -42 25 -56 -48 31 55 -47 19 43 63 -56 -4 -30 32 -78 26 97 -42 -79 -68 -45 -76 -6 58 2 -89 12 93 71 -7 39 18 -46 -43 -95 -74 -29 9 -16 47 -92 -33 59 -66 66 -84 45 -56 3 58 14 -73 57 81 -11 -79 -79 65 -51 12 -18 -28 -57 73 43 -33 -81 -97 69 -8 31 -12 -94 41 -44 83 -98 1 -26 -70 29 55 -63 94 -64 56 -6 23 71 -25 45 56 3
38 44 -39 46 -25 67 -8 -91 -47 74 -75 -22 82 54 6 34 69 -20 -42 56 28 100 -18 -62 10 -79 -23 88 43 36 -85 57 -37 -59 -14 8 28 67 -25 -56 -85 65 100 -39 31 42 54 -86 -99 42 41 15 -80 10 18 71 32 -94 69 12 14 81 72 73 47 86 -30 65 0 -29 98 0 -100 -18 90 -43 27 -80 -23 62 -9 -84 20 -39 -68 92 -62 -86 -72 100 92 69 37 1 79 -22 11 74 80 -32 96
34 -22 94 -60 77 -9 94 -28 -68 40 100 -45 85 -20 4 10 -69 -54 58 -32 65 -43 45 -67 -51 79 -49 -66 -81 -38 -71 -17 -67 32 94 -14 -46 14 28 -45 27 48 92 45 -100 -22 -77 68 25 28 -85 -47 -97 0 31 75 50 12 79 -82 -53 -3 98 -16 26 -48 -71 -19 -40 -60 -99 14 -52 55 -70 -21 -48 77 95 -78 -68 72 -52 -61 78 -81 -48 100 -95 -56 -91 66 -47 -93 -90 -27 66 -68 13 45 56
100 19 -13 -84 15 43 -54 53 60 24 -18 64 -66 32 65 59 55 -61 -42 -47 -84 -50 -44 1 40 21 21 54 -98 20 -89 61 19 28 -71 -17 58 26 92 -59 -62 -11 -28 89 -17 -68 38 -94 -84 -73 -82 70 -74 -68 19 -60 -55 -34 36 -98 -97 -26 65 -86 71 -32 18 68 39 52 80 -31 20 39 -12 13 80 24 -76 63 94 58 98 -11 84 8 -10 92 15 96 -18 44 -24 -36 -88 -96 21 0 -41 84 -72
-73 56 -36 -90 -16 99 -98 35 -13 -72 -6 -3 -55 51 -45 81 58 -20 -24 -31 60 -83 -58 -54 73 -52 -85 8 63 80 -28 -82 23 -35 93 -54 -12 -64 85 63 -48 -36 -19 37 -52 -44 -86 -32 40 -74 -34 30 55 82 -42 69 -5 16 23 53 -20 -27 79 71 -50 84 81 32 42 17 66 91 84 42 -21 -16 -46 -21 -48 -7 -95 -3 49 84 -81 72 -1 41 52 -75 31 61 85 89 -5 13 -82 50 49 -88 49
1 -34 -78 -76 -30 -23 -34 -39 8 30 92 -14 26 49 69 -8 -58 14 84 -25 29 -25 24 -7 98 73 84 -42 -33 -72 -4 73 19 87 -89 62 13 -89 21 71 80 49 100 8 0 44 -64 -35 -4 -39 48 66 42 10 99 58 43 -67 83 92 74 -95 -9 -40 -29 -40 -95 49 -11 13 -14 20 -56 88 -20 -96 -34 99 5 -54 29 -61 -65 66 -52 -76 55 12 62 84 58 98 -55 88 48 -67 -23 77 79 80 43
36 66 37 -34 33 -39 38 80 52 55 -54 -42 -43 -33 99 -67 -69 -66 36 -56 52 21 -83 22 -40 66 -9 69 -76 72 99 59 -11 -46 98 -45 -15 37 -60 -28 82 -12 94 94 78 -3 -23 -98 77 19 -83 88 -19 -41 -20 68 -50 97 94 12 83 14 50 -11 13 60 -88 -8 -69 -14 49 -37 64 40 -11 64 30 -36 -10 -100 35 -6 29 -16 100 -84 86 -74 -74 79 78 -75 50 64 19 -28 -35 -11 -5 -88 14
-71 -53 -60 75 10 -61 -77 -38 -88 78 60 57 -29 -23 -71 -17 12 -78 -96 84 75 -5 -42 -62 82 -29 90 90 2 29 -8 23 27 -15 22 -99 -60 82 -1 -36 -100 -73 -88 91 -26 62 -73 -49 86 -30 -63 -51 7 92 91 93 82 -52 3 24 -52 86 -19 60 -88 -52 -42 -77 -6 20 -7 -99 53 -60 3 76 82 0 54 -28 -42 -24 -73 12 40 -84 -74 30 57 49 54 -8 100 -12 23 11 42 -35 31 -72 22
85 -69 -78 74 -69 -97 -74 13 70 -87 -58 4 -85 3 -6 16 92 -18 18 69 -36 32 -2 93 52 -24 -63 -65 -16 -17 50 19 65 46 37 77 91 85 35 80 -2 -65 53 90 -80 74 -62 -59 63 -23 99 -25 -10 80 -25 -77 -50 -23 85 93 89 -24 -7 -57 -42 -28 94 98 81 45 85 -85 -96 -25 26 -2 56 -54 49 44 16 -82 38 45 -52 72 -7 35 90 -68 -66 -52 13 -9 93 21 -65 23 9 0 28
-23 27 -85 58 -80 -44 51 -78 -100 -49 65 12 -95 -77 13 13 31 -29 -31 77 4 -41 -13 78 89 -97 38 -79 -14 -86 69 60 2 46 -36 5 -77 1 -53 -10 -57 25 -75 -100 -49 -13 -88 -20 -75 17 -48 20 -14 89 6 -28 -18 59 70 73 58 -89 -6 78 24 2 -49 39 98 -6 -16 28 60 -99 -24 57 -77 -38 -16 -85 58 65 29 -81 55 -26 -2 -43 44 83 38 32 62 46 86 -4 -56 -4 -37 48 32
-80 40 74 81 -52 65 24 -32 -48 -76 -37 -24 29 -35 -3 72 -95 -29 -75 96 -8 58 -7 -43 64 -28 17 62 72 22 84 40 86 -35 -88 -76 76 -3 82 6 -66 36 -52 -91 19 67 -84 98 14 -55 -73 59 17 21 46 33 57 59 -21 25 96 -35 62 -62 -77 -86 91 21 -28 -78 7 -49 72 81 64 17 100 77 83 -66 58 98 58 99 21 44 20 96 -97 -59 57 -90 -90 40 9 26 -80 -2 -92 6 -96
-22 59 26 5 -44 -9 78 -68 -94 -54 6 91 56 91 -31 -57 84 -64 14 67 -39 -42 88 42 49 24 19 79 60 -31 -52 -29 51 -15 -85 -34 -75 97 94 38 -79 -79 6 -13 -72 -63 -21 42 16 -95 42 -48 -18 -37 -90 -76 26 -12 -1 83 -45 48 -24 54 -46 -3 -44 -76 -100 4 63 -59 19 50 -51 84 82 -57 -90 -86 61 -18 1 -62 -17 70 99 -92 58 -94 -30 -69 21 -84 -82 6 80 -66 -92 -31 79
-96 -31 76 29 27 -8 -44 -91 30 -47 83 32 -81 40 75 -64 -80 95 13 -8 88 -84 26 70 78 -98 -79 65 91 -15 -28 -4 -61 -56 -80 23 -13 97 27 -68 -97 -45 16 -21 79 29 25 81 82 -84 30 -61 26 70 -44 -89 -58 -45 22 76 46 43 -14 24 -16 -55 -85 -87 -92 9 21 -65 -85 27 -59 96 64 22 -6 79 61 -89 15 -44 89 -18 -100 -33 75 43 -60 72 -24 27 70 68 -59 13 49 94 91
77 -21 -42 -38 -46 -52 92 -15 75 -95 -98 5 -46 -78 100 4 -4 -13 56 -18 54 -33 31 -84 -74 -70 -22 -62 -2 66 -98 19 48 45 14 -10 -62 81 87 -15 -80 74 35 -59 -31 -4 67 70 67 7 81 39 -19 40 -14 -33 -72 98 13 33 -88 -94 -87 -73 -12 20 5 -89 5 -44 39 8 -8 38 50 36 38 -70 -80 -21 -66 14 -3 68 -12 91 45 -97 6 -73 -37 78 -40 -71 -20 3 -91 62 62 13 -6
71 15 -64 -75 35 0 -91 66 -71 -72 -37 -79 56 -23 67 23 12 -67 56 18 -45 39 -53 54 -63 81 70 65 -86 -58 -90 -28 -87 -11 51 -29 -70 -17 -62 41 86 -21 11 -84 -49 27 88 -56 -42 -26 -12 -29 38 79 -91 -36 63 -79 -21 77 -43 -94 73 16 34 55 -32 9 90 -23 -39 -65 84 48 -66 -46 -24 -2 -30 -87 -20 -54 2 -97 -68 9 6 -93 -53 19 68 -52 -66 17 25 96 56 -90 7 72 50
-30 -13 -66 25 48 -47 73 -91 12 28 -82 3 -25 37 11 90 54 -85 66 -87 79 25 -8 18 -2 33 53 -80 27 -70 -65 65 59 -66 -27 -50 -58 -36 -26 52 59 -87 89 25 36 48 23 46 -14 77 -45 -64 -27 -88 -91 -26 2 -74 37 0 12 -4 -41 89 -90 16 -8 -51 77 35 23 45 -27 86 -61 -84 60 72 25 81 93 -14 -45 76 44 15 -57 -92 55 70 57 -94 25 -94 95 4 -84 -45 -53 9 13
93 57 57 -74 8 14 74 -38 -93 35 -19 97 6 -33 77 1 -93 -44 -46 -52 -100 37 58 -6 -72 79 -46 40 -66 55 -94 -71 81 3 -9 -83 4 23 55 -74 -73 -1 -40 14 16 -42 -41 17 -39 21 -40 78 -28 56 30 -26 17 14 55 69 -23 -73 88 13 -24 45 -65 1 -88 74 -96 14 -13 80 13 -26 48 33 34 61 15 97 -38 49 -57 49 26 94 91 -63 -94 82 97 -77 65 -91 88 -71 -9 -79 8
59 69 5 76 -17 -82 20 72 -22 18 90 77 -91 -91 -16 15 93 11 -25 -76 -73 6 -8 -9 80 -84 -39 87 79 -19 -27 -10 63 35 63 -76 13 88 -50 72 89 99 -13 11 -22 -26 92 45 -91 -15 4 100 40 -26 -36 46 91 69 -56 54 84 66 -3 -63 74 79 -70 -11 -48 -13 63 -35 -30 -24 -16 -96 -90 88 -19 95 59 -73 21 67 -33 87 -2 69 -37 -13 75 -41 59 -85 -43 43 -55 -39 -73 -76 13
-14 -6 31 25 -36 -11 35 8 -91 73 5 8 23 80 26 -12 30 -51 -99 -99 -41 48 -26 70 64 -48 78 5 8 4 -86 -4 67 -48 68 22 36 89 -61 37 -7 8 31 73 -2 24 -76 5 -55 27 87 21 3 -93 -5 56 -59 -60 -60 60 30 61 51 12 -24 -74 49 23 -21 46 -27 18 -25 18 -48 -60 -67 -36 45 5 36 91 -98 -72 12 -65 -20 -97 87 -81 53 -53 20 -70 19 90 -15 93 -28 -72 35
77 34 13 84 75 -15 -98 -32 -3 92 51 27 -17 93 28 63 88 -25 -72 -70 84 -28 -97 -67 -97 59 3 5 -100 -97 -11 -33 54 93 23 79 -10 68 -35 16 48 15 -67 81 -48 62 46 91 73 -27 94 -2 31 51 74 -54 13 -93 -50 27 65 -37 -45 -59 -6 -36 14 12 20 17 19 -36 -48 -68 61 -39 -29 92 -44 -39 -73 -49 -53 -73 -57 -39 46 90 -36 62 -63 -27 93 -71 -46 -91 -24 -19 1 1 59
52 -79 10 -42 39 70 94 35 -49 28 7 -42 96 -66 81 71 -27 -72 11 -43 -98 -34 34 40 -9 80 -85 -22 2 -43 8 51 96 -45 -88 12 55 6 -2 90 -95 -37 -43 60 -100 74 -29 -45 57 -28 -41 -50 -53 -94 48 -85 82 -26 -46 -87 53 -88 11 26 90 89 89 32 100 37 -45 -31 74 31 -1 11 84 36 95 -44 10 -74 -55 -57 -31 -55 -58 74 -14 -95 -51 -18 39 38 10 -14 49 -33 4 96 30
-87 84 72 -18 -65 -45 54 -100 11 25 -66 95 -53 32 45 -50 -59 5 -21 -99 14 -100 -33 55 95 -70 -54 -29 4 11 36 -64 -76 -70 -16 -28 -54 8 -8 -11 -97 -78 -92 19 -45 23 -28 -39 55 -49 31 80 36 61 -85 -61 43 -100 -72 -53 8 -1 -94 93 83 -54 12 95 -92 -9 -4 -78 -14 -19 12 22 -16 -88 77 18 -41 -11 58 65 -91 60 9 100 -31 73 -68 43 76 -95 84 -21 -64 75 -52 -15 -91
91 30 -69 62 -46 83 95 -27 -12 48 85 13 50 -51 39 -73 -5 19 8 74 49 -17 14 -97 -20 53 -82 -35 50 -1 -18 33 -94 -45 70 -16 -84 -93 67 62 -65 -54 -11 -3 24 93 -15 52 52 42 -59 -74 -54 -2 -96 85 -100 -97 6 -32 33 -20 81 72 96 88 14 -64 42 -79 35 61 -94 77 -8 6 62 88 -64 -74 12 -61 -98 -77 -36 -91 57 -100 90 55 -93 -45 -100 31 -56 9 -85 -14 40 73 -15
63 -36 -23 -68 18 -54 81 -39 -16 79 50 -42 42 -78 63 58 91 -68 100 59 -89 -92 -15 -44 12 -40 5 -59 10 21 80 46 -91 -95 40 -20 -72 -11 -93 44 14 96 -93 -4 30 39 -18 -91 -35 83 -60 -67 56 45 -99 88 -56 22 -6 -15 95 63 -95 59 55 87 17 -82 75 -48 -20 -88 -82 -97 95 44 -3 -8 -40 92 19 25 26 4 -27 51 -73 -4 94 -33 96 97 100 41 76 13 -5 44 -92 -98 -4
12 43 60 -81 37 70 -23 -67 34 -64 -77 3 -31 -27 30 35 25 -62 -97 66 -69 -57 -5 43 68 8 37 70 88 -20 71 -48 40 4 -4 34 -95 0 -58 -70 41 -47 29 -19 -53 -70 -41 77 -20 80 63 0 -87 83 76 -90 71 43 21 -51 -15 10 92 87 -17 -25 61 -100 -67 -64 50 -14 -36 86 -82 37 -84 96 71 54 39 20 64 -37 53 -65 27 -75 21 -54 91 -75 85 -29 90 -75 -40 88 -58 -97 40
68 -9 -67 29 -49 35 -80 -10 13 73 40 5 32 5 76 -63 26 -85 -47 -3 -18 -58 -21 -80 97 -69 -3 68 -68 4 -89 82 34 -79 -29 85 -49 94 -35 67 35 36 -3 20 -13 -7 65 77 14 81 -72 -42 40 41 55 100 73 97 -31 -42 -20 -31 -10 50 -28 39 1 -15 -42 -32 53 -45 -93 23 18 -4 -21 34 -63 -19 -48 -47 -25 2 -76 11 -53 58 -8 89 -51 -51 53 -42 62 -99 -54 -47 -63 -77 -82
35 66 -53 3 -91 -68 -99 89 -49 -3 83 64 -6 -86 74 12 70 61 -71 -16 72 53 76 61 25 79 58 16 75 94 -63 9 47 2 12 -95 36 -18 -26 86 66 -95 -68 -36 -95 -33 -92 69 -41 -13 63 77 76 63 -84 68 90 -2 98 76 -67 -34 -36 -62 64 11 -54 97 56 -22 -18 3 15 50 60 44 -37 -15 54 60 -73 44 77 -82 67 -90 86 78 -65 -11 100 -47 -90 77 5 -26 -57 -98 -13 44 -63
-24 8 -65 46 82 47 -42 30 100 58 99 57 -87 51 -87 75 71 -64 -21 83 62 42 -86 55 95 -19 77 -55 -8 56 90 -94 -79 13 72 56 97 85 55 -12 47 -65 -72 -95 -45 -10 19 39 69 81 -54 -9 71 -21 28 -23 78 97 -90 -87 53 13 -35 26 -73 55 -80 78 -15 40 -20 -30 36 -74 -84 -12 -62 57 71 71 28 -82 -30 -100 52 44 58 -93 -34 93 64 -22 -58 29 -48 60 66 4 -22 8 -46
92 60 -24 -16 53 -66 57 2 68 31 58 72 58 -99 -3 -39 36 86 -64 87 20 40 -72 99 75 83 23 -82 48 51 94 -3 -84 -75 -60 64 29 -83 -91 -4 -20 6 -10 22 83 -12 97 -6 -48 -94 -10 1 4 39 -13 27 29 32 -68 -4 2 45 15 40 87 14 -56 67 82 81 79 44 9 50 71 -23 86 -95 -8 -66 -1 54 -92 -47 30 55 10 89 54 38 -56 -28 -22 24 19 -59 58 -84 -82 -43 12
-38 -83 -35 44 16 54 86 88 37 -33 82 98 87 -5 40 17 1 -44 69 -87 -57 69 65 -22 -51 43 0 -65 -17 85 24 -12 -84 -57 -94 26 28 25 35 -90 31 2 -80 -27 60 99 73 -63 45 -51 76 -99 -91 50 81 -88 77 -15 -27 6 -55 43 52 -79 13 -91 77 -99 70 73 77 -75 67 -68 81 61 14 -92 -90 -28 -79 16 33 19 -4 -65 -45 62 -44 83 -4 -66 -77 91 93 -81 -43 53 89 -86 -93
64 10 -98 83 41 12 65 -75 29 67 49 -32 -19 -7 -75 -55 -36 -39 -20 -21 -6 -22 32 53 -58 33 -16 -92 57 -17 4 46 -50 93 97 70 -100 48 -7 -78 -80 -19 81 -26 24 -80 -57 35 -9 2 72 10 71 63 40 54 12 19 -39 16 -63 24 -65 -38 41 -55 -18 -11 58 -68 49 -90 -37 49 27 34 69 33 -1 -15 72 94 -40 -26 -73 100 -52 60 -51 37 -85 64 -78 -48 19 47 -72 -97 -29 -84 3
-84 -31 -8 79 20 52 -55 -42 -61 -49 8 -52 77 -85 80 39 -30 -75 72 29 -80 29 0 29 -86 -62 -8 -51 92 61 36 -24 -2 -44 11 -61 52 34 -72 -7 -58 -40 81 -53 -43 -71 -8 -95 76 -22 43 93 95 95 71 -29 77 17 -42 -29 3 44 -64 66 -88 27 29 43 -31 -23 -90 95 27 -17 -10 -6 -33 -72 -49 19 74 5 -18 19 59 -58 -64 -88 28 3 25 -58 22 -22 -73 -84 -33 -67 38 -7 80
88 60 -43 92 83 -68 -88 -78 84 50 10 86 -34 7 75 59 87 -38 -51 -21 -53 37 -61 -45 31 -40 -31 83 -42 -100 80 96 -18 -63 -57 -20 -42 -20 -59 -43 39 94 -74 -48 77 17 62 -32 71 -63 71 -30 -80 34 13 -24 -63 -54 24 -65 21 -53 -64 -42 24 -21 76 81 72 -73 -17 -10 36 92 -55 26 -42 -83 -14 84 12 18 7 61 -2 -17 -34 80 -16 90 -60 55 -7 35 -77 70 -57 63 -82 -81 -74
-24 53 -78 -86 70 -49 88 -32 6 67 84 28 -67 43 78 28 -6 -52 -23 78 95 -88 -56 3 -3 67 60 93 98 -64 -17 -62 -52 -84 -52 7 -100 43 -98 50 -12 -30 -73 -45 83 -39 41 95 -36 -71 81 1 89 18 36 -25 19 97 -40 70 -56 77 18 87 -33 81 31 85 -21 -20 17 84 -43 7 62 88 8 -15 91 36 -11 76 -77 -93 64 -37 76 63 49 -84 36 -37 -16 0 -80 -16 -73 46 80 3 -83
-49 -48 -55 49 -80 51 -9 83 -15 86 -61 74 -45 43 -35 -19 -64 75 94 43 72 5 -98 -85 -78 97 81 19 91 -59 -10 -93 0 61 -30 -89 91 -1 44 63 53 32 96 6 82 -9 35 -25 -93 56 -61 55 -25 81 3 -30 27 -37 44 -51 50 -45 -4 -85 -68 59 -40 68 20 -79 -3 -25 94 -80 26 44 -86 14 -5 55 86 79 -27 -85 -25 -100 -34 79 -13 -39 13 -21 87 -54 -85 -13 -66 30 -55 -54 12
-34 -62 3 -2 -50 -23 77 -59 -41 -14 77 -47 -18 33 43 -81 66 -51 -36 -27 -68 10 86 -85 -57 45 72 28 -49 -68 87 32 -60 21 -48 63 75 -35 -54 100 45 -34 -49 33 -6 47 -35 72 -79 52 -30 -48 -4 -21 -63 -2 -43 65 -99 33 23 63 -31 -35 -17 -53 -32 -34 -96 -97 -15 54 24 52 39 -65 2 -27 -89 38 -26 -86 -75 -28 13 6 -37 10 56 84 4 82 -7 -12 -82 -8 90 19 63 -60 6
-9 21 -35 -69 30 67 -18 -59 32 -41 -42 94 65 -23 -54 -45 -52 31 94 96 -87 77 72 18 54 4 70 -12 -22 89 -60 8 -12 -99 -5 75 -31 -84 -7 -88 -39 47 90 -11 -77 1 -42 -43 -73 19 81 2 40 -65 51 -38 17 -86 41 61 35 -27 -46 20 -64 42 23 -56 -19 33 -58 -28 99 -38 81 -20 76 21 43 33 -83 84 27 3 -71 68 -36 19 -78 0 -83 80 1 -74 85 61 7 -21 -89 -2 -51
89 25 69 -69 -99 -77 52 89 29 -76 5 -17 73 62 -80 4 33 -5 -52 24 -36 -90 21 -79 35 -82 -69 -67 71 40 85 -70 56 -58 66 78 0 -21 -28 43 -83 -39 -63 63 100 2 73 -32 -35 46 -19 20 -45 67 27 -99 1 -56 -59 68 27 73 -51 89 88 95 8 18 42 58 -95 83 -16 42 -67 47 34 16 -22 67 6 0 25 -74 39 -24 -17 -28 74 35 -76 -99 59 -87 -44 98 13 0 94 -55 52
-1 -67 -93 -38 -76 -78 38 -15 -98 -65 -100 -16 -15 -64 76 -11 -67 -79 -4 66 -64 -40 22 94 3 84 41 -32 98 23 83 44 38 -40 -30 52 -55 -27 14 74 -8 39 -75 34 -60 33 7 -53 94 -66 50 78 60 3 -69 75 -32 49 -97 -4 26 -15 -19 26 -47 -32 65 -92 46 100 40 74 16 13 -47 -24 22 -90 6 24 8 -27 5 43 10 98 89 -12 -36 93 -73 43 -70 53 24 -20 -43 -40 -58 -8 73
6 -96 23 -90 60 100 -79 -27 88 83 -86 -47 65 -57 -8 -63 -46 -35 -1 49 -47 49 -26 -3 -86 -42 99 10 -78 -20 -31 29 -50 -37 -29 45 43 69 76 19 -67 -94 -12 9 -50 71 37 3 -20 68 -80 -78 -21 28 -55 3 0 -51 -66 84 -29 -86 -63 -52 -70 -10 -97 -98 -29 90 -54 -44 75 -40 21 37 95 -13 -66 -80 39 -28 -31 59 -51 14 45 -95 42 -21 -85 -22 -47 -34 4 34 -19 -5 -17 -11 39
-34 -59 94 76 80 -57 -22 -86 84 5 -22 -3 86 17 96 -15 20 -99 12 39 -38 95 69 62 57 -20 -96 49 -94 -71 -54 28 47 64 -98 -12 -63 -58 -43 -35 -15 12 -17 41 -58 -77 44 47 -93 84 -63 -64 -17 -91 -23 23 -32 -3 -51 -6 -12 -62 -77 -3 -73 -80 -51 -64 88 18 -57 5 -33 -74 -97 -66 -47 -71 -88 23 2 68 70 -98 11 27 -39 -22 -7 79 72 34 -97 23 41 26 52 -38 -66 -36 -86
20 87 14 -48 35 6 -99 -69 38 -28 -3 -26 5 67 17 61 16 45 -87 51 -60 60 15 29 59 -30 -48 -26 71 -89 51 7 -4 93 -92 44 21 -92 -11 13 43 47 -14 0 33 -16 45 -75 -38 -90 -8 -59 53 -26 -58 -15 46 -58 34 -24 -75 -44 -12 67 63 66 -57 76 -51 10 -43 14 -85 20 -27 41 -3 30 -67 -90 84 -29 17 71 58 84 -48 58 38 -67 -48 -4 -83 3 35 11 20 -85 86 -79 15
98 38 -30 -53 -42 -85 -81 91 -94 -90 -40 46 -37 25 4 -77 54 -35 -52 52 76 21 -100 -60 -21 -40 -41 50 69 94 38 -56 -78 -67 -64 78 -35 -13 -59 -80 -53 52 88 -43 14 36 -42 -87 73 52 78 -27 -95 67 1 98 59 47 62 10 -40 -44 34 75 61 72 95 -98 -56 55 19 -60 71 -6 -74 -41 43 -48 -96 79 -80 -94 -73 -12 -91 -86 -10 15 -65 -90 -23 -46 -13 84 -92 -76 32 3 -50 98 -92
92 -11 -31 38 78 58 -47 -34 33 11 -10 25 60 -64 -55 100 23 -41 -82 26 -36 -52 -64 48 57 53 69 -92 10 -92 74 85 -43 68 38 -28 59 54 43 -23 -41 -79 89 -73 -93 47 -89 -20 61 -90 42 -79 5 25 -13 52 14 -49 27 -69 -15 69 34 -62 -33 80 76 -85 3 4 44 -86 42 -49 -16 -54 -69 -11 66 80 -53 62 -61 -65 -20 89 23 41 -78 99 20 -1 9 -33 -55 66 -61 65 73 -37 -32
19 61 24 37 -25 -89 -15 -18 17 -95 -42 -87 63 36 -62 -41 -25 34 -14 -30 -84 87 14 33 -70 -35 30 -48 -54 63 26 77 69 -46 -82 66 52 -78 -66 96 100 -46 0 22 9 25 -39 -25 95 -38 -87 31 56 73 37 -93 40 78 11 -70 50 23 -62 -58 -3 0 -59 12 -1 79 21 24 -89 83 59 -97 -79 -90 4 -92 74 76 22 26 48 -33 5 9 -2 -29 -42 56 -79 -29 8 -19 -24 29 55 -72 -93
54 3 -60 -58 -43 -45 -9 74 73 -62 90 -98 93 -53 -26 61 -71 -64 49 -78 100 -72 45 52 77 -84 6 78 -9 -30 -96 75 -53 -73 -16 77 4 -17 -35 -24 -95 25 -76 -45 -46 -42 -69 55 13 52 47 -39 -4 92 55 -99 -39 99 -83 -90 -81 -20 74 -79 88 -13 88 -58 -36 -14 45 -87 -67 96 -20 -44 -67 86 -80 73 -41 84 17 76 -9 89 38 -29 -90 52 81 33 -39 36 -62 -78 -40 -14 71 1 4
8 -93 -55 -49 28 -97 23 -99 41 -44 23 47 80 36 -57 44 92 89 28 36 64 83 40 25 -63 56 11 -50 -34 63 27 80 -76 0 -69 58 98 -42 26 68 -8 -78 11 -44 -15 -45 -11 -52 100 -39 75 -17 54 71 46 71 90 7 26 -8 96 45 -83 56 -85 -33 19 99 -58 50 14 -40 23 47 -86 -94 -26 78 -64 91 -74 -83 45 12 -54 50 33 91 7 -13 -53 10 -11 5 31 -17 -8 -56 100 -34 97
69 12 -80 73 -98 -61 -46 53 -9 -75 -3 -2 -68 -89 -42 27 8 -33 63 -45 -50 -54 57 93 -47 -13 37 15 64 -93 87 -46 47 31 9 -10 84 100 -33 95 94 -26 67 83 15 -25 70 -77 67 60 61 99 63 7 65 -59 6 -42 66 97 54 -15 -85 -73 -98 51 -34 78 -85 -3 75 -75 87 14 89 -66 92 -29 -87 91 -65 -47 3 -100 -76 40 -32 -72 77 91 100 -69 -66 83 -37 73 -97 47 -88 -77 -19
-36 20 -7 76 -85 -10 42 33 -27 92 -75 43 37 45 -84 23 -12 32 9 -91 -93 -58 -81 95 73 -38 95 18 -50 -15 35 64 -16 71 -8 69 -78 -31 53 7 62 -52 -27 55 89 -45 50 -59 -69 41 -55 -88 42 -80 -100 12 44 37 -56 85 -35 91 -28 -69 0 64 44 76 -65 -20 -64 18 -8 50 -9 -45 68 -24 89 85 2 -50 70 -98 -35 -6 86 1 -95 91 3 90 63 65 87 -17 -93 60 -21 34 -99
-7 -65 -10 -62 18 -40 -14 31 100 41 -4 -97 5 -79 96 -46 -67 26 75 43 -67 -33 -23 22 -1 63 -60 -92 84 -91 50 -49 38 -89 -42 7 -67 2 -32 16 21 66 92 76 -69 61 37 6 94 -29 -54 -82 -22 63 -42 32 72 82 90 42 -24 -90 -63 59 -79 -56 1 -54 -28 72 16 7 55 -80 29 -57 77 62 16 98 -56 49 -6 31 36 13 -36 -92 24 -76 -10 92 5 -72 44 35 62 -60 17 -86 59
-51 -82 52 -22 -83 5 76 -68 80 42 95 -23 -67 55 27 -4 61 -78 -87 -58 71 24 27 57 70 21 -3 3 -69 28 29 38 51 -7 -75 -79 90 -45 -51 -27 -12 59 -49 96 24 -38 -58 92 29 78 -10 -11 -42 -2 85 86 67 25 25 96 5 -24 -16 -31 81 -95 12 10 2 44 67 69 79 30 9 32 -24 66 -52 -1 33 99 -21 81 -50 88 -15 43 44 -34 15 60 94 49 -37 68 -91 -40 -67 -67 -68
-58 -76 52 38 -20 -8 -26 53 -95 5 -13 -57 70 21 -95 -44 -36 -43 72 24 57 -57 73 37 -21 95 33 -54 -84 -1 -48 -66 -8 -15 -39 7 -99 -8 57 64 -14 81 -99 49 -28 -76 -64 -63 91 58 22 -38 -35 37 -90 -74 -39 -8 -9 -25 -57 73 -45 49 -85 21 77 -44 28 -29 96 49 -11 89 -60 90 25 -54 87 97 93 -26 -35 -27 -5 21 -67 28 -91 9 61 -34 -39 58 80 78 9 -67 54 63 -12
99 -14 22 -58 -50 -87 -1 -75 -21 27 -44 -89 -56 16 -97 83 -39 81 -20 -99 -73 -10 -68 -8 -16 -69 99 42 -76 -11 -15 37 -71 75 66 62 -75 100 -52 79 -60 31 -61 -38 51 -36 9 93 -78 -64 95 79 51 19 -39 -30 22 81 30 -76 7 -75 -89 94 58 24 63 -72 4 42 8 -39 -54 -83 14 42 47 -12 -38 -47 66 59 49 -74 59 -33 72 -100 -68 -73 35 40 98 63 -5 -72 15 -38 -95 -47 62
-39 81 63 89 2 12 76 79 -36 97 80 52 83 67 -19 -72 39 -48 17 33 -96 92 94 -7 -86 46 22 28 -26 100 -17 -78 -39 -50 -20 39 -93 -37 -84 -80 48 13 46 100 -20 -28 25 27 29 53 -94 -1 -3 -61 -29 89 -30 -86 -30 51 -7 3 82 95 -32 -40 85 -6 -1 -82 -72 29 -24 -39 -95 -9 -47 20 20 57 36 82 -2 71 -49 60 -68 -80 -44 1 24 77 19 -55 48 -79 -72 23 46 -15 -62
28 53 -100 -34 -34 -64 -48 42 8 -39 18 84 -99 43 12 -15 -1 31 73 -23 -31 25 100 65 90 55 -19 -37 -52 53 89 -53 -47 4 -44 -76 25 -5 -48 -87 63 54 68 71 -61 70 -40 -47 -44 -67 -21 74 -77 81 35 -22 36 85 28 95 -22 66 -21 -83 -72 -78 -2 -89 -11 69 29 -86 -14 84 -31 89 19 -11 36 42 89 -98 14 56 -93 -75 -60 3 83 84 -38 -9 19 29 14 -47 -11 -17 78 80 60
-61 10 96 62 -46 74 -33 53 4 -32 33 -37 38 1 -31 -95 -22 83 -36 62 79 -82 -32 18 -24 80 28 -14 -91 62 76 -38 -95 49 80 27 90 66 -10 -11 18 -58 71 -66 -61 -52 47 8 -81 42 87 87 45 32 -94 91 -36 6 -68 -40 -92 -16 82 80 -94 -22 65 24 -12 62 58 -21 71 -54 34 25 67 47 -4 32 84 90 71 35 -23 92 -70 -9 -28 -41 -53 42 -2 -54 -43 -43 10 80 98 -56 76
-38 12 25 -54 -87 29 -94 33 -14 98 -55 17 2 -69 85 72 99 75 -66 -69 4 -23 75 16 72 -26 -31 -10 99 65 -21 -99 37 44 98 93 -35 -30 26 -73 -2 77 -52 62 -77 -96 31 65 78 7 62 7 93 89 -22 7 -36 90 4 12 -96 70 -39 57 -15 73 -38 -65 34 -42 37 -58 -99 -98 -14 -79 58 -64 77 96 -69 79 -84 -45 80 -36 -92 -97 59 -2 23 -57 5 -52 -62 25 9 52 30 38 28
-73 27 64 -61 -98 -12 81 15 7 97 33 -85 15 83 95 -68 -70 20 -59 -34 11 1 45 -88 -37 -19 -92 -90 45 -85 36 29 -14 -75 -85 60 -30 13 -61 54 -22 -89 42 61 -75 -26 45 -12 85 13 -10 12 69 57 -88 -64 -22 47 -71 -80 -36 93 73 6 -83 -43 3 2 -18 57 11 98 42 57 -78 -51 -79 63 35 -5 81 -25 -67 100 -83 -62 -70 78 -59 77 76 33 -43 4 72 22 -34 35 -9 -20 75
-82 15 99 -88 -29 -60 -87 -81 -55 -51 25 86 -73 -21 -20 -6 17 57 64 -50 38 -37 91 30 4 -58 9 74 96 -82 54 -66 -3 13 -47 -44 -67 -96 -73 31 81 -67 43 -9 4 65 19 20 91 68 51 -80 36 -85 38 -67 -8 -10 42 -80 -31 -40 -84 -32 31 -72 -61 -66 -3 92 -8 22 68 -17 31 -70 -39 21 100 -25 -66 93 50 -21 -91 88 -69 66 -94 35 -63 -87 26 -50 38 25 18 -66 -71 -65 1
32 52 -20 95 92 22 14 32 5 84 -51 -51 50 32 39 7 96 71 24 -42 -73 -92 -2 -39 -95 69 49 87 17 -57 -60 -48 -33 -21 -40 5 78 -13 -90 -65 45 36 73 70 56 3 -78 -23 -66 39 17 -30 -65 -71 72 -57 13 -37 2 -72 15 -92 0 -67 11 -42 -85 61 11 -97 82 -15 -62 10 98 -67 -35 -4 -24 -53 -3 -78 48 47 58 -32 -2 24 -63 68 -29 -56 18 -63 -86 -85 -6 -35 -3 5 51
67 -5 -88 98 94 -18 38 -53 0 -9 94 90 -72 73 6 -87 -54 44 86 36 -59 -25 -11 85 -5 -79 -60 87 46 84 -59 -52 22 -5 43 -90 86 24 61 77 -89 -25 45 63 -40 37 52 -1 -30 -19 26 -31 58 77 36 95 -68 50 -50 18 -17 7 86 -45 73 69 -68 -58 88 59 37 62 -77 -40 -65 31 -78 -71 53 -70 -91 -8 39 -19 48 68 -34 -41 81 -9 -79 -29 -73 -7 38 -16 88 16 61 -11 -47
-69 14 -59 34 -75 16 -75 54 -69 91 61 -92 -13 19 -80 10 9 -50 71 55 57 -21 -4 -72 18 -58 51 -72 -29 -2 89 48 -21 -78 -49 -7 38 -10 -50 57 11 -42 8 -7 11 91 71 59 -57 28 -58 40 92 -74 25 78 -89 -32 -31 84 -100 41 -26 -13 -53 -34 42 -56 -64 47 64 -41 37 -18 -33 -10 65 -20 99 -35 -17 -27 -66 29 20 46 29 16 67 70 74 -69 -37 50 2 -53 -7 85 -74 61 -27
-24 79 -37 -22 0 -96 28 62 -65 -68 -80 -48 -42 79 58 9 76 -84 36 28 13 -10 71 -20 31 -50 -23 -56 -22 -89 59 29 15 48 42 96 46 -93 -10 -88 2 40 -62 -49 -53 -60 87 -97 -7 -83 -6 -34 -70 -31 79 -44 -57 -84 -65 95 -13 79 -52 -61 87 96 -69 -54 17 -96 -2 -59 -33 -2 3 -73 -28 -44 47 -39 -86 84 -37 -13 54 83 -43 66 -88 82 8 -37 -63 -42 -14 64 -92 14 96 -9 46
57 96 15 38 51 14 -79 -56 -45 -72 -28 45 31 57 -70 37 -28 4 -10 76 -25 -65 -28 -46 0 96 -26 -55 59 -52 24 8 -12 25 -82 -66 -9 -42 78 -100 94 69 73 -74 -83 -36 -1 -80 56 81 -100 2 -72 35 -11 66 26 84 -30 -45 -94 38 -65 -85 71 22 -29 98 2 -74 22 -36 -57 22 -32 74 -92 58 97 -69 -52 19 -57 77 -16 -15 -50 -74 -63 53 -37 -3 -50 78 14 -84 -88 6 94 -58 -16
0 -61 -63 -46 31 68 96 45 24 -98 26 -45 59 -100 -100 -87 77 -27 17 20 -65 -57 -92 -5 -3 59 -57 21 -65 -73 22 51 -67 -62 55 -64 -92 23 25 55 26 -86 -40 64 83 -40 -99 69 92 -94 41 -5 -94 -71 41 40 17 53 22 90 -68 -67 -61 -50 -74 82 81 68 -10 57 99 27 27 -83 78 44 -31 -17 56 84 92 0 32 -1 83 55 9 11 44 12 33 9 71 -81 58 -88 -84 10 77 -81 -30
77 -16 -14 94 17 11 -53 -45 -48 23 -11 79 61 -59 37 -10 -63 45 -69 99 69 -85 -11 64 61 -88 57 -3 -15 -45 41 26 40 47 58 95 -87 -98 -66 -49 -49 -19 -12 41 -78 24 5 -34 -39 91 55 -50 21 18 -43 59 29 -63 -33 -18 36 98 34 -14 94 94 81 -82 -25 -32 21 -50 -41 -37 33 -73 -46 -95 8 -67 -57 -25 84 -75 -60 -79 3 58 47 -87 -75 48 97 -47 -40 96 34 -81 59 41 71
67 -56 -11 -6 -38 -5 14 -63 -63 87 22 -88 84 -92 -4 2 -59 -23 -45 -80 -43 -16 14 68 -35 25 -73 -28 -77 -84 54 -32 -85 -11 -85 -23 -54 38 60 70 40 -45 -87 38 68 70 -16 47 -90 -71 80 51 2 -29 -77 -82 88 22 -23 -87 -60 -45 46 -40 100 -92 -35 43 -73 -64 -19 53 31 74 -64 -50 -35 -34 -52 -30 84 -30 91 32 -12 4 96 -49 -30 24 2 41 -47 -59 -3 47 91 32 78 -11 -26
-91 -78 43 21 -27 13 -15 15 92 20 55 82 64 -57 82 -44 12 -74 -63 69 33 4 72 -52 -70 4 -78 38 70 100 30 -74 -29 -78 -12 -38 -59 17 7 -57 -47 -7 71 34 -45 77 26 -17 35 23 52 14 66 -63 14 -95 -39 94 1 33 -56 54 -84 33 -92 85 68 33 65 -83 40 -86 28 77 43 74 -80 -69 29 26 -60 -67 9 46 -35 5 95 59 -83 28 83 -77 20 -8 40 -50 6 56 -60 53 63
18 -34 12 -74 50 30 -75 -60 6 79 -65 -26 14 -77 -51 -74 -97 -56 2 -70 -39 5 -3 23 -53 99 -29 94 -93 -19 9 38 26 -98 43 36 11 74 56 37 -33 -96 -32 76 73 22 -74 -67 57 -54 -8 -22 7 54 47 98 23 -65 -38 -1 19 2 -71 -43 18 -84 19 -93 55 92 -14 -69 -1 28 18 96 47 -9 -55 36 52 -42 86 33 -18 2 -71 90 40 -1 -40 -100 73 -37 18 60 -49 90 33 -61 46
86 -80 37 10 -40 19 89 44 56 -8 -38 -7 9 -14 -33 -63 87 79 -80 -81 -49 70 -9 -51 -97 16 -5 84 88 14 84 -8 -69 27 96 78 83 -78 -96 66 -56 -93 12 42 -78 34 -96 -13 10 33 -46 -11 -42 -28 99 89 92 21 -65 51 -60 45 -68 6 91 48 46 -45 99 24 48 30 15 28 52 -31 22 -78 32 -42 -53 -42 -68 -21 -21 22 -93 -25 -30 -67 -87 39 -55 -96 -62 -25 91 -11 22 71 2
97 -49 4 17 -41 93 -94 -82 -9 -16 -5 63 50 -41 89 -20 92 52 -85 15 89 -35 23 -3 -53 87 -70 -71 9 -81 -60 -54 -50 -33 -62 18 61 -85 66 -57 -41 -100 59 61 -49 84 83 -44 -32 -35 16 62 31 91 66 69 15 -18 -18 56 1 -79 30 -57 -6 -35 48 -86 84 86 29 61 -74 76 21 46 77 7 -19 86 8 74 -7 -3 -40 7 -44 40 -47 -90 -75 1 31 -76 31 14 51 -84 74 92 -92
-76 12 -2 -26 73 -51 44 23 50 -58 49 55 20 -28 -92 -43 -79 -27 29 52 -40 -21 11 20 31 62 12 -7 -54 -80 38 52 -95 -43 48 81 89 84 -15 75 -97 -17 -70 20 -84 -91 -79 -14 -47 74 18 33 -82 64 -59 -82 -54 -14 83 93 -34 -66 17 10 -64 10 22 93 29 -9 1 86 0 -62 13 27 96 -34 19 37 -18 -65 35 42 -43 -83 -78 28 34 12 81 63 -60 -58 -80 -63 -68 53 -48 -63 -33
-7 -47 94 4 19 8 -73 -87 -66 -8 -87 72 -38 -5 30 -8 51 -89 -21 41 47 -21 31 -46 -78 46 -77 84 -49 -18 -70 7 -66 45 68 17 -14 -59 -25 89 26 -17 -69 -9 72 -89 58 -89 -71 34 -39 -27 -30 7 87 -4 22 -71 69 16 -77 34 22 -41 -78 66 11 31 52 37 -91 31 -44 90 -94 -84 -7 8 35 -79 -39 -42 66 84 -86 98 99 40 -3 92 15 77 -28 85 31 -19 -34 -41 31 96 -40
-10 75 47 42 -47 74 -44 -15 97 -22 46 -54 -31 -10 -66 -76 92 -91 -24 -85 30 -96 -68 91 -18 -88 99 -67 -2 27 -91 41 10 96 67 -92 -40 24 84 3 -69 -28 39 17 -71 -22 -73 -19 -9 60 -95 85 72 -74 69 92 -37 -60 -74 46 -75 -39 -17 85 -54 -69 43 53 99 53 -28 50 -7 -71 -49 -91 -77 -53 76 -35 -45 -82 -39 15 -91 -48 -13 -6 -45 96 51 3 22 89 82 67 -68 -39 -23 -28 -75
5 36 27 -21 16 80 32 54 67 -92 15 67 -38 65 -75 71 -97 60 -64 60 91 25 49 51 -18 64 -83 -18 1 -62 60 6 -82 -59 -37 79 54 13 -3 -38 52 -29 -61 24 9 0 -68 67 67 41 -49 53 32 32 25 -47 -38 -58 -81 -95 77 -4 79 22 80 -19 3 15 32 18 -69 -84 -21 47 29 93 -23 -5 -95 -73 -20 -24 -34 26 72 -56 83 -84 42 59 91 42 -54 27 9 48 17 -24 -82 -11 90
89 27 -24 5 -22 -37 -18 -8 -24 -13 -46 100 -51 -84 -66 14 -71 58 -9 97 -5 -90 62 -39 -50 -86 -21 25 43 84 -59 -39 22 51 -55 83 -11 -3 -96 90 36 -12 42 -29 26 -5 -53 -51 -51 -36 -91 -8 100 -79 -60 -11 92 -82 -79 68 -74 79 -30 53 -22 91 90 1 96 -49 -53 93 -10 -94 15 74 36 49 -37 -56 -23 -43 84 -58 45 -49 65 68 -99 61 -67 -93 70 0 90 -92 47 19 61 -66 -2
-55 47 -47 12 34 26 -30 4 -1 80 -16 -39 12 -8 99 86 -12 -68 15 33 36 -72 -87 -24 36 -40 40 -13 74 -2 4 82 93 22 3 -91 100 72 -52 11 -45 -27 41 -12 12 29 10 -50 97 -2 -50 2 -64 -80 84 -84 44 96 -7 -90 48 -91 63 -84 -94 41 16 -33 64 -36 3 30 -65 -33 -44 -9 61 -32 87 -95 -96 -23 -15 -64 -19 -15 -61 65 5 -98 -24 -73 49 -78 87 85 -19 42 -35 -7 28
-58 -41 -80 31 -61 -63 18 -33 52 79 58 64 95 -7 34 -12 80 1 49 -31 74 -89 5 -84 -93 78 55 52 -97 83 -63 14 -79 10 -98 -7 -75 59 -27 67 -28 -50 -26 25 27 -59 54 10 22 79 -53 52 -72 19 -92 37 -77 -69 63 -76 -22 50 -85 87 79 73 -25 23 -19 45 -93 -72 77 -45 30 -6 -92 -40 57 28 1 -65 -28 -12 70 -88 -10 -88 -35 -83 3 82 51 91 57 -80 68 80 -4 22 33
-62 29 -67 -92 -25 -68 85 -59 -74 90 -95 63 13 9 -98 71 -57 -7 -29 -79 -38 74 -50 -9 35 -8 -32 -61 43 52 34 31 -65 65 21 -24 34 39 -28 -26 51 19 14 -63 15 83 -1 -40 -29 -44 -23 45 -4 44 34 57 61 -57 64 -63 49 14 86 -37 -45 81 44 -60 67 -3 -16 10 -8 66 37 8 -11 23 48 -62 6 -91 -10 -98 22 92 -17 0 68 99 67 68 6 -74 -25 28 63 59 -81 23 9
16 -55 88 10 9 -91 -25 -22 86 93 67 2 58 4 -75 -25 -81 36 56 -22 -73 14 -89 11 -29 22 -47 79 -46 6 28 -65 -65 -19 -76 7 13 -74 -24 41 -32 -38 72 53 79 64 -46 -92 69 96 -39 61 -10 -10 -45 87 13 -85 98 29 38 87 88 75 -50 86 -46 -94 -22 64 -20 40 -39 -81 63 -73 -59 50 -43 -37 -76 -26 -35 -98 8 -79 41 75 -4 -75 76 -36 41 95 -37 -23 -48 -47 35 81 -86
-22 23 10 95 -10 -26 -41 -64 -10 70 -72 -34 -68 -6 7 80 7 18 23 -66 48 -37 42 2 93 -4 43 37 -90 -62 76 83 -62 66 -57 51 14 -48 -86 63 -38 -30 90 11 66 26 52 -48 0 -27 -50 -2 -69 -70 17 88 54 -3 58 59 -52 55 58 31 -2 55 2 39 -88 60 53 32 93 -72 -4 96 -21 -63 93 69 98 -2 26 -66 68 43 -26 64 64 -97 55 -90 -10 -76 -13 52 -5 -89 67 41 72
60 95 -75 88 -1 -96 53 -33 41 59 -35 -71 83 -44 -76 -49 26 -30 -77 -75 -64 -82 -74 27 -15 71 19 -14 91 -9 13 -85 -39 -41 36 -32 1 93 -89 88 15 22 99 84 -34 17 31 22 94 91 -70 -66 -2 30 40 -34 38 -76 -98 -64 84 5 -17 -58 96 85 -90 3 -34 -9 97 -10 45 73 -94 10 -79 89 54 -16 -79 16 63 -67 80 50 26 -38 54 -2 -4 -69 -29 -55 -12 -94 -56 -51 -88 58 -28
-3 33 3 30 63 -86 22 -65 -97 100 -88 65 93 -1 100 -9 90 47 30 -18 54 31 54 71 59 78 -63 -11 52 82 84 -10 26 8 -78 -72 43 82 -70 -12 49 -71 82 -20 -37 25 66 -64 -42 38 -31 21 12 -94 -76 51 40 -45 87 64 75 66 -92 77 0 -35 35 -57 79 84 62 -67 -80 -35 -69 -42 -68 1 -31 79 78 90 20 87 93 -5 -38 34 96 -96 -34 -98 -89 -56 39 -68 -34 93 -51 59 -80
58 -36 14 67 24 44 1 20 -76 62 82 -94 -19 -26 59 -59 46 -50 -61 78 -11 60 90 36 -27 92 -2 -43 -32 -53 74 -46 68 95 -60 23 75 82 -99 -3 -71 -57 60 -72 86 -50 -32 81 -80 7 -81 -100 -80 22 4 100 64 -34 40 8 -99 97 42 93 3 -62 94 51 9 -7 -18 97 74 16 82 81 -44 -16 46 -71 45 -65 34 -75 37 -39 100 -53 34 -50 -98 74 -48 -81 -4 100 20 64 -74 -26 14
29 81 -34 -22 37 -63 69 -2 -71 78 -38 80 -63 35 16 25 -15 42 23 87 -16 -90 48 75 68 98 -76 -24 -65 -81 -62 -73 59 -57 16 42 -81 -72 76 -21 62 -96 92 44 -89 82 77 -93 85 58 39 12 10 -60 -79 1 9 26 -92 39 16 87 -67 -35 42 -48 -88 25 25 -65 87 58 59 64 16 88 -4 13 27 57 -51 98 66 24 54 -38 64 -13 9 -61 -81 63 25 -63 -63 -40 -6 -85 2 -42 16
-69 -12 60 41 19 75 87 -72 -1 -91 -40 30 -21 -3 83 37 99 48 5 79 -98 -63 49 -57 75 -52 -95 82 68 -23 83 -92 7 1 -83 -67 -91 22 -82 84 71 -20 42 15 13 89 -22 12 -34 -23 60 -45 -47 26 20 -99 78 -70 64 -12 63 39 23 52 -36 9 10 -97 -97 71 -46 -92 -60 -6 20 -90 96 13 32 -73 22 69 -65 -61 65 -45 40 -53 83 85 6 24 72 -6 34 47 96 97 -79 6 -30
22 -12 24 -41 -84 53 37 -70 48 78 1 63 -73 27 43 -18 -73 83 -86 7 23 -20 72 -53 95 66 78 -98 -4 -88 -91 40 -91 24 26 -43 -3 20 -94 -91 67 57 36 20 -84 53 -52 8 59 -73 41 -75 -29 25 -27 -43 68 -75 16 7 -87 73 50 49 -3 -40 3 -100 -34 26 -8 -62 98 78 -61 9 -70 93 10 -81 -78 79 51 95 21 -73 -68 -13 24 -32 67 -23 -95 51 -33 22 9 -52 -85 -1 -99
84 -51 -15 -88 25 78 -11 -79 -65 -18 -3 32 -54 -11 30 -76 -39 -46 98 -92 67 22 -4 -26 -35 -16 -92 -56 86 -22 77 17 53 -15 -45 -65 -66 13 74 -20 -88 -78 98 -58 -2 65 28 -53 53 99 -61 40 -57 -33 63 -73 71 76 -61 -4 -100 74 60 -85 30 78 11 39 -96 7 19 -39 -66 34 -80 84 12 -7 11 28 4 -28 36 50 -45 -84 -28 -9 48 -50 34 -100 -97 79 47 97 32 69 -86 -8 28
45 -29 52 41 70 33 -17 36 -47 66 -68 -14 18 38 -81 22 3 38 -23 33 -89 -67 -13 7 -12 -37 13 -74 -45 87 -53 -72 69 -99 33 20 69 35 -37 78 70 62 93 59 45 -15 2 -99 -27 -58 -59 -34 76 15 90 97 7 49 -85 60 12 90 66 6 -35 -83 58 27 60 29 -57 33 -11 19 -86 -49 91 -72 11 5 -45 7 -37 -51 72 81 13 -80 50 -73 90 75 62 80 -31 83 22 54 60 43 83
-53 -48 -93 -34 -8 -78 -26 -79 -30 17 -27 81 66 56 56 -40 -34 -87 67 67 66 96 54 94 -85 92 84 -11 -50 -91 63 -4 -91 12 92 -75 4 -30 16 -45 2 -28 25 88 -78 -96 11 -64 -47 -50 -9 23 49 -3 -77 -1 44 -69 8 -79 36 18 -82 -40 37 -83 55 73 -82 19 94 6 -8 90 -83 -20 -61 -94 -72 -76 -55 68 -75 78 -47 -32 -14 73 54 25 -41 -14 -3 -44 41 30 6 48 32 -79 90
22 -77 34 35 1 15 -25 70 -74 -65 30 5 24 -2 67 -88 -34 40 52 -86 21 70 26 54 7 96 46 -50 -60 -17 -87 -21 59 100 -12 -22 -13 -82 51 37 26 88 -94 42 -23 30 -91 -15 -74 -56 19 -81 -78 36 -67 -19 -10 -94 -94 -26 63 12 -74 -34 -67 34 -51 6 -67 -26 -18 -28 4 -38 17 -72 -48 -58 -66 -61 -89 -79 6 -29 -95 -66 37 27 41 5 58 -27 36 73 -8 -40 11 1 55 -34 -16
-67 77 62 -1 49 38 46 21 -2 -30 -81 -38 90 -22 -92 -53 -35 -87 -27 -94 47 30 -61 19 -58 61 77 -98 -21 31 4 0 18 47 -31 -51 -22 -99 46 17 -50 -17 -68 -36 -24 -99 -36 -73 78 73 96 -76 -1 -19 -66 -64 -99 97 65 -61 -10 63 80 5 -78 56 49 -63 18 -43 -21 -49 38 58 -15 52 -4 37 92 -52 4 -89 74 99 -87 70 -70 -15 19 -2 -83 -93 -14 54 -38 -48 -5 -48 11 56 -37
89 -66 53 -5 6 -94 97 72 -7 -27 64 -82 42 -99 63 -3 -64 -49 -8 61 -11 46 82 8 -62 19 36 -33 60 -26 -69 72 34 94 46 32 -55 -6 21 -39 -91 79 -16 -29 -19 30 -64 94 48 -30 -92 80 -71 63 -93 47 47 63 -29 99 -3 -40 99 43 49 -26 -86 69 75 22 -40 -97 2 -38 82 -61 69 81 -23 24 59 94 75 -47 -69 -44 -7 87 -2 95 54 -2 -60 -54 28 28 -82 96 94 19 -26
29 -6 -74 95 -34 90 26 92 19 -74 94 -82 49 95 18 -48 -55 -33 17 -96 -87 14 4 1 -69 14 77 74 -81 -15 78 -20 3 -73 71 -44 -78 -42 45 77 79 60 -89 -58 6 70 -52 -51 40 -40 -60 56 62 27 -14 -23 10 -44 3 85 -39 65 16 37 23 13 65 52 -2 40 -28 -37 -92 43 -65 83 -19 98 -63 -77 -75 -67 -32 -48 36 -20 -19 -89 2 -18 60 -4 11 91 83 -3 -58 16 82 -35 -73
-12 53 73 -99 -39 -82 -24 74 -4 39 59 -67 68 -65 -29 -66 43 -45 -94 60 -7 87 -75 -54 -48 52 -29 -15 27 14 -19 94 82 -75 -25 40 -85 -42 -69 7 100 55 -71 10 57 10 54 61 63 26 -14 24 -21 95 8 -11 -67 44 -23 -72 -52 72 -2 27 -43 78 17 -46 30 32 70 -65 -68 18 -21 -36 34 -67 -7 -94 37 16 -69 -34 68 61 100 93 -15 -3 -35 -71 42 9 -49 95 25 -93 -54 92 -75
