-55 65 -93 92 -24 -66 -78 6 42 -75 -33 80 84 -1 -43 62 -24 -47 40 44 6 19 -97 58 87 17 -5 63 -87 2 -87 -88 -42 2 -53 -70 -19 -87 -42 -8 10 -88 -28 -76 93 42 -41 -24 68 56 97 -85 16 3 -32 86 -93 31 55 11 -67 -63 -49 -26 -26 62 95 -34 27 19 -74 -91 20 -27 95 35 21 -85 -26 -9 76 -68 -47 96 -29 -58 -83 -79 -89 11 54 -56 20 -50 -39 -52 -59 -42 -10 -86 13
56 4 -79 52 -47 74 33 -13 29 67 40 -73 41 22 -24 57 -40 -27 -41 -16 -20 71 -54 -99 -92 73 13 98 46 14 11 69 -75 85 71 55 59 88 -24 99 27 -30 -29 -65 -4 25 -27 41 31 -39 5 57 -30 10 -1 -62 77 64 15 -7 2 46 15 95 -8 -49 13 56 21 92 77 59 -59 -77 -11 -39 58 98 -58 -20 48 5 18 83 10 1 -3 -29 -52 18 12 79 -17 93 -15 -73 0 -62 88 -81 53
-18 61 -75 -28 13 -10 -11 59 26 -31 -82 -52 47 81 -15 -93 -74 52 8 73 -58 -89 -59 -73 49 69 16 53 -85 69 -84 -28 -34 81 62 -54 59 12 -81 -85 45 -77 -65 81 9 -73 -27 -28 5 -22 -7 63 55 56 21 -12 -81 -53 -38 50 96 51 -97 36 97 -78 52 4 -43 -30 0 12 -45 61 90 -86 70 -7 32 -47 -98 52 45 -78 97 -31 52 -49 100 58 61 -24 -61 -37 -45 -28 91 25 3 13 -50
55 31 90 38 -87 48 11 32 -42 -68 6 -63 92 46 38 -82 -35 -71 6 -2 -14 94 -67 -41 58 76 86 -54 31 -35 -9 -42 0 -32 -94 -44 -47 3 55 83 10 -61 -2 17 -25 81 -21 78 40 82 84 -35 56 -4 84 64 64 43 21 31 -59 46 3 83 -48 95 -53 -51 -98 -96 -62 -90 7 79 -67 2 82 80 17 -39 93 33 -7 94 87 46 33 49 -63 81 -3 -67 -59 -59 30 15 -86 -3 39 73 -83
-61 50 35 53 15 38 16 -92 97 -6 -40 -62 72 -73 6 34 -22 -28 -17 27 -29 -68 1 71 63 87 -89 -1 37 32 18 -35 49 -90 -81 -84 -10 14 96 55 -5 91 -81 -8 -69 66 94 -86 -65 -62 26 23 -33 -93 -73 -51 29 -51 -81 -35 17 29 9 39 -95 85 -47 51 65 -46 95 4 -38 -87 -53 -50 83 62 -49 -59 -76 8 -39 83 88 22 14 2 26 38 -74 71 -9 37 -77 -34 88 6 19 44 57
-29 26 56 -41 25 58 77 -49 -56 -92 -60 -11 59 9 -83 -23 79 82 -5 49 -73 -90 -29 -93 55 29 -35 70 -44 8 -16 81 -40 96 51 -33 90 85 -31 17 -9 4 9 -86 -27 -49 73 90 -41 -96 -2 -68 -1 4 -23 -26 -43 -82 53 -59 27 -94 -92 -96 -65 -9 56 -10 -15 11 30 -37 -74 -38 -50 -25 13 -78 -89 55 76 -18 12 70 -20 -90 -93 10 72 23 94 -9 92 -85 -79 92 -48 -58 -21 20 75
-64 93 -29 -70 -24 98 -65 41 63 66 -71 -60 19 -10 -49 88 7 100 -32 84 -69 5 55 52 -30 52 27 16 90 -76 63 -2 -14 -8 2 65 81 73 15 -99 -10 -32 -34 69 41 49 -68 -17 50 40 -18 -86 -8 -14 37 -46 7 -50 -27 -15 -62 100 52 93 -33 -59 -56 33 99 50 -39 51 -38 52 -22 -50 79 -30 -21 95 9 65 58 -30 -48 86 9 54 36 -41 63 -31 81 -35 -69 62 80 -51 -81 -39 63
-100 -25 10 22 8 -28 1 -77 -48 55 -3 -25 -69 -61 -2 98 85 -22 -10 -87 -92 60 7 -26 11 97 -3 -43 95 -7 -5 -43 73 14 84 -80 -92 96 5 47 85 -74 61 57 -27 10 -90 89 3 -70 86 87 18 58 23 -74 30 75 0 -19 70 -94 -32 88 77 47 -27 13 70 -45 92 55 70 -67 43 -9 73 18 84 89 -31 27 -95 -23 8 -1 -87 -81 -71 -53 70 48 34 -4 -100 -84 49 14 -23 -52 69
-88 71 -28 57 46 50 59 -50 17 31 -41 38 32 89 76 -99 -63 -95 62 9 33 -45 -21 -48 -89 -33 76 -59 3 -4 68 -45 52 7 -69 -52 48 40 -17 75 -13 -82 59 -23 -66 17 37 98 -97 31 48 96 -58 53 -66 79 -41 1 -22 70 -97 57 -63 20 -83 -60 3 -86 9 -77 -20 43 -10 34 65 49 89 68 4 -87 83 -16 75 -66 96 -1 26 -69 19 45 60 -51 -49 -96 8 -42 -61 -60 -8 36 -13
34 47 44 84 86 60 42 -15 74 -89 80 27 -54 -72 89 -6 88 -54 -20 57 87 -63 -61 11 -90 57 29 -25 9 36 -28 -21 -51 -87 -81 -93 80 -89 36 88 -87 -27 100 -41 9 49 99 -80 -47 9 53 93 -56 95 -12 3 -39 -96 -88 72 -38 54 -29 44 39 38 18 4 94 57 -74 -12 49 -30 92 11 -33 90 55 23 77 -53 -25 -66 -100 -81 92 0 63 -15 40 -72 41 -51 -51 -37 -10 12 61 92 -61
-23 29 25 21 -70 78 89 -47 24 -52 -2 -30 69 -7 40 25 46 70 45 42 46 88 8 57 33 79 -21 -20 -77 -94 -66 18 -64 57 -97 68 16 -11 54 33 -96 40 -80 9 -59 34 16 56 -26 -34 26 10 15 -100 31 -37 93 82 -21 3 -51 92 2 -88 -24 14 -97 -93 -66 39 32 81 -85 17 -88 30 41 -15 -75 19 71 43 -31 10 -22 69 -83 -64 42 -67 -48 39 -58 -71 25 -11 15 -89 72 -59 75
9 -75 96 68 5 -47 -38 1 34 -26 48 77 85 -94 -39 -10 52 25 63 75 -69 72 88 40 10 -7 38 -8 -21 57 -96 -12 -20 17 -59 56 -54 45 23 13 37 15 -34 -60 89 2 52 -24 -83 -19 -5 -88 44 62 33 56 -25 -86 -39 26 -28 -15 -91 69 -63 64 57 54 19 9 -83 -21 46 61 14 73 -11 58 8 -32 32 -30 -5 79 -24 -35 -24 46 70 89 -34 38 -73 42 -80 72 59 74 28 10 69
-87 -12 -81 -40 84 -82 -64 -88 85 -17 -25 -43 -98 100 -10 74 73 -18 51 -61 97 -94 100 12 37 40 46 -48 41 -7 -40 -54 -79 -67 5 -80 22 97 -50 -65 90 -51 45 9 -9 0 -78 24 95 24 17 -91 -15 -34 82 50 25 -92 88 36 -47 -15 7 5 -57 89 32 -90 -68 -26 97 39 3 37 35 -98 74 -17 -33 34 45 -79 77 -55 99 -45 -88 -67 52 0 16 14 -37 8 48 -86 88 11 71 -35 54
-86 70 99 92 14 -93 31 -22 17 -50 98 -68 -81 -79 -62 -3 40 -34 0 66 90 -96 -85 61 -17 32 93 -24 -27 -22 -89 -80 -22 45 -28 67 -59 56 -64 71 91 -51 -69 68 -11 66 -52 -7 44 88 -76 -37 -8 -52 39 -11 -71 90 88 -23 57 99 60 46 46 5 -22 -14 26 -89 74 -63 9 -5 34 56 48 74 -66 -14 -98 77 -16 24 49 -27 -72 -33 -55 -17 -33 -65 -100 79 -25 -82 91 -40 -71 -37 -37
69 41 79 -83 86 -27 -98 70 33 73 85 -68 -100 -31 -63 -35 83 -1 -21 34 -82 23 1 27 29 27 -37 87 94 -51 -75 -86 21 -62 89 8 -17 -81 66 -88 -23 -90 50 85 -91 81 -86 -39 -82 -17 37 -86 44 66 13 93 65 -27 69 58 -81 -1 -36 30 -48 -19 -1 75 70 -87 -52 -68 -56 -84 54 -27 -20 81 -81 82 -94 -25 3 -68 95 20 29 40 56 -16 76 30 84 59 79 -61 -20 55 -66 91 -81
-44 -64 42 -88 -11 -40 22 31 87 16 51 -30 2 42 17 -91 84 -76 -64 84 -56 53 -49 10 0 -56 76 47 19 -5 -77 -89 -30 -79 43 -25 29 34 38 -92 -23 -50 71 88 -19 -29 -85 -100 29 -24 -91 82 51 37 73 -71 -69 -52 9 14 -63 30 9 -11 -25 43 81 -87 -80 41 76 -70 -55 -55 -78 3 -60 -89 100 14 -42 -58 43 51 97 -31 -18 59 84 47 -81 82 99 -37 41 -22 79 -89 11 -65 5
-11 41 -84 38 59 50 68 40 -38 -77 -43 -94 -61 -42 94 42 23 -99 37 -27 35 -5 -55 -4 71 98 89 -46 -45 -50 -39 -37 -24 -2 44 4 11 53 -21 -51 45 83 -65 68 -30 68 -6 59 49 -70 48 45 98 23 85 -60 71 100 -78 -58 -13 19 18 43 39 -75 32 -88 20 -13 81 96 -50 -56 96 13 -3 54 61 -65 -25 66 -97 13 74 -82 -24 49 56 58 61 -77 77 4 73 74 -55 69 97 -40 44
-35 40 -23 -18 -76 -86 82 -91 0 -26 32 -77 61 72 -60 -10 62 -45 49 -66 39 -93 -32 -99 35 61 54 -24 23 -49 81 67 84 -29 26 3 60 -9 -11 -85 57 23 28 -96 77 -93 95 7 -16 49 -43 4 -56 -91 24 -100 -80 -1 -65 -61 8 -20 53 -90 -16 96 87 17 -8 65 68 -58 -43 64 -27 -98 74 -69 36 21 33 80 -8 -14 5 -63 10 -26 -61 8 -57 -21 -9 42 20 -26 57 -24 10 -93 -82
-64 3 91 75 96 -15 56 7 -23 -54 5 -60 -34 75 36 -56 27 -55 -85 -89 0 -75 94 57 21 99 -82 98 67 53 -48 3 39 -20 -30 52 -99 -93 -49 16 -52 -29 90 -61 100 9 -94 -97 65 -87 79 30 -25 -50 -29 55 27 58 30 -7 20 24 -42 45 -32 68 2 -95 7 16 -91 -40 95 -68 85 -95 -59 11 83 -95 11 -13 47 21 -98 -85 72 28 -26 47 -60 -37 -62 75 -46 -70 61 9 -43 -7 65
97 -69 -60 66 20 81 27 -88 -82 -90 60 4 -11 -70 -24 48 96 38 -23 55 -55 -86 -75 19 77 64 -56 -27 -89 38 -54 52 -95 -88 19 -44 26 -57 94 -13 -17 50 -17 11 -63 98 85 31 -39 89 -73 -47 -6 55 21 -47 -15 -37 -37 94 -14 7 68 -54 95 -80 -59 44 38 -24 100 -8 21 -54 91 -46 21 1 7 46 -28 -44 -85 50 -5 12 53 -93 60 41 -36 -54 -38 47 -42 19 -81 -24 94 92 -32
1 -33 97 -50 -75 64 77 -30 -89 76 80 27 46 11 4 -96 -54 47 52 18 31 -75 99 89 -58 77 57 -4 -2 -73 -62 74 71 -13 75 -84 75 -35 33 89 82 -95 17 -66 36 -17 -30 39 100 -90 31 -69 -77 57 -98 11 -23 28 69 -53 25 68 -93 94 34 63 77 -54 -70 -39 84 -68 62 -19 -73 -64 -88 -52 -100 -93 89 10 76 -63 -99 23 -40 71 -11 -91 96 2 46 22 25 27 -62 -83 77 -88 -89
-88 87 24 34 -69 -31 60 58 88 -2 -50 -29 36 -94 98 -21 80 17 95 -10 47 46 83 -14 -46 63 2 -10 -53 -98 13 -94 -88 -94 52 -88 36 71 -46 38 -41 23 -75 57 27 -74 -45 22 -51 -30 -26 20 15 23 -79 -31 -45 -67 27 -100 90 -92 19 -82 68 -75 38 -88 -64 -91 62 65 -81 -79 -88 39 -4 52 92 -78 62 61 -25 25 15 -44 26 -75 -72 21 -60 -84 23 32 -94 100 69 -19 91 29 -34
94 68 62 -94 85 92 99 77 -46 94 -17 13 0 -12 58 76 6 48 95 -58 -99 -86 10 -26 -50 -57 80 75 -25 -58 -32 -73 -59 -83 96 68 49 61 55 -18 96 -21 49 -63 95 76 -99 -5 73 -83 -29 31 6 -22 43 -33 -26 -42 -30 -17 -62 -38 88 -49 5 27 -90 58 22 -65 -49 -36 -39 71 -52 39 -85 -85 -33 -98 -93 -96 -19 77 77 47 -4 -78 43 -61 -54 82 -3 -93 43 -18 73 68 -21 -43 34
20 -62 30 -44 -70 16 -32 19 37 -41 -32 -96 69 60 -70 15 -10 -2 -93 -12 -62 10 -49 96 85 -100 -59 -41 5 -21 -39 57 27 -24 97 79 99 48 15 -92 38 85 21 70 -38 -53 76 -10 34 20 17 10 37 -50 50 -83 58 -54 3 -65 -48 -83 50 -63 69 52 77 58 -94 81 40 10 -73 49 -24 44 -93 96 -46 13 -10 42 4 0 -23 -97 81 18 -50 -98 23 69 31 77 -2 91 8 -6 -74 94 -43
48 -77 86 17 61 84 26 59 -99 -55 25 14 -74 22 5 79 33 -78 9 -56 78 -53 93 93 -18 -5 -41 59 -12 -35 18 -86 -8 37 47 65 72 -47 -31 -8 92 89 -94 -96 -100 -79 3 0 27 -76 75 -82 26 10 85 -27 99 -10 -37 16 5 -41 -65 -30 5 -11 86 -64 -86 -39 -38 90 -30 75 -14 -16 14 62 -31 -33 2 -5 47 -18 -82 43 -4 53 -19 -7 -82 -24 -65 94 20 -32 23 42 -22 61 -54
-8 41 -42 48 24 -65 46 11 17 -4 -18 12 -30 -17 10 -41 -58 18 -65 -73 -38 41 -78 69 -36 12 -72 91 51 -92 -28 -46 -24 -56 -10 -1 -2 33 -86 65 -58 -95 -40 50 -80 -98 23 -83 31 44 -47 33 -57 46 -47 83 14 67 -46 -6 44 -27 3 -72 68 69 -26 80 -71 -14 -57 23 -89 -17 45 -28 37 -63 -32 45 94 -81 -9 -19 85 5 9 52 -47 37 64 25 20 -85 -71 -47 -72 48 14 -87 91
-87 -77 -26 -33 -13 -82 -20 23 2 -38 -91 94 -87 39 86 -83 34 -11 74 -95 -46 17 29 -50 -91 -34 30 91 -30 80 -96 24 59 -72 77 84 -4 -71 61 -7 12 13 -58 -8 21 0 -54 66 -91 2 17 76 -41 -87 6 30 67 13 34 4 1 6 -86 -95 -71 62 12 -40 84 29 -87 -36 16 -35 -75 -87 26 -91 -94 -53 22 100 22 51 -69 -53 18 -7 2 -7 -85 -66 34 -90 82 -4 68 28 -33 45 -57
-60 -86 -59 -89 -4 -93 -99 -71 -75 59 -70 -42 36 90 -4 94 -43 85 57 -26 -82 53 -78 -4 -71 -98 -81 -21 -50 35 89 55 -96 -1 93 -53 -58 37 38 -30 55 53 71 30 88 62 -20 -55 77 21 78 -37 98 24 -16 -38 -17 -94 30 -16 -11 -75 -17 -91 -12 -88 10 94 1 -79 67 12 -63 -13 -6 -11 84 -17 47 86 31 53 -99 3 -27 -59 -63 -100 -51 19 99 62 55 17 -76 -88 94 -35 67 -87 -69
26 -11 69 -33 76 5 -50 -78 -64 -26 -42 5 -48 -55 -2 87 34 -98 -64 99 -88 81 -52 62 -24 -81 -78 69 65 -17 -17 80 36 81 4 32 84 -17 95 47 -88 39 -28 18 -70 -96 20 -17 -50 34 -62 -64 -95 65 -43 -23 35 -33 9 -69 -47 -60 -85 -81 -78 22 1 86 77 58 -3 0 70 -13 -32 31 -4 91 -86 -71 61 39 30 -65 -76 -98 29 4 -22 -41 59 -78 -61 -10 -24 -90 71 -17 36 -9 -39
-13 62 -52 74 46 40 -64 -49 -57 -86 -11 44 5 -74 53 -86 75 -87 -46 -25 34 -74 40 -71 46 83 -93 13 -19 -61 42 -94 -47 -89 25 67 -70 75 10 90 43 6 -19 20 6 -13 95 95 42 48 40 -98 -41 34 79 64 -68 -47 -45 -27 -3 87 0 -16 -42 -77 -65 59 56 63 -56 94 27 -23 -33 -86 -27 79 35 51 -69 -56 -62 -28 39 -4 -16 49 35 40 47 -78 -5 63 25 -53 -49 -97 -74 -21 -82
23 82 -2 -37 -23 49 -73 -23 87 -20 65 23 -94 66 -39 36 54 -99 22 89 57 -13 95 -8 -87 1 -29 -72 -72 78 81 39 -63 -33 11 8 25 -1 -80 62 60 83 78 72 -19 -30 -97 16 76 34 23 46 98 -94 -64 -90 8 -21 -65 72 -69 55 -53 -60 66 10 73 52 4 59 0 46 86 -48 -47 97 -81 -3 -20 -91 -99 -100 -19 -89 41 16 42 45 -77 32 -38 -74 -2 -3 -28 -68 -76 96 4 -71 16
-31 67 -24 94 45 8 53 -31 28 -2 -63 -4 -98 94 -62 -22 -84 84 -97 -12 -55 77 48 -78 97 71 -44 65 -85 68 72 -7 -64 -73 25 -47 -13 -48 46 60 -73 66 92 56 34 63 100 -64 -85 39 39 54 6 15 51 -47 75 43 99 2 -91 -25 -4 70 -15 -30 -43 -1 36 6 1 51 -80 96 -39 -59 94 86 11 14 -39 -93 64 33 68 -96 -98 -30 23 -6 92 34 -42 90 -51 29 24 -54 88 31 -42
84 94 -91 -16 -17 63 3 72 -41 26 -76 61 6 -34 50 45 -79 -97 -20 -63 56 75 97 -38 67 43 -18 97 10 -81 -24 89 10 5 70 18 26 -62 -65 -66 -77 -88 -82 -34 45 90 96 24 -58 30 -9 38 -32 -68 -77 -34 -30 -37 -52 -59 -48 49 -59 -69 -77 84 -45 99 54 13 -14 42 -57 14 -66 1 -44 -51 -16 -9 -29 -20 41 -77 7 57 2 84 75 85 -30 -96 70 -20 -52 -70 -28 -69 45 -6 34
-39 53 -58 89 97 -3 78 2 -21 -46 -37 35 24 -90 53 41 -55 47 -29 23 -8 77 -72 93 23 95 -87 -92 67 -39 89 -21 54 -76 87 9 -40 -75 -51 61 79 -88 39 51 72 48 -42 -98 -27 95 12 2 -55 -63 99 -76 -97 60 -82 26 94 -49 8 -7 100 35 6 16 83 -68 40 30 -40 -22 12 -53 -3 73 58 82 -17 -13 40 20 56 -66 -20 -35 -30 -60 -18 66 89 74 51 87 -92 89 15 -14 -97
52 87 61 11 1 72 -59 4 75 16 -71 -94 27 -54 38 56 -68 73 43 82 -87 92 18 24 -94 46 -64 -88 44 -74 10 -55 62 74 31 -40 -58 15 -7 -27 -90 -100 -20 50 93 63 11 54 16 53 20 -70 63 86 -59 -78 26 -8 93 100 12 39 75 94 85 -77 -27 -74 47 17 31 38 13 86 22 -39 -25 -3 88 99 -39 -99 -76 15 64 36 -92 40 -87 3 -47 84 -51 -94 -87 -21 -33 -15 -4 -23 77
94 8 6 -3 30 9 52 -93 -72 33 73 58 -42 -11 36 -79 -76 39 9 -30 75 4 28 21 -86 46 100 -99 -20 -39 -16 -53 -48 -52 6 -26 62 94 66 -79 -100 34 -97 -41 76 -7 78 -90 -26 94 65 16 57 -70 93 3 38 49 -38 -51 -95 -32 81 -33 31 71 14 95 -30 85 -47 -50 60 46 23 63 76 66 -52 4 68 -65 3 -16 19 -36 -97 -38 45 88 -83 50 -87 -45 -65 60 -89 -49 53 -47 -38
8 77 13 94 51 -97 -88 -67 38 -66 9 78 63 -6 83 -43 22 50 57 -49 -41 92 68 74 8 97 79 -35 -49 -28 38 -74 61 36 43 92 81 -84 -96 -98 -61 -84 24 95 -26 91 -96 90 -50 72 -17 18 61 -88 -76 -61 -15 -11 32 15 -12 96 29 -55 98 71 -61 59 -85 31 95 -31 32 -77 98 -46 77 17 -45 30 46 48 4 50 -13 43 -73 4 36 11 -94 -39 44 43 -82 -83 73 87 -87 -57 52
-34 36 -28 84 33 -65 35 31 58 -75 24 49 41 92 -96 28 -98 -8 -48 7 -57 31 -67 66 12 83 -75 -15 31 -99 14 -49 -95 56 65 -19 -90 33 -21 -36 -75 96 79 -60 -20 -55 -25 67 -80 3 -69 65 65 55 74 68 -23 83 33 -33 -15 34 99 15 -4 -80 16 34 -45 51 65 -62 -60 70 5 37 -38 -26 -52 -100 -82 -9 -91 -51 -8 -60 -24 -53 43 -79 -24 -17 48 95 -90 -33 -36 -1 13 63 -32
-51 26 83 75 -4 -8 -50 -59 -39 12 48 -97 -59 44 25 21 -48 -26 66 98 -69 58 -96 55 -72 5 -27 28 -74 54 36 -83 -16 -36 68 -6 2 11 -11 89 4 6 67 0 88 10 -41 9 -25 56 30 6 21 88 -15 18 72 -43 10 -91 -100 -10 65 31 18 98 68 63 44 -29 73 21 26 -50 -88 -44 32 -93 -53 88 87 16 -25 1 21 71 -87 52 -49 96 1 -35 -87 -90 35 -50 6 57 -30 41 43
0 70 78 4 95 13 2 16 -21 -47 -17 9 -64 8 84 -78 -28 -73 69 -25 -34 88 7 -58 -20 -89 42 48 94 9 -59 55 -2 -88 56 -70 -24 88 43 48 -83 15 94 76 -51 -62 50 -50 -45 100 12 82 22 11 -35 -58 -63 96 -77 -43 -25 -31 -17 43 88 22 -84 100 77 58 -12 63 84 -77 2 -27 -51 -53 59 98 3 -79 87 86 -66 65 -90 61 -43 -63 -100 -91 -50 -37 57 -39 31 42 -14 -20 27
-31 -90 -72 -73 81 29 78 -97 51 -36 -31 22 59 52 -57 75 -48 57 -81 -82 -33 -59 -85 -18 42 -83 64 50 28 47 -95 29 -72 -49 -92 36 -33 -51 25 -52 95 77 -81 -83 42 -88 -44 -47 -68 48 -86 -33 -41 -45 25 27 48 -56 -40 54 -42 -52 5 85 -72 -48 -33 -76 35 77 -87 20 48 -84 9 100 43 53 -1 -41 -56 -2 54 -47 -65 55 -66 -93 90 -56 -54 30 -29 86 82 -46 74 27 79 -29 -37
78 12 39 -79 -47 -30 -100 -60 -78 89 100 56 67 -68 62 9 34 -21 -91 -31 96 -74 61 87 -92 55 -16 62 -22 -9 -58 60 73 -76 56 -9 13 -85 -2 29 57 -34 -61 -89 -47 97 -69 -40 -32 -27 30 -19 -66 1 -31 -66 18 87 -93 -80 -18 97 -89 88 26 2 78 -66 30 -47 -36 39 -52 -72 68 -68 70 -9 17 15 97 -10 89 -82 -78 -31 -30 -7 -22 92 7 -54 39 92 70 92 9 58 47 19 -12
-83 -35 73 -77 14 44 -81 -35 63 52 2 -45 -4 -10 21 66 -77 -56 50 -73 41 -65 5 35 10 13 70 32 -25 36 -13 7 -52 2 -82 5 70 -19 -73 -18 49 -62 -1 44 -85 -25 89 -40 17 32 -96 -19 70 -71 35 -16 -13 -31 -62 -38 -68 53 -82 -93 70 -39 -52 31 -52 67 -83 30 -63 -24 -45 -18 -54 -29 -66 -6 -85 -5 18 36 17 -45 -50 -14 29 40 93 28 -53 -81 35 -97 -69 93 -88 -3 -90
-43 32 -52 21 85 39 18 -81 55 -32 86 -69 -34 -43 -65 44 -23 -96 -18 -30 -70 -67 -72 81 -99 33 -15 17 14 41 9 -80 -59 64 -70 12 60 75 97 35 -58 -27 7 -68 50 63 33 88 -45 99 92 -94 75 -22 -85 -72 44 -60 -4 -57 83 -34 40 -76 74 -97 86 43 -15 69 -7 38 90 71 35 88 25 41 44 -72 -66 54 19 -99 5 85 -77 -32 -67 -7 63 43 99 -23 -53 -83 -11 -35 -61 -25 72
-88 56 79 34 -49 22 -99 -45 -42 -18 -38 -2 44 -54 -90 14 91 59 65 -44 -43 68 -55 -50 -37 18 100 49 -23 -19 57 41 -94 26 70 71 -9 47 46 12 -90 -12 -19 -51 -75 -90 -88 -10 -22 -76 -7 13 45 -26 -39 -80 -8 37 -99 67 -82 -57 -18 -64 -48 -100 -87 -84 -40 15 42 -90 8 75 47 93 -14 16 -43 42 36 -54 -24 46 -77 -95 -51 59 67 89 55 -63 -86 -5 13 -15 -2 79 80 55 -66
-33 89 -16 3 56 -24 -71 -74 77 -95 -63 -15 39 -83 72 -89 -43 90 58 -49 2 83 -75 -66 -61 56 -10 49 -91 -35 -98 43 88 76 -84 51 47 41 -33 -100 57 -12 -28 75 -65 100 46 -14 11 100 -54 88 30 6 -21 -79 96 -92 2 18 -89 -56 -23 -10 -19 -78 -46 85 12 59 -23 -1 -62 82 -48 -36 -45 7 -82 46 -37 -88 71 78 30 49 -26 -42 38 55 33 -81 -38 89 -45 -61 -35 47 6 60 -84
-8 31 -48 -80 46 -62 -98 -41 6 -17 84 -99 -28 15 34 -42 3 -41 -13 -58 -51 -10 64 46 11 14 -41 -98 59 -77 -98 -34 20 7 -82 6 30 53 14 1 -49 53 7 -93 -9 34 -84 -34 -100 32 62 -47 -86 62 89 -88 13 -38 -15 -84 61 -4 -82 -94 -51 -6 23 50 46 14 -47 -88 30 78 48 -80 -54 -45 19 -11 28 -76 -28 82 -34 36 -99 97 -26 -38 77 96 56 -56 -71 10 -32 1 -40 40 23
-47 26 54 -66 58 -53 90 60 5 88 -66 -66 72 35 -24 -10 -40 -23 4 -88 -2 42 -37 68 13 -64 56 2 40 59 -100 -62 -22 -24 7 61 -41 -100 78 -69 -20 66 -8 -3 40 -74 35 59 70 -52 1 46 -25 -25 -33 -94 -67 -49 96 95 10 -33 -18 -67 46 28 75 -24 -33 -76 29 -17 -34 -77 -36 61 10 -73 -37 85 37 -19 -24 95 22 89 24 -46 75 -18 9 2 -87 52 -55 -65 -45 66 45 -8 -18
12 82 -96 11 30 57 -65 96 -9 -96 2 -66 -53 -62 -66 13 35 -98 -35 -70 -49 17 24 40 -7 67 54 -5 -7 11 -11 -74 -24 -81 27 44 -60 90 -35 45 -91 9 39 -23 35 -100 98 -13 -56 -38 25 -58 -25 -67 -51 25 72 55 31 -3 72 -96 -72 -60 -93 -12 86 43 9 72 -97 25 75 45 -25 -69 -52 -82 9 -21 -8 -59 17 68 21 -70 -78 -70 -10 -88 -3 -91 70 81 14 -78 48 93 -78 93 84
-91 -54 5 44 64 -37 67 -74 56 -21 -47 98 -71 -77 73 -68 -44 26 -30 -59 -35 87 -9 -90 17 61 -92 -98 31 -13 -97 85 75 -58 26 14 54 -84 -76 -38 86 -74 50 50 70 -54 -24 43 -27 -65 47 -95 -30 60 73 15 -66 50 -37 56 -36 -14 86 -12 -89 -81 -19 14 15 94 85 -64 39 31 -3 76 -66 59 -2 -4 -26 25 17 -26 -67 -76 11 36 99 80 -51 -3 49 15 -94 67 -100 65 -92 -35 -69
-24 99 -23 95 84 -32 -75 90 -88 -17 -5 -98 31 -9 -30 35 75 32 -58 23 14 2 52 93 95 42 86 58 38 38 -36 -68 -93 47 9 91 50 -84 23 22 -8 -8 98 64 75 -93 82 -39 -8 25 -34 88 93 29 20 52 18 -75 -84 -16 72 -92 -65 -100 58 45 -16 73 99 18 -72 -28 -61 98 22 -84 -68 -97 72 -62 67 -97 16 -67 -45 33 -94 -61 -10 83 70 33 6 27 -32 -47 34 21 59 37 84
98 -68 39 39 -59 98 67 -62 26 -8 -91 98 -80 6 -47 -18 -16 -48 -60 -56 -84 36 -52 58 -27 7 35 -77 -37 54 61 -46 -60 -82 -48 -93 95 -80 -49 -88 77 98 6 -28 -37 -87 39 7 -97 -40 97 -78 -60 64 -28 -97 33 84 82 37 6 -26 37 -40 15 99 76 -13 45 40 87 -44 -67 -25 -28 -4 -37 52 67 11 -99 18 40 -51 4 -78 75 -11 -73 81 14 -90 -81 10 -35 68 6 84 -34 -70 88
88 -29 54 0 -42 9 48 41 -62 41 -72 59 49 -3 29 94 -3 42 -53 53 -14 87 -95 97 86 -39 -16 -39 -12 98 -15 88 -24 4 74 -1 -31 -4 -27 25 -25 -62 65 -5 -36 -9 -30 -74 -93 -5 55 23 9 48 11 -32 -54 1 63 -98 70 -85 -72 94 -40 99 -7 -63 -96 14 -59 -84 24 71 -76 11 -23 69 77 79 23 83 -3 74 -100 50 -60 58 -56 27 62 -23 -13 46 -24 -66 45 -78 -12 64 -33
54 53 7 -57 50 26 71 56 -72 42 51 -27 -32 -17 -20 -19 -90 -69 65 -67 -88 -13 50 28 21 -94 -56 -30 77 68 9 -73 -71 -93 -41 49 -86 -44 92 -47 -43 -37 -20 -78 -8 -39 -62 -34 -59 20 -77 96 58 -27 67 -4 -56 93 21 -100 62 -45 -53 0 39 -60 21 62 25 -57 10 72 -15 -10 -32 -51 27 -91 -56 46 17 -60 53 -3 -17 24 -3 14 63 -7 -74 -77 -100 -55 50 -83 -37 -75 -33 40 29
25 41 -40 -91 72 -7 78 -12 -38 -94 17 -48 68 -73 -13 94 65 -17 36 -97 -80 40 -80 78 18 87 -78 61 -40 42 83 21 -27 -11 15 24 -77 44 -60 -86 -72 -14 -18 -79 73 -59 -69 89 -60 14 -74 -15 -4 -56 8 37 -64 -17 -1 -43 0 77 86 87 -54 -56 -36 -35 -71 -4 -6 -39 20 -34 -40 52 11 21 87 -11 -63 66 -46 42 85 -12 26 -64 78 68 70 -43 -52 -22 34 -2 -94 -27 -35 -57 -39
87 -47 -19 36 70 85 35 48 50 -65 39 80 19 38 4 96 59 9 84 -50 62 92 -90 52 -38 -60 47 -97 59 -49 75 -59 85 -76 25 91 -48 57 24 -28 83 -33 67 23 -3 64 -44 -99 -50 -81 3 71 -96 -62 24 55 59 54 -18 -56 69 86 -13 59 -22 27 -27 -94 -72 -32 -36 96 -48 16 -50 -38 34 -43 -7 51 54 -66 67 0 -98 16 -96 15 93 74 41 -52 18 71 7 34 92 49 52 26 27
36 -77 -23 86 63 -54 -86 -28 82 15 -63 81 -59 55 0 90 85 86 -34 86 -8 -5 -68 64 -55 91 -12 55 41 21 71 -78 34 17 -4 -67 -30 -21 15 54 -97 96 -52 -55 0 -34 -91 70 -68 -57 -27 -57 -78 92 -91 25 -44 22 -10 100 89 -42 54 -52 98 -28 21 4 87 -6 -96 -75 -23 98 98 -12 -97 -88 29 6 -32 74 62 -29 8 59 52 -35 8 -77 -24 7 43 -46 -95 -95 79 37 91 87 72
84 86 65 -100 -63 5 -43 -55 54 -55 -12 -60 90 51 50 -23 9 53 22 15 -53 34 16 -9 100 -99 -22 43 -71 -85 7 48 1 -97 -67 95 -77 82 -40 92 -64 -35 45 70 55 75 13 -22 53 -94 93 -14 60 -31 26 -90 -89 -58 78 -96 75 -31 -3 -63 -86 -31 -59 22 -100 -88 -81 -40 -49 40 -22 -34 -13 20 -32 36 -49 -95 30 -49 1 59 -65 -76 76 -76 31 93 -13 -74 63 58 85 72 -50 91 -100
99 -58 31 -68 52 20 47 89 80 28 49 70 -47 -98 16 -47 32 -82 -39 -14 91 -23 -15 34 34 57 -76 69 -12 100 -57 -34 -86 35 30 -91 8 9 -64 66 79 -67 27 -64 -49 38 -29 13 93 55 -62 83 -13 86 -33 -27 -50 -19 94 -100 56 -46 -2 -10 -94 -89 -46 98 -52 80 -5 14 53 100 1 57 -25 -55 30 -44 10 -94 -21 -49 -100 -58 73 77 -21 73 -31 92 91 29 -76 -63 -57 64 -96 -5 -26
-43 45 14 35 46 88 1 57 -26 12 -78 -65 9 86 30 54 5 -23 11 -42 54 68 -43 51 89 -88 -6 94 -25 17 -14 -21 -33 64 -79 -41 48 -93 67 -80 18 7 28 -46 -24 92 -65 -95 -62 -66 56 -22 32 -24 16 94 -18 74 22 -35 55 63 -58 17 -58 -24 35 -21 79 27 89 14 -9 24 33 94 -8 26 31 -53 -90 56 -75 38 -49 32 -70 98 25 88 -55 29 -27 -11 -24 -41 82 36 26 70 15
-45 15 -46 -6 -6 99 -72 -14 10 25 49 3 -22 -75 -80 -82 30 -9 -53 83 12 24 39 13 -98 62 -58 27 68 -68 77 65 -59 25 24 -16 -2 -40 -76 71 -72 34 -91 89 -73 6 40 -83 63 -45 -98 82 -95 -24 -55 63 -25 49 -68 84 -67 -12 11 -97 -64 60 -95 25 77 90 61 86 91 33 78 -58 70 90 80 74 21 15 -29 31 -52 24 63 -8 65 57 -20 52 -100 -83 51 46 7 6 -91 -81 -5
-53 -67 76 74 -27 -11 88 43 -54 -38 26 34 62 10 -85 27 1 24 10 38 94 86 97 -40 7 -21 4 30 -13 17 -37 -41 33 -23 98 51 -22 88 -73 -81 70 68 -70 -39 19 80 49 -22 9 58 72 18 -83 -1 -78 -13 -46 85 -74 -9 53 84 62 27 76 33 -60 73 38 -97 -25 -80 61 1 -45 75 -20 79 33 1 -45 -34 -16 7 -60 -20 -97 -32 6 14 46 93 -51 -9 -12 -36 41 -85 58 52 -22
-29 -24 74 31 -45 6 -2 -20 -27 4 48 6 24 -46 26 -60 -18 -89 -88 -94 47 93 15 -7 -84 20 -47 -61 -47 84 98 18 -82 -67 69 76 -88 36 -78 -42 -76 -71 -23 47 19 -69 -11 75 -82 91 -28 90 56 -72 -15 3 7 95 -71 11 55 68 3 35 -75 6 -84 -17 -27 -5 -93 -95 -71 4 49 -53 20 49 -2 42 90 7 84 -24 9 87 -59 -78 41 58 62 -6 -23 88 21 44 48 -76 -55 -51 48
-55 -89 65 -38 30 100 72 -89 25 84 90 4 51 80 77 -40 -71 -50 34 8 -42 -56 98 -94 -85 64 -37 62 52 -7 34 14 93 -64 -55 -74 77 -94 24 27 5 59 -95 66 56 -26 85 -83 20 -4 61 -26 -23 9 -43 29 -94 61 -20 60 20 -94 -41 21 -44 -97 -51 39 75 -50 -69 -23 -28 -25 -94 79 -71 -70 70 -73 -100 17 24 -68 -39 28 66 53 -30 91 -64 57 63 1 9 4 -90 56 -93 47 97
55 85 13 -9 53 70 -76 92 -47 62 -34 36 13 23 -70 -62 99 -91 15 -3 -10 -15 -47 -32 -23 27 -62 91 -98 86 54 -91 -29 25 75 -84 -20 94 9 5 23 -32 -79 -21 65 -54 -73 -31 -1 -50 -15 -57 16 -11 -73 11 -1 27 37 99 89 -27 -29 -60 13 -28 -80 -73 -50 -27 0 90 19 3 36 27 42 -15 15 47 64 48 68 -26 78 83 -7 -84 -60 95 -86 22 82 28 -86 8 -42 91 61 99 95
-3 25 -37 -20 -13 4 89 -89 -34 17 -59 -82 -92 72 -11 8 60 66 68 16 1 96 8 97 -36 -48 -26 -58 98 -12 -44 -45 -86 9 -68 96 -38 -41 -26 66 67 48 13 82 -91 -7 94 -90 -87 -27 23 -18 -55 -33 -9 -73 23 19 -40 30 -51 37 -49 -29 -65 -93 86 63 43 -34 -70 -99 -24 43 -52 1 -10 -48 -74 -30 -20 58 -83 70 76 35 -99 -16 -4 -77 -73 34 38 -25 40 -42 -83 -51 -48 34 -91
83 72 -22 45 -17 51 -78 -73 -96 36 -10 75 28 7 54 -50 25 -86 63 35 30 77 -99 5 -14 -69 -77 -72 33 -50 -67 20 -56 66 25 -87 -95 -29 -61 93 42 74 -36 4 74 -71 49 79 -22 -31 85 96 -76 82 -40 68 -94 -7 -71 -14 35 9 25 -43 -24 -77 -84 -86 49 98 -19 -17 -44 67 -9 -19 -57 -30 -57 81 -53 88 -7 -6 -26 -65 5 -9 34 -59 34 -56 90 48 -45 -22 73 54 -92 3 96
-29 -38 2 27 30 -75 88 -70 -47 -54 -95 10 19 -10 24 -56 85 47 -14 -42 7 -49 -99 -91 -31 99 -80 18 -42 -81 50 19 51 3 74 -48 -50 -40 15 21 43 -73 -1 41 -97 -34 -39 -79 99 -75 40 -3 75 14 -58 73 58 -19 -85 -38 91 0 81 -13 -57 59 -27 17 -51 -59 19 -4 20 24 -73 -63 54 -88 22 62 -36 -99 40 -50 -91 3 88 84 -94 0 -79 95 98 -71 69 1 -68 -59 15 33 -7
-47 69 -14 -39 -41 9 1 30 41 76 -12 -43 95 0 48 -33 6 -99 95 -19 -97 -60 -56 86 24 4 51 65 -99 -63 2 -15 -52 1 81 -63 55 85 -69 -26 -37 99 42 -1 -53 96 -24 -5 -51 -52 -81 -74 46 74 58 31 -82 78 -1 -98 -39 -74 20 -72 -78 7 85 25 -96 6 -50 -10 -35 -44 73 22 -38 -13 -27 -46 -11 51 -59 87 -85 -29 47 4 58 16 -57 36 55 49 37 78 -20 -39 -17 64 19
-63 -22 -46 -17 96 -59 -71 -21 -59 4 -86 79 72 -51 -70 59 11 53 -75 14 68 -85 65 -97 96 62 -92 91 -20 51 -79 -27 -40 87 -51 24 3 -74 9 82 89 70 90 64 -85 -98 -3 -77 84 -63 72 -73 12 69 85 55 -30 -71 21 -75 -95 -88 83 82 80 25 -72 37 55 -80 15 91 -79 73 -72 99 84 35 10 76 -10 41 -91 100 60 -72 42 -14 70 32 40 -69 -23 -77 -21 58 88 16 -30 -5 -15
18 7 72 -14 91 96 -22 35 37 -94 -53 65 -25 -20 -7 43 83 -62 -55 -59 -76 -65 22 -33 0 -100 50 -72 81 -1 84 -90 74 -5 68 93 93 19 54 15 92 -73 -74 77 -51 99 -10 30 64 48 28 -6 75 -25 -85 -85 87 33 77 28 -48 -84 -93 80 -85 14 82 -37 88 90 31 78 92 44 96 14 90 74 -86 8 -62 7 25 -93 -31 58 -99 -84 93 41 49 19 94 -17 -75 -13 66 -42 93 -49 -91
-66 73 -71 52 -100 31 17 17 37 33 -96 84 66 13 18 -90 -89 51 69 -17 -17 -9 -95 80 -43 83 -51 84 27 -41 -47 -43 -77 -96 34 15 -88 -39 21 89 8 -96 24 -75 -19 -14 21 73 50 10 73 52 62 53 -40 -24 -11 48 81 11 41 94 66 -58 -56 -39 -69 -29 71 59 -69 63 36 49 75 35 -78 -20 60 -33 14 -39 -96 -20 82 -97 48 -98 -9 8 -98 63 -28 -63 89 -20 -8 -20 -3 46 -87
68 -19 19 100 -19 -51 -92 9 -40 -98 -62 42 -32 13 -46 25 94 22 -26 -74 74 90 -75 -7 -19 31 62 78 26 -41 -55 -29 -12 19 91 -59 82 -93 -25 66 -1 -52 70 -69 -99 47 -77 -75 -56 -35 40 -57 -89 14 9 -97 -29 -69 -81 -20 -34 -92 -57 27 -29 67 32 19 -11 15 -89 -18 78 21 8 95 -5 -3 25 11 99 -10 -49 -26 10 -69 5 35 48 91 -93 45 50 -2 86 50 -11 48 24 43 35
-80 -29 87 -67 41 21 67 -64 14 15 -67 46 -93 -97 -97 99 -38 13 -43 -8 -50 -92 -92 26 43 -17 -31 -3 -77 -68 -38 -85 13 41 -40 55 78 49 76 -100 94 70 65 97 97 -66 41 -95 7 50 97 15 -67 -58 -22 -100 -73 -45 -71 -75 72 80 93 -32 -60 3 28 -67 -70 -64 -30 -29 -37 56 -59 70 96 -68 -41 65 -88 97 50 98 -59 -49 69 -93 -43 67 -68 -64 89 -22 77 99 -5 -5 -80 -72 -4
-71 28 -7 -93 -9 -91 -33 -10 91 43 88 -47 -60 36 23 -98 -61 -12 31 77 -96 -12 74 4 87 50 74 72 53 79 -20 -28 -89 -26 -75 2 63 44 82 87 19 -64 47 100 -71 44 85 53 6 -8 -77 78 25 37 70 -55 -85 26 21 85 40 21 18 -52 -97 24 95 -60 82 -68 57 46 -78 -32 -18 7 -77 -70 2 -92 56 22 -90 17 -73 -24 -34 90 -79 -66 67 19 37 89 98 -51 -17 -20 20 -53 -79
-99 -12 -93 93 70 -18 -36 -2 -9 50 -30 7 -1 80 -48 59 -92 32 94 -44 21 55 -1 -44 -89 46 23 21 -1 -97 100 -17 66 95 0 -81 -20 95 19 44 -71 67 94 -2 -19 25 -85 -26 26 6 -23 -9 -19 59 13 96 95 -45 55 77 59 -60 15 -18 37 28 -69 54 -53 -56 98 -86 2 -34 88 56 -99 -5 78 59 55 -72 23 60 21 -81 -67 44 -92 -80 77 -33 97 -15 16 82 -39 12 -72 -18 42
-3 18 94 87 33 -53 0 -2 -10 -29 -97 71 63 99 13 98 96 -69 -17 -13 83 71 -90 -49 -62 76 -29 87 -13 64 -29 -84 70 -12 92 -51 23 23 -7 35 6 97 -67 20 -21 14 10 -61 53 -46 -8 25 -54 -51 16 96 -96 66 -67 54 99 15 75 27 42 -10 -53 66 -44 55 72 -46 -44 -76 22 7 -56 8 95 80 -41 -12 -2 69 -82 61 38 46 -39 -88 -91 56 -35 -60 55 -21 -70 65 -27 -15 -59
-59 -82 -22 71 83 53 -50 60 55 -25 60 -89 91 44 7 63 86 -52 86 86 83 -12 89 27 -54 -31 76 -39 -94 -18 -72 61 45 11 0 -75 79 -34 -50 -38 37 5 -28 -67 -88 -27 100 -45 -45 -27 -19 99 17 -82 -66 51 -38 -17 -51 -31 3 82 86 -79 43 -75 38 -69 -4 90 -19 6 -58 62 77 85 -10 -1 -4 69 -76 -47 -75 -16 -56 -24 55 96 -25 -12 -96 3 -7 -60 -47 31 -92 -31 63 -47 -99
67 -88 -42 -60 79 94 -83 26 -99 -20 -7 48 -27 13 -62 -43 81 -46 1 -4 0 -86 -13 58 79 63 -71 -49 42 37 21 68 47 39 -23 -55 35 -1 -44 100 76 -46 -20 -35 92 30 -82 77 42 -47 99 78 100 -66 -15 -63 -18 -54 72 -85 24 -65 92 -17 -37 56 -50 43 37 70 21 1 43 -44 22 -46 63 -100 36 -58 32 89 50 -67 33 95 8 -48 50 0 -93 -17 98 -85 -53 9 44 75 -23 51 -68
-29 -49 -63 -1 81 39 -57 -65 -53 -56 -31 22 -26 -46 -96 80 -66 44 77 24 58 37 3 -66 70 -5 -25 70 -6 -88 -93 31 -97 46 0 -22 26 47 -2 26 89 -2 -7 66 -18 -14 -5 56 33 86 -55 73 -77 34 -15 95 -72 31 -57 -11 -41 -37 -18 -98 -32 -39 58 39 60 20 27 11 -46 -18 -70 79 24 -3 53 -57 58 -81 -14 -13 -19 36 70 52 77 83 -91 -74 -12 -70 -68 28 38 57 0 -67 54
-60 -54 -50 -81 -27 -20 -3 55 -48 8 -67 20 23 -36 -74 77 -70 44 -38 -37 -56 75 -27 67 68 -13 -38 -23 91 -80 45 -65 -59 -11 -8 -78 97 48 83 -15 10 22 32 20 60 -6 -35 38 17 -78 17 -34 -10 -34 -85 82 -76 -9 -4 26 -81 70 56 -25 51 -74 76 -35 -85 97 -69 -14 -89 9 20 28 40 -49 53 91 -24 86 63 99 45 -17 -3 65 60 -52 24 85 63 -82 5 22 -83 -20 55 28 -18
6 91 92 -71 -86 -73 100 43 -93 -68 99 85 19 -46 5 80 -82 -93 -94 21 58 74 -63 -54 -21 -35 -85 -14 -39 -18 40 -14 45 13 58 -50 -68 2 -75 -19 -71 74 71 84 46 82 -60 -62 23 -81 82 60 -85 -36 -67 21 42 5 -26 -22 -70 84 30 91 -97 42 -62 -76 75 36 18 -37 69 44 -49 5 -5 15 -86 -76 -99 -8 17 11 95 -19 -25 72 4 31 -79 87 11 -33 41 29 -25 -94 -25 -90 -33
-40 90 51 59 -39 -26 -64 -53 42 86 72 46 97 16 -16 -14 56 -6 76 85 59 -84 -78 69 85 82 34 68 34 92 -3 95 97 -38 -43 -20 -27 64 91 12 -12 -4 -20 6 -99 -35 6 -58 72 -74 -25 68 -49 -23 63 37 3 -50 27 74 -9 -62 97 -63 -37 -100 -42 -7 17 20 82 23 -21 32 -66 -5 -35 -46 39 9 11 74 80 98 -58 90 -32 0 9 -22 34 58 -94 -68 41 1 -24 -17 -42 -73 -23
-67 61 57 9 -6 -14 8 -70 12 58 70 67 -94 -30 -78 80 95 -82 -16 65 -1 96 -69 -32 -71 48 -28 41 63 -52 -41 74 31 29 -58 -16 -36 -62 -71 6 42 37 96 -20 83 -76 61 9 25 69 82 -5 51 -43 8 22 13 95 52 -30 99 36 -12 -16 -51 -85 10 17 -44 86 38 -46 88 34 -17 -33 -78 75 -80 45 13 -77 -14 -90 63 -35 41 -64 -24 -43 -8 86 73 -86 -37 -9 -53 26 69 -87 86
-95 55 -2 -6 -56 22 -8 -91 41 75 -52 -88 -93 52 30 -92 53 20 47 10 62 -58 51 -75 70 21 -14 42 -96 83 39 -15 -97 -23 -25 16 -78 -99 38 -3 4 86 84 9 -28 45 -19 21 -23 -68 39 -11 -65 -86 73 6 -85 -11 12 100 -76 -92 -48 -100 92 40 -14 -5 96 72 95 -93 35 -71 75 -26 5 -67 -85 -8 -9 -53 4 96 19 -66 -15 74 -49 -77 68 53 -88 -12 -44 -12 -10 29 37 33 -89
-10 94 56 39 1 93 -67 -90 -61 -18 -41 65 -66 -78 80 53 -25 -68 71 -12 -79 75 -29 -77 75 -73 -24 59 -62 66 79 88 86 87 66 8 20 11 77 4 -1 38 54 23 -92 77 -94 -7 -22 -93 -63 62 74 73 43 -65 33 89 45 -88 2 -84 81 -28 67 -91 6 32 23 -46 -34 52 77 -21 -39 -7 87 73 -83 46 -50 -86 -19 30 32 -41 -24 52 18 32 -36 -50 -44 -59 17 -33 52 -75 -99 -71 21
88 -21 -34 18 -81 12 72 -89 -38 -53 -55 -19 41 -48 -49 -32 41 28 75 -35 53 -3 3 72 65 -77 -56 88 100 -19 -20 -51 93 -16 95 35 99 79 29 -88 78 37 -93 85 -47 97 38 -65 57 -65 -24 0 69 94 73 44 -86 -77 -72 -70 -93 -31 74 51 -51 59 -31 94 -70 -30 14 61 -7 -96 67 -33 -33 65 68 0 79 -92 67 -43 -88 79 53 -46 60 38 65 -20 7 36 55 -7 -51 35 -80 -92 69
-73 -24 -37 43 -68 -70 50 -32 -48 67 -31 -37 53 0 -39 -21 -14 91 -18 -22 65 36 71 1 -96 -21 -63 0 39 -81 37 12 -6 -80 18 40 -97 53 2 38 -5 81 -4 -58 26 -63 29 81 91 67 -52 18 91 23 30 89 -71 -35 74 -49 49 -1 49 73 -11 4 31 80 11 91 82 -82 -21 85 77 63 -87 -27 92 -36 91 85 -15 41 68 15 62 -25 -3 -28 -23 31 -38 79 -96 -85 -68 13 -89 -47 -87
62 87 63 -28 -90 -98 34 -20 7 -88 9 46 -24 -85 76 -48 34 19 -98 -96 -30 -56 8 63 -32 -31 77 19 -6 -5 81 53 -35 19 -39 9 -75 -45 -97 16 -51 37 89 76 93 88 41 -17 73 13 97 -75 31 60 -82 55 -31 -19 -85 12 47 -26 -33 -73 75 -67 81 23 -60 84 21 -95 -6 81 -78 50 7 -50 -2 39 -100 -45 92 89 -52 -30 -1 9 -99 -48 80 -67 -71 -47 93 -27 -25 -20 -85 -95 53
41 78 35 -12 92 49 85 -71 47 -54 77 84 79 -50 -43 70 50 49 97 -24 86 84 -59 -43 -87 -21 -95 -72 22 11 43 -86 -38 -7 -64 -26 75 8 51 27 83 40 42 37 -14 -38 -47 23 4 23 -41 -57 65 89 39 -46 -17 28 -25 -57 80 64 8 23 17 -25 55 64 56 -46 -35 40 83 78 25 -39 74 68 18 -42 66 -52 19 43 56 -70 -29 -93 48 98 -66 -94 -89 19 -99 -14 67 -75 -56 -24 -76
-64 7 -53 97 59 -12 -75 -60 -53 30 81 -3 -60 34 3 -41 1 -65 -11 96 -54 -9 -34 -98 84 19 75 -22 -59 82 -86 54 -94 31 -24 -23 9 64 -92 15 55 13 -14 68 -68 28 9 -49 40 -32 24 47 -17 22 -4 72 80 -17 88 -65 -47 -83 62 -32 -19 -78 33 -99 -23 -9 -9 -14 18 85 75 23 -4 -48 39 -5 70 -6 -11 94 49 -43 -3 75 -55 -37 -1 92 95 75 99 -100 42 -28 -44 -63 -20
57 -61 -7 -99 50 -57 -33 38 41 -83 96 91 -53 24 -54 -20 -19 -6 -13 -56 -52 -69 38 -84 32 3 -9 49 30 53 -32 53 28 20 -81 -46 -85 28 53 53 34 -41 0 -62 -39 -88 -85 12 1 33 -59 -76 -10 -64 69 -93 -73 25 -77 -39 19 -38 -37 -43 87 53 -3 81 -37 -92 70 -23 -17 71 41 74 45 -45 -86 -62 86 40 58 -12 37 -21 -78 86 31 56 21 19 -17 -28 100 70 -27 55 26 -63 -25
-4 59 -39 -54 -64 67 -70 -20 -18 -42 94 0 -38 -73 -5 -13 -78 -93 51 -53 -50 95 97 76 -1 -26 -41 64 86 -91 77 -21 -85 51 12 -48 37 -21 15 93 75 84 27 -36 17 26 -68 -7 61 -98 31 -14 -87 71 -66 89 -25 99 -32 -73 -59 70 96 -49 -25 39 94 -52 10 -63 -30 16 50 9 74 -77 -54 -28 -13 -34 -40 54 -32 -55 -8 9 15 34 -36 -52 32 46 95 96 51 -59 33 30 62 7 61
-94 12 -59 94 97 34 7 53 -57 13 60 79 9 6 -81 39 4 21 -72 55 97 -22 10 96 0 -97 76 -47 88 16 44 -43 -85 66 28 46 -57 36 -93 59 -87 -4 -40 64 100 82 -58 7 -22 22 -95 1 70 52 25 26 -42 -53 -76 80 16 41 -48 43 95 54 -92 -91 44 55 75 -59 11 14 19 -86 29 -91 89 -26 -35 34 -71 7 1 3 98 44 24 -42 -92 -98 30 -13 34 19 -96 -29 -91 23 33
-62 -98 63 45 45 -32 99 33 33 79 -66 -91 97 54 -93 -37 70 -79 -13 -2 -35 33 -82 -40 -71 4 6 -59 -40 72 60 -49 48 26 -24 36 40 -95 -73 -94 10 4 86 50 26 65 -75 73 42 31 8 -61 -19 0 -31 58 51 2 -40 -92 -26 24 48 35 -15 68 90 -57 3 -97 -61 -83 -81 -4 78 38 -10 -56 -84 -96 62 -100 -63 -75 68 -2 72 6 -86 85 -84 91 27 -47 -50 -78 7 89 -5 31 76
-70 97 -62 -71 93 -12 18 25 -75 -38 61 96 -92 57 -14 -36 66 -56 92 55 69 27 2 -3 -87 27 -73 -7 64 -19 0 -90 -21 -20 -83 8 56 73 77 -12 -75 -40 -10 49 -86 49 -55 81 43 39 44 84 -67 11 65 -38 26 -79 47 -40 -92 7 -3 5 7 -69 -47 -25 -71 30 -38 96 21 -70 -29 -94 44 -23 89 93 71 -42 -94 27 -41 -54 -33 -72 0 41 4 -54 59 10 -17 38 -88 -92 -62 -92 -26
-23 69 22 93 -61 -86 -79 78 56 -15 4 -64 -3 67 82 -34 64 -43 37 -62 -64 -79 91 -10 89 77 20 -49 73 -16 -94 78 -50 -51 -38 43 65 29 -83 2 44 90 -75 33 13 61 -71 51 57 62 89 -23 -73 68 20 62 -41 75 -46 1 49 13 31 35 -95 92 59 -91 93 -41 98 -41 91 -23 -6 32 -77 19 15 -23 -76 -70 -35 26 -66 19 -68 -83 -44 -8 60 51 99 -75 44 -31 -68 10 30 -27 -57
38 -27 -67 -28 -68 29 5 38 -53 -49 -69 -52 -24 2 -76 -50 -48 -46 -9 8 -70 -72 -58 36 51 -43 20 43 -11 -21 14 82 1 74 96 71 -70 69 77 66 13 54 3 26 93 -48 38 -29 1 81 26 -12 -20 -47 67 8 94 48 -69 -26 6 -11 -78 -61 14 64 -1 26 -37 -69 -68 -6 0 -60 13 99 95 46 1 -68 -49 27 -59 14 -13 4 -69 7 21 -29 -68 -66 40 35 -62 33 17 5 -86 4 23
33 -75 13 49 -18 54 73 88 13 49 40 -37 -61 -7 -97 0 9 85 69 -4 -6 -66 55 -45 77 -47 -60 -21 51 -77 -14 48 -16 -1 -85 -39 25 -77 5 69 71 -17 27 64 -42 -26 83 -12 98 -25 23 -33 -41 34 -47 -8 -56 -52 51 53 75 -72 -85 60 -33 44 -51 -71 -96 49 59 -45 82 84 -65 33 70 78 -89 -2 27 43 18 9 -78 100 88 -56 -45 -54 18 -57 72 -14 97 64 -97 83 32 -100 -28
29 32 -86 -54 -82 20 37 -99 -49 -51 -51 70 -36 -79 64 31 18 -62 -79 19 79 -79 -35 77 33 -72 91 32 -3 63 31 -64 -62 -27 81 50 28 -75 35 23 98 -39 -89 -5 -19 -12 86 -99 43 91 63 69 95 -32 -18 -1 23 89 35 -20 66 -41 79 -30 -81 12 93 88 -19 -87 6 -54 65 -57 -63 87 91 23 51 64 -23 -23 16 41 -73 -55 99 -67 -35 3 -52 28 90 40 -79 43 83 -75 95 34 -70
