-2.468370
-0.110710
1.710879
-2.442441
0.302605
-0.290791
0.036921
1.266865
1.445467
1.659185
0.207549
-0.596777
0.921793
0.402803
-0.236424
-0.470813
-0.236952
-0.088719
1.406741
0.065637
-0.044087
0.692397
0.115760
1.246270
-0.661369
-0.136838
-0.651407
-0.660025
0.583526
0.355798
-0.478774
-0.324823
-0.926334
1.599813
-0.760698
0.699431
-0.586323
1.120461
1.585525
1.373001
0.315232
0.622927
0.594729
1.334026
-0.939621
-0.974283
0.635219
-0.078950
0.478456
0.777167
-0.901013
-2.006212
0.939737
-0.772537
-1.187123
-0.765735
1.047539
1.047820
1.222892
-0.406939
-0.577559
1.037879
0.940519
-0.055015
-0.379526
-0.194918
0.296143
-1.360736
-0.594229
0.165426
-1.265108
1.253715
0.750080
-0.507089
-0.149899
-1.052566
-0.625691
0.010377
0.950742
0.146654
-1.728837
-1.740513
0.736191
0.131531
0.387999
-0.861547
-1.026601
-1.444319
-0.045068
0.459909
-0.266003
0.227995
0.542424
0.283011
-1.258362
-1.054511
0.584208
-0.155707
1.309948
-0.415113
