-80 -75 -16 62 96 72 -6 -31 -26 -90 -63 -43 64 -10 -57 -82 -35 33 49 66 43 -26 10 -27 -75 -28 34 85 -82 77 84 46 68 8 -2 -33 73 -93 -36 -2 27 39 -94 -56 66 8 26 30 85 92 48 10 8 69 -91 -32 45 -7 -35 -69 -56 41 -82 -97 66 -38 58 27 -68 34 -21 20 -90 30 39 47 -44 100 91 26 -18 -58 89 -76 -97 12 31 4 37 49 29 33 -41 -40 -53 -67 94 -12 62 98 -49
-84 24 84 35 39 -70 9 83 81 -50 -91 72 2 -46 42 -2 6 7 -3 -6 -72 75 17 -58 -90 -61 -4 34 -47 23 0 -81 48 35 81 -78 28 -45 -88 48 66 -96 -17 42 -64 -14 79 -60 51 66 -16 47 -83 7 5 47 -7 -88 -93 85 24 6 -30 20 32 10 58 10 44 -23 85 54 71 -28 -81 -29 -75 63 0 72 -24 -11 -74 -69 86 0 38 60 -39 -50 70 98 36 -66 57 -69 -48 -77 98 0 -54
-14 -66 -20 -50 -86 -60 49 -61 95 98 -56 -47 72 39 -6 3 39 -3 57 31 -56 -86 -22 1 -40 49 53 98 -99 -5 61 94 -80 -27 46 -97 -75 86 -43 -81 72 -40 -100 44 52 31 60 -23 -70 -60 -65 -1 66 -31 -54 55 46 65 -83 -85 -48 78 -30 21 46 -51 62 -30 64 -16 17 -35 -26 60 -86 -51 -93 -81 -18 29 79 20 -19 68 15 15 -5 83 2 -68 -20 46 -75 81 -1 40 -92 43 -12 -45 -99
-89 92 -56 33 92 -49 -80 17 37 -61 96 22 -85 15 45 -5 -40 75 64 15 15 -59 -80 -83 -62 -14 -54 -66 -57 -98 99 74 55 -12 19 99 95 91 -94 93 72 77 -61 -28 -95 63 60 -88 65 16 34 -4 -74 -79 79 5 -25 -56 48 59 -94 16 -33 -48 68 -94 97 -43 -59 -27 37 82 -98 -59 43 -5 -71 20 -33 -77 -83 -4 -13 79 82 67 20 -86 39 -13 -76 76 -38 -69 -5 4 -70 99 -49 95 65
81 40 -63 25 90 16 4 79 -51 82 38 13 25 -77 -17 -61 -69 -4 47 -7 -26 -19 41 24 94 54 -74 45 -11 -80 88 94 -60 39 -88 66 67 -82 -14 -30 -21 55 -9 95 -21 -20 98 58 -28 100 15 59 82 -24 84 -2 -31 -80 47 -75 -42 60 92 49 98 42 -64 82 -41 36 59 17 -62 -11 -30 -93 -91 18 5 45 72 92 -90 -6 46 36 -53 -86 31 46 40 24 30 32 -78 -33 -30 -44 -18 -12 26
5 22 1 -34 28 29 -20 45 11 -75 -54 -53 -9 68 75 -27 -31 -7 46 -18 -32 95 -56 -38 -21 74 63 -99 89 81 -46 56 28 -78 20 32 -23 47 -65 81 75 -51 -63 73 -32 -100 42 34 -5 -66 55 32 -50 75 -4 -43 -20 -21 85 73 10 -71 -73 -65 21 -83 -41 4 -16 -11 98 65 54 -38 -43 2 -48 56 -12 -2 -10 63 88 1 74 92 32 -67 -70 -24 51 -57 69 37 76 45 87 -47 10 92 -36
13 -77 99 91 -92 -44 95 -82 -32 -49 66 -39 36 25 57 -20 55 -34 56 -20 -27 -67 -10 -2 -90 86 16 -83 -91 17 -68 -25 -20 71 -80 35 -20 -15 72 -5 3 52 -54 85 81 -39 54 -98 66 -19 -50 25 -64 -52 4 68 56 81 80 79 -29 -99 -26 91 29 93 3 64 15 -23 40 40 97 70 -69 -24 21 -33 -29 59 93 41 -55 55 -59 -48 -69 1 18 -84 -88 93 81 13 -90 56 -71 -93 -61 -76 94
69 -62 60 -84 -10 43 -88 20 -83 -38 -65 -73 20 -31 -17 83 1 -17 52 9 40 77 67 85 2 -81 72 91 -53 -36 -89 -62 69 55 96 -12 -67 42 78 -70 59 93 -34 -20 3 -70 -88 -46 42 -15 -97 74 -86 -83 73 -58 -89 -41 23 -8 30 -15 -65 14 -82 43 87 62 25 -63 50 54 94 -26 31 46 68 97 -65 -100 65 28 70 85 93 -70 -19 2 33 -10 -88 14 76 -76 -69 53 77 72 -15 -87 -89
26 73 54 -17 99 -55 -47 33 67 -91 30 77 -9 -40 -79 85 81 49 55 -77 -73 -57 64 -53 -92 85 46 30 78 -63 100 8 -68 18 -56 -64 47 -6 95 46 -28 82 -51 -45 84 -30 25 -53 -48 16 -4 -15 -21 57 8 -67 -55 -84 -28 -42 41 59 33 3 17 26 53 -72 -10 -61 29 -90 -14 -22 92 -24 47 -37 46 -43 62 -36 -38 -70 31 -20 26 87 -90 66 99 -79 -71 0 -38 -22 54 -20 83 69 -67
-1 -28 59 39 87 -61 84 25 -33 25 68 -78 -26 -33 90 -24 -60 38 -53 41 -57 84 -70 -40 72 -9 71 5 -12 31 -83 28 -1 5 -19 -3 -53 -7 -16 88 46 -1 88 -5 -21 -2 -21 -93 -60 -49 35 52 -2 30 -19 -53 -61 10 58 -33 93 60 48 -70 0 -68 -61 71 -92 59 12 -82 3 -89 -91 44 -70 55 84 -33 4 -32 -71 91 -87 -23 -89 87 -72 15 21 -65 -29 20 9 -22 -35 -90 57 53 94
-12 14 47 60 21 -74 67 60 -41 -38 -78 74 99 74 -75 43 91 -62 -15 90 -69 -43 -78 81 33 -20 -7 1 -76 -66 34 -91 -18 100 95 11 73 -92 -56 -68 -56 87 -24 -23 69 -61 95 76 -69 49 -58 71 -18 -34 -30 -33 89 -38 35 91 17 64 41 -20 0 -84 91 -41 -69 -28 -93 52 -9 -30 33 57 20 88 -91 94 -34 34 -46 79 -13 24 -57 73 48 -2 37 -30 -6 -98 -50 -22 -7 68 -61 73 -75
5 79 24 -88 38 -18 -9 -77 75 -28 33 87 56 -67 25 -69 -99 -14 46 -55 17 22 73 -39 -95 -58 13 1 -64 -58 -47 25 71 54 -87 1 -38 40 52 -67 -85 -4 23 12 47 53 -95 -74 -90 -5 -6 44 25 42 88 -72 82 -7 72 -79 47 31 -70 -65 77 71 8 4 77 -99 54 22 -14 6 87 15 -70 15 -94 4 62 50 -55 30 -68 13 -41 29 -66 98 52 41 23 86 55 -83 94 -62 46 38 -48
-74 20 46 -97 91 -4 -86 98 1 -79 -64 64 -47 33 -3 27 89 80 90 -19 -77 -27 -53 -36 -15 -23 36 16 39 -77 50 -81 -13 13 -85 62 85 68 34 -92 62 -62 -8 -15 2 -75 94 -47 -44 -86 70 -29 -88 44 73 35 -14 83 63 -37 56 8 -83 -85 -80 44 -34 39 -5 -80 76 10 3 86 91 87 2 -77 -72 47 -25 -14 -90 -66 -82 -55 -79 86 64 57 10 44 -33 58 -98 52 18 50 -9 15 62
-21 -14 -6 -55 -21 -76 34 100 -77 21 -49 -28 -54 -74 39 6 44 -9 -98 55 -8 68 28 32 57 -28 79 4 -26 87 -51 -59 -68 -4 25 11 -65 56 -5 69 75 -86 73 30 14 0 -93 -26 27 73 70 23 70 94 66 32 29 -23 -37 -99 97 10 -82 35 65 7 64 15 36 7 -46 94 -16 30 98 56 21 73 -28 29 -42 -10 21 -85 -82 -93 18 -45 82 -68 -27 -19 -68 -56 88 -8 77 91 33 29 78
3 79 -32 -52 81 79 92 -98 35 85 -60 82 66 -7 -69 89 -63 28 81 39 -65 82 30 97 46 -15 -21 2 -70 -53 -18 -87 57 21 50 61 18 -53 -3 5 -48 -27 17 -39 98 51 -15 99 79 64 -20 -4 -65 62 -11 -48 -16 -51 87 83 -12 32 -86 64 -18 55 23 16 -51 19 64 47 -26 -82 53 17 -19 87 -59 -46 -10 -74 37 54 52 52 -24 58 -15 -61 -18 -59 -6 57 68 -21 -44 -66 81 37 95
49 -18 32 -93 -73 -79 -26 -44 -31 -13 64 80 -78 38 64 2 63 44 72 84 88 -74 81 96 -24 99 -7 -54 29 54 61 -14 87 -83 -12 -44 76 -2 57 -60 85 -11 49 92 -39 -26 81 33 -53 64 54 -66 -31 -5 28 73 34 35 29 -54 65 11 -38 -93 -78 25 99 -100 45 41 83 -56 -14 70 -95 -29 54 75 4 -38 -35 90 -76 87 67 -21 27 30 -73 25 23 59 38 -40 51 -26 -85 86 81 -89 91
-84 -10 10 97 -21 -16 -66 -27 -76 79 -99 53 72 -91 -43 63 -94 -79 23 -3 -59 27 69 43 65 36 6 91 -21 79 -97 -84 31 -100 41 59 22 35 57 93 20 98 -53 48 55 -68 72 78 -18 -36 -91 44 -7 -23 -70 -59 -30 -87 68 45 -33 -95 67 -25 -47 41 -6 69 100 26 -48 -16 -17 11 93 -87 -77 55 -58 -91 12 68 -41 0 60 -29 22 43 -52 -84 -52 -70 56 5 29 -3 50 20 -41 17 -46
26 13 27 56 67 20 -11 -89 94 -2 0 -36 -13 49 27 -86 -27 -88 17 77 12 -2 -45 -57 -28 40 68 -95 72 4 -91 17 -9 -27 -9 27 36 -18 -26 36 2 14 -91 -67 -50 -97 67 -13 -81 -95 34 37 62 -54 79 25 72 20 10 -73 69 -80 89 76 -30 74 0 -5 -3 4 40 -88 -44 -50 -62 -55 29 98 3 -76 25 -15 -91 93 92 -72 -1 21 56 9 -43 -29 90 0 -100 72 29 -90 100 -33 49
-65 69 98 -37 47 63 -71 49 100 5 36 50 -90 65 2 -2 -3 86 -8 96 9 94 51 -63 -47 36 -21 -52 -56 -1 75 92 33 74 99 -43 34 -92 -89 65 53 -90 -74 -42 96 -9 92 56 0 20 -60 11 5 72 9 75 -13 -87 -91 21 53 -47 -18 -22 -17 42 72 15 -12 -92 49 -8 37 -87 -49 -51 -60 61 94 18 58 -33 -1 36 -62 68 -76 44 93 -32 74 -93 -84 -60 -99 -94 -62 -51 84 45 -15
31 66 -86 1 19 74 -57 -69 74 -29 64 97 3 -100 44 57 41 67 -52 90 -41 38 93 -6 -60 -78 81 27 39 -43 -19 92 73 39 -1 -93 47 -76 -83 9 -44 49 -15 23 -3 85 -46 31 -69 50 -88 80 25 -97 -51 -86 65 76 -42 -47 74 16 -2 -74 11 73 -24 -70 -75 94 -46 -56 22 -87 89 19 7 73 55 58 2 -24 20 97 -10 -66 -74 -81 45 -7 65 -28 -26 83 -29 56 86 56 13 -18 -80
-9 -26 -22 53 -70 -66 15 8 12 30 8 78 -85 -32 -52 49 63 -39 -80 16 48 26 9 16 -15 -36 -38 32 -44 30 77 68 -38 -29 -10 0 61 28 -27 -11 -100 17 36 44 -18 -85 71 -61 -33 65 -28 16 97 85 -12 96 6 -82 75 -75 27 -73 -47 -27 -10 -57 89 -41 -46 79 80 -4 64 76 -72 1 4 78 26 -81 58 -82 59 -67 -90 -10 -22 -32 -35 -29 -2 -69 27 97 -94 26 -94 93 95 46 14
72 -58 36 1 -50 69 -78 -31 48 89 33 98 -83 -8 29 -18 37 -54 15 -1 -86 -25 -60 68 11 75 38 -68 41 91 8 21 -73 -81 -13 22 63 26 -1 -86 -82 15 -78 96 -20 -97 56 95 5 80 -94 27 -24 98 -92 -28 25 -39 90 84 -64 -17 -88 -15 41 70 81 49 -47 37 -81 -87 -65 -45 56 -38 76 -27 40 -77 -17 7 57 -63 94 75 69 -13 -98 77 31 90 -9 73 24 27 75 -67 -57 95 56
52 28 -21 -73 -66 0 33 -97 -33 -8 43 6 60 -10 15 79 95 -10 -5 38 87 -1 -36 -65 83 -68 -96 94 61 -30 43 -99 67 43 44 -83 42 -79 25 12 -38 81 0 16 14 4 66 -13 10 -99 39 -24 12 34 -57 -94 -90 -96 -91 -25 -57 41 10 71 14 -96 12 -91 62 -92 -25 60 99 34 3 49 -35 -6 80 -19 -75 -24 69 5 -17 -77 69 90 19 48 61 -65 -63 39 -3 -92 -59 27 -9 -29 -99
83 0 83 -55 -36 -19 -18 -68 60 7 -7 6 99 17 -12 67 82 19 51 -78 -61 35 13 9 -19 -71 0 -33 -40 100 74 87 -2 73 -35 -20 -30 39 82 -22 9 66 23 51 -34 -12 -84 98 -9 -30 -70 -60 -37 -43 54 -33 -71 -32 -63 16 84 -35 92 43 64 67 -68 -2 -59 -38 98 -68 15 63 -32 100 -10 64 87 -24 99 45 97 -58 -13 61 -40 76 4 -15 -69 -75 -80 42 -35 90 36 -5 96 9 17
-11 62 38 -99 36 98 91 -77 26 62 58 -46 -44 22 41 48 -43 -28 -88 -2 61 61 77 -50 -17 74 -14 -68 4 29 52 -75 -51 -41 93 11 -13 -92 -52 38 -14 -23 -98 -52 -35 -25 33 17 -33 55 54 -64 22 -57 -22 39 -90 65 -12 -9 43 58 15 85 55 -7 33 -100 93 85 62 -63 71 -73 26 -24 32 -53 15 -63 52 11 11 -60 94 29 -25 -23 49 52 -24 18 -43 -29 -15 70 88 6 -64 -20 78
-49 7 1 89 8 -14 -38 45 -44 -19 -65 -50 8 -28 42 95 -93 -43 54 -13 100 27 51 -36 -73 -59 67 28 -86 24 -57 -2 17 -41 -56 78 57 -65 77 21 -88 34 -32 -41 75 50 35 -91 -4 -23 70 -71 -83 25 -55 52 -6 12 5 88 30 22 13 51 26 83 77 -87 -72 42 3 18 13 -50 8 -12 47 51 10 27 49 49 61 75 21 -68 64 43 -13 -64 -13 -49 84 -39 -12 6 77 -95 87 74 -56
27 -94 -20 63 -1 -55 -30 7 -35 -50 -82 -42 -40 -86 -73 -98 67 -21 22 -2 -10 97 71 -51 -57 3 -10 -57 -29 32 42 -80 32 57 -57 -82 15 -27 -77 100 11 23 8 -1 -26 -16 -16 57 14 -75 69 -52 14 50 88 -10 -31 77 -31 -37 87 16 46 -56 70 12 62 -3 -67 22 -1 -47 -35 -77 -73 -77 58 -84 76 -17 -20 -10 -45 76 17 -59 9 30 65 3 62 14 50 11 -3 -34 -11 -79 66 9 27
-80 -14 -75 41 -69 -35 20 -59 43 -18 21 41 88 -59 24 76 -64 85 -74 60 48 62 -3 -52 -15 -68 -31 -40 -91 -35 -14 -98 -88 83 6 -28 -79 -69 44 41 -6 -28 -66 45 6 -27 60 98 -73 91 85 -28 40 -75 -5 -45 -35 17 -96 -85 -53 85 7 -53 4 59 43 3 11 -95 84 91 7 -69 50 80 -90 -9 27 -26 45 57 -9 -69 55 -57 -16 60 10 -6 17 -18 -98 -12 70 70 -44 17 17 -100 -28
45 10 95 2 13 -53 -23 99 63 -4 48 -86 -6 13 15 61 54 -68 13 10 -50 23 8 -48 -15 62 10 11 -56 -6 25 -73 -66 -53 -44 -71 47 -17 67 98 -70 11 -72 24 13 24 -59 85 -16 75 -3 -21 10 95 -72 92 24 -9 -38 -66 67 -10 -75 12 0 -31 43 47 55 -80 -59 76 -53 -41 -56 1 99 76 37 12 74 60 72 37 76 19 67 71 76 -49 -9 -44 62 38 -34 66 39 -48 69 20 16
-59 99 -77 2 -72 81 -12 -13 40 74 -21 67 35 78 -80 -44 76 99 35 -89 46 -57 -27 -92 37 -76 12 -53 -26 98 39 -65 -32 -100 56 0 -85 16 50 18 -2 -47 11 -53 -5 -91 -30 -83 56 -10 0 -93 -94 6 -50 37 -98 -78 -12 -64 -86 88 -43 4 48 -4 -81 67 37 -45 72 16 88 85 67 -55 -54 38 -8 -80 91 -68 -22 76 21 82 -2 -47 -44 19 42 -35 6 38 92 -23 74 -72 42 55 -60
-67 -68 41 57 -70 5 86 -35 -81 25 -30 8 84 15 -70 21 8 -27 4 -8 99 69 59 19 30 84 -15 81 -67 21 45 -74 -48 -59 29 20 -51 58 12 38 -38 57 1 -14 -37 66 -84 -24 -30 -82 26 -15 -92 -70 -92 63 28 84 -68 -88 77 -36 -41 80 54 -89 90 50 6 -74 3 -31 -99 86 -58 -66 58 25 40 40 -38 71 61 22 89 -85 27 19 -10 56 -53 2 89 50 -40 18 63 43 -61 -74 -23
55 90 -81 -44 46 -60 75 -93 -22 -87 22 -87 85 -22 16 29 -93 4 -56 -24 -94 -22 -37 -37 -26 -52 -82 20 37 19 -1 28 39 -78 65 6 -94 47 28 91 -40 -95 -2 100 -75 79 -3 -40 21 -40 52 89 64 44 -27 -86 -6 94 94 -84 65 23 -8 93 19 42 -77 50 -32 -69 -51 -38 -21 -65 40 79 79 8 84 -22 -19 -80 -7 -49 46 -9 -72 -34 75 -30 99 -97 -5 8 -16 19 -85 76 99 45 21
-99 99 34 39 -22 -33 -53 -30 5 -89 -79 43 36 -85 -50 97 45 84 -4 -49 -96 -47 4 -80 -11 -71 51 -100 -19 -21 -82 -70 85 35 -27 -13 -41 79 50 -91 -35 -94 -69 -59 -30 42 -25 60 -33 49 -27 69 9 15 -17 93 42 32 -38 -30 76 68 -18 39 46 16 -9 -29 11 -77 -88 89 32 59 -6 -4 -72 -5 88 -44 -44 -51 -95 99 -45 95 54 -54 -79 58 50 -54 -31 -28 1 3 -48 86 33 99 -73
21 -77 14 6 78 62 -2 -100 60 -74 60 -7 -27 -19 -36 -94 15 44 -68 12 81 14 7 89 -30 87 -59 76 20 -67 -30 15 20 -64 -69 65 65 17 -9 -18 83 9 74 43 -96 93 -44 74 -68 1 26 -19 -35 15 -39 -24 -2 -59 37 67 -17 53 -46 18 -83 -4 93 69 82 -53 -47 76 -1 -39 -45 -35 99 69 -6 69 3 -26 -75 -86 -81 45 -57 -9 9 37 -62 6 28 53 -92 74 -48 -82 -70 -25 -100
-44 -69 -95 -44 -42 77 -53 -76 48 -18 62 -6 -31 -96 76 -26 66 53 -26 72 -77 50 27 11 78 -62 -87 -81 -19 -53 90 -81 54 -30 -66 -69 -100 87 65 -84 66 -12 -42 -22 -56 8 6 28 40 -50 -93 4 47 -59 -79 -33 49 -69 -93 -20 28 72 45 -81 -91 11 22 -94 0 -69 99 36 -44 26 -25 -19 1 -63 -80 -3 -5 33 -80 43 -19 71 -61 91 40 -18 11 52 -38 1 57 93 60 -65 68 -21 -82
-76 73 -1 -37 -56 33 12 -82 -51 6 42 78 -15 57 -75 -75 49 -76 -14 48 92 41 21 -78 5 -6 -22 -47 -48 -93 -28 -41 -74 47 -58 -13 90 40 19 -98 36 87 -9 -71 83 -33 49 20 44 2 -8 47 -87 -1 74 77 46 84 13 -57 0 -12 24 -39 -4 -74 -55 -41 48 40 48 78 -33 48 45 -92 90 91 -100 -27 -30 35 -7 -3 -75 -75 -32 62 51 -68 -81 -88 39 19 14 -71 11 82 35 19 -69
47 -8 75 84 75 29 24 -41 48 63 3 -49 85 -50 -100 -37 53 -75 -20 -14 58 -17 25 -63 -26 93 -76 16 31 -22 -76 -49 -38 32 5 -37 6 97 -99 47 89 -60 78 -92 35 -98 -96 -13 76 -58 -85 -65 37 4 -40 4 78 30 78 -79 5 89 -34 -79 -40 7 91 70 -34 -1 74 -16 -82 1 68 -8 -10 -45 -90 -45 -6 -31 -94 60 -17 -37 74 -4 78 -3 55 16 -95 -71 -10 85 45 -58 -57 93 36
-43 -23 -64 75 14 -97 -45 7 -80 -57 54 42 -98 -34 -37 -41 -41 89 -87 -91 0 43 -92 -14 55 89 -29 23 -88 22 -33 0 8 95 -29 70 -55 -87 11 -17 -86 93 16 1 -97 61 -61 -31 69 51 -2 -100 -80 -13 58 67 16 -79 87 -96 93 -11 36 -33 -14 -37 24 -30 -20 -17 -22 60 -45 -31 -22 60 48 50 -35 -28 -85 -16 -23 -20 49 -73 -58 -40 30 69 54 -24 86 -67 83 15 60 -76 -97 -18 -93
-9 48 76 30 8 8 23 -69 -64 25 90 51 -100 56 17 -8 -51 58 -55 -46 -74 4 76 -70 36 -75 -42 98 -10 -97 93 37 56 -76 26 -15 -54 24 -48 77 -45 -19 23 86 83 31 -54 -69 -51 -76 -44 83 44 4 15 -57 84 74 -8 43 -54 65 -75 -98 -37 9 -30 -78 13 11 -46 96 -28 -69 -79 -65 82 -11 28 -77 -100 -93 100 75 67 70 17 -23 -27 -77 -4 -49 -97 98 -93 39 29 32 -93 5 71
-43 -46 -69 90 19 -94 18 49 82 -70 57 26 -20 -43 -22 24 -78 7 66 -19 -80 38 61 9 -94 64 -24 -61 63 -8 58 -67 -62 -86 -63 43 75 35 -91 21 63 30 72 85 79 -67 96 38 8 54 -39 -6 -66 63 -29 47 40 -63 41 46 -19 0 34 23 -72 -37 26 -48 -6 -22 68 -25 -7 -10 -52 49 -81 60 -55 -66 -78 -81 100 -41 -26 6 54 98 -49 54 12 74 -47 -23 90 92 -6 15 -85 35 6
84 51 84 -40 -98 -82 76 -80 -72 21 11 -51 -76 66 59 -15 -99 44 -76 -10 -22 23 -68 -1 -60 -51 -70 26 -1 30 -60 20 17 -75 -18 85 17 13 2 49 13 96 57 96 -53 37 69 1 -11 -63 52 -100 24 -65 -73 72 -10 21 3 -30 -81 21 -73 -44 56 -9 -4 -33 39 -66 21 48 -42 -44 37 12 -70 27 -51 -50 16 41 -95 -98 35 90 88 29 19 -48 0 -52 -69 56 85 -23 -65 56 85 24 -84
91 -90 -22 62 56 100 -42 -9 19 -95 13 70 -45 -98 16 -8 -99 50 50 61 36 95 -51 -73 -17 -12 -45 -31 -3 -57 77 12 62 -41 -63 78 7 88 58 55 -26 21 1 -5 -91 93 48 -52 23 -61 -80 -57 19 -21 29 -31 -73 17 -21 -79 72 57 -30 -54 69 -54 -70 27 89 -71 -6 31 85 -89 76 52 3 44 19 92 30 -87 86 -74 -39 11 -73 14 90 50 -98 92 -66 -26 24 -38 34 -11 -16 -29 -25
37 -62 -69 45 -82 -46 -27 69 68 0 96 -17 -48 -84 24 40 -71 -44 53 -43 -14 32 12 63 45 -62 57 85 5 32 -7 -18 -61 -45 -49 56 1 -9 73 84 29 48 -90 91 92 37 -60 -39 26 -29 -70 77 -5 53 8 67 13 31 -38 95 45 42 -15 81 61 -93 48 -50 52 51 3 52 -58 -49 8 -64 -8 92 -58 -77 -11 -58 -66 58 -81 -67 1 30 74 -40 -13 -21 52 -58 -2 -44 -47 19 -81 35 -74
-5 -23 0 61 56 59 -12 -19 51 -6 -2 -96 -61 -43 22 -26 -58 -24 -26 99 86 90 -63 -45 -56 1 62 60 20 63 66 -27 -96 100 -49 47 -23 82 82 -86 55 -51 -13 -89 22 -84 -92 38 73 64 -60 -78 18 46 -68 -36 -95 -37 22 56 77 -65 2 83 21 99 17 -23 95 -69 13 -14 -75 3 86 16 -49 -83 -38 -10 -38 7 -65 -24 -99 -29 -22 -3 60 24 37 40 64 65 46 24 89 68 -25 -15 96
83 -96 -96 -21 35 -67 38 -97 79 56 92 42 -97 67 61 37 68 6 41 9 0 24 100 -22 -95 91 16 -58 -12 -94 93 5 -43 -30 78 -81 -95 14 -82 -11 79 -83 12 94 81 -63 -72 -22 -80 -69 -99 -6 -29 -26 -37 56 -21 30 -38 45 -45 55 37 -57 -32 -68 4 -76 55 -51 -72 -68 -78 -22 51 34 -61 -40 -93 25 -58 -36 -3 62 -60 -11 -26 -16 85 38 -89 -88 27 17 44 -95 -11 56 59 -68 -6
61 -39 -63 85 -37 -22 17 5 89 -41 -23 6 32 -7 0 14 15 -8 69 -92 3 25 -55 97 15 21 76 81 -93 -21 61 23 8 -52 47 -60 68 -58 43 -73 21 -28 -79 -38 -48 59 -100 71 -25 -1 97 -27 83 -38 -30 -79 93 95 39 -92 -27 -61 -65 88 -41 -70 47 -90 89 -7 26 -19 -80 4 -24 8 -41 -9 7 -88 -66 -68 -86 90 -75 -40 -86 -43 -64 -65 -1 -56 41 -3 -93 -41 7 74 2 -54 -47
-85 64 -50 86 80 82 -85 1 -15 -35 98 26 29 87 88 0 74 54 -40 -60 27 2 71 96 97 16 -25 1 -63 -44 -72 -69 9 6 52 79 32 98 -87 -85 91 -19 11 94 -63 59 23 -51 -28 -10 89 96 39 -69 -87 -66 56 23 32 -50 52 23 50 58 76 45 25 -53 10 94 -50 -11 25 -85 76 -51 6 88 -66 -70 60 -16 -96 66 -87 61 -59 -23 81 -11 83 -27 -84 86 -52 2 -63 32 10 -59 23
50 35 33 33 -84 -89 -75 22 90 -2 -90 -1 71 92 -81 76 92 54 5 -16 92 79 74 -85 -57 70 21 -42 -93 12 93 67 -81 88 -69 -45 21 -97 -17 -23 0 -28 -5 87 -45 83 -100 -52 -22 56 75 -59 49 -86 -65 -59 -64 17 -37 -42 31 -70 99 21 -48 48 100 85 -11 -34 84 32 66 -71 -39 99 26 -34 61 -30 -99 57 40 22 -88 -57 16 -42 -86 27 61 -41 -11 58 96 53 95 -55 -71 88 29
21 -68 13 14 4 -11 58 -69 86 47 -41 4 -68 32 -36 65 30 -33 -26 -31 -93 95 -6 -36 23 41 -79 -29 -79 -70 63 -37 -34 2 -7 -4 21 17 57 71 -83 -8 -39 -14 82 -93 -92 -30 92 -83 -24 49 70 -51 -4 7 -9 -43 56 -85 -70 3 4 -69 -53 77 -77 -64 -37 -16 76 -3 -16 -77 5 28 39 -6 -65 -8 -88 92 -42 -24 38 1 84 -16 -70 -84 -32 2 86 99 -18 -98 97 56 -81 67 43
-2 -79 85 73 17 31 90 33 -36 84 -11 -42 85 55 -80 12 -44 -84 23 -52 83 -76 78 12 7 7 50 79 -6 -10 -98 -3 -81 90 47 -84 46 -68 32 -29 60 35 -5 -98 -71 -85 -83 82 39 94 -83 60 -66 -42 -79 -87 -57 -56 -66 39 -86 54 -94 -42 72 -95 59 71 -57 2 80 -59 73 7 -93 -88 27 -6 -63 37 -77 81 88 55 -37 31 34 -61 -74 8 -53 21 -4 10 64 60 25 -55 6 74 39
100 -78 87 -100 -79 81 -48 -92 -97 -18 -57 -52 51 -94 -81 -20 61 -24 49 99 77 -53 63 50 1 86 -86 30 72 10 41 -91 -52 36 76 82 62 30 -76 90 -95 -53 23 -76 17 -49 74 -38 6 46 90 -16 47 4 14 62 -50 -67 28 -62 -82 -84 14 16 22 44 -63 -77 98 -75 -44 5 24 28 -73 -40 -88 18 -31 -76 70 -14 78 -47 49 72 -23 66 45 51 8 62 88 -88 21 47 -76 0 90 63 -40
-61 58 -86 18 -32 62 4 52 -5 7 30 -49 8 8 37 -76 17 -40 -41 53 36 -34 -48 75 90 -69 -97 -21 58 45 -9 -96 -55 69 -78 68 18 84 -76 76 50 20 -39 -35 92 -4 53 -54 62 -77 21 -47 -34 25 31 63 -52 39 -81 -7 0 68 -92 43 53 -20 -51 67 -70 61 61 68 -22 -53 95 59 27 77 24 5 -2 -59 -17 68 72 31 -82 13 -20 -68 95 79 -45 -17 48 85 -51 -57 1 31 18
-98 -65 29 40 12 22 71 -44 -61 48 -53 79 56 -73 -37 -35 -39 48 18 -37 82 36 -46 -98 -15 4 91 83 89 48 38 82 86 26 53 -87 52 -44 -22 -20 -89 2 -22 -79 -93 -82 -12 81 -58 39 -95 -38 79 8 70 53 -81 -36 -50 1 -92 80 89 -10 18 70 40 55 -49 42 8 51 60 -67 -60 97 -97 -28 12 -50 37 -37 79 -1 1 -11 50 -12 -13 -15 5 98 30 -93 21 -11 -97 -68 6 -100 -77
-61 -52 7 -44 -80 -5 -97 40 -61 -82 9 68 -70 -46 73 81 -66 100 -43 34 86 -16 66 19 -93 -19 -96 -32 -31 83 44 -86 -21 5 -32 -66 54 -83 53 7 -47 -61 88 95 -96 62 -68 -88 96 36 -55 88 16 -18 59 -63 -79 42 69 38 75 -71 90 92 7 -73 91 30 -39 22 -58 -98 -74 -65 83 50 -74 -1 -83 42 -57 -89 44 10 37 75 68 -12 4 60 98 -8 37 9 58 30 -75 94 -38 -37 -59
-20 74 71 -3 71 98 16 -26 16 94 -37 -89 -77 -57 83 37 71 -12 4 -80 -19 40 -25 30 96 -77 -66 -8 99 -10 -29 -12 51 -66 -33 -34 24 -51 -31 72 69 54 -42 -88 -47 -32 -65 9 39 -10 4 39 87 -63 74 72 66 24 76 64 35 -45 36 40 70 71 65 97 45 -39 -11 32 -32 -61 -20 44 96 -90 97 46 73 -46 59 53 -76 -94 84 91 100 -82 -98 -45 -67 8 -57 -44 -59 -100 62 -67 10
56 23 -1 -81 79 82 -21 -16 -94 100 -51 -76 73 4 26 -83 32 -48 6 73 100 31 59 57 -84 -90 8 64 -61 -33 -73 66 -15 -30 44 -82 27 19 -93 -32 16 -28 -50 -5 -68 -97 29 90 -87 -69 -49 -91 7 -11 33 49 11 -78 1 76 77 86 48 -70 100 86 54 42 -1 -76 -29 -2 -89 -88 -5 89 55 -15 -67 -14 -40 59 -92 -72 -30 -74 47 48 -87 -31 -19 -96 5 -48 -84 -42 47 -56 39 -55 -77
-4 -5 66 46 31 74 37 60 79 24 -41 -43 43 -89 -26 -53 -76 58 82 41 26 14 31 -95 -48 -34 28 -28 -86 -46 86 10 10 1 -2 31 -59 -10 -62 21 97 -19 22 78 -65 4 80 13 -88 -9 51 -6 -66 51 56 73 35 -20 48 -79 92 -9 52 -28 25 61 -79 4 -31 -82 -41 67 -23 -9 8 38 -26 -39 -69 -37 -62 94 59 -91 6 -86 74 93 28 84 -77 -84 -100 13 -37 -41 -55 -39 -16 -2 87
-60 35 16 -31 -60 -83 -19 -87 39 -77 17 -58 99 -69 -69 59 7 9 -41 42 58 2 -15 99 42 72 42 66 25 -50 68 -37 12 41 82 79 -23 24 94 39 83 -27 58 98 70 -53 11 -80 -98 -55 44 46 33 10 64 53 39 22 75 -16 -68 -22 -39 -30 29 79 75 -38 87 14 -30 -61 -57 89 67 63 92 -9 54 90 96 27 -67 38 28 -4 -62 -52 25 -44 -52 -53 45 1 -55 62 -12 -37 8 31 88
-29 72 53 89 46 -25 39 -53 78 58 35 58 -99 83 58 42 -9 -12 -66 86 73 72 3 -92 32 59 -34 -35 -84 -50 19 -4 99 -31 22 -52 61 18 68 -59 7 -70 -41 90 -37 -60 -58 -40 -22 57 69 -94 18 63 -8 -24 64 96 -5 45 48 -20 -58 -73 24 -78 -53 26 -23 93 -97 19 -95 -61 26 68 70 78 83 91 30 81 11 34 -19 -8 71 -77 -100 100 52 29 -26 -48 -52 23 72 5 30 64 -64
-2 -16 -53 -20 -39 -82 -18 -81 51 -53 -78 -95 -100 25 -84 96 8 -95 -50 30 -9 9 91 52 36 -48 28 -46 -94 -75 -35 54 36 31 56 49 -77 52 28 -49 -26 67 53 53 60 -84 -6 -95 -91 89 15 -55 22 -7 5 72 79 -62 19 40 -31 -81 5 7 8 -64 -93 -77 -7 -100 63 49 -64 -92 -34 9 10 -68 -47 -34 6 63 57 48 -1 -69 100 -64 95 -93 5 45 52 22 73 -15 45 44 14 -20 -34
-67 -85 86 32 4 -18 -35 75 62 -53 27 -10 63 -87 -89 91 -10 -31 -80 -41 -20 -99 73 -2 84 -32 68 49 3 46 -96 81 -14 11 20 -80 98 -50 -16 92 16 -64 24 66 87 -43 -95 -40 -14 -68 -52 -98 80 78 43 1 -8 6 28 67 52 -19 -50 -6 19 14 -1 -59 77 -85 65 46 3 -3 -20 63 37 30 -22 -98 44 -41 -71 23 64 -90 -59 80 -76 -47 78 -56 58 -99 95 -72 73 100 72 -21 -31
11 -96 -44 73 100 13 78 -36 -27 -52 -17 -10 -18 -47 -79 -15 42 -100 58 49 97 -52 80 -11 -86 78 -68 -94 75 -31 6 -75 50 -42 74 11 -70 -98 -36 -81 -14 38 -81 57 41 -87 44 -13 -57 -94 -45 1 -49 -3 -30 -68 -33 27 16 -98 71 -1 52 -44 -7 41 -17 73 -84 9 -72 75 -92 61 89 -85 98 46 5 -91 -30 6 45 82 -3 -8 -95 25 11 -28 -98 -84 80 29 -84 -64 -26 41 9 51 -32
72 39 -32 84 99 59 81 -93 91 24 33 82 1 42 -8 -86 65 -52 98 -52 -98 59 -81 -61 12 -55 13 84 39 -31 42 -29 13 90 -62 44 25 44 -9 26 -9 64 -21 74 -18 10 -73 -2 -28 55 43 5 -23 38 -57 28 62 -54 51 87 42 96 -3 1 -30 -32 -7 -82 83 -44 96 88 17 -56 -36 48 -17 96 56 90 47 98 94 -49 50 -31 -13 87 35 -52 -75 -54 -42 25 -2 -18 68 -88 -1 38 2
7 -63 65 -81 17 64 28 91 90 -78 -28 68 26 -70 -63 71 -37 94 57 -49 4 -68 77 -44 -20 -83 93 79 95 -75 52 33 -79 -97 87 -71 -71 -81 34 98 -4 94 8 -47 -92 35 77 -23 61 45 -21 86 83 97 74 -59 25 -13 18 85 -50 -17 14 27 -13 61 -45 -17 10 -50 35 65 -88 -56 63 87 45 -15 -42 86 73 -57 -52 86 -84 -99 24 8 -55 10 -49 -29 -28 -85 -7 -45 56 97 -15 86 -53
-69 -10 35 -77 33 44 1 -23 -83 40 68 -37 59 -91 -60 3 -83 70 -8 92 -32 83 10 40 -74 7 98 -1 -69 43 -52 -74 43 -70 64 19 -59 83 -5 -87 14 13 -17 30 91 38 42 -24 -85 -38 27 -47 83 89 45 -11 -72 66 27 -92 -89 -9 91 -87 -10 17 60 61 -6 -25 72 -48 79 83 -16 -40 -16 -2 -43 -6 56 -12 -13 28 -88 81 67 -27 -78 54 -2 65 -25 58 -39 -49 -64 -7 -58 90 45
-60 -76 -28 54 -64 -98 -82 -55 -12 -53 96 -98 -66 -11 -77 -20 68 53 22 -55 64 25 34 27 -10 24 47 80 45 -33 -23 65 1 97 -7 84 -21 -99 -63 34 -43 25 -58 -74 9 -50 -38 -89 29 82 91 38 55 42 61 -70 -90 -40 49 -75 49 -49 65 -60 -84 75 56 -22 -44 -60 -92 -65 64 -37 -81 -20 -47 58 -7 -55 53 -34 -82 -5 66 43 -65 -36 20 93 94 89 94 57 4 -43 68 -56 -72 -12 -3
-13 -64 -35 61 -78 -8 56 85 -95 -73 -41 36 -37 68 16 97 -7 27 28 -89 -90 28 -29 -6 19 -14 -50 8 44 81 77 -95 39 62 -95 19 -10 45 -37 55 -50 -66 -99 77 -94 -95 -83 -52 26 -11 64 47 26 -22 92 53 63 82 15 -3 -13 67 -11 -26 4 -29 -13 11 -79 -17 -27 -65 28 21 63 34 38 47 58 90 66 -15 -95 -76 40 -66 8 72 -87 96 27 -42 -94 95 -69 -80 30 -53 35 37 28
-55 -86 74 -29 46 -72 -65 0 -32 -87 -75 38 45 20 37 95 -74 92 -73 -32 3 82 47 56 -41 -76 16 80 -26 68 -72 -95 -27 -88 93 2 70 72 -59 -61 -22 -48 24 -68 57 -24 39 40 -69 52 88 -46 35 71 89 51 -4 39 -19 76 -80 12 -47 -37 -49 -78 17 -73 -44 -36 -87 -80 42 -15 77 -44 -39 68 15 31 -63 -67 37 68 -1 -80 95 11 10 47 -6 -40 85 9 41 75 -59 -35 25 33 60
72 -78 17 11 -25 -67 59 84 -76 -61 27 79 -37 64 -89 -45 83 96 -89 -7 -63 0 44 -65 3 96 41 -36 -50 81 -3 14 -85 27 -31 37 90 -59 60 -56 37 79 -61 45 89 -62 34 52 59 -10 -76 -37 -96 97 -72 -28 -12 89 -62 -21 -42 -48 -72 -10 -66 -89 63 -73 14 4 -86 86 -4 87 64 -98 -20 79 22 56 97 -10 61 28 -90 33 39 11 10 32 -57 -82 63 26 -48 79 -68 90 16 -83 -70
92 -17 98 26 -38 -37 47 73 -22 98 -71 -38 -58 -92 -22 -7 19 24 -83 22 -21 -79 -27 -87 -77 63 -21 -77 -53 98 -61 -7 3 80 45 89 -89 63 -37 -64 0 -93 -87 83 52 -29 71 -30 93 4 -5 -80 -3 53 -58 96 32 24 -62 30 80 46 -86 59 85 -22 -43 -36 -66 -14 85 -27 -86 13 17 -100 -23 97 -99 8 33 -66 52 -49 -79 -78 3 -9 50 89 -30 -6 -95 -16 97 -39 -10 -27 36 47 22
59 27 16 -59 81 51 12 -98 -44 -90 5 -92 -4 1 -59 -7 34 68 -30 -96 42 29 -73 -20 -7 -47 89 -30 77 20 -38 99 -68 49 -74 75 -79 76 13 -35 -96 -6 41 -6 -38 8 -5 -38 -22 -62 95 61 99 63 -87 99 48 -87 -13 63 -82 31 -38 54 47 64 83 -16 78 30 96 90 93 -65 -29 -21 76 -1 0 2 -1 64 86 -82 4 96 3 -65 -75 73 -41 40 93 -5 43 -67 52 66 84 53 58
37 83 -17 -15 53 -20 -55 47 -60 -60 -63 -37 8 -69 0 70 -73 32 -37 82 -36 -76 -77 -15 -39 10 49 -2 -92 32 63 9 -62 13 -46 39 -100 59 93 -39 96 -12 12 -97 53 37 -9 20 2 28 -57 -72 -1 -20 -94 1 41 85 54 32 51 -61 -93 -94 -5 -68 63 71 17 -76 6 -30 -54 -61 97 83 -32 -51 54 66 17 53 36 10 -2 -23 -94 40 25 -59 58 60 79 21 41 -99 97 -78 40 -27 90
70 4 -22 69 39 -92 1 -6 29 60 3 69 -61 32 1 26 -52 -12 86 -74 -73 52 90 7 100 -95 1 -26 -48 57 3 64 -25 -56 -81 18 -97 90 -34 26 -59 -10 -14 99 25 11 -79 -79 -79 87 19 51 18 -79 -18 -64 -78 -85 44 39 -5 7 35 -1 90 87 93 13 16 -21 50 -12 -77 -87 -45 -75 89 81 -85 17 -35 -9 -37 49 19 -82 -64 81 -16 33 0 30 87 92 79 -5 68 86 93 -23 3
78 -49 67 -76 -48 -95 65 39 70 26 7 16 73 -15 -4 33 48 -72 -85 -30 100 -20 71 43 86 59 81 57 -71 -73 -22 -38 -18 89 89 -39 -42 3 39 -98 99 -45 -39 -6 87 99 23 -93 -74 58 -74 -71 -84 36 -55 -75 -31 44 -2 96 46 10 -31 72 21 32 -92 -63 11 -26 -11 59 -72 -60 -32 85 5 55 -41 -52 -91 -78 100 44 -71 30 1 55 -46 -92 84 -38 -87 -7 71 -25 -14 -46 -58 72 -17
81 -79 2 -35 84 -52 -18 -16 -67 94 52 -48 47 -74 -11 -32 -37 1 -40 -80 90 -13 67 73 -19 72 61 37 94 67 11 -55 19 -97 -36 -19 69 72 72 28 37 -55 65 -40 -48 -37 15 -11 40 38 94 65 -33 62 70 30 -34 -22 75 60 86 19 -59 -14 -81 4 23 -38 -54 16 -36 27 -12 80 -5 -21 -15 55 -15 24 -78 48 85 63 -4 -26 69 -39 56 -93 20 -2 90 -58 24 -48 -60 13 -13 94 -17
-79 -61 -4 60 81 -60 -50 79 68 23 -44 75 82 46 58 12 -41 24 -90 -71 -69 73 -85 56 -27 53 -82 -88 33 -49 -98 -2 -1 3 4 -9 32 2 -47 -92 -30 -31 -75 99 -12 41 20 12 99 -3 73 8 -88 64 32 71 -65 -13 -27 -88 -78 38 -5 -23 -89 -6 48 80 53 22 -81 81 -27 -98 -12 66 -34 93 -22 5 -78 -67 -83 28 59 -15 35 -6 -67 -80 94 -46 -99 -50 30 83 -21 7 5 -1 83
-23 -26 48 55 84 11 97 -52 -43 -33 82 -10 98 28 75 69 42 7 -88 -91 28 57 -24 70 88 -53 68 46 89 -52 80 9 -5 30 -79 -63 25 100 74 -60 -24 -13 -26 67 -18 11 36 -54 21 22 25 10 -84 -46 46 69 -76 70 92 24 4 55 35 87 -60 -32 -35 27 99 -80 -85 52 7 25 88 -9 -22 -31 38 -26 -42 85 65 18 -32 -8 83 -2 88 -52 88 17 15 -17 -35 -92 -66 25 -63 45 37
-78 -38 -86 -60 5 -98 -66 21 -9 -89 -7 -4 -52 21 62 -31 -43 -24 -94 18 -82 47 -28 -54 -81 8 -86 94 -30 -65 80 -18 34 68 42 35 -40 54 -75 44 -74 -98 83 -70 -55 3 16 81 85 29 -36 64 -5 -3 11 50 24 -92 17 34 5 -16 -68 99 71 54 8 -69 7 78 28 6 -37 -43 -30 -79 -14 36 -17 43 -5 -57 40 49 54 -78 -25 26 -55 88 96 -60 30 98 59 -4 -19 -66 80 -57 97
-50 -36 59 -25 -30 -53 90 -32 58 40 -26 90 89 26 31 87 73 -60 -8 43 6 26 -100 -91 21 20 -46 72 -10 15 34 -100 -31 -95 -69 -36 12 66 -78 56 -71 99 -11 -54 -66 59 55 -87 86 52 91 85 9 49 62 -28 -62 57 -12 5 -5 -63 -79 94 81 3 13 -89 78 -11 -75 19 -100 -26 -68 -34 -27 -14 -51 -84 -64 -17 53 -3 51 66 92 -14 -87 98 -23 -24 -28 -100 -21 22 28 70 19 -36 -11
69 39 -41 -62 -33 64 64 70 -44 -18 -80 99 -31 -62 -44 -57 -64 7 63 -4 -79 87 -87 50 -18 36 5 8 94 8 -94 58 -82 93 -92 76 2 -93 -76 -64 58 -41 -65 0 43 28 -99 27 35 15 58 83 -24 83 -84 90 18 63 -20 100 -81 55 -86 65 -49 -12 45 35 26 54 40 -3 -13 32 91 89 38 -96 -79 70 -69 -43 -16 -47 -77 -41 -55 -96 -31 12 -97 21 82 29 -90 2 46 79 52 14 91
1 57 96 -92 -35 91 85 -23 51 -38 -40 -7 -67 90 -13 -3 -5 93 -9 93 54 -90 -11 55 34 -22 72 -47 -18 100 -28 -40 -89 81 94 -8 47 -38 31 54 -97 -67 -91 -44 -71 28 -82 65 -95 -51 -19 -87 -25 89 -85 -8 -81 -85 44 -59 85 -58 -89 67 -57 82 -61 -38 77 -54 4 -31 73 30 81 51 -14 -5 14 -34 91 -8 60 68 35 91 -95 -17 9 80 -33 -12 -71 73 10 -69 -14 -61 -62 -32 38
46 -95 56 -37 72 -35 17 -62 -20 -90 17 -76 -83 100 -64 -9 7 94 -33 -74 -96 -39 46 -76 -90 -6 84 39 -43 -22 -20 -24 -41 10 78 -66 66 -14 -20 -77 75 91 86 -31 93 21 21 -90 33 72 -17 -95 23 -83 -57 -90 0 -32 -51 -90 46 -42 86 36 8 -66 82 39 81 -7 -68 -8 63 -64 67 -2 -23 47 -72 -56 3 -78 43 -42 -36 -52 54 32 -34 30 -48 64 71 10 100 8 28 90 59 74 -7
-38 -88 52 61 70 66 66 5 52 -14 -46 -28 5 -70 6 -15 -43 -77 -96 94 -17 -82 -40 -49 -41 -76 -75 7 84 32 -59 -89 -90 29 93 85 57 60 2 15 -96 -71 -45 31 87 -41 -15 13 -71 98 93 -15 16 27 60 87 57 85 -82 24 -62 -17 -38 -84 -78 7 -44 100 99 22 -42 72 -72 -77 -8 -17 94 20 -40 56 -69 -73 -77 30 17 82 34 -86 -9 13 62 -44 31 -12 -27 58 -69 -38 -89 -54 -65
19 -47 -13 -92 73 -27 -29 9 40 85 83 57 4 -35 -51 -71 -83 -28 37 21 -48 -53 -83 18 -64 87 17 42 56 24 74 81 -64 20 -55 32 -21 67 24 47 -65 83 -45 66 26 77 -81 61 -97 -68 -15 99 -91 -100 42 -25 45 -87 46 -45 -58 -35 43 -58 1 58 -80 5 -44 -70 91 -4 58 38 69 87 -61 -33 92 38 62 57 -14 -86 -1 28 62 84 -16 -3 73 97 0 69 -79 -28 -12 33 -62 -64 25
41 54 -78 67 66 76 -43 -40 -49 -20 54 -41 -19 69 5 56 -8 31 81 34 -97 45 -98 54 -80 -38 -95 52 -58 -27 -56 26 -67 -45 -60 44 -43 -55 -14 -76 18 82 38 -97 74 -33 -13 -30 -54 84 -12 -91 -65 -52 49 -84 -87 38 40 -30 3 -98 7 -95 -27 33 52 -33 -50 69 -34 51 -4 -25 26 34 -17 20 -18 -9 9 -60 44 53 33 -2 -65 -1 -28 66 -82 13 68 -49 -88 48 -4 59 -89 42 49
11 -86 82 -30 -73 31 22 23 -11 23 63 -8 -74 62 6 9 -6 -40 85 -21 -66 -33 -26 14 -92 50 -22 18 45 84 -84 11 35 -55 -81 85 66 -56 -71 65 89 14 -6 -49 -84 90 31 32 55 -72 58 19 -11 67 -52 -78 -97 94 13 94 -3 -77 -11 45 94 62 -10 -61 13 43 33 -83 40 -16 -54 70 97 -2 -62 20 -55 72 27 -82 -7 -42 -54 10 24 63 51 38 23 58 -13 26 -24 -73 -27 33 -88
-61 28 -68 39 -19 20 -45 -69 -39 24 96 88 63 53 -25 -54 -14 27 -52 -54 -16 28 -83 91 -37 38 -93 -12 73 -82 57 -24 71 75 -57 17 57 -2 -55 85 -73 -30 -88 -63 -77 55 -2 -83 -1 -61 24 14 -5 -34 29 29 44 24 -30 42 94 44 94 -38 -67 6 -31 -56 62 12 17 21 8 66 82 -91 -79 19 5 3 98 -97 23 54 -92 72 44 -81 -35 -86 56 84 23 -90 12 58 -42 -71 60 -81 88
89 57 -52 28 46 80 49 -87 -91 76 85 69 55 -22 -94 -28 85 71 -25 54 91 68 45 -83 -77 -3 28 66 85 92 23 30 -82 -73 1 63 8 96 35 49 28 36 -94 -7 64 -65 -30 -87 5 6 -28 97 66 26 69 -19 96 97 -37 58 73 51 10 -98 1 -9 -20 2 -33 97 -52 -25 -7 -64 -2 -87 2 57 -28 -2 -88 -43 -63 -25 88 82 15 16 37 -73 95 -16 -55 -61 -62 -92 95 81 -28 12 -37
23 4 -6 43 76 -87 -33 31 29 -13 -49 -42 -73 20 -4 -61 -28 -23 -64 -13 -63 -46 2 -94 24 2 43 75 51 -67 64 -38 -88 37 19 -11 20 5 90 -6 59 21 -64 85 24 -40 2 -57 51 -34 72 30 -94 -5 -13 -12 63 6 50 -82 53 72 43 -34 -57 -65 -92 -82 6 -89 -30 -33 -65 63 -98 92 -6 90 -65 93 50 -19 19 -73 90 12 -76 -38 -84 -35 96 62 -22 0 21 -69 -65 -77 42 100 25
-64 94 51 -78 96 25 93 -53 29 22 15 -34 79 34 99 3 91 97 14 52 -5 -14 36 -37 -36 -36 62 3 -27 -39 69 56 -93 -8 38 82 55 67 -10 -47 -4 -20 -63 -4 61 -40 -16 26 14 28 34 -35 94 3 25 -3 2 -62 -82 -30 46 -76 -90 90 89 68 94 59 55 -60 65 -19 14 -27 -67 -56 43 -94 28 41 -21 -47 84 90 -17 82 81 70 -95 65 57 -51 2 43 -43 91 -1 -64 68 22 0
15 34 38 58 16 54 80 11 56 16 79 48 40 1 -96 86 47 -63 -39 50 58 -38 38 22 23 -44 9 -1 -94 16 -78 51 -56 45 67 -48 -35 -37 -68 44 83 56 -81 22 7 -95 79 89 12 -9 64 -81 7 -88 -43 -84 -86 -91 -75 39 -13 -58 -32 -40 31 -56 37 -81 68 3 -55 27 -18 6 50 35 66 36 -65 93 -21 -65 -75 -83 -15 -78 42 65 -55 84 -27 -28 73 -97 -65 4 -98 68 -91 -68 -17
-4 -36 -62 -51 75 -77 -74 -14 -39 58 88 -92 -82 30 -82 -41 10 -17 68 32 51 -16 5 -95 47 82 -40 -74 47 -87 -24 41 56 37 -70 -26 -74 -99 -37 -55 87 -55 12 -74 93 -90 -89 -77 16 -81 32 -95 91 -95 -14 -7 41 47 79 -31 46 -7 -23 11 62 42 66 67 1 -74 50 -86 -7 -73 82 7 -97 69 18 96 63 -11 -91 -64 -33 -36 69 -20 -55 -82 -5 -84 36 79 3 -54 -17 -72 86 42 30
79 40 43 -20 32 8 93 -19 -52 -15 85 -56 60 -10 42 -82 92 -78 70 -5 99 54 21 -3 -43 -52 33 20 78 47 82 -73 7 59 85 -46 -81 64 -55 74 38 -76 18 2 -36 -23 -83 -79 12 36 35 -70 -97 5 -91 56 -3 -91 -19 66 52 20 10 78 43 -56 -98 43 -45 76 -37 42 37 -24 -2 34 53 73 39 56 31 -48 -51 69 20 41 -76 91 15 -60 -99 -46 -47 18 40 93 19 9 26 -51 43
42 -47 76 -68 -31 -54 -22 5 -62 3 -21 12 40 -14 -4 -33 29 72 -81 51 69 -24 79 54 -83 -83 -45 -52 61 -53 -59 50 68 7 25 90 7 -33 89 58 61 -85 28 -82 -39 62 -30 -16 47 -70 -74 34 -84 57 31 43 -93 -32 -9 -52 98 36 12 -39 -60 -91 4 36 -37 23 7 -46 57 32 59 -83 21 -80 9 19 -10 -2 -18 -41 -42 54 -65 27 89 -10 32 -16 -93 69 -31 95 -3 96 86 -55 -69
28 18 -29 33 23 28 53 -41 80 -1 70 -66 -82 -93 -32 35 38 36 54 15 -84 11 -37 -77 37 53 66 -16 -34 75 67 16 38 31 -2 12 -51 -25 -29 -63 48 45 15 36 0 3 77 -69 -46 19 25 8 96 -68 24 2 -93 -42 84 95 -80 -59 -30 -37 -9 -33 -53 -43 99 7 74 95 20 -91 93 -67 22 -43 80 -5 -99 -13 30 -40 28 -7 -58 87 -37 -83 19 88 -74 73 11 -62 59 -1 -31 -42 51
-74 39 -75 72 3 91 46 -13 74 -59 -41 2 -65 -68 66 61 -90 37 -1 -93 21 -43 7 -43 -92 68 -89 55 84 -67 -45 -39 74 33 78 66 -2 -80 -84 99 -74 -44 -65 85 87 -42 -64 -99 -48 -61 34 -63 54 79 55 -49 52 23 -39 57 10 -61 27 85 -25 -36 82 -84 60 63 87 83 60 -5 -29 91 59 -43 52 -80 -78 -90 -30 64 -2 -11 -91 41 37 24 53 68 -78 24 10 -19 -8 -9 93 84 11
-71 8 49 6 26 -1 -65 9 -46 37 3 19 -68 -65 -57 85 -90 92 13 -68 77 76 84 14 22 -27 -64 -5 11 14 70 60 -72 56 82 19 22 -53 -88 -77 -2 -30 37 -49 -57 -30 -2 -22 44 22 -40 68 45 86 -93 71 39 42 -7 14 89 -51 10 -7 -3 -85 92 20 -70 -50 82 -46 -58 -39 -95 7 15 37 34 -10 17 13 14 -71 80 31 77 -80 97 80 -67 -16 85 -73 -100 90 51 -73 -84 -87 -64
72 11 98 96 19 -49 -90 6 92 -35 71 -70 60 -70 11 -92 -97 42 -80 -64 -13 93 -31 -91 -94 23 99 11 -53 87 59 -24 58 -59 -84 -60 -33 -66 39 42 -28 -53 77 51 -78 5 -85 -14 -45 -26 -33 19 -68 68 92 -28 72 22 -46 -43 -59 -87 -6 -47 -80 -58 31 -78 -49 0 6 -19 97 49 -57 61 85 20 86 -14 80 -54 41 -75 -94 29 71 -58 92 59 71 36 -52 -87 -92 -84 99 -74 -8 -62 -85
-94 -40 -49 37 -4 -55 23 -86 11 80 -77 56 -52 -7 34 -14 98 -89 -57 18 6 22 -44 59 -39 -72 -62 11 -91 -21 75 63 61 88 -6 28 2 -57 -34 92 -69 -41 -52 -38 -55 14 -40 20 50 -18 95 -87 -74 -17 22 -60 -55 -67 55 -60 45 -78 -67 -68 28 -97 35 -29 2 64 -78 54 -47 -24 1 4 82 84 -9 -29 21 80 16 -19 30 -26 -73 -3 11 -92 -19 19 -63 -94 -79 14 34 92 54 -85 7
-7 14 86 -33 85 42 -77 35 17 -93 79 89 94 72 39 -83 11 -66 50 -13 58 -24 -33 -92 4 -34 -34 4 -29 70 -99 -24 2 66 -25 69 59 72 57 91 -18 -22 63 -40 -20 92 70 -8 -61 -39 100 95 15 14 -87 43 -94 19 -61 0 49 -66 73 -42 -34 27 32 16 2 -32 93 -57 87 72 -42 46 15 66 78 46 31 46 80 -67 19 -15 20 65 52 5 -48 -12 -45 83 -15 51 -33 38 95 30 -35
