29 17 58 -100 29 13 54 52 -32 -70 -21 -74 14 88 44 61 -25 40 100 -4 -5 -58 99 43 46 98 -95 76 80 -68 52 -14 -35 2 82 69 -40 84 -46 -26 65 -42 26 -1 -19 -56 38 -22 2 27 68 78 14 -5 68 -61 -94 80 -25 -42 -17 17 -23 -20 -21 -92 57 -55 1 99 -100 -70 7 46 -49 37 -90 -1 13 77 23 -8 95 -49 -14 41 55 55 -74 57 44 65 28 55 54 6 -16 -37 73 -8 64
-83 -97 74 63 37 46 58 90 88 -96 -71 -69 81 17 84 36 -86 -36 -14 45 -49 -85 61 3 52 43 96 30 11 3 -61 22 23 -54 70 75 -77 -88 -14 -66 47 -33 67 70 40 -41 -24 68 -53 -25 86 -42 -10 48 64 -49 14 -1 -86 -50 25 -87 30 -67 -28 50 100 13 -10 -50 79 64 64 100 -47 3 80 -56 -55 -70 72 71 91 -99 1 -94 33 -84 11 -88 -66 9 -5 -46 -73 14 100 66 -37 53 26
-79 12 93 22 -56 -13 12 65 100 32 59 -36 -41 -95 28 -92 -98 9 -9 -86 2 -44 -29 91 93 97 53 -66 -54 -68 -23 10 -60 95 -99 72 35 63 61 -24 76 -41 23 26 -61 31 -19 -52 38 -2 -99 54 -44 63 42 -35 15 -43 -43 31 -77 76 10 -46 -23 -68 66 65 81 84 34 84 46 21 -76 79 45 -19 82 -21 75 -23 80 92 -95 -5 47 -98 -49 -14 2 -10 73 71 97 -92 -90 -78 -72 5 22
-28 -42 -6 0 -13 -57 -11 -6 77 -81 -81 9 -29 54 82 36 43 49 54 -90 77 34 -24 53 -68 77 -85 36 14 -15 33 42 -21 -39 -53 -7 74 38 93 51 -15 -70 64 -66 -67 46 -81 -30 43 13 7 -49 66 -95 88 39 -7 12 -90 -83 78 68 -68 -33 74 37 39 20 -85 42 -1 -3 70 15 39 -73 -43 80 -68 -21 -80 -90 -96 -3 -14 -97 -13 -12 -85 92 -4 -40 46 26 -85 92 -35 4 -29 -90 -29
42 -100 -94 -27 13 -6 -91 0 79 -41 -22 96 61 -56 -87 97 79 79 -91 -46 -66 92 -11 14 -73 -97 -70 -91 51 -6 -7 -53 35 60 72 -23 10 47 64 -99 52 99 95 -65 55 -62 5 54 11 -8 21 25 32 70 -96 -38 1 71 100 59 -25 51 -35 33 0 55 -11 -30 -93 43 71 50 40 -66 -60 21 32 72 88 -79 82 -84 26 54 -39 69 48 71 96 40 27 12 -57 50 -37 37 -71 -18 31 54 59
19 52 57 -96 94 32 44 -14 -77 -48 -47 71 10 -85 -73 88 -38 -2 -71 -11 -79 87 94 -10 -47 40 -79 -27 -70 100 6 63 98 -37 -29 -90 11 -6 -15 -13 2 67 -7 62 -56 -69 3 100 -42 -42 -84 21 27 70 22 -77 69 61 -95 -41 -16 -54 87 -26 60 -32 -40 -91 4 -93 60 81 -100 48 -42 -99 41 68 -45 39 -79 -86 46 -66 88 -56 77 -21 73 10 -23 -17 2 55 -41 16 58 94 -9 -66 67
0 -82 70 -4 -61 -80 10 50 5 36 -15 97 -20 49 -94 -56 -43 79 -83 -47 -77 15 53 59 77 -4 54 -22 -33 49 15 -44 28 49 -32 51 -36 -87 -19 -29 89 78 58 -100 -95 3 -41 65 -95 64 45 -3 -12 99 19 34 -79 -61 -34 -73 3 -12 2 69 46 -90 -55 -93 7 62 -1 22 54 -80 24 94 -27 -65 69 -46 97 -14 -29 32 -77 22 5 -1 -47 -21 -7 -36 29 10 75 -3 57 53 -1 76 70
-51 95 -25 -57 24 95 35 78 49 81 74 -3 -20 40 31 61 -30 8 -96 54 -49 28 5 -37 7 59 -32 17 76 -87 -50 12 24 48 5 -92 -32 -56 1 -48 -98 10 -99 34 -51 -95 73 -51 74 98 -6 -97 14 -64 8 -8 -10 3 84 62 22 -13 -47 54 83 -68 -48 -91 58 -71 -40 -3 -100 100 62 73 13 17 -13 44 71 -2 -95 35 30 -7 0 87 64 54 -56 -96 -21 -47 21 -45 44 -61 7 64 -52
66 -45 44 -82 99 -82 -87 38 -40 -82 43 -93 -58 -90 33 79 -81 22 54 -33 33 -45 -70 -28 72 98 99 -27 32 96 -54 -99 72 -69 -16 64 -10 91 -84 47 -24 10 30 47 -26 -64 92 -3 51 54 5 -30 30 -76 53 1 -52 97 9 -49 43 63 95 59 -36 73 92 -48 -30 -66 58 -41 -47 74 -61 90 -75 88 -68 2 -97 -78 57 34 -48 -66 84 90 -13 -61 -95 -85 -12 82 -22 52 19 -3 61 53 63
-46 11 7 -63 -11 35 -28 -8 -89 -6 83 -44 14 91 -35 1 30 28 -83 -24 13 -34 -13 -9 3 -34 26 58 67 -78 83 -27 29 -58 -27 37 85 19 70 66 45 28 46 -20 34 -56 -1 41 49 -27 -13 -18 3 -2 25 -14 45 87 -49 -42 -99 -56 -69 -35 96 33 62 16 -79 70 -9 -82 -9 -42 53 83 94 -24 -80 -93 47 36 0 27 -50 99 -28 -79 92 7 71 -3 -19 48 -30 52 33 -97 -45 81 41
16 32 -33 46 -62 35 -61 -65 -41 22 -54 56 -57 -44 -47 -69 -44 11 69 -4 -36 38 -90 85 -85 -18 -97 64 -26 95 -53 -57 95 -77 -92 -41 -71 100 -66 -66 100 92 41 -58 74 -32 -79 -88 59 39 65 45 37 74 78 -75 -13 9 -21 2 -7 -12 79 14 -46 -38 60 -72 1 87 15 -49 -62 95 -80 -100 -71 -56 78 34 -46 -20 -6 79 38 -27 25 -7 -77 28 -37 -92 45 5 -14 63 39 88 21 85 -70
-10 18 -39 -74 -10 21 -64 -72 -47 79 -63 2 -11 67 -81 -9 26 4 2 95 -1 86 -30 68 25 -7 39 90 99 -45 11 96 -58 -4 90 46 61 22 30 -6 53 -53 -43 35 13 -63 -66 89 65 -40 -37 9 91 98 -44 6 75 12 -100 -64 18 86 -78 37 -78 -72 -3 -8 30 10 -32 90 22 38 -37 -66 -78 -77 80 53 -8 53 -35 58 21 -63 -95 -12 44 -20 -29 -71 -57 -67 10 59 69 98 -60 -78 17
-81 96 -48 -55 -43 86 89 9 -41 -76 72 -18 -84 60 -72 -33 -84 29 -64 61 -100 -88 68 40 51 32 51 -95 43 -60 55 -45 -21 97 -38 18 91 -44 -72 33 69 -92 -47 -62 -1 -12 -40 -10 14 -79 -57 -77 -37 -55 -54 1 -32 63 10 -27 78 -7 97 -91 27 97 -14 -10 49 -66 31 8 45 7 -92 0 -44 24 44 -64 -69 92 77 -98 11 -82 -78 -59 -53 59 38 35 27 3 3 9 34 28 30 10 -61
42 -6 -78 -96 -60 -55 5 52 13 11 -94 92 -81 -44 85 -22 -48 -46 32 15 44 97 77 -50 -49 17 62 20 -75 89 -88 73 38 -49 -65 67 96 22 -62 12 -23 -74 -20 -21 27 -32 51 -65 38 3 35 -43 -98 -21 -55 11 -41 32 -56 72 -67 3 82 -6 -89 -68 -48 -7 43 -20 -96 -70 -66 -50 -75 -17 -75 -75 33 -49 -81 -40 86 -84 48 24 -52 8 -64 86 -89 29 -95 -85 0 75 95 50 100 29 -72
-95 -33 92 -46 -67 -25 -32 79 67 -13 68 46 -28 -90 -84 59 -74 -58 -84 -44 -72 65 58 -80 60 -32 -94 10 -1 15 46 11 -7 -68 -40 10 67 -29 31 -31 37 -95 31 -37 -96 -46 88 72 -63 94 -50 -12 29 70 -4 -95 99 95 31 36 -56 -72 77 -30 96 100 18 -35 100 -62 -84 -74 36 99 96 71 32 -50 -61 67 -46 -88 67 -84 100 16 -95 46 -50 3 31 4 -69 -37 -82 -61 31 2 76 -58 66
15 60 -98 -19 17 38 18 12 -17 78 -92 -87 70 -3 67 88 -25 4 59 82 -42 -58 -8 -40 -26 -34 -94 -80 -9 -1 -65 32 -55 -18 -83 -9 67 -69 82 -66 54 -70 22 51 4 40 12 -96 -100 -78 13 -60 23 28 66 -33 34 -36 38 -69 -64 25 6 60 52 -69 20 -52 -29 -17 70 -53 36 87 -47 -68 94 -76 -73 69 99 38 21 -57 -58 17 45 -70 -68 -37 -12 25 -89 70 95 -12 -3 -95 74 18 -99
39 -91 -40 -19 47 40 -71 -3 -7 -64 77 41 63 96 67 4 -31 -93 80 -89 81 60 -98 27 -88 -25 -63 -58 70 -43 -87 -14 -72 64 37 -39 75 -34 46 77 23 95 2 -18 -23 -38 -73 -88 -35 100 -95 68 79 -72 45 11 -90 8 -28 -64 -5 65 -29 17 92 94 28 -60 -19 -68 -89 87 60 34 -93 -61 48 -32 19 36 -67 48 23 89 -58 10 59 -42 -56 -90 1 -32 12 27 -65 -99 -56 -83 14 22 24
24 -3 -1 36 71 26 -23 -90 -64 -67 -18 -48 -91 14 7 -73 5 -18 -54 90 23 71 -14 78 74 63 -10 21 35 -99 90 100 -98 44 11 28 -46 100 89 57 50 -34 -30 -54 57 -45 -59 -3 -32 -31 -81 46 33 -52 -74 -78 83 -95 28 -90 46 86 88 31 -67 -13 -91 -41 -94 48 8 19 -76 -39 15 -64 83 82 6 -84 -10 -29 9 93 51 34 1 -23 -97 -70 -56 88 18 62 -94 58 24 -59 68 48 17
83 -100 -51 79 58 -24 55 38 -39 -7 -63 29 30 -47 -43 2 -88 86 4 -89 71 81 90 94 71 33 93 70 -2 19 23 22 -84 32 -19 13 -23 86 53 61 -15 -10 85 75 -1 -66 -99 -96 -12 20 -29 -7 23 -73 -8 -38 -73 2 17 50 -1 -29 100 82 -11 -14 -78 1 -53 67 93 -96 46 -7 -32 30 4 50 -74 61 42 -75 -42 63 98 33 41 81 21 44 -97 10 15 -98 50 -18 -57 -91 -45 -84 -88
-24 -56 -90 42 -31 -38 73 -79 86 46 37 -76 -90 63 30 77 -28 -20 -41 -22 1 -20 12 -89 78 -57 64 3 17 -70 0 28 20 -85 -53 99 -78 -79 -79 67 13 -91 -81 -44 46 75 -18 -90 60 -79 -36 -100 -26 86 -98 27 -30 -85 -86 57 -35 -21 73 28 -89 55 17 -54 66 7 -74 -15 37 90 -29 83 -71 -47 6 61 -51 -26 -17 -100 -22 -97 -52 33 40 5 -99 -40 69 82 -9 -52 90 56 -96 5 74
-17 -33 -69 10 61 -57 -64 -46 -23 -39 -31 -44 81 80 66 33 -16 51 89 9 -70 58 51 -55 -86 99 -47 -27 72 -13 26 81 -2 -8 35 91 13 89 15 84 -32 -85 -24 -5 82 75 -5 -93 100 -31 42 -12 -96 -84 -73 20 47 -43 39 72 -91 -99 -84 -81 -18 -70 -21 -51 -32 86 31 -54 71 55 -97 -85 77 -74 54 -13 6 -88 17 -81 -55 -12 35 62 42 35 6 55 -33 -77 93 41 -40 12 -24 -77 -73
92 57 -88 43 -52 32 -51 -38 -40 67 60 -33 -28 26 -25 -62 27 80 74 -70 -49 -29 -11 -57 -80 -73 23 -88 74 -70 -22 -31 47 -52 9 -73 -92 -46 90 95 -55 43 -43 -90 -89 -81 -51 -62 38 72 85 -34 -63 72 42 31 88 91 94 -46 72 -99 -68 -21 -4 -79 -34 37 -63 -10 -51 1 1 8 -50 -73 40 95 75 -19 -48 -34 -6 98 -37 84 -93 49 68 46 -37 -11 -52 -43 66 66 91 71 42 94 67
79 97 71 24 -42 -87 -12 40 -45 -43 -97 55 98 2 99 84 34 43 -80 -94 90 41 -13 -64 56 24 -60 33 -67 77 -8 -53 60 74 -18 -41 -65 -77 41 7 25 41 65 86 63 9 -5 21 -25 90 -21 75 87 83 -5 -45 86 -71 -95 -9 -38 -12 31 65 20 -93 -63 34 56 -100 -86 -40 -37 -25 -23 15 -37 43 -76 -26 43 22 -85 -28 9 58 -58 -32 -22 52 24 10 -33 -76 -1 -40 6 89 -45 99 -77
64 79 -9 63 75 -4 60 23 -82 -85 5 -74 -8 13 14 -86 -64 -77 -69 84 -47 46 -50 35 -61 -75 -23 10 61 20 49 -24 -30 -40 -4 -25 -47 82 -18 43 65 39 -14 95 4 -46 -55 87 -26 -12 79 -78 52 -87 -45 -13 15 -76 97 -57 -28 -27 88 43 -10 52 -35 -35 28 2 -10 -87 -21 69 -57 6 -76 -47 17 -96 -3 100 31 -26 53 -96 -90 8 -24 -22 47 73 78 -96 61 91 -51 53 67 -50 -19
-31 35 74 -16 26 -36 81 33 14 10 -1 11 -57 34 -34 71 56 -51 -23 -6 -89 33 45 -65 39 6 14 61 40 59 22 -41 -88 -32 44 -1 77 -41 3 15 -7 1 59 44 -87 -99 80 57 -96 95 7 -89 -54 80 49 19 60 -35 66 64 53 80 -65 -41 -52 -70 20 33 -15 17 16 -42 -51 69 2 -89 -16 -99 -53 -60 -16 48 51 23 82 -100 20 44 -3 -14 -47 91 86 -91 -19 16 68 -56 -91 41 33
-57 29 22 83 63 -74 44 -92 23 70 -21 37 57 21 62 85 -16 8 -24 66 16 91 -38 -50 -59 -68 55 15 -53 -86 -57 -15 -99 -11 -84 91 -14 -34 7 -91 50 -31 71 -89 -14 53 -79 80 -43 -76 49 11 -79 -98 -3 -43 -38 -52 2 -16 -72 63 29 45 -14 42 -75 -65 53 -67 49 -33 0 -23 89 -85 16 -93 -38 26 -95 -93 -23 44 -54 61 3 -100 91 -6 -95 -31 -94 51 9 -82 -50 92 -81 6 21
-82 84 29 84 -45 1 -64 94 -69 35 92 65 75 27 62 97 -65 -9 -2 13 4 98 -45 -39 40 -62 19 -23 -89 67 9 12 -14 -14 79 79 46 -3 77 20 -10 -65 -31 -95 94 -91 -57 59 58 -10 40 -65 69 -41 -59 -60 -10 8 -2 -42 66 -63 -29 51 -40 32 62 -35 95 10 19 -25 95 -65 -29 54 -63 24 -69 -87 87 -70 53 -87 -89 -78 -91 93 65 54 -28 -5 93 -88 76 -90 0 3 54 -87 90
-3 94 45 21 56 80 -33 -63 66 -87 -29 73 10 69 -100 51 97 -45 -11 79 -42 -19 -85 -47 21 -11 -74 -10 53 10 -22 86 -71 72 -40 -100 98 -52 -61 -28 -32 -23 -89 53 -45 57 83 97 34 -96 28 -62 49 52 59 -21 38 -73 52 14 -76 -67 -67 -44 -49 49 -91 -50 -52 54 65 -13 79 86 35 -18 9 -58 -30 -13 -33 -2 22 -37 76 -80 4 61 -26 -33 -14 -95 -1 60 52 -86 -10 -8 -54 -58 3
33 56 -24 -14 79 -18 81 -73 -73 4 79 88 -14 -5 -86 32 -75 68 20 47 11 -50 -55 -43 -86 -19 7 65 -4 10 -42 -3 -9 -56 93 -47 94 -16 -98 -65 -97 72 52 71 78 100 -81 -2 96 19 -99 86 -55 -13 10 -34 -5 -97 -21 -12 -68 10 -53 68 -14 -63 75 99 -11 87 -67 9 69 -65 -80 25 19 -60 -65 -65 95 -93 -46 -81 -94 74 -37 61 15 77 55 89 83 -3 37 14 -39 82 71 46 53
54 -60 56 33 93 -24 34 -48 -21 73 81 17 -29 -45 89 -77 36 10 2 19 -9 10 19 40 -98 60 79 69 61 -66 -31 -43 -79 64 -79 74 88 74 45 69 -91 -4 -46 62 -27 74 100 -61 84 48 93 87 56 -59 -14 -27 -35 -69 51 24 -26 32 98 -27 50 30 -17 92 18 36 -59 15 -26 -7 28 -85 -41 -28 2 -4 -11 23 -47 -28 84 -22 -42 58 91 -99 84 -27 -52 61 -44 10 98 64 -21 51 2
47 35 61 98 -91 -33 -76 -71 -68 -36 -10 25 98 -2 -92 78 -13 -71 -23 84 93 -41 -31 -58 -49 -92 -59 -99 -32 81 20 73 -68 -40 92 -20 84 -12 -5 -43 9 45 36 -43 -10 39 -78 -12 -20 -63 -75 100 -10 -22 -77 24 11 93 -99 50 74 78 68 -93 -8 -96 -4 6 66 -15 -95 -22 82 16 42 68 53 -86 -58 40 84 -83 11 99 -97 67 14 -42 -9 72 -31 68 -18 -35 58 -75 4 -37 83 53 -72
14 -100 14 -22 -76 -11 55 47 5 48 40 -26 -22 10 20 9 86 -87 -22 -84 31 -45 -26 -100 66 6 -98 56 -77 30 93 80 6 92 -67 -80 -97 -73 -56 -15 -28 73 84 88 -47 -2 -12 -47 7 -54 30 -12 9 -52 -75 31 30 76 53 86 4 100 74 20 51 -31 59 5 -40 91 -95 -11 59 0 -35 -100 -3 -9 -2 23 -19 43 -16 -18 42 -98 -23 82 -98 -93 72 -4 -58 -29 -95 -53 44 -62 -79 -79 -11
61 84 85 -30 -64 -26 -58 78 45 -36 -55 -70 68 -12 -76 90 -70 81 100 22 -67 -21 6 -66 65 -31 -80 88 24 -92 -80 97 -54 55 44 -93 83 -30 -56 0 36 68 -52 5 39 -80 27 -69 91 9 36 27 -12 90 85 27 -23 92 -34 -95 -8 -7 27 18 -48 -20 14 -65 -100 96 -47 95 -18 94 29 78 -99 -8 18 41 73 21 57 -19 -50 20 82 -55 100 -59 -90 -70 -91 63 -48 -92 63 -57 73 31 46
15 77 -19 -45 -34 -58 -92 -45 -52 -90 39 -20 -53 61 -48 -93 -85 -63 100 44 77 -11 10 15 -34 -68 74 -32 -89 29 -42 100 15 -38 -92 -45 7 -76 -67 53 46 -46 -85 -98 39 36 -68 48 -1 87 17 0 4 -44 -37 14 59 2 -44 24 -51 -15 -4 -34 -83 21 68 -34 -37 16 -63 98 -42 78 79 -81 4 -1 23 -4 4 -89 -63 -87 36 27 94 32 4 -53 54 -81 66 -12 -65 34 -24 77 -48 -24 -94
17 79 -73 11 -2 -4 -97 10 -35 -18 28 -53 70 96 -49 99 76 76 -74 8 61 63 91 75 54 4 63 2 -87 -26 15 13 4 -99 -97 95 -59 98 56 77 -15 -99 85 -33 70 47 -100 16 -94 95 -72 13 -70 9 -13 40 3 -38 53 -70 55 -76 -6 93 26 23 93 19 29 90 48 -1 -14 23 -25 -76 85 39 -43 -60 -41 28 -25 32 31 -64 8 72 9 -79 35 -52 84 -61 -92 -57 23 63 1 -40 -17
76 3 81 6 -24 70 -11 -48 -71 97 85 -8 4 -76 86 12 -5 -73 66 9 -46 -81 -82 -96 68 56 -49 -23 -56 -55 -46 90 -4 83 -43 -90 -16 -21 -74 48 -49 -7 -100 -63 -90 60 -88 -67 37 -33 -100 -80 20 -3 -28 -51 59 31 42 -66 71 -39 78 -92 -62 -7 26 6 67 -8 71 37 -31 50 -28 38 -33 -32 -55 -89 36 17 -81 -55 53 -94 64 -17 -34 86 -38 -73 -50 -84 77 21 -33 1 39 19 -34
48 17 39 0 -84 47 65 -53 -27 58 -74 51 14 -4 35 36 20 100 37 89 -97 92 35 -98 -31 -26 -31 -14 -29 76 54 69 -52 -91 11 -9 -37 66 87 -95 -7 14 -61 32 25 21 -60 1 -29 -45 -51 -80 21 -67 -85 -100 -58 -14 43 -46 92 -23 15 -80 64 -57 7 -32 -62 64 -63 -56 41 -26 -94 -65 31 -83 -97 -21 89 -65 46 92 90 90 -89 -99 -59 29 15 -48 -60 -1 -54 -67 -63 -99 83 33 2
7 61 -93 6 6 7 56 17 20 -13 33 92 -37 83 -61 -82 -72 -95 -44 87 -68 4 -31 53 -57 -2 0 -51 -51 97 78 -34 4 45 76 4 -39 15 7 70 -91 -75 25 68 -96 -92 -31 -92 76 -74 47 52 5 -12 41 49 11 -13 -11 -95 4 -37 75 -78 -32 62 -91 54 -12 -91 22 -29 -87 16 17 53 100 58 42 80 62 -90 -25 20 92 47 11 47 59 -73 -15 23 29 19 38 23 93 -30 59 -91 43
-87 -64 72 26 91 -65 17 63 63 -71 -91 -2 -8 -59 -15 69 -75 -78 39 -57 47 66 28 -55 25 86 60 72 48 -27 -35 -53 84 70 80 32 47 -72 -63 78 -32 -92 24 -83 -61 19 -86 0 42 -39 80 74 56 73 -47 -97 36 15 -34 -49 26 -88 62 75 22 -99 73 -23 64 91 7 -89 40 11 94 57 -93 -18 -84 64 94 -79 17 -98 91 -23 17 -8 57 99 -56 89 2 45 28 61 48 66 -23 44 27
-69 53 -23 -11 -24 27 -95 -9 64 -13 -96 -51 89 79 30 -88 -1 -54 24 88 -65 67 -24 35 66 -10 39 60 -44 29 28 22 40 -53 74 -99 23 7 -98 78 -4 23 100 99 -8 -49 69 46 -53 80 -22 58 -39 76 85 22 -48 9 22 3 -72 77 76 -14 67 47 53 84 -8 -5 69 -46 -36 93 5 62 -8 -89 79 73 -68 96 1 -26 -81 -61 -44 -66 -76 -33 80 54 -10 19 32 98 -30 -12 -91 -43 56
-34 83 100 -56 -3 -39 -32 64 -66 87 -64 11 34 -79 1 -55 -93 -5 77 32 -65 77 61 -30 -33 8 31 -6 19 -61 71 88 90 77 47 20 -59 20 4 -53 -91 4 63 0 72 -94 -72 32 -33 -77 55 -35 -6 33 -13 -61 75 -83 -25 62 26 72 -93 33 31 66 83 -34 -90 78 100 -97 -39 16 12 61 99 85 -11 -13 100 3 14 -29 98 -87 22 37 48 -42 -37 -25 53 -90 -33 -78 63 -61 -63 -1 50
-9 -70 64 -74 4 -4 -85 -30 11 -73 -49 5 -69 -4 -19 83 -1 3 -28 -23 -93 44 87 87 -2 82 -7 25 -27 -28 -27 73 7 36 -90 -37 29 88 32 -37 -44 -69 -17 2 -18 -81 -37 -52 -50 15 45 35 55 14 -30 8 -58 -21 11 -88 39 -42 45 64 32 27 -60 45 23 14 -5 -36 71 -86 -35 18 -50 24 71 42 71 46 -17 16 66 19 -66 -2 4 -31 13 -30 -22 24 57 21 28 -90 1 56 71
-64 -85 8 -38 2 -91 26 58 31 -49 94 100 -6 58 32 73 74 -19 79 5 -46 -79 6 -100 -78 70 -15 -37 -11 -35 0 -77 10 -96 -45 88 -1 -65 53 -89 -84 77 -95 76 12 -18 88 -79 63 36 -66 -19 -71 -60 10 -95 69 0 93 36 -85 88 82 8 52 18 -96 -25 18 94 -32 23 85 -21 50 11 24 51 88 -55 -27 56 -93 13 8 -98 -44 25 -23 93 54 4 -69 -66 -1 -39 0 31 -86 16 -1
48 -35 9 -27 1 -83 -32 -64 -25 -55 97 -66 -5 90 -62 -77 -31 -64 -62 -79 54 -77 -59 54 59 51 -6 98 -59 53 -23 -50 -76 -3 73 49 90 69 -18 -60 -63 35 11 -36 85 69 -73 -97 73 -36 35 -45 0 82 98 97 -16 -87 -54 41 62 23 -88 -69 20 -25 51 32 87 100 94 6 22 -49 -59 -11 91 -96 25 82 11 96 -61 27 71 -30 14 81 43 46 -75 63 -56 -80 -62 76 31 -15 2 -24 72
88 60 -26 63 -14 -71 -73 38 -71 76 -85 -40 35 47 17 86 -83 -91 -95 56 -22 59 34 66 79 -87 -35 61 2 90 44 73 -80 94 -84 -98 -20 46 -58 -93 -43 -15 100 51 -24 25 -14 15 18 14 44 -70 -35 50 -62 -67 -56 28 21 65 18 17 -8 -54 74 75 -91 -42 71 75 70 -89 -19 19 -12 -23 75 26 41 -96 91 -95 -87 -17 -5 -40 -67 -95 -31 45 85 29 -12 -31 39 -90 75 55 98 38 -43
-69 69 -54 -1 28 11 29 -15 62 -29 -74 9 92 -32 15 84 -94 -28 -61 -46 56 84 93 60 -79 -82 -66 -16 16 -66 -75 -75 -74 55 -29 92 -52 -12 16 10 58 -63 -64 -19 -52 -43 -74 12 -85 -3 -2 -84 5 92 -15 -27 -71 65 -81 68 12 -63 66 -58 53 38 97 23 -80 -9 -100 27 -73 16 45 -5 -80 10 -70 69 -46 -33 90 7 17 86 100 41 38 28 79 49 -100 -22 -44 -77 80 -63 -11 -13 -40
24 -2 50 95 -19 14 13 93 13 46 56 -84 56 -4 -81 70 -25 -53 68 -76 -58 -45 -42 33 -45 25 -66 13 -84 92 60 94 -57 -10 29 96 -91 62 -34 75 77 11 81 -41 -7 -60 -46 48 -11 75 23 34 96 96 -86 91 64 -3 -5 -94 -17 54 -40 -45 -4 -89 -55 23 31 -72 13 -28 -100 53 -37 -58 -73 -13 -36 14 -22 96 11 -28 -75 61 86 35 63 -16 20 -52 -75 18 -79 79 14 99 20 -58 -30
85 85 -17 -68 34 -2 80 -98 -9 -58 -93 55 -89 42 74 89 62 4 80 90 -34 -28 92 -30 -19 76 -42 26 -38 -77 75 96 -9 16 -47 -14 62 74 43 37 -99 -96 22 53 -87 -61 -64 -75 89 84 -15 15 -50 -98 -97 79 -99 92 15 48 -35 33 33 -70 -55 14 44 -87 -54 -66 83 -4 24 26 -92 99 -28 -65 4 -67 58 -79 15 -17 9 -49 72 -2 -49 41 76 -33 -24 74 -82 72 -35 -82 -5 6 -74
46 100 -44 -39 53 -44 -34 -81 -8 75 -76 94 -50 -67 61 -20 78 71 94 71 -45 32 -50 25 7 -92 66 -79 -93 82 29 25 -47 88 60 3 -26 81 83 39 -51 72 38 29 94 96 -95 96 -63 -64 13 -49 -99 -8 69 -38 55 30 8 -30 -38 52 99 -57 33 -41 -99 6 23 48 7 67 -56 72 74 -58 37 55 -92 73 -74 -3 -17 82 -83 -84 -77 64 71 72 51 -36 16 -95 19 63 92 57 80 98 -32
13 -34 4 -45 78 70 75 5 -30 -94 -71 -19 -39 -14 38 61 7 36 94 -50 -25 57 19 32 -59 -83 2 34 -61 -31 -25 -17 -98 72 -58 -96 68 77 -24 -79 6 47 27 55 40 -8 77 74 -20 65 84 58 66 3 -27 -49 58 -20 54 -4 73 -9 -60 -53 32 -93 32 57 18 -49 71 61 7 95 -23 7 -52 55 -80 21 18 -83 30 10 -89 55 -44 -82 -14 65 86 95 98 -70 -76 -38 -36 15 100 -55 41
-38 -86 10 -98 70 -55 -22 62 -80 74 53 -28 -69 63 77 -98 -87 11 -94 11 72 61 25 0 85 -39 -22 50 7 -55 58 86 -73 -91 33 -38 5 90 -69 -35 83 -6 64 -63 -3 -97 -33 -71 -98 12 -82 -75 -36 -42 -54 27 54 48 100 -94 -51 75 96 -86 -56 -24 -78 53 44 -50 1 5 -28 91 73 34 81 43 30 72 -3 85 93 51 74 -79 -66 -16 13 -7 43 -49 41 -37 -98 70 -33 -53 82 -15 -30
33 -50 38 86 2 94 81 -68 84 24 86 7 -40 -58 15 2 19 4 -26 81 -64 4 -1 -33 41 38 -3 25 68 44 -61 80 -79 17 -14 -56 -24 -45 31 24 -96 2 -62 -82 -34 -67 51 -70 -16 3 94 -71 -20 44 -3 -9 -74 86 44 35 -34 -24 6 16 24 -38 -61 8 32 -77 51 83 -3 -86 -32 -77 -69 -81 56 -96 100 93 88 83 83 67 19 71 -33 21 -25 -43 -59 -64 96 -17 65 -40 76 -77 -78
24 10 -71 -23 -37 -66 34 32 -56 9 -4 75 -9 -3 43 -47 86 33 87 74 89 6 43 -37 20 -80 -51 92 -9 72 -95 46 -92 50 83 76 -99 35 -87 -77 35 93 -56 -88 83 24 100 -64 100 86 -5 -39 0 61 -33 -14 -33 -25 -49 13 5 99 40 -29 56 -45 36 -9 59 53 16 95 37 24 -96 -32 -14 -79 55 67 -71 -66 24 -49 77 -92 -76 -89 40 -94 -26 -52 -10 -27 -4 -53 -21 86 6 -54 45
-84 -84 57 39 11 -34 31 -65 18 -96 54 -53 82 15 17 -35 -28 85 25 -68 91 -5 -75 -58 -48 -48 44 -72 -35 -66 -36 74 -4 32 -100 66 -84 16 -60 -71 85 83 33 9 -89 78 30 40 -68 -57 -46 63 -39 -27 49 -18 -44 -23 13 21 8 -1 66 -37 92 -25 14 -8 -10 46 -3 49 -33 -16 25 -38 -19 26 58 -77 -55 -8 -51 42 -87 -95 27 -29 26 -45 58 -85 4 26 -22 43 -3 40 -68 -52 60
-58 32 -18 -53 -29 16 -4 -15 30 12 -7 3 92 -14 -40 83 -63 -8 67 8 3 65 -86 -3 20 -60 25 28 -70 5 -8 63 -52 76 17 -23 49 43 16 41 -87 -30 31 59 -48 21 41 -78 -94 34 11 49 85 -94 -75 75 59 -97 -58 -59 23 30 -16 37 -3 64 -53 -87 90 88 93 26 82 -37 71 24 40 78 -27 -85 48 13 77 -90 -23 38 -48 63 61 -9 65 -100 30 -19 41 52 -20 76 72 80 50
-58 -47 83 -6 71 55 -15 -83 -34 -11 -51 -52 34 -66 -90 -2 -20 69 6 -45 -66 30 -80 64 92 -64 -61 -24 52 49 92 27 -72 -41 -77 79 2 53 99 -55 -4 -98 64 -75 -19 87 -56 43 -23 -73 -70 -98 -95 -44 -73 -63 -6 -53 -12 -72 -10 53 71 -28 46 64 -36 34 -97 -87 -72 87 -14 95 -97 -39 -49 45 -53 23 97 50 -4 0 -79 99 -66 40 -13 77 -30 30 16 80 -34 4 91 -100 -81 64 24
0 24 31 52 81 -16 -2 37 6 98 -58 74 8 -17 -44 -61 -14 76 52 -34 -14 -61 99 72 20 81 -85 50 100 9 -64 -16 -78 50 72 9 29 -96 73 78 -20 -96 -76 94 -94 -88 62 24 -75 -55 -59 35 -76 71 -77 -22 19 19 72 42 -13 -69 -65 -23 -93 -13 73 36 21 -6 -32 85 71 -87 -81 -45 -56 93 -68 -26 -58 9 -36 35 23 -49 -25 88 84 -79 48 21 -92 -8 52 -22 34 28 19 -16 -13
-55 80 -10 73 -80 23 29 -14 72 -43 90 -46 -65 -98 50 -82 -82 -50 47 -56 23 -27 89 -41 -53 16 -94 23 -83 -55 57 70 90 81 33 83 -61 -31 -31 26 -99 -93 -8 1 2 67 23 67 -9 -72 73 -43 59 -92 3 -36 98 67 64 87 31 -96 -82 54 -27 67 1 30 -81 8 -85 -88 -47 -11 47 -1 -23 62 -78 -46 34 -85 -4 6 -49 67 -67 53 93 -15 -75 84 99 -38 43 67 92 60 -61 -29 -96
100 -75 -48 82 -58 -80 22 76 54 72 64 -8 -33 -59 28 -50 -38 15 23 -15 80 94 85 -82 -81 98 53 -32 48 -75 52 -55 3 -52 49 51 -57 55 -13 74 43 -61 76 86 27 14 31 25 90 -20 -5 -29 -100 10 80 -25 57 -89 -16 84 -4 12 14 -95 51 -10 93 39 -44 -87 46 94 -30 -89 79 -35 48 -83 43 53 -38 -46 -57 -57 -53 -78 98 22 -8 -84 42 -58 -9 14 97 -7 16 -2 58 -42 -43
-49 99 -60 -50 54 40 24 81 23 -38 -45 -63 97 -58 -70 24 9 -49 11 -52 -66 -81 -61 -77 -64 -1 96 -90 51 -6 4 -82 -97 82 13 -67 97 11 58 84 -24 67 -71 61 -18 -41 -39 14 22 -58 21 73 -92 -55 -84 51 19 93 -94 18 -23 -21 86 -17 24 -100 -33 -84 -61 -99 -94 -50 83 -62 -86 -74 91 -25 -87 -51 61 76 80 -92 57 36 2 75 -50 -39 -34 -24 -51 -61 9 75 29 67 -34 -8 -54
32 0 -78 25 47 75 -36 -82 -69 80 23 -43 50 -74 -42 9 -29 -71 28 61 -97 -34 6 -45 -75 80 -73 12 -59 -5 48 1 56 -41 -66 69 -35 -4 2 -17 51 98 -41 74 52 4 27 -65 -28 72 -89 -95 -11 80 -49 86 6 100 -24 -58 54 -67 -90 16 40 93 33 71 32 -28 -46 -51 -45 -10 -13 69 74 -84 56 -19 -1 -4 -78 20 60 60 -64 89 -11 12 -43 65 -84 73 -68 92 51 -30 -23 -43 -91
-55 -6 54 73 8 71 25 -21 -72 -72 -88 92 -37 -52 -29 -85 8 -99 53 -42 -20 -19 -94 -41 -26 74 -12 0 -56 32 -23 39 3 -11 -67 -7 89 92 -95 -76 76 18 -52 23 -69 -49 -56 -70 -97 2 -85 63 59 17 98 -75 68 -33 14 66 92 18 97 -24 -43 -74 -22 39 6 -19 10 98 85 -66 -39 77 -62 -30 -76 -65 98 -40 74 65 17 -35 -10 -35 78 -52 25 -62 96 -13 -55 58 -31 54 -39 -89 -91
39 62 22 -8 78 61 -63 21 -58 72 53 21 -99 -100 11 23 87 6 -2 -61 -81 -33 -50 -70 11 -18 -94 50 -72 82 85 62 98 90 -48 -88 -25 -14 54 -45 14 29 87 32 46 12 -53 35 -25 -48 -88 -83 78 -41 71 -55 -50 67 8 -79 -32 65 87 86 59 -66 27 91 -74 -12 -1 89 -69 -60 95 -76 28 1 -17 5 96 36 -82 26 95 73 30 15 7 33 63 -87 -24 -9 -16 9 19 91 60 61 66
-3 90 -74 -44 -85 -83 1 87 -71 -44 -64 15 -31 -49 -1 -61 -74 97 90 37 -100 75 -67 78 -9 93 -31 94 55 55 -60 94 -59 1 56 -81 98 -87 -80 -62 -96 -68 68 -26 -15 -10 34 -47 -1 -85 37 26 81 15 -42 78 -69 40 -4 -98 94 72 -80 -56 51 61 -70 -17 57 -65 92 -56 83 37 -39 -5 -61 -6 -73 30 -96 -6 96 -81 28 -9 36 64 82 -20 -48 25 -62 -39 -54 0 1 -16 -27 -80 -10
-98 -94 50 -29 -52 54 -38 45 -12 -42 12 -68 -80 87 -60 8 31 -87 -62 45 -84 -44 26 44 41 71 4 19 -55 -24 -7 -63 -76 -70 4 56 -69 -12 -26 -14 86 -52 94 -61 46 -1 -25 72 -27 -92 -39 7 -17 53 39 -59 97 -28 -29 -36 50 29 -62 54 -36 -53 -59 -6 -91 78 73 71 -70 -97 66 -42 48 -82 6 -35 -9 17 -93 -64 -22 97 -93 97 4 -20 -68 39 -92 86 -34 41 -39 -71 -48 -38 -23
70 -45 -11 -12 -18 97 -45 -69 -54 -68 -64 52 -66 64 46 -63 41 54 71 -94 -79 -24 -66 69 -42 1 -7 70 45 76 -47 -38 30 -96 7 22 51 89 84 98 14 18 36 -67 -62 -91 37 70 35 -39 45 61 -33 77 4 -61 23 59 25 -12 63 -5 83 12 -98 26 -84 55 10 98 -48 47 -5 77 77 74 3 6 9 74 74 30 6 -59 51 13 61 7 99 9 -48 66 2 39 40 51 -17 13 31 66 -40
-96 -65 -98 28 -33 97 -37 -61 -24 33 15 -46 -38 81 46 -4 -67 50 92 -100 -28 84 -94 25 -96 -100 44 56 -56 4 88 18 -23 -76 51 -37 -66 72 83 57 4 -12 92 -74 37 82 -38 90 59 50 36 68 -1 44 91 -67 -82 -76 -64 8 -45 59 -82 -10 -74 -88 10 93 -22 33 22 92 63 -74 18 6 57 89 -65 -93 -71 94 -91 -36 92 -7 23 -73 28 -38 -37 80 35 13 -40 -28 46 60 97 -31 68
59 2 -100 -42 79 20 45 5 85 -57 21 -6 50 -29 52 36 -93 -46 -52 -7 59 -98 -9 -50 -28 -1 -68 32 -71 24 89 -88 41 40 22 89 -34 53 26 50 32 -3 21 72 91 -14 76 -76 34 -67 -43 13 -66 52 56 -52 19 -96 -89 -59 -54 39 91 89 1 35 84 18 -43 27 -34 -20 -88 -44 30 -46 -31 50 45 -35 44 -33 -11 32 49 -67 -83 -100 -80 -40 91 -90 -87 -75 40 32 -57 -48 -8 -17 -98
77 -9 1 -52 76 -64 -3 -78 -55 97 -69 71 -38 -13 7 -35 92 -55 -75 50 -23 -90 -61 92 -33 69 -69 3 -54 29 -80 -95 5 -59 -22 -9 -62 2 64 -6 18 23 -16 65 18 69 82 67 -8 65 33 12 12 -1 41 32 -28 55 -61 -39 -99 88 41 56 66 -87 55 -76 -42 -40 -46 3 7 42 80 26 34 82 -65 100 -7 -37 65 47 67 -82 18 -82 -9 -23 75 -34 -46 25 -27 75 14 -33 -8 -96 90
80 74 11 -43 7 88 -57 55 -47 -44 -8 -60 -44 -87 86 -93 68 22 9 -13 -97 70 -73 -76 -8 -63 -7 58 -75 64 17 -56 -18 -5 58 34 -76 -88 82 85 -75 4 -29 10 34 22 -64 69 -51 58 38 86 -96 -67 -3 -84 96 -9 -54 -78 15 -30 27 71 49 -46 41 45 80 -21 -36 -36 84 -37 100 -48 54 33 -47 -85 48 -41 20 -69 80 -30 47 65 -64 -16 34 -57 58 -51 24 -72 57 56 -24 85 55
79 -45 19 -82 0 -52 -3 -72 -82 -45 66 -85 -11 -6 35 -87 9 1 -90 -13 -85 61 55 -24 -91 -18 59 -1 -89 -82 9 -42 34 77 17 -93 -63 16 43 72 -55 -15 60 41 58 -42 25 95 -91 -88 -79 -37 -20 -83 81 42 59 -95 57 53 7 -87 72 83 25 98 64 56 25 -100 93 -32 68 -25 -15 -59 -12 94 88 85 30 -82 2 -15 85 44 -19 56 18 -93 -15 34 73 -96 -30 80 -26 46 -86 -27 42
-60 -56 71 -1 84 -47 55 -99 -77 -68 58 0 -54 33 57 82 87 -46 49 -49 27 53 57 -18 -97 2 3 47 -96 -75 7 -25 -90 -89 -69 -36 18 -39 -86 59 -58 73 -39 -61 59 61 71 57 -28 72 -79 20 58 96 6 -4 -18 -9 55 34 76 47 -66 65 -7 84 1 74 22 1 -35 -51 31 -32 -4 -99 57 -4 21 54 -50 -8 -60 -33 50 55 48 -82 80 93 -60 -83 -83 23 36 71 50 58 -39 -96 42
77 -9 -39 36 -23 -76 -78 55 75 29 49 -14 -31 66 -81 -49 14 -68 -13 -39 57 90 61 80 31 58 66 -10 -50 -51 -18 -49 73 35 76 -50 -70 42 -22 -40 99 85 -28 76 -83 76 62 53 -2 10 -58 -79 67 -44 67 -87 29 68 28 27 -23 -8 -6 -52 -34 27 57 47 -32 59 -87 7 -22 -100 -57 -3 30 -25 61 13 18 51 -26 -5 -96 -91 -46 -91 -43 29 37 25 68 -99 -56 33 40 -39 74 -36 -21
-65 37 -15 -84 76 69 -57 -6 -78 -48 19 78 -85 81 44 -91 -49 -41 -86 -79 21 80 31 -26 -61 -11 32 -61 -17 72 31 60 -76 90 86 -57 8 35 32 22 17 -28 44 -7 -54 58 21 -74 99 14 18 -33 60 34 53 -61 94 -2 63 -33 4 33 68 -66 26 90 -14 97 -23 46 -30 -12 -59 -19 -100 45 -30 -72 53 74 20 -76 -9 78 -18 -47 48 41 -45 -79 47 25 -78 -44 -61 -51 85 -31 -40 -86 5
69 37 68 35 16 -18 -75 -87 -2 36 2 91 5 -11 -71 -87 77 22 94 -12 -100 -75 40 -90 42 62 51 97 52 4 92 90 33 -1 -70 38 62 28 7 -76 45 29 -82 -66 -15 -66 1 -72 62 72 -79 -26 -12 68 -31 -82 -55 54 52 -49 60 97 -95 40 -26 -46 -91 15 46 13 -14 31 -4 -20 -43 48 -17 -2 70 54 -4 -76 -37 55 -97 62 11 63 -17 16 -30 13 45 92 -95 55 -89 5 7 -54 -78
13 -25 79 26 19 -39 -82 44 44 -6 100 -47 -20 -50 -18 85 48 -85 -19 -29 35 84 -25 -13 -35 -5 62 70 15 98 14 -49 -97 -92 -9 -39 90 -79 -74 -33 -27 -29 -56 -94 67 48 6 -81 -84 1 -58 60 -40 88 -52 -2 -14 22 -96 -9 72 -49 28 -17 -6 -16 -27 -88 37 27 58 -54 43 20 25 -90 24 -61 -51 -20 46 -66 -33 -29 -76 -29 -51 -83 -57 -86 1 -57 -85 74 -60 15 23 -44 76 33 -71
-18 -24 81 18 30 -32 -100 -31 -81 -44 14 -55 -41 -42 13 70 19 -44 43 -65 23 -42 14 93 40 -48 68 -42 -99 51 62 99 -30 18 -9 11 -96 -83 56 -77 -86 -72 -43 99 -32 -94 -48 26 -54 31 -9 17 21 21 16 68 73 -87 -86 80 -16 -79 56 81 -5 74 -13 -49 87 70 18 24 35 13 -87 61 -39 58 39 97 9 33 47 -16 -83 -47 19 52 64 -3 -67 61 -1 29 -8 38 78 57 31 -10 7
-72 -73 -89 84 13 58 49 -85 65 -52 45 -53 -65 -86 15 75 62 76 31 -71 32 71 51 45 78 -76 -100 -93 12 18 -100 -29 28 -11 14 58 31 -38 -8 53 -60 38 -80 49 8 91 75 59 -37 -69 34 53 -74 -54 56 25 -56 6 55 21 64 -59 -19 -22 82 -86 74 10 99 83 -99 37 88 82 -24 -89 -77 24 -92 2 63 9 -9 64 68 5 18 -61 70 -26 -52 63 -53 56 -100 -16 27 14 -77 -95 -94
-13 11 63 -27 76 -52 92 77 -29 14 -93 -14 -6 -34 62 -57 59 -59 24 10 80 -63 32 24 74 54 -11 77 -44 -41 24 36 -68 -7 62 -93 -94 -27 -44 52 69 -96 -21 -53 -81 72 80 -58 -40 -96 -41 79 46 -12 -86 -70 -47 69 92 43 -34 -8 3 96 -100 -98 -6 -97 -55 -7 49 -25 49 70 74 63 -51 15 43 -54 -35 74 -76 -18 -86 16 -28 54 -42 -68 34 60 -55 -90 16 88 30 76 -24 -92 59
-7 -96 48 -27 -74 45 63 -57 51 87 21 72 2 55 -27 23 13 41 -63 -52 -56 53 38 -63 -15 -16 70 86 -91 86 8 1 63 74 -99 45 77 -74 -54 43 -7 -22 34 -38 -81 6 -41 -35 -81 -57 -61 20 47 94 57 -17 -92 60 -100 -58 68 98 1 -41 97 -60 87 -64 -34 77 32 48 77 70 -62 -37 48 72 93 -76 64 -47 -57 34 -62 89 -26 -79 -40 -32 -59 25 3 29 40 -79 83 -23 -78 -91 -30
23 26 34 -37 33 -78 -4 -28 -31 -51 -57 32 54 62 83 24 70 -86 -19 -7 -89 -49 80 9 -51 63 -33 2 -36 65 6 29 97 66 78 -49 92 16 83 -47 -87 62 92 86 28 52 -84 -72 -22 -99 57 90 -75 -64 35 45 64 -59 -91 -71 -87 -63 -35 -26 24 13 42 -8 -95 -86 11 89 -64 -5 -16 13 13 -9 86 13 38 -12 -36 -86 -57 -43 2 38 7 76 -19 -42 -21 -25 -53 -24 -10 36 -31 19 -32
22 -100 -18 -62 -80 -99 -59 -78 -68 -33 0 74 -87 -11 -55 -24 -35 59 25 80 8 87 -49 95 2 -49 94 57 -52 -62 81 83 -69 67 84 -77 91 10 -71 72 -83 -47 80 -87 56 -83 -51 51 94 -80 13 -57 25 9 64 72 -8 -98 38 -19 -34 79 80 -4 0 -96 30 59 -84 78 -13 -22 69 -40 -72 -54 -4 60 89 36 38 34 21 18 8 72 78 -47 -68 -35 -6 75 -13 52 54 59 -65 51 63 81 -17
47 -88 22 89 -25 68 66 79 5 -59 43 -12 -71 -44 98 -12 6 -23 9 -72 -16 -11 -53 91 100 48 -93 75 80 89 63 -79 59 59 -56 -100 77 -88 79 79 -82 23 17 -62 -7 -94 54 31 65 49 83 -78 68 18 19 6 -92 -58 88 100 -63 23 71 51 38 100 58 -90 -76 5 -8 18 -57 21 -96 -40 95 -30 -40 64 34 78 -4 48 -92 94 -70 93 72 -71 -40 -58 -28 5 -85 -78 3 -41 85 60 68
-19 67 -6 -35 23 62 95 -15 45 -51 -63 32 -50 50 75 -80 14 62 -63 48 -69 -85 0 -15 -64 -88 45 83 15 -54 -81 -100 19 100 57 -96 -13 80 -44 55 -23 -79 79 50 78 -76 -9 62 22 79 -34 -10 52 -93 -37 5 45 -76 52 33 97 48 -83 -15 -10 68 55 34 33 73 79 4 60 -44 55 30 -86 34 -10 57 52 -13 54 -18 46 -98 -59 -66 72 5 -69 -43 -88 55 59 -12 79 -8 -61 -93 -29
45 -90 -16 27 40 24 -51 3 -47 17 95 13 -75 -28 46 -88 0 -41 69 91 -3 46 43 -41 9 5 -47 -14 17 12 74 34 -8 98 -12 -44 -93 3 -31 -59 5 23 -89 92 94 2 43 48 32 90 44 94 -55 48 -30 -49 -78 -52 -59 54 74 85 -25 83 98 82 -28 90 -51 -29 -50 -85 -99 -32 87 47 67 56 20 -74 74 -44 67 35 -15 -72 -47 20 55 -9 -83 40 22 100 11 -38 38 -74 74 -12 100
-92 -81 47 -77 72 -66 58 -74 -72 36 -10 -8 51 0 21 46 -56 -50 -25 93 31 -99 74 35 51 48 -83 -87 -54 -81 -100 46 -6 95 66 -2 77 85 -89 -36 -72 -41 39 -5 -48 6 81 90 -63 3 -41 51 -62 93 -30 18 36 -27 -13 -30 85 -54 -74 68 27 -50 -75 -10 56 -33 81 -25 70 -43 -5 -100 87 -20 -85 98 75 38 55 49 -3 -89 -71 -59 -29 23 14 -74 90 42 -68 -1 -52 -97 -71 -17 -61
19 31 -94 -65 -10 74 -68 -42 -79 25 38 93 42 76 -14 -60 -65 44 33 -72 12 46 -70 -79 -11 -100 -77 58 50 -61 33 -6 -69 42 19 -14 -97 -50 -24 75 66 -45 43 28 -66 38 -33 6 45 -55 18 82 23 -90 70 -6 -19 29 6 -60 54 -1 67 -58 -92 -26 -66 95 -99 -42 -39 -49 41 65 -97 66 -26 -99 -76 60 14 86 38 45 -41 -28 24 -28 -10 -82 -9 -30 88 -7 96 -46 -30 -44 76 -96 44
86 -76 -28 -46 33 3 -4 81 -28 93 -44 -33 -51 -21 94 -58 43 47 13 -13 -21 -87 100 33 -58 7 -9 -30 27 36 -15 16 -50 -6 63 19 20 -73 0 -81 27 49 77 -77 45 -76 94 40 -31 -26 -86 46 59 -78 -27 57 -37 52 93 -42 29 -93 69 -79 65 -100 -80 43 -10 64 59 -88 -31 -96 0 -79 16 4 25 96 89 66 83 -97 -30 72 -36 -69 28 -57 25 -100 -92 45 -87 51 -36 31 64 -82 -63
-60 52 -44 -31 -76 -39 10 -52 34 38 -34 41 91 98 -37 -99 -7 57 -32 72 -19 -92 79 1 -75 -71 37 98 25 -89 -16 26 -56 -71 9 50 69 49 61 -58 20 -40 -48 64 -71 66 11 19 55 46 -9 28 61 33 -98 -97 -5 94 57 -11 87 93 -7 14 -88 -81 -51 78 -3 92 -37 -100 98 -27 30 -83 65 79 -46 -65 -44 -35 3 -10 -31 0 72 -3 2 -2 25 -67 -93 -39 -69 2 -52 -65 -70 0 30
94 33 -46 -11 -48 39 21 -76 90 -84 -37 -53 -17 -22 86 -85 -15 20 -14 12 17 19 -8 15 -27 -5 90 -67 -21 45 30 51 30 18 -11 -25 74 51 21 14 60 -97 47 25 46 -74 -85 -47 -22 91 -26 45 37 -10 -100 95 -72 -61 -57 -41 56 -68 5 -9 78 26 30 55 98 -64 61 54 -25 24 52 -29 76 6 40 -98 45 46 74 44 75 2 -5 14 -41 87 -7 -65 16 -53 45 -25 -85 -68 -99 20 36
-4 70 53 -10 26 89 55 -63 -15 15 -71 23 82 -63 0 -72 70 -83 -72 -64 21 -96 -18 89 10 12 77 -45 79 -84 16 -72 66 -83 77 -48 -74 -59 76 -5 -75 99 77 -37 -1 -60 -57 -46 -28 -89 81 -20 -57 39 -50 50 -69 2 -51 -9 21 -5 93 58 -8 -4 -3 -35 -23 21 -54 -95 -43 -35 -54 37 -42 28 43 -64 -98 52 -55 34 -26 96 -30 85 -83 -32 -28 6 31 -10 5 48 -36 -6 -89 42 4
14 26 -14 36 -53 -40 -62 -84 -25 81 26 -9 79 14 44 -55 -48 -36 67 7 84 -25 -80 14 17 90 -16 -24 73 -58 -44 10 7 -53 -39 0 21 -65 -26 -5 0 41 14 100 -26 -16 -32 -86 -75 83 -76 1 -60 88 62 99 5 41 100 10 96 48 -26 -61 -80 -51 76 -36 -68 25 48 -26 -18 64 31 55 -90 -11 -7 -88 -68 67 -37 100 3 -2 -29 15 -42 -65 -45 -77 -91 -51 -79 46 -67 -76 -68 -63 -56
-21 -64 -31 86 24 100 -25 -51 -64 -47 99 -46 37 -28 34 59 -27 97 70 10 82 43 6 -15 100 -41 -33 88 92 1 91 52 -94 -12 78 93 52 -45 -40 85 -15 18 42 -69 2 100 43 4 32 -27 -45 -92 -51 65 49 -13 62 -77 21 -85 56 61 -11 -31 -11 92 -55 85 -83 -98 -94 -98 3 -72 62 71 98 20 2 31 47 -98 50 -65 36 -71 27 -94 22 59 69 12 78 -75 -62 -96 65 -23 -90 -2 97
68 -38 50 -65 16 -37 61 -49 34 0 65 62 -31 -98 53 20 74 94 54 -29 -89 -95 -2 15 -64 -87 -18 -57 -58 16 61 8 -19 -99 -31 -29 -82 -23 47 -62 -74 99 48 -100 -3 -16 -85 81 -1 58 -57 -6 -53 -26 -68 -4 -79 -65 9 55 100 29 -83 72 48 -84 89 86 63 -95 87 73 -68 -92 5 -38 3 -24 70 25 -30 2 77 63 -37 -2 -12 90 -9 -22 43 -98 37 -2 -32 -80 -63 -72 8 -36 35
-73 5 -19 -1 17 -85 44 -63 -51 29 27 -7 -18 -99 65 89 32 -67 14 21 -92 -71 -46 -39 -62 59 -96 6 -36 3 49 -37 -14 60 -33 -43 -69 46 44 -62 -74 -12 75 12 37 30 84 -77 -84 96 -84 -43 -12 35 -13 75 72 69 -62 11 -94 -82 -65 88 -13 -83 51 27 71 60 -70 39 -91 -37 -59 93 -45 92 -66 -67 -26 -93 14 -73 77 -16 -96 48 0 -84 27 40 -23 -43 -73 -42 -10 -57 89 97 -40
0 -83 7 -21 -74 -11 57 18 -26 64 -14 6 72 -28 29 5 68 -20 79 -81 -21 -32 30 -38 91 79 -43 -27 -92 28 -9 -66 -13 -50 -99 -81 -92 60 -38 -74 63 10 96 -45 0 -52 -77 47 -81 -32 -23 80 -82 -77 -86 89 32 75 55 2 -79 79 -64 -28 -41 -42 51 -70 28 -72 55 8 -3 -72 -4 28 88 53 -7 -39 -85 -61 57 25 -99 -24 -18 82 33 20 90 18 -8 38 -51 -14 60 36 78 29 -24
74 -60 16 -41 -58 1 -79 -6 -13 49 88 -92 -30 42 68 -79 -40 10 90 47 40 70 37 29 -62 66 -43 -62 81 89 -71 5 -27 -54 -31 28 -4 -41 -12 20 -36 -9 -63 -84 92 31 75 -93 7 -57 13 75 56 -100 -48 -61 77 10 89 -24 -7 -31 39 42 -32 51 2 -25 49 4 91 -47 -98 -44 -7 3 48 64 31 81 64 -20 27 64 -42 -97 -66 59 58 99 -20 53 90 -40 4 57 35 82 61 -62 44
75 -45 76 -62 78 -31 79 50 96 60 68 19 -55 10 -7 -50 96 100 -58 -87 -51 67 -64 -95 32 46 -46 10 -76 14 -17 -94 90 62 -80 47 47 41 -28 56 100 85 -89 -82 -15 -65 96 -78 -76 -41 -15 19 -56 -69 59 78 37 -57 -46 -69 -26 92 -60 -61 43 -61 -68 8 46 -71 16 -81 68 90 35 94 1 -14 49 -76 60 -86 88 -7 82 -93 -42 -44 97 -11 20 -1 72 -37 -98 -68 42 85 34 -16 22
59 -65 74 -21 -69 -55 13 52 16 -80 43 15 -30 15 -69 83 49 -75 91 46 29 -60 -63 -11 100 -93 -7 6 88 -81 86 86 -10 -36 -24 -2 64 37 -61 31 60 31 78 -94 -2 -28 18 58 86 -23 -57 -15 -43 -3 48 52 -100 36 -38 6 46 91 25 -77 94 -64 72 -42 97 -47 -62 -54 75 57 18 -15 37 41 -71 56 -38 -63 -13 6 71 -94 43 -85 -52 51 60 -73 -98 -60 -78 36 65 -57 -3 -93 70
90 11 -36 71 30 76 39 -27 45 61 -25 39 -10 -92 -22 -88 48 99 -54 -46 -39 40 67 67 -10 -25 62 28 -14 28 20 -43 -70 -9 77 -11 97 32 -23 -49 -61 57 51 -52 -40 5 17 23 -48 -28 95 99 -92 64 94 -79 -35 -73 78 -9 14 45 18 49 19 -60 24 44 -7 87 -43 -11 -10 -39 85 -100 59 -61 9 -93 71 -22 -46 3 -70 98 27 -24 -14 77 -1 51 -56 -6 80 -89 -28 -77 -83 -38 -96
