95 -54 -66 -66 -78 -5 -80 96 98 -83 47 66 -30 -79 -75 -3 -99 -12 -62 25 -38 -52 -92 63 25 -48 -11 -74 -32 5 61 -46 -30 15 69 47 -93 -31 -96 -46 9 -15 -62 -68 45 -38 -18 4 -79 76 12 63 -61 98 -68 -21 51 -99 23 -1 79 17 -76 32 53 -79 -89 -21 27 -82 64 -49 -35 77 86 -2 84 35 -95 45 -36 -2 72 33 -68 -18 30 -99 -5 -51 -79 100 95 -59 79 65 62 8 1 -82 -70
-68 -94 -98 -93 85 37 -49 -1 2 -5 7 -87 -63 -63 68 -74 26 -58 74 -90 5 -56 33 -74 7 -24 15 56 53 -87 -60 -90 8 -17 82 -10 84 -54 100 56 84 -44 -22 1 29 58 -39 -19 -50 -9 65 -37 14 12 -44 -67 91 82 96 -65 -5 -46 87 35 53 -62 74 -10 -10 -47 80 -12 56 -86 91 -53 66 87 -99 11 42 90 7 79 60 -85 69 -29 29 48 5 -14 13 0 42 79 38 10 -68 16 9
-52 94 -75 -18 12 -89 -46 -26 -92 1 48 6 19 67 70 40 -30 -16 -80 75 -94 -100 90 -99 70 0 71 89 65 49 76 -38 -78 7 39 91 -52 0 69 26 -28 -19 -40 -58 -18 78 95 -37 -43 76 21 -25 -67 39 -24 -61 95 88 19 69 12 82 -93 24 -98 95 -9 -1 -81 70 81 89 36 -5 97 -55 -52 6 -39 87 13 2 -22 -15 13 47 -85 51 62 -88 86 -18 94 -100 96 63 -66 6 -21 9 98
-54 -82 97 -86 83 44 -63 97 22 65 -64 -89 -17 6 2 -14 17 -67 -11 51 66 -31 8 -21 -40 -39 16 15 74 76 4 -92 0 -6 45 -56 10 83 -20 89 -58 -95 -48 -91 -79 -28 48 -12 15 51 61 39 -25 84 -75 -52 -53 -52 38 44 3 -81 75 -31 -38 49 -40 -80 43 67 25 -40 43 92 72 76 -47 -43 32 -77 30 -70 -75 41 40 -67 52 0 2 57 50 -44 27 -29 -5 24 -7 97 64 35 67
69 71 12 13 93 93 87 84 24 -38 7 57 10 -57 -87 -80 -3 8 -52 49 40 -21 11 -97 -55 44 24 -58 68 -77 -61 92 95 88 -26 -70 -47 -12 36 -59 91 26 68 92 -85 39 73 81 -7 -13 -98 -100 -62 -19 -3 -76 -8 -3 89 97 66 91 32 -22 14 2 47 31 -76 -10 -26 -41 68 -33 -85 94 19 85 -55 47 -77 -57 -22 59 -95 -53 53 100 94 -62 6 91 52 -39 79 -46 -91 48 -86 -34 8
-50 -88 87 -52 -57 73 -11 95 86 9 -64 57 -37 25 -84 -92 85 -100 -16 77 -12 61 -69 86 36 85 -11 -92 -45 54 -84 86 26 5 -65 -66 23 82 37 -51 5 -68 -10 -22 51 -88 -44 69 12 -74 -6 -37 -71 -94 78 83 56 8 -18 -22 23 84 73 62 98 46 -32 -9 -82 -74 -88 -94 87 8 -8 96 -37 -60 32 33 85 46 65 31 -40 71 -60 10 -82 97 13 3 -18 75 21 8 -9 31 49 50 -51
57 18 -9 -68 -74 1 -85 66 -65 -57 15 30 -74 -64 -46 57 56 -11 -42 -73 53 -64 -83 -88 8 -71 -22 32 50 -64 -7 65 -26 -39 39 66 25 -32 -58 96 68 20 7 -20 -32 -6 76 -5 -51 96 -93 44 -57 84 77 -28 75 -14 -53 -17 35 55 -29 31 10 45 -6 82 44 11 45 19 -34 -48 -65 -92 -84 -46 -5 -55 -62 8 -64 -6 -60 100 -36 -99 7 -36 -6 -26 -51 -64 -29 -27 -100 91 21 68 18
-29 -63 -26 72 72 -59 6 -41 12 38 93 44 16 -98 -53 -22 -35 83 -22 -80 93 61 -39 64 -30 -23 98 36 -16 -89 -24 72 36 -57 67 -84 -9 -29 -23 55 27 58 57 15 -79 -91 -80 -5 -1 73 -30 -3 -72 90 62 -43 -41 25 56 -52 66 4 1 -15 96 38 68 23 10 40 -55 34 -70 55 -38 71 -30 -51 40 93 43 -16 40 11 64 56 72 28 -92 46 48 97 9 -51 100 -93 -91 57 33 -8 76
-50 -88 -83 -13 -100 34 -57 70 -73 -6 62 -76 19 95 -18 29 15 62 53 46 27 80 -6 87 5 -88 -78 18 49 24 -87 18 -65 -77 61 -82 -26 -30 -87 62 41 62 38 -4 12 -30 11 16 29 70 18 -54 24 -35 -5 -6 97 -80 29 21 53 71 100 22 75 -97 18 -95 43 -11 23 -92 -52 -9 80 25 -4 -35 90 -97 70 -26 67 75 -2 -88 -99 -26 -53 -87 -26 5 57 11 51 -66 56 54 97 -50 -50
69 48 -86 -37 -14 -57 98 68 -17 60 -10 -96 47 -42 26 98 -87 92 72 63 82 47 -12 2 -4 25 6 -31 26 -87 -24 52 -45 21 -30 -33 63 96 -89 33 -2 51 -56 -23 43 -87 69 -45 -99 -71 11 12 87 22 -64 -16 79 -80 29 11 -16 16 -8 -67 -97 -80 81 -88 -53 26 -20 83 3 89 12 -52 -92 -6 70 -34 86 72 72 77 14 -63 -68 27 -25 -99 -79 -58 -78 8 99 -25 -94 -36 -43 91 -3
-4 69 -34 -58 -11 61 -47 67 26 -54 -34 87 6 10 53 58 48 -13 -25 6 67 -36 94 79 16 34 -26 -19 -77 -13 36 68 -39 -15 -92 48 -69 86 -51 -55 -59 83 -72 -15 -18 74 94 -35 5 91 90 20 -1 -27 -19 98 45 50 -95 41 69 -17 34 59 71 98 66 4 -4 4 91 76 -74 86 -68 25 21 84 -61 -95 -17 7 16 80 49 -87 92 40 -85 7 27 10 -71 -28 -67 35 -63 -62 -90 62 13
-97 28 18 48 -48 3 75 -29 22 36 59 -2 -8 12 -52 -70 -16 46 -22 -85 -58 -61 58 92 67 -48 6 42 -35 91 50 -87 64 -39 18 70 85 0 29 -61 98 -41 23 -30 48 -21 20 14 -51 51 6 79 -89 -98 -59 -32 2 -66 8 35 -25 39 49 67 -86 -65 -75 32 93 19 3 -24 -11 -51 33 -11 88 -98 83 -39 -87 -56 -48 27 80 39 14 -31 -48 68 91 -1 95 93 -87 -77 4 9 -79 -57 49
45 69 1 19 97 8 -18 -90 -10 91 42 -44 -100 28 41 26 54 4 -30 10 -52 -96 -22 73 -38 50 74 6 -9 -86 -51 -22 -58 -77 50 52 -61 73 44 32 7 73 59 -33 -74 -88 -9 -43 43 35 70 67 -84 -82 -4 -82 -78 -100 83 -92 60 -95 88 -68 64 -69 -7 -55 35 7 -81 43 31 91 -4 40 60 96 24 57 86 42 26 26 -7 14 -7 62 57 72 26 -82 69 69 84 33 -79 82 94 61 51
-38 95 -66 21 -49 79 9 96 31 65 -90 -12 89 -50 -79 -37 -36 83 91 -77 47 -49 -64 -75 1 15 73 15 97 -70 -39 -30 -4 53 95 -45 78 -55 -90 -27 62 100 -84 70 22 31 34 -70 -81 60 -28 -79 -12 -76 -11 97 93 -13 65 -94 -25 -27 -90 -4 -95 23 -26 -64 44 38 -83 -43 -82 38 -29 -60 -93 71 87 -54 -14 -11 -3 96 53 -29 -9 90 -62 -34 -58 31 85 -66 -18 25 -23 96 95 55 -77
-61 40 9 16 13 -50 -28 -13 -28 -31 -36 66 94 53 -75 79 -42 -58 47 78 -15 8 -95 88 -95 -91 12 86 44 69 25 -100 -73 -46 59 98 51 -67 50 -89 -13 -33 55 93 22 -84 60 -14 46 56 43 -74 -89 -100 -48 -79 -38 -59 61 10 -33 81 31 5 -45 0 37 -79 54 41 -70 -77 -81 -14 24 -18 -53 -5 -82 45 97 33 -43 97 16 80 -34 71 -67 -91 -93 -54 -69 61 84 21 -44 -82 39 50 -25
0 17 -45 23 -12 59 88 82 -92 -52 -19 -4 -16 33 90 76 54 -99 -13 -77 19 -15 15 67 9 -95 -15 -15 94 -84 -18 -69 -71 -81 -46 -2 -55 0 -85 17 0 25 -62 -72 4 -42 -45 52 -83 82 -27 80 83 92 -47 -45 64 -38 -40 26 93 -9 28 -69 -46 17 -70 -41 29 -28 59 -28 -45 -61 -42 -98 -69 -45 30 31 62 -44 77 -70 -61 96 -11 -73 93 -28 27 -26 37 -27 73 -19 57 -18 -57 -95 88
18 -65 -35 80 -74 42 -34 87 16 -15 52 -30 -21 43 9 -61 -43 -56 52 42 56 -22 -35 95 40 -90 65 100 13 75 -55 58 -1 32 37 34 -31 21 54 -8 -57 18 -5 80 -46 27 63 6 49 -15 -93 -58 21 -45 -52 73 -91 39 -94 37 -46 91 -1 -82 -7 56 20 84 -44 63 92 18 -98 78 58 -56 -47 62 -39 -14 -2 70 -61 54 65 59 62 -85 13 -89 -38 9 -25 77 -14 -82 -53 30 -40 -1 -65
30 -20 -44 -39 28 90 -43 79 -70 0 66 -3 48 -59 76 -95 -4 77 26 96 1 46 66 10 -45 -74 -17 -26 -48 63 16 -100 32 74 -96 -59 10 11 -66 39 -49 52 85 -36 -5 21 25 51 -17 -70 -1 14 -15 75 -34 -98 -76 -54 -1 84 40 58 29 -95 34 -48 -62 -72 74 36 -96 -50 94 -30 -75 52 -19 -68 -16 -89 -53 64 95 97 74 0 94 -19 -88 11 -16 -62 72 -25 -19 78 -3 -63 -2 15 15
30 -56 5 38 -85 2 67 -41 -88 37 68 64 -63 76 80 -99 29 -34 -76 -48 -97 93 95 57 98 -71 -34 -66 -82 -94 38 -87 1 68 -74 84 44 80 -13 -79 -67 -4 96 97 -16 62 80 -89 67 -39 8 44 -51 42 -2 88 31 81 -94 93 80 -86 14 -69 45 93 -93 12 -16 21 -32 -90 21 61 79 -49 99 22 64 81 61 82 -61 -96 59 17 62 79 -3 19 -51 50 7 -95 -4 -24 -51 93 -36 -21 -67
-21 -34 -86 36 -9 75 63 -54 -47 9 13 -72 -59 25 -42 -47 24 -11 -47 -80 -90 52 -52 -8 -57 -16 39 46 -86 4 27 -25 -35 -32 -99 4 -58 80 32 79 48 -21 -19 75 -86 17 -17 57 -51 -84 -37 -93 -47 -67 61 13 17 -44 -67 -74 -35 -13 -42 -48 2 -48 83 56 -84 71 -27 -26 96 20 -65 -23 -24 82 16 92 -32 -1 76 -60 19 -94 69 84 -37 -55 20 -18 -86 97 -21 -45 99 -97 72 16 15
8 -27 -3 80 89 62 100 -50 -79 83 65 26 17 -95 -11 83 -40 -34 -31 -97 -86 17 86 66 98 -43 -6 73 64 37 84 -97 62 57 -55 -27 68 -73 -12 77 92 -32 29 69 50 -16 70 -18 1 34 -86 90 -2 -85 58 17 -98 -41 40 -30 -65 21 -18 71 -87 -52 94 100 -80 30 -66 -83 -20 -39 0 46 18 -6 -30 95 -96 64 -69 87 -75 5 -80 50 79 23 21 68 -22 -97 -59 70 62 -93 -37 29 27
92 85 -28 30 -30 8 68 23 -61 -5 70 22 -17 98 -62 56 -53 38 37 -81 76 -85 -75 -13 -31 -58 48 -28 -92 -86 -35 62 -31 93 -91 -35 90 -96 55 60 27 96 -67 67 -34 -17 -49 2 -20 67 42 -63 59 78 -49 16 5 -25 32 34 87 30 -94 -82 74 -7 -79 -83 -8 -74 96 12 87 -24 -84 -82 14 -68 -11 69 45 70 30 -71 -33 -42 57 -38 -80 -7 -41 -83 -22 3 10 -36 -80 65 -91 -28 97
-100 -73 -81 -62 -66 99 -22 33 -32 -19 -84 97 39 68 -72 -43 -97 -6 79 81 -18 6 -79 88 43 -82 79 -18 17 -49 71 24 -84 56 -67 -54 -39 -97 -35 31 20 43 36 23 24 -9 -70 -38 26 59 92 99 73 -22 32 -94 73 19 42 -15 -34 72 -19 32 -45 -62 -65 -24 -29 43 -20 77 3 -23 78 42 69 84 -85 8 -68 -91 10 -17 48 -55 -7 -60 -97 43 36 83 6 -70 98 8 -44 -20 -59 41 -68
-83 -83 48 82 -77 -4 -25 -72 6 -33 16 49 -7 -77 48 -6 45 28 -76 30 60 -50 52 -61 69 86 9 6 7 83 19 -92 -26 32 10 73 -18 -8 -72 -47 100 -43 -7 32 38 -25 78 96 73 28 -83 -31 -6 17 60 64 -57 28 92 -46 40 -88 -86 -98 -62 -31 64 -85 47 -13 -60 87 -22 32 -2 95 96 74 -15 -16 100 57 -31 -77 -70 53 16 91 99 -67 -25 -41 31 59 -64 100 -16 -78 96 92 -77
40 -85 32 -95 -40 58 53 36 -93 57 79 -88 -96 -41 89 72 60 82 0 -27 -66 14 -36 20 4 46 84 48 -13 69 -49 -38 68 -98 -93 -62 -35 -21 79 16 -85 27 52 -26 -14 -1 -73 -47 57 71 10 15 -90 65 84 33 -22 94 95 41 -19 96 85 79 79 -63 17 -99 -74 -5 -68 60 96 14 16 -29 -16 -47 84 30 -27 74 34 -15 -35 -63 -33 -22 -5 -84 72 -75 -79 92 -21 62 24 60 -84 -83 81
-14 -91 -14 -33 -27 -43 67 34 56 37 -92 25 -59 68 -10 9 48 75 68 39 3 27 -49 0 57 65 -14 33 -97 88 66 56 -64 -28 99 1 -27 -88 22 11 -80 88 75 37 -67 22 55 87 75 -32 49 19 -22 -24 52 45 94 -1 0 -100 -23 67 -40 -49 27 -37 6 81 -53 -34 76 29 -70 24 -91 46 54 52 -52 12 40 90 9 80 -4 -28 44 -15 -44 -75 72 2 48 -95 -28 53 48 -12 66 -40 44
84 89 -77 -15 83 64 -68 -73 -72 59 38 62 -64 -40 48 64 4 -1 50 80 -3 66 -86 87 -22 3 19 -95 80 98 -99 18 2 -12 -19 50 78 56 -23 8 8 -86 21 -41 -78 -15 -75 64 -51 -82 -37 11 80 -92 9 35 63 37 30 70 -62 -77 -49 -66 38 83 -68 59 -95 -78 -55 81 81 89 84 97 -65 -95 -94 19 -91 24 4 22 -71 78 63 55 65 -94 91 -65 -25 61 -12 -70 44 20 14 78 33
-13 41 31 -38 -9 65 69 21 89 53 40 37 91 35 -42 97 -55 62 -82 -99 64 40 -82 67 79 -44 45 -81 -3 -41 -81 -100 12 61 -36 94 -47 -78 -75 -55 19 -17 -92 -89 -11 86 -68 1 45 -65 -77 95 3 -16 -45 37 6 91 4 -36 83 -25 -89 -32 -43 -44 -52 23 -28 40 -58 44 -24 32 14 26 -23 50 50 4 17 -5 -8 31 -44 -80 -79 -1 -17 78 -44 49 10 -5 -99 15 72 -44 -27 -99 -93
-51 -85 65 -61 11 -33 77 -8 -4 75 -49 0 36 -16 14 -84 -50 68 -41 -6 68 13 94 88 -89 41 25 -76 44 -43 54 15 81 -88 -79 7 -82 50 -96 20 -9 60 -85 21 -98 6 34 82 84 78 60 14 62 -27 -28 -38 -5 1 77 94 -76 -27 -38 2 73 -90 93 17 -92 -51 85 -72 49 13 -37 36 -4 1 26 -49 -11 2 15 13 83 -59 -95 22 -38 -52 -43 -39 65 88 -31 75 -75 40 -74 5 95
89 80 -97 0 92 -36 22 -40 81 42 -20 67 -41 65 -61 92 84 14 -52 90 72 -88 -71 59 -50 99 54 51 80 30 79 -22 -92 -27 51 -68 -73 -39 70 -83 -47 68 96 -6 21 80 61 -52 -84 2 -73 9 33 80 -88 -15 1 12 -56 33 -31 -85 -16 -93 -57 1 -26 -11 -86 -26 -31 -78 -27 -25 53 -50 55 -40 62 -55 -12 73 -74 -30 -45 13 -65 -61 -47 -31 55 -59 -86 -51 -87 -29 -40 76 -67 -61 17
-24 -39 11 27 -34 -50 64 85 72 12 -14 -100 99 -56 -78 60 -26 78 -84 53 -21 -7 -58 81 -70 65 -4 -27 -86 62 5 -7 -71 28 -86 -3 70 -39 4 -11 94 25 63 50 -85 -78 -12 -5 -45 -64 8 26 -89 47 46 -36 -38 84 -1 -93 -60 -38 -77 -49 56 43 31 20 90 -8 8 -29 84 -52 43 -10 60 75 91 5 -33 -23 96 -68 47 -61 71 -64 36 -32 -42 -27 93 -66 17 -88 -1 47 8 -70 19
67 69 63 88 68 16 -87 -75 -44 -5 4 -91 -44 -76 92 3 79 61 -9 91 -5 -31 89 -85 23 -57 -79 6 -82 -70 39 35 56 -76 -20 75 -97 15 38 29 -29 -60 74 -31 31 -3 52 69 -8 -40 17 -50 56 -17 62 98 53 -76 67 69 -3 -79 -2 -85 -99 76 -10 72 83 -12 13 -85 84 12 -43 -91 -74 -65 81 -1 97 -52 9 -57 87 -94 -17 -78 -44 46 -6 55 25 -1 -92 83 -14 -68 20 5 50
82 -12 -44 47 -12 18 -82 -44 96 66 -13 36 -62 -17 80 -42 50 62 -9 -21 -24 48 -36 47 -19 -96 -84 2 79 9 35 -94 -33 -15 46 99 -35 -42 5 34 4 -97 -26 -21 -8 -67 -83 -83 -54 7 -55 -99 -95 -77 -1 68 -22 32 30 16 88 -24 78 -86 47 5 -65 -83 30 -100 18 8 79 35 40 -89 -67 -47 -5 34 -60 53 52 -42 42 73 -85 -60 35 66 -29 -78 39 40 50 15 -81 -51 27 60 -7
-93 34 56 -79 66 -69 8 -8 42 99 -74 -90 -61 7 -31 54 -55 -18 -79 -29 -77 81 -22 75 97 -87 -86 -27 96 8 -84 -10 -55 -83 14 -58 51 58 -59 40 -85 -26 55 30 63 -4 62 -60 3 83 8 -100 -85 57 -4 3 -53 -85 -59 -47 -4 -60 14 49 -10 22 -40 37 -38 91 -48 78 -100 -59 7 90 11 -52 79 -18 -46 -48 -75 -39 -20 23 27 91 -51 71 -92 37 0 75 -82 72 93 74 -75 99 -45
-72 -43 -64 89 66 70 -19 -99 -24 75 39 -56 -92 -37 -75 -35 -96 -46 89 -31 82 86 -68 -81 -45 88 50 -13 56 -24 -4 32 -23 -1 -95 -10 74 76 -59 -63 37 86 23 80 -98 85 -67 -27 74 -30 39 -53 59 85 92 -92 -26 -17 -37 -70 51 -91 16 -30 -85 -10 -10 -35 16 66 -82 39 -70 -66 89 36 -99 84 2 17 3 49 -40 -98 30 -80 -14 17 81 84 -53 -98 93 -87 61 -19 -89 -76 -55 43 -50
-48 -51 -40 89 -58 3 -80 58 -90 19 -88 42 13 -91 -29 -100 11 95 -29 60 98 50 47 -34 -48 86 -92 9 88 79 -44 11 -42 77 43 79 -53 18 -86 68 99 36 81 -30 50 -21 5 -59 83 -9 57 -33 16 -28 20 97 16 95 -82 -70 6 -57 89 24 81 -69 -48 -24 95 -72 34 -71 -24 -75 13 -80 -36 -74 87 38 26 -76 49 -60 -37 -25 64 3 5 -21 40 -21 -7 -32 8 62 -79 9 -23 -87 -16
-45 91 41 -31 -71 72 6 -31 -79 -47 -97 -29 95 98 -71 51 -72 -34 -22 24 -40 -47 -90 91 42 -86 -7 74 36 -30 -28 34 -19 -34 23 -33 13 -81 -69 6 100 -3 -2 -4 18 54 58 -34 -27 -3 19 67 -95 -30 79 8 -86 8 96 71 -29 -31 0 12 41 -31 -53 97 -12 54 1 -36 -79 35 -72 -61 -90 -2 -56 -2 -59 -12 -91 79 -72 49 -90 -12 99 3 92 24 2 62 58 23 25 40 -64 -58 93
56 -20 -99 -1 -98 90 -100 -97 -63 -33 -46 16 93 33 -83 -74 -46 38 60 -89 -6 6 -87 -18 -35 -85 98 73 -95 25 83 42 58 -10 87 46 69 -5 -82 89 57 -6 79 -39 4 49 38 -18 68 -18 -47 -3 54 -17 91 -95 -58 9 36 -69 87 8 79 58 -78 34 -78 -80 66 -71 -76 21 -42 -58 37 16 -68 -95 16 -5 48 20 -28 21 98 91 -24 61 66 96 65 47 57 -16 -55 0 41 85 97 -71 41
-32 -31 -74 -67 -89 -28 35 3 98 -19 -37 -94 13 41 25 27 -73 50 -88 -47 -32 11 -25 -34 93 -19 -64 65 25 -87 -1 17 61 -31 -56 -16 -95 -45 29 -74 4 47 73 18 46 23 60 26 -39 -68 -54 97 93 -40 13 -94 15 3 -11 9 -85 27 -5 66 78 47 62 7 -53 -77 -27 47 31 58 -87 60 11 23 -9 97 55 -32 -75 38 -35 16 54 -69 -85 -49 75 -5 1 44 12 -41 -100 93 -83 -36 62
-20 7 -93 78 -11 61 -92 -74 -68 27 18 11 -83 -59 15 -23 -55 -21 -11 -14 -13 95 13 46 8 12 13 -25 -49 -61 97 93 -79 -100 -13 6 -26 33 -56 88 -20 -65 79 -43 82 -87 91 -44 -24 -17 23 91 52 -16 -24 -72 -63 -96 32 58 -24 7 -58 -13 -57 -90 41 -39 -68 -9 -96 -20 48 -70 16 31 -26 -33 63 74 14 42 79 7 -44 -45 -94 -84 -42 73 -74 -28 98 -75 86 -56 20 21 -89 59 80
75 -33 -99 -7 72 49 -1 -41 -46 -92 -92 -31 -29 -23 -93 -8 -2 40 -61 14 -12 -33 22 63 79 32 -55 89 9 -81 -48 54 5 -40 -34 -39 -13 -82 -20 -33 27 -32 -91 -13 -91 77 81 -42 5 44 -57 -93 -1 -19 38 -54 -56 -21 14 -81 82 27 -19 28 25 -31 -72 59 90 -63 8 -60 2 87 11 77 80 -81 -94 -14 -3 -1 68 -2 -47 -19 69 1 17 5 -70 97 -53 -92 16 57 -2 -99 73 -41 8
69 -57 19 -1 62 -55 -87 42 -8 27 -6 -16 -100 -78 -46 -55 -12 63 47 -57 8 18 93 -96 -4 20 -80 75 -31 90 10 -73 56 97 100 -37 11 30 56 -98 -31 27 -67 -91 20 64 46 54 -20 -50 64 1 41 25 90 91 83 -91 -41 20 -91 -7 -93 70 -66 -67 -95 88 92 74 -78 14 87 85 -79 -16 -44 -37 37 91 38 84 -68 86 16 26 8 100 -85 58 -46 -19 60 -58 -89 14 -49 -85 6 51 -15
20 -12 60 -42 4 -80 85 -70 -47 -3 54 69 39 59 -99 6 48 -15 90 48 -79 47 39 -19 57 67 -15 -38 50 91 -67 -60 2 -94 75 91 -65 15 -94 84 -75 77 -10 29 27 -100 -25 21 62 82 -36 -48 -13 -31 60 -99 98 22 -63 76 -30 -79 -10 -28 -42 54 -67 -31 79 -67 -40 -91 25 -84 49 4 92 -28 17 78 88 -23 -93 76 -28 -99 -70 12 89 22 26 25 -52 -38 -66 66 -13 34 -4 -73 -70
-65 74 2 49 -57 50 -82 -93 98 88 -41 31 -50 84 75 -71 20 -7 -58 -4 94 89 75 -48 -42 -27 62 15 2 -87 -10 -95 68 -88 7 66 -5 -65 -71 7 -49 -58 -85 -45 24 66 28 73 4 -72 -73 -81 60 8 -96 34 -41 54 -42 -6 -8 -55 51 3 22 94 17 -28 45 -93 -96 38 -55 32 -54 40 86 -68 14 43 44 -40 6 5 -22 -100 66 -73 27 -52 -15 6 64 19 -100 60 -82 -97 55 29 -51
89 14 -8 47 -72 19 22 -80 64 96 -63 -73 83 -4 6 27 31 -14 -59 76 75 30 59 -37 -96 -84 -85 39 77 97 -6 -8 -31 -28 -38 21 -90 9 41 14 80 74 54 -8 94 96 -68 39 31 52 85 -84 29 86 23 8 -3 -52 -48 -94 -65 -1 -59 82 -97 -92 48 5 -94 16 -57 -72 85 -79 43 -60 -20 -87 -19 55 -82 100 -58 -73 -29 -8 28 -57 -100 -90 28 -78 -36 26 -8 -55 77 22 24 93 30
-10 16 53 -2 50 -26 1 -64 32 63 84 -1 -69 -91 50 52 -34 -77 -92 -35 64 -35 -26 100 -86 2 -17 -41 30 -30 1 74 78 -89 -29 84 -39 -58 36 -74 47 -67 88 9 -79 85 -54 69 -88 79 75 -1 71 -93 86 -10 -23 1 -57 -53 -74 80 -39 29 77 4 64 81 -54 -79 -89 -39 72 21 -3 49 -35 0 -45 -34 17 79 44 29 -49 50 -48 51 18 82 59 -49 -26 -45 56 -45 65 12 -82 -100 91
68 22 -27 -52 37 4 76 20 -75 80 -9 -25 65 -10 34 -64 -100 -20 -34 -27 92 86 -98 25 94 -25 8 -99 6 84 7 76 96 34 64 -94 52 -88 -100 -72 -43 -70 24 -80 -33 -85 63 12 -52 -61 83 67 82 96 20 29 25 1 75 81 -71 85 -92 -93 -43 -56 -46 -26 90 59 -51 99 13 -30 100 -79 76 -78 40 80 -68 -68 -77 -19 73 40 -61 39 66 -26 32 99 20 -60 -9 82 -1 73 -54 -38 100
-21 39 65 -20 -33 -99 57 41 20 -99 52 97 56 -41 14 -19 -44 -29 100 54 -28 59 49 -29 47 61 -100 -12 -29 -56 -62 -44 44 -39 84 52 79 -39 -60 -57 -52 -45 6 66 25 -20 56 77 5 -44 -5 -40 -14 50 95 71 89 -93 4 28 -19 4 46 -8 9 19 -18 20 2 43 97 96 -99 -74 -56 48 -40 -86 50 -23 -71 55 -6 -1 11 49 81 -83 53 96 34 91 -54 -69 -70 25 -1 -71 -14 29 -14
-85 -22 13 73 -46 -20 19 13 -91 70 15 -10 -25 -59 -89 40 47 49 5 -100 -3 15 -55 19 -15 37 76 -54 86 55 -67 -21 88 30 -92 22 82 -64 -28 -92 98 64 -65 -59 98 37 -54 83 -29 -85 -60 -13 -46 -3 -84 -92 -85 32 60 82 0 -46 -5 17 -5 -62 4 -39 -9 96 -52 -9 21 -18 -57 38 -50 26 -81 16 43 3 70 -38 52 -80 53 -60 -67 20 80 88 18 -50 57 29 55 -61 -60 43 -55
37 -47 93 -52 64 10 -66 -92 -25 -71 -30 42 91 38 91 33 -13 -15 19 -60 87 89 38 -67 -4 71 27 -94 0 -38 -19 4 70 3 -20 27 -5 -36 -72 -3 77 -11 -80 -5 -67 -39 -62 76 -100 91 -61 -30 7 80 0 -5 -46 94 65 -33 88 -75 -84 -10 23 21 -44 86 80 -13 -90 -71 100 34 100 83 -49 23 26 96 -80 -50 9 -24 -95 -40 -43 -38 85 -77 81 -75 80 45 -93 34 -87 11 40 -17 -6
68 -11 -63 68 -3 -45 -88 -58 -35 60 80 38 48 -48 100 91 -20 -72 24 89 -86 88 60 -43 -96 66 -54 50 13 49 36 63 -79 -7 67 -17 10 37 -65 -72 73 -79 59 -26 92 72 3 58 47 43 79 93 -11 -23 82 -61 -15 -87 69 -40 91 47 27 -27 -23 -10 88 85 81 -45 78 -81 32 71 -74 -81 75 -36 -54 48 40 -23 12 -5 -99 1 50 41 -99 53 -75 66 48 14 -1 36 -71 -10 -53 -1 88
-70 23 -88 7 -92 -14 -61 90 -94 -77 58 32 -78 46 -36 71 -6 81 -64 -59 -58 -32 6 -64 42 -70 14 -28 -82 53 76 63 46 95 3 11 -37 34 -90 84 -32 81 26 -11 60 37 -96 -60 69 79 -22 -45 28 -27 -93 30 45 -43 23 -18 -79 13 19 -12 49 -22 37 27 -11 -4 78 -13 79 -36 -31 31 -29 -65 -87 11 -66 -47 -67 67 -74 -52 -51 55 -35 -81 19 -82 12 -69 -4 -65 -12 66 -69 -29 -51
-61 -44 -5 28 -6 100 -17 -39 -62 -89 71 50 -95 36 27 81 -82 -47 36 75 66 61 25 9 -37 -80 0 -75 -78 93 72 73 49 -80 -100 -16 79 -20 -41 1 -23 30 -76 72 39 -2 18 75 -50 63 -80 -79 -94 -29 37 -33 -18 94 33 21 -24 -35 -37 -87 -90 38 -40 -17 -91 15 95 25 -84 20 -52 -10 54 -76 33 -78 -11 51 0 100 39 17 -77 -48 69 40 -60 -10 74 -31 -11 -99 -53 17 -45 8 -11
71 -48 -75 -11 88 -59 -62 -4 100 96 -43 63 88 -97 -24 46 -9 70 -82 -2 -1 83 -56 71 89 31 -27 14 -94 -88 13 -86 44 -1 9 17 26 -49 91 -74 40 92 50 63 -13 -47 -28 -41 -44 76 51 -75 -85 79 13 52 -45 71 38 65 57 48 77 33 45 53 51 84 44 79 42 64 20 46 -100 73 -67 31 -98 -27 8 21 -89 -18 80 -3 -88 -46 -66 8 -73 40 -44 -59 39 34 73 76 8 83 70
-11 15 4 -95 58 -84 10 -35 -8 -98 -39 19 90 -18 -66 -33 -94 99 -15 -97 -5 -33 -42 -55 39 82 39 37 -32 53 64 -98 39 -66 30 20 -41 13 -3 89 -56 -84 -43 -46 -29 88 10 95 16 23 78 -91 -67 -43 8 -14 -36 -85 -86 -13 -74 81 71 -12 42 45 52 38 36 -2 -3 16 -32 -89 2 -25 48 100 -20 -28 -36 71 -30 2 -49 62 -5 97 -21 79 -89 88 29 -36 68 44 -74 34 -42 31 -8
-39 63 -51 -16 56 -9 16 -28 83 -93 73 96 -32 19 5 -85 -82 96 88 -5 -12 44 17 -59 -24 -87 -46 -91 -27 61 97 65 -19 -58 51 -51 -11 23 67 -33 78 95 -6 87 38 -34 64 -69 19 -15 -39 17 11 -8 56 -95 -48 63 -66 -37 86 70 60 -40 97 100 -23 98 41 50 10 -81 66 -66 85 -91 -44 15 84 63 22 -59 76 88 -25 -67 -96 -96 80 -48 -62 -41 -52 85 7 -23 61 -73 -100 -87 -34
98 15 -80 -84 -87 -60 -97 -33 -97 -23 -73 17 -58 -98 -21 -40 75 -78 -58 -68 -51 -87 -97 22 95 42 12 -87 96 -73 10 24 -65 75 -67 26 33 11 -13 -54 16 18 -92 -58 -70 -18 -55 97 -6 37 15 -36 41 -94 -33 60 -80 0 49 -90 35 17 55 -17 -11 16 61 16 -85 -100 -59 33 -15 62 31 -15 52 16 -3 -43 22 -42 15 -29 85 -31 47 74 86 21 -82 -15 9 -83 86 -45 -78 -62 75 37 -96
61 40 43 25 40 27 20 17 72 -5 89 -100 93 98 37 -23 64 -100 79 9 45 76 33 30 -27 -39 -18 -17 -50 20 91 41 -61 -82 -48 -69 -48 59 -14 63 -21 16 -91 6 -31 38 48 88 -37 89 -84 61 -47 57 -15 12 -95 -12 1 -62 -51 23 44 -16 -71 22 -55 -38 -24 -94 79 40 -84 14 76 11 75 2 93 17 75 85 -67 48 25 46 -10 66 16 3 61 72 83 -97 -63 -92 88 97 46 -56 -27
90 71 -11 -86 92 21 15 -94 19 -76 68 -12 44 -76 -83 -50 42 5 10 93 16 14 -37 54 -18 40 -56 92 -98 40 62 -22 -91 -66 -95 62 -88 -8 -72 -56 -56 71 8 -33 13 61 -49 -17 -100 -88 -84 75 -11 38 -80 27 -71 -82 15 -48 63 -75 58 -38 -58 -40 -41 -15 57 -39 15 19 -2 -96 -27 22 77 -15 -28 -83 -11 -99 60 -31 -29 57 42 67 -52 -81 -89 100 88 -71 37 51 -21 39 -25 -95 28
4 79 -13 -60 -28 68 -73 82 -77 30 -97 -42 30 60 69 43 40 -23 -88 -68 78 -20 1 22 48 49 57 36 7 88 -35 -78 99 53 -21 26 61 33 -69 16 -56 -41 -13 15 -18 19 -83 85 32 63 46 -23 50 -29 1 -49 -16 35 -6 80 -73 14 29 43 -69 -24 42 -76 -51 -87 9 -43 -12 -40 19 -80 77 -86 -92 66 -5 -30 -34 64 48 57 12 -17 -95 82 -19 -35 73 16 -15 -76 63 -1 96 28 31
-65 74 -72 38 -70 50 17 47 7 77 33 18 -96 38 -95 -58 -31 -80 54 -29 48 -3 -11 -35 -78 -7 34 -37 100 -49 62 -93 7 -7 86 -42 13 -87 28 95 35 -36 -89 85 99 -1 -41 -57 38 70 -23 29 -8 25 -56 65 -19 52 13 70 73 -76 -15 -79 -97 53 -18 -3 -3 -77 -29 96 -46 21 -27 12 -73 -70 -36 16 58 4 52 -17 -49 15 30 -23 4 -5 -94 -25 77 -6 100 -81 52 -6 -32 6 97
78 50 -32 -15 -33 3 -24 83 52 -51 -84 -5 58 55 -45 41 -78 19 -16 8 47 29 93 5 58 -18 -40 -25 -73 10 68 -69 -47 -46 70 9 -61 42 81 -45 -65 36 93 61 45 -50 47 -16 48 28 -48 96 -25 2 98 -33 27 -46 63 44 92 -72 88 -37 21 57 -70 -22 79 -90 -94 -38 43 -62 91 -54 9 -42 19 21 -64 32 23 -54 -25 -80 -89 63 26 -31 -71 -8 68 10 30 72 -43 38 -14 14 -61
-35 51 -66 -78 -75 62 -31 77 54 -42 -57 -69 92 -41 13 -6 56 -55 -35 -56 -56 41 -39 70 79 -24 33 -44 -15 30 57 -71 -77 -89 -29 -96 -41 -23 15 20 -20 39 59 -100 21 -21 -31 85 -59 -32 49 -27 84 45 92 -37 -6 100 -47 -52 52 56 36 69 -16 -11 -23 1 -30 -35 40 75 -23 -65 -92 -55 -4 -11 -75 31 -46 -57 -26 16 61 49 40 89 97 66 -38 96 -45 -52 -24 -53 -90 41 -79 -12 53
-35 -94 67 -52 85 66 83 72 0 69 -80 6 56 -24 -88 15 -53 -61 85 -70 33 49 47 63 38 39 -77 92 -41 -75 -67 20 41 -74 -55 27 98 -29 -34 90 22 4 -82 53 -86 86 53 37 85 67 79 -82 -29 -87 75 3 79 78 14 -88 -5 -39 -77 89 -2 -63 41 -49 36 -13 32 -95 -76 -11 -21 -26 27 -58 79 -46 74 39 -11 -36 83 -53 8 92 -58 40 -65 -69 78 16 -23 38 68 -5 51 15 54
89 68 10 -28 -10 44 48 -36 77 -19 45 4 92 18 49 28 62 60 -43 31 98 -30 1 86 24 -73 40 -7 39 18 -51 -35 37 -92 -72 48 80 75 97 13 -1 -56 42 26 -80 -27 90 47 -77 29 82 -35 -32 65 -21 -82 -38 -6 40 30 26 -7 2 -23 84 65 -38 -86 -28 67 -62 -63 100 -98 -90 -100 -64 -10 -20 -85 -97 -97 32 -21 -17 68 -22 81 -38 71 3 -85 33 29 -2 94 65 1 -43 -49 48
5 21 -19 -100 -88 -3 -65 72 37 86 56 51 -97 66 85 48 53 -4 -54 -7 10 -3 -94 10 -67 -11 63 -68 -47 64 33 -42 59 48 -46 -54 25 72 31 -4 16 -30 -65 -86 44 -6 -96 21 -85 -96 -88 -35 57 37 -13 58 -51 91 19 95 -65 -94 -89 46 17 14 -49 38 69 -1 33 -100 -81 -52 -76 -25 -46 -26 94 12 -33 -13 19 15 -20 14 -74 68 -90 -10 -54 -36 -53 22 -88 16 -44 -8 -62 -19 96
-92 82 -1 55 -21 -98 18 30 74 -53 -35 -17 -4 -98 -88 -56 -48 -79 48 20 -63 97 -92 -93 -19 -75 19 -40 46 -87 80 -92 96 60 60 -63 18 -59 -75 97 -27 28 -43 -92 44 47 70 -90 -33 96 4 31 -78 -6 47 83 -3 -69 39 34 -44 77 -27 -97 81 -45 30 -75 43 40 27 -44 78 -77 58 11 1 16 47 -83 -54 -78 56 -74 48 53 -25 80 39 5 -96 6 -13 -87 13 69 67 1 30 91 28
2 -19 34 43 98 -86 97 -20 86 81 82 -83 49 49 47 1 -48 65 68 -41 -55 -92 -68 42 -24 -99 7 40 90 38 -88 -41 40 38 -41 -11 -54 -73 -86 47 23 -36 -58 28 94 -47 -31 70 30 -73 -31 -42 -80 -53 11 -56 79 94 -29 6 -42 -9 90 -63 91 23 -96 44 -3 -85 35 80 -81 26 6 -84 25 -51 -71 -81 68 77 48 98 39 6 29 -65 18 76 36 53 -10 -3 -77 71 -57 -46 27 -40 -24
-94 28 58 -84 15 46 12 33 46 -43 -66 -20 52 9 83 99 -72 -13 93 -82 -45 -14 -29 -1 95 49 -84 48 27 -70 -98 34 -33 -63 88 -85 72 -82 -37 -3 -43 65 -33 93 44 -29 19 -89 74 16 -93 -17 -65 97 -69 -12 -35 73 95 -6 -53 -26 -36 9 -39 0 -99 -24 36 68 89 79 -19 85 68 91 -58 -6 89 48 -8 -87 78 -6 -74 -33 9 -80 68 7 -44 -81 59 -21 -87 -35 -45 -41 45 52 90
43 -57 -42 -75 99 52 -38 -51 -29 -80 80 10 -91 -76 60 -71 -100 -80 21 88 -30 79 55 97 -79 56 50 37 4 -1 96 61 -97 57 86 47 -19 84 51 -2 -98 -58 -100 90 -9 -81 35 57 -41 0 -52 -68 -82 -42 -59 -25 75 51 40 -71 31 -11 33 -62 -6 -82 -68 28 -91 53 -28 -50 39 36 73 56 27 -96 -17 28 -13 -2 21 42 -31 -52 89 99 -81 32 64 -82 -29 63 17 35 -33 23 58 80 11
30 -23 58 -24 -20 -91 6 -39 -93 64 12 91 11 80 22 100 -43 -7 10 -32 -87 25 -54 -98 -74 -68 -85 -100 6 -45 40 4 -4 -55 94 -20 -79 23 -67 -50 63 -40 -68 -20 -5 -87 -8 -22 33 -47 -90 62 -73 24 43 -55 -3 -23 41 92 -23 -36 -43 25 9 91 -20 1 35 51 -99 -51 -43 43 52 -12 -54 22 -72 -29 31 35 -92 -83 -87 77 45 45 -51 95 67 93 -47 -61 -39 32 61 50 21 -20 -12
59 -17 -8 65 73 -32 -47 69 79 -94 2 44 61 -74 32 -87 9 -29 -61 82 68 98 -25 -55 4 -12 41 -7 -63 -11 66 -26 -53 -41 -39 -65 1 78 -58 81 -69 51 -68 33 -1 65 73 98 78 6 -14 92 96 -78 -79 43 29 -34 32 47 -98 -40 -82 -48 -97 57 88 72 71 81 -91 49 -75 94 35 -61 7 -16 -4 13 37 -67 -82 -23 -34 26 32 16 52 14 -5 -47 94 -16 -53 56 -4 -35 -69 84 -72
-82 35 25 79 85 5 54 63 -20 10 71 98 71 -7 -60 -38 -42 -77 -71 46 -51 -55 44 33 50 6 48 -29 41 70 -32 51 -48 26 35 44 26 -77 -95 -69 -16 -87 -36 -3 30 99 -15 19 -22 4 -58 27 28 -81 30 51 -79 71 -47 -31 1 59 -90 76 -43 -81 -2 -98 84 -72 -6 77 41 -84 67 -49 -38 -7 43 -50 -9 88 38 64 81 -68 -32 55 92 24 37 -7 -19 -3 -15 64 60 22 -35 -64 46
-16 -92 -95 78 31 50 -57 -12 -40 -90 -45 -50 -41 -8 53 46 74 -93 -50 -92 39 45 13 -77 51 74 -29 29 -35 21 -50 23 55 83 -65 88 -34 -34 -19 -23 79 -77 -47 14 -67 93 -77 -92 74 64 -79 51 34 -80 -18 83 -29 -46 64 -2 -5 21 -54 68 5 25 78 -95 63 39 -63 64 -60 19 -40 83 -83 71 91 92 -51 8 -82 63 95 -18 -7 -94 -97 84 10 6 -53 27 -60 0 39 -23 82 1 84
-60 23 14 -51 44 12 -48 -96 59 -48 -50 -20 80 70 88 -58 -96 63 51 -61 71 58 16 -41 -38 -96 -80 7 -11 -66 14 -37 78 72 -81 -85 -56 -16 76 81 -47 32 63 -27 -79 74 -1 -66 -100 -77 -83 -23 22 -34 -38 79 60 -67 15 -59 69 4 19 -24 60 31 85 -61 66 36 -4 -84 -18 69 -49 31 -28 -46 -88 -68 -3 -20 60 -57 98 -17 40 95 -54 -46 -26 -30 -75 78 64 94 84 -77 -97 86 -16
49 9 29 -54 -10 -91 27 49 -54 -92 -12 -29 57 -68 -5 -13 45 -62 -62 53 22 72 80 -15 -71 -91 -62 -83 -44 36 -11 16 -5 37 72 -24 -2 87 23 78 69 64 91 82 85 80 55 -73 56 -10 78 96 -34 15 74 21 -92 49 79 9 12 -53 -9 -15 67 85 1 36 57 -72 7 5 35 -84 -72 82 -12 91 14 -5 -98 93 81 59 -4 -25 21 -53 57 8 -14 -98 -34 24 -10 -99 13 -99 25 7 -73
-12 -79 -57 -52 -98 100 -86 -49 4 27 28 50 75 34 -13 -70 -38 -22 4 -97 -73 66 -33 -88 -87 93 23 -80 -95 -10 31 66 15 -21 -5 -3 25 30 -53 -42 38 -31 -63 -85 41 -22 61 -57 14 44 -30 -8 -41 -98 -15 73 -30 51 67 57 48 45 -67 15 25 1 11 -71 71 65 60 -22 69 -96 -55 84 72 69 -64 -21 -12 88 -37 42 58 41 66 -19 -60 57 -33 -52 -88 -52 27 45 80 -84 23 18 -43
96 1 -30 2 -38 -15 -99 54 58 -97 -44 -17 -72 82 27 77 35 -16 24 1 -91 50 -69 92 17 85 -73 67 -59 -71 35 -84 -68 31 -36 87 62 30 -41 85 -32 -95 13 96 -38 -11 65 5 -7 -73 -93 16 53 -6 47 -2 83 53 11 -12 81 -78 78 97 83 7 -96 -81 65 -100 -11 -92 86 -87 86 -18 76 98 93 -88 35 31 98 55 40 -17 81 -1 -85 -42 8 -14 58 95 87 5 60 -29 19 36 -16
-10 69 -32 37 82 38 86 -38 -55 -97 66 -75 -61 -89 93 59 -71 89 -86 -1 29 81 59 -95 38 63 47 -35 -55 -25 2 73 34 65 -67 88 -25 98 -77 64 -19 -57 67 -24 14 -89 -73 66 -14 89 -64 2 20 -71 83 60 -74 -91 -91 84 81 -69 51 71 -67 -22 -42 -84 -75 60 -61 -57 47 -12 46 -13 -14 -67 72 32 -81 49 43 74 40 42 86 95 57 48 96 -90 -37 18 -68 92 73 -16 -4 23 85
91 -94 58 17 89 -31 69 -16 0 -27 -42 95 71 -70 53 14 43 8 -64 7 -61 44 37 99 70 -37 71 -21 61 1 80 -97 94 37 -81 -11 74 43 78 -80 -49 84 -54 -83 -91 27 50 -66 -61 12 67 34 -39 -90 77 5 -46 -7 47 79 -11 100 87 -37 69 -38 -13 -86 72 51 22 -78 -7 -99 -5 53 35 -9 91 58 -32 -30 71 47 54 1 5 5 59 22 -4 -74 61 5 -45 28 83 -89 59 -79 45
-52 16 62 85 56 -4 -93 -24 83 0 71 -34 45 -77 66 63 4 -14 20 73 33 -13 85 -76 7 0 0 92 -71 6 85 80 -12 45 -48 -3 75 48 -78 5 51 -15 13 -72 -20 57 -8 26 -27 85 31 -98 25 -14 48 48 66 -43 -25 -77 19 32 98 47 86 88 15 2 -36 6 33 13 -55 1 -71 -84 -11 32 17 7 20 -65 -9 55 41 91 -82 -48 20 84 -50 76 -48 57 -46 -91 -82 -77 29 25 -36
-43 -91 93 -14 -30 53 85 75 -98 -100 42 -53 -31 76 -19 -16 -32 32 56 -61 65 -14 89 66 -94 85 -100 58 -21 -63 -72 23 -80 61 -33 41 29 32 -81 -4 53 69 -58 40 -25 63 -43 -33 57 44 54 96 55 55 94 -10 47 18 94 89 54 -3 32 -25 16 86 62 -18 -5 18 29 29 -42 91 -45 73 4 -88 -71 50 49 2 -11 -58 -34 12 -53 48 -87 32 -71 -44 24 -38 16 52 -74 1 37 -98 -8
98 -75 -84 -67 71 -86 99 64 -72 75 77 20 -27 -9 20 -75 35 -92 80 62 6 18 19 -2 30 -18 -37 -42 3 15 -12 92 37 -63 13 30 -79 77 -32 39 -56 29 29 16 77 9 66 1 62 4 98 -23 -26 -11 -41 -84 85 -22 -51 20 66 -76 64 -33 -78 18 -70 71 -58 -84 32 41 14 43 45 -90 -8 -16 81 69 -95 55 -70 4 98 16 44 12 93 74 -4 -92 -44 54 94 -88 37 31 -26 -45 16
-62 82 -83 12 -48 -37 28 45 -53 -95 20 69 20 6 17 -74 -57 -37 -91 82 45 64 5 -95 41 -39 89 -53 43 100 -44 -75 -83 -59 27 43 68 -70 -1 -31 -1 57 43 -36 58 7 -32 -4 77 -13 -44 5 -16 9 3 99 35 3 -19 -90 -10 92 -48 -86 72 39 34 7 -17 -86 -26 -15 81 20 -37 38 49 63 76 -5 32 39 29 79 -35 55 -88 7 -2 -50 37 65 84 -66 82 71 33 -75 72 39 6
30 17 -10 -35 70 -17 -48 -27 6 -79 -79 9 73 -83 55 8 8 -96 14 62 -56 71 97 -28 67 34 -53 -37 9 -89 7 44 -61 82 -7 40 -41 63 -89 27 -85 -56 81 35 -51 -83 16 -56 -12 98 41 69 -69 -57 79 -20 -97 61 97 64 49 98 46 97 -57 40 -87 95 76 68 79 -8 24 -13 -91 -92 27 88 60 -59 81 -22 -97 56 80 17 90 -44 -97 -65 -27 -66 -13 44 6 -35 -26 -74 66 -55 95
-8 29 7 -10 -17 58 -29 -26 -71 62 -9 28 -88 44 39 0 -88 -7 -15 -6 -7 -40 9 96 100 -10 59 -5 -67 86 -31 35 -2 -31 82 72 -50 -59 53 0 55 -67 29 7 6 20 -79 -32 84 -29 -32 26 -12 -7 -24 -53 89 -78 -94 -64 1 34 -58 -100 -6 -34 71 78 75 -33 -64 45 -65 -40 94 -91 -69 25 -55 -84 -22 -35 -23 71 18 46 67 -79 -38 -91 45 56 -37 -33 25 35 -23 -47 47 -11 -76
16 45 -64 22 10 95 -26 29 36 -27 79 -11 -32 91 17 -44 -65 -61 -21 -74 -4 -21 -26 79 54 76 -80 10 19 -63 -96 -85 -57 -1 -80 20 79 64 79 -40 -24 -32 97 28 74 -72 -82 -13 -43 -23 -3 81 78 -54 65 20 -78 74 47 -76 33 -23 64 33 -35 20 -45 10 93 8 29 -21 -81 -3 72 17 85 -72 47 -28 58 -47 -28 -68 -17 -52 -26 49 -23 -95 -93 26 44 73 -11 -34 -95 -30 47 7 -49
-34 -24 62 31 19 55 -11 -46 -32 23 18 78 -99 -88 -37 -38 80 23 54 -57 -52 -14 33 -46 70 80 40 40 -17 -36 -45 76 -88 56 -86 97 49 -64 -79 -78 -13 99 38 -49 94 -34 -1 64 -2 21 2 -56 -65 87 -15 43 -44 -72 -3 -63 2 -61 75 -4 42 -69 -77 12 2 -89 -88 67 -22 -88 68 16 -66 -47 37 -32 -73 7 17 -76 -52 24 -28 -54 -61 -9 -78 82 69 99 75 -37 95 29 -36 74 -16
-78 34 -3 59 -77 -83 -83 -76 31 -56 27 37 66 39 -49 88 66 27 -72 58 -52 59 -13 58 97 -92 -68 51 46 37 -54 14 -10 8 92 -42 36 80 61 -62 -71 55 -41 100 50 -59 -85 87 30 61 11 -32 13 18 -81 38 25 36 -50 14 -99 34 71 -95 -38 35 -82 69 29 46 41 -39 42 57 -79 60 -13 13 39 -49 26 -28 -78 -4 -52 26 -8 -50 -39 -8 91 -89 98 50 -22 -55 -76 -52 83 29 2
-21 -96 7 63 18 11 18 38 -15 9 17 -25 -4 -63 -71 9 -10 38 -83 79 87 74 -7 -21 -1 -61 -6 94 -28 -4 -45 30 63 94 -17 60 96 43 -92 -15 -6 -6 47 70 -70 93 -75 -49 -80 -2 -24 -81 -97 -27 94 -30 -86 38 58 12 39 34 97 -8 -18 21 -90 -45 -94 -71 -86 88 -65 -71 -84 -12 -17 -46 32 91 99 93 -6 15 -55 24 -29 -89 -40 81 -35 57 81 -4 -6 24 -18 20 -24 -11 -43
94 -24 25 -78 63 -66 -26 -12 2 -16 80 -40 -19 25 46 -63 -88 -60 4 52 31 -87 2 -14 59 96 -34 -34 34 -27 -65 -88 7 5 -66 -9 59 93 86 18 46 95 -85 14 5 88 22 -99 84 -23 77 68 49 97 46 86 -91 40 21 -95 -69 56 88 -8 27 -21 80 -92 -10 -63 -53 -10 -83 -88 -28 -53 -56 76 -47 25 7 72 -51 57 -9 23 72 -41 83 -31 -83 19 54 -10 25 -3 9 -47 -11 -27 19
65 95 -33 49 -31 -94 -78 -51 -54 91 -99 -17 44 91 -6 28 -74 87 -59 86 17 -49 88 -59 20 -88 45 -72 95 35 79 -95 -92 100 -56 -25 -26 30 -20 88 64 -61 -92 -67 -72 -9 60 -42 89 44 17 2 84 -16 -27 36 19 53 -51 80 -80 42 7 77 86 46 92 -53 -41 73 -30 -33 10 -10 -69 64 -77 -40 -93 91 -2 91 -99 -13 92 -22 -70 94 57 16 -59 15 -70 11 -58 33 79 7 -38 -13 -73
-71 -18 24 -53 -84 -66 22 38 -62 -5 -26 -79 99 -86 51 36 -49 81 -89 93 75 60 32 -47 -86 -50 -80 92 47 64 10 5 -56 27 -88 -2 24 -54 -98 24 54 10 -10 66 14 86 -50 26 -20 -53 -24 82 -30 -17 3 -81 -72 79 -67 -64 83 78 -25 86 -95 41 -64 -48 -87 83 -33 86 -92 8 -67 58 -16 17 54 99 -75 78 -72 65 -31 -69 -87 -26 -100 -60 -62 37 64 59 0 -51 -38 -49 60 30 54
72 88 100 -77 -98 -9 66 -34 27 67 -30 -27 44 -97 53 2 -75 -92 1 -80 40 80 43 -41 75 -46 39 -89 -42 -25 -18 -2 -100 67 -42 -22 66 47 -20 55 -30 94 -15 -70 74 46 -18 41 17 30 61 33 22 -88 62 7 -92 -75 -8 -24 77 24 -87 -99 87 -13 70 -4 -83 -75 6 0 -57 -40 -64 -62 79 -39 -82 79 -95 -48 -55 21 -71 97 99 -86 -53 38 41 79 -84 82 -52 53 64 26 -40 93 52
93 -29 -64 -89 -5 75 -30 -36 -10 3 -33 73 -59 38 27 -10 68 66 91 -64 -76 65 13 -76 -84 59 65 6 -65 30 0 17 -27 91 33 -38 -74 19 38 29 -78 -20 -80 63 -4 60 -28 30 -41 -21 -53 -20 -41 -73 52 57 -39 44 82 -17 96 -84 -21 -10 -78 71 58 96 97 -81 18 68 -21 -87 18 -20 40 95 71 13 41 -80 70 -88 93 72 -13 71 -63 -51 -78 26 40 -86 -81 -37 47 -56 20 -4 3
69 10 -19 62 5 -76 42 -16 62 98 17 0 -27 4 -80 38 -91 67 -33 57 -22 26 -48 19 61 -57 -83 -8 -67 82 -89 -75 -60 100 -65 -76 -65 -64 18 -98 -21 78 94 -53 81 -23 -39 31 -25 78 56 90 6 67 -25 53 81 12 -84 -9 80 -31 -74 65 -81 64 -54 40 25 -53 -7 -1 -66 77 76 -24 -34 38 -14 74 90 2 -74 -4 -3 97 39 14 -92 48 7 4 -60 -3 85 -78 60 90 -62 -59 53
98 -63 -18 -27 -17 93 65 60 -100 -84 -61 -15 -43 18 74 33 -79 17 -27 -72 78 96 97 -72 -69 65 -94 -35 -95 -97 2 -95 -98 39 8 -43 -87 75 -90 12 39 63 24 7 -74 -10 24 79 80 -21 -74 38 -90 -34 31 65 -45 -5 -97 45 97 -65 -69 -97 18 -86 56 77 -80 -30 92 -57 -27 54 74 35 -8 11 -50 55 -42 -3 -63 1 17 -43 10 63 42 13 -34 3 15 95 -45 -58 -56 -59 74 57 -26
-99 30 74 -11 -53 99 100 -38 -4 19 1 -94 15 -42 -47 -35 -66 67 99 21 77 51 44 51 58 -14 -95 11 -94 -38 2 1 -59 27 23 -24 53 -54 60 24 71 16 -20 -41 -79 21 -50 -6 -42 22 -65 36 -86 4 48 25 16 50 38 -18 -82 -67 47 -74 32 -26 66 2 36 -38 -42 -34 -15 -26 -82 10 -22 -55 -36 18 52 -4 -34 28 -82 51 73 -34 51 -86 -40 -85 -74 84 -75 -19 -70 -36 53 58 -86
-77 -60 14 -78 34 -26 55 -58 -1 -56 -99 77 31 39 -39 88 -41 53 11 -25 62 40 -12 64 3 -74 6 -93 1 -38 31 92 85 -29 96 -91 -38 91 -100 -2 24 94 -85 50 -13 -3 -38 59 -40 -74 -77 -71 11 89 73 -60 3 5 20 100 50 71 1 -50 85 -53 43 20 -97 -36 65 -26 -74 -43 -60 28 34 86 -58 76 81 70 -42 -67 8 9 7 -40 77 -52 -44 65 68 -45 84 54 30 -41 -14 -89 50
61 25 -49 40 24 23 53 -26 -7 -88 -41 -42 -29 19 90 -65 91 -23 -37 -4 27 -57 -61 80 80 -93 24 94 43 -22 -49 78 4 -26 -83 2 53 -5 -23 3 -69 -2 -12 49 -61 -42 -82 -94 26 -79 -92 -25 39 77 -18 -24 -31 -65 95 -24 21 -42 -6 -80 -54 37 77 -80 -58 -30 76 -75 -57 30 52 93 -17 90 -27 12 44 -6 10 -22 9 -57 35 90 -25 80 47 54 -43 -67 91 35 46 -91 38 19 88
