-0.684813
-1.436816
0.514507
0.932426
0.098289
-0.381080
-0.733364
-1.354491
0.573663
1.116476
0.663032
-0.176972
-0.448349
0.829396
-0.169890
1.514746
0.961745
0.758076
-0.409663
-1.274260
1.286896
-0.575062
0.234965
-0.620414
0.882691
0.431539
-1.012522
1.201506
0.555266
0.407893
-0.306145
-0.405030
0.542505
-0.761222
-0.253656
-0.554585
-0.267119
-0.148569
0.595934
0.334402
0.609835
-0.416122
1.308169
1.075285
-0.684645
-1.537514
-0.780025
-0.513231
0.200221
-1.105627
1.037234
0.876418
0.568586
-1.063340
-0.886904
0.353238
0.827108
-2.020081
0.826002
-0.894582
0.165424
0.205410
0.037884
-0.650141
-0.358402
-0.752793
0.005345
0.596858
0.978756
0.628131
1.057207
0.319354
0.438287
0.287006
-0.090550
0.267405
0.095340
-0.533215
1.161019
-0.046920
-0.766179
-0.658300
-1.394143
-0.145542
-0.446837
-0.105328
1.177691
-0.609381
-0.009479
-0.518136
0.034230
-0.021574
0.524502
1.305495
0.777176
-0.391549
0.242823
-1.067708
-0.979796
0.749502
