-58 23 80 62 72 -63 45 37 71 20 -73 32 -1 4 -25 14 21 72 84 47 -78 9 95 39 84 -16 51 42 100 30 18 -41 -36 -96 -69 -34 57 35 83 -19 -19 -56 -28 3 -80 -13 6 18 -43 15 -39 47 40 -92 -9 87 20 16 33 -23 -42 31 50 13 29 -95 -64 -66 87 1 -43 -85 -99 -75 -91 83 -55 68 2 97 -51 -13 -81 -59 -89 15 23 -69 -76 87 -64 87 33 -85 -72 46 -90 -50 29 94 28
31 98 80 -22 92 -61 -57 45 -99 19 15 -10 -55 54 71 -92 -11 98 -82 -42 71 13 -31 26 67 -24 0 -98 35 47 40 -70 9 68 9 -22 48 1 -10 -49 -81 33 -68 -94 7 30 68 20 -31 27 23 -85 51 -8 -72 -38 -22 -74 54 57 18 40 -15 -86 73 47 93 -89 -96 -72 -63 23 -36 100 10 95 80 89 83 25 -62 88 -33 -73 -76 12 -16 -64 -50 14 -49 13 26 -3 69 -6 -84 -38 41 81 -83
89 18 29 -72 66 -74 93 -98 -88 16 -24 -87 -87 -23 65 15 -22 30 46 84 -20 67 -97 45 -20 19 76 15 -86 -97 52 -14 -38 -26 75 62 6 -88 73 74 -37 75 -79 -97 -80 68 -70 46 6 -28 -96 -54 -31 65 87 13 -26 -28 -6 -37 -7 -66 -84 68 94 24 90 -90 34 -64 -74 94 -20 -22 16 38 56 -9 92 84 13 91 36 -100 72 -45 -100 62 8 -60 0 46 93 -35 39 58 71 26 -24 -62 47
-99 56 48 -55 7 91 58 34 -75 -70 -49 5 -33 -39 37 -26 36 -18 -78 50 -26 4 76 90 81 -86 88 38 85 69 -75 -23 -9 35 0 -59 61 58 -13 -46 4 8 -95 87 -55 76 -25 -69 91 -24 86 86 49 -73 25 -93 14 -89 90 -43 -47 -15 23 -10 -1 93 -78 96 -41 59 14 -63 -79 14 6 72 -48 56 69 77 -43 9 -90 37 -40 16 31 -58 -32 -99 24 -88 -25 -83 2 -7 4 -15 -55 28 15
-82 63 -17 -5 -60 -89 33 5 -95 83 -67 3 5 45 -74 74 9 -55 26 -21 -89 43 -97 -13 85 -82 20 14 -51 -61 -81 -36 70 89 -20 80 6 -18 -40 44 16 -82 32 6 94 21 16 -76 38 22 -34 25 -2 -49 79 -39 -76 87 98 -83 -98 -49 74 71 78 32 -74 95 -28 74 52 -47 100 11 -38 53 28 -91 95 -45 50 -18 89 -83 -84 58 81 82 -25 3 -36 -93 32 -4 9 53 60 -21 -33 -93 88
6 -99 -72 96 -60 -96 82 -94 53 52 92 -60 -48 -73 67 -11 83 -23 -59 65 19 -96 -41 52 94 -45 35 84 37 -96 88 -70 42 -11 59 -61 -42 -91 -83 -10 -71 87 -32 20 -45 4 34 57 -50 45 -70 81 97 -66 95 -73 55 79 -42 -25 -80 -91 -8 -89 -31 -61 39 -92 63 -67 -32 -24 -58 30 -91 -7 94 29 -73 -80 5 63 -68 0 -25 43 -37 -9 -44 -6 -49 -64 69 59 83 71 8 -60 32 8 61
80 11 -66 -38 68 88 -83 98 64 88 -72 -94 -83 84 -10 -93 -26 74 90 -66 -22 -7 22 -17 -27 -81 7 63 20 81 -75 -79 -39 53 -85 -34 -2 74 -60 -68 75 -97 97 87 -28 -68 76 -36 -56 23 -76 31 -1 57 -21 -98 -55 -50 -21 92 58 -37 -69 -82 8 -41 -2 -98 52 40 -97 68 18 -34 91 34 63 -36 -14 -91 7 -1 -7 -10 94 -79 -82 58 -100 -71 80 -86 50 32 21 -100 33 67 -82 16 33
66 -77 61 62 18 78 16 -100 -25 -69 -40 -7 -33 -65 -41 41 63 17 20 -91 -98 65 -58 -81 -92 -40 55 -96 -4 100 21 -81 49 69 -20 -59 -11 66 -23 -87 -50 -27 29 -33 86 -70 -41 60 63 -14 23 -99 -19 46 33 29 53 77 -17 5 64 26 67 -95 24 -2 32 -24 -66 -19 79 17 31 6 6 13 -29 78 -60 -69 -50 44 -10 86 59 -58 34 80 -33 42 50 85 -36 7 74 -47 73 78 76 -30 82
15 30 92 -4 -53 -53 -94 -59 -11 -16 61 77 47 -13 -2 -60 42 23 -52 28 58 32 27 -14 -54 51 -36 14 -98 21 -90 63 2 -21 67 -41 -12 37 -70 47 -1 -34 -40 -43 38 -59 -21 27 -37 -23 -44 12 72 -37 -91 55 -42 18 42 88 -98 -21 15 -89 90 50 42 -66 96 84 44 -51 -59 92 22 -16 -89 2 34 1 -60 -93 1 37 49 -24 -37 70 19 -53 87 3 -75 95 19 75 -58 -26 -34 -28 -83
-72 19 -95 28 86 19 95 63 -63 -4 -65 -23 -56 62 62 -36 42 -32 -94 7 49 1 87 -13 46 -4 82 62 79 -31 -33 29 49 -40 64 77 -20 -14 4 21 68 58 -3 -49 2 14 -2 14 31 -79 12 33 -69 -38 16 -3 -55 44 -54 62 -59 -27 64 11 -10 -91 34 -99 47 -99 -48 44 -79 -97 -53 55 30 -65 37 -32 10 -36 23 38 71 -86 -100 -42 -60 -28 -95 70 75 97 88 31 43 -40 41 -80 -20
-58 39 -23 -81 15 -45 -34 -73 -24 -14 18 -29 -49 -36 21 -95 48 -5 -18 63 -8 -76 -9 -17 -35 -39 -5 30 -94 15 -49 6 -83 -80 6 25 8 -42 -43 56 36 -69 7 36 -40 42 84 9 -30 -34 -69 59 -57 29 -83 -98 48 -11 6 86 -25 95 -100 -21 -56 36 95 45 75 -38 -2 -38 42 42 13 54 23 17 -24 -81 -56 -62 65 -20 -25 -3 -47 -41 77 65 -77 11 9 -26 42 -69 -59 -41 42 5 -100
5 -58 -30 67 -9 -6 45 -50 -80 20 58 85 -66 -63 83 36 -68 19 13 32 -52 21 69 -3 -75 38 -86 -20 -66 -56 68 -75 -72 -7 50 -97 -46 -74 -2 -38 20 6 -35 -64 4 -81 85 77 -97 78 -53 -12 73 -86 96 25 -5 56 -100 8 51 -59 -73 19 2 61 14 75 44 -46 87 -56 -58 -77 6 -77 -61 -88 82 85 49 -52 85 -56 76 -42 81 90 54 12 90 85 31 18 8 39 19 -80 77 55 -75
-94 -94 -10 8 -82 -97 -76 -8 71 -47 -76 72 28 -93 46 -48 20 -39 74 -8 13 29 15 20 -99 84 47 97 56 18 18 17 -42 84 2 56 49 -37 45 62 29 -97 -92 -52 -51 -63 -94 -33 10 -61 -65 67 -6 59 51 94 -43 90 -56 70 61 65 -46 30 11 -59 -71 100 -88 32 58 -24 -70 -83 -92 -31 -32 31 90 -91 -16 81 58 13 71 -70 -89 10 -100 -74 -47 -53 67 -83 60 -3 -17 -42 -11 -71 -54
93 -39 72 100 20 -69 70 -59 -68 -17 79 -77 -79 -55 -31 66 4 -12 68 45 100 -34 72 -76 16 87 -37 88 46 -13 -62 -61 -72 -95 2 -91 -67 -94 97 86 32 -26 -12 21 12 85 7 -23 83 2 -93 81 35 68 -43 25 33 -17 23 -4 -89 -63 -14 -95 10 3 -10 -85 -69 79 48 62 -93 -64 4 -6 -95 -39 -86 85 -98 -66 -75 -92 43 -35 -88 -32 74 -94 87 -89 -40 70 -39 86 -99 -35 -89 -68 99
54 -88 -8 92 -11 -46 59 -46 -90 58 -47 -46 4 -27 -84 50 46 44 -95 58 9 -44 -40 -27 72 45 -77 20 -76 -47 34 97 50 70 77 37 5 -1 -47 52 26 -15 -26 20 39 -32 84 -58 44 100 37 -68 -96 -12 -18 82 -28 2 40 49 32 76 -11 69 34 -39 73 -39 57 -66 1 -31 21 -77 -29 22 -3 -65 4 77 28 22 23 -82 97 -36 45 91 9 -48 5 52 83 -24 70 -5 87 -28 -60 -2 -1
-1 -60 -13 41 60 -84 -84 -4 -16 78 -38 -92 -84 -41 -26 -38 -2 -85 28 -69 90 34 7 -96 -73 -78 27 -79 48 3 -45 98 31 -31 86 88 34 21 -74 90 -34 2 60 85 16 -52 21 29 -56 19 -72 72 -27 46 -98 66 -83 23 -44 29 -22 -95 -97 30 29 -3 -57 53 -22 -25 57 41 -88 9 -2 39 -43 -22 12 -51 -80 6 44 58 -51 37 -84 -88 -55 9 -90 49 47 -29 -65 -38 23 21 -31 90 -4
-35 -3 45 31 14 -11 76 54 -58 -30 -63 61 -23 17 -83 73 -60 -99 79 70 -12 -84 43 4 -78 31 36 -40 34 56 86 -43 -8 40 -83 95 -44 62 -96 -46 -99 83 45 -91 22 89 79 36 -87 -82 -60 -67 -97 1 -7 15 -31 -84 -11 7 74 -27 -44 -14 89 -80 1 -11 -71 97 11 78 95 -98 14 -93 70 -44 -21 70 -41 47 56 0 -47 -8 -11 -69 64 -42 -53 -59 90 -61 62 -61 -86 76 64 -73 75
-91 -76 9 -96 19 -62 -16 40 43 -76 13 23 -12 75 -13 45 9 -12 52 -52 14 78 -36 -26 54 80 -90 100 -9 82 18 -62 -3 50 19 -94 15 -89 86 -76 -59 -64 -13 25 -65 -42 -23 72 -39 -16 -85 -94 87 -59 -59 41 -48 -67 -28 44 4 20 -32 -87 -82 63 52 -7 62 92 -33 -4 24 18 -45 44 92 -53 15 16 98 85 -22 95 -43 42 94 6 79 93 -52 55 52 17 14 -44 33 34 -36 -10 -70
73 69 83 60 -19 -7 8 95 96 5 -12 84 -17 -84 34 35 -87 38 79 44 88 -61 83 59 -65 -34 22 -59 -61 98 92 -2 -90 -46 -60 -16 -31 -72 -6 -99 -19 -69 37 -55 -82 -75 -20 78 58 -72 53 -46 -62 11 -32 -36 -41 12 -31 52 39 -73 32 26 14 84 85 -99 80 -35 99 -81 37 28 -30 -65 97 77 62 -96 49 -40 -25 44 1 -44 -52 49 -72 -100 -94 -19 100 -35 -4 -38 -77 -22 15 77 30
-32 -40 -31 -25 30 42 53 -86 -16 -29 67 -43 -72 75 -19 -87 96 -71 46 0 89 24 94 -60 48 66 -10 68 -72 85 2 -90 83 78 64 -62 45 9 -14 -50 87 -79 64 48 97 -83 40 -98 -57 3 47 -97 87 11 -4 -25 -66 85 -16 100 21 -17 87 16 21 46 -82 39 -8 9 31 -44 24 -12 -39 48 18 84 66 66 -45 56 -49 22 36 -86 43 -34 4 0 -40 -83 -13 95 -17 72 70 55 -83 -98 -11
94 62 -91 -9 -77 -44 85 0 85 -29 -19 39 -73 -54 72 -24 12 -26 94 48 -13 84 42 -22 -21 -63 13 -45 11 -67 -100 85 52 -43 -8 -95 -59 -87 0 -81 17 -73 -94 -18 29 -55 84 66 60 -58 8 -33 13 -11 -72 -37 -22 -21 -1 31 -100 -24 -28 -25 62 -64 -24 -99 44 -71 -63 -13 -100 -56 -16 52 -66 -54 8 -59 64 93 -66 88 99 -6 -91 -82 -51 51 99 89 63 -81 17 -37 -12 85 -26 -52 -38
-44 -55 22 39 -12 98 -98 -95 33 42 54 -57 -18 81 67 96 -5 46 -83 57 -58 60 72 -6 5 -39 56 80 69 -61 57 48 -7 85 -86 -6 -64 30 -87 52 87 76 -55 13 -37 9 -97 -67 -53 -34 -71 55 -43 32 -22 97 -4 31 -60 -96 -62 -49 18 4 -37 11 7 13 82 57 93 -4 87 69 51 -58 86 18 48 60 -96 -39 72 -25 20 -2 21 50 -79 -31 -28 70 36 -23 10 -60 -99 45 -48 11 22
89 98 -83 -6 40 -46 -3 -79 -48 -27 58 -43 -77 41 -14 58 -84 92 49 74 -4 -65 18 -41 55 7 61 -17 -11 -98 83 -58 55 -73 -94 -11 16 71 -3 61 98 -100 53 -78 64 94 1 -44 6 -7 5 -87 77 74 -84 31 -44 1 -46 -2 51 -59 60 -96 -79 36 -12 -89 -47 12 -98 -41 -48 97 85 -78 -62 -33 48 -64 90 -95 53 -49 49 80 48 66 36 -59 75 9 -31 72 -92 37 -26 -60 76 -1 -49
83 -82 48 -71 39 -67 27 -19 -92 -43 -81 16 -51 49 30 99 -38 66 11 -2 75 4 -30 -90 -91 75 -87 49 -88 24 47 -30 -83 36 -38 9 -37 10 -24 61 69 -14 13 38 31 20 -70 79 -34 47 70 -76 -26 22 74 -79 -72 -48 -9 96 -5 -32 90 16 70 -86 -39 -58 78 -53 -92 4 4 -25 -48 -34 -76 22 -52 91 -67 24 74 99 72 -52 16 -58 -32 81 68 -29 36 -83 85 2 -4 37 46 77 -88
94 -86 75 67 65 83 -71 18 52 51 64 16 9 -97 48 45 -12 -30 49 72 -41 -100 -17 40 -1 -16 -9 -80 61 10 -49 -20 37 -45 -24 83 78 52 -78 -61 81 79 51 -44 -55 -82 91 -39 -23 26 33 -44 -52 92 -64 42 -32 36 -34 -74 45 -36 100 -40 25 71 -5 -88 28 42 -53 49 -49 30 -94 0 -89 82 -94 -9 -11 52 5 6 83 85 22 64 -18 38 -92 32 82 7 52 -29 -80 -68 73 83 44
48 83 -4 0 -10 -44 -43 97 -86 11 2 -93 -26 -30 35 -69 79 91 -60 60 1 -39 -88 -19 -100 -24 -5 -54 35 -98 100 4 -91 -66 -42 -43 -79 69 87 -96 73 -78 -70 -98 54 -2 87 72 73 -99 51 -75 -93 -83 61 2 33 -61 -73 26 -75 -61 -10 -53 -38 31 89 -68 11 91 -12 3 -99 -37 39 98 35 54 91 -30 85 -39 -40 -70 -22 -53 -50 -18 90 36 80 81 64 80 1 -71 -23 0 69 -17 28
-97 -59 90 -54 -65 -60 25 -73 76 -2 -49 16 51 9 35 42 47 -100 -32 91 95 -87 37 17 98 29 33 -97 -7 97 -28 6 18 -81 90 10 -39 -58 15 -33 13 37 46 12 20 -83 -23 79 -83 -10 55 -99 27 -89 -52 16 31 -16 -63 1 18 20 84 -35 -72 50 33 -85 -96 -66 -42 -98 -68 -46 32 72 74 56 -90 -50 14 18 64 16 32 100 -73 -14 73 -26 -2 97 -46 -43 41 86 -31 25 -21 -95 38
-78 -2 48 1 -15 -52 13 -47 -79 -47 95 39 84 -71 -43 -94 24 62 42 63 97 17 56 -35 74 66 -52 11 -87 16 23 29 -71 -69 38 -30 52 13 -47 -63 0 28 79 33 61 31 79 -13 21 91 7 78 -99 -53 -69 38 -25 59 70 -25 79 -18 40 -29 100 -33 48 77 -65 -46 72 19 98 -53 -99 81 -15 92 49 70 -90 2 -85 -48 -18 -73 -19 -60 86 -81 -37 -84 31 7 73 -89 67 -68 80 -53 75
-53 -21 80 82 39 85 -69 79 -72 -12 66 56 24 -23 -95 28 -13 -60 67 52 77 -8 27 -39 -1 -77 43 98 -94 -79 -91 -77 93 91 76 9 -24 19 -99 2 -12 -76 49 22 -59 -13 -95 47 -36 -22 -50 -10 -44 -17 53 -95 -45 92 75 21 27 -50 -77 21 70 61 37 -53 -50 -51 -7 36 44 4 -93 -47 18 70 -7 -25 17 -46 92 77 55 29 48 49 76 36 72 -23 26 -46 -83 -52 -62 27 -29 -12 -24
-32 -33 39 37 55 -84 55 -81 27 33 75 24 -49 -84 -57 -28 -53 82 61 25 -98 34 -92 -55 -59 4 40 55 12 -85 83 59 -4 -84 -44 -39 -46 24 -59 62 31 77 -54 61 -72 -4 11 -86 -7 -13 -94 -9 -3 -62 -5 11 -22 -89 -75 40 -21 83 -67 44 30 30 -23 -52 -32 24 -16 -31 33 -82 62 45 -38 47 90 -55 8 -43 -23 -9 -13 -92 -98 35 68 -65 44 -6 -35 69 91 -29 9 -85 53 65 -32
61 43 -46 -68 -4 11 -88 55 -39 -80 -17 60 -65 50 84 86 99 -100 66 75 -88 -2 -47 59 -57 -25 -41 6 55 50 -59 -51 57 97 -41 60 -61 -13 -64 23 -11 67 45 60 23 3 87 -88 -31 77 -85 54 86 -70 -10 41 97 -27 -16 -5 -37 -4 47 -62 -95 41 84 81 -66 23 25 -94 -73 33 47 37 -2 -14 -24 96 19 -56 62 -13 45 25 -49 -55 81 -67 -66 -24 -67 -29 3 -71 -11 84 -17 -98 -22
25 -83 -88 -93 -73 -41 -86 93 -38 -3 87 -85 -35 -10 -7 42 -99 -56 44 42 -80 11 66 99 35 -7 87 -85 -29 -74 -96 -19 30 1 96 -78 49 -66 17 -42 -67 -21 -44 -2 1 -17 -11 50 27 49 60 38 -1 40 11 -94 -18 -59 89 53 64 -47 -44 -88 69 51 16 -8 62 59 10 -27 -45 -2 -39 -55 -21 90 68 -58 95 -55 -35 5 -87 -17 -24 -66 79 -58 7 11 7 -99 -29 95 83 72 -53 73 52
-28 33 75 95 10 59 -55 35 -56 61 -94 -3 -22 61 -84 -71 3 61 48 16 60 27 -71 80 83 -71 70 -91 -42 12 -89 53 -31 99 49 19 80 16 -12 -91 52 -79 -99 -93 -5 96 55 95 81 81 89 -27 -8 -90 80 70 -29 -94 -87 47 -50 -87 -65 61 82 94 26 -34 -13 55 24 -47 -10 -38 -93 27 90 -36 53 98 96 74 -86 74 -98 -52 -25 -95 24 93 13 14 -70 62 99 -81 -36 -10 -3 40 0
50 52 4 -72 78 -75 -58 -50 -18 40 15 1 -95 -92 -8 -61 -68 -5 36 36 -50 38 82 -88 55 15 20 -7 92 -57 22 12 -38 72 -53 -1 -24 75 -44 -50 -82 28 41 -39 19 -41 -5 57 19 38 -49 38 34 5 42 -93 28 -91 -98 8 -66 55 47 54 -1 -94 53 81 57 -55 -14 39 -9 2 -6 51 34 -21 -40 0 -90 25 -7 27 -64 85 100 -99 68 -38 -17 -60 82 -41 -85 69 -69 98 -70 33 -76
32 -40 68 88 -69 -98 30 -76 46 -17 91 -1 0 4 64 52 -28 90 -44 -59 40 68 23 41 48 -76 26 -75 37 69 -40 -82 -96 -62 -29 -11 -58 -97 29 -62 82 -76 97 -67 -47 -44 -36 70 -42 -18 18 -69 -14 -53 60 -64 -66 71 3 8 52 77 70 78 14 -31 2 18 -92 20 -22 -49 -25 3 -8 -48 38 57 69 67 -14 -57 -73 -22 -10 -75 -91 -49 46 14 54 12 36 91 -14 -93 96 -58 7 -29 13
-35 29 -34 -63 58 -71 -78 -24 17 94 -45 -77 -31 89 -48 -83 -57 30 5 15 -17 71 -24 66 76 -65 39 -30 -32 -28 38 82 -64 8 28 -33 -63 -53 83 74 -2 26 47 -86 -59 -99 87 37 95 -80 85 30 72 11 74 -79 -71 -1 98 75 42 -26 96 22 27 2 68 81 95 -77 -60 -88 -57 -4 -83 63 -79 -28 -17 -11 90 55 -58 -11 5 -64 -85 -92 28 81 -43 -7 -4 -5 -52 -8 -36 76 -68 -61 -100
-85 60 -3 24 45 88 -98 -30 -73 76 -25 80 77 90 74 33 -23 50 -44 46 60 -57 62 -85 -25 70 -65 -47 32 -90 -63 23 -2 45 -78 -83 -43 2 -83 49 -6 -62 -26 -91 4 -62 5 -75 10 69 66 50 -80 -61 72 64 58 13 65 -91 -53 85 3 -79 66 -69 -31 86 68 89 0 -24 -75 97 26 58 91 -76 -31 -51 -93 -31 -11 21 96 -32 100 37 -33 4 40 86 92 -12 96 -57 -47 -43 -1 97 73
21 -48 -38 51 52 8 -32 -19 37 -80 -99 -12 -13 -15 36 82 12 -84 -100 40 47 98 79 73 -99 60 -51 64 -47 87 47 96 19 -75 81 50 9 63 82 -5 50 -34 75 -86 -46 -74 80 -28 -81 -23 -55 -11 6 61 -100 -25 27 -4 -2 -15 75 -54 81 94 -42 43 -32 91 89 59 -47 -31 33 -12 48 -20 24 30 92 -95 -47 86 -87 68 44 12 43 13 54 -46 63 -63 -84 -85 -31 20 -98 -22 -8 10 96
87 6 -29 -34 45 -65 50 -90 -95 -7 1 -23 13 2 -62 -79 18 -37 -94 92 79 2 -37 -28 5 -33 99 -16 8 39 31 51 -89 -92 -87 57 53 -68 -64 -16 67 -55 21 99 96 -60 -97 75 -39 36 22 -80 50 91 39 -1 21 7 -90 -99 17 77 5 2 44 80 -37 35 -37 -16 76 -31 54 -88 14 -27 -56 -80 -52 92 31 94 -24 53 15 98 -50 -2 -49 37 88 -66 -22 -25 -66 -43 19 -98 -6 -90 -53
83 67 -81 86 0 -1 48 63 -57 -73 -91 40 82 -71 -94 -31 -67 -21 50 64 -70 -99 -69 -85 5 -78 -2 -44 -41 -99 71 62 63 -79 0 47 -87 -68 -50 13 42 23 -38 -54 93 -83 67 -65 -11 35 -65 -44 -25 15 12 -56 -35 -74 -11 -96 -3 86 95 98 -61 -12 -46 69 -54 67 -8 -72 -60 -98 -33 -34 -13 43 90 -1 51 -62 -5 51 -43 -87 -13 81 -67 -7 -36 77 92 -31 -13 -15 -16 63 97 -65 -76
-90 -86 -67 25 -8 -33 15 13 -83 -63 -78 3 64 -26 44 78 -34 93 -5 -92 1 -20 -3 -96 65 -39 43 35 -58 85 -59 -6 16 -51 49 88 -77 -49 -71 53 -96 -2 -99 -5 17 89 30 -50 -98 68 -17 -41 63 45 -1 29 63 44 -27 46 -3 12 51 20 -15 86 14 -7 -15 36 69 -74 30 4 -95 -66 19 -23 -5 63 -20 -60 3 24 2 -23 -29 -11 33 -37 68 69 -8 -41 -28 -62 -48 -87 94 -81 -34
-74 -36 -26 -30 -51 -95 76 87 71 22 -34 -70 62 2 48 -47 -59 12 100 -41 66 1 -14 67 -73 35 98 -67 -54 -15 6 7 75 75 -14 -9 96 -12 -61 -76 45 8 -56 -56 -92 53 -60 33 42 -75 -6 -80 55 41 -86 47 46 66 -57 95 29 35 -77 40 -70 -80 -91 25 -19 5 26 -28 99 -63 -83 20 66 51 -1 36 -33 -61 -77 19 -70 22 -92 76 -95 -74 98 -51 -75 -20 -89 -59 77 40 -29 17 62
10 -71 -46 11 7 -90 -16 8 82 -62 77 -26 -19 16 -52 11 -19 -65 -84 -10 29 -78 -23 7 -48 -68 80 44 -42 -11 85 -59 60 -38 21 67 -33 1 84 69 24 -90 -31 -26 56 75 -20 60 72 29 -100 -10 -17 -32 73 88 -47 -34 -51 -66 -9 -77 -7 -41 -45 -76 -97 87 24 -28 -60 92 49 79 82 44 -23 -14 -6 3 -26 39 77 28 34 -30 -74 7 32 98 90 -86 99 79 -57 91 -39 70 -69 -36 65
74 -2 -43 -33 -87 9 -99 45 -53 88 28 59 -50 89 -62 -14 -6 -36 1 -25 17 -81 63 49 -68 -1 64 -88 -40 -34 19 -54 97 -86 -49 74 96 25 9 -75 -44 -13 -77 -27 59 58 78 51 -97 -53 -26 -66 32 96 -40 -22 23 -35 91 -61 -6 97 -52 70 -80 42 -96 -93 -2 -83 38 -68 74 73 -50 9 -22 -44 -58 46 -46 -65 -15 -1 2 -64 92 71 29 64 13 -7 81 68 87 -70 35 -17 23 87 42
3 60 -75 87 -40 89 1 -28 -4 41 -25 -81 -35 42 49 68 -12 -81 2 -9 -4 -97 -66 -78 -65 98 -51 11 -31 -16 55 49 -68 -83 -81 10 42 90 -80 71 -83 89 -57 4 31 -89 -50 6 -8 19 30 -24 95 -28 74 5 69 8 62 31 -81 27 -78 -67 -23 -64 -71 1 -40 -9 50 -20 -59 -45 83 -54 -38 35 -10 33 44 40 50 -40 52 -95 81 18 -27 78 -53 6 62 27 84 54 -11 -60 -29 82 -2
-21 -37 8 -14 1 -5 100 -34 -3 54 53 43 -22 -70 -28 79 7 -3 73 -1 -99 -60 -10 14 -41 65 -22 -11 17 -37 17 -64 49 -69 87 -33 49 46 7 -90 -85 12 -61 100 16 -87 97 -79 -4 -70 17 -86 74 -54 92 88 84 32 -20 72 71 -41 -48 -55 13 -40 44 53 10 73 -92 66 -94 -14 22 52 -80 -13 47 82 -50 3 -59 53 -78 13 59 -99 -89 44 69 31 -19 -45 41 -88 -6 -88 85 8 2
80 100 9 -74 35 -83 60 -86 -43 -76 27 -100 49 11 -25 100 62 25 -10 89 72 -47 55 -73 -73 -71 -55 -84 -1 -87 13 88 21 26 7 -14 38 -43 33 -97 -46 88 -1 -37 -18 -55 -28 99 78 93 -85 -59 -48 -69 69 -4 39 100 75 -15 -15 -44 -90 -76 49 -10 58 -69 80 -3 -79 -89 -60 80 74 79 -84 -27 23 23 -5 7 -10 -28 -78 -41 -41 -90 59 -80 23 -51 83 79 -64 -50 -32 25 74 -19 -6
-46 50 -97 -44 -70 -80 100 92 54 63 2 -64 54 75 39 -74 53 -55 31 86 1 96 54 17 -7 -68 92 69 -52 -63 21 11 58 -34 41 58 80 71 16 -35 60 60 -21 -37 -83 88 73 95 54 -44 25 96 88 62 28 67 -86 -49 -89 -63 94 -83 78 20 32 -28 -71 -96 -30 -37 60 -25 -51 -50 -89 -74 -98 -46 -50 -72 29 -85 -13 15 1 -68 -31 -42 72 -32 26 -84 40 -86 -44 51 76 -10 -100 7 -84
-63 -82 -68 -58 81 60 -94 -82 -20 2 -60 -88 -92 -66 40 -25 -41 89 -20 -60 -26 45 90 -11 23 21 -65 94 80 51 88 -67 -89 33 8 66 -72 1 16 -88 -80 22 -42 62 56 -77 -72 -10 66 -94 15 -67 24 84 86 -12 -15 -19 60 -13 -32 11 -85 9 37 -8 -9 -34 -2 -10 84 -43 41 14 54 89 -30 81 -24 -17 41 -85 57 87 25 70 73 68 54 -10 -49 -19 -93 25 75 31 -35 -56 33 -68 -35
-49 58 -99 88 -55 -13 0 -7 -23 -7 -90 20 24 -22 93 82 -14 -45 47 -46 -20 58 94 78 83 13 -57 48 79 75 -3 -63 95 -84 2 69 66 -21 -70 34 31 -69 -95 23 91 2 -17 100 84 59 99 15 -82 2 10 4 -13 68 -43 -67 -71 35 0 12 -54 79 -77 19 84 22 -77 50 51 -64 -19 -75 70 -70 -59 -93 -27 -21 26 -89 43 28 100 77 -87 -73 44 -19 -36 40 91 -50 99 -37 -97 23 -76
-48 -32 68 -46 -31 4 -82 -100 -96 35 4 -46 18 -8 -70 45 -16 75 97 -94 -4 -17 -42 -40 -31 93 -56 16 74 -72 -56 27 -13 -63 -93 -12 -100 37 76 -87 -21 -77 85 -10 96 -37 84 -92 13 -86 75 97 -96 -88 -36 -63 -62 3 -41 13 -84 -14 20 2 97 -7 10 60 1 35 -85 -76 9 -44 -12 -76 67 5 66 86 -71 -52 -36 -37 -19 -23 -49 -47 -89 -69 17 -18 -72 50 14 -24 -40 -82 18 -55 82
-99 2 16 -48 100 85 -11 -5 14 -40 -18 52 -60 -87 49 62 -91 -72 -22 -26 -41 -97 -25 53 31 98 89 67 -39 -19 96 -8 -26 40 92 -82 -23 0 -35 -21 93 11 1 -6 -75 -79 93 -89 -35 45 -60 90 19 20 -31 -1 -51 94 -93 58 82 -33 59 -62 -90 -97 25 -12 -50 -82 3 23 47 -80 -40 -93 -84 93 3 24 -53 35 22 77 -11 88 -70 -47 -25 -30 26 33 -19 67 50 -6 -38 65 84 97 33
-42 -94 -57 9 -68 -34 -77 -7 -92 43 80 90 -58 -30 -37 15 100 45 46 -40 -70 53 -81 -12 24 1 -73 33 29 -54 3 -82 85 40 -77 -58 76 -83 83 59 12 -34 -59 0 87 17 -30 -44 -2 -13 86 -31 85 22 -25 80 -42 68 -21 -57 -56 -93 86 55 -96 50 66 10 -97 -45 71 62 34 -99 55 -14 -76 9 45 -53 48 17 -75 -38 -84 -8 -64 -77 -69 75 -99 -16 -29 -59 33 -46 -34 -14 15 81 -80
22 67 -18 -27 17 -99 -66 -92 -68 27 -36 35 -77 -81 48 77 -29 100 65 -89 -45 -9 47 82 -50 -6 -73 100 86 -55 18 39 -99 49 20 -27 0 -75 37 -73 92 51 95 69 91 60 5 -18 -45 4 -47 -61 58 95 37 -71 77 58 -10 68 8 66 -83 -20 -25 72 46 -45 65 -71 -35 -48 39 6 46 96 -97 -64 29 -4 -84 18 -76 11 29 64 -41 -40 15 -61 -3 9 80 -13 22 -66 -93 38 -86 -52 10
-39 17 -49 39 58 91 -18 -18 -21 -30 -34 -82 -86 28 29 -87 32 81 -69 -4 -48 57 -66 46 67 41 -95 98 73 15 -14 90 -21 -61 -16 -93 -33 70 48 -13 -99 -10 86 75 -53 83 69 -58 17 -57 -42 44 75 -74 69 35 -84 -88 -3 34 76 -3 -43 -65 39 -81 92 -20 99 -94 -37 90 -82 42 68 41 39 -8 27 -71 -78 89 -64 -69 93 78 -92 98 78 -29 -26 58 -78 38 4 -45 -69 -37 30 21 -62
96 -99 -5 -24 10 90 13 -48 87 57 -8 11 78 42 58 42 69 -37 6 -94 35 -97 60 9 72 -20 96 -26 -66 -4 -16 -18 4 91 11 71 27 -57 -88 40 -48 0 12 -70 -51 -71 -18 -85 -34 -5 -24 -67 -52 62 56 85 61 14 -95 64 -31 29 -14 88 -94 -82 40 -63 -62 77 54 15 14 -89 77 85 67 -70 81 54 -12 -79 -87 -20 64 43 51 -86 -88 -80 -94 -60 -97 68 75 -37 -33 -47 84 50 88
75 -67 16 48 -45 37 -76 50 -62 -48 27 83 43 -97 -14 -19 5 -37 -84 42 77 60 -60 -26 43 98 37 38 -44 -99 -61 20 -26 -56 -14 30 65 9 15 78 -25 19 77 93 81 -79 -48 57 4 32 -24 -84 -72 58 -39 -45 36 -12 35 -38 -90 31 -64 -84 -78 -30 -38 -31 39 -35 20 -78 -66 41 -26 96 17 91 49 -9 62 87 97 -23 -47 -3 43 75 -20 35 -37 13 -92 95 -42 87 -33 43 85 -64 -91
-4 80 35 -5 47 -81 -41 -85 -7 -97 -55 -56 -57 85 59 94 -25 -49 94 -4 -78 20 53 61 0 65 -41 57 12 -4 -27 -1 -15 15 -9 -18 -91 -80 13 10 96 0 -33 -50 12 -98 -17 27 19 -98 -82 31 -64 72 -85 -57 -72 -51 -49 11 -69 -16 49 -64 91 -26 -75 -78 -20 31 89 31 -43 -100 71 -60 -56 -47 13 -91 82 32 1 83 90 -11 -75 -83 -29 22 53 85 12 21 68 -6 20 -30 -33 11 25
-42 56 -56 12 -8 53 2 -31 94 -63 56 86 -22 -96 60 -91 -71 53 -76 3 -89 2 -6 29 -93 72 -23 43 -41 94 49 -39 56 64 -11 -80 -96 9 8 14 -91 -82 -5 -84 -7 24 26 -54 55 -83 -99 18 50 -11 36 43 70 -16 -6 -96 79 -99 -50 96 -35 75 -55 -23 0 29 83 -49 -98 21 19 45 -40 61 25 -85 -21 96 7 86 4 -29 84 4 24 11 77 -76 -74 93 -10 -90 93 -73 -60 -45 80
-30 -91 -10 59 7 25 -52 -69 -85 -78 47 -21 37 -91 21 35 -9 -73 -8 -13 37 70 69 -72 52 -10 0 -73 86 29 -66 -71 -67 79 11 89 68 60 58 28 67 -36 -73 -9 -28 -7 -84 -91 20 98 -89 43 79 42 -100 -96 -52 42 58 65 -19 -3 -27 -31 26 -63 18 35 25 -46 -10 -51 42 87 -93 -22 43 48 -31 62 -58 -27 -51 33 20 -75 34 29 -98 84 -28 -33 -76 26 51 62 -58 -58 19 45 -94
-76 -10 -86 95 63 29 30 -39 15 44 -90 15 37 -45 -73 57 88 -24 -62 80 42 55 -47 3 -51 -73 -100 36 24 11 -27 -99 -36 43 17 -24 7 -35 -43 -8 -30 -28 -95 49 -10 18 -12 -7 97 -15 -96 -73 35 -18 -21 100 -87 -11 51 -72 -81 96 1 -78 3 -12 5 73 -13 -89 45 64 17 82 -59 -6 93 -49 -100 -64 17 34 -71 65 -86 -65 -41 -91 -59 -25 36 -69 60 -90 -22 -47 -13 -62 -49 -31 23
-71 -33 51 35 -45 -74 16 18 -62 -83 -12 -96 -68 61 7 12 -15 -72 52 75 51 -41 -16 -64 -69 -94 4 -48 -67 -2 -33 90 34 -82 41 -33 82 -10 -31 -63 28 39 42 -59 -34 -86 37 81 87 14 -43 63 -39 50 64 88 70 -39 54 72 31 -55 52 -28 -57 11 86 -86 48 -99 83 44 -44 19 51 -49 -22 76 -45 73 -44 61 30 80 37 87 15 -88 -49 42 -1 49 30 76 20 -2 17 62 -47 63 60
-27 -80 -29 -50 3 -98 61 -64 -81 2 78 19 -28 -56 71 -84 -27 21 -67 7 -21 -72 50 -23 -70 -48 -96 34 -72 -48 -89 -68 100 -62 60 54 20 90 -26 -18 73 56 21 -71 -61 -60 9 32 -51 -48 36 -16 -25 -92 -89 -8 -92 -69 -23 -65 28 24 59 13 74 8 -92 -50 0 53 24 39 -57 -32 -22 90 -42 9 -8 -9 38 82 49 -60 -53 19 44 10 41 -82 4 -11 73 14 96 -58 -90 15 72 83 -65
55 -42 54 -55 43 49 -64 33 50 -20 100 -92 77 26 18 45 10 73 -64 13 -35 -51 71 94 -97 -38 -89 64 -61 76 58 -11 -100 50 95 -56 -18 -32 72 -30 29 -92 87 -90 -16 -43 -100 -53 -95 83 41 -77 -64 58 71 -64 4 1 12 27 -22 25 -67 -5 51 -39 -28 -93 -29 81 -33 95 -52 -28 -50 46 46 88 94 69 5 -35 -61 69 41 11 38 59 69 54 13 -3 22 1 95 -87 -31 -75 -81 52 -86
79 -82 -68 13 81 44 71 -30 14 33 -42 4 -44 -43 49 -67 -74 80 88 -79 51 -64 62 -75 -24 -87 -9 55 -88 -83 -46 -92 -43 -23 -37 -26 92 57 79 -44 -36 47 79 -96 -31 -5 92 100 -46 34 -45 -40 -67 46 92 -44 -54 -85 94 -26 -34 85 -50 30 -81 98 -75 68 79 86 -38 -33 -16 96 60 30 -51 69 86 98 16 -52 -80 81 -60 12 61 9 -88 -25 17 -37 -79 -7 31 2 1 95 64 77 -76
-7 40 22 8 53 94 -8 -70 -93 83 -88 -5 91 94 -47 2 34 70 -6 22 57 -69 -13 0 -77 -40 75 90 80 -7 49 -47 -26 40 49 74 32 -4 -29 -29 82 -3 -94 -19 -26 -49 -85 94 -14 84 88 19 38 -76 60 73 96 -67 92 81 -83 33 -67 -33 -48 -21 31 -58 -72 -70 50 -72 -4 54 -79 58 -95 -50 -93 81 -56 -58 3 94 67 89 -63 11 -78 -92 100 14 51 58 58 38 48 -24 -94 -55 33
47 -24 -34 -94 -63 87 -2 -17 100 -36 -66 44 -43 -24 89 31 92 11 83 0 19 19 -50 -57 -5 94 33 41 65 82 34 94 -61 72 -4 -40 16 -98 -33 -90 53 -26 -80 -16 -88 32 83 -64 51 97 -30 -31 -79 39 -18 -7 -10 79 56 -33 42 8 -10 -94 -25 -80 -11 68 -73 82 -61 -75 96 -76 -12 8 22 5 -8 91 8 86 5 -27 18 -99 -70 27 -97 -26 9 46 95 57 -50 -7 56 64 -5 -71 51
-1 -84 -4 72 88 -94 -77 62 -95 -52 36 -19 63 -83 81 -32 30 65 55 81 52 74 -57 -89 -86 1 -62 -43 24 -93 -38 -32 -13 93 -88 -67 53 95 -79 78 67 -83 64 -13 67 75 56 -26 91 -30 19 3 29 -11 -68 -87 -91 -19 -63 -91 24 -60 -56 -34 60 56 8 -72 -21 99 -21 76 4 -23 78 -86 -37 -94 42 -3 -37 5 35 -76 -11 -97 15 59 -96 -99 1 4 -86 32 -27 -38 77 46 -22 72 -27
43 20 -69 0 14 59 98 18 -70 74 -31 -14 -68 45 -88 61 1 69 27 41 77 40 -20 33 -9 -70 54 -56 79 -42 43 -86 44 21 -8 -89 47 91 -47 97 43 -6 48 -78 -60 67 20 63 90 60 -44 25 17 -74 75 34 -48 -45 53 91 100 -7 -17 -80 80 81 -85 -99 -78 -74 12 9 -50 -7 -63 -73 51 29 30 37 -38 -78 64 97 29 -4 -58 21 2 -34 -17 -100 -1 -89 -59 -10 44 -94 20 1 8
-36 -23 -64 19 54 92 -62 72 -44 -89 -54 59 16 65 91 93 74 -68 -40 34 77 7 -7 3 -82 -12 -78 79 -61 -7 -58 82 85 81 67 -67 45 67 -28 -100 23 -86 33 9 33 -81 9 96 59 38 30 -89 -9 78 23 58 30 -95 -74 36 87 59 22 -98 67 -97 88 5 70 61 70 -35 17 -68 -32 -61 -79 69 -97 -76 -55 -71 17 53 40 46 -14 10 28 2 15 -67 -42 -72 39 -63 65 -96 -84 59 58
-50 -23 36 71 -48 83 -43 -67 -75 -49 69 -29 -98 -61 -48 9 50 -94 -93 20 -20 71 -26 91 -12 -77 -28 32 -68 8 -48 -100 68 6 62 3 59 1 -70 -87 74 6 -89 51 -19 72 -78 28 41 64 81 36 -23 76 -58 -13 73 -15 -58 -7 -15 74 4 31 43 -6 65 28 90 89 -100 -14 65 -70 38 1 -4 21 36 91 -36 76 13 75 -19 -8 58 -68 -75 6 21 -53 -5 28 66 -64 88 -64 76 -27 1
70 -90 -30 -90 54 62 -61 -86 -97 59 -7 -76 -85 1 -19 -80 73 -52 -70 -77 25 89 92 67 -20 -99 -56 34 30 15 98 -64 69 -71 86 85 38 -50 -97 25 23 -46 97 -23 -75 -79 8 36 -30 4 -24 23 46 15 79 38 -28 17 32 -77 41 -64 -99 -16 53 75 -25 13 -51 90 20 34 -81 15 62 -37 -43 -26 -67 -70 -35 -64 40 -24 -27 -18 -47 -95 36 41 -100 -17 90 2 -75 -38 -67 71 -7 -20 -65
-89 -68 6 -33 90 45 -24 19 -16 4 -34 -100 -69 88 -12 -67 9 22 54 12 -28 -84 -44 49 -49 -61 -77 68 -97 2 -11 -62 77 -17 95 16 78 10 74 86 11 74 29 75 -19 60 17 -48 -4 -53 -92 13 81 100 14 -68 -7 -29 -14 49 74 -43 81 -91 -53 -80 28 69 -30 26 -8 70 -82 71 28 84 13 81 96 39 88 49 -75 95 -20 78 -24 -60 -65 -74 -79 -49 49 -23 88 72 -55 12 -15 69 81
-17 5 -84 -1 94 -94 -66 -99 -30 16 -61 -36 31 -75 68 -58 51 -79 71 53 14 15 94 28 -1 -32 -89 56 50 -16 -24 -97 9 98 -36 4 22 79 -53 36 -44 7 -83 -1 -37 -8 54 -8 2 -19 -50 -97 13 -89 68 45 -74 74 -87 -31 -16 40 96 43 58 -60 -67 20 -66 -79 93 99 81 -81 -46 50 78 -13 67 -15 37 -27 -27 -57 25 38 37 3 73 16 65 18 88 -56 52 -6 47 -90 -97 -22 69
-31 -95 -47 -5 -13 -25 -67 75 -76 93 39 -50 -21 -20 54 80 -47 -95 64 89 -99 74 68 -36 37 8 75 21 51 18 92 94 -21 -39 48 -15 52 3 15 96 42 51 -89 -19 52 -4 -87 58 39 -88 -12 -71 -64 5 73 -81 72 47 -30 -75 19 -32 73 -46 -91 -11 43 -22 89 47 84 -57 44 -27 91 -56 61 69 60 -63 11 -99 -56 -54 3 -56 75 -53 -49 97 77 -27 50 -96 -68 -52 -69 -19 88 -8 -71
-42 -19 48 -22 68 -86 -42 -40 54 85 -49 -90 -34 100 24 90 43 0 -54 43 38 -11 87 92 10 -83 51 23 -40 39 48 66 14 -40 -27 -13 39 -100 -12 -74 -33 -97 36 39 -10 -13 54 -74 -64 70 41 93 -46 58 -73 66 -46 22 55 71 -100 -84 -28 24 -46 -70 24 -48 -92 67 13 -8 -26 -7 37 -60 89 67 34 44 34 39 -31 -34 -15 -99 -42 93 86 -94 -78 7 25 65 -51 95 -91 78 10 50 -85
7 -26 -57 53 -1 -50 -89 64 -40 -14 -31 -71 44 72 2 -4 18 85 82 18 94 1 7 85 29 25 68 -18 77 92 0 77 -78 53 68 3 26 -24 -77 -44 -7 -13 -17 12 -52 55 55 -44 -59 -24 -28 4 -61 4 3 92 -28 -21 95 -39 24 46 -21 37 -60 17 100 -74 -35 -20 -48 -81 88 -83 24 -88 31 13 22 -38 -65 54 -94 22 -5 65 80 6 -57 -95 78 39 88 7 76 -61 28 -62 37 16 86
-86 -9 18 46 -78 -58 -34 -58 71 -23 67 8 61 99 -39 15 -54 96 -16 22 93 -99 -77 -82 20 -52 57 74 52 -30 -99 68 -22 19 56 -52 -36 -78 -56 30 -35 -62 95 100 -3 25 37 -8 -67 -41 -53 -31 -58 24 10 9 -27 48 -20 91 5 -95 -22 -23 -40 -78 31 32 4 14 59 66 -95 -4 42 72 -60 -91 -3 -37 41 87 -93 5 57 63 44 3 -2 -83 8 -2 92 -28 -13 -48 80 18 -62 16 2
40 0 -23 -50 -10 100 -53 -40 9 2 -84 99 -40 5 -89 58 67 -36 38 60 3 -25 -73 24 -17 -2 -64 84 -38 19 47 62 -17 63 -50 -90 -29 -64 -97 -48 2 11 -45 -31 -34 -76 96 45 -14 8 -16 27 51 73 -78 2 63 -54 11 -36 -89 -70 21 11 -49 -27 34 -25 -85 37 -74 59 -54 20 -21 66 0 -66 82 25 3 -76 -3 43 23 -24 -74 -19 55 76 -19 -62 -40 -93 -78 -92 26 -25 -42 -53 75
61 -16 -21 34 -51 45 20 -80 -82 47 -13 50 -82 57 21 24 3 -56 28 -43 45 66 -76 -77 9 43 88 53 2 -20 -5 -21 -67 31 -32 -6 -71 -72 60 -49 -66 -37 -54 8 70 -35 23 -64 -24 40 6 -54 41 -78 -4 51 -61 79 -81 48 -28 17 -11 49 -82 -12 -52 43 -14 83 44 -3 -27 83 68 -86 -22 47 -60 74 -44 -94 -7 19 -84 26 -61 67 17 13 -76 88 24 75 -51 -37 8 53 -45 -60 37
45 59 33 -41 -72 -30 -5 -76 97 82 80 1 82 -96 -25 -11 65 91 -56 16 7 74 -55 95 45 58 -67 -43 -15 33 -78 9 42 12 14 4 56 -32 -51 -56 -95 -22 -86 62 78 -98 -1 -56 16 -35 81 -3 -89 -38 52 -72 -33 56 81 16 0 -59 -28 -86 -11 -12 34 29 -60 0 65 -33 -32 -26 -12 -39 -57 89 -66 84 70 -91 77 90 -28 91 -39 63 -46 -22 59 -64 15 -35 -42 56 -84 -9 13 -81 -99
64 38 -95 6 48 60 -73 19 68 22 40 38 67 -65 -65 -60 46 -92 -83 -79 52 90 37 -40 -1 -5 86 -27 20 71 38 -65 76 -18 78 -35 10 22 18 68 -95 61 -43 -6 40 -71 -18 96 -24 -28 26 -50 -27 -75 -54 59 89 31 -48 60 -67 31 48 41 74 -60 -54 90 -74 55 -70 -71 -13 -74 -34 -90 3 100 -7 -17 -40 31 -86 34 41 -76 -6 -97 76 39 -95 -82 -54 10 -92 -18 30 26 -23 -49 -32
26 84 -18 69 -65 30 61 84 36 -64 6 -16 -11 16 81 62 80 -11 -27 -94 -59 19 22 94 81 4 53 -22 23 82 37 63 -59 52 87 -59 -89 -68 67 -10 34 -38 -45 25 -10 97 4 -19 70 -8 -12 -46 -42 -24 -38 -77 95 -79 55 -45 -19 -24 62 92 27 24 -94 90 -54 68 -1 -10 71 61 89 42 -57 -78 13 18 -49 -53 76 -79 -26 100 38 94 -26 -2 -94 57 -32 7 -19 -11 58 -88 -43 -55 88
-23 -64 15 78 9 26 59 -87 -58 61 -27 44 -41 31 -10 -84 31 -46 93 -23 73 -100 -47 -36 10 47 -67 92 44 -64 65 -14 28 85 -83 20 -6 89 18 37 -73 1 -24 -61 -23 42 78 -1 72 -2 5 -69 61 32 61 41 -4 -84 60 -52 15 60 12 56 58 89 62 -11 22 -39 -53 73 -23 19 -98 -73 11 -39 19 -97 -78 11 -54 91 -18 -22 -28 49 26 -38 -98 -90 59 -94 41 83 33 49 80 18 -31
-77 -37 20 7 65 20 58 -74 -45 -58 48 35 -37 -29 67 23 89 -38 -23 49 -62 -6 32 43 67 -72 -53 91 -65 -43 84 44 -24 92 -22 26 -54 68 -78 -49 -15 -8 -71 9 -18 6 -31 100 -97 7 85 -20 -99 -31 100 -26 -53 -94 58 6 18 14 -54 33 32 -91 -51 -45 66 25 -11 2 -80 -88 25 -35 24 -53 81 81 -68 -25 72 27 -61 -30 -31 95 -22 -95 25 -59 -28 -94 94 36 -42 63 -8 -95 75
0 -58 -37 -67 -26 -91 78 -60 -12 64 -28 -8 -79 -17 -71 25 33 -59 58 -63 18 -49 63 -77 36 -83 70 5 87 -5 78 -68 21 88 68 27 -97 22 27 -98 -27 21 -62 20 -84 -40 -25 5 90 -70 -24 8 -13 -20 -58 4 11 33 95 76 -16 -77 78 91 37 -47 -95 -66 43 -2 51 69 -80 46 -35 78 58 -96 60 -64 0 -17 66 -10 -48 -89 -76 75 8 25 -67 41 -98 -96 -51 -75 74 9 7 83 42
-19 68 -39 81 -36 87 -68 82 -75 -79 -38 -46 17 -87 91 -7 -27 51 -40 62 66 80 85 -100 -71 -9 75 -98 40 19 27 59 -65 23 16 -11 86 10 93 29 99 -10 5 -58 -62 29 -83 63 -73 48 31 -74 45 -32 -88 75 -37 99 -52 -38 -8 8 -82 37 53 -78 -35 -32 82 30 45 -80 56 -42 -93 53 -81 62 -23 -18 83 82 -4 14 57 -81 -38 67 -66 -41 16 -95 3 -67 33 -72 -92 -93 -98 -78 46
84 -35 25 -52 -6 27 49 76 -65 76 -68 -2 -6 74 81 -13 28 -56 5 -52 40 -14 -38 55 -38 -23 46 30 60 98 -10 -54 -46 -40 -27 -85 47 33 -56 -27 6 -53 -97 53 12 9 11 -87 15 94 -26 56 31 -43 -17 -27 -37 -23 86 53 59 77 -67 29 -63 -25 72 -86 13 -6 -87 -18 14 -22 22 89 -9 -46 -59 11 23 -85 -7 -88 -89 48 -72 -43 58 50 29 87 -46 91 -26 -38 56 -55 2 -16 -20
63 -97 -62 -71 -82 -7 50 36 7 -47 4 57 -39 -1 94 -91 38 -12 89 -45 -65 21 28 -56 50 69 25 -67 60 -50 79 57 46 5 94 27 -20 -31 85 73 -29 79 26 -76 91 -70 -35 23 -85 -13 58 90 73 47 -21 92 44 -17 16 -7 45 86 19 41 -87 3 4 10 68 -48 63 69 81 -91 86 66 -95 2 -90 -8 -89 51 -28 -73 -16 61 58 58 4 -67 -97 80 -52 70 85 22 78 -86 74 66 -39
-13 24 -96 -21 6 24 63 -64 36 66 45 -63 -10 -55 -59 63 37 -76 -77 46 42 -3 73 -11 -78 35 -64 -14 42 11 7 -53 5 62 -48 43 40 -75 -19 19 -71 38 -83 72 38 -60 -17 89 50 39 6 1 -48 34 33 -45 36 16 -37 -14 21 -1 60 87 -43 -1 -62 59 23 36 -21 45 26 86 -50 -69 -80 13 -25 47 16 -15 -3 -68 -67 21 -50 57 -61 -18 95 -13 98 -62 78 -25 81 95 -58 -30 6
-80 12 -80 -21 38 -55 -9 -56 22 -97 12 58 -31 10 96 64 12 -69 55 44 1 -51 -38 -33 25 67 24 16 27 9 -94 1 -97 77 65 -16 83 71 59 -92 1 11 46 -52 24 26 85 -72 65 29 -31 97 80 -20 55 51 -69 75 -81 60 -5 -14 -10 39 43 26 9 11 89 -81 -72 37 -79 44 29 83 79 -70 -25 25 -11 -19 94 60 4 51 38 -5 -55 31 22 -63 73 86 -10 -74 -42 41 47 16 -68
44 -40 -84 -53 -24 4 34 -98 -57 80 -32 28 6 99 -67 -52 -37 -59 -5 -7 -66 27 44 58 -36 53 72 -45 47 -3 -47 -78 -23 -90 -14 -60 35 7 -9 -71 52 -64 80 -12 -9 95 29 -31 86 51 83 61 14 -36 13 -29 74 -16 82 69 66 -28 -55 18 34 51 -14 -42 -40 -91 2 -79 29 -36 -11 27 -24 31 62 99 60 -81 15 91 -6 -95 -45 -80 30 1 -19 -19 -90 18 22 -81 4 96 -65 -35 -7
28 64 25 15 -32 29 44 67 -70 -60 68 14 24 61 15 -95 -55 -89 5 -2 -64 43 -15 -41 1 76 -79 87 -37 55 66 95 90 -10 -80 36 -55 83 90 -3 75 37 -79 70 -50 -77 1 -8 -23 63 84 14 -38 69 -72 88 -54 62 20 51 72 -58 -28 19 -6 -78 -28 29 31 -80 45 -36 -58 -32 81 -15 -5 87 64 55 80 92 -49 78 -52 73 72 -20 -43 52 -28 -77 42 -99 -62 -21 68 25 -82 3 -9
59 -86 81 -55 -45 -59 87 -26 32 -32 -24 -76 -46 50 56 63 -62 -55 -76 80 -61 5 -45 -39 -8 73 -76 29 53 -75 34 -49 -62 -33 -86 79 -16 -81 -39 -67 -44 14 -14 -81 70 58 82 -64 34 68 65 47 -90 -69 -27 -48 -34 76 91 -19 -39 84 95 65 78 -19 8 -46 -4 64 -88 -94 -90 11 -49 -7 -23 10 3 -100 -18 -100 -49 80 3 59 62 -26 92 -97 -83 -5 28 68 42 -18 -65 -74 -69 100 3
-58 13 19 4 75 -95 69 64 79 -15 88 -84 28 -84 -99 86 -84 -63 -89 95 22 65 -33 -70 -20 29 74 34 -95 24 14 48 65 -53 -85 -82 45 -46 -10 -1 -1 96 -90 -28 -59 49 70 84 -79 2 -77 -70 50 36 -38 -92 86 -6 100 -99 3 -87 0 38 -39 -76 49 -24 64 56 13 -30 52 -72 70 82 -16 -24 5 -11 67 -81 80 -47 48 32 -60 40 -91 -82 87 89 -53 95 -84 -92 10 -75 -3 55 -13
-60 -50 62 68 40 5 75 -82 13 91 -73 69 6 -5 77 -8 81 6 39 -55 44 56 -34 -41 33 -91 80 10 -38 55 4 75 -97 75 -62 -67 -68 -4 26 -91 24 -13 26 41 -52 -85 -12 -86 -7 -27 50 -53 33 16 -50 26 -51 38 89 3 27 -58 83 -35 -68 -85 46 -55 -18 -30 69 65 -19 34 -66 -45 -17 -2 90 46 9 -67 -43 -63 -54 97 91 -50 -57 26 43 17 7 -90 58 -32 90 -28 90 87 9
43 -30 64 -50 -67 -32 85 -21 55 -91 76 -87 53 59 -30 92 -75 91 68 41 80 -60 22 69 22 12 -87 -91 74 -89 43 54 12 60 13 -8 41 46 6 5 -17 39 23 -15 58 -53 73 34 -81 31 -3 55 46 61 19 98 0 -26 87 58 55 70 -85 96 16 -57 -11 82 3 31 -55 62 88 52 88 57 66 -2 60 70 6 17 -42 -12 -98 39 -40 4 -61 -43 28 -46 -58 14 6 -49 -39 3 82 -7 -45
6 -23 34 -3 21 3 -23 72 92 -82 47 69 96 55 14 32 -36 20 99 37 -84 75 24 -62 -35 75 29 70 31 -50 13 -79 -23 25 6 -13 -45 -91 -23 -20 -2 18 42 66 83 87 -98 -93 7 -49 93 -74 -55 -11 -65 38 -22 -84 80 63 99 -11 5 -38 -16 -86 -60 -26 92 76 -14 -62 87 -1 -84 -37 31 -94 31 69 -90 -85 -87 100 23 -42 -17 20 -42 13 -35 -43 -23 96 86 -25 -12 42 5 -86 37
48 37 87 -11 37 61 73 -66 15 19 46 17 36 -100 76 37 -85 -41 42 -17 38 31 -98 -38 29 -52 -61 -56 66 -26 8 -27 70 -62 88 -57 -56 -99 -19 11 27 73 88 87 -80 2 -48 -15 78 -35 -68 27 -74 -93 -95 10 -61 -39 -58 35 78 25 83 -1 -73 20 -39 12 -70 -91 23 -80 16 2 85 100 -47 28 50 93 -5 -24 15 -69 18 2 -71 96 -70 -90 -57 -65 -40 -45 -100 59 17 -32 26 -89 89
99 -77 -97 -3 -96 -77 8 -67 44 -66 -1 87 32 -74 -19 2 -52 8 31 -62 11 44 18 0 15 -28 70 100 89 -94 9 32 2 39 30 -14 -2 -68 46 -4 12 94 36 -9 59 37 -9 94 -35 90 -74 14 89 -46 29 -23 -85 -1 -63 67 -71 -78 -53 -54 -66 73 34 81 -9 -18 9 40 3 17 47 -95 -51 42 29 31 67 -55 18 57 88 -38 65 -84 12 29 -89 10 -19 -35 95 31 -94 -70 80 72 -53
