-98 -52 90 53 -6 -5 11 4 28 51 40 -61 -13 -25 77 39 58 31 90 66 70 -84 -86 -44 30 60 -73 -47 56 -34 7 -17 20 -67 89 -12 -5 57 94 57 -23 -76 -90 -82 35 67 -34 9 -39 -43 -4 4 17 -83 59 79 -83 79 56 20 -62 90 -86 41 29 -2 39 -89 -4 -46 3 -53 -24 -71 20 82 -33 5 30 -82 -45 81 -71 -65 33 92 84 0 8 49 49 43 20 -62 -80 -30 -73 -50 72 63 38
0 71 89 66 54 -73 84 -47 1 -37 26 -60 -53 -69 -42 29 81 -56 -99 -40 -50 -98 -79 -20 2 -73 12 33 -11 -73 -65 -19 8 9 -45 -100 -21 -33 15 80 -7 12 -12 50 -79 -39 -59 59 54 -62 -95 2 97 47 73 -55 -98 -2 45 -38 -42 35 89 -77 20 13 42 -33 75 -4 -13 -71 -16 -69 18 26 37 -83 40 36 -40 -94 55 8 -84 -97 -76 -18 -52 -23 -95 64 1 -95 -83 -68 63 -57 58 20 54
59 -33 90 -30 94 -13 -32 -17 54 30 47 83 -53 12 -66 62 -70 43 -70 -7 10 55 -100 -27 -83 -55 -74 -71 -85 69 80 -14 45 -49 56 74 -52 10 84 24 -28 58 -61 75 54 -86 76 97 36 -100 50 6 15 7 -27 40 12 75 78 31 6 31 96 -97 -89 35 -95 25 -39 65 61 -71 89 -75 74 16 -93 3 56 -39 52 1 -61 -78 -31 81 66 92 3 99 -86 92 -94 11 -68 4 80 65 15 6 -95
9 14 95 29 35 98 51 -22 52 -10 -81 64 78 76 90 -4 96 -59 -14 8 -19 -7 -60 -2 82 -62 -42 -28 50 -11 59 -32 14 -58 -31 8 62 -22 -28 23 -35 -9 -100 16 -51 72 12 -5 79 80 -58 -51 16 -82 -97 -67 42 82 28 -7 60 -19 -31 75 -66 70 95 77 97 -9 87 50 3 -62 -4 37 -98 20 94 36 -54 -1 -11 32 -83 3 -21 -49 -67 5 58 57 88 28 -5 71 25 -16 -51 -95 -11
28 47 42 69 -29 -49 22 -80 76 -11 88 -46 47 86 -10 -69 -23 51 78 45 53 40 19 71 -12 36 -1 40 56 -81 91 58 -86 -49 62 16 -43 57 76 -45 75 21 -82 87 20 -13 59 64 -64 -73 -79 21 57 -90 59 35 42 -66 -48 2 9 0 55 86 -82 36 -7 -43 -5 47 78 -4 -58 -91 -8 -9 2 0 -46 61 -47 71 -99 -89 88 -83 -77 -43 79 63 50 -88 -59 100 26 -14 67 19 -41 -51 17
80 -19 -82 24 52 -1 71 -70 -94 -29 -55 -65 59 99 -42 88 25 11 68 -91 -89 18 86 -85 -22 70 86 60 98 -40 21 -86 13 80 4 -90 -37 -25 55 -31 51 61 -19 37 -50 -47 6 -96 51 11 -90 13 -64 -84 -97 22 -11 14 -84 14 -36 2 -41 96 92 -62 54 1 -27 -28 -59 80 98 74 85 94 66 -73 -41 -48 -51 33 -80 -36 -87 -69 86 -7 75 53 -70 -57 93 -14 -34 -52 56 -15 -95 -61 -63
17 74 -2 83 -61 96 63 -19 94 -59 69 -85 82 55 55 34 -13 -84 -3 -40 67 -45 -70 -43 -16 14 68 -55 34 -33 -76 70 -15 -60 -15 -17 20 3 -8 -94 96 -63 -54 82 43 17 -15 34 29 -22 -86 97 -47 5 -3 21 -84 24 -30 15 57 26 -100 -31 -54 12 92 -48 27 99 -68 42 -24 85 -39 88 -50 -32 -20 24 -4 -4 -29 -31 -26 74 74 66 -80 16 15 20 -56 -33 68 51 96 -79 21 1 -43
72 8 7 49 -79 -15 13 -67 89 -97 -100 80 50 0 -26 -71 45 -98 19 -54 27 -35 -33 -70 21 90 9 -45 25 -89 53 -66 -87 53 22 -53 -60 -58 63 -56 -78 59 46 75 -89 -65 -40 29 -52 -73 -55 25 31 48 -31 -57 -41 -31 3 56 99 42 -17 -8 -96 83 -27 -9 -50 -68 40 -81 5 -62 -28 -41 -66 -8 -58 -46 78 -65 -14 -58 -44 79 -65 23 -51 99 -75 88 -1 23 1 -34 29 -6 -55 63 -43
-100 -64 89 -22 -17 90 70 -39 73 -22 50 -53 25 -9 -36 46 -10 -6 -72 45 -65 -65 -48 34 48 -12 36 -55 -43 -48 35 46 72 64 -40 -92 29 -52 32 -71 -30 52 -71 27 -89 -53 83 93 8 20 -55 -25 82 -36 -19 -43 -87 -10 67 -30 45 -78 -25 26 -22 44 -42 -47 21 -2 65 -85 -40 94 34 11 -12 57 -87 -84 -62 75 87 9 -86 60 -50 -63 -7 41 -24 -87 56 -3 -12 12 -100 -62 78 24 7
19 91 -93 -22 -42 76 -19 84 -6 100 -78 67 -18 29 -97 -98 16 100 -14 79 -13 39 30 80 -79 -90 -72 0 8 33 45 -61 9 59 -82 -4 18 -27 -54 -27 -84 -9 50 -31 32 32 58 -11 -73 -58 100 -91 77 -38 66 22 46 71 -91 71 -97 -63 -41 73 -60 99 3 79 74 -40 37 3 87 64 -74 -75 25 15 21 -70 -87 -14 26 19 -59 18 37 97 -11 -17 24 94 26 78 84 -79 38 85 -95 -5 16
12 -98 -20 38 89 27 30 80 24 23 41 -53 58 4 93 90 25 -5 63 -73 -42 -87 49 47 14 -54 -55 -49 1 -23 28 37 -35 -74 92 -91 -47 62 29 -30 -58 -55 79 14 -4 40 84 -7 -41 90 48 -26 19 17 -12 -64 -19 49 44 91 62 -35 21 29 -49 -91 81 20 81 -9 72 -91 78 -99 -74 -30 66 -98 48 -45 -16 5 37 43 94 -65 -88 -7 68 -97 72 -51 -18 43 -30 -55 68 -69 -68 -48 57
-35 50 49 74 54 -29 -37 -82 35 67 98 -99 35 -96 15 -4 69 -72 86 -76 -26 12 29 31 -27 -53 57 -75 -49 94 79 75 -85 21 21 44 16 -28 73 -8 -37 -98 94 68 -30 -64 -99 -72 -91 55 -72 -33 -59 71 -8 -90 97 -34 77 66 54 13 85 -71 -83 -75 -46 -8 -3 -54 -94 85 22 97 -24 49 79 -46 59 31 15 0 57 17 21 -94 20 -27 2 -47 -73 31 41 92 81 85 66 74 78 -16 97
-51 -44 93 -33 -26 -95 83 96 30 -50 51 28 -61 -51 83 -40 1 4 -86 80 93 38 19 -93 68 -92 -67 -26 15 6 91 27 76 -40 68 -100 100 62 -24 54 -15 26 -86 81 -45 29 -44 9 -80 74 -100 45 -99 -1 54 94 -58 64 -85 -70 -54 92 -33 27 -15 85 89 91 10 62 79 69 66 -95 -85 -75 27 73 93 31 7 67 83 -33 59 -81 -37 19 19 74 71 78 -57 -48 -68 13 45 -29 9 -23 -69
94 -58 -77 16 -8 -95 -25 -14 -5 64 -5 3 74 -7 36 92 -78 90 -2 42 -92 -37 -23 -74 29 -21 36 -9 73 -47 -5 52 -26 -76 -14 10 69 -81 -51 88 1 -38 -46 84 78 -83 7 6 -53 -80 -29 80 1 -86 33 88 14 -100 58 76 -7 -40 -93 67 13 64 -41 27 -49 -23 72 28 -73 -22 6 -80 -2 -9 54 19 -74 -10 -4 -51 38 21 90 33 83 81 69 -34 100 70 -42 32 99 -33 4 41 42
57 -56 79 -60 -3 -50 23 -43 81 33 -16 66 14 80 0 -39 -43 56 28 29 -15 -2 55 -28 -25 61 -52 -98 92 49 -29 11 -35 66 -25 -87 80 34 -32 41 81 35 -35 -54 -59 -37 -19 -73 -16 39 -98 -70 41 28 79 -19 14 -89 72 -47 -48 8 46 -3 -66 -23 -75 27 -98 -75 -95 45 -81 -84 -22 26 34 73 46 -49 28 72 80 93 71 -27 20 67 81 -44 59 -25 -92 22 -80 31 -100 -82 -70 -44 73
36 35 -11 -22 -38 51 -92 80 56 58 38 -5 8 87 -96 94 -94 97 -98 29 -16 35 67 21 5 -25 -49 -23 3 28 18 39 -92 68 -99 -66 -27 42 5 21 65 85 -14 -1 25 23 -71 -55 8 -64 -35 29 85 23 -28 99 -55 69 -17 -9 -13 83 71 57 99 65 87 -58 -76 -29 70 -21 -86 86 -78 -25 54 77 -75 81 32 -84 -23 72 24 -67 -34 6 -36 -97 -80 -18 60 -29 77 67 -65 83 -82 51 -92
61 -51 -78 14 99 -69 -71 56 97 -41 2 -37 -92 -82 68 -16 53 -50 12 -90 -41 5 6 74 -79 63 72 -68 71 -29 3 2 56 -62 -55 70 13 57 92 -18 -17 41 76 44 -31 74 -10 73 80 50 -12 2 72 -70 15 50 -50 -59 99 56 -98 -11 -66 -63 96 -59 -76 -51 79 -52 40 62 -25 74 4 43 -72 -81 -14 -37 43 -22 66 -32 -59 29 72 71 -17 65 -39 15 -45 -71 26 -31 -65 -66 69 9 -51
-65 0 91 24 -51 12 -57 -3 4 -87 -44 -100 47 53 -84 15 -62 53 9 1 -23 -52 30 72 -92 56 64 71 53 71 -61 -27 -28 -45 -44 57 -47 -44 -29 -22 12 58 4 89 30 -31 33 -32 88 68 3 67 74 38 6 -62 -90 4 -97 -20 39 -54 -15 -81 -57 -58 -50 -32 10 42 30 10 67 73 16 -59 -19 44 49 29 39 -43 -88 80 58 -95 -43 75 -6 47 2 -60 94 76 21 58 -16 -57 -8 -65 -78
-89 9 57 95 73 38 34 3 -36 58 60 -6 -39 3 93 34 -78 -37 76 -54 -39 -51 21 66 97 -10 -100 93 -47 76 -60 43 -4 74 21 -52 12 98 9 92 43 10 43 -75 -29 67 -44 55 60 28 -34 48 -42 23 -23 -80 -87 21 -69 -55 78 -73 -5 -86 -78 3 -36 -22 52 33 -39 81 59 -28 -34 -91 48 63 -73 59 43 18 -2 -66 66 -100 20 -79 -10 -4 -50 -26 -54 -42 96 40 60 -13 21 -81 -68
-67 -81 55 -55 11 24 -66 -3 78 59 -29 -30 -38 62 -44 -55 12 50 20 -99 -49 64 93 48 33 52 -40 -21 16 46 -64 100 -60 -48 -53 17 -32 -83 45 -71 0 -45 -10 54 92 -48 -20 64 -53 -59 41 47 -89 -28 89 -45 60 -66 17 -77 -31 30 4 -30 90 51 -25 -73 -82 -71 -56 -61 -30 -99 20 -73 40 17 82 7 38 -22 30 -60 -24 -42 -82 81 20 -19 -38 45 60 -82 -4 44 11 -35 72 28 30
-18 -94 5 -61 61 -37 51 49 18 90 7 -69 82 94 59 28 -91 -85 -70 97 31 26 -59 37 21 -51 -51 39 -46 -89 86 54 -18 -31 22 -90 88 -42 18 -33 71 -55 -31 -19 -45 78 -70 6 -44 -92 -32 -12 34 20 65 -61 -92 84 -66 -36 56 75 76 76 98 -52 41 -2 11 -29 7 -25 7 42 95 47 -7 -86 40 17 -27 -80 -54 -13 29 -50 21 -64 -26 -52 -95 -22 -35 -71 -79 21 -33 65 36 36 -71
-15 7 -64 91 42 54 -27 60 -62 48 51 33 -8 79 -64 32 62 93 -42 -16 15 45 1 -41 -81 29 -78 -31 -96 -67 -18 1 97 -35 -37 75 -22 -68 4 50 41 -69 20 -88 16 -95 39 46 -31 -66 18 -74 -87 -29 4 -72 -27 -14 -55 56 -97 87 -80 -24 -23 29 -17 -63 -64 84 74 16 100 71 -8 -85 57 -57 -85 30 -68 13 7 -43 59 71 -21 -36 -65 76 98 -67 -92 -72 62 38 -80 66 32 5 25
-43 -47 -37 -49 -64 94 57 -2 15 -96 56 49 -95 -61 77 54 59 -19 -36 20 1 35 -84 -89 -100 -20 -13 -57 -7 -31 -76 -30 58 -36 -12 -60 -50 97 44 -56 78 60 33 -42 -80 -12 9 -41 81 -36 -5 -90 -96 -62 -66 -40 47 86 -96 50 83 -14 96 -58 -11 -84 -38 8 90 15 -98 -35 -72 -38 41 -95 75 -1 1 94 -16 -97 -96 82 63 -9 48 -56 84 100 83 -51 20 6 -92 -84 72 77 -82 62 -30
-78 -34 -82 -62 -14 -19 60 31 43 95 87 74 74 34 -52 -22 0 -39 25 69 82 14 51 87 73 -43 30 -88 -27 -32 56 22 80 -94 42 23 -99 -96 -25 -50 -12 -25 -81 23 -60 -4 67 -25 36 -36 -78 -25 -20 57 91 -28 -15 53 45 19 66 -18 7 -25 -26 -66 30 31 -55 6 87 -2 94 -44 51 -22 97 83 65 -74 78 -88 -97 -89 61 43 73 16 -62 -84 -53 -16 -45 0 -26 13 65 -89 68 44 95
-18 26 10 -54 -93 81 -21 -90 72 78 12 -94 -83 -92 67 55 61 -57 -95 64 20 -14 -88 -93 -97 -48 95 -64 3 -37 -92 -4 -76 67 -87 -67 15 -18 84 92 86 81 -36 63 -39 67 48 -74 -26 85 -64 -47 -31 71 -45 -88 -62 -17 -50 28 -49 88 -57 66 65 35 -85 -54 90 -14 -66 -11 100 -36 10 66 23 53 83 -15 -84 -50 -44 53 -68 38 -14 -77 -53 -12 27 -81 -97 -49 -48 -52 -45 11 -89 31 -10
56 -59 -30 35 -21 67 -20 -86 -51 -80 39 67 -100 49 5 -12 34 26 68 -67 65 -9 3 -65 4 -16 -82 94 -55 11 84 -21 17 -49 -22 -27 -9 89 93 99 0 -36 -31 -16 -48 -23 -98 -38 3 -58 -8 -10 -30 8 65 92 -94 -86 71 89 80 63 20 -28 65 99 75 -67 35 43 96 -7 7 -4 -33 -39 45 93 67 -71 31 -45 -50 26 -18 -76 -15 44 -92 58 -98 -98 -58 67 71 90 41 54 55 48 23
-4 -74 -52 5 25 -3 -23 -49 95 99 35 -84 83 -88 5 -12 -37 34 -18 3 82 74 -68 -7 -46 -48 -47 13 53 -5 -73 -34 77 -22 26 -15 -59 -31 54 0 -49 -3 71 -45 76 76 -75 -22 -11 27 28 73 90 37 -88 -60 -13 -87 -24 80 39 -43 -95 -72 -63 -90 -75 7 -38 86 -8 56 -83 -62 18 58 -90 -44 -19 85 -59 -69 22 9 -79 -25 -72 -48 65 7 24 -65 67 -82 13 49 0 -71 10 -40 -99
83 -9 -94 44 100 15 -10 58 -32 -12 45 -21 17 -28 -88 -94 -11 5 -41 -79 -71 -28 -67 -28 17 -11 68 -13 64 -11 -45 -32 81 -29 -72 -2 -10 62 47 46 57 -32 -76 -70 -93 14 -37 -38 95 59 27 -86 -26 5 95 31 66 -59 94 61 52 27 -54 78 74 95 -97 8 -68 38 -18 83 31 -21 28 -12 97 -63 66 95 72 -12 58 5 -76 53 63 91 -48 23 78 -81 80 -16 3 85 -45 52 33 -45 25
85 50 -46 75 95 27 1 -6 61 -32 -44 63 -95 68 67 -70 -87 -10 33 24 11 66 7 -4 0 -93 56 -82 -93 30 -92 12 87 -80 -92 -92 -37 -64 -18 -18 30 -52 27 1 -9 -28 -1 65 -53 46 34 -7 -10 88 39 79 -10 87 -9 35 27 20 -76 -68 -100 -5 -94 82 -13 -13 -67 72 -57 92 -7 -22 -24 67 57 -1 47 -90 36 91 -84 -55 -4 -52 89 -15 9 25 -58 -53 -20 -84 -50 1 -93 -31 -4
89 91 55 67 -90 74 40 -94 -9 45 -24 -4 42 39 -59 -64 10 72 59 58 30 -91 46 -63 94 -55 26 -88 38 -97 39 -63 -40 -63 4 79 -34 17 -1 43 11 78 -87 -21 96 -3 19 -5 -34 10 -46 -13 -55 -64 64 -34 -46 66 87 -64 -32 -36 57 26 -88 -97 65 -73 21 36 55 7 -20 -11 75 -77 54 30 26 -92 24 -31 -18 1 -11 87 -46 -49 -85 -64 -97 -13 66 62 -55 -27 -76 99 27 58 -20
-78 1 51 -66 -75 90 52 23 -22 -85 -91 25 -78 -34 9 88 -35 -1 -79 71 -52 -19 20 51 7 -34 75 22 -42 -3 -94 -28 -54 59 75 -68 -4 -92 52 59 -82 24 58 87 -12 78 -51 97 44 47 -92 30 77 52 41 75 39 -18 -61 71 -2 -85 -22 -69 69 -93 -49 -27 15 57 -93 -44 27 61 -87 -51 -53 -81 -27 -70 -43 -29 -29 94 78 -94 28 32 -87 75 -65 -99 -91 9 97 0 24 46 -32 48 67
-71 58 17 -50 8 60 -74 -81 96 -77 50 -14 60 -50 39 -97 53 16 31 96 92 54 -18 15 92 -66 -41 -64 -97 -67 -58 63 -29 -64 -22 -10 61 96 -58 75 -54 39 77 1 -27 18 91 -76 61 -97 45 -35 34 69 -57 42 27 63 -61 76 -47 -22 -10 20 16 -78 33 76 97 -100 1 -68 -3 84 22 -58 -14 35 62 48 -34 -60 57 87 19 40 -9 -98 -22 7 -59 74 -12 -74 83 59 38 -23 -23 -1 90
68 14 68 47 -15 44 -33 57 38 -99 -88 -8 -86 -62 76 39 19 -68 4 53 -46 31 69 -78 -29 33 -58 72 49 -17 -77 63 47 19 55 13 34 -5 96 -92 -33 -85 63 -26 -18 48 12 -90 19 -10 -18 -66 -86 36 -44 -100 60 -64 26 94 76 -52 88 95 42 -39 87 -57 98 -56 -31 58 -93 34 -73 97 -54 -45 86 21 92 -73 -95 -95 -1 47 -13 53 -85 11 16 90 -87 -68 44 -93 0 -3 7 -15 -48
80 -23 -71 32 -90 33 -47 -13 -86 25 12 -65 34 -64 -40 14 -89 15 -82 -24 59 43 26 33 97 12 -42 87 -33 -1 5 -33 56 -100 100 -82 46 -20 62 97 -85 7 -75 68 49 -95 -84 74 -77 -28 64 -13 -58 -16 75 4 -90 -76 -85 81 -72 -21 19 -97 -60 -24 62 -15 26 -6 -71 -38 5 28 -26 -20 3 -39 -93 -76 83 2 95 71 -4 27 42 -94 -93 -98 71 -85 7 26 19 -68 -82 75 -40 -63 5
-25 89 -6 95 44 75 0 78 -4 -38 -49 -72 45 -59 -66 -15 -42 45 -95 -10 20 -23 -72 -24 36 -37 26 -8 21 72 70 -94 70 -16 13 -96 35 -13 -68 -32 25 79 -70 44 -92 -90 6 37 89 20 54 -30 37 78 13 94 40 -51 74 -14 21 45 90 87 97 39 -57 -100 -47 9 74 37 -14 98 -46 58 -3 -80 89 -15 -12 13 3 64 -30 -31 -98 -33 -81 22 51 81 46 79 62 -91 -77 49 -6 67 -37
-54 100 23 -29 -59 86 -17 -81 -53 -7 76 -51 -1 39 21 78 51 -88 5 69 -81 -83 35 -99 -9 -31 57 -100 -49 -97 42 -98 -35 -21 57 26 4 25 -7 -19 64 29 68 -48 65 -77 28 -28 50 8 -21 61 -95 -40 -60 91 55 -54 -15 89 84 -70 79 -17 72 -100 70 -39 -72 41 39 7 54 -25 -41 -77 44 51 68 -16 93 39 62 53 -14 31 -42 80 -45 -65 -55 85 -64 37 -10 -80 -88 -79 6 38 31
-72 -71 93 79 -44 -44 -53 87 -94 30 75 65 -1 -22 50 -92 67 64 30 -40 21 94 28 -18 12 38 56 90 -50 -92 -41 64 -58 -11 0 35 -66 -74 -50 -60 -1 -99 53 -90 28 -64 56 76 -58 -76 -73 -81 65 4 39 -55 54 73 -23 34 -40 -22 44 -53 2 84 86 29 -44 21 21 70 10 9 -80 75 -67 -23 21 -12 -15 -10 3 -84 -82 33 41 -57 71 44 71 79 79 -93 -41 -35 -89 -85 57 -21 50
13 -70 -76 5 -52 -84 82 59 -70 55 10 -92 -32 26 50 -67 62 43 98 97 -46 -39 -78 16 -99 -23 -32 -57 -56 84 7 -11 -53 10 -92 -93 -59 33 72 34 22 7 -57 -18 39 -27 25 -95 84 -73 -26 -34 -69 81 -41 -34 97 -99 73 -70 81 -9 75 78 54 -78 -41 -100 -89 41 -17 24 -41 84 35 100 59 18 -57 95 -81 -45 50 -86 44 58 29 77 -48 -75 58 -70 45 48 69 -32 -96 72 46 -60 16
56 -31 33 64 10 16 -53 53 -40 33 10 -19 28 -39 47 25 97 -29 -73 62 78 -14 -92 32 -82 -96 63 46 -33 84 -99 -65 -56 9 94 -62 77 -84 -51 0 53 82 30 -94 9 39 28 21 -38 -95 8 -33 47 19 2 -11 58 81 -97 -21 33 30 -21 -74 -29 -58 -35 -66 62 44 4 -89 51 12 6 20 -17 -48 1 -86 -83 42 88 29 20 -58 68 83 -32 -1 -46 0 -76 45 59 38 50 18 46 64 -50
82 -73 14 52 -72 73 -23 30 -96 -93 -84 -55 -59 -57 28 22 61 -30 8 70 -48 52 91 69 -31 -54 -53 34 -89 7 17 7 -17 79 88 76 -91 -63 85 33 16 59 3 56 -16 -6 -2 -48 1 78 88 49 -70 -31 -1 97 -75 90 74 81 87 36 14 77 -87 -16 -42 -24 6 16 -49 -86 99 -93 30 -60 -14 -62 -8 67 -80 -76 -60 -65 -44 63 24 21 74 -21 -84 69 -4 -69 -88 -29 31 -4 -39 11 45
53 49 71 -52 -94 97 -26 -40 -9 -66 45 -34 -76 55 35 -94 91 25 -57 -17 -18 52 84 -95 -2 -9 25 -75 -98 53 86 98 86 100 89 2 -62 49 22 -54 23 -85 61 -95 94 19 89 -29 71 23 33 -73 -19 87 39 73 37 69 85 52 -46 64 63 -57 -61 -96 -69 5 -32 -16 -63 35 -20 -85 -17 37 -34 -54 7 -37 51 -100 -56 11 -95 79 -2 67 -48 -3 82 82 16 64 21 32 8 2 29 94 -61
-38 28 -85 96 69 -23 4 54 8 -99 -17 -36 68 -62 -77 81 47 -25 -58 27 -77 86 -40 -99 100 -82 -37 -73 -3 6 -51 21 69 16 -53 -96 33 -13 46 65 -76 -96 18 52 -35 56 -76 0 -64 41 -38 -70 94 -89 2 -11 40 55 28 11 79 43 56 -37 52 -52 18 -96 28 -6 -35 -27 -32 -97 -15 -27 -13 -54 -69 95 50 -58 61 25 -94 -50 -22 -47 -25 7 -6 31 73 97 -79 -66 12 -34 -20 -39 17
71 -46 -58 34 32 -58 -28 -62 -68 56 100 7 58 -46 24 -37 -40 41 23 -22 71 -44 61 -21 3 -56 -67 -36 -72 -1 86 3 -76 -45 -48 -20 32 32 -62 -88 89 -54 74 -13 47 33 40 21 28 15 83 16 -28 -80 -31 -99 82 20 -3 -96 -94 42 -78 -8 97 -93 59 -6 12 2 22 -55 -71 24 42 31 -89 -56 4 -97 37 -85 -14 43 -6 -51 -25 -100 -36 -72 -79 63 -5 26 -32 96 10 -42 -94 -68 -57
13 -10 -11 40 71 37 -51 -38 -32 -33 57 50 -69 75 42 -69 6 -75 -27 11 35 21 84 -81 -93 83 -91 100 -95 48 92 -42 -13 99 17 33 43 41 -33 83 -18 -17 72 26 81 -92 50 56 -30 67 -65 -17 82 -52 20 -60 -87 86 5 -75 53 74 66 57 -5 -86 99 56 30 -31 -39 93 100 24 -48 12 42 -47 -64 52 54 -86 -63 -38 -2 44 -81 99 -94 -61 73 -2 -99 87 13 0 -16 13 84 -3 26
66 28 83 -14 -38 15 30 -31 13 -3 -18 65 -99 -85 2 76 73 92 100 19 1 30 -86 46 7 -8 -30 -44 41 44 93 -71 75 13 -80 9 52 -43 -95 -8 -19 -3 -51 85 -37 -29 -77 -68 41 77 95 -24 27 55 -8 54 4 96 70 -58 89 -35 -69 71 -15 -48 26 63 81 -15 -44 -80 -60 -70 75 91 72 -84 -57 58 -27 54 -2 20 -13 58 60 96 -46 12 -55 -12 21 -40 72 -10 19 -29 52 -24 -12
12 -96 -57 85 20 22 -17 -28 -77 -14 31 38 -78 63 -27 80 -30 94 -38 82 25 -84 46 6 2 49 82 98 76 -62 -68 25 62 -6 72 -91 70 -49 -93 86 -43 49 -96 25 -27 64 93 2 21 15 57 10 -9 -71 41 -37 54 63 -11 -2 -23 48 70 -8 -59 68 33 78 51 56 58 11 15 -55 -35 -45 3 25 29 -97 8 -63 41 92 -84 -4 56 -71 -70 -25 6 25 -14 40 -10 78 -66 70 95 68 -70
32 33 13 53 -29 -10 -35 -26 63 -60 -54 -65 -61 53 16 54 -63 -8 43 -71 -7 -19 -17 40 25 -100 60 -22 2 -74 -94 88 -89 16 41 17 11 -47 -59 14 -72 -71 61 15 62 -94 -67 8 66 -43 -94 82 -52 -84 -75 85 77 -29 59 79 7 90 -67 -41 -40 89 -68 65 90 46 45 -11 42 -12 4 -68 7 100 -38 81 34 67 -17 -100 -56 75 64 -11 57 38 66 -35 93 100 3 11 -85 -67 -73 -94 -12
-8 -61 -31 97 21 -24 -73 -76 -8 -78 72 -7 32 72 -8 -87 -13 89 76 -58 -37 69 66 58 57 -49 -49 -50 39 37 -38 59 89 91 -88 74 2 57 55 -5 99 -2 98 -70 -42 94 54 -69 -7 80 -28 99 -41 -39 -53 -80 58 66 56 -8 47 -46 11 58 65 84 100 54 -62 14 -67 97 -24 -8 -8 86 21 16 -1 27 7 61 38 -88 87 -60 76 -99 20 -54 97 -47 14 -49 -94 -59 -90 57 -31 6 -73
-22 -43 42 -15 -66 95 46 53 -22 83 -63 -39 23 -56 92 -13 -84 29 34 -16 43 -61 93 -72 -60 -46 -40 -15 -8 14 -79 85 36 44 23 9 -70 -35 -12 69 -90 -10 60 -78 -92 -89 -4 -72 100 87 -61 -10 -48 8 17 95 -36 8 -26 -74 10 79 84 -1 -79 49 -70 70 67 9 -6 -27 59 -52 -55 -3 57 -87 -37 32 -21 78 45 -41 -55 38 56 -83 -50 9 -18 7 -24 -88 71 -61 61 -85 49 10 97
92 81 -3 50 -80 -3 99 -28 13 31 -61 42 76 15 -70 -53 -26 36 -72 99 -68 -73 -80 44 95 9 64 -90 -72 95 59 65 67 77 -23 8 0 -7 -8 65 -39 -16 -31 -46 -23 -23 -48 42 39 -23 34 -6 -29 -87 65 -3 3 2 -88 13 -47 34 68 -66 4 52 -72 0 -26 -95 83 6 -70 -60 -11 11 -33 -61 -42 -48 -98 -69 74 -36 52 -83 0 90 -78 -61 -6 28 99 60 -95 -71 -78 87 -99 16 20
85 -22 -1 53 -98 -83 -45 2 -43 -69 -69 70 70 63 9 0 -85 -94 70 -2 -54 -40 -89 10 60 -73 -31 -50 50 -39 70 89 31 78 -35 -41 28 -39 -3 40 42 89 -45 -34 -44 -84 67 47 24 -11 6 49 29 47 65 6 95 6 -73 90 83 56 51 98 -42 -57 -98 -32 74 -74 19 9 94 77 64 -40 -46 37 6 -16 -57 -60 -89 37 -92 63 62 39 -93 -7 -26 -41 -29 -69 -23 68 -51 95 -34 67 -35
-89 83 -97 86 18 -4 72 -64 -14 17 82 -65 40 88 5 -48 88 -8 44 39 59 -80 65 -97 -79 21 13 60 23 65 -90 -57 19 31 47 -27 -31 56 38 -12 80 -2 -25 -37 -25 62 -96 -32 -70 -33 -37 55 -3 43 -96 47 85 64 68 -22 -66 -36 -28 -69 76 -40 5 73 -55 100 -79 -65 76 -80 -46 96 55 57 -63 -56 92 34 -94 -34 67 18 98 64 4 -34 -24 68 -100 -100 -94 -64 68 29 -22 50 -88
95 17 -63 54 -61 -90 71 -10 -10 -41 -31 -19 22 66 -81 -94 -40 -33 61 89 83 8 20 -51 -51 25 6 -1 57 47 -14 84 -23 92 -39 -4 80 39 -79 99 89 -34 40 70 -62 -92 91 61 -1 41 -76 28 37 -86 -45 39 2 -50 -11 70 -9 -53 -51 48 97 -63 46 -81 76 -23 56 99 48 95 100 -44 67 37 -38 38 -4 51 53 48 -21 -100 44 -88 4 43 -92 73 -52 -29 -57 25 -14 -96 -17 58 -84
-42 97 16 34 6 -52 82 -55 42 81 1 -41 -35 29 34 -53 -2 70 -61 -57 12 58 76 92 -27 -48 -18 -90 -3 -82 32 -53 27 -55 14 -35 52 -80 0 70 -52 17 95 77 -41 12 -98 48 91 -97 59 16 -32 49 5 75 -55 95 16 -15 22 62 -29 95 -97 -51 -89 95 9 54 38 -40 33 -11 -76 -34 -91 -43 10 -51 -13 3 -1 -64 -11 -25 -98 24 -72 -87 31 83 43 -56 -65 -17 -95 84 69 -36 -22
97 96 -38 44 -25 -20 -95 67 67 68 -55 -63 9 74 70 -95 92 47 89 -61 -65 -59 90 60 -14 -57 91 -19 -81 -70 51 -28 -16 90 21 67 -75 -50 -20 8 39 -64 -79 -67 99 67 -33 37 11 63 -98 54 29 -97 -29 -19 52 -2 -97 97 47 -20 15 -22 22 71 2 92 -65 47 15 76 -9 -76 53 85 -69 59 55 -91 83 11 91 -31 57 -88 20 -19 -33 -59 10 39 -99 -85 -13 -80 96 9 31 40 -41
-41 60 -67 58 -32 -49 -37 34 -39 -71 15 -46 -33 46 -99 39 74 -93 -71 -12 67 40 79 18 78 35 -64 83 -85 33 91 -10 -1 75 14 46 -14 -44 -41 81 84 -87 81 53 -74 100 -83 -34 -60 -64 -3 88 70 87 1 -31 -77 18 96 -51 71 -19 -8 45 9 -55 46 -16 7 80 -73 -37 -40 -62 -64 -53 -90 96 86 80 82 -18 16 50 -42 67 25 -51 19 -35 64 -46 -61 -77 77 -74 27 72 -76 -47 -73
-29 12 58 42 98 -32 38 -80 83 -67 95 -14 -1 -92 -84 -28 11 -91 43 -40 39 -53 9 -19 -80 -95 55 -9 -22 55 72 -16 96 -96 7 33 56 -68 -32 -80 -88 54 -38 21 54 57 -75 8 84 -79 -68 90 -10 79 41 34 -47 -92 12 -54 41 -92 -93 -27 -50 85 -66 36 34 81 97 -71 -100 36 21 100 27 -61 -65 37 99 -47 -96 92 -71 72 53 -72 -100 -78 23 -12 10 63 -36 98 99 11 76 28 -6
31 83 94 1 -97 -38 -50 63 69 26 8 35 -9 -45 -66 63 -47 51 61 50 46 70 -7 3 -5 60 -60 -48 -96 70 24 -26 39 24 -42 -97 -36 -84 36 17 -21 16 27 38 85 40 -52 65 -51 26 -81 46 59 42 -5 -32 -51 -66 -74 98 -50 -24 27 -20 -46 50 59 25 70 -81 -39 -55 0 69 -41 26 92 -43 12 23 -72 -61 -81 -90 44 93 -93 -49 -96 54 82 -4 60 2 -37 -63 93 13 -63 -32 -27
49 -15 -5 -40 -85 -37 93 -36 55 -72 -28 77 71 -13 -91 32 -53 -90 22 77 -22 95 1 -1 21 68 34 65 -69 -26 -29 -20 -30 28 91 79 -1 22 32 -99 -38 -82 -71 35 60 -45 51 -64 54 60 -99 85 14 -75 -73 87 -33 -31 44 58 24 -36 55 -73 28 35 -73 31 -20 29 -30 4 -44 39 -59 -59 -69 -55 -37 42 65 -56 -90 67 24 -75 -28 71 -43 74 -73 -93 -9 2 8 51 79 2 -34 1 51
40 98 57 -70 -7 100 -26 75 -53 82 -10 100 -29 73 4 -25 -58 89 -76 -38 -61 80 53 -51 -48 -99 -1 93 60 17 -79 -69 27 38 -63 -81 39 -71 83 47 41 81 -62 -77 -37 80 33 -85 21 22 -77 -71 58 10 96 29 -38 67 -95 89 54 70 -96 -23 79 -44 -48 67 35 -45 -13 -46 -1 -31 6 38 28 73 34 -49 -42 79 -17 -99 51 60 33 13 -28 98 -84 -7 -81 -98 99 88 -61 -73 -39 -12 7
-40 -63 -87 7 64 7 -63 -31 -98 40 -94 51 73 -37 77 -100 -41 -17 -54 -12 12 -93 -76 -91 65 -19 -48 -95 99 38 11 88 -40 76 -93 -47 76 -62 -92 -32 87 62 16 -69 26 69 -43 -58 -37 65 -32 -71 66 -63 -53 74 -45 -62 59 -21 -92 23 -4 37 55 58 6 28 -20 46 78 50 50 -48 -87 -83 71 -76 63 24 86 -61 93 15 -3 28 -24 -73 85 -47 -73 -3 27 1 75 -18 -40 -22 48 37 -97
86 -82 -55 48 37 -63 -52 93 6 23 -71 -98 -10 -76 88 98 17 63 94 -20 57 72 -98 1 -92 -59 32 -67 -31 61 24 -39 43 18 41 31 81 50 83 -11 85 32 -31 -48 -54 74 99 -100 -25 -2 -21 -71 -14 94 58 15 -4 -85 -74 -8 -42 21 -64 12 -69 -15 -42 -83 21 9 96 18 12 -96 -29 3 14 93 -13 -57 -58 -97 10 85 -76 47 54 -78 -5 36 33 -21 94 1 42 15 75 -3 41 -81 86
-11 -25 88 -25 -59 23 53 74 -66 38 90 18 -47 -43 14 58 -96 -27 -46 66 36 94 35 46 95 -2 -24 -60 87 46 -80 -34 36 -84 -77 -32 -50 22 -94 -56 -84 70 76 18 -48 -25 -86 -75 95 65 -39 -22 65 -37 -3 3 77 -8 40 -16 -11 -54 67 -59 -53 23 82 29 -16 55 -86 76 -61 15 -58 -97 39 12 13 19 -85 -67 91 74 -58 -1 -40 -55 -14 50 -36 40 -80 -42 -61 46 45 -67 -28 -84 -71
70 -4 86 -11 79 79 -24 36 -87 -3 -34 -49 -12 22 -97 95 9 -58 -55 3 -59 15 24 -18 -81 -49 74 -30 40 -24 61 -21 -83 -43 -95 -92 -82 -95 -33 100 98 -25 -35 -18 -99 65 64 73 -64 26 -82 15 31 56 -65 82 -32 3 8 96 -11 -100 0 -28 34 -65 -48 9 35 42 63 12 78 92 97 -41 49 -84 -36 -25 -39 49 7 3 -89 -33 81 -76 35 -17 44 23 -99 -74 26 7 -49 16 -90 -39 -76
65 -22 33 -21 -84 2 17 -26 50 -89 -23 -5 21 -34 -7 98 -82 -79 52 -13 3 -3 -61 79 -49 -79 52 -35 53 69 45 -68 63 -9 30 21 9 -33 -85 7 -20 25 15 -5 65 72 88 -26 26 99 -67 50 -91 27 -86 12 18 52 37 -38 27 56 -72 71 77 -52 33 46 -38 -14 42 -38 54 44 -69 -41 93 62 -20 4 13 96 21 -44 55 79 100 1 3 72 71 7 -59 10 -99 52 64 68 54 -57 70
7 78 -11 -33 7 59 -59 77 -80 48 -39 65 83 -38 64 99 -90 -90 -71 9 -38 60 -71 -15 -33 47 24 68 -59 -13 10 61 -62 7 -79 80 -18 66 -43 -88 -56 68 91 96 -37 -72 22 -68 -56 -89 79 -40 89 -100 -92 -42 -32 -39 34 98 12 10 -55 -19 -90 33 13 -57 -55 -71 90 -57 0 99 -1 17 -24 79 43 -95 -75 0 -69 39 88 -39 -88 35 -48 72 -5 -33 61 -8 63 -37 87 39 -25 -14 61
-51 -11 -71 -17 71 68 -2 -33 39 -54 24 -67 86 19 46 61 40 -35 -40 -90 -98 12 -69 88 -45 51 94 68 82 58 69 7 17 58 44 -13 86 26 -40 22 8 -86 87 48 -97 -31 -15 8 25 21 75 47 -83 -7 75 94 34 -96 91 -54 51 -66 -44 -39 -41 55 -81 -57 -7 -53 36 59 91 -64 -20 40 63 -10 -84 -21 -35 -70 45 83 73 -23 -81 52 70 99 92 1 100 -56 25 97 37 -20 9 31 75
-30 -31 -77 -96 23 -37 93 38 34 -25 40 -93 11 -15 -43 48 55 92 40 -55 -70 -69 -91 -47 43 -62 89 -83 45 58 78 92 66 -72 -54 -36 -71 -37 -14 -96 25 -22 69 -53 52 -56 24 70 95 -90 -40 59 80 -8 9 -3 -82 -12 -4 10 -33 -61 50 -78 82 -66 85 -71 16 -84 19 -2 59 94 -69 -4 15 -54 -20 -99 67 85 -79 -64 86 -60 43 -18 0 -38 26 84 73 -27 40 28 80 -48 60 9 54
-37 -28 53 -12 44 5 1 13 -100 -67 -98 69 -16 74 -100 -17 -16 -60 5 -94 81 20 -73 -64 57 -2 -72 100 9 98 30 75 54 -64 -44 -6 49 44 -46 -57 -85 -92 -50 -85 69 -43 -93 10 -16 89 -67 57 -7 -38 44 86 58 -54 60 62 -32 -44 -38 99 -68 15 -5 24 -4 50 -65 44 -62 -39 17 -76 -7 -47 -7 -32 89 67 -47 73 -72 50 -51 79 84 -75 81 62 10 -32 -23 0 8 41 -67 21 76
23 -74 69 64 70 -54 -26 38 76 77 97 9 -67 66 -9 -33 22 -53 -47 -60 -74 49 98 -53 72 -43 5 -75 11 -93 87 -49 90 11 -56 -83 -33 55 16 -46 55 53 -56 -53 -3 -53 67 100 -65 -81 85 23 -80 -54 -78 68 25 -3 -41 1 99 -95 -52 -58 30 68 -30 -28 81 47 28 25 -90 -83 -37 81 -92 92 30 8 77 71 -22 90 -82 -10 40 55 80 8 -69 18 -97 -77 81 21 -95 30 2 35 -42
90 -79 -57 -60 61 -69 -73 68 -18 96 -20 93 -15 35 39 56 34 92 66 -61 -85 -50 -15 12 99 -51 -74 -72 -1 -43 -61 40 -96 -83 -4 -32 67 97 -54 -10 2 3 92 71 60 -66 -62 92 65 46 19 -80 -2 78 19 71 44 20 50 30 -55 100 8 4 -12 48 -8 1 -68 80 16 31 -78 -12 14 59 36 -10 24 41 -18 -43 -85 25 89 -60 -69 -89 21 2 -54 89 30 38 4 76 -83 41 34 -94 41
14 100 -47 -87 85 26 -4 -11 -39 -72 -58 7 64 40 47 92 8 11 -32 -39 57 -42 85 -56 -71 85 -29 24 -32 90 -91 -69 56 76 45 -39 98 -45 4 45 54 -7 4 5 69 -26 -44 34 -33 -50 -17 -47 92 -23 -22 21 -31 -98 -48 90 -46 44 8 -62 3 -92 -46 -46 -20 91 -94 74 94 -22 -4 -39 71 -1 97 -51 12 -26 -38 -3 28 -62 -18 -86 78 49 -76 -23 -64 35 93 -4 23 30 -89 -54 72
66 43 -1 80 -72 -53 -69 14 4 40 -47 88 8 59 -87 -17 75 32 100 -5 14 -12 -86 -99 99 65 -53 -100 -37 58 46 -25 62 52 -10 -22 -3 -47 -25 3 24 -35 65 -54 10 -99 76 -23 39 -54 93 -82 90 -18 -45 -61 -100 -86 -79 -57 85 5 54 -75 50 46 47 0 25 -87 59 -50 64 50 -61 84 22 2 4 -13 -49 67 85 -84 55 34 25 -57 -14 -67 22 -19 -94 34 -52 -28 81 29 -26 45 76
12 -27 66 -68 -72 -5 -74 23 2 -49 26 -39 -29 -49 -27 -2 28 95 3 32 79 58 -35 -8 -59 53 -41 18 -85 -55 -14 53 -12 -85 74 1 -92 91 61 99 58 95 -91 52 35 -26 56 0 14 -79 -46 75 -14 69 -89 29 38 -33 92 11 78 -1 -72 58 16 -81 -24 24 85 -24 -96 -82 98 34 -65 95 18 -33 98 -34 -58 -62 -97 -84 -48 38 31 62 -87 11 -6 -59 -69 -44 -42 30 -20 -44 46 -8 -53
-64 69 -72 -53 99 -1 17 -82 19 90 -13 52 -63 51 53 -16 -11 25 45 -76 84 -28 45 -67 78 67 -25 0 -40 53 95 10 -82 -96 22 -45 -26 -45 90 -87 -73 -44 -74 -79 99 35 9 -55 98 -24 -70 100 66 -11 -88 -21 84 75 93 -99 43 -19 -73 71 -50 -20 83 55 32 37 -75 -42 -60 82 83 -5 28 66 -43 11 8 32 69 -17 -89 39 54 30 21 -21 -30 -57 -25 18 20 78 41 -75 10 62 38
-1 95 -23 -98 -1 23 22 -99 10 95 -52 -10 -56 -24 -5 72 88 1 -29 -83 7 -11 12 25 97 -72 49 -80 -45 79 -78 72 -12 13 -19 5 24 -2 43 -37 -42 67 -2 -90 -4 3 35 27 5 12 -70 -68 9 -44 -67 93 -25 45 -16 12 75 97 2 -83 -25 30 -89 58 -73 -38 73 53 89 53 48 31 -2 -99 -79 -85 22 77 -20 -64 49 63 -90 15 -60 -3 -56 94 -50 -71 1 31 45 -89 -23 -78 6
-27 -92 14 -67 -32 79 11 -19 -91 99 57 32 -94 -49 -46 44 29 30 51 17 -86 -93 -61 -46 -56 90 -52 41 -79 17 -51 -27 -94 16 79 -12 76 -86 -19 -70 -46 33 81 61 -17 -45 76 -27 94 80 -40 96 -68 -93 -3 -51 72 68 79 66 -97 17 -97 6 91 65 88 -6 60 -45 -13 -91 41 -18 -51 -27 -33 2 -69 -81 70 98 -8 91 -40 29 -50 20 43 -35 -43 86 -85 -4 -59 -27 -98 81 -14 25 -52
69 -32 -70 48 -56 52 83 43 43 46 -24 60 -37 91 -32 98 73 17 -40 81 -10 -1 -99 74 -89 20 -41 -47 57 88 -35 2 -73 -84 -26 62 -76 99 64 29 42 -76 -75 -1 -54 87 -45 -83 11 15 58 -18 49 36 -12 -35 63 -35 -97 59 68 80 34 51 51 -32 94 26 -42 -41 -40 -13 63 -77 37 20 23 81 -60 6 -46 62 29 -66 82 18 -9 -79 14 77 67 74 -34 36 11 98 -32 -57 9 -69 26
-39 -92 61 28 -27 51 53 -72 -52 -92 30 -76 -33 47 25 48 -6 2 33 -54 57 -3 0 -53 -34 94 96 32 -23 27 -54 -82 81 -87 -7 13 54 -31 -28 48 -74 91 8 46 -5 40 -91 -72 -1 43 4 -46 64 -76 -48 -20 96 -3 88 25 31 70 -32 22 62 -73 -92 -15 73 -5 34 -3 1 93 47 53 -49 93 24 15 -17 -45 -86 -63 -21 -9 96 -10 -3 -23 15 24 31 4 32 53 -17 -26 75 87 -43
64 8 -34 15 -18 -43 -85 85 -70 64 -89 34 -46 -23 -38 -57 -20 -91 31 -60 51 9 -69 39 76 11 34 41 63 -87 70 -39 95 -6 -41 91 77 70 -54 19 -83 -2 14 8 4 -6 84 -30 -35 -89 -35 -12 -29 92 -8 -62 44 -91 -92 83 -45 -90 26 -82 -79 -41 -90 32 66 -40 66 49 15 -46 -38 -47 -43 -53 55 -17 -22 76 -53 -87 65 -92 -35 -92 -3 95 88 30 -1 20 -93 -12 -29 -27 75 92 -56
3 83 65 3 -71 -90 32 90 -99 -30 39 90 70 -16 30 -43 -91 -66 32 -11 -11 27 35 19 72 28 64 44 8 -69 -20 -49 51 34 -86 -35 72 -10 42 50 -97 38 26 24 100 86 -14 -7 95 70 -68 32 -40 -28 -28 24 -29 -13 -54 -34 21 -40 95 -63 -39 22 -65 29 -24 25 1 71 68 -75 -63 -47 26 -5 23 -79 -74 78 0 36 -49 -90 -20 -21 75 -20 36 87 -23 92 34 44 -32 -15 -11 -40 27
13 -19 -90 -20 69 14 23 27 38 14 -68 79 73 37 11 -97 6 90 22 64 12 16 23 44 -36 12 -83 67 -56 52 -39 -75 -47 -26 35 -7 -39 -94 34 -61 61 61 -72 26 -52 -20 -39 -1 -83 10 59 98 89 -28 -90 99 -93 -54 86 96 0 17 -9 -34 -14 -67 -42 32 -20 46 98 28 -43 6 -45 37 32 -87 83 83 16 -74 -28 100 75 64 -42 38 54 6 -24 32 -78 -21 -19 41 -58 62 -38 -79 7
4 -52 -43 -42 60 87 -76 45 -5 -40 -36 14 -52 -34 56 93 92 -13 -56 99 48 -74 78 -28 -86 46 -3 -7 -61 -65 91 85 5 -10 68 -19 -87 -42 -82 -36 -31 -87 -51 97 82 -53 75 98 -91 -13 -93 74 73 79 -27 -39 -50 -14 -95 -20 -80 46 -43 -96 -44 32 65 -3 -65 -26 54 36 -29 79 -32 77 86 -33 31 89 77 -24 -71 14 -54 -7 -75 -18 -44 -69 11 -36 14 -50 77 94 24 69 69 -13 66
68 -11 50 -11 32 -73 -68 40 -12 85 -100 -58 73 2 -29 -61 66 -44 -3 -33 76 92 -1 -92 -19 0 -52 51 23 -33 95 14 -82 79 49 -90 9 52 -40 94 -9 73 89 71 -86 -24 37 22 -80 51 -62 -87 75 -96 -10 -27 76 43 -66 94 -91 -57 -95 -43 82 7 -30 0 -13 -51 46 55 48 -17 22 21 -3 -27 95 74 -74 -88 78 -57 9 -70 -72 -59 -63 -20 46 -20 -9 49 96 49 -47 95 -53 21 -35
76 92 -68 -95 -99 80 72 -79 81 -11 -40 75 28 -19 -7 -89 -53 16 -3 -93 -55 -62 53 -67 -97 -30 -71 6 -55 -73 3 69 76 76 35 -25 -66 -43 -45 -12 -34 48 -85 -23 39 -65 -34 -56 98 -83 98 73 -81 74 31 28 26 32 77 53 3 -27 -74 10 99 -22 -71 -29 -32 59 74 21 -17 25 79 59 26 38 31 -5 -78 60 83 63 -29 58 86 -47 46 59 -28 -66 -59 -99 98 77 62 62 -82 18 -56
-50 68 87 28 92 -58 11 96 -6 -65 63 36 -73 -85 -70 29 82 2 -10 5 -25 -12 16 18 79 -2 -58 27 -84 -83 12 6 -23 -81 -40 82 86 34 40 -36 90 89 12 69 -26 -22 99 -14 -45 96 -29 -7 -62 26 44 26 9 -81 -3 52 -77 -73 76 -68 -41 1 36 -80 33 74 -35 -82 -93 100 37 28 41 83 -39 -92 -81 -87 55 -91 50 79 62 -25 -60 49 -54 66 -36 62 -89 -47 -28 -26 -98 -55 -52
100 -63 -62 -23 -94 -74 62 -61 42 -100 -31 -83 -66 -57 -70 -11 -38 28 -63 -1 40 21 -94 -32 -18 99 6 -9 -62 -14 -5 100 61 -55 -4 81 -29 52 33 -67 -39 -54 -10 52 -56 -100 -47 -75 55 60 -67 89 -39 -43 -78 65 -99 53 86 -73 58 4 71 -51 91 -89 54 -64 2 -44 -56 100 80 13 5 -43 -3 15 -96 62 -49 -12 19 -1 -95 -24 35 38 63 -84 -86 99 -87 -5 -32 28 -17 -98 -17 60 25
57 63 62 68 -60 -49 70 8 0 -32 -7 -18 -93 -58 75 87 -22 -69 75 -48 -8 -76 98 -62 -89 71 -76 18 -99 53 99 47 81 18 75 83 -36 21 -76 -40 32 -27 -70 14 42 4 25 -79 48 -26 -59 72 72 -89 77 4 99 -28 91 52 74 -94 10 -77 -95 4 -45 46 -62 -14 11 -82 -88 77 67 -93 26 96 10 88 -68 24 -65 -85 -64 -49 -87 32 -26 -34 46 -85 83 2 -51 1 -26 -12 -37 -73 16
-61 64 -49 -65 62 -89 -42 35 -55 37 85 -34 -28 -84 70 19 -95 -11 -22 -97 -60 21 98 84 -96 85 -1 -96 -53 -85 74 97 -78 -81 88 35 46 -56 24 72 93 0 -75 -29 38 77 21 71 -60 -93 -83 82 81 76 -33 -17 -34 -10 -62 97 4 34 -52 63 -1 -88 20 -25 88 76 26 77 18 -90 -53 47 4 17 35 31 67 59 -71 -76 -78 -30 -37 83 -28 -24 -67 62 -90 73 -17 75 72 -11 -91 -15 33
61 -72 -98 90 -23 88 31 36 -38 38 -25 -35 -59 8 -29 83 -45 -80 -65 79 -93 28 -52 58 -41 42 -68 -2 95 -10 27 60 85 23 2 -3 27 -84 21 -52 3 -70 91 -53 66 -65 76 41 91 -47 65 90 -49 -6 19 -86 -60 -35 -25 -24 -40 -46 78 -89 -84 74 53 70 -47 -28 87 -53 -70 -13 -15 10 -13 60 0 -28 24 2 -37 -77 -84 78 -65 -84 -59 66 -45 29 -42 -76 -22 0 84 -31 11 71 -72
-56 33 85 -7 -16 95 -46 87 37 -66 91 -64 63 -70 -28 -28 -65 67 74 79 -91 33 74 82 28 -35 -56 -31 -90 61 16 64 12 -98 52 51 13 62 -68 70 18 19 -27 62 -39 97 -21 -79 -33 -6 57 33 -75 -1 -37 -57 49 64 77 53 -58 8 -63 9 -62 19 62 69 92 59 85 90 -95 99 -95 -38 38 -8 -67 59 -90 -27 -52 35 -100 -6 -25 -61 -100 83 -8 32 100 5 -83 -35 -18 -16 -99 20 -31
15 22 95 22 0 26 -77 36 -26 44 -47 -31 31 -2 -98 85 15 -82 -76 26 52 -94 87 86 -36 63 -67 39 9 -4 -24 -100 -50 -62 34 -17 -11 11 -27 54 -93 -3 19 27 37 44 -46 -18 -80 17 64 -50 86 -25 -40 40 -42 -95 -55 -85 100 -10 -64 -44 51 87 66 75 41 -89 -70 -80 98 -67 50 -56 100 45 -79 -32 -98 -34 -9 72 -38 34 -57 80 -18 -23 84 1 87 -6 -56 15 60 70 -22 -63 5
51 -30 68 97 -65 91 -37 -32 23 -23 60 -92 64 -47 -100 82 -85 88 -93 -46 37 91 25 -64 50 -59 -55 91 -42 18 -44 98 -30 95 0 -72 48 -83 80 -43 16 23 -91 14 -26 -80 7 94 85 54 29 46 90 -64 31 -83 -93 -80 81 -48 -7 88 56 41 97 52 92 67 -89 37 11 18 30 86 53 -21 83 35 -55 38 -88 75 -36 19 -75 -17 -8 37 -5 100 -92 -26 29 11 -11 -93 14 19 -6 25 64
-28 -81 98 -49 92 -37 27 -13 -71 -51 96 -76 15 82 -16 -46 77 -63 46 72 -56 35 -9 3 0 9 32 -81 -54 -15 15 65 63 -57 89 -82 41 -13 22 49 -5 -95 -74 8 -59 -34 -32 -2 -14 -44 -88 -87 -56 -62 28 -24 19 -22 -77 36 63 76 -78 31 -9 36 -51 9 11 44 58 20 32 -40 -93 -71 -10 52 -56 34 -91 67 -98 -94 54 81 -100 -70 49 -12 8 58 9 39 79 22 -36 91 93 56 -74
95 67 -46 91 -38 -43 72 14 53 53 -5 35 73 5 -59 18 -99 78 87 -77 -82 58 69 -35 -34 -86 44 64 -19 89 -33 37 12 -66 70 -92 -27 10 -70 89 -57 91 -87 4 -35 -28 -83 83 -84 -76 0 14 56 89 -46 100 -59 54 -9 20 -30 -70 18 42 90 -64 44 -27 90 -29 28 70 -40 -10 -24 -95 74 -92 -94 -36 -100 45 -3 -67 -91 -34 23 41 80 -82 68 -30 -80 48 -86 -23 61 -75 13 77 -2
-43 13 36 17 39 85 79 39 94 -32 34 -30 -91 -26 93 -24 60 79 4 97 97 51 35 -57 -45 -35 79 95 -49 76 -74 -74 18 -85 -4 50 -51 5 45 44 -69 -18 44 -7 -31 27 -24 -86 13 12 -18 -66 97 6 -67 -66 -90 -90 -20 -62 -100 87 52 22 29 -38 41 7 41 22 -31 -51 -91 -27 -32 -33 95 -3 -55 -93 -30 57 100 -43 80 63 -98 -13 -72 -67 96 -42 -32 -88 40 25 -8 38 56 39 16
-19 -16 -60 -20 75 -1 8 -100 64 -23 77 92 9 -66 13 41 -78 -57 -95 -100 20 -20 -25 -16 -96 32 71 -83 -77 -94 -99 -14 -2 69 -53 -38 43 -52 -28 57 70 -49 87 34 58 -64 -22 36 13 -4 -17 -94 -65 -85 22 -91 -29 -90 -91 54 91 8 25 4 -24 89 -2 -23 -66 75 -56 19 -94 6 35 84 94 -31 -49 84 40 6 42 62 40 62 -57 -31 11 -25 -13 -94 -41 -16 69 -32 -89 -37 -22 -64 14
69 30 72 69 -11 24 3 -52 7 -23 -25 -55 -97 -49 -92 -90 -65 80 -78 61 79 -71 87 -67 81 59 76 -84 28 -29 -22 -79 70 44 0 -64 59 -6 -60 83 -27 29 -41 -15 17 50 -50 -8 -52 -85 59 74 -8 19 98 -41 18 91 14 -88 -24 -89 90 86 51 12 76 -21 -60 9 -33 12 -60 -98 -55 34 -44 -57 36 62 -54 -71 90 95 98 7 55 -18 66 66 -15 93 1 -16 -11 -99 -26 43 52 -67 36
92 5 2 -43 -42 -41 -79 46 18 -56 73 -37 82 90 -85 -39 0 -35 32 75 28 -35 39 -49 -17 -55 52 29 62 75 -52 87 -51 62 -15 -61 15 -27 -91 60 3 29 43 20 -65 60 30 28 -67 92 56 -17 -33 -17 -85 57 13 0 -41 66 -39 -69 81 53 31 -61 10 80 -36 -100 86 -17 1 81 -12 62 19 -12 -55 -16 70 36 86 49 94 58 -92 98 75 -53 -62 55 -79 55 -21 -15 -16 -87 15 16 -36
-80 88 -51 67 -68 64 -10 -52 81 78 59 7 -87 -1 -100 -71 -1 13 -95 63 -80 61 9 92 58 45 40 69 57 48 9 -36 -25 30 4 37 -69 56 49 93 26 53 93 -67 -85 -47 97 -46 -90 68 -7 5 47 22 68 76 -56 -69 47 -83 82 -29 -7 71 67 -20 -10 -47 16 59 -74 53 -71 -33 -55 -24 -21 76 75 4 -46 -28 -50 70 53 66 47 18 37 -28 -47 79 84 20 90 -80 92 91 -43 29 -21
