89 -12 65 -16 -24 63 82 -46 2 -78 4 -8 -33 -84 -8 -13 -21 -53 -32 77 -94 73 -49 -48 89 -69 -25 83 69 52 -24 -45 50 87 -60 -8 -16 -12 57 -16 -36 -4 18 50 31 -20 -97 -36 -9 -94 -25 -70 14 80 21 -8 -5 24 85 -78 -79 -65 -36 28 -86 -79 -3 84 -93 -12 -86 -49 -37 44 -34 58 32 8 -20 59 38 -5 6 -57 -74 86 88 -62 -12 -80 -51 -14 -53 -42 30 -16 81 -64 72 -28 -86
-28 -19 65 43 81 49 -31 86 72 74 -36 -81 90 6 58 16 -27 64 90 85 48 -71 -97 -38 50 -46 15 44 21 35 67 -70 -46 26 4 -89 -51 -4 -10 92 -13 99 23 38 -43 99 54 -90 -74 -90 77 32 14 -4 -82 -14 90 52 5 87 94 25 -47 90 -56 -3 49 25 84 -62 -7 -21 53 -79 62 60 51 88 26 -89 -33 -26 -41 90 53 0 5 55 22 27 40 -59 74 -49 -20 -76 69 -74 25 -98 -91
34 25 -26 -53 -17 -50 27 39 11 -27 -80 50 -6 -98 -4 -78 87 -77 58 4 53 89 25 -74 -23 21 40 97 99 -30 -63 70 -87 81 0 70 -100 86 -38 -84 100 15 43 -98 46 74 85 -80 32 13 7 55 3 -16 -72 -92 14 31 96 -93 -33 84 47 -67 -27 84 -66 -15 73 -70 -49 -47 75 -53 -93 -78 -56 -5 67 63 15 -19 88 20 -22 95 -50 -80 73 21 -72 52 74 83 94 -7 -14 -50 -7 44 41
-45 24 95 35 29 99 50 -50 16 -47 95 70 -5 55 -7 -56 72 -63 -34 39 53 28 37 -64 37 -95 48 44 19 81 3 12 -78 -75 20 50 94 32 48 -8 -89 -86 94 -46 -45 72 54 24 90 -63 -56 36 26 -67 -48 73 4 -54 74 -34 -60 -15 44 -77 -64 -64 83 91 -67 12 22 73 83 -91 -40 73 -28 52 -34 9 -21 -43 -40 -69 58 -11 -32 -37 -21 27 -100 62 16 -100 41 -24 94 -77 -52 14 96
1 -43 -68 -37 86 -64 -20 44 -73 -62 -15 -92 -86 74 -99 65 -69 -50 0 -41 93 -56 36 -61 -60 -81 94 12 -29 -13 88 50 -8 -88 43 33 -80 1 -55 2 -36 14 -6 -42 40 3 63 28 -82 -15 -4 50 -40 93 -68 -29 -36 47 -1 88 93 64 47 58 -38 -63 60 -71 43 -75 -37 -64 34 -19 98 85 22 46 -8 40 58 -64 95 99 -72 -1 57 34 88 -74 -91 -43 31 -97 -88 -90 -31 -76 -94 54 58
97 29 -49 26 76 40 -84 -66 68 31 -95 -68 9 4 80 56 88 -53 -19 14 30 69 68 -87 24 -76 96 35 6 9 -23 -80 28 47 68 34 -24 67 37 -27 -25 -94 -61 66 34 -14 29 -90 -71 -31 3 11 -50 -40 76 47 1 -22 -22 -64 68 11 -53 11 -89 18 56 73 -63 -30 85 72 64 -17 26 -97 57 -32 -24 -97 -51 -88 -81 91 -11 -38 86 -41 49 -70 -24 16 71 81 -24 22 37 40 79 -22 -95
-69 -74 -59 -15 -26 59 59 69 32 -77 45 -2 40 6 -8 -71 -80 -82 55 -16 97 47 -68 11 -88 73 -3 -42 -77 -21 8 51 98 31 75 -36 -100 -90 24 -99 67 52 -57 -32 -34 -80 -90 77 -66 -20 -21 99 21 22 -87 -53 -90 43 16 28 42 -28 10 -19 -28 97 -93 -23 -13 -47 -58 23 -55 -74 -62 88 -76 -70 27 -31 -67 76 -100 -55 20 -54 -62 91 47 -86 82 -49 -78 -5 30 41 -34 -29 78 -3 67
-40 71 19 31 64 83 -26 56 21 41 -77 -81 -18 -28 1 72 -56 17 2 11 52 -95 -37 53 -77 -24 -19 60 24 35 53 92 -59 86 79 11 48 25 38 -10 76 15 -95 -70 -18 -24 -96 -80 -100 -7 48 40 -88 -2 -95 25 82 -34 -11 66 -4 71 5 -52 -78 99 32 -98 -81 -68 0 48 62 85 0 -2 42 -89 51 89 81 9 20 83 -78 -42 -39 -28 -51 -88 95 71 36 -86 -81 -28 38 -44 95 -42 -44
-52 -82 -73 -13 -11 79 -40 81 86 -32 -5 15 72 60 2 54 16 46 -89 99 -56 -93 7 51 57 37 93 -79 -11 31 -4 39 100 31 -31 -50 -92 -23 66 2 -91 -2 42 8 74 -62 11 38 -47 23 -22 -49 42 -70 46 -62 69 -82 38 -100 80 -66 71 32 -17 -18 70 100 -70 57 -72 91 -64 -87 56 -18 -22 28 -95 79 -55 -14 56 17 -60 -6 -73 -84 -72 -70 37 -57 -71 19 -78 27 90 28 57 -55 90
71 18 -57 -20 31 -50 91 -87 -35 83 18 63 28 -93 -88 -67 -19 -78 -100 26 71 0 -14 99 75 -12 72 0 -66 -82 -43 79 -78 41 -2 22 -63 -95 16 -38 -69 -94 80 -39 82 24 84 61 52 12 27 88 -49 -2 64 88 15 76 27 -21 -10 -14 -80 12 -6 -74 81 -53 62 -60 -30 67 34 18 99 -75 -8 81 -35 -4 -61 35 -66 -65 5 68 80 18 -3 67 -100 -68 -96 -63 80 -3 30 -84 63 -10 76
-42 -26 -55 19 16 93 -75 78 -65 73 65 24 14 62 -74 -95 -42 79 -59 76 -33 30 33 8 87 34 45 -97 -70 -51 71 64 -5 -7 40 56 -71 -42 -100 27 15 73 51 -52 -40 48 -95 -32 -84 56 31 -21 67 -42 -80 -80 -94 -10 -72 -13 -49 86 -34 -95 -4 -22 41 -99 70 -100 20 0 21 55 -92 77 -53 -76 -24 1 -75 57 -90 25 36 -46 97 -66 3 -37 -26 -61 -4 5 10 24 44 -98 -40 90 34
54 20 -61 -66 -73 85 -17 -68 29 -65 51 15 -29 -81 4 -20 -26 -60 44 -24 -52 44 65 84 -63 -27 65 66 -99 36 -78 -93 42 41 -50 88 40 -41 -20 -23 34 -49 -22 -25 98 51 -27 -12 -85 55 -9 -2 77 26 -92 -63 91 43 -6 -80 -31 0 -42 24 -34 -86 -96 -92 -23 37 35 42 -3 89 -49 -9 21 26 -52 78 -91 72 -55 -20 6 -55 76 100 -48 48 -28 -24 -56 65 98 -28 51 -25 47 97 58
96 49 74 -79 -79 10 70 -71 44 -57 90 -29 -51 -36 -59 -47 -77 -55 27 74 -1 -43 -19 24 83 -8 35 -86 55 -40 -64 33 -51 63 45 18 84 88 31 49 72 -69 63 63 98 -98 -48 -90 94 90 -25 76 -86 24 21 9 -39 -84 10 71 -60 97 -57 95 51 95 -75 59 -11 84 -90 -98 -54 -56 -86 3 -2 -62 84 -53 -83 10 59 9 11 -75 18 72 -98 28 37 82 -89 29 -5 -40 27 64 -33 36 2
67 -86 83 29 -71 -9 -76 -37 82 70 53 47 0 -70 35 -68 18 -3 -14 -8 -34 89 -8 64 -65 30 -84 67 -59 44 -1 19 -14 -71 -35 -73 -62 15 48 77 43 -83 54 88 -51 -28 -13 25 -27 -3 -50 7 -24 66 87 -42 69 37 52 -70 -29 -74 -96 -37 -74 48 -13 41 89 -19 -10 -9 29 95 31 44 64 55 -32 30 -48 92 75 -19 -12 -63 -26 -62 51 -21 -34 -54 -16 78 -90 83 3 68 41 99 46
-7 56 -9 35 -47 35 -19 -3 -25 -13 99 65 11 5 -40 18 -61 -21 -9 -77 -31 16 -65 -33 52 100 58 -19 -79 20 -86 -79 46 53 -98 19 23 30 20 -17 39 18 -10 72 -43 7 42 17 -24 22 34 93 -83 -21 37 -46 56 -1 -27 57 85 -23 14 -88 32 84 95 -2 -66 88 7 -31 1 -47 73 26 98 -22 3 62 -24 -49 -70 -19 12 5 32 16 -99 -88 28 -8 99 85 -75 13 77 -42 -68 5 -69
-63 18 -95 -23 -59 50 31 86 84 51 -19 79 15 -75 -79 3 -2 92 59 -94 51 -10 98 14 -28 39 77 65 5 -91 74 13 -80 -12 2 -8 -98 -29 -16 -44 76 -31 -86 -24 -66 82 47 -27 67 62 -19 44 35 95 62 -30 57 -29 30 -24 82 33 16 69 63 -87 -66 -39 67 36 -52 -20 7 95 8 -16 62 -93 42 17 55 -35 21 77 -25 -32 -15 8 30 26 -18 90 -56 -2 -4 63 86 -92 63 2 59
17 61 -70 2 79 56 14 -57 -76 47 -96 -62 -90 -65 -33 49 -19 -52 81 -41 97 50 -37 -34 -96 32 25 56 -35 95 77 20 -29 10 -14 -44 62 56 -21 -88 -32 -100 -17 47 8 7 -34 -69 60 -18 -93 97 -47 44 13 -17 14 92 -22 -36 -89 -35 -50 51 -34 -1 -2 100 68 -37 -4 35 78 -20 -54 20 46 -58 72 82 -38 17 -99 92 15 23 -42 -83 -77 59 -62 -54 26 19 -32 97 -83 77 39 30 61
-41 -14 62 55 -27 18 -84 -40 46 -93 -70 69 -4 17 -100 15 71 41 -22 -24 -32 50 -83 -26 36 5 -52 64 32 89 30 -78 -55 -19 -27 -28 74 -37 61 38 -31 28 -97 -96 -28 77 -59 -71 71 -87 58 0 -11 97 -18 -84 14 -18 -70 -96 -34 -38 -73 73 -72 -79 71 -91 -83 -18 66 94 55 -78 -72 -49 9 31 -68 36 61 9 -75 -90 95 81 -100 17 -35 95 -68 80 63 -71 95 36 -5 85 50 26 1
35 -90 26 10 56 -56 -10 -87 0 9 44 -95 -47 -98 -89 41 28 26 0 79 -51 -72 81 -13 -39 -84 70 -38 69 -74 92 -19 -82 -60 68 23 78 63 99 85 90 -3 75 35 -97 -64 44 12 61 68 -61 -25 -15 77 -48 -68 -52 -40 -64 41 -79 12 39 55 -66 86 -70 23 25 -68 54 -54 82 -66 65 -56 -52 -93 -5 -58 -22 87 -5 -67 -27 -3 79 -96 -44 -6 -52 84 -49 -96 -7 -44 -100 -98 68 42 -27
-2 10 83 -48 6 68 -51 28 84 64 -36 25 13 -74 77 67 0 85 -82 72 68 44 -53 -66 57 23 -30 -46 23 94 92 3 -84 83 89 56 -76 -20 -99 -51 38 45 -12 6 -89 -82 67 3 -94 32 -45 38 36 -14 -54 91 64 -71 50 -28 27 43 67 -100 15 -15 -23 45 10 46 41 85 67 -22 8 -83 -77 -12 38 83 -93 -25 -37 -67 -87 -89 35 62 -79 82 -73 89 -87 1 -33 -36 54 -17 63 53 -48
-22 34 -75 77 67 -70 60 -34 45 -9 79 46 -35 -93 90 -4 79 -97 73 -19 -23 -28 48 79 -20 -29 -37 -53 93 -79 -13 21 -47 -39 92 91 -8 -88 -17 -64 -59 67 -20 -30 58 -15 -100 92 63 -66 -10 -74 -82 96 -7 -2 -28 -68 -50 -71 -67 56 -72 -2 11 -59 4 -30 -49 -46 -94 82 -15 -76 -22 82 -67 71 -13 67 7 38 11 -24 -64 31 72 -51 83 23 -39 -61 29 -100 87 -82 -98 -48 -53 20 74
-50 -82 87 96 11 -84 26 96 17 -77 41 16 64 56 72 96 -44 86 3 -32 85 -43 46 -76 -34 30 73 -26 -72 36 -8 -92 66 -77 -77 -84 22 26 -84 28 25 28 60 82 -30 11 -80 -5 66 -78 92 -38 23 -38 33 -66 88 67 -21 44 89 -15 -1 -60 -94 -86 -7 7 -68 10 4 59 -65 69 -79 -98 -13 -97 -13 70 60 -50 -100 -23 0 55 -57 -67 -99 89 -80 33 92 -90 81 11 -88 91 82 37 -79
7 -46 68 85 85 -62 45 -29 78 -81 91 -29 -72 -99 66 -33 76 -92 -42 95 1 -95 58 -6 22 75 -3 33 91 -34 -38 -57 87 -5 34 -49 50 47 -65 -47 84 11 55 25 -66 -39 76 21 51 -15 73 86 73 -45 -96 4 -87 -41 -37 -14 -44 -17 -28 -34 8 96 -50 61 12 -65 48 -8 -84 57 -85 -16 -70 -57 -46 -68 -95 59 -26 12 83 74 12 -70 19 -5 -94 46 39 56 -24 -12 -6 -94 -47 67 88
-57 -75 -32 -60 -58 -60 -7 93 86 -74 74 -19 -79 -14 67 -30 36 -20 21 -46 6 -63 36 10 -41 26 44 100 20 59 -57 -2 -21 12 -99 55 -55 15 -15 34 -15 53 -54 64 84 24 -8 -46 -43 19 -16 -26 -75 -81 7 78 -2 -51 -46 -4 89 61 -10 14 81 55 -6 10 -45 -5 -57 2 84 -76 -17 28 -7 98 4 23 8 -38 -97 93 46 -18 2 61 -70 -59 88 -38 -96 9 -78 80 -46 5 29 -54 -67
37 -29 35 90 -64 -90 31 -78 8 -51 -7 -49 74 -66 -74 97 -70 -36 33 48 0 47 29 87 -87 -83 -18 64 21 83 -33 -96 -37 83 98 2 23 -82 67 -12 -23 -6 -60 67 -51 -60 93 -43 -52 -62 53 -85 -37 -23 -58 30 -2 14 91 32 27 38 -46 -70 19 85 -60 66 38 -95 -76 61 -30 57 25 8 58 -95 -96 -68 -85 -40 -98 -39 -47 -83 -37 59 -12 -82 52 95 73 -1 -99 85 12 72 50 -37 80
-4 -52 32 99 -79 -82 53 95 -10 27 -51 93 -8 -99 -73 -69 98 -56 -82 16 32 26 54 -9 35 71 -20 -7 -93 -54 90 -21 78 83 19 67 -15 42 -64 -60 54 -32 42 -58 62 100 -68 61 55 -91 -90 82 28 -30 22 -11 -60 -9 -90 59 -3 7 85 75 -77 -2 97 -18 25 47 -33 90 -53 -27 50 -5 57 -18 67 64 96 100 41 -37 -26 -43 73 19 10 -4 -83 17 31 87 43 40 -37 -97 -82 -75 -39
13 -64 -28 -82 -91 -54 -10 32 -99 -94 60 -62 -37 -54 -82 99 91 13 -67 82 -66 32 -51 8 -23 99 24 80 46 90 15 -74 -94 -65 -35 81 20 -44 83 98 49 -51 55 15 -62 54 -17 29 4 -27 -64 81 11 -44 -44 -59 46 -59 -86 -3 13 32 -88 -95 -93 -80 -38 -96 12 88 -48 -99 -1 0 -17 56 97 4 73 -45 -24 67 -94 -97 -9 92 -92 36 -89 71 -9 -56 20 -2 -30 -61 -29 78 -52 72 58
48 37 -8 -2 -55 -77 -98 -43 80 89 -95 -64 -56 30 91 91 -99 -4 56 39 84 19 85 76 -32 -70 86 35 36 -37 -28 6 62 98 29 -23 -86 43 20 -10 -40 -1 -34 11 -49 -20 18 -22 84 -56 -46 -48 51 2 74 -91 31 -5 64 -83 -67 73 43 -92 -91 51 96 9 -54 29 -91 -76 -51 -22 -35 -46 -49 -29 61 -100 -51 -20 86 24 25 -11 9 62 -72 62 -56 18 32 -7 61 -93 26 31 84 -34 -39
12 24 -3 -56 77 -10 74 72 -88 -55 57 -65 -79 46 -90 67 73 86 -22 -32 -3 -33 -46 -98 94 -89 -73 -78 -70 -3 95 -57 -5 -1 -65 -53 -30 -3 5 -70 -1 80 -66 4 97 -25 -35 -4 -60 -79 -56 24 -6 -48 58 3 -100 -62 87 69 24 46 -7 -29 84 -26 -95 62 21 97 95 -77 -72 -22 31 84 46 71 39 -55 -91 -69 -75 68 -3 -34 6 9 30 12 36 61 -2 48 80 85 81 72 40 4 86
62 37 31 -7 60 -80 92 53 2 10 -52 45 81 -6 -44 24 -78 -31 -42 54 52 61 -5 93 63 -53 33 100 -82 -29 16 33 -100 4 -33 -53 65 63 -35 -58 61 -59 -12 23 -32 -53 -38 -63 -83 62 54 80 -1 -13 -23 28 26 -28 20 70 87 -27 -47 -2 2 -36 -93 5 -56 -70 4 -1 -15 97 98 -3 -99 62 36 -17 12 -17 -51 95 -31 19 44 -61 98 -48 20 20 -90 -25 94 -74 -59 75 75 89 -62
59 84 -95 62 61 -54 -11 46 -22 -95 -40 -79 -55 -44 43 -28 15 34 85 46 -94 -82 27 74 -30 -77 64 -17 94 41 60 -14 -98 67 -14 -16 -28 -46 -82 81 31 -9 68 -7 -38 56 18 37 39 20 -29 -81 39 75 39 46 -42 -23 -16 -87 -11 32 87 29 -55 -35 -80 -29 53 61 31 42 -59 -84 43 -25 -86 63 61 -51 -78 -86 48 -74 -6 48 -95 -26 -89 -11 -63 1 -71 -23 90 61 -62 -19 -91 51 66
-8 -56 -8 -79 70 47 -72 -20 -52 95 -9 58 -29 78 1 -38 86 -85 -65 -87 -92 -48 53 -46 -5 -58 77 -26 68 75 99 -12 -58 -14 98 -93 -14 -51 -52 -66 51 14 -10 -16 -70 -34 -37 -40 -43 -19 -19 -96 -23 89 23 -44 -98 7 -99 -93 -85 67 47 -79 38 -87 47 17 -33 -58 -55 52 30 -22 60 95 80 60 -4 -14 -38 -18 -90 4 -65 24 -84 81 23 49 -38 -64 72 73 -35 90 -1 -47 -54 -29 7
16 5 -97 3 30 -87 -78 78 38 -89 -28 2 -20 -26 -17 27 -27 57 -47 2 -72 -82 -21 89 -33 24 26 -4 27 97 46 -6 86 -35 -61 87 38 -22 62 99 13 40 -30 -43 -67 54 41 -47 26 -5 10 47 -55 -83 97 -80 -34 -34 -54 -70 23 -63 4 4 -15 3 -36 4 -33 76 13 -91 67 47 -51 72 12 -3 -56 94 -72 -90 4 47 -76 -25 45 66 48 41 8 57 -18 60 91 15 -38 -20 -22 4 -38
-94 -46 38 -11 -28 -92 25 64 -35 64 59 20 -77 -10 23 15 84 96 22 -8 -66 79 34 14 44 -5 -96 85 28 5 87 61 -44 -72 -93 -80 -44 83 10 23 8 -99 47 -70 86 28 -53 -28 25 -3 59 -74 -29 -94 41 -74 74 -44 57 73 46 -40 77 52 -10 -47 97 -68 -1 16 8 64 -27 88 -27 68 -53 93 -27 -73 15 -29 70 77 -91 -41 35 -3 -40 -45 24 78 -43 37 -87 -40 53 75 -22 -63 -75
42 50 -59 27 -56 -94 55 -54 59 -52 60 -8 -72 76 -34 32 36 -79 -29 -25 -64 -27 -66 -5 -62 -21 84 -85 -49 93 68 77 -41 -69 -47 100 -21 93 33 74 -80 -84 -46 25 48 -28 -15 82 -53 92 9 -45 86 91 98 -60 53 43 -30 -16 81 28 24 -27 54 -96 -72 -78 -86 -70 -81 94 -61 -16 -21 32 64 -23 48 -25 -40 49 -26 95 18 -27 -88 12 -85 -45 -51 -17 99 49 23 99 79 59 -5 35 -12
18 -71 13 85 -95 -92 65 -73 26 -50 11 46 89 -76 21 -41 85 72 -34 92 -62 -72 -7 -2 -7 -78 99 -91 -85 9 -59 81 -93 52 91 100 -89 79 -55 -62 60 43 28 69 -25 94 21 37 -30 -41 5 -1 -37 63 91 -93 -30 -67 -68 56 -42 75 49 -55 -83 43 -10 -22 -40 -40 -4 65 13 36 -43 99 55 5 -23 -43 -57 -2 -52 -56 -29 -17 50 -99 -67 45 40 81 -16 50 -92 56 -52 51 -64 58 64
-13 17 6 -51 -41 37 20 -84 47 -88 92 31 -58 69 -44 47 25 21 -7 -7 -21 31 30 -49 39 -34 54 54 -36 79 40 52 47 -70 20 50 -65 -51 -10 94 -26 -68 -60 -53 86 89 -5 -47 42 -69 28 -21 83 -70 -3 -92 -55 3 12 40 79 59 10 -86 -72 20 71 -20 80 -80 -1 8 69 -26 -85 -10 -24 44 -74 18 40 33 -5 75 85 -19 -81 -7 76 -51 -91 -7 -91 -39 15 -25 -35 -93 31 -66 -8
69 -22 -94 -25 3 39 -97 -20 35 89 -63 89 -47 -53 23 1 0 61 -56 72 -50 74 67 73 -76 -11 21 59 50 95 -100 48 -78 4 55 -26 -33 -80 -58 -21 -52 10 -89 93 95 79 37 80 46 -66 -1 -65 -99 99 100 -80 90 -81 -35 -94 44 13 -42 61 -71 -30 17 23 69 78 -3 87 -51 -30 80 -38 2 66 82 55 -74 -78 13 -96 -98 -99 91 -68 -69 -46 76 -6 89 4 42 -41 34 -100 -76 -20 55
88 61 2 -28 40 -7 -30 71 -83 96 37 77 -94 -18 97 -89 54 -16 -76 -26 -73 43 -97 -72 -98 99 -36 -98 65 -25 43 71 32 73 67 -30 -58 37 -17 -29 -14 -4 21 85 -45 46 -30 -65 45 -71 -76 -57 -32 -50 -92 -52 35 -54 51 -30 19 89 35 -39 52 72 96 70 47 -57 84 19 83 82 31 87 12 88 -38 98 3 57 -15 -64 20 66 -37 -25 -26 22 -22 75 77 59 41 -4 -43 -66 32 -37 -46
7 -10 8 1 61 85 3 3 -27 84 60 -80 -99 -39 -32 78 -65 19 -75 86 -67 18 -20 85 6 -99 -6 36 1 -39 -18 78 84 -70 83 -27 -87 98 -6 -64 -4 -71 -55 -94 -30 -15 -28 -61 -74 41 -17 91 91 -66 -37 69 -63 -18 43 73 -49 36 73 -80 75 -71 -34 -25 -42 -33 -1 -34 -90 -39 5 59 -74 -63 10 -5 -94 53 -23 66 71 92 -42 100 22 -11 -39 74 79 64 -41 -16 7 18 -84 0 66
-14 -62 -41 53 -26 -38 -57 -83 17 -2 -94 -28 -81 -59 97 67 -23 70 -43 -25 -20 -47 59 82 89 9 27 99 48 -15 -11 13 -93 -83 -26 -80 -16 80 -74 37 -71 -100 52 -27 -39 84 -66 -69 82 37 -10 -12 61 -71 -86 -32 64 -31 85 -34 -99 87 -59 -79 5 46 80 -12 -10 26 -9 -27 -79 38 6 -69 96 -3 13 -4 36 4 99 -61 -16 19 -7 -27 18 14 -14 94 -2 22 73 80 -90 -45 -84 -36 25
-56 18 91 -100 20 53 51 -97 -98 -4 36 -98 30 -63 -55 3 74 -26 -45 -44 91 54 70 98 -95 -65 67 -84 -15 -96 -96 36 37 -17 90 -15 21 56 -90 -94 -30 -15 39 27 -19 -32 -9 -44 -42 -50 67 -12 -24 -91 88 76 -54 80 44 -53 76 -51 8 10 0 87 60 -88 -13 11 -63 -48 100 88 -40 45 -25 8 -55 87 62 -10 62 -41 -39 86 -98 23 81 44 26 -28 -58 -60 -97 -25 -2 -87 2 -87 48
9 42 -46 1 -37 -92 88 -100 -12 -42 -79 -59 19 11 -77 99 43 -12 63 24 -62 47 59 -78 31 -59 -80 -95 29 59 48 23 -30 -88 83 19 -49 26 80 39 -19 -63 -66 51 56 52 95 -61 89 20 45 75 -49 -44 40 45 62 -40 -37 -94 88 89 -48 63 82 -2 71 0 83 -37 14 -65 79 -25 -47 -100 57 91 -47 82 31 -60 7 38 -19 -79 -57 -59 68 39 -22 97 17 -38 78 -90 -10 -84 83 -56 -95
-95 8 87 46 80 -25 -84 32 -82 -45 72 1 -77 45 29 -75 54 87 -82 86 -65 -3 20 39 36 0 -9 96 73 -96 -55 55 1 -61 58 -90 47 -48 -17 -20 -65 92 -42 52 52 -2 -74 94 -98 13 -3 -86 -51 43 -89 91 91 33 45 27 -22 50 -92 19 -67 -68 -36 93 16 -13 -78 -51 -83 -53 25 -47 -38 -69 65 17 -12 24 -66 -46 87 -64 -20 67 25 21 84 -74 53 91 7 96 -24 -58 11 -54 76
64 -84 -12 18 -6 -50 -49 -65 -6 1 -3 66 74 -19 -73 -23 19 95 73 -86 -88 86 -34 38 4 -99 16 -84 43 52 61 -51 -16 -81 -53 97 85 4 73 -35 -2 -55 -89 98 -79 10 96 34 -65 87 11 93 -1 -62 -68 7 -61 -43 9 -91 74 8 -51 -61 -55 -56 91 -83 29 36 -68 92 -9 54 34 -9 45 -86 33 -10 -92 20 70 2 54 90 39 -74 64 -28 -69 55 2 9 -29 1 1 -92 34 75 -80
12 -93 50 -5 -64 -54 30 51 -10 -84 -73 89 -37 23 -58 65 -93 -49 -65 -17 -86 -46 57 -57 -47 -87 -100 -17 67 61 28 -13 22 23 20 13 30 -62 12 -30 -66 8 -75 -56 -67 -31 29 -73 57 -23 27 72 35 -2 -10 -7 -20 100 -12 8 -80 -34 64 45 -55 -83 8 22 -3 -88 69 31 -18 85 -96 -41 85 -40 52 47 -27 -82 98 -82 -56 30 6 -44 -44 11 25 -19 27 -77 72 -2 78 -45 -48 20 80
-26 -8 -26 -61 -64 39 35 68 -16 14 -48 27 31 41 -61 29 -75 -93 89 -81 -86 42 -8 4 16 70 38 55 -3 98 -68 -53 -5 48 -59 53 76 -5 -49 -34 -35 -68 -63 -66 -69 -49 -56 22 44 -68 -19 -19 -57 -54 -68 -51 -7 -29 -74 -6 40 0 -96 68 -43 31 23 -90 90 10 38 -76 -90 -39 62 -72 71 23 81 3 8 63 94 -82 -16 -83 85 -5 -23 -38 -57 14 32 -47 -68 68 -70 -84 -38 31 37
75 -92 100 77 6 19 -86 77 76 -96 65 -26 65 -73 26 -89 -21 -46 -61 -100 -63 22 -6 46 4 29 -47 62 66 39 -64 76 27 12 -79 80 -60 54 -24 44 -46 -56 64 10 -96 60 -60 -48 -36 26 -6 0 2 -79 -6 -79 -68 -73 -2 20 84 -10 85 -95 -65 -22 -45 -80 -56 -77 14 54 74 -45 -59 -42 75 19 -74 -4 70 97 -55 11 27 -89 -46 -16 4 -84 -7 -94 -2 59 99 -15 -32 -98 -98 6 62
69 52 7 12 -93 66 80 4 -14 -98 80 36 -98 19 -74 -46 8 -77 23 81 78 24 71 69 19 -58 37 -73 -18 -32 85 -50 -46 -99 -100 2 -20 10 -60 29 -61 -48 -78 -90 57 29 -62 -3 46 -100 -65 -82 -70 24 -60 97 98 -75 33 -76 -28 63 19 -55 -89 2 -100 -52 75 54 40 -22 -97 -92 32 -10 10 37 79 13 17 51 -63 -1 31 -9 -52 -10 -97 55 90 31 48 52 85 -17 -67 -38 19 -52 -82
-91 -50 25 -54 -19 -91 77 -53 -99 52 11 30 69 -77 43 33 -69 -8 74 -94 44 29 91 -14 56 70 63 -82 72 -54 10 46 6 -50 -42 28 11 61 43 -4 -95 54 76 88 0 -42 51 37 -14 -52 -27 -1 -75 -48 -33 56 34 1 49 46 -86 -65 69 -34 70 36 26 59 10 13 33 -88 63 -8 50 -71 86 -18 -73 -44 3 -81 39 7 40 -25 -42 -86 20 -53 16 -17 -45 -69 -78 88 11 -16 51 -14 -43
90 -57 -9 -81 -83 -25 -11 -31 -70 9 44 -64 -27 8 -54 -7 75 -36 20 -55 4 -89 -14 95 -64 90 77 81 -95 -95 94 67 -37 -25 9 93 -5 -96 98 -48 -76 -8 -19 2 -19 -23 -68 34 -84 29 71 35 -86 -84 -43 39 -18 -96 -51 -35 -4 -66 -100 48 -52 76 -11 13 14 20 54 59 65 87 -50 -35 88 -82 77 -12 16 -38 76 -80 -96 95 34 32 -64 -55 -96 -45 -75 4 88 31 -48 49 -66 89 72
-4 -93 -96 51 73 -51 25 -10 0 58 -14 -42 78 71 29 -1 -56 -22 48 49 -65 -11 -24 59 76 80 97 -84 8 68 -91 -83 2 50 12 -44 85 -42 76 -51 4 76 34 48 11 1 70 34 -51 -49 58 -29 33 -71 -76 -31 90 17 70 -55 -92 11 81 98 14 -44 -41 92 38 -13 -89 100 76 97 25 -57 -39 -34 -62 -59 -31 -39 -90 -95 -24 33 -57 39 -90 86 80 33 -42 -55 -98 0 48 -93 49 26 -36
90 96 -63 53 63 7 -84 -61 63 66 -38 -58 -47 -9 35 86 22 93 13 54 -34 -98 93 16 19 -39 -32 59 30 62 -37 31 43 -24 -92 -66 3 59 95 -69 94 -20 -16 -33 -16 68 -54 6 -32 -54 98 -77 -68 9 -56 92 36 -41 -31 -71 56 66 21 -1 96 -20 92 43 62 -24 -11 44 -81 20 -38 -22 -32 76 93 -33 -78 37 20 -79 -42 -20 -16 -42 49 -12 44 79 -30 50 28 50 44 -84 -15 80 -55
-97 62 -6 95 -90 -76 98 71 84 -80 81 47 10 74 69 67 -99 58 86 -17 -80 -98 -53 -74 -81 -43 44 13 -32 62 26 -19 -26 -47 10 -55 42 14 96 23 60 -74 -73 -71 32 12 -16 79 38 2 -94 62 -33 46 -65 84 -11 69 30 77 31 -25 -57 -42 -1 80 -62 22 73 24 27 -48 72 -29 -74 -96 63 84 -11 83 -1 -3 63 -26 -26 -77 68 -76 96 4 81 50 80 -3 -26 -53 -60 -58 -55 41 85
-27 -13 -9 -76 61 21 59 -30 74 61 -69 31 36 8 -58 90 28 -12 -91 -19 1 4 -58 -68 39 50 -94 -53 92 28 -34 -90 3 44 -60 81 37 -52 -82 0 -23 -16 -80 -60 41 -71 -17 -53 -1 -94 -44 -20 5 -23 -33 -47 -24 43 -64 70 -43 46 -99 -23 31 -97 60 -10 31 -71 0 -39 48 12 28 -31 -22 -63 -85 -20 40 93 -29 82 70 -71 -93 11 -85 57 95 32 -19 -79 86 -38 -87 -86 91 69 -75
-49 -6 -75 25 -57 -97 -92 57 96 27 -27 -27 -58 -40 56 59 -2 -44 84 52 88 45 -50 13 67 -75 38 -24 -35 -54 22 32 5 51 -26 -62 60 -49 -80 -41 -28 22 -63 14 51 -42 65 80 -92 32 -78 -33 46 8 76 39 10 -78 -73 -62 42 56 6 -38 5 -31 49 -20 71 97 -31 -83 76 -61 -4 -50 -26 -93 5 19 40 -22 84 90 -27 22 52 -74 -33 37 36 85 16 -74 42 52 -4 80 -92 96 51
-94 19 -59 85 -1 -31 21 -11 -88 -22 -66 28 -65 -99 -98 80 16 -56 46 -43 35 -15 -80 -50 75 -41 99 41 -14 78 -2 73 93 -36 -61 -11 -18 -37 -19 53 -21 35 47 52 52 99 -96 -95 -19 -60 -59 -51 89 -22 -84 -35 -56 -41 -82 -98 87 35 -8 19 -87 -27 -58 20 14 -28 60 7 -46 -29 83 -78 4 55 -84 81 1 -54 -56 -72 12 -51 2 -79 27 -64 93 81 76 -62 61 -30 -23 78 29 41 19
-53 -96 85 -68 -72 -1 10 -79 -82 97 -9 15 59 -98 28 37 -96 -53 91 -54 37 53 72 -67 -37 0 100 -85 -10 31 24 -70 26 -99 38 69 18 90 -69 28 -64 17 -97 -70 -36 -62 -49 55 -19 -18 93 97 66 -38 69 99 -70 81 44 94 33 -70 82 -27 10 -54 -76 -2 -91 -63 81 -41 80 39 31 -46 56 -36 25 -23 -51 95 -42 63 24 -99 -73 -53 -91 -18 -90 -38 14 56 43 -6 -22 73 -53 -5 -66
89 -17 -93 35 -79 20 -88 86 -46 -11 -39 -42 -68 34 -54 60 -33 -74 54 99 81 54 -29 -93 75 81 48 12 16 56 25 48 6 -44 -12 -34 -41 97 -65 42 -12 75 -84 73 -55 -51 84 95 -8 -79 96 99 -94 62 29 -53 -75 -58 -61 -100 6 52 -98 -25 -72 68 34 -93 65 93 45 -77 -40 19 65 -19 22 -95 -56 -17 -1 -93 83 19 -77 -22 -57 -14 91 -79 44 22 22 38 -65 -98 72 -56 -100 -57 -66
-28 -22 -55 -88 73 -84 -91 -60 -72 77 -94 21 -53 78 -5 -20 -70 -3 69 20 -79 -84 -79 -59 -24 -42 6 99 -67 -62 -38 24 -48 96 -36 -70 -7 -65 -36 11 29 5 -21 -55 52 -58 99 94 -57 19 78 57 37 58 -100 -28 83 7 -71 -39 -70 27 61 -80 -94 5 21 -82 9 -75 -51 75 100 82 -65 43 76 -94 -64 -27 73 97 -92 81 -2 8 4 -49 -17 -60 70 68 -36 -4 -85 -15 0 69 70 88 -35
-26 -76 79 -25 30 43 49 46 -16 31 -56 42 -85 23 -71 30 -50 -41 -6 59 78 -80 94 73 -62 -35 4 -10 -78 24 -9 61 -92 49 40 78 90 50 55 77 4 62 -87 74 -21 42 -1 67 12 19 95 0 79 -36 -88 8 -5 -32 15 -98 77 -82 52 -66 91 -36 -46 7 30 -64 28 -30 -93 -23 -83 70 -88 -13 -21 -53 -10 76 -99 -9 -13 58 -84 49 -72 22 -15 34 14 -53 -89 81 15 42 -8 -7 7
-98 -20 -100 -69 37 92 9 -33 2 -47 -80 -48 -78 28 88 -17 -47 -36 11 90 -21 75 -48 13 -53 -30 -60 -47 44 -14 -83 54 56 -21 -44 63 -1 32 -35 85 23 -32 99 89 -40 -47 28 -53 -77 -86 38 54 -27 -9 27 -57 24 -23 -58 -94 27 22 -92 2 -31 100 -3 -63 0 -46 -4 31 -83 -75 -39 86 10 24 -45 92 -1 67 47 26 -34 -55 -97 -11 -41 -85 64 -57 -3 -43 62 27 76 37 85 -21 -49
14 69 53 72 -51 -29 2 29 -69 50 2 73 66 -4 -16 -92 16 -35 -66 -41 46 14 -81 -59 -41 96 -35 -35 -72 79 62 -21 41 -67 57 28 42 31 -73 -57 41 54 31 -50 -46 -43 -85 15 -8 70 -29 82 -64 42 45 52 63 59 -17 -1 38 39 -59 -82 29 40 -20 -91 -23 23 -29 86 -73 76 -12 20 40 42 65 -2 45 -19 -65 -91 -31 32 -23 -33 54 93 39 -15 -38 -9 27 2 -94 79 -66 -8 -48
-12 78 73 18 96 61 -73 47 56 -58 46 64 -42 -88 83 58 -39 26 -50 35 -12 -76 92 -60 75 -34 64 -80 -85 -42 8 -59 100 58 -9 48 42 -42 61 100 68 -38 4 -84 -35 -5 -24 -21 93 -55 -69 43 -96 -24 84 -88 -99 24 -40 -15 63 -99 6 66 -82 96 -78 100 40 12 2 62 53 -48 82 -38 -66 7 0 94 -59 -28 28 9 64 39 -78 -17 -76 -70 -45 -11 -98 -67 24 -78 -91 -28 -37 97 -37
-100 9 98 92 97 34 -85 21 -14 -13 -96 -89 63 -12 -52 58 1 12 1 -15 100 -86 71 -44 -10 -94 29 -94 58 16 54 90 -38 61 41 49 88 26 91 -76 -72 -38 -78 -39 74 -94 11 -49 -59 58 -67 -7 -44 -22 19 -82 -13 89 20 -92 3 -34 22 -32 -17 -25 -63 -26 -5 47 -96 -36 -27 -83 63 53 24 -69 -2 55 37 41 79 94 28 81 -8 -71 9 48 -52 92 95 -40 25 98 65 68 -46 15 1
-56 -61 -71 -22 -13 70 -36 85 12 65 -43 46 -63 -71 62 78 17 8 -53 -3 -68 15 52 82 -23 58 26 -22 14 -65 11 -77 24 6 99 -80 25 -25 -32 80 36 -61 62 63 75 50 -1 -7 -9 -11 29 8 94 -96 67 -47 82 -67 30 -75 50 -78 -29 -20 -82 4 92 -58 99 -76 28 -4 -4 58 -16 -40 -41 41 56 22 58 85 -15 11 86 -30 -59 83 24 -55 44 24 -62 -5 -68 42 -21 74 -83 97 40
-94 100 -52 -36 1 42 -58 -89 -21 -41 81 31 -3 38 17 -27 41 -5 -29 -50 45 33 -52 66 58 18 -10 -94 -29 24 -55 74 70 -45 22 60 52 14 -22 75 92 55 78 -35 -40 10 82 -50 -7 13 82 24 22 32 -42 -58 40 60 -62 84 -41 -1 25 -91 -99 53 27 -46 20 91 15 -45 -69 73 -100 -28 -81 -49 -87 19 -24 61 -49 70 -90 18 48 97 -85 -24 51 35 -83 -39 -77 -77 93 -30 -17 68 -34
64 13 -92 -87 82 -90 -63 90 -66 -44 22 65 -3 62 45 60 -21 -2 -29 -52 41 50 68 94 46 -77 -86 9 -20 -1 28 -71 82 55 7 29 -6 94 -65 94 -88 -42 -83 -29 -50 61 18 58 -81 -89 -55 1 -85 -17 77 -91 62 -86 -66 95 29 69 -7 9 -55 93 3 15 -49 -80 -38 38 -51 -19 54 -34 21 -28 80 4 -31 16 60 -94 -61 53 -25 54 29 -82 -63 72 98 -48 8 22 -14 61 1 45 -1
80 -13 85 -73 43 -14 2 -67 85 37 -34 30 -61 47 59 10 59 -80 65 21 60 58 -54 -12 29 -54 88 78 -51 62 41 49 49 5 -20 -21 87 -42 -23 -91 -64 -92 -85 -58 40 27 -29 32 -32 76 -41 18 0 -40 93 53 71 -74 30 -36 -65 -77 -85 94 23 -40 -34 -38 -36 -44 99 97 41 17 -29 84 26 -98 42 -31 7 -98 82 -55 -74 32 76 28 99 17 69 -85 -97 -39 -29 -30 24 32 73 3 59
29 -74 -24 61 85 -85 28 1 -45 33 -49 32 -61 -83 2 74 -43 72 -3 47 20 -92 64 -96 34 -75 -53 -72 68 -7 70 82 -48 -30 -65 82 -21 -51 81 52 -93 -59 20 22 -48 -86 8 89 3 -22 40 77 -87 86 -55 36 -78 73 -37 2 59 -22 -66 100 -81 -9 23 80 99 -11 37 -5 -24 -64 -73 48 -78 54 -95 -61 44 -67 20 -12 21 -33 -23 100 26 -85 86 24 5 -85 -68 1 50 -95 81 42 -3
51 -46 57 -9 -91 -20 99 88 18 43 85 98 52 -14 -59 0 23 67 21 45 -58 100 -59 33 -14 -38 26 80 76 42 -85 40 -10 -56 58 -23 8 95 -30 19 24 98 17 -52 51 -89 -34 -80 -53 83 57 36 87 -36 86 -42 -88 -16 -47 95 1 -63 77 89 53 -48 -75 -67 21 -61 71 66 100 20 7 68 -94 -6 38 -18 -28 -45 53 -31 -37 -65 63 -81 -21 -47 -7 -86 -52 92 54 12 -75 -38 81 85 -45
-38 -86 51 34 -87 -71 84 6 -25 42 -41 77 94 -94 28 -13 -34 2 17 -83 23 60 37 -33 16 76 77 53 -8 84 43 14 -4 -18 -54 35 -9 2 -90 63 82 -20 53 -75 -61 -52 -54 -32 54 -94 97 25 98 -47 0 68 24 -99 32 -10 84 17 96 -15 -60 -13 46 100 65 -40 72 -81 -31 9 -90 -75 -96 18 -5 62 49 -14 37 -83 -58 -44 -52 -39 35 -37 -93 -71 -6 25 76 -88 10 79 -74 93 84
5 -52 21 -44 -65 -39 31 -52 -47 27 80 38 1 -78 19 15 -66 20 12 30 89 -56 76 -79 27 28 92 -37 -47 -1 77 -65 -71 84 37 62 -76 -96 -65 67 22 -89 -21 -87 85 39 -72 -98 78 -80 -47 40 -82 -34 -20 85 13 24 100 30 66 97 -77 31 65 66 65 21 78 -31 -27 45 77 69 94 -69 20 12 -20 65 5 42 86 41 16 44 -99 26 -64 81 86 57 -30 53 -92 75 -33 -86 -20 94 67
32 17 -96 -92 78 -26 47 -10 1 -39 4 -61 -75 -37 28 39 49 99 91 -86 -25 -74 10 -69 2 76 22 -56 27 58 -2 100 55 44 -18 -11 18 -98 11 32 86 -31 -44 -7 72 44 85 85 -15 -69 -83 -78 -20 28 90 -78 5 -17 47 -94 -96 38 57 6 4 15 23 40 92 -94 18 59 -56 -37 30 -53 7 -36 24 -62 -27 97 84 34 54 82 37 98 73 37 97 57 50 -5 -76 -44 -57 -76 -87 -1 -51
-25 -29 -85 27 4 -42 -57 37 -93 -98 -67 38 29 3 59 -9 3 56 -70 -62 23 99 51 65 61 -48 95 10 -56 -90 -46 -57 -67 -18 -93 89 80 78 37 29 17 -73 31 37 -73 50 45 -49 -74 34 94 54 36 -21 -8 -91 -40 95 13 -93 66 42 78 34 82 -41 -72 79 -87 -43 -89 -54 -44 24 -93 50 52 27 24 5 4 97 63 88 -18 -68 7 64 -53 86 -48 58 94 -24 -66 -43 63 -82 75 -72 -75
39 -13 12 96 92 -97 -23 -35 32 37 -27 19 18 33 -86 100 -85 -24 -43 -85 -38 -27 -55 -38 -38 -14 -91 100 -24 -76 89 -70 -17 38 81 28 -59 -41 -8 29 -82 -83 -42 53 37 -24 -11 83 -52 19 -28 93 92 -2 66 -31 44 5 38 20 -57 25 -50 89 15 -31 64 -30 66 36 73 -35 -90 24 -50 32 -35 2 14 -85 79 -38 72 33 76 -74 -48 29 96 -41 25 -20 100 100 75 -14 -24 -96 12 35 68
82 -41 -95 -99 -89 47 -47 41 -87 7 -51 55 -37 71 60 -28 54 64 64 -19 -96 73 -24 25 -85 -13 23 80 -50 32 18 -52 -39 -42 83 -22 -97 29 4 77 66 81 -31 92 85 -83 22 -97 -30 26 41 43 0 -16 12 10 -100 57 91 -79 -46 -56 -77 -15 28 -79 46 71 54 84 -41 -3 -50 -23 -87 -44 -93 -93 -78 2 -46 75 -7 -95 -46 23 -79 91 -84 36 -36 58 84 73 73 79 18 56 -35 -25 83
-99 7 25 -78 -31 -67 -43 -77 24 29 41 43 69 74 16 98 98 -48 73 -80 92 -22 69 78 -83 -46 -30 13 -98 19 -48 51 -70 -43 24 -17 -80 42 -76 45 64 -48 -80 1 -86 3 46 91 -45 74 71 -57 -45 37 20 5 -10 -74 -66 81 -87 -25 78 -39 -7 41 -90 29 32 -39 -71 -51 -49 83 55 -68 -58 -42 7 59 -27 55 34 9 -3 9 -8 -77 9 -79 -74 3 92 -44 -58 -16 85 -16 -65 -90 29
100 84 61 15 -7 -5 -3 -26 8 -18 85 36 65 97 -60 -60 44 -38 -25 -97 -67 19 -27 49 51 -83 -64 72 83 -62 -71 -45 -34 61 -81 98 -58 -53 20 -62 29 -89 -86 63 99 -4 89 72 -52 -54 -19 -10 8 -85 51 40 72 33 14 -14 56 -100 -74 38 12 -15 34 67 36 -45 92 31 -84 10 17 81 -18 42 -19 -83 44 -13 66 71 -100 -59 -92 77 -71 100 43 -82 14 19 68 79 -56 82 7 80 9
40 64 13 -82 40 -42 -85 19 -30 70 -12 80 90 -79 38 -89 1 -85 -39 39 -42 18 -13 85 8 -49 74 76 -89 18 -70 16 8 93 -60 -47 -55 85 -32 6 33 83 -31 4 94 52 91 -34 -30 -16 81 1 -18 -61 92 23 -67 83 -67 -64 77 87 -57 -13 -96 55 24 49 71 72 -68 68 33 31 59 8 62 68 81 0 16 89 70 -90 -3 49 -86 61 65 41 22 -96 83 47 -28 74 -35 90 86 -65 49
-100 31 47 93 11 -9 2 39 -28 -35 -6 -38 -21 36 -62 -88 -4 -52 31 13 47 53 -66 22 39 -64 -3 3 100 56 -46 15 -94 74 24 90 -41 60 -54 74 100 6 25 -21 24 -64 98 64 -11 -89 -12 -85 12 -10 -67 19 -21 -86 -82 -34 -100 -56 50 24 -27 64 64 -71 24 22 49 -52 -26 91 77 20 25 62 -35 28 57 14 -99 -44 -45 -43 -68 -12 4 63 -8 -33 -21 46 -58 19 75 -50 62 11 -74
24 72 -56 25 8 64 -62 -49 77 17 23 5 -40 -86 -67 -67 37 -69 -6 42 33 93 -57 -14 12 87 -72 25 -56 -64 61 -89 85 -36 -70 -83 78 15 28 -24 46 -3 61 11 -48 -32 44 -71 -40 -43 93 -65 2 -45 -31 91 90 -49 -86 72 -6 -70 16 -1 82 55 16 -86 92 -60 -48 6 0 -43 71 -27 -98 56 4 95 91 -96 -1 86 88 -48 60 -37 -7 -89 -54 -100 -10 7 9 -37 -14 3 -91 41 51
-65 87 80 -99 15 81 -11 55 -49 -30 -5 -65 -68 -30 55 -41 48 81 2 61 37 -28 -42 -70 -46 67 -54 97 -28 -26 -2 -61 24 74 82 -98 29 81 -32 -22 -92 49 49 92 -6 58 -76 -86 87 -96 41 -74 -23 75 90 78 -30 -89 -81 35 44 18 20 -91 65 82 -56 -66 -93 73 14 28 65 22 91 -4 64 -3 63 60 -17 -54 -18 -16 -22 -65 -80 10 -21 18 84 -2 -47 -59 47 -94 24 68 37 -94 -55
-61 81 -6 93 -79 86 15 -1 -21 -82 -44 95 75 38 -100 80 -19 61 41 53 -54 49 48 0 -53 -55 -22 37 11 -55 -53 -66 7 -37 -31 -59 78 -64 99 -20 65 37 -8 82 -29 -48 -32 -28 0 -6 -47 -18 71 -46 93 -51 11 86 15 90 -49 -40 -51 96 -23 -100 -32 -28 72 33 0 100 95 -67 96 77 65 73 8 -35 -37 -11 97 83 2 -60 48 23 -46 -2 99 39 5 -64 -38 53 -48 34 -90 -21 -25
-80 77 -92 -13 -57 49 -91 77 18 -78 60 -72 -62 -14 0 71 75 75 87 -30 -84 -48 -33 76 -14 -9 -85 -55 -32 -19 8 88 -20 24 50 -36 57 -70 -39 -5 76 -42 75 31 -96 -78 29 -73 -47 100 -10 41 95 15 96 55 -10 56 38 53 80 -10 11 -45 26 24 -3 -45 -52 -73 68 -71 -68 30 32 -87 -24 -84 -81 -66 69 -90 50 34 -4 -21 -56 91 -17 -81 37 28 17 -3 66 -16 -34 -4 -57 36 -53
-66 35 87 46 -49 47 -90 -38 -17 -96 -29 -21 6 -19 35 17 91 -45 43 -12 -88 41 78 57 48 48 62 -81 -67 75 -66 -73 -100 33 -32 -36 -15 14 -69 -60 6 -82 -54 -40 -98 -24 -73 -63 73 -27 -43 8 -46 68 -24 -33 -12 -86 95 8 22 12 26 36 9 -45 10 96 -63 15 -39 -48 -63 60 -4 11 -77 1 43 -1 -10 -4 -75 -18 -29 -29 31 -7 54 96 -15 -91 -69 35 90 -4 1 -50 -73 84 3
-60 78 21 -68 -85 75 -92 100 34 89 82 46 -62 -26 34 47 27 -92 -86 63 -29 11 90 26 -35 1 78 -2 -98 -9 -44 -28 52 20 -8 87 2 15 63 2 77 26 28 -92 -28 -51 96 -68 -49 84 -83 -97 45 -24 -40 -49 -16 -99 -6 -1 -37 -50 -62 -82 -29 90 -5 -46 42 69 65 18 50 99 -80 -44 76 -94 20 66 1 95 97 -80 -89 77 -67 32 -83 38 -68 79 -43 100 28 24 63 -80 -54 21 -92
97 -40 90 0 39 -50 39 14 -34 21 2 -21 -67 -40 -43 50 25 -49 8 -4 100 27 78 58 81 -84 -73 26 -55 -81 -10 -39 43 -91 -95 75 -9 35 -25 14 -17 -88 -36 16 71 4 -36 -5 54 -4 44 -52 79 86 -29 -61 -70 85 1 31 16 30 -60 23 58 25 96 -68 52 96 -24 48 -66 -92 80 37 47 58 -87 39 81 -58 28 37 -12 -31 -93 74 -49 -30 58 3 -4 -20 58 86 -88 93 14 7 49
-35 -97 88 -17 -9 59 -32 54 -63 81 -7 98 17 0 70 11 72 -62 -43 41 -76 -93 77 76 46 -11 9 9 -29 23 76 -59 30 9 82 38 7 -59 50 -68 62 -55 -57 -97 96 -17 46 87 -94 43 -34 27 -72 -19 25 -59 44 81 -20 91 56 -2 -33 -100 -4 -18 54 26 -24 73 30 -100 -25 99 -94 -45 -39 31 -54 -23 -95 -45 48 -85 -87 42 57 -25 -21 -40 -19 93 36 -55 -37 91 -20 -10 -2 -21 -18
29 -57 -61 -46 -47 -66 77 -12 -27 -84 -78 -100 97 78 -41 -3 47 -19 85 -97 83 -81 94 -12 -75 -100 -30 -98 26 -13 -69 -12 81 -17 -76 -11 52 57 -20 -14 39 87 54 -31 47 91 -27 61 3 43 12 80 -59 7 -4 -48 29 -79 27 -37 96 67 -49 5 21 10 21 80 65 -10 -58 27 -6 15 -2 54 29 -31 -31 87 -43 -68 -85 33 -91 -81 85 49 3 -64 -62 -17 -94 49 86 -38 -100 59 -99 -37 11
26 28 72 0 23 5 87 48 -64 95 -87 17 4 19 3 -34 -7 -73 69 -98 73 -48 -45 -92 -40 -1 -85 -34 77 -25 40 -86 -35 -80 57 -48 -63 -80 82 -72 73 -22 -9 21 12 -51 -82 100 -34 41 -53 -36 -94 -54 11 18 61 -56 91 -54 -69 -74 -60 52 -80 43 -56 -50 44 46 -69 47 71 53 -5 -19 -75 -66 31 -46 56 -4 -41 24 -62 -50 37 60 -80 79 -54 0 93 -51 66 85 -85 86 1 -30 93
-97 42 -4 86 5 -71 52 25 -34 -66 12 -59 -49 -88 -38 -12 -40 63 75 68 -36 58 3 19 1 86 57 -77 -92 3 -94 -91 48 -23 13 -75 84 86 -73 -46 -53 -59 -65 -83 27 42 -70 92 99 59 -31 59 -47 84 85 -32 -3 -15 0 42 -92 -81 -59 -97 44 -60 -48 68 41 -31 67 -3 -6 -51 58 -86 70 5 -72 -12 20 -36 63 16 -64 -87 -56 92 -79 15 41 85 -34 -67 60 -81 84 -49 19 -1 -66
53 -5 32 54 -36 5 -8 88 -77 52 67 91 -73 -10 73 99 -3 -88 -75 59 57 46 -1 20 -22 -66 78 -72 -75 3 -13 -13 88 48 -43 24 -41 -24 -5 -22 -31 -98 -22 -98 81 54 -9 49 60 35 77 -25 33 86 25 25 23 36 -93 88 -88 -13 -71 71 64 93 65 -93 76 -38 -64 96 80 -21 41 -87 84 -95 -61 -70 59 5 -37 59 -9 87 -55 -79 -25 20 19 -20 67 -10 80 -24 -4 96 -84 74 -28
-31 96 -72 -18 16 -8 -34 -71 -10 22 91 31 -27 -74 -100 -98 33 -10 -61 -24 -21 -40 -32 10 -90 80 -17 47 60 60 -83 -64 12 -4 -100 88 -79 20 -87 25 -42 78 -87 -43 -26 -23 -41 -97 69 90 73 30 -68 -32 76 -21 93 -3 -6 -89 -46 -12 -21 65 95 46 50 -37 94 46 -73 -35 76 -37 -24 -47 35 -86 -59 8 17 69 -8 -97 50 66 -40 -98 59 -3 -2 -61 95 -50 54 85 -47 -35 68 -15 -19
7 76 -70 -98 61 69 80 -53 72 4 84 -78 46 10 -5 8 -60 -57 -8 69 -55 -51 76 -50 -3 -62 74 77 -44 -67 -79 9 33 57 8 72 46 39 45 94 -54 -94 92 21 -59 84 38 64 35 45 99 -95 -31 -6 -5 -80 -22 27 -15 14 85 100 62 -91 -92 -45 22 16 -28 38 -71 74 -21 20 89 -100 7 -41 -66 56 -95 54 47 -21 47 95 -71 -96 91 35 -48 73 -25 65 44 -23 -44 -39 3 24 13
-96 7 -80 97 68 52 3 -55 90 84 -1 72 -9 -88 69 -28 -29 19 -49 -53 22 20 -22 61 50 -31 98 -30 0 -47 47 8 -35 69 -88 12 50 -23 -32 31 -21 60 83 -85 45 -55 -58 74 -71 -34 39 -71 11 -91 -67 20 100 31 81 -68 -90 51 -84 80 48 -96 1 98 -21 -63 81 -96 -60 33 -59 100 -28 -51 -88 -9 -60 93 -74 66 31 -26 -78 -55 -7 99 -66 -51 10 63 76 50 29 -74 22 84 -32
75 86 81 25 -35 63 73 45 -55 13 -76 40 53 -34 -90 26 71 -81 -93 52 -11 82 -78 53 -6 -46 12 62 69 29 88 -81 -80 -54 -9 91 49 -77 -34 86 -37 -98 26 63 41 24 98 45 -59 18 67 -77 -82 -14 -98 76 20 4 -99 16 -50 -65 55 10 -7 -85 88 -68 23 -70 -51 -10 49 -49 18 76 -91 33 -25 -66 21 -55 -20 62 -22 -46 -91 -53 40 -73 2 -40 7 -92 20 38 86 97 -73 59 29
-85 -79 -52 -1 -95 -39 31 -93 -96 61 -77 55 -95 0 57 89 17 60 -35 10 -31 -67 -67 29 -35 4 -77 -10 -67 -93 50 99 28 54 -98 11 -87 34 -50 -74 -32 31 80 -25 39 72 59 -46 99 -66 74 -4 -47 39 79 44 -30 -84 -46 13 -10 93 27 3 52 9 12 -68 -89 11 -62 -17 -3 2 -24 66 -67 -1 84 12 62 -81 38 -55 -89 16 0 -67 16 40 -69 41 -81 38 -75 -20 36 8 -98 -81 -29
46 83 -11 -15 79 46 -76 16 -66 -10 26 -52 -60 -49 19 -77 -26 32 -2 31 60 -18 32 -12 -59 -76 67 15 -66 1 -54 68 -33 2 47 -94 -11 -72 -89 -67 -50 -14 22 -64 92 95 -96 -15 19 -23 -22 -56 16 -98 96 6 -78 -7 87 81 -61 -9 -57 64 -78 -91 -91 11 89 91 -42 26 6 -49 16 18 11 87 -5 -6 98 38 76 -24 -44 15 -98 96 -50 23 0 19 -62 90 79 88 -44 -17 93 94 32
65 -3 91 -18 -68 -30 95 62 45 77 -27 -37 12 20 -80 50 -5 95 -60 84 96 36 -53 -49 43 -28 -8 94 -99 15 24 -49 72 -7 74 -58 91 79 93 24 -89 7 -90 -12 -68 40 -58 -57 -67 -85 -52 -41 -88 97 -60 47 21 17 -45 3 -10 -84 90 86 -27 75 31 -23 -43 97 -81 -6 92 -41 56 7 61 -14 34 94 -100 58 -89 -88 81 45 -77 -92 74 24 -63 60 -80 87 -23 -49 -81 22 -26 50 10
