1.557488
-2.038298
2.165447
-0.573087
0.938908
-0.505654
0.564783
-1.301733
1.086750
1.021210
-0.622730
-0.076044
-1.472556
1.333445
-0.267748
-0.483912
1.763592
0.683231
1.088147
0.773933
-0.117184
0.768756
-2.003698
0.755293
1.365311
-0.278383
2.117176
-1.111046
0.400836
-0.631405
0.942335
-1.912740
-0.332120
0.099803
1.346028
-1.630652
-0.550218
1.345582
-1.075346
-0.945755
0.648444
0.099467
1.186571
-1.617280
-0.349338
0.557888
-0.048124
-1.390618
-0.346321
2.145813
0.013196
-0.570551
-0.415057
-0.809784
-0.637082
0.565136
-0.291159
2.329024
0.667354
-0.947189
1.077475
-0.670483
0.065617
0.373906
0.806083
-2.079556
-1.239480
-0.574368
-1.105492
0.761304
-0.204579
0.166624
-0.517588
1.084576
1.570860
-1.254055
0.177782
-1.250307
0.224364
-1.168543
-1.218645
-0.628179
0.977303
-0.113326
-2.271888
0.338622
0.440829
-0.562036
0.328950
-0.597258
-0.910431
0.707071
0.614581
0.432780
1.533299
-0.740262
-0.650929
0.272752
-0.140769
-0.291312
