-0.942377
0.626410
-0.883017
-0.226562
-0.261562
-0.559533
0.206444
0.065525
0.756242
-0.105037
-0.276196
0.827693
-0.603197
-0.239360
0.614605
0.439871
-0.805071
-0.360200
-0.028196
-0.371247
-0.047596
0.015745
0.334895
0.145031
-0.373072
-0.024782
-0.457867
1.158832
0.859857
0.176616
0.297562
0.698419
0.124572
-0.334453
-1.128046
-0.157779
0.397833
0.441239
0.333954
0.722050
-0.148195
0.527481
0.083237
-0.078457
-0.669909
-0.142899
-0.043871
0.618077
0.273374
-0.556215
0.715528
0.032530
-0.476994
0.276996
-0.334245
0.816379
-0.119179
0.044301
0.573743
0.778128
0.581176
-0.022368
-0.305601
-0.126610
-0.698113
-0.573153
0.033298
0.176974
0.823171
-0.349366
-0.413880
0.046475
0.626338
-0.245833
0.102221
0.046064
-0.237591
0.186728
-0.236361
0.199359
0.042652
0.247482
0.035400
0.298850
-0.046884
0.180149
0.009645
-0.302022
0.191980
0.290770
0.034453
0.618587
-0.541503
0.112057
-0.265725
0.112691
-0.037654
0.906410
0.847754
-0.786523
