3 -87 61 -16 48 -80 -51 4 23 25 -92 27 -31 1 -93 -41 -84 -9 -98 87 -20 84 70 -5 95 34 -40 -12 -35 85 -95 16 29 92 -47 -74 -38 26 26 -2 -18 37 3 -67 -9 72 -90 -92 22 -45 -89 -39 32 14 54 -79 59 -11 -13 9 35 63 -41 73 -64 -14 44 -14 24 77 -47 -2 74 -13 -85 83 -20 -97 44 82 44 -50 1 89 75 -5 88 60 37 16 -85 -79 -91 68 39 10 -99 42 -2 -67 96
4 -52 2 -14 68 -16 -89 -38 34 -7 -85 39 -98 100 -13 6 -66 -12 -9 95 -5 -28 -48 -52 -90 85 -56 -55 -66 13 69 -66 -37 -1 60 84 83 17 15 -26 -4 -28 -45 64 83 -99 80 94 -12 -81 -85 100 -56 -80 13 19 97 90 49 60 36 -47 27 -13 32 -84 27 95 -74 -71 -74 -27 16 -29 79 -22 -98 32 -11 8 -92 57 -26 49 -88 67 78 64 60 24 -39 -51 34 0 12 -71 77 75 84 77 -46
-1 37 -13 74 -88 -29 70 -76 55 27 21 -74 24 -19 -40 -9 -96 55 33 54 27 -69 53 35 -59 -16 -92 24 -84 -20 98 -76 -81 -8 -24 -6 40 -67 55 96 83 -84 -30 -72 -20 68 -74 -33 38 18 -66 92 -14 -5 -68 9 -15 92 -11 -79 46 76 63 21 -25 10 94 60 7 27 -66 -30 75 27 69 95 -4 29 -24 8 20 -16 -39 86 -4 -95 5 -78 -43 -10 29 56 -48 80 -19 62 -27 -31 87 5 51
-9 5 -22 8 -77 -40 88 -73 24 100 -38 82 -21 81 80 -27 -68 100 41 46 94 93 67 -46 18 11 79 64 -93 -40 43 -51 2 -56 38 29 66 63 35 -73 87 -96 96 -90 20 -93 -45 35 -13 68 38 -26 -67 -67 28 31 98 37 -78 -40 -78 55 -46 95 -9 58 -88 4 -89 -16 64 65 -86 62 -20 32 -57 54 -77 88 88 -69 26 16 -45 53 -91 3 -33 75 38 -4 13 -32 58 26 -100 84 -34 -18 -1
-59 73 -67 -27 -63 31 54 14 -41 -46 41 44 -91 -40 52 75 96 -98 98 -84 -2 5 -94 -87 74 91 48 92 48 20 -72 -34 -4 -57 -44 -54 47 85 19 45 -26 -25 85 -20 37 28 76 4 3 23 28 -79 44 -43 -49 67 -48 -3 -46 49 81 14 66 -97 -21 29 -70 98 17 -72 -1 67 92 89 -92 6 29 3 40 -96 -26 64 50 54 33 9 76 -45 77 -70 -73 -75 -21 63 -84 71 82 -39 -31 43 -52
-98 -77 99 90 -87 16 -98 -78 73 -34 30 36 -67 73 -92 95 -18 4 -84 63 76 78 98 58 -87 -55 11 -47 4 20 54 67 -100 44 47 47 59 28 25 -30 -67 73 -72 -40 88 49 7 -62 -6 38 13 -77 -51 -50 8 52 -35 45 12 7 40 8 38 2 -66 12 -20 -86 32 60 10 -48 -88 31 -54 -74 45 93 87 -74 -44 9 19 -71 -45 -28 -32 -68 37 81 -98 72 6 49 12 17 59 -39 74 -90 66
97 81 -88 -35 29 -65 -31 -28 12 20 67 -40 18 30 -58 7 -42 71 89 1 -18 76 30 -28 -2 95 -87 -71 -23 93 -92 -65 66 -42 -21 40 6 -76 -83 -37 -94 -42 79 69 -90 90 20 -58 -88 96 -39 69 45 40 -59 50 -62 -32 43 7 -39 33 73 -48 -38 49 69 -58 -1 26 -31 9 -89 -69 87 46 -70 71 -67 -96 35 26 68 -67 90 -15 74 -69 13 -19 -58 -29 -73 15 -96 75 -54 78 59 -98 -84
76 69 82 10 65 52 9 -20 36 79 -16 38 -16 96 4 -40 65 14 0 -37 -84 -73 13 -13 -65 -6 93 62 95 63 15 73 -24 95 5 26 -94 -42 -7 72 -3 41 -71 -41 -25 81 56 -90 51 -96 100 38 -3 -97 19 -21 66 -83 -66 19 -6 -52 30 -22 21 32 -12 -2 93 -59 12 -90 -37 -47 -18 66 27 -87 -14 -95 92 34 64 -5 -49 -85 -89 84 96 14 31 -48 97 20 98 -56 33 -60 -27 -58 77
21 -24 32 -32 -57 75 -98 -85 93 -56 52 71 65 69 1 -78 89 81 -20 38 72 -93 -47 -68 27 -33 -83 28 -7 -25 20 -69 -85 -66 -83 -72 -36 63 -58 91 -3 -96 9 -35 5 -62 -77 -14 65 -92 33 -85 -32 42 35 86 47 -11 -2 -29 42 32 -65 -72 9 -63 17 75 -63 35 22 95 -3 73 -34 95 -81 75 53 43 58 -95 1 -67 -88 8 82 29 -92 88 -26 4 84 -59 97 -16 21 78 -78 -58 38
61 -98 -84 -29 36 -14 -19 34 63 4 -36 63 -47 -19 -97 84 98 -32 96 -38 -1 -79 74 37 66 12 70 33 53 68 6 -70 20 -36 -4 -19 16 -81 42 53 -80 42 -43 -80 44 -59 -39 -87 32 -13 -36 32 60 -65 -21 -98 -35 35 -85 -43 55 61 57 29 92 -19 -70 -67 -10 23 55 12 44 74 -67 -25 -15 69 -14 -25 65 81 -4 -42 61 -75 -95 -57 34 -47 -94 -22 36 7 -39 -22 20 -56 -95 58 -13
-87 -92 38 4 54 29 -44 -22 80 4 -70 -3 45 -34 87 -58 -8 -59 -25 62 35 14 73 -80 -76 35 -90 36 15 47 10 80 -84 5 12 -5 61 24 31 10 -75 -85 20 45 86 -91 -96 12 -78 -96 58 -31 74 44 -13 -50 92 71 -38 -98 69 -65 64 10 81 -45 -15 -24 88 22 -41 -87 -47 36 -33 63 7 -44 -43 -94 -24 61 1 51 -26 51 84 12 -4 -28 -74 36 -76 -83 1 90 80 -83 82 18 -55
16 64 48 99 -49 87 27 -41 24 -100 69 -8 -9 -2 -13 -56 -2 63 39 76 -16 -31 -59 -28 -63 31 -70 8 71 -29 2 -67 -42 87 37 87 -48 62 90 57 -22 67 36 -80 87 94 -67 -15 66 -78 86 60 94 56 70 77 7 -53 41 -18 -4 0 42 77 -1 33 25 -54 21 -10 -8 52 -80 -93 61 -10 73 -39 -43 8 41 -49 -33 9 -61 -58 59 47 -2 -73 46 -10 90 14 -18 66 -42 -100 -93 40 -19
-13 -85 -17 -41 -64 70 62 -61 -39 35 -36 3 72 3 -27 39 -80 79 23 -44 39 -85 77 -76 -54 -97 74 -50 -60 -82 -76 -64 45 -28 -40 100 -44 -78 25 91 -15 22 25 14 -20 9 -83 89 -6 52 44 53 21 1 32 69 35 77 -85 -15 -38 60 -4 -95 -46 6 85 -38 -28 48 61 36 88 -6 -26 85 86 98 5 -63 -45 34 6 -48 77 -76 89 -6 0 86 4 87 -1 -37 86 -91 -29 1 63 79 19
6 -3 42 20 -76 89 21 80 -11 36 -73 -98 12 -26 78 -73 -34 96 -32 28 -95 65 1 70 79 -23 0 37 73 55 29 81 -9 54 -15 -75 64 91 46 79 -52 13 65 -96 -34 -2 50 75 -20 99 43 -64 19 -82 -18 59 87 67 -11 -56 -45 75 -83 -80 -79 -25 -62 28 -40 -29 -85 -77 -94 -34 -69 -82 74 -47 69 22 6 -15 83 34 -86 -36 -38 -92 -82 -40 -57 -81 -21 69 60 -15 -33 -56 43 41 -42
4 35 -35 -99 -76 -91 28 -75 73 -3 -64 -20 -41 -27 -68 75 83 70 -40 60 -1 89 -10 21 -30 -18 22 -4 8 -66 -5 -98 49 9 -63 -13 33 -56 83 -16 75 48 39 15 -10 51 -18 -65 11 -32 6 33 -100 25 42 -54 -56 2 74 -58 -90 -76 -66 75 47 98 3 -42 -68 -94 -24 44 -55 92 98 -55 73 77 -62 -17 -87 -76 96 59 -80 45 -82 6 97 72 -45 23 91 -9 -90 -8 85 32 92 -57 54
-92 47 -94 -84 2 -89 24 -72 -42 -68 94 -20 -15 69 95 -100 46 -6 97 94 -50 88 -53 70 19 20 92 -52 55 12 69 98 -23 -54 -18 97 -50 27 -8 80 67 29 -86 45 -66 -10 76 -1 -12 48 21 35 56 70 21 85 -66 -71 -40 -53 -88 -67 58 -95 45 -32 -15 84 13 -66 -75 42 -56 -87 90 78 85 -74 83 -58 65 -44 -78 25 24 74 3 95 -63 38 71 60 29 11 19 -46 3 20 -10 28 8
36 18 38 19 -35 45 97 70 -5 -58 -35 -73 -62 79 -99 -99 3 -53 -59 -11 -26 -9 -18 16 100 -79 7 -31 -50 -17 -48 -81 5 94 -22 -35 62 23 60 -90 31 -97 4 -9 39 -36 -63 -46 99 90 -79 29 -48 94 -66 90 -11 -66 91 54 -38 84 -9 7 -83 56 -41 16 -54 -34 28 -27 5 -18 72 73 -32 -6 -38 14 -5 -59 42 48 -68 36 -45 -85 25 53 -45 -64 -91 -86 -25 -64 83 -8 57 -48 -94
71 91 11 -74 77 -66 4 92 -40 55 -4 13 -79 -27 14 -12 2 -3 -81 -74 -37 50 29 -21 -72 97 -33 88 -13 -28 28 -28 24 -21 46 -49 10 69 -25 20 34 -98 26 65 40 -12 -29 -81 -87 -51 -24 -26 -36 56 -39 -43 -50 -61 -40 -35 95 -23 70 94 -34 22 -26 -14 -46 -8 98 65 -13 -90 -14 30 62 72 36 -88 38 -75 26 14 -61 -38 -88 -55 -23 -99 99 10 -86 1 -47 4 -52 -46 84 87 -36
87 -90 41 30 -43 -32 -23 19 -100 93 -24 -81 -94 82 -96 66 -16 -65 6 75 31 -87 -79 -61 -4 72 30 15 -33 -89 84 35 13 -83 -5 -19 -82 -22 -73 -31 -28 -61 63 -56 40 -88 67 -52 -97 -51 -36 -15 1 -39 44 66 4 6 -64 100 64 26 -20 -72 62 8 -11 -94 -6 -85 15 38 -15 42 11 28 52 11 -95 45 -24 38 53 45 47 30 4 -89 83 92 -96 3 95 100 27 -34 9 8 70 54 47
47 63 -77 -58 -54 50 -64 -88 78 49 -65 25 -81 45 -5 -3 -57 2 -80 -72 12 87 29 31 -62 -35 30 11 -44 -73 -83 -20 95 92 19 -73 -64 -97 -81 -95 41 98 29 -71 90 34 -74 60 -40 49 68 86 60 69 -91 -15 -57 -98 12 -87 -81 -14 89 -31 -66 -94 -19 -16 28 5 50 26 -43 19 -96 19 -39 90 24 32 -65 92 34 51 -77 -68 86 -18 88 -36 -27 -35 -5 25 92 31 92 -36 8 57 57
-9 91 -45 6 6 -92 29 95 -55 15 -69 31 -19 -3 26 -50 82 -31 -53 -97 -94 -80 -80 73 -70 33 -96 14 -41 -58 -32 -10 -99 -11 1 62 -20 -55 -69 -64 68 89 76 56 -55 88 43 -28 71 66 -64 -86 -43 -60 -69 93 45 31 -37 68 51 -87 87 -40 -86 -65 -56 100 -46 -44 34 80 47 -19 11 -100 36 93 -26 95 -35 -76 22 -58 -43 -25 44 54 -73 84 21 4 63 -26 68 -40 79 68 -89 2 -70
27 21 -21 -24 22 84 62 -17 -15 -37 -57 -2 47 -33 66 23 -88 -68 -76 -52 -9 -61 11 56 -62 -60 -70 28 -61 87 -53 13 76 -26 -53 -87 52 91 -87 17 54 8 -96 10 8 -8 48 -68 60 -42 84 33 21 -22 9 1 -88 22 -72 -5 90 -87 -96 -65 59 -75 -81 27 -95 32 95 71 22 -97 -97 -46 -66 -20 78 10 -20 -77 89 -39 22 -45 75 -95 16 -8 -73 -75 76 33 30 73 -29 -10 57 -63 13
78 47 58 37 -97 42 -98 60 21 40 41 48 -56 -6 79 -69 16 -97 69 -29 -37 -63 -22 -17 -83 100 22 15 -65 -62 -55 86 -45 81 37 -29 80 -51 99 57 -72 -29 89 77 90 -70 -14 87 6 38 -47 34 63 27 51 91 56 -30 12 -34 -31 -76 71 -39 -8 59 10 96 -12 -81 -88 80 71 76 23 -27 5 -28 92 71 -44 -69 100 -73 57 75 95 67 -53 6 22 -8 8 54 -81 58 -78 5 76 85 -31
-24 69 -44 -6 -57 -74 81 -30 55 8 -70 -64 -37 -37 100 -18 68 32 -2 -31 39 -99 77 74 36 11 11 53 -53 -64 41 13 -55 -79 41 -95 -97 75 34 -70 32 88 -77 -45 -49 -69 86 68 -90 84 29 21 53 -93 -73 13 88 39 -44 79 -38 16 21 28 97 -62 -48 99 -89 -61 31 -53 -38 84 -77 74 -16 -27 57 79 -33 44 56 -61 -37 -79 100 54 -5 49 87 98 -71 19 42 -67 -83 10 -55 -79 -5
-44 -48 52 55 -43 79 53 3 -7 -28 75 -27 -23 31 -69 -95 75 -19 28 81 74 -73 -86 54 -61 -88 -99 -5 -12 -80 -39 58 86 79 -25 -42 -52 -73 16 -39 70 53 -42 -49 16 55 60 81 23 -89 -94 40 13 44 96 29 -85 39 -31 52 9 -59 -42 66 86 4 46 88 75 -32 -15 76 76 -36 27 -66 18 -66 13 -64 -29 -43 79 45 93 84 -65 -20 91 -100 30 -44 -18 6 28 96 -5 36 97 48 74
-81 -38 -82 39 21 -94 23 -76 -78 67 -92 37 45 -1 -67 14 30 59 -91 58 -62 70 -24 -46 -74 -27 -68 -27 -80 -90 -91 -38 21 100 30 -88 11 -55 -12 -92 48 89 -91 -85 74 -12 93 -13 73 89 -6 82 -2 40 -6 -47 50 96 -56 14 81 75 -82 99 -9 -51 94 -33 -7 10 -32 -79 27 79 30 -14 -10 100 -21 -77 -91 87 2 10 22 -76 97 30 -49 -38 80 13 -35 -17 -20 94 59 100 -72 5 -2
70 -47 96 27 80 -43 40 39 -49 -85 36 -23 -30 48 -93 -66 72 -11 -44 33 -86 -31 96 1 94 86 -54 -24 -12 -28 -14 48 91 -51 -28 4 25 63 47 45 -29 -96 75 -99 55 -29 85 34 51 39 -17 0 59 2 99 46 -84 -82 -28 30 12 -38 -61 29 -8 70 -96 83 -60 72 -85 77 -21 -7 52 -11 -76 -13 30 9 31 64 33 74 -91 32 93 -33 49 -15 -89 -72 -5 -54 61 -78 47 -63 -85 -87 -52
77 -52 14 6 -68 -13 91 32 70 -94 93 -22 -48 -1 65 77 -8 -72 66 -72 -87 -76 -2 55 -26 -28 -55 -100 47 46 99 -10 -36 67 -28 -100 7 -26 -41 -22 -22 -99 60 -14 76 -72 54 49 -42 -34 52 -61 19 -31 52 -33 -83 -81 -15 -87 -74 16 72 -5 93 -36 -30 21 98 -98 -55 -14 79 -99 10 -51 -3 1 35 19 -78 -36 -77 -78 -20 47 20 8 27 76 -19 70 -17 -5 22 35 -40 -95 3 -47 -38
80 49 -92 -8 -34 10 58 -93 -17 -25 -1 23 -100 85 -53 -95 -4 0 -95 -7 -14 45 90 16 -48 -60 -47 -41 59 90 87 -51 46 26 -85 54 45 87 17 -47 89 98 26 -17 -84 -52 -31 86 35 -46 73 -21 6 14 0 69 9 -29 31 49 75 57 -12 -26 -29 19 -100 87 81 -56 -59 -14 16 22 -88 -92 0 -62 4 98 -94 99 -37 37 35 96 -30 -87 -25 -63 32 -100 -17 39 -30 -27 45 -65 10 -82 -59
33 56 -19 -26 -43 43 -100 58 30 -8 -92 -88 6 77 -6 -53 -10 -71 -25 -54 83 74 -69 45 28 -11 33 62 -24 -61 81 -35 -18 1 -47 72 86 87 59 -1 13 -67 -6 96 33 34 15 -56 50 61 38 -24 -36 78 -72 56 59 40 7 36 22 -59 -35 -85 22 -50 -33 70 29 -37 -8 -62 -37 58 -27 -19 -62 73 96 0 73 -58 89 -16 -62 57 22 75 62 21 -38 -18 77 19 -12 14 7 -68 -3 -100 -38
-1 58 68 -81 63 52 -46 72 -30 73 -70 -60 -19 58 -47 -58 1 62 -89 -50 66 -6 -42 30 -85 61 -92 -14 -77 9 60 -81 88 78 -23 2 8 82 -43 41 53 -2 57 -87 -96 40 78 54 -92 -68 14 -78 93 86 87 44 -71 -21 -98 79 97 88 14 37 46 -27 79 -26 -37 15 -70 -47 37 -98 -22 83 84 -48 -100 -38 98 91 -43 -54 -5 -95 7 78 83 -69 -21 29 13 40 -50 -7 27 70 36 -53 -87
59 -63 82 -98 -25 -73 86 -83 -73 -53 -54 -99 99 -45 -97 -88 80 29 -39 27 15 -69 -52 46 92 100 -19 -17 -20 -4 -5 53 -9 45 -87 -63 -78 78 66 -98 57 80 -52 51 -78 62 10 -91 17 -99 7 92 15 -32 47 -16 4 53 19 31 -10 -8 -92 -94 -98 79 48 -71 25 68 88 -21 58 -8 -15 67 86 88 95 59 50 88 -1 -62 -64 -53 -90 -5 -43 66 -65 74 -77 -22 -46 -80 -90 93 -60 -54 -28
41 -31 37 -61 -59 -62 -82 63 22 5 -28 60 -21 -56 67 32 -83 93 32 74 6 46 -97 94 53 89 11 -58 -63 13 -68 -11 43 69 54 -17 -13 -63 98 -81 -88 -73 -34 85 -50 49 -14 19 -16 78 -55 -72 53 46 -12 -98 -62 -22 -31 76 -4 53 77 -9 31 87 -64 -26 -76 -63 -52 -9 -93 -77 -26 34 -10 79 94 0 -31 -5 48 -34 -53 -73 44 -6 14 -79 23 17 80 49 62 96 35 42 -17 58 0
-54 -68 -22 95 21 51 40 25 -74 -66 53 22 -70 -25 -86 -100 61 7 25 -4 -18 -30 45 79 24 72 26 3 74 1 6 -64 99 9 43 64 -8 3 -55 18 20 -72 -47 -9 77 86 75 49 -30 100 -63 86 -59 84 -21 7 62 -4 -45 79 67 -50 -5 13 100 -74 -61 37 -32 18 -10 -59 25 -32 45 -3 44 -99 4 63 36 -25 84 36 -47 -13 32 -9 14 13 -3 78 -41 3 -57 -17 49 -2 17 76 -81
48 -20 -94 -5 74 -23 -21 -34 -62 -58 8 -24 -77 94 -35 80 -69 -76 -79 6 58 27 72 17 -11 43 22 28 -32 99 84 3 -89 53 -23 -99 -19 -43 97 -90 -99 87 43 17 -81 -88 72 -55 -62 -79 61 56 4 88 24 -32 -79 -27 -52 77 -97 -92 57 -22 -100 -11 58 -50 -30 -28 27 24 35 -81 49 45 72 99 89 89 -53 34 21 39 -31 -52 31 -13 -87 -88 -62 26 -80 70 -64 4 -27 -41 62 -15 -98
-42 -6 -73 95 -16 -21 -61 -73 -2 70 74 -59 70 54 18 3 89 43 -52 -65 -25 -14 -27 -81 88 49 29 -31 63 -73 84 -25 67 -34 6 -75 44 99 58 10 71 49 72 -17 -91 -13 -70 78 -42 11 -85 34 -15 28 -86 46 66 24 -65 -14 -49 -77 -97 -70 80 19 -95 -51 -71 -8 78 74 -82 29 65 -36 74 27 -51 -92 -18 65 -89 93 24 -6 81 35 -64 81 -13 -20 -16 -80 51 -96 8 -47 -93 42 45
-41 96 94 98 6 -82 41 0 35 43 11 26 36 28 -29 -57 -6 -93 -3 100 -40 72 -88 64 18 26 99 -53 -78 -70 59 52 2 84 -86 -80 -37 78 26 10 -63 23 -92 100 -72 -76 85 -95 23 -40 31 79 -65 69 -15 -56 69 -35 -5 56 39 -61 -80 25 -13 -64 92 46 -11 -29 -56 14 -39 43 -19 -61 -80 -41 -22 -62 7 9 -91 68 -66 85 -25 78 -37 72 92 -85 52 63 76 39 -89 16 74 -73 -41
-96 -74 -48 86 -4 -16 73 -70 32 -10 88 -59 85 22 -77 72 46 59 -53 -70 -14 1 -30 98 -7 -52 62 -94 -80 44 -51 70 6 41 -85 90 72 -92 -61 -77 55 35 58 100 -16 44 -27 -90 -62 -27 -59 73 80 -18 -62 9 -93 3 -87 -29 58 -44 15 -66 -60 54 -55 70 -91 48 -71 92 95 -9 -33 18 74 -76 87 95 30 -39 57 58 66 78 -20 16 48 -8 79 -50 -97 -94 43 79 -88 -48 88 47 -3
-94 -79 -16 -48 47 -65 -53 77 -42 25 92 -80 7 29 40 58 -48 24 -38 -90 14 -82 -91 43 49 -41 -38 -26 49 79 35 -55 -95 21 -84 65 -16 -93 -26 39 -34 -1 65 35 -39 -14 5 -41 41 -5 -19 -57 85 -75 38 -69 -44 -37 14 -32 72 -46 -20 -5 -17 -42 -18 34 -19 78 -55 38 -96 43 32 -38 57 34 -46 -50 -72 41 80 -91 15 -18 -69 50 -15 -39 -55 81 67 -24 -8 10 -29 -16 -52 -14 -34
-90 76 -93 75 31 91 88 -77 19 -10 31 2 87 52 96 -9 20 -16 -29 -67 -44 42 -39 87 4 -36 20 68 -12 -56 -69 -26 29 -39 -12 -43 -30 41 -67 14 7 -92 -78 -81 -68 17 -46 46 39 -57 35 -95 -24 30 55 81 0 -9 58 73 96 -70 23 34 72 -14 48 34 -30 83 21 -79 96 -47 21 -80 87 27 47 -4 63 -87 82 -46 -51 -10 79 -69 57 7 53 94 80 -10 -40 96 81 56 39 -34 66
-74 34 70 65 -79 -80 -26 89 74 82 -8 -65 3 -88 -53 -36 94 58 -75 -22 79 43 -95 -94 -78 96 -54 -29 -48 76 56 53 53 73 91 76 -85 -52 10 80 36 -23 -54 6 -20 -84 57 25 42 -58 5 -98 22 -3 -84 -61 -93 72 -65 6 92 -61 71 -53 -46 15 41 0 -88 54 44 -68 35 7 -81 54 80 82 81 -62 -26 -62 -79 47 28 -64 27 98 -12 97 70 61 -99 36 14 57 -97 -95 -73 -9 19
85 49 -95 12 82 -77 15 -9 97 -73 15 100 55 91 83 78 16 82 -40 -34 -57 8 37 31 51 -81 -54 89 57 -64 -24 34 -99 -86 -7 1 69 -60 -84 -33 -56 8 44 -64 -58 -52 -63 62 -58 50 -95 34 53 49 8 93 -60 -3 -26 2 -52 6 55 -59 7 -42 36 80 70 45 -21 -88 -96 -73 11 -49 -37 35 -49 21 -4 -95 -8 82 -12 -10 34 -30 44 86 49 -3 56 -5 -9 -41 3 14 61 -93 97
-88 -2 36 -36 -14 58 -55 85 -75 -69 -92 -26 8 85 23 -89 -20 -5 -10 60 -69 4 73 -19 37 64 -60 4 -88 -82 -90 -41 16 -61 19 12 -17 100 -11 -58 34 -13 -40 56 -4 7 -56 19 71 -53 -28 -81 -72 -85 -74 -50 30 -70 30 -65 29 -88 -88 21 -77 -93 -90 -32 -39 73 27 74 52 -37 82 4 46 -1 -77 31 76 -14 -64 -66 -22 38 95 64 -60 5 28 60 76 19 49 -53 22 56 94 1 42
3 -84 -29 84 -42 25 16 -83 -39 -18 -57 -50 81 87 79 -39 -22 -41 -100 61 -25 56 -100 100 -100 96 -84 -93 17 0 7 6 -28 85 14 -32 15 -2 43 -47 51 23 23 52 85 83 14 44 60 -79 -35 -48 -43 2 -52 -98 25 -13 -30 -78 -59 -30 -53 -35 -75 -76 63 -18 93 -68 7 73 -100 12 22 -5 -64 -37 -31 -86 -21 86 91 -92 -49 -42 -3 -84 -61 -71 -87 63 -37 36 35 -40 -78 -32 -66 -26 69
-60 20 -1 -11 -72 50 12 -17 67 -5 69 -10 -38 -5 66 50 -34 -94 -46 -58 39 -41 -22 69 30 50 -25 -7 -15 48 -4 -63 42 -18 29 -42 28 82 17 -57 -50 50 58 100 61 -67 -45 -79 -75 -23 8 73 -87 25 -28 21 -40 16 -70 -10 40 90 -20 34 4 73 -62 57 30 -76 73 25 -44 73 63 -1 -24 15 -48 48 -16 -57 -17 29 33 -32 -27 -36 -10 -20 -29 -30 -25 -94 -25 -12 -38 34 -53 -47 79
25 -46 95 44 93 -52 -92 -40 84 -1 96 72 -83 -12 -4 -1 -63 -2 44 8 -77 -54 39 -98 3 35 -52 51 -90 14 -94 -45 -53 12 35 4 -46 -24 -76 -9 -23 -8 -94 -54 80 18 73 94 -51 66 -80 -74 63 -10 -85 -68 -51 66 82 98 -58 11 -93 58 -4 -38 52 -47 81 17 -100 10 -57 -45 -19 98 -81 42 -20 43 55 -86 19 -88 36 -23 69 67 82 -93 -84 -82 57 60 -16 26 -84 -84 5 -2 -21
-7 -74 69 -13 35 49 -19 5 86 21 61 -78 -64 7 -8 30 57 37 -44 92 87 79 76 -80 -81 99 -68 99 -1 -8 -67 -73 78 37 94 -18 -24 -38 -83 -65 71 -13 12 -30 -44 20 -58 92 83 -43 49 56 40 50 -35 -72 -42 55 -68 -7 60 84 25 10 66 19 -97 7 -47 90 2 -82 20 10 -44 98 -46 -69 -88 -32 -70 95 -48 -32 -9 67 61 -56 87 -14 -44 85 -48 -25 -19 98 12 72 -56 -50 18
58 73 79 -78 -8 89 23 93 51 -27 21 0 -13 30 94 18 -13 -37 17 -63 8 -26 53 -43 -10 64 36 -77 82 25 20 16 98 19 67 -21 -75 -29 12 65 -70 29 -84 -27 -8 -32 -73 -68 -15 84 56 -6 -5 19 8 -43 43 0 -20 -30 16 -57 6 57 -14 -75 30 1 46 -61 -5 -35 -64 55 -10 -60 -60 11 -58 16 -62 -92 30 -71 -62 45 -26 -86 77 69 -18 -12 91 -69 72 -75 -42 -79 -16 -80 -73
-98 32 -45 -26 28 -21 -97 79 53 -68 -27 -33 -39 -74 11 -58 -89 -73 81 -67 -80 95 32 34 72 53 -39 -27 76 5 -32 24 -57 -29 -1 10 73 -53 87 60 -35 11 -97 44 28 -87 6 53 62 -48 62 -41 71 63 -41 63 -81 32 34 -22 -83 -66 -46 61 -98 -56 -45 -20 -70 25 -14 -89 -81 41 84 27 -80 -1 19 62 38 -67 -81 37 77 -64 77 -74 -79 0 61 33 30 37 54 56 42 45 -27 -3 -41
-62 -66 -8 35 -59 99 -22 -31 -65 -93 -71 -60 80 -79 -34 -100 46 15 71 27 -4 35 71 94 74 -71 -3 -36 -23 60 74 88 -81 -46 -64 -37 -25 -13 -6 59 -21 69 -3 28 15 77 50 -11 63 -63 -47 -67 -39 50 -1 -51 91 -27 70 87 54 -62 -79 16 -9 -85 78 -42 71 -75 -35 65 37 64 2 38 -47 -44 2 -68 93 -99 -37 59 54 7 -59 54 5 -69 45 89 71 -97 -54 60 16 -19 -52 10 -31
43 -22 -23 65 -19 -45 66 98 -57 -95 -70 -56 33 -68 -39 -80 -56 25 -100 72 11 46 74 4 49 -14 -94 -54 -19 -99 47 -78 77 23 -28 -23 25 72 15 47 -47 -26 92 31 -11 58 -5 32 51 -72 -73 3 -40 55 46 16 39 -3 -61 44 -58 -67 90 87 -90 20 85 -75 21 61 42 -91 96 -20 -75 -57 -93 47 -84 79 -53 10 37 -95 21 -82 -19 90 74 96 7 -71 -62 -42 90 -25 12 -11 -50 23 2
69 60 86 -63 -1 92 57 2 98 -22 20 -69 -56 40 80 -5 -98 -66 89 93 -20 17 14 23 -78 45 76 -40 46 53 34 35 87 91 -24 -42 37 24 25 87 -33 -58 84 -76 76 18 100 -18 7 -42 2 -13 100 26 -32 3 -6 52 -6 -46 44 -37 98 -17 95 35 18 33 69 21 46 20 -28 -66 -80 74 -85 -52 -32 -96 -59 38 -77 73 77 -21 77 -70 21 -52 0 -99 18 50 -72 -60 70 -88 -47 -45 79
-37 81 -98 80 83 44 -18 -29 -87 27 33 2 -80 74 82 -73 -29 91 -33 -62 44 79 -77 -4 -73 67 -44 -37 80 -33 26 -18 89 -9 -36 -79 78 4 -90 -35 56 -11 27 -95 -86 22 74 64 27 -66 -71 -91 -45 -59 -35 47 74 9 -42 -69 5 -83 58 16 -95 -48 -76 87 -39 -39 30 12 48 -12 -98 41 -98 -25 -34 56 -32 31 71 3 -62 -5 -27 -35 -6 23 -71 21 65 -58 -19 85 97 -99 11 -31 38
-32 11 76 -19 -40 -29 -56 73 17 -58 86 72 -92 -48 22 88 90 -6 54 -65 95 2 -76 67 -63 37 -42 89 96 -70 -31 -93 -1 39 -51 -5 75 -47 -2 25 60 28 39 -57 -25 3 -97 -68 -33 60 90 -92 16 23 84 -10 90 -79 8 -3 -58 28 -17 -40 67 -41 -75 -22 -80 -38 47 -56 25 23 80 52 -52 -72 -99 -12 -54 -40 -5 16 -98 -34 49 3 39 -19 58 -85 -45 -73 -72 -91 22 97 74 35 -60
-5 97 95 27 60 67 -26 -50 31 -88 -82 35 -12 72 -73 -97 -11 39 -38 77 68 3 -16 3 -18 -14 -75 -58 89 76 57 55 -76 -21 7 56 62 14 -79 -89 18 77 26 3 43 -58 -7 -18 -91 -42 -94 6 -62 -54 -11 -12 69 54 -33 13 62 73 66 -18 10 -4 84 34 51 65 82 8 -44 -48 -93 66 68 -62 35 -40 -45 -80 -52 -76 -62 87 -7 42 -60 58 68 -10 -48 -74 57 73 -90 43 -36 39 -4
-42 -19 -52 41 -72 -3 77 -91 -63 -64 96 -20 45 92 -88 50 -35 50 -68 96 17 68 88 55 -64 13 -79 63 -51 -21 73 -71 -1 90 -49 81 99 -96 2 89 93 40 -88 50 -78 -25 -2 67 -56 66 -33 -51 -66 55 59 78 2 51 -41 -59 -53 -7 -93 92 -46 28 47 -86 -73 -57 -9 96 -34 -81 -14 -47 94 20 -69 -88 41 -80 77 52 67 36 92 -9 -46 50 -50 86 12 -74 -83 -97 -37 30 -7 -64 -16
63 36 54 -33 64 -19 -82 55 7 -21 -12 -74 26 -87 71 41 31 56 -21 33 -92 -58 64 89 73 -71 -46 57 83 94 52 -91 22 96 40 19 82 -14 -22 -100 30 65 -5 -2 94 -93 32 66 -9 -40 -67 -98 93 8 -5 -36 61 -66 -85 -14 -40 56 -93 87 100 70 28 100 -28 7 -14 28 -48 44 -37 95 58 -40 -40 85 -79 -40 -90 -13 57 -11 18 -86 -99 -12 -69 19 6 -35 42 5 19 -20 29 34 -44
50 -10 -7 0 -60 -15 82 -78 -93 -3 -47 -56 -39 -70 46 -84 74 67 -61 2 10 -2 81 43 18 -73 84 -14 -42 -97 -69 87 -55 54 69 86 -9 -96 33 83 59 -83 -13 10 -16 -41 14 47 -45 -37 24 -31 55 -35 41 -18 -93 17 22 -59 -82 37 31 12 82 82 -99 -17 -30 70 -2 -79 -76 44 79 -33 83 65 19 -35 70 50 -48 100 16 19 -79 -79 -89 2 35 72 -84 80 -56 87 -61 59 36 -9 65
27 -69 91 58 93 -66 86 99 79 38 -79 -92 44 -39 -94 -49 -94 71 -47 35 -87 90 -36 15 58 100 24 29 79 67 -41 -85 11 41 -6 98 92 -85 42 -21 -7 72 5 -7 35 -34 -78 5 -77 -95 -48 66 -31 83 96 -98 -38 65 -98 -30 -20 62 -3 -80 -29 -53 55 88 -51 -49 28 85 47 -57 -28 -10 -88 -62 37 64 47 -1 -15 -3 71 85 66 14 -68 67 -60 40 10 -35 -91 41 10 -44 51 94 34
78 -70 63 -39 6 -64 -74 50 -50 -2 -50 -62 -94 35 -17 21 14 81 95 22 -84 -25 14 -28 -85 82 -58 70 -7 84 64 22 39 50 -75 64 43 51 -89 81 -28 56 -77 -73 74 56 97 -58 -22 -84 -70 4 3 -61 1 -46 84 100 -42 -21 -4 -10 -62 -67 78 93 46 87 -10 5 47 95 94 16 -39 67 -96 -80 70 78 -98 -58 -63 64 50 63 41 89 -42 -16 -28 -10 -11 38 41 64 79 96 -8 -42 27
16 14 23 -73 65 96 31 -26 -100 -40 36 -8 -34 -40 -68 -58 71 27 71 -84 4 -56 -68 37 68 86 -64 89 11 73 12 51 62 -98 -58 26 42 9 -82 -15 16 -91 -48 -70 -3 -45 -1 -17 25 58 -33 -5 40 60 25 -46 -14 -25 -58 -8 -96 74 3 9 30 -55 66 -93 67 37 -37 27 18 53 -5 -67 -95 57 28 69 -74 -39 -84 79 26 26 -56 -76 -99 -40 -57 -42 -1 -77 -14 37 -43 -74 -2 -42 -58
93 56 -22 70 34 29 46 -85 53 -93 43 71 81 -36 -99 23 66 42 -19 12 -10 88 10 91 59 48 -71 35 -90 -62 -46 -13 46 -18 76 63 -80 -84 55 -14 99 84 -81 19 79 32 -82 87 -10 17 -64 -92 46 -46 75 60 52 64 14 83 66 18 65 -76 82 53 -100 42 59 -77 -44 86 -7 70 47 41 8 87 41 4 -51 -10 87 88 4 -71 -76 -88 87 75 63 -88 -12 89 14 70 68 -50 -61 95 70
47 -33 -51 -45 -71 -55 -36 -42 76 -26 42 -46 -15 15 -49 32 12 -35 -15 -30 65 -66 -14 -29 -52 -17 23 -44 -79 -15 80 66 -44 -35 -37 -82 64 51 -50 22 70 41 29 31 -61 -12 -35 -58 80 0 76 32 -1 -94 85 -82 33 -1 47 76 -61 -27 86 -76 78 -20 6 -93 -50 37 0 -52 66 39 83 -79 18 80 32 100 -55 13 8 57 86 4 16 -44 -45 30 3 -12 -7 -67 14 -1 77 -5 -38 100 -88
95 -32 9 52 38 -35 93 -71 30 -87 19 95 87 -53 12 73 -20 53 -50 -11 -15 -3 25 -86 26 87 6 -31 55 -48 -46 -50 -27 -62 9 -81 46 51 2 32 33 71 45 81 56 27 -53 -5 -17 81 37 93 81 11 -74 29 -92 -66 18 -89 37 -49 -87 -5 -23 -85 99 -87 -38 40 -89 89 72 -53 8 -66 90 -80 47 85 2 -8 16 12 -32 -5 100 43 42 51 -8 92 -44 0 -34 -65 -54 -18 48 -90 -81
-5 -9 68 -68 24 21 -16 -58 6 54 -69 53 -100 -83 61 14 54 -50 -42 59 53 -2 60 -85 62 19 43 -21 88 21 -49 -77 -60 -72 44 66 -47 52 -7 84 12 -95 -19 -57 53 -98 2 -25 61 86 -34 56 -70 48 75 -29 82 53 98 -23 72 -97 50 -58 -17 73 -18 78 -55 -23 81 -76 8 62 -70 -49 87 74 -48 31 22 -67 56 -40 85 -87 54 42 68 99 -90 -36 -24 3 -26 32 72 40 -33 -97 -40
-45 -56 97 -78 25 -11 80 -20 77 -49 82 -25 -13 -26 -72 -79 -30 86 -5 21 4 67 -3 30 -1 -55 -96 -80 -69 57 -40 69 -45 91 -93 -77 98 43 -20 -26 -16 -69 -32 6 56 -61 64 -67 55 -89 -75 -87 -76 56 45 49 88 78 23 -59 54 -87 88 -16 78 -54 -77 86 -71 -99 -28 11 87 -33 -63 91 40 -17 12 -85 9 37 63 42 16 -52 86 73 -40 -78 -23 98 -8 -22 63 0 70 1 64 88 18
2 13 -36 -44 79 -86 -2 -52 66 77 -89 82 -9 -25 -76 50 0 -14 56 42 -1 73 -31 58 77 -55 -69 67 50 6 42 -90 -38 -7 41 6 87 -5 -89 -64 79 84 43 -28 46 3 62 5 27 -24 -59 -18 -100 85 20 33 73 -1 11 59 46 -73 -52 12 2 76 -9 -44 65 -27 -47 -9 2 94 -26 90 -98 67 44 76 92 12 -4 -38 95 70 27 33 11 -64 -8 78 82 -96 99 -16 -12 56 -46 59 -96
-50 -97 -26 -6 -54 -71 -28 78 -56 -49 5 85 81 -95 13 26 17 -90 -5 39 61 -24 -77 -65 72 -24 62 69 76 21 2 23 52 13 -91 91 -58 -73 44 14 50 82 79 20 -91 -37 40 -86 -26 4 28 -46 -47 -58 -10 34 0 -68 -46 -54 -62 -35 23 37 -82 69 -89 -26 -33 -54 96 63 -20 2 -71 -58 -92 51 38 10 47 92 16 -75 55 17 -98 -5 -6 21 -20 65 -77 37 85 -33 2 -75 41 -4 69
-77 32 93 79 79 -85 51 47 92 19 -50 53 -21 82 75 -2 -44 -7 -22 -68 20 -26 -47 0 97 -46 59 -54 38 35 24 30 -23 -19 -28 73 19 62 -91 -95 55 4 -44 -71 3 75 -100 -89 -9 43 -3 29 -32 -85 71 -53 62 66 -31 24 74 -98 -88 -12 84 -64 -46 54 27 -87 -2 58 -76 25 8 -2 -13 -67 -65 43 -87 -85 12 7 -59 81 95 -20 -94 -93 -17 37 -38 66 -45 30 65 80 2 9 57
-19 -23 -53 85 -10 51 -50 -89 -53 -82 2 -21 82 -60 62 64 -88 64 -23 -38 27 79 -32 50 42 25 -11 -5 -56 -75 11 31 -84 -68 -73 25 -65 12 16 -29 63 -98 -96 28 -99 47 60 89 -78 21 -8 -92 36 -84 -13 59 47 -71 -7 -59 -47 -4 -32 -47 38 -73 88 62 93 89 -65 36 -7 75 69 -64 -97 28 51 -5 60 22 -19 42 -12 58 20 -9 -64 87 -93 53 14 -66 -30 48 -73 -75 83 83 39
-48 -17 12 -75 19 69 79 42 63 -18 -2 -27 19 -1 -6 -82 -82 -48 61 55 -1 1 69 -35 -100 -62 86 -26 -67 97 -60 68 -83 -77 23 -94 28 2 65 -73 79 29 -69 75 40 94 10 2 -60 30 -9 -18 -40 -91 -60 10 45 18 -68 70 58 90 -100 -38 34 -76 91 19 48 96 -9 33 46 12 -9 -23 99 -93 -100 17 56 -10 33 10 10 29 19 98 -26 -81 -14 -88 -98 -4 11 -65 -70 80 -89 -98 -40
73 91 46 -15 37 -54 8 83 31 -8 -70 -4 21 -80 63 64 -90 53 6 8 -30 79 -70 57 -81 77 98 28 97 -15 -52 -93 30 -10 -9 24 -97 -26 -36 -43 2 -87 -67 -14 20 51 14 -49 -1 -19 -84 50 37 -84 -67 -41 96 -35 16 -53 31 -49 -75 84 -64 9 -93 11 70 96 -21 -69 -17 -92 93 4 33 78 49 87 9 -46 9 49 -11 90 -91 -54 8 -4 -69 -32 76 83 53 -11 -42 -37 84 69 39
-66 -96 39 70 25 -25 7 29 35 -12 86 -23 -67 50 38 -42 -21 82 -92 78 -42 42 -6 -30 -63 -71 -20 45 -14 -38 -43 89 64 -84 -83 3 -13 23 -8 0 97 53 -73 -65 -8 -36 17 -9 -14 63 -24 73 -8 16 -29 84 -87 -61 0 -39 -73 -97 73 83 -89 -4 53 47 -13 -46 -63 -39 -80 97 -36 -82 -41 -13 68 27 71 0 9 -8 72 -16 30 59 -62 82 79 -15 4 63 4 -29 97 -23 26 28 75
-39 84 80 -48 -69 38 -84 -37 -97 -86 -41 33 7 81 54 -86 100 -48 -55 -45 44 -18 -97 -65 -50 50 37 56 45 -69 71 59 79 -15 23 -62 -55 80 -24 -50 62 11 86 -80 9 -5 30 26 -17 12 -23 6 -48 47 31 -13 13 99 6 -72 43 16 26 -100 -52 96 -16 25 -32 74 -72 -92 35 -70 15 -2 -15 19 -15 20 48 59 32 86 -73 6 -44 -25 43 -3 72 64 -25 -95 -79 32 9 -5 21 80 -100
32 -58 -69 -2 36 35 -86 27 -58 -61 36 89 7 -9 48 82 -78 -15 41 2 9 13 -9 -2 83 -20 71 -65 -80 7 68 -57 -4 70 -38 57 -31 43 81 -16 -23 98 33 21 -63 50 59 -59 -18 -67 -4 76 -20 0 10 75 -5 -96 82 45 100 5 83 38 71 -21 -19 21 -56 -33 -19 -40 17 -13 -72 81 28 -17 -77 8 -96 4 54 -82 88 -71 38 -82 -63 41 -26 25 45 -35 61 67 77 1 52 -31 54
71 18 -50 66 97 -81 -90 68 -66 -86 78 81 37 49 39 -10 -98 14 71 80 -52 79 88 23 29 -9 29 -3 4 15 -50 73 45 -9 49 -21 85 87 -3 56 -29 75 -9 20 -60 14 -22 100 -15 5 -23 26 1 -77 69 -67 23 -23 29 53 -20 68 -99 -99 -93 -47 -90 0 -21 47 -72 -67 -19 57 -46 33 -58 -37 -41 57 29 -33 -24 21 49 -54 39 78 -54 -48 44 -61 -25 17 -63 28 41 -96 44 18 65
78 -13 -62 88 17 59 56 80 35 -51 -57 17 89 1 62 -69 61 34 40 -93 -64 -17 -39 -66 8 -2 27 -9 -14 68 -63 12 -92 -92 58 67 -70 -95 -54 -3 -48 75 -55 77 -25 -83 75 -95 -1 -92 100 -86 -46 72 20 79 -28 65 15 -75 40 40 85 -50 17 40 -80 -25 44 -86 88 -88 12 -79 95 62 -34 -83 -44 -33 -73 -50 -12 22 75 -77 -99 14 87 71 -16 6 -54 -28 -21 -76 0 -78 95 28 45
-15 91 83 -90 -94 19 25 13 -41 53 19 -89 25 62 15 -55 8 1 -49 -23 43 -86 -37 -96 40 67 97 -16 97 -87 100 44 14 97 -63 27 -18 -86 96 -84 -2 55 100 -57 -16 -97 49 -84 28 -34 -52 -43 92 82 12 84 -87 -78 98 -30 -34 -13 27 -75 -90 -31 -94 -14 31 -32 53 -83 28 86 69 -44 -95 63 83 -97 81 -55 -34 -54 56 -74 -80 76 -26 -53 96 -39 26 -41 41 -56 -28 -80 84 -10 49
-89 36 -98 -34 -7 -4 94 -25 -19 88 -70 88 -40 77 -74 43 92 74 47 100 33 1 14 9 89 -31 43 -39 48 -84 -92 20 -98 57 -57 100 66 -82 -73 89 24 87 87 72 16 -59 -72 93 99 -61 -60 -3 80 -99 -73 80 -45 19 33 -89 54 87 -62 -77 -38 -76 -72 1 -30 0 65 49 66 -16 -37 -19 -41 30 8 76 94 2 66 -76 73 -50 44 40 84 33 -28 82 26 -35 11 -70 -100 -80 13 70 -41
-28 61 -4 66 -23 -89 -23 -39 -88 26 55 -86 18 61 68 -92 63 -35 72 75 22 -50 83 -11 -9 54 32 28 -52 85 33 95 -91 37 75 73 -24 1 -10 53 -8 83 90 -13 65 -8 11 -43 -93 -55 19 -98 -32 -14 -51 -65 -43 96 -69 -21 16 10 86 -3 16 57 54 29 -15 91 -67 44 -46 18 -2 35 61 -41 13 86 62 75 51 -56 47 14 -43 12 -63 -88 -73 50 -5 27 40 94 -3 27 36 68 0
44 24 -86 -27 80 -87 46 -71 75 44 4 94 -73 77 77 -99 -38 87 -18 70 -58 8 -66 38 -49 -25 5 -13 5 40 23 18 53 -6 -68 -55 -97 -19 -65 -76 85 4 62 -17 -98 -90 97 -65 14 28 -21 -22 72 -2 25 49 -94 74 -7 -86 39 52 1 14 18 48 85 90 88 4 8 -64 40 7 -59 -8 92 69 23 27 100 33 -80 -29 -56 -69 -62 -89 -98 -56 -15 -71 4 -92 -86 95 -71 9 14 65 -3
-59 45 61 -58 -83 -51 -21 56 95 -54 -6 33 33 -10 -46 -70 -6 20 -99 18 15 74 40 -70 -72 -94 17 52 71 31 -5 -89 32 -82 -75 -96 50 -58 -14 -34 61 -2 -49 -2 -45 -72 27 93 39 -54 98 -5 28 54 -9 17 35 -52 -37 99 19 52 -41 10 95 47 29 13 -79 50 55 -91 -83 18 5 11 -93 50 24 22 -77 18 18 94 -99 -38 -83 -10 40 -70 -61 -63 48 -67 14 5 12 36 44 30 74
76 77 -68 34 -68 99 24 -42 -96 -80 -65 -53 37 77 18 -31 29 78 26 -20 20 -87 -7 91 -80 -16 -64 -70 97 21 64 19 -52 -11 -57 82 87 -1 -47 -69 78 -58 75 -16 -88 -57 -36 96 -81 52 -97 86 61 -70 -15 15 99 19 -68 -62 84 -75 -34 87 43 -7 81 54 57 38 62 -56 66 -48 -20 -2 49 24 52 5 29 -88 99 62 -49 -52 -43 72 -59 -79 -13 -38 -54 -67 85 36 -56 -65 -71 7 73
-5 -1 49 -53 93 26 79 4 46 -87 78 66 33 13 78 -67 2 99 74 84 -75 14 -36 -51 -84 89 3 -61 -63 83 -76 12 -93 -10 -82 -25 -93 49 -98 -85 26 89 65 6 -63 89 8 -77 -25 -6 13 3 70 44 -83 29 -2 -56 70 98 -32 72 -16 -12 -99 32 63 -81 12 -90 22 85 -88 -61 -18 91 -2 75 -51 -45 -20 -4 66 89 89 68 24 35 -74 -82 -27 -9 36 -74 -26 -92 -32 -63 91 -2 -76
13 -96 -24 -13 -94 21 41 58 1 -12 82 42 48 75 -96 22 -24 97 9 -93 92 49 -37 72 94 18 -65 95 49 -13 64 -85 36 -52 -14 69 -33 58 24 -24 21 82 48 -1 -29 42 95 -5 -92 -81 -75 15 -4 -97 -98 93 -25 -74 -60 1 -51 41 -27 -25 58 -69 -28 -79 73 65 54 -40 14 -24 -62 9 -7 -84 68 -92 -18 -79 1 -66 -16 -6 75 -14 93 -8 -42 100 30 -63 -2 1 -43 69 47 68 -84
99 -29 61 10 -25 70 80 30 -35 -57 2 -11 83 11 100 -50 67 -58 68 -10 -87 71 -57 -58 -23 -60 82 87 -79 -68 40 -1 77 -30 76 -66 74 77 -64 15 -39 86 -28 -79 -74 -18 83 -23 91 -61 -28 68 -52 -61 -88 -65 23 -49 -59 3 -77 0 81 95 -86 57 24 -45 80 52 62 84 62 -94 -74 31 -57 77 -46 -74 19 -51 -42 76 -62 80 -22 74 -73 -87 9 -74 -15 -63 -21 42 89 -83 -4 -59 41
33 -45 -83 -39 37 28 8 -72 43 88 9 6 92 3 -4 -11 -68 -56 -32 -92 -64 -82 37 95 29 -6 -33 -14 60 -33 62 -94 35 -30 -77 -23 -53 37 -69 -55 91 -89 41 -70 25 61 -91 -61 -64 -74 3 80 82 -28 -94 -55 91 -62 -72 82 10 91 -50 -99 -86 10 64 -72 -6 30 -80 97 -54 -41 -70 -73 -69 -99 -47 0 -12 36 -20 5 97 34 -76 -17 53 66 9 85 -53 29 -91 54 16 18 74 -7 -60
-98 -29 -1 22 1 -2 85 33 21 21 -50 -63 43 -59 -52 -11 89 -26 -90 22 -45 -76 -13 40 51 -17 13 -15 -93 -50 12 -53 -39 -72 89 -25 -64 -83 -27 -59 84 63 -52 -11 88 33 -85 94 19 95 67 -18 95 38 27 -30 13 -93 46 -66 62 37 44 21 -52 28 92 77 99 -26 20 75 -37 47 -82 -46 3 39 -66 38 18 31 -24 -69 -39 -74 -17 96 -87 -93 -83 -51 -40 78 -92 42 2 44 -95 -24 -71
35 -40 -9 -13 -99 82 27 68 13 -4 -40 49 -34 -88 4 -79 -85 -73 -53 -97 7 -24 70 83 -12 -75 79 -83 -1 -97 -17 61 79 -79 76 -32 62 -25 -33 -33 67 -81 -41 91 89 -90 95 60 -35 -91 -50 44 74 -40 -4 -93 -30 77 -37 24 35 -67 -97 4 -48 -98 42 21 2 92 -14 -81 -88 -6 -24 33 44 -22 34 -65 53 50 -87 68 27 -43 3 7 -80 67 -52 59 82 -67 -63 -43 -78 -50 -38 36 15
-70 0 -99 43 37 96 -32 74 3 -69 90 -12 -36 31 31 -5 75 -95 99 91 -58 -70 14 79 53 48 15 -8 80 96 -80 -61 60 -93 21 -44 -12 -72 24 81 22 -40 19 39 -26 38 71 41 49 45 42 45 86 66 -16 -27 -28 -72 32 0 -52 -71 66 -85 -17 -95 76 70 -35 54 8 -3 -85 -69 -58 73 95 -93 -6 27 -100 -66 40 46 9 4 27 -86 -6 34 18 9 -11 -51 -63 -89 -26 -43 27 44 89
-34 -35 -18 -97 -38 -13 70 17 27 26 1 -56 -99 59 66 -80 37 -31 -51 -63 70 87 44 92 70 26 76 25 -11 10 -64 33 -77 -3 -17 22 13 -92 7 -46 -24 75 -100 55 -64 60 60 54 -59 17 16 -60 7 45 -16 30 35 91 5 19 94 7 -26 -95 -16 -33 -51 -80 65 58 24 -14 -13 61 62 92 16 44 2 64 78 -27 40 -87 81 95 -75 -9 62 89 51 -79 8 -95 83 -16 -12 9 100 -88 33
27 85 -95 86 -69 22 -6 -83 -66 -86 -62 -4 -19 90 -32 -35 47 60 -84 -66 -85 70 -31 -76 13 33 12 -81 -30 -81 52 -51 -85 51 -16 15 -47 -25 -43 77 72 52 -43 75 16 19 -72 85 87 -98 -41 77 34 61 59 17 8 -91 2 0 17 100 -71 -55 76 -29 -28 -99 29 13 -14 -46 39 -67 27 25 37 64 50 34 94 13 -43 50 -19 76 -71 13 67 87 -83 -27 -58 61 18 -50 -78 -89 41 -35 -95
0 -70 -48 -35 -97 -99 33 -55 41 -64 -8 -1 68 -66 -41 79 -80 -90 55 -30 -46 73 29 -32 -38 52 -46 -82 57 -68 -44 59 -67 -87 -25 6 15 29 90 77 28 -11 -50 -34 25 -96 -30 -80 77 94 81 -2 -83 -56 66 -90 -33 -71 -50 -72 -86 -44 41 -75 -80 -80 53 16 -6 -65 86 -26 -20 93 67 -8 -70 -67 -67 -12 -21 -72 80 -38 13 22 -82 62 95 28 88 -25 -46 70 -11 61 -60 -53 -97 -91 -83
-27 -34 70 92 -31 33 -52 -73 -35 -10 -83 -53 71 -41 12 47 -33 58 63 -79 -56 -12 81 91 -68 12 -14 32 81 -61 -68 -3 -43 43 -5 19 -30 -66 14 -41 -66 65 -39 -26 -7 48 -59 46 37 -56 67 67 -14 41 -67 62 -65 -62 35 82 77 -18 17 21 4 28 -33 -72 4 -90 81 -96 23 -87 -25 -12 -98 -7 -98 15 28 -49 -26 -5 91 68 -60 93 -69 67 79 -82 -83 19 -93 -1 -72 -49 -19 57 82
66 63 -38 -69 38 90 43 -90 -26 2 -9 93 85 46 75 -23 -17 17 -32 93 62 -38 60 -99 -41 14 48 31 6 -30 -72 -25 -84 11 -55 16 -49 -66 -63 -44 3 -13 34 28 54 -61 65 39 -31 -88 -24 16 -73 -47 8 84 -97 25 -72 -81 -74 -98 5 -22 33 -12 19 -93 -97 50 87 90 -41 87 2 2 -63 -15 -21 8 -81 -83 -84 91 -47 62 58 -22 -16 -19 -12 92 0 39 38 15 40 -17 -39 1 -25
-17 -7 -40 -53 -64 3 -73 81 -90 -23 -51 -23 -47 -22 -55 8 -20 -68 16 -4 -98 -63 35 69 44 94 -78 -26 -11 68 -22 10 -61 -30 32 14 -24 28 -57 37 21 22 -56 80 41 -72 -10 32 17 -85 16 100 26 42 17 -75 -69 -71 -85 55 68 -58 -63 60 49 -48 -43 51 74 98 -57 37 22 -100 -38 82 70 9 -26 -26 -65 58 -44 -51 -2 -54 86 47 -81 7 -2 -54 -87 -37 -11 -58 -19 -82 1 76 39
-71 90 -71 60 -25 57 -16 -13 -18 50 -87 -82 8 80 20 1 62 52 -64 -41 59 3 40 66 -76 23 52 -36 -93 -77 -79 -72 -3 77 -42 19 -71 21 48 96 60 -12 70 -82 -49 70 36 9 -97 42 98 83 25 -16 83 -34 64 -10 69 58 89 70 -60 1 -40 35 27 76 32 92 -21 -73 25 47 -1 -82 -87 37 16 76 9 99 -85 32 -8 4 -70 80 -31 11 -17 26 80 -3 -21 34 81 -41 3 -61 -66
-83 -12 -65 40 -85 -93 27 -68 30 -4 -89 1 96 55 49 -52 -30 -78 -99 42 97 -31 65 74 -1 -14 87 4 68 -91 -52 40 -27 40 -82 -12 -3 -73 37 -82 -99 91 -7 98 21 49 -69 83 69 -40 15 -57 79 -36 -51 3 79 66 -69 -89 70 74 -28 39 -39 -25 -67 74 67 -38 -62 61 61 -25 7 -80 -54 76 -87 -94 -36 -23 55 -7 -88 -92 -40 -7 -65 -60 -80 -28 86 8 85 -28 -15 58 -24 -19 -9
42 50 -10 64 48 57 -11 28 52 -43 22 27 61 -41 -99 14 -60 41 1 81 12 34 -93 32 98 60 -77 57 57 -90 -10 -48 67 -61 61 100 -73 -51 37 80 -24 -34 -99 55 38 91 -46 78 -93 -32 12 -51 -79 -2 -37 7 59 42 -73 -45 30 18 10 -20 -79 -41 36 39 74 -82 -74 18 75 3 17 16 -64 7 -47 66 38 -41 -70 -34 74 99 -13 -15 -95 -56 -99 57 -44 57 79 93 33 -66 -11 -46 18
26 -9 82 27 67 32 -24 32 -3 16 -90 59 -58 53 63 4 -6 40 -82 -57 -52 33 -21 99 13 -62 -76 0 38 8 48 -10 -88 -48 -41 -63 38 -2 -93 14 -81 92 -40 -88 -50 -85 -6 6 63 -83 -97 5 -11 35 5 -93 -17 -35 -74 34 -49 68 -85 94 -14 40 -38 -49 54 53 24 -83 -6 84 -79 15 -45 -77 14 30 -82 96 -25 -11 -59 0 97 -59 33 -35 51 30 -57 -98 -5 -7 91 -75 10 -73 -43
