1.753810
-2.056023
2.256925
-4.202561
-2.113219
-6.634963
2.889805
-0.220266
1.705676
1.958462
3.862830
-2.416304
1.408577
-5.056298
-2.158166
0.751072
1.208420
-2.431298
0.047559
-0.448301
-5.966213
1.505204
-0.942699
0.553627
-2.409382
-3.547440
-0.204692
1.036460
-3.297947
0.339114
3.680776
0.649953
5.267323
-2.227226
-5.833373
-3.130992
-4.016049
-2.022664
-0.763587
1.328182
-1.585151
-1.246414
-1.988540
0.729462
0.580588
-2.743079
-0.812550
-2.193353
1.143107
2.944125
-1.427540
3.553934
2.447068
-0.379440
1.673455
1.994441
-5.932756
6.501118
-0.767202
1.053300
-1.018010
-2.792225
-0.239983
-3.641799
0.177733
1.525114
1.429254
-0.911807
1.125689
1.063013
-0.113689
-2.746641
3.272789
-3.625547
3.133150
-4.130645
-1.774441
-2.614877
1.945920
1.119719
3.684378
1.807589
1.265726
-0.575871
2.782349
-8.645972
-8.002637
4.096037
1.947918
-1.651892
2.873844
-4.047641
-0.636326
3.873903
-1.470403
1.106093
-1.890375
-2.890490
2.557170
0.340018
