-13.809616
6.250453
-13.177308
0.970947
3.894918
-1.323603
4.225785
-6.730368
5.088473
7.571474
-9.924640
-3.034477
-11.710480
1.401689
-1.569543
-19.207094
9.098774
-17.026739
-8.199577
4.911754
0.697128
-6.907780
-7.486545
14.795934
-1.939814
-3.500307
-3.613250
13.377850
8.247115
-10.808379
3.165689
5.822527
-2.031187
2.666553
13.134212
-3.722679
-9.292355
1.692027
-3.473895
-9.524373
4.502568
6.647408
4.700018
6.517462
11.505056
-7.449355
-6.886024
6.855442
3.505460
5.878850
3.430263
-6.456864
2.324807
-3.609365
-14.496910
-8.910213
0.882701
-5.884092
3.179406
10.605686
-3.049277
-0.774137
2.308774
-0.926514
-0.076961
3.870800
1.146387
7.925848
4.363778
0.783740
-4.594507
11.404628
13.462944
3.451835
-6.524260
-1.562418
11.136099
-2.969612
-10.161996
7.749661
8.345146
-9.987820
2.839007
2.839418
-5.206475
-6.672050
-14.672316
-4.694048
4.783484
-1.076072
4.980038
-6.658382
8.683453
-0.960674
-4.972867
0.476798
6.468660
-8.819477
5.331690
-5.786212
