-0.376379
-0.999749
0.860109
0.762244
-0.495610
2.468035
2.271894
-0.206295
1.433316
1.628847
0.281029
-0.397650
2.097882
-1.159116
3.120538
0.801928
1.698842
1.097975
0.066446
1.319641
0.109868
1.126885
1.004362
0.978867
-1.823058
0.626721
-0.934002
3.019424
-2.433338
0.214571
-1.916666
0.481034
3.444404
0.746739
-2.970459
-0.518146
-0.894569
-0.311765
0.458479
0.094884
1.721106
-1.458075
2.450785
-1.539534
0.977491
-0.681307
2.746400
-0.159365
-0.793786
-0.856173
-0.782297
0.663209
3.438470
1.427958
-1.084447
0.122573
2.435742
1.124617
-0.012755
-1.558041
0.715034
-0.400947
-0.590730
-1.325629
-0.694969
1.022404
0.938695
1.196749
-0.098614
1.266400
-0.697946
1.030258
-0.026828
2.869185
-1.971068
-1.342805
3.799033
1.338618
-0.833006
0.012571
-1.327219
-2.450916
1.654118
-0.676434
0.300963
-2.110467
0.026473
-2.231291
0.525685
2.183665
1.059144
0.337738
0.324103
0.342959
-0.574691
0.490226
0.496139
2.417927
-0.333615
-1.911338
