-62 -93 69 -12 35 0 -36 -74 -1 78 -43 14 -21 48 23 86 -15 65 -18 -57 -31 43 56 66 15 49 66 -40 52 -16 -79 -19 -51 -7 -58 49 -59 45 23 -4 69 -50 24 -90 65 -9 57 62 -57 68 0 -51 17 -21 68 -93 -95 -17 -84 -20 32 -90 34 -99 68 98 -41 52 -15 -73 -88 24 -68 -27 -89 8 -30 -65 -89 27 -58 -8 -92 88 11 -87 -63 32 42 -59 31 -14 24 -11 48 -99 -1 48 90 -100 60
24 94 67 19 51 -40 64 84 -89 92 -5 -15 81 87 7 55 -10 78 89 34 39 53 94 76 -3 -84 -65 -76 75 -65 66 95 -49 2 73 38 30 55 73 -64 -6 -56 97 64 -79 7 16 83 26 83 -75 -92 -93 -60 -92 -99 -89 57 20 -38 40 56 -1 2 -4 -97 -45 99 22 -68 5 -46 -92 -16 16 70 3 61 17 -80 68 -99 59 -9 -24 -80 39 54 70 19 69 58 -75 84 -90 -16 22 26 -30 -75 40
47 3 -97 -91 73 -90 73 -98 -10 90 40 70 38 15 57 -31 -51 -9 40 78 -81 13 -55 -85 74 -51 -71 -25 -27 -36 -56 88 100 -71 74 82 23 20 -79 -54 -99 83 -5 10 83 12 -23 11 44 -66 22 49 -28 -79 21 -44 82 -59 -44 -54 82 -60 59 -94 36 71 91 -91 -6 22 -47 3 -69 -42 76 24 69 -49 -58 72 12 94 -81 -84 -81 -49 -71 -89 -3 -95 1 11 -56 52 -5 -97 -41 70 -64 44 73
-17 90 99 61 -100 34 -82 97 -81 4 98 -70 14 -69 67 -28 64 -6 68 96 53 -99 61 40 95 -47 -58 -7 81 -87 -67 42 -19 76 -4 -73 48 -52 49 -23 56 -72 -85 -24 11 -35 -5 -9 83 85 11 -82 -63 -100 18 -71 -93 -78 56 -46 -97 -59 -95 80 -96 -47 -100 69 15 -74 -75 91 -26 -32 -85 -28 12 -70 91 -3 40 -10 79 -15 69 72 42 -72 23 20 -24 -6 -6 23 -3 55 -59 -40 -27 -64 27
-93 -49 82 -10 87 -73 -34 -92 -53 95 -88 -2 -66 55 -45 93 -41 -46 -29 92 -87 -58 80 61 -77 23 -91 52 24 68 -37 -7 83 -6 -20 76 -91 94 -81 87 55 70 86 -91 -28 -72 -39 -51 -63 -97 -57 -13 72 38 2 24 -32 35 -64 -74 49 -20 -57 -51 -96 46 -19 16 -64 -1 -27 -80 -38 -36 -14 12 -28 86 -84 -75 -50 50 -68 13 63 -44 84 -96 -65 -73 -58 -85 -60 -16 42 -8 95 82 51 95 -94
-57 47 5 -91 -46 95 76 94 -82 -64 51 0 64 -29 -46 12 -30 -7 9 28 88 -78 27 -9 -19 32 75 -57 -91 -8 -100 -94 29 35 -22 78 -31 -31 59 87 41 -46 -52 -46 -72 -64 -92 20 -22 32 -57 -38 16 29 -29 22 17 -54 -75 5 15 65 0 -79 37 -22 65 -47 95 80 25 -77 22 26 40 -91 -6 40 2 -11 -97 90 63 44 -68 1 -72 92 -96 45 61 -73 -22 58 -80 61 -91 93 39 34 -61
-35 62 -53 23 49 92 -17 87 98 -72 -24 -14 49 23 53 -32 -84 64 -89 58 10 -29 88 -42 -50 -95 70 -61 -50 -41 4 -78 64 -90 -61 72 -89 61 54 69 -25 13 16 -43 94 46 12 -53 20 18 -69 -38 54 -58 66 87 2 -66 11 62 -37 63 58 27 -88 64 -84 -22 -94 -29 17 46 37 -12 -37 -21 -51 -2 8 -48 -62 -44 56 87 58 73 92 -49 84 73 -1 18 -67 82 -81 67 -50 -29 -95 99 63
55 -64 23 83 39 -62 57 -45 -80 65 -10 87 -99 65 55 75 -33 -69 73 30 -47 -57 4 -89 7 -8 -5 -8 20 11 34 83 -48 -64 14 32 88 -16 2 10 70 85 38 36 -86 38 77 -66 -79 65 3 -81 1 -50 -61 24 14 -31 -85 -32 96 -38 30 -26 -31 -13 30 -18 91 -44 54 -93 -72 -7 -53 43 36 -58 13 85 21 -69 60 11 -11 -100 55 62 -57 78 63 63 -11 74 85 91 95 -39 70 59 -96
-51 -99 64 -85 -64 -50 -66 -28 -25 -85 -50 -2 -93 44 -22 -12 21 86 -94 84 95 0 95 -3 -5 -15 -70 100 -50 -85 56 -91 65 41 73 36 85 -89 28 -31 -63 -15 28 63 47 69 -37 -36 -20 -1 -44 -1 89 67 -81 87 2 -25 84 72 11 39 -48 16 -71 17 -5 83 -96 -9 62 -63 91 -64 -81 -68 -74 -59 53 -22 -85 -24 -52 -40 100 54 -75 0 59 -43 -7 -17 40 70 46 -8 -66 99 84 -12 -45
-12 -37 -49 -91 -67 -85 12 84 38 -71 -48 -66 -33 -88 -75 -85 -38 -4 69 0 90 11 3 79 17 -71 -86 54 -46 65 75 46 -99 -19 64 71 77 62 -12 -71 -21 -75 89 8 -41 -16 -60 80 42 -51 -95 57 -27 -87 59 23 -81 9 -91 -68 5 -59 -5 -54 68 33 51 -70 4 45 -37 -8 -12 -10 3 80 -30 86 0 7 -16 -93 -10 17 64 21 -33 63 -64 -57 2 34 87 -9 90 76 10 -91 46 -12 -50
-10 -33 -34 -63 95 -88 -65 53 54 -7 -100 65 -47 -66 68 -30 4 -18 -74 -85 73 38 52 21 -79 -5 29 50 40 -70 -92 -47 -67 -99 84 -100 69 44 81 61 -73 -88 -55 25 -78 54 -40 89 -95 57 -77 35 -100 9 82 0 98 -57 -46 -45 -100 21 -97 88 -99 89 69 -60 85 10 16 11 16 54 92 -56 12 -61 77 -17 49 90 -15 55 30 -88 47 48 69 -17 -49 49 67 64 87 22 -85 34 -31 -23 -88
27 16 -43 -84 92 -50 -43 64 -17 -76 7 -56 -3 -70 88 91 -67 2 -6 78 -99 30 -55 9 -5 -6 -11 -71 22 -27 -15 -28 -1 55 52 70 -93 -42 -51 21 3 11 37 18 50 97 -83 -87 -26 -51 -15 -62 -67 -75 70 -66 -53 -98 -43 -70 49 85 -15 -90 82 -11 24 7 42 81 25 84 64 59 -67 -31 -84 -97 65 12 -43 91 79 -45 89 -94 100 -72 85 -84 -57 87 6 96 93 -14 -98 4 65 -74 -32
23 -10 2 -51 28 -6 88 -13 -25 29 -44 -46 -48 29 96 -81 -16 41 89 -2 -17 -73 -19 -62 -20 47 64 24 -72 -15 20 73 -67 -91 39 -37 100 31 -70 -9 87 -35 -24 -68 -64 84 22 -75 68 -61 -50 0 -96 30 -66 -34 -3 -59 -60 99 -72 59 -55 67 -13 -18 61 22 -27 -40 -18 93 57 -77 98 -36 -73 -25 66 41 82 99 15 6 12 45 56 -90 -40 32 -94 5 -75 -81 -79 39 39 4 95 -13 -43
-32 -60 -24 -70 -22 -4 61 86 -70 10 2 -4 -9 68 1 -27 86 96 -69 58 2 7 -57 -66 51 97 -46 71 -82 -43 73 29 11 18 -100 97 83 62 4 4 55 -53 3 -96 14 -38 3 17 -48 61 26 -26 -35 46 18 62 69 40 -81 -49 99 89 66 -32 -81 17 58 -96 -49 -37 38 -7 60 -64 -11 68 -97 -49 -9 17 77 -64 -68 -26 -11 69 82 -81 -91 -49 -98 78 -75 48 25 -91 53 55 40 -89 93
-25 -17 51 -90 32 40 2 74 66 4 -36 -52 -53 -2 53 19 -72 77 50 81 -85 -79 -77 11 84 -26 11 -42 -2 -57 -32 36 100 -74 -98 97 -33 97 18 -82 27 75 44 29 -55 60 -16 -97 -79 47 -59 50 -67 40 97 4 -72 -13 -55 -33 -97 -98 41 -37 1 -16 63 -97 -24 -55 -15 15 -32 -85 -99 39 73 -28 -99 21 20 96 -80 5 -33 36 -35 -36 49 30 28 10 -57 -75 42 -12 -19 -5 -11 -42 89
56 93 94 -86 -73 -9 -59 88 51 -19 -79 73 -66 59 -63 76 -52 -56 -3 48 -86 17 52 -72 -47 77 67 -16 64 83 69 97 32 61 21 74 -79 -39 89 -34 -25 -34 -45 44 -20 9 3 -93 -85 -2 50 85 -88 91 24 44 -98 -32 14 77 -93 33 59 40 -92 62 96 52 30 84 -63 -40 -40 -28 -59 10 -76 57 4 83 -10 -22 -84 -32 43 30 21 -33 -42 84 -34 -99 -15 -38 3 94 -96 -77 85 93 0
-48 -99 57 -2 -52 -19 -58 40 22 -83 79 -97 75 19 25 32 -66 38 -3 -50 -33 -35 -48 -92 47 62 -90 53 -89 62 43 78 -49 -42 16 -64 -4 -73 -58 41 -81 -89 12 48 -70 87 42 -11 -96 1 25 38 5 -38 58 22 -86 -30 87 -26 1 57 -24 34 3 7 -88 -6 99 96 -76 53 48 9 100 -38 60 -53 85 -9 -36 -35 -4 33 48 27 87 -93 21 -5 29 -81 67 -54 -56 -30 -32 -90 20 44 42
-9 47 2 -21 33 -64 23 28 -40 14 -15 -79 -51 45 100 63 -44 48 19 99 -67 -96 -95 -9 -6 10 18 86 1 63 -99 -78 -54 -98 35 37 65 -16 83 -99 72 -53 -33 -32 -90 18 11 54 92 -21 -42 -46 -87 -98 -8 78 -19 -82 -89 63 33 -5 91 -63 69 93 -66 39 37 86 -77 -79 17 23 14 -51 10 38 39 60 44 24 61 83 59 6 -18 33 -44 -19 18 -16 93 43 -12 78 -52 -15 23 -93 89
-21 12 17 45 -89 44 -74 38 -71 89 -93 89 74 80 -83 99 -82 -33 -28 53 -59 -74 -81 99 12 -34 22 67 69 -75 24 -30 12 -67 -11 -32 51 25 0 57 0 20 4 -37 -56 10 -68 -96 -74 -65 -47 -60 -55 10 26 100 95 79 74 100 -66 -20 -65 92 -24 -57 -94 -22 -34 20 -36 -60 -39 -89 35 -1 -40 -42 -71 -47 39 0 -11 68 -42 18 87 70 -70 -67 -28 -43 54 -30 -29 89 32 22 -46 100 52
42 -13 -55 -97 -89 -80 83 -63 90 -67 71 71 -65 55 -72 -27 67 90 41 -12 -66 -34 -58 -83 -95 31 -64 8 40 -77 -53 24 -44 -88 35 -69 -17 -98 66 -1 0 13 17 -1 66 24 -49 -58 4 60 -54 79 -80 82 95 -12 74 30 58 -43 -46 -1 22 -71 -8 21 93 -25 61 71 -20 -89 59 -23 -57 3 -42 -82 54 -63 -51 -21 80 -25 75 63 89 -60 70 71 21 -66 44 45 98 -29 -93 -85 40 -13 -88
14 1 -23 91 -3 12 91 -24 -93 -66 -85 -10 64 58 65 -54 80 -97 97 -15 -29 2 -88 50 -26 -14 -37 -91 -42 52 -13 -70 -71 4 26 -36 57 -76 -12 -83 -37 -44 -40 -20 -69 -89 77 4 86 54 -52 -32 -42 96 -33 86 94 51 53 25 76 24 30 5 4 92 99 30 -59 82 -17 -47 68 22 90 38 71 -12 -15 -1 9 50 45 -42 -15 72 -42 0 5 -21 -100 -14 -100 -23 -56 -43 -17 60 -87 96 33
13 -7 57 52 84 20 34 80 -43 64 -56 -82 64 -82 1 15 50 -2 -21 -7 -53 59 -25 -63 -72 -50 77 4 -76 35 26 79 -63 37 15 -74 -100 -91 -1 0 -74 -66 -97 -37 -2 68 -37 26 16 -76 56 -88 16 -74 -79 -44 -61 21 -44 25 -90 -27 28 -19 -14 50 -60 59 -64 27 -46 39 77 3 -45 -47 -53 32 -13 -53 59 45 1 80 5 -20 -68 -68 58 24 -26 -8 88 65 -79 7 -78 89 -1 1 -16
33 43 45 77 -62 18 -2 17 -13 93 8 65 -75 49 -95 43 66 40 8 5 -48 -76 7 -100 -84 46 -76 -4 -62 28 -57 -15 26 86 36 -24 42 -37 93 -55 -24 -59 -41 -10 85 84 42 -100 -7 39 63 -94 -77 46 -9 67 75 61 -52 -11 36 71 -15 89 -14 -59 45 89 -41 -93 60 -3 -58 -64 69 -97 -79 68 21 -32 -65 71 -87 97 3 -55 -15 94 39 -95 86 39 27 -5 24 -42 -8 33 -89 -73 46
84 -8 77 -13 -44 -84 87 -89 -56 -59 4 24 25 -79 -14 -56 86 96 -41 12 -61 -70 -18 98 38 83 -71 -64 13 90 -11 -72 87 -79 44 69 88 66 -16 -39 -14 39 40 -11 58 -51 85 -71 51 13 66 81 39 5 23 -44 -23 -49 81 -77 -45 -4 35 94 99 89 66 -79 20 54 29 56 62 96 86 94 79 -8 -50 40 -16 79 -94 93 26 -78 94 57 80 -26 72 -83 67 99 -22 7 89 -7 -23 -69 6
36 22 -82 -64 62 41 99 -4 56 -59 87 -20 32 70 -86 -43 -32 -99 58 -43 34 0 64 10 -98 -97 27 -90 -66 16 54 -63 91 41 -15 -80 -33 91 74 -59 -64 -94 6 -68 -37 39 -61 22 -68 -31 -48 -61 88 -74 -12 59 63 36 86 -79 17 -83 41 89 34 12 45 -61 -34 -2 -17 46 19 -100 82 13 22 94 59 -98 -12 -32 -32 47 -36 -87 52 -67 -56 79 46 68 -4 10 -47 -58 70 -66 -21 -50 -83
58 -62 90 -50 1 41 100 62 0 -98 -9 26 15 -35 -31 60 75 35 -92 -69 29 98 30 -77 27 47 -53 -91 -27 40 -17 20 54 57 -66 40 37 -48 -5 3 60 -81 -24 -82 83 -80 54 -12 -3 10 -12 -18 -57 -21 -56 -9 87 14 -100 55 -78 -50 74 -66 16 -66 -15 5 66 48 -13 -25 -40 -2 5 99 -39 -25 -7 78 -48 -6 -71 -93 83 97 64 32 -30 7 -91 41 -88 32 3 15 48 59 -46 -42 -21
-7 19 -32 -30 -93 -90 -87 45 98 16 -100 28 -55 11 55 -64 -81 68 -18 1 -45 -61 60 -100 -80 -29 98 -53 98 -8 -63 83 0 -37 -8 -84 2 -50 73 25 31 -1 6 37 -4 34 64 -44 -39 77 -91 59 50 -40 82 -40 41 -7 -13 48 -4 -29 76 -39 53 66 -60 -32 -84 -21 -76 -82 12 -27 19 3 46 64 -41 9 -91 63 13 -57 48 41 -31 -90 -47 -55 19 37 12 -89 21 -22 -76 44 -42 94 -66
91 7 100 35 -54 7 -94 86 -94 -23 -13 -74 25 -70 -23 -33 71 -38 59 -10 87 98 -77 66 -17 48 20 8 61 13 87 -33 -100 51 -21 70 -90 85 -33 91 61 71 48 -91 -95 17 -99 2 14 29 46 -17 8 -87 86 -68 -64 -60 -5 -57 -1 96 50 48 65 21 -42 -21 30 -90 4 1 -90 -89 -48 -74 -15 11 8 77 6 29 93 71 -32 -59 38 41 -53 77 -65 70 -11 5 -24 -64 93 -63 99 -29 56
61 -83 -24 -29 -71 25 91 91 -22 53 -2 -18 -99 -95 -66 29 -18 4 -65 84 -47 -6 5 -36 -25 -95 -83 -51 23 79 39 51 99 9 11 40 -75 -7 72 -17 -80 -95 -14 16 -4 -61 18 -45 -73 82 -96 -7 57 -87 -7 -62 -22 -58 92 -55 69 93 -15 -31 71 -100 -9 -25 42 -77 -11 63 13 -57 44 -95 -35 -96 -12 18 58 15 33 71 -49 80 62 44 53 -35 16 -10 27 -20 -3 71 -89 -52 -92 81 -4
38 -70 -48 99 -19 -23 -99 -74 96 -14 19 71 16 89 -82 92 15 46 53 -7 -41 45 -7 41 -74 71 57 -52 -89 26 14 -69 -23 -28 -100 71 88 52 4 14 82 -81 -29 -66 -21 -12 64 -94 26 6 12 -73 -42 -15 -32 -47 -68 -52 -12 89 55 52 -44 59 76 54 -26 9 30 30 51 -29 -65 -54 61 32 86 -91 -71 -31 -28 33 -86 -73 -46 -62 31 -26 6 19 80 -31 -69 14 99 -75 -30 61 53 -47 39
-58 -1 -24 99 -4 41 -19 48 -32 -89 -79 18 -88 -7 94 9 -92 -29 1 -77 40 38 -84 -60 16 40 -98 86 90 -1 11 91 -66 -37 -27 -4 -75 53 33 37 10 -43 -33 -12 17 -80 -84 -66 -77 -59 -79 -1 98 -69 -18 -60 31 51 58 -56 39 25 81 70 -78 -95 -33 57 10 -22 -37 -96 -19 9 9 20 -70 92 -81 -72 -46 -89 -98 -68 98 94 -30 61 -29 -78 -100 -88 32 20 -97 30 -48 11 32 3 -51
-45 30 56 -63 -43 44 -4 5 -65 45 -81 -26 45 72 62 -36 -79 -86 60 58 54 -82 -60 8 -84 -12 56 -79 13 60 67 1 -77 29 -20 -55 70 -18 -3 -32 62 60 -32 -41 32 47 -46 -43 -6 38 41 -53 89 -22 8 4 35 54 94 8 -27 91 -18 -31 -18 76 13 -100 -44 66 -55 66 81 12 -91 -99 36 -100 -25 -31 79 66 54 32 92 78 -12 -12 39 80 -93 -23 -17 98 36 8 -6 88 51 32 -24
14 19 75 6 95 84 48 -43 25 25 -80 -64 -40 -62 -40 -65 -40 52 -86 -31 68 7 6 -43 39 14 29 -56 -87 16 -72 63 64 56 -60 -62 -30 -60 20 95 58 -24 63 56 56 -100 -70 -37 -29 -85 -19 44 28 89 -12 96 -41 -16 -35 -66 51 36 79 -11 -93 78 67 -66 -63 -1 100 -69 -17 69 51 11 9 -88 79 -66 -98 -11 -78 5 52 -31 31 -20 57 69 -4 -82 -27 -92 73 61 -15 -57 21 -26 20
72 -22 -85 23 66 99 32 -61 -30 -12 -68 53 -70 66 99 52 47 10 -70 99 -34 51 -37 39 29 -16 16 35 19 54 -9 38 22 -90 91 -37 23 -27 16 -36 -45 29 -40 61 -22 -40 68 54 57 28 -71 78 64 -80 -39 50 -37 23 -24 -57 -41 86 -12 -4 -79 32 50 -50 -12 -13 -52 -14 -51 62 -1 -15 84 -85 68 -99 -61 43 70 -28 74 86 -4 -86 -55 -76 84 53 33 14 62 -92 75 -34 26 -60 55
66 62 -52 1 -33 -95 -52 21 -87 62 36 -96 21 -5 50 11 -93 -93 -45 91 -11 99 4 55 -14 -77 -21 -46 30 0 35 -34 -85 74 22 -20 40 66 -52 -55 -86 -38 23 31 6 -84 -9 11 54 -65 6 -38 -32 -38 -26 47 33 -32 87 -39 64 12 -68 99 -47 83 83 -15 -42 63 33 -19 -9 -49 -30 65 -38 -64 96 54 42 87 -39 -68 34 -65 -23 -50 -98 51 75 -92 -32 -43 -18 -37 18 -66 -44 -19 4
84 -44 44 -43 8 84 89 -44 7 22 -21 32 -86 7 88 18 -76 60 75 -6 24 -99 27 -80 -38 -72 94 -6 -39 52 -39 38 -26 69 81 16 18 -47 1 -11 -26 86 -6 53 92 45 -62 76 -38 -12 -69 36 -66 -4 71 -83 -65 79 3 70 -21 46 62 -29 35 17 -7 -11 -64 -68 -62 92 -51 0 97 -95 -56 21 -95 39 73 -4 -8 99 25 1 2 -63 68 -16 -22 -10 -26 88 25 10 -91 19 -27 -30 27
-57 60 26 -99 15 15 8 1 66 38 5 56 23 -47 44 -57 82 33 -19 43 -57 28 17 -78 31 -71 -55 7 8 6 51 -17 90 12 -75 4 38 7 -40 64 2 94 -95 52 -99 -64 -5 -36 11 0 -16 25 79 10 64 -83 -47 -48 9 -51 -76 -85 94 52 88 86 -48 66 -37 81 -36 -58 -26 -44 42 50 -48 -95 -48 -67 -75 -79 31 -100 6 70 -56 100 75 -15 -64 20 -38 77 -64 -16 2 -62 -86 -78 -94
11 29 -27 78 85 -44 1 -36 72 -25 28 -59 -95 -10 10 -19 -15 63 2 -72 -97 17 -62 -45 -25 80 45 -57 -30 -57 33 95 -93 -85 -70 11 -25 -22 54 -72 -44 63 -7 -9 72 97 -74 47 -99 -79 -13 11 -93 -19 -16 54 -1 -80 46 -99 62 -11 -61 -5 -83 91 -72 -28 -46 -26 34 -23 -54 -34 69 -2 -18 99 59 -16 -73 -10 57 -32 45 31 -40 12 -9 -22 74 29 -9 -19 -80 62 -40 -66 7 -65 -14
-42 -56 -16 3 -29 -46 49 31 84 -79 -56 30 87 78 -30 -70 34 7 48 37 35 -16 -97 76 -18 -53 -60 -100 -60 40 0 0 78 73 -34 -62 -74 -46 -91 -58 68 11 20 86 64 46 -17 -31 -17 28 -69 14 94 -2 -73 -88 -48 29 47 -78 31 -25 35 -15 -77 30 92 -14 -32 -34 74 67 24 91 -94 84 -49 -93 81 55 -9 76 82 -92 -88 -75 72 69 -87 54 70 -80 -57 24 -26 22 65 97 -69 62 49
-39 -24 -59 68 39 26 -90 -97 -7 -98 56 9 -89 6 50 -82 8 -21 54 -64 50 -62 38 34 94 -59 -17 -90 -50 -88 66 99 84 -59 67 -81 -34 -27 -41 8 -94 50 82 -25 -87 -49 67 -85 -92 -41 59 3 -47 -36 -67 76 77 55 -52 -18 -11 -15 -50 49 -28 -17 -3 71 32 -12 6 -12 16 58 -91 -36 -40 -59 25 -81 84 63 -49 -16 -32 0 30 81 -24 -81 40 12 -100 -51 90 32 -34 18 7 86 -74
-25 90 -44 54 -31 -22 90 -7 -56 73 -60 -14 15 -98 -69 -66 -68 48 14 -58 65 -31 -57 67 4 12 -34 30 48 30 37 -54 0 45 -64 85 -8 -10 54 45 98 43 -21 -3 -52 -50 4 -99 22 43 -19 -31 63 29 -79 86 -84 38 35 -50 62 -10 -51 8 71 -11 -56 -85 100 23 -21 31 -22 87 12 40 0 -67 -32 98 -65 -56 -16 -14 -2 99 26 76 4 -90 -44 37 42 -52 -19 81 -61 -72 -23 -1 49
-52 19 30 -6 -40 18 -58 -63 -20 -75 88 -11 -18 -48 -42 -28 2 86 -34 -93 -37 -25 39 -33 -14 0 -5 -28 51 89 -31 -22 -28 -4 -14 39 -47 -19 -30 98 -97 75 25 -58 23 -6 -51 -58 49 -40 -3 4 -79 -88 -95 55 82 -44 92 95 49 -63 -71 25 38 58 -57 40 -74 80 -98 -94 37 -53 -32 -1 -39 -99 -14 12 54 -8 -96 38 35 -78 3 -58 51 -73 99 -48 71 100 -10 -100 67 -65 -59 94 -43
-2 -59 56 16 31 37 -1 72 35 -30 48 13 81 33 5 -23 -75 -85 -55 -20 51 33 58 -42 -21 69 97 -18 29 -28 -43 -16 -79 -60 100 -30 64 -32 -64 -5 68 -35 17 -61 -55 -26 33 -49 -60 39 44 -13 -83 49 -4 30 -44 12 29 -77 27 54 -84 -40 40 -41 -69 -11 63 -77 37 30 -98 13 40 37 -56 22 -12 -88 32 -87 -61 6 -85 25 -66 26 89 -94 -99 6 28 5 -9 28 33 -45 60 0 36
-73 -14 12 7 88 -47 -29 -72 -97 53 86 93 91 87 40 45 70 -20 97 -15 6 -7 -23 -59 -24 -44 14 -60 -26 -47 -17 -74 10 -12 -98 2 68 -52 -54 -24 -59 -18 -38 87 63 -85 -66 2 29 22 80 41 -93 52 50 -64 45 -80 -21 -41 -23 -28 64 48 10 -54 81 -21 91 -39 21 55 93 42 -34 -39 15 -59 77 -47 -39 31 33 -14 -79 2 -56 91 96 9 42 -69 90 41 99 40 -81 11 -13 11 88
-4 -1 -64 0 -26 -77 95 -4 89 -20 100 26 -80 -27 -57 -84 -57 37 -67 -73 -87 -46 67 46 66 65 -52 33 -8 -12 96 -70 23 -55 83 -54 -55 -98 43 18 -18 -67 88 75 -25 -28 96 -4 45 83 -84 -54 -43 32 43 57 71 -9 91 -75 48 -70 -31 67 -24 -94 45 -16 -17 16 64 42 -90 -86 -32 -12 -67 20 -100 -78 2 11 -98 33 -22 48 -86 -39 -62 -67 54 76 -37 -58 67 60 -13 -5 -81 -26 88
-93 -2 -56 46 -47 87 -100 44 -92 86 56 36 67 10 13 95 -27 -58 46 87 -4 23 30 -47 41 44 3 39 -36 50 -25 -90 -17 -74 -18 -62 -1 -94 -51 -3 -16 -39 20 -35 -94 22 52 -83 -47 -35 -22 44 -50 -42 -82 -22 -7 26 -15 -16 47 30 47 63 -59 57 -8 17 -12 -10 -23 45 -84 -60 -69 68 -79 50 -57 -25 87 -66 -95 65 56 72 -22 -80 -87 95 44 -81 -9 9 -61 -91 -6 -45 -85 -99 -29
3 -74 84 -26 -63 -2 -54 3 85 -64 -53 -48 -66 7 58 -88 32 20 -34 -8 78 34 100 19 -49 -100 75 -62 -93 99 -62 33 -65 -25 -25 -24 -40 -5 25 77 -68 -28 -72 1 -73 -53 72 84 70 -44 62 88 -69 -57 32 -87 83 -64 -61 -88 94 34 -63 97 38 -41 17 -58 24 35 -80 44 -59 -91 -72 -37 -89 -22 60 -40 -3 -96 47 -7 -48 69 -45 73 65 -44 -56 -44 9 3 19 -99 -89 -99 87 20 -68
-2 -30 3 -31 -61 42 45 -86 3 -37 62 -40 30 -33 -91 -94 -66 -99 44 12 -59 -73 34 -94 -27 -28 53 38 0 -30 -33 -52 42 -32 27 -28 40 52 -21 38 40 -81 95 -2 18 60 58 -56 -43 -58 -97 -83 89 -86 91 89 93 88 74 -73 -99 86 68 -60 64 61 39 -53 -90 61 75 2 -18 18 5 89 100 75 60 -50 -13 18 -9 83 -31 68 62 -21 27 -6 -11 50 -37 58 41 -13 -67 -33 15 -84 86
-68 88 66 91 -30 -60 -67 45 -57 -72 -80 98 -88 -94 -74 80 -94 -6 4 98 84 -80 -8 -28 75 45 -8 -22 -40 20 53 83 20 33 -84 37 97 26 26 -20 -54 -51 49 88 11 -28 9 23 76 34 -77 -61 73 17 -74 -49 -5 90 46 -70 30 -62 55 44 85 -67 32 -2 -53 -86 29 10 73 33 -43 84 58 -55 -41 -46 -41 -51 -50 -66 -81 -28 -3 -74 64 -66 -75 -76 -65 -12 68 -35 -26 70 15 76 -16
90 -12 57 7 21 -25 92 -77 78 56 24 96 -1 99 86 54 22 -12 -87 71 92 14 54 -10 64 -66 9 66 -19 -10 85 -79 -38 42 51 70 11 6 -87 -33 31 -80 -44 42 -32 -84 -46 -52 57 3 -20 -88 -61 -70 -80 -60 90 -20 42 -10 23 54 -74 54 92 -38 -2 -18 -81 14 49 81 44 -76 -24 -97 39 36 77 -76 4 -53 73 87 -58 -71 45 56 -62 -36 28 11 15 98 -26 -18 -69 39 16 -52 19
19 -63 -87 -52 61 60 -96 49 63 -61 84 -67 64 7 56 -25 -42 87 16 -53 -73 -1 -22 89 -92 26 -56 -31 68 -27 73 3 54 46 -71 56 5 17 87 60 -17 45 25 -72 64 -62 -32 52 -25 44 62 -19 -86 93 -22 -70 5 98 -38 -56 -46 89 -98 80 26 -88 43 -79 -99 -26 97 -8 -96 87 23 47 99 -91 -45 -62 -49 -21 81 -75 -41 84 -28 -72 -87 28 -11 51 -82 -11 46 57 -98 -50 -8 -90 -99
-21 44 -74 89 -77 18 19 57 -11 61 -58 -2 57 -83 54 6 67 -88 71 60 -33 -24 75 -78 27 92 56 -8 -78 38 -44 -98 -29 -23 -31 -74 3 71 -84 78 -56 -23 6 -70 72 52 14 -25 28 73 -52 -94 -24 -57 -23 41 -23 50 -23 -70 63 -27 -60 -15 -46 -58 91 -57 19 29 -84 -56 -36 98 30 -99 66 85 95 -27 11 -95 -13 11 64 58 -96 -25 12 15 -33 85 86 58 79 -21 -23 75 -78 41 11
19 -96 -74 -65 15 53 67 -90 -96 -65 -81 -55 -24 -52 31 91 -46 87 -80 24 -63 35 -25 55 93 55 -60 -40 -23 -31 99 49 18 33 60 -4 -5 -10 -13 -94 -70 -86 8 -22 -64 56 64 -93 9 30 -5 87 72 70 -79 -18 94 -88 42 -65 19 53 -17 -32 -27 -18 -44 -8 56 -50 29 7 71 -99 82 2 45 27 83 64 -84 96 85 49 -27 -22 -36 60 93 -42 -2 -75 10 77 -66 -76 91 33 -59 21 -61
71 -35 21 -64 63 -67 -92 28 76 21 36 16 2 95 94 67 82 78 12 62 -27 56 3 -79 -65 24 52 66 37 -91 68 20 3 -32 -88 -12 -91 98 27 1 86 54 22 -52 80 38 52 -42 -48 74 72 0 22 -23 -74 68 0 72 -79 -3 -22 -57 15 0 66 -25 -20 30 -27 -37 76 54 -65 32 39 -4 13 -100 -65 -15 83 99 -26 -26 -11 -36 80 -5 25 -27 -20 7 63 94 -82 25 -24 -69 71 -51 -53
67 40 44 -29 56 -63 62 10 89 -45 8 32 -87 82 81 6 38 -48 -68 68 -78 -17 -48 24 -28 21 83 21 -76 53 -45 30 87 10 72 -50 -100 39 -73 89 -14 61 58 -17 -71 -21 -56 -9 4 -21 28 89 61 27 -66 77 84 -34 -12 -43 37 -99 22 59 53 55 -40 -99 95 -50 -72 40 71 -82 57 -37 -100 -43 54 30 57 16 -29 -47 -25 -40 -73 82 -20 65 46 -74 -60 95 89 19 -86 100 -46 1 94
-99 -77 56 -13 -90 21 85 -26 5 -54 -85 59 -37 54 -19 -61 -88 95 -24 27 -30 -39 -5 59 49 -74 35 18 -43 -54 -69 2 14 48 -44 -31 55 -21 -90 -6 -75 97 -89 62 94 62 -64 -1 62 -84 47 -95 -6 7 56 35 -15 2 90 -71 19 92 64 -31 -11 -92 0 13 -24 77 84 53 -37 -35 -59 36 46 -24 97 38 58 -83 4 29 50 41 -19 -20 16 63 -99 -57 -89 90 45 -39 99 34 57 -76 -45
55 -31 -52 24 -5 67 -26 8 58 28 40 36 -100 12 -19 86 57 50 -80 -47 -58 -41 -15 46 -93 99 -55 10 77 -56 42 -78 -13 -91 76 -5 70 100 -4 -36 38 95 -69 20 -70 54 -13 92 66 -47 36 -86 55 44 74 93 -96 -68 -9 -95 35 -100 -53 58 0 34 57 81 -12 -61 97 68 -34 82 93 69 66 71 34 13 -49 18 -3 41 0 28 37 93 -76 49 63 -52 79 -36 -36 91 89 -26 -56 50 56
82 82 -56 50 93 -1 1 -35 -51 -57 30 -6 41 92 -96 -23 -87 -29 41 1 29 86 -81 64 -38 22 8 -42 -10 -13 54 82 62 -66 -11 85 74 -60 -76 -27 -80 96 23 81 -91 42 61 21 18 59 15 71 -4 -54 -4 -63 52 71 -60 38 15 -5 5 44 -15 61 66 -46 70 22 -11 20 24 -17 -27 6 39 6 -56 27 -20 -90 22 -4 -18 3 -69 -9 29 -57 -44 -87 26 -53 99 -98 36 -68 -74 95 75
65 -14 90 -83 -48 -26 -79 67 -93 -47 -3 82 46 -19 -54 95 -30 14 24 46 -96 62 -3 88 77 -31 -83 -56 -84 -10 -41 88 70 -35 -36 -7 -73 88 36 -85 -48 84 18 53 -61 -52 -81 20 -96 28 -36 -25 85 43 -61 87 46 -16 -32 82 34 4 -1 -79 -57 5 -40 -6 46 18 35 -27 -67 -19 -70 -39 -50 -72 -40 39 -74 14 43 57 -88 -78 46 -33 23 -83 18 -16 88 -33 92 -40 26 27 94 -35 42
84 -46 75 75 40 -76 48 75 -43 34 -7 -38 2 32 -91 38 -47 -37 -52 85 -81 82 -1 -53 -97 61 2 -81 17 -26 -15 58 -87 12 -78 -83 69 -34 -12 -13 -45 51 -29 -47 55 -35 -24 -11 6 -47 46 -81 1 18 64 -75 68 -29 51 30 0 -87 -14 98 37 68 -5 -67 91 -90 57 21 -63 -9 -74 6 -16 18 70 58 60 12 -29 82 -69 19 -13 14 5 -14 96 -87 91 99 65 -93 -71 89 -20 -39 69
-66 31 53 -69 -63 -28 -41 -26 44 -37 -85 40 50 -63 37 71 -62 16 72 42 -33 37 86 18 13 100 -78 50 -55 6 -52 8 66 45 1 -7 -66 78 -59 -58 89 57 80 32 60 66 24 -49 93 0 -37 -79 25 -25 72 26 80 -78 89 36 34 43 -20 -36 58 -88 79 -49 59 73 -56 96 -88 41 46 -39 -83 -69 -54 -81 52 -70 72 56 26 62 88 -44 -40 -16 85 -18 31 -17 39 58 -41 4 -39 -70 80
-24 -1 -86 -16 -20 3 59 -100 -83 -94 -6 -43 -13 60 24 29 17 0 -64 -1 -59 -45 -58 -25 74 73 -41 40 -40 -23 -46 -45 -83 38 61 -36 59 -68 -7 98 100 -56 38 17 91 -21 47 -100 -34 35 -50 -13 60 -24 18 -19 -49 38 51 70 -92 -12 23 15 -66 20 38 -90 42 -51 40 17 -83 29 -70 4 -16 7 -36 -98 -69 -79 -36 -69 19 11 -14 23 -29 -10 27 -76 53 -13 -76 -73 -26 6 100 94 25
59 -25 37 20 -14 30 96 3 86 -10 -57 90 13 53 71 84 57 -37 30 -71 -81 48 49 8 85 -17 31 61 -73 -80 55 -41 -90 -16 -79 -47 -96 26 -53 -91 94 72 -12 -80 33 -66 32 40 -5 68 43 -59 -85 51 -56 100 69 -33 -42 -82 -91 -56 27 -46 -95 -67 16 18 -24 15 -68 -60 100 -21 -97 99 -39 37 80 -55 47 -18 48 -86 -37 57 -61 70 67 -12 9 18 37 -74 9 -97 62 2 -69 54 -98
-42 97 27 76 -88 -3 -98 -62 70 -12 -74 12 84 39 -23 87 18 -92 -59 47 -14 74 81 96 -33 27 95 54 28 -31 -9 38 -30 14 -90 8 100 -36 3 73 -20 -83 -90 -68 7 90 -19 97 -13 93 94 72 48 58 39 -26 -63 -76 72 -78 -49 18 -30 48 -10 -46 -71 96 30 41 -16 58 85 -28 74 12 57 -80 -25 0 45 37 52 45 -8 97 -11 46 -58 9 68 58 36 77 45 19 -69 -99 -84 -33 59
59 -50 93 40 -74 -51 7 77 -13 97 -100 -7 -41 87 11 -1 -59 38 -85 -62 -37 93 -35 27 -68 -36 -31 68 -28 -97 40 -95 -97 90 -45 88 83 -71 -8 1 -7 -32 -30 -35 95 97 71 -55 27 -65 -47 23 -24 41 -60 3 -28 -37 -2 46 82 67 43 -81 20 -95 28 59 32 64 0 -77 -34 87 9 82 5 -34 75 -10 -60 1 -78 -51 -39 21 7 -95 55 -88 -40 -51 99 -96 73 61 -82 -62 46 -29 -87
14 75 78 -60 41 55 80 -74 72 9 42 27 -2 80 15 -20 -71 -80 -57 -45 45 5 -29 -57 -40 36 83 77 21 -58 56 -40 -59 -98 93 18 51 15 -87 -34 30 44 -90 -13 67 -80 72 -15 -71 93 34 -70 100 36 -74 -25 76 95 -45 99 87 65 35 -68 55 -24 -96 26 37 -47 -32 50 62 97 15 9 92 -53 -23 26 16 -91 -86 -62 -27 62 84 -97 96 -64 -15 37 83 -11 72 8 32 -48 15 91 78
6 -67 -45 -46 -45 -98 80 -2 -75 -79 63 20 0 -66 49 -10 39 -99 26 -63 -99 -43 21 6 51 94 -78 55 8 83 -89 97 -23 -45 72 76 -25 8 -86 68 82 -79 -88 97 59 -97 67 -59 -9 -72 55 10 -62 -11 87 89 -89 -68 -87 13 -2 57 94 83 -25 52 -78 75 55 39 -59 -39 -41 94 -23 87 -35 49 61 -56 -15 -62 -73 95 -34 29 -36 15 -92 32 -5 64 44 -35 -51 6 -45 64 -41 -1 -24
-54 93 51 49 -100 28 46 -77 -8 22 70 43 -65 35 47 -66 -52 -5 -33 -18 52 -92 84 -28 -97 -56 -60 -8 -9 -4 45 14 -25 52 26 -61 -75 -19 97 28 41 44 75 -99 -51 -60 -30 29 55 1 52 -60 91 44 16 88 -62 77 -38 81 0 4 -23 -5 -27 58 -46 -17 51 79 -80 55 -81 -98 59 1 83 -3 -13 91 28 29 9 71 -81 -43 -87 -6 70 100 61 1 60 88 64 4 -4 -86 -77 -20 19
33 -27 -26 22 73 -11 -62 49 97 -8 68 -27 67 -5 -66 45 -85 -69 -78 12 30 58 -67 -51 43 59 -11 39 -16 58 -95 6 24 -14 34 76 79 23 26 -20 -7 33 42 -34 -99 -46 41 -39 62 -81 -38 37 -6 26 -30 -1 -95 -12 -95 68 -5 46 0 8 12 -1 15 93 -100 -37 33 -52 49 -27 39 -78 85 66 2 -31 -34 40 1 -13 52 96 72 99 -20 73 -72 90 26 -57 -98 -58 -56 -64 4 95 29
-74 49 87 -45 -16 87 -16 -68 72 -71 -37 53 -2 65 -9 -68 -2 65 29 -52 -86 41 -72 -24 65 68 -90 -93 -32 82 21 50 21 -88 99 -36 -65 70 94 -60 -60 -77 45 -82 82 39 -74 -28 -46 -37 2 -3 -28 -76 -22 -97 30 50 -69 71 -69 79 91 5 -90 -17 -63 -2 -98 56 -60 -65 -12 -72 -66 77 -73 50 -29 87 59 -93 50 21 87 68 -8 83 93 1 -86 -50 0 57 -97 -90 95 -99 73 -26 67
-63 67 -10 -42 -75 -27 -76 60 49 -94 -7 -92 -14 -33 3 -54 46 38 -12 -37 -69 -82 -47 -2 -40 -73 -47 19 16 69 -84 -94 -14 -21 -41 95 -17 63 68 -96 -40 34 -99 -81 10 94 43 19 -35 10 37 54 -58 35 64 -73 78 -41 -62 72 46 2 64 39 64 51 -86 -4 -88 95 31 -14 -41 -30 58 -63 56 -72 -37 81 48 99 61 -74 88 -27 40 -52 1 -63 54 16 -72 82 -71 -3 69 25 26 -98 5
-2 88 -30 -28 43 56 -46 3 -82 -81 -82 17 -21 78 -42 9 -4 -3 -39 -8 94 77 -78 -69 -27 -80 38 -22 3 -90 -5 50 63 22 -19 97 26 2 51 -78 -17 21 55 87 -30 -52 -27 -62 -4 -58 -93 -39 6 -14 22 -15 13 -59 87 -18 -34 -16 11 93 -95 34 64 -43 -30 45 -36 79 -68 -46 -61 -33 -2 53 76 57 34 -88 84 -30 -56 -66 64 0 -34 -7 60 23 80 -8 -92 -7 -39 81 48 24 -50
-89 20 -46 -8 41 93 91 39 31 66 47 -81 77 -53 79 8 73 -22 89 54 14 -60 -18 39 51 -19 -68 50 -88 -17 -50 -53 79 47 4 -78 -28 18 42 35 -45 -47 71 32 -3 -2 -91 31 -95 -68 17 -51 6 54 -44 -35 -70 -36 90 -84 -35 -84 83 50 92 -44 34 1 3 20 -8 -32 -5 2 89 -21 -49 -91 -15 67 -98 -20 98 85 -40 -14 2 60 82 -12 -51 49 48 -11 28 -85 97 80 -29 -52 54
17 -95 32 -5 -18 -72 67 -62 -58 -70 72 69 -56 -15 20 -63 -92 -42 33 -34 24 4 -41 -18 -88 -80 -52 -99 -59 -62 -46 -30 73 -37 15 83 -42 -33 -59 12 21 77 -61 13 66 65 59 -17 36 -13 -75 -72 21 16 -20 25 17 -96 -78 35 9 -98 -52 -18 3 -30 22 90 -23 -66 69 -66 99 10 -64 5 17 25 66 -24 10 -3 11 -78 7 -22 24 49 36 -10 64 -26 -21 -33 -70 18 83 88 -3 46 91
72 -25 -74 -96 3 -29 -27 -43 25 -100 1 12 -79 58 52 76 -38 -60 -2 22 -99 20 79 -87 20 -45 65 -8 -72 -37 -54 -42 -22 -42 43 -75 33 11 -42 62 28 -57 -22 64 68 84 -100 -35 77 -76 -1 -6 8 -10 -97 100 -90 6 -98 69 -1 -78 -18 -72 -92 -60 -83 -92 53 25 -33 25 73 35 -13 -42 43 9 20 -65 33 -80 73 -54 57 -75 86 -28 70 49 84 -85 19 -34 71 -33 -60 -5 69 35 -70
-1 49 -44 11 -34 87 -1 -68 61 -32 -72 64 88 -86 -23 43 -68 -91 29 -96 43 -46 3 96 80 29 18 -27 -26 -22 -31 -1 -53 24 -48 32 43 -62 -100 -26 -81 45 -41 48 -36 98 -56 1 -4 -94 49 -92 -24 -58 90 9 -12 65 52 -50 -1 -80 53 -57 60 -74 46 34 -87 -94 -35 12 -38 -12 32 -16 -93 -56 -64 98 42 49 -81 93 17 -86 -59 17 -73 61 -24 60 66 -75 -100 -22 -94 -83 66 -84 -63
-47 -52 88 70 72 75 15 -97 84 13 43 -93 32 36 -86 -54 -88 -26 88 35 -88 -39 -8 80 -34 -58 19 -22 25 81 -26 -51 59 -40 44 -57 57 42 -89 97 -39 -87 -57 44 -22 87 -18 -43 25 -56 32 19 -83 -85 -98 -32 -52 22 83 -67 -46 17 -74 96 -45 -7 46 54 -73 -17 46 -76 -84 -72 9 85 -86 10 -20 21 32 -71 -73 -15 64 -78 48 -14 8 -95 92 13 52 -18 -42 34 -57 -53 -86 -26 -17
79 -26 25 65 -2 -41 5 98 97 -37 -64 -87 28 18 -38 -95 33 -88 18 -11 -32 -17 17 89 -50 24 -36 13 85 36 -58 4 -59 -57 -74 40 -69 -56 53 -27 64 33 -34 67 47 82 -51 -100 -81 -20 -29 -4 57 -99 43 73 -81 62 70 37 100 100 88 -49 -9 -85 -25 -76 80 71 78 96 17 100 96 27 -70 -24 45 -15 23 4 57 -30 -82 3 30 -68 -69 79 29 12 -65 -100 42 54 24 33 25 42 43
95 -87 54 88 85 -68 63 48 37 -79 94 -94 81 -4 78 -89 -16 21 97 78 -87 -41 -35 31 63 5 6 -21 -59 44 80 25 50 75 97 -48 63 41 85 -28 -37 -34 31 -85 22 -50 -26 -56 -34 -44 -16 -83 49 87 15 -100 99 -69 -79 1 -13 -98 -31 79 93 -90 -44 -99 -30 -11 -44 39 13 -52 60 -95 -88 -41 -3 96 -46 36 25 -70 -34 92 52 28 -69 -11 49 -94 -67 13 40 -56 -54 -91 -5 -38 72
-6 -28 88 -75 -72 -89 -19 79 -32 -48 -23 33 76 -97 69 40 -71 -66 -13 41 -91 88 28 -35 -10 -56 25 70 98 84 15 -77 -36 -97 -27 -91 -65 -32 -80 31 35 -41 -88 -87 -37 62 21 38 13 21 -17 -89 -59 -84 -15 -1 76 41 -91 54 54 16 -85 42 47 32 -62 54 -27 100 -51 -22 69 -47 -23 -53 -99 99 5 8 -51 71 -53 -42 7 -44 83 87 61 82 88 67 -97 -62 -48 17 -49 -47 -48 -58 -48
-63 22 93 -55 -57 -72 -38 23 95 -2 25 47 -87 11 65 86 41 -64 -1 40 -86 -91 -98 83 68 61 68 -13 54 -74 -38 -100 36 54 90 -86 31 62 51 0 3 -44 -93 32 -19 80 87 100 -20 6 21 54 -3 43 44 -95 26 78 -74 -87 46 68 90 16 -19 -54 92 51 35 32 52 12 -18 27 66 28 -32 42 -58 35 -9 -48 -5 28 67 0 -72 61 93 89 -60 -99 100 100 -96 -47 -87 -57 42 -25 50
-55 -30 -40 -37 92 -51 80 3 -75 -62 76 -30 -54 71 31 -2 65 68 65 -78 -67 77 76 -14 27 50 -95 37 87 -24 48 -56 90 -67 99 -73 -17 -61 8 -79 -67 71 95 6 -53 -37 -61 -6 60 -6 68 -36 -94 -47 80 19 -60 -68 -85 -94 -38 -44 -74 92 -93 14 -42 81 100 -48 -34 27 89 -90 8 19 -65 50 -88 -86 63 -11 -19 52 -49 91 56 32 77 86 -81 -85 32 -78 84 97 78 8 34 -75 -2
35 30 5 73 -83 47 34 -51 -69 -40 31 40 28 -66 -61 -91 65 -35 25 75 78 81 -93 65 51 -67 -57 58 23 73 49 -23 48 100 28 -58 78 75 61 86 -27 24 44 98 77 -57 -65 43 89 99 97 -5 50 -40 -89 93 65 86 58 -52 95 -22 10 90 -59 69 64 -38 88 74 24 -6 57 30 0 69 83 -26 -13 -12 -4 -72 74 14 -82 24 19 63 87 -56 1 32 -10 52 48 1 -98 -6 31 84 -73
15 -47 -94 38 29 61 15 -48 -19 -39 16 88 61 63 47 70 -44 -43 -100 -15 37 -28 41 -9 80 -33 -24 13 -40 45 21 -81 -6 11 -37 -37 68 -62 81 -44 58 98 9 18 -74 -39 -64 36 89 -69 86 -67 99 -35 74 -63 -84 27 16 61 18 -34 -96 70 8 90 -22 -85 -97 -61 -82 60 83 69 -78 -40 30 93 -57 -90 -63 0 88 21 74 35 84 -33 15 1 87 -32 -96 16 -94 -87 97 70 -80 65 17
-79 -26 97 92 -40 -42 -55 -29 -97 -58 -23 39 -88 61 -13 57 -51 90 83 93 18 -36 -72 5 47 -43 36 -1 -66 60 35 -32 84 -34 -7 8 24 -55 -17 -90 64 14 -31 79 -48 4 95 -61 -12 -78 83 -23 66 -8 -92 11 74 -38 -45 37 64 27 -90 32 -29 2 -3 80 8 26 78 97 77 -17 -97 -25 32 22 5 -48 -83 0 -63 42 85 38 -20 84 98 99 -98 87 -49 -41 77 -51 23 80 -42 -38 12
-67 89 14 2 46 32 43 8 -43 89 58 33 63 -90 -26 -27 -28 -92 -63 88 -96 -65 13 39 57 59 97 -97 -33 -1 55 15 54 93 -10 90 -13 -1 13 51 -83 78 -13 -49 -14 -26 -36 -23 51 76 94 54 92 -36 83 -11 54 71 -27 -15 59 74 -44 82 -25 51 17 72 -48 23 -53 86 -90 -96 21 51 -45 -94 25 -68 -30 79 69 -12 20 -57 53 -55 42 61 -65 -36 -71 -95 44 16 65 -73 48 -16 -70
-39 21 -47 -43 -23 6 -73 34 56 41 -31 4 75 -78 17 0 -69 62 -42 20 -33 -76 46 -81 -76 9 42 96 -5 -9 -84 -32 -3 -50 -22 -58 -2 -52 -81 -75 -30 -37 -6 55 31 -3 20 42 -98 11 -25 -15 -55 -42 -44 -20 68 64 46 34 -81 -30 -50 51 88 35 94 -98 -19 -52 -53 2 35 -97 -76 27 -95 46 -27 -2 44 -23 95 11 -60 -89 45 -15 -28 42 49 -80 -89 -66 84 -70 86 6 41 -93 -8
-59 100 18 -62 97 97 60 86 -68 -78 -25 74 -63 10 -65 48 81 -62 42 79 24 -39 66 -84 0 64 -27 -15 -5 61 39 44 -38 -35 -74 62 5 78 5 -33 -62 -13 54 72 33 -43 -8 -85 8 68 89 -35 94 -42 15 -45 8 44 -85 82 25 15 -44 71 -24 -73 93 23 -36 77 -66 -90 -1 -72 62 63 -31 -88 -54 -10 65 -74 15 -68 36 28 -13 -96 -16 -71 74 -3 -77 -59 50 24 -97 92 12 80 -9
-7 -95 78 38 55 4 -10 44 -3 11 -91 60 -19 -82 -87 97 -60 -5 8 30 -44 53 -22 -26 35 28 9 -58 -81 -10 -71 -56 51 55 -68 22 -64 20 12 80 39 23 28 94 3 -57 30 -68 -92 69 -84 -64 45 -1 81 73 -81 21 100 52 -72 -73 -97 -42 6 -93 -26 -84 -15 21 -73 45 -92 97 37 -74 -17 -72 43 -8 17 31 50 48 71 -54 -25 -85 -3 -54 -73 -2 -86 -18 58 98 17 19 56 15 45
-55 79 87 97 73 53 -3 -22 38 90 21 97 -35 -19 100 -11 -22 -57 34 47 -31 77 17 0 28 63 38 61 -82 -73 -63 98 45 -96 12 41 97 -95 55 74 61 0 4 -17 -51 -17 31 -91 37 -18 -12 -73 99 30 -83 65 50 -46 61 -30 30 -100 -85 31 -31 55 -4 97 -52 65 -82 20 84 75 -31 -57 72 9 -4 85 98 79 36 48 87 39 -10 -97 61 -77 -41 -60 -10 -47 -13 -54 -48 68 85 -18 57
68 11 -37 -93 -96 -38 -65 -3 -61 -41 35 25 27 66 52 86 24 -67 3 31 -97 96 3 -20 51 -95 -68 -42 58 -17 65 -53 -68 55 -92 77 -50 -93 21 -8 -41 -62 84 58 19 89 60 89 -24 -92 96 44 -60 -36 -93 53 -37 -14 -64 -19 -99 -21 37 -2 44 90 35 -94 44 -81 -87 93 -44 77 69 -88 91 75 15 -95 -54 27 28 87 26 -61 -92 -87 89 -25 89 -45 -45 -21 88 -25 -76 30 -66 25 -48
-46 -76 -74 -18 -67 28 -31 11 47 71 73 61 56 -41 99 69 75 -2 -18 35 -98 35 68 -7 0 28 68 -70 63 59 74 70 21 8 -78 0 -70 -77 27 -49 -70 80 36 0 -38 -37 -5 55 71 83 59 40 71 77 -46 -3 -55 47 -46 24 17 -73 27 80 -99 -60 80 -1 -100 -40 -45 -7 69 18 28 -19 28 74 -74 -21 99 -43 -7 39 -58 12 -70 2 -86 -26 97 -79 12 -21 43 98 -17 -40 27 37 22
35 -28 -83 -4 4 -31 97 -51 -80 -43 71 4 52 22 60 -83 94 -26 -50 -54 -50 6 -96 22 89 69 -18 26 33 16 49 71 -33 -47 -93 -54 -62 59 54 62 -17 -29 -39 -27 36 -93 -56 -1 88 85 49 25 80 -82 -10 -95 -8 -100 -41 -36 -33 83 -26 -74 25 37 -21 4 -91 59 -41 -27 -58 70 26 61 38 85 -34 14 -5 57 70 30 -23 31 -23 2 -49 -65 -5 63 -17 -2 31 -30 -20 22 26 -34 -8
-39 64 -38 35 -18 76 -67 82 48 6 16 69 -35 -35 79 -72 5 91 -19 2 -32 70 92 60 37 89 -59 -30 -29 24 -71 72 37 -39 -91 -89 -25 32 -58 -41 57 70 7 10 -39 -52 53 -69 51 -40 95 -96 -40 -18 64 -53 -28 2 -40 54 -13 -35 -45 -1 -34 -25 47 -97 -45 -50 -18 73 -62 -62 -9 -44 -100 16 -99 -86 -30 4 -31 -100 91 61 -35 -17 -35 30 16 -46 58 -39 -36 -30 -6 30 37 -66 93
60 -32 -92 41 59 -55 -10 -90 -11 -90 26 1 -9 -9 35 85 -97 -13 83 18 -64 28 7 47 98 82 40 78 -7 -76 -9 28 64 90 -97 86 65 -96 -77 -9 -71 -71 -69 15 -22 -94 -54 -30 9 -28 -79 -81 90 -76 6 20 -34 5 -84 31 -2 27 10 17 84 31 42 -90 -78 10 43 46 13 81 -25 -54 47 -36 -69 -62 -72 -77 27 42 -14 50 90 -49 9 0 -91 77 -50 23 69 -86 25 60 -46 79 90
25 -78 -24 -14 62 -44 44 75 30 -10 -85 -31 87 96 82 -23 -49 6 -87 -72 94 79 65 40 85 41 62 19 85 -50 49 -52 32 29 1 -2 -19 97 -93 67 90 -10 7 76 -53 -99 43 30 -66 -45 -60 87 -93 -77 -28 -59 -17 -83 82 16 27 85 -46 62 7 -12 -95 -63 90 45 90 -10 -76 9 47 -8 66 -65 -1 55 -7 -64 -4 4 23 -89 74 71 -23 -15 -68 16 85 -55 -60 -58 56 43 -82 -13 -64
78 -35 -83 -63 -55 80 -47 69 -96 6 -54 79 16 90 44 15 40 13 -53 -81 21 -46 -96 43 -22 29 -21 77 -50 -65 52 15 -75 37 -66 -56 66 -99 -78 10 27 -97 35 41 20 -83 40 -14 -52 99 60 -79 -99 -84 -87 40 -87 -26 69 93 -15 -59 -23 -67 -54 68 -47 31 64 30 3 -29 20 41 -31 88 -12 -22 84 -86 -86 79 23 27 -77 71 -6 -59 18 -69 44 2 45 -94 -53 -25 95 -84 85 -12 -19
43 52 30 -54 -82 48 -33 -35 97 -27 -84 7 -47 -67 88 9 85 -3 2 58 -97 95 79 70 7 36 -45 -39 15 57 -16 61 33 -57 -38 -30 -91 -84 -57 -76 20 -71 -97 -43 8 -62 58 70 -46 99 95 -3 -29 68 67 28 30 61 -12 79 -48 -10 -27 -26 -78 -81 -70 -35 6 62 21 57 -77 -85 16 -83 37 15 74 -28 -54 -11 -36 31 57 -57 2 -98 16 -45 51 13 -93 -24 -31 -93 -59 -47 -5 -18 25
-46 54 86 -75 52 -15 54 57 45 -99 29 59 -97 74 -9 -96 98 65 -66 -16 -73 -34 -72 46 -95 -91 -21 -93 -71 -40 52 52 -20 -82 -24 -72 73 -47 18 20 -29 -63 9 13 -47 41 98 68 50 -42 48 18 85 -51 65 -20 4 -83 -28 -1 67 97 78 33 20 -79 -52 39 6 89 -65 -75 24 -33 22 -34 5 6 55 12 39 -88 -94 15 -43 -49 27 -89 97 -57 -63 -9 36 -20 96 77 53 12 3 -58 -61
18 -99 -15 -27 -82 58 -42 -48 76 100 -76 -22 -60 -89 -94 24 -70 -47 -67 -74 43 -56 0 -72 43 -63 -67 29 -96 21 77 4 45 -31 57 61 -59 -30 21 -2 15 -42 62 -13 -15 80 57 -62 77 -98 18 56 -80 -98 -76 -84 56 84 64 9 90 68 65 -44 -42 61 75 94 -99 -54 -47 -27 -9 66 38 -2 -44 55 -74 -98 -36 -14 -10 48 90 19 8 97 63 63 -69 -39 100 22 33 10 50 -3 70 87 99
