-14 -3 27 30 -85 -66 18 94 -96 51 48 97 83 51 19 -84 91 84 65 -11 22 -73 38 92 -68 18 -94 -11 -42 -13 -22 71 -100 0 55 24 29 99 -94 -43 3 -10 39 -40 -79 -38 16 -53 -78 8 -29 62 71 16 91 -93 68 -92 96 47 -14 -23 56 51 55 29 -83 -77 -24 81 -64 -89 85 60 -58 40 57 -47 51 94 93 -56 20 -2 2 -92 14 -87 -23 25 54 55 2 68 30 -29 -69 -58 82 61 35
62 7 -54 84 28 -88 76 31 -61 47 34 -7 81 20 56 -36 -93 16 52 -52 60 -44 79 63 68 41 -85 -3 96 -76 -88 23 68 52 97 -78 28 32 -60 -91 -85 52 -75 43 -14 -31 73 48 41 -46 -76 6 -41 -64 97 94 -42 -28 18 74 76 43 96 89 -63 45 26 30 -64 -4 5 -29 84 88 86 30 54 86 -42 34 84 -68 49 87 -99 -99 -11 -9 71 81 2 73 71 -43 -24 -92 59 93 30 -8 -100
-36 29 -15 29 -6 5 29 44 73 -12 -1 -84 84 -59 58 89 60 -70 -95 75 -62 -73 52 79 -23 91 19 54 -22 -16 -25 -65 93 93 -76 40 -52 -37 -3 -71 -3 -9 -5 -61 -60 98 96 -21 -55 -17 -33 -75 -23 1 48 77 87 50 -90 59 94 10 51 -78 73 -15 36 -77 -96 -90 33 -23 -38 68 -25 94 -28 -50 17 11 -53 -74 65 -30 -7 18 -71 -1 81 -89 -69 -42 70 18 85 -27 47 -79 94 4 47
-80 -14 76 12 40 89 2 27 -62 36 79 61 24 -91 28 48 -43 -59 1 -29 -40 5 -42 -33 -77 83 -30 -3 18 -26 -1 47 -81 47 -64 29 -74 68 79 -32 -27 -33 95 61 -59 33 62 -14 18 0 83 -36 92 -48 70 -80 -57 23 -37 1 -38 67 -35 -93 -6 15 73 69 -2 31 -88 15 74 93 51 58 89 10 55 12 -6 22 -37 20 74 77 67 -100 -13 31 -5 -73 47 -64 95 -37 -54 -24 -65 -42 55
-74 56 44 -2 33 -70 -82 -71 83 1 -39 45 54 24 14 10 39 -54 93 60 90 66 -41 47 -66 -45 -64 65 -60 99 76 -75 86 -54 54 98 36 49 47 -32 -21 -30 -9 -69 -47 77 73 -89 84 5 77 -90 48 -94 -21 57 -92 -1 39 31 -79 58 -61 -73 98 38 -6 82 -7 45 96 71 15 -41 -80 22 85 -33 9 -35 -29 2 -69 -68 58 77 -33 -68 -97 -100 50 61 -44 97 -83 -94 -65 -9 -79 -88 -4
-42 -75 2 31 -74 77 69 75 -16 97 -23 -10 -35 -14 10 -90 -47 -86 -71 -74 55 3 74 -40 86 -64 -93 56 98 -92 96 27 -36 -42 54 25 -49 -60 -50 1 -99 71 99 24 32 45 52 -11 7 -47 79 -37 67 -92 25 34 46 -34 -48 54 87 -57 -85 -84 20 -70 -19 -37 14 -30 68 42 2 97 -57 -80 -1 -90 21 99 -92 54 57 -28 11 -47 66 84 -29 -94 -90 61 -2 71 59 -100 -1 -45 -77 32 -84
22 -41 -34 -31 84 54 20 5 82 -35 -82 -43 -8 -83 28 -41 35 -97 92 37 94 38 -85 100 75 23 32 -24 -88 99 81 -17 95 -68 26 50 82 -78 93 -59 35 -96 62 -29 76 28 -13 42 99 11 -34 -11 81 -64 -80 39 -14 -96 73 -74 51 0 16 -4 -19 68 31 98 -11 88 -98 -65 90 7 59 32 29 -84 -2 27 22 52 96 49 39 -19 61 -67 -50 20 8 -86 76 27 57 -41 93 32 18 -64 -49
94 -95 35 21 30 8 59 -49 67 82 -73 27 -5 -71 -50 -70 76 29 -19 100 -50 57 79 -28 23 5 44 -98 -8 37 -16 -44 -38 14 -61 74 43 56 -99 -12 -78 -88 -22 -79 -47 68 -87 76 -7 -36 14 30 36 -9 20 30 -16 -30 -78 26 -88 -81 -36 -33 -58 -98 -88 27 80 -26 -64 -45 4 51 -29 -51 -56 -89 58 -67 -29 63 -4 95 67 75 94 87 -3 32 -16 -43 100 21 -67 68 12 -28 -64 33 -29
-20 38 -29 -48 -71 -58 54 -32 68 42 -19 16 -53 10 -15 -19 -49 -5 -1 18 85 38 -2 -4 95 -23 -76 -83 53 89 22 -53 -49 6 10 73 -31 -47 100 -87 73 -41 -88 1 -55 -49 -20 -23 68 41 -8 -50 16 -34 15 7 37 -69 -67 -37 92 -44 85 92 -6 48 -75 95 71 36 6 13 74 -22 -59 -67 26 40 69 13 -64 -17 4 -5 63 -49 -35 81 15 82 -55 -37 -99 -81 25 94 -32 -78 -56 -99 -82
68 13 57 -60 -30 -90 -98 88 -34 79 -56 -91 13 -16 -23 60 -86 38 44 -50 97 8 -26 -55 -69 29 -57 94 87 -41 81 -48 8 22 -11 68 35 -10 45 -42 48 -5 38 -25 96 86 12 84 -63 -26 -28 -4 -37 -86 -23 -3 0 16 -39 -66 -7 43 -72 -4 83 50 -1 57 47 35 -17 -52 37 16 -56 -55 -20 -80 -29 -50 28 66 53 -6 -51 -76 67 -6 26 -49 -30 57 -41 -64 -23 -22 18 22 -72 -21 -98
84 -2 -72 89 85 74 86 -20 -72 90 1 -7 -40 -78 88 -19 -70 24 26 47 -11 -7 -55 38 39 -69 59 22 67 -82 17 37 -46 -36 -9 -81 -32 -94 -71 -31 -90 -49 -53 -67 64 45 -73 29 64 -100 91 72 -64 98 76 97 -79 -10 94 -56 -73 59 80 98 -30 -79 -4 5 -32 79 100 52 -36 46 -2 78 -7 77 68 -69 17 21 93 -22 -100 -18 -55 -76 -39 63 57 16 -2 57 61 -40 38 -48 73 -58 -68
-73 -6 39 78 25 8 64 -10 96 48 95 -91 -14 81 89 -86 3 -73 50 29 -88 -3 2 -93 65 -46 -88 40 -44 -9 -88 -31 22 77 68 22 -1 99 91 -86 -35 -14 -90 74 25 58 -63 -38 88 -88 -17 19 77 43 -64 22 21 -34 36 -66 -76 -86 -63 -30 -30 84 6 74 -41 16 -7 71 -25 34 3 -48 -90 21 -55 20 24 -30 60 -46 -68 59 -78 42 -100 -95 -43 -75 11 55 41 21 -98 -77 -68 -25 -93
97 12 -81 70 32 -20 -60 -70 54 4 -58 57 19 70 -87 -90 50 -37 -73 95 40 72 -3 61 -8 99 33 49 33 -71 54 -20 78 -5 43 83 100 64 -2 -73 23 -91 -1 -89 100 48 -15 -21 -40 -12 0 66 59 -60 -5 -99 50 -72 -47 8 25 12 4 54 18 -86 5 76 -8 -4 83 10 -41 -60 -58 -12 -96 40 79 4 -63 12 -98 19 -4 2 -11 68 48 -14 -64 76 21 -46 26 -53 -99 -62 -73 59 -18
-5 -43 -56 -1 33 50 -52 16 64 21 52 -22 8 -30 75 31 -58 71 42 -7 27 67 25 -45 -62 -66 41 -87 25 71 58 1 77 64 -6 61 62 33 -59 11 80 39 -83 -46 15 -5 -3 94 82 -70 11 -71 -52 80 0 -77 18 74 -70 91 52 -73 -79 -74 37 -71 87 -28 14 -32 -62 76 -23 -37 -30 38 -17 -15 -78 -28 -16 59 -20 94 40 -41 -55 -54 -45 -69 16 -38 -14 -38 -95 -50 -77 52 47 22 -6
51 92 -55 -15 61 62 43 -91 -11 100 -58 35 13 5 83 -45 -3 26 62 -84 22 -19 34 -37 98 76 -31 -84 -71 65 75 19 -93 -39 47 58 -52 -26 60 -54 -100 4 3 -97 15 65 -60 -81 35 24 -22 -31 -82 -39 -53 93 91 69 22 54 -61 -71 -42 55 -98 0 -50 97 -69 55 -98 -69 -98 -70 -13 -17 18 81 -41 -55 -1 -74 99 62 14 49 31 -62 38 69 4 49 -92 -91 -84 65 -47 66 -50 -50 64
-87 -81 -18 -30 -2 91 -98 -66 -62 -95 3 44 90 53 30 13 40 0 -96 -57 -29 41 47 -99 68 71 67 59 -3 -12 -99 -16 50 -20 79 84 -63 -23 -48 9 6 84 25 7 48 80 -42 -49 -44 22 50 -79 33 56 -15 -21 -71 -69 -89 22 -3 29 -100 -35 42 -61 70 88 -56 -86 -50 82 28 28 -88 51 74 -70 -17 -90 -66 99 36 81 99 27 49 -23 69 -56 82 -11 -36 28 -39 11 24 84 -7 17 -12
-32 17 -22 3 -1 -35 80 -66 -94 57 56 -16 -65 -85 -7 -59 -2 -21 36 -74 -88 79 -82 -89 81 -47 14 -15 72 -51 -67 93 -50 -6 1 -20 -62 -60 -100 -75 61 -46 14 -3 29 20 -89 14 -78 -37 -76 -38 -88 31 -16 35 -54 -87 98 -55 0 -77 -2 95 7 -69 58 -32 63 -11 34 -46 -24 100 -20 94 15 77 52 -76 13 80 88 -17 -94 50 -97 -53 -21 -48 76 33 25 74 -52 -34 -21 68 -49 -52 -43
61 59 30 61 97 -96 58 35 35 76 23 -58 -28 -91 -48 -16 81 53 -41 35 9 31 71 -48 72 26 -63 24 9 -64 -57 37 68 -36 53 33 87 -48 99 -64 -74 66 82 -87 62 -32 -71 19 76 -42 24 74 -37 52 43 10 31 -8 -6 49 20 52 -93 77 -12 57 -91 94 -17 -21 -72 -97 -90 13 -88 46 -36 -40 51 39 -35 -68 -6 -38 51 -72 100 58 -2 -17 -5 43 80 52 -68 -77 -78 -41 -94 99 71
54 -29 -53 6 -26 88 0 -80 82 68 -93 -69 -15 -60 73 -78 -81 92 90 -45 1 -88 74 -97 -38 -73 -28 -19 -90 -23 -42 12 -41 54 73 -14 -65 -81 45 -63 40 -71 -70 55 82 -76 -51 79 -70 66 -35 -97 58 -96 15 29 -97 99 -72 -79 42 -57 -54 -91 79 -51 58 -87 -50 -60 0 10 -19 -17 -70 4 -66 63 -62 -30 -52 68 -57 -36 -91 45 70 -42 31 -4 84 -11 -52 -80 -64 -86 -23 -26 79 -76 87
-56 72 39 -43 -57 -64 -71 88 -46 -82 -19 2 75 99 93 -4 -8 42 1 -39 45 22 23 15 13 -3 -48 60 -45 32 -6 50 -43 -100 34 53 85 5 71 86 91 100 96 35 48 -51 27 -74 -39 47 4 17 24 -77 -13 72 -63 -60 75 -93 45 42 5 -6 45 100 -94 0 88 -10 -91 -26 92 73 -57 -18 90 88 40 74 97 26 33 -75 13 -90 -41 -66 40 -49 15 -35 -40 38 79 37 37 47 -17 70 -79
-14 -71 -88 -7 -46 -91 -27 -7 46 -14 -62 -13 -8 4 -52 97 -23 61 72 3 -8 -67 -13 86 -29 31 39 -31 -80 -55 -15 -45 90 29 -36 -77 72 79 13 -14 13 -61 -43 -74 65 66 -61 -25 -29 -87 -12 -76 -13 12 10 79 -7 -53 -22 -46 40 86 60 67 49 -20 -80 -56 47 98 -34 43 -81 95 41 -4 -60 -70 -67 -94 -24 53 -27 -18 -34 44 -10 -45 12 89 70 -56 -59 -32 -31 -5 3 80 73 5 3
-56 -96 -74 97 35 -44 -48 30 49 -7 -32 -16 -55 -9 59 -36 31 -30 51 -71 84 -9 61 5 -69 -56 94 2 -49 2 32 -24 -52 -24 7 94 -70 99 -15 37 32 -77 -88 6 34 99 -83 -25 35 10 -95 22 -78 -81 20 4 46 -77 -90 5 9 62 -5 45 93 -68 -60 91 6 73 45 4 -94 32 6 98 67 91 -9 88 25 -45 47 10 48 -13 -35 -4 -95 75 72 32 -29 -30 32 -68 -2 66 41 70 31
13 -75 95 34 6 50 -77 86 98 30 -33 73 40 -98 92 62 93 -35 -71 -77 -82 -94 -32 27 89 -7 86 -23 -29 -92 56 33 8 -94 10 -85 -48 28 96 -47 63 84 -38 -59 22 -49 73 94 -93 70 19 14 78 -17 4 52 -72 35 59 21 8 90 -89 -35 -40 -10 -34 33 31 -14 -34 -89 18 -71 -96 90 -25 -40 58 66 -39 -30 83 63 -84 93 18 7 18 -41 39 -5 -67 54 -15 76 34 -31 -2 -60 19
-45 -98 -96 40 70 -53 -57 19 26 -46 6 4 -82 -16 29 49 13 81 53 -27 25 -83 57 -68 -57 82 -14 -82 31 17 92 -56 -50 -6 43 43 -47 -75 55 -56 21 20 38 -32 43 -53 60 -28 -65 -74 94 10 -99 -37 -79 1 -91 45 93 -97 80 1 -26 -78 53 -51 89 53 40 5 36 84 34 -39 -1 3 -3 -53 20 -12 46 22 -68 65 -92 -67 -7 -65 3 87 73 -57 58 80 -91 0 -74 34 7 -43 -14
31 -16 -61 -4 3 92 1 -14 -34 -81 -26 -16 -36 -87 90 24 -46 -72 -76 -14 -72 28 -38 -43 -61 -91 -32 92 -45 -52 61 63 10 68 -56 4 69 47 -66 -37 -14 -92 88 -81 -63 58 40 25 3 -27 -23 66 -78 -67 57 1 98 -47 86 -83 36 -93 2 -63 -10 -64 -56 0 -72 -35 13 -98 -1 -48 -25 -39 -46 -90 28 63 8 -9 91 -25 28 96 86 -49 -54 78 1 27 10 89 52 -18 74 99 -88 -30 -35
-77 70 -4 89 -96 52 86 -76 58 -8 16 -20 -8 3 24 29 -43 -34 -40 62 85 39 -82 -64 73 -31 77 11 -14 -84 40 -50 97 27 -91 69 19 -96 -16 -84 65 24 38 -91 -55 91 31 -97 -100 91 83 8 66 72 -11 26 12 2 -37 27 -40 -22 -21 -72 -61 -69 -71 7 -39 83 -64 -76 96 -9 92 -43 16 -3 -31 -27 18 -20 -25 31 -34 89 -79 47 -50 2 87 -19 44 77 -24 77 82 51 -4 -34 -80
-19 80 -79 -95 74 -83 -3 -37 -24 -52 23 53 20 -10 82 18 73 68 50 -3 -23 88 -97 38 40 33 -64 -90 -87 -62 -14 56 -86 100 95 100 7 33 0 23 25 -77 -36 -77 -58 99 57 87 -28 97 -48 70 -70 -5 -38 -28 82 -69 21 -15 84 94 -100 0 -49 55 -45 1 -93 100 5 27 -44 -61 36 -53 66 24 24 -51 -62 25 38 -48 -99 -9 -12 -5 -70 75 -68 -22 32 -43 21 38 31 -69 -76 48 -86
-77 78 98 -61 75 -82 -89 62 78 46 65 -88 71 -79 87 -60 20 32 -88 62 -23 -98 -46 -58 -83 72 -8 28 56 -47 55 94 71 3 -53 -8 10 0 70 -16 56 -100 81 88 -26 -26 -78 50 68 13 -57 -45 4 65 57 -26 -63 76 36 -13 5 55 71 -32 -78 3 -23 20 68 58 -27 78 48 -95 78 -80 -96 -91 -56 25 -98 -37 -19 -11 -100 7 -22 -47 -45 -28 50 -76 -20 59 55 -34 -83 -67 -59 86 -88
91 42 74 -65 15 95 -27 -65 98 -69 85 -77 -77 -57 23 -70 65 -23 -38 82 21 -45 17 -15 -99 36 1 60 5 -67 -62 26 81 -43 42 40 59 -70 71 14 67 -14 48 -8 50 65 61 -21 -22 -68 9 46 21 -74 75 58 98 21 -56 -72 94 -68 -82 -58 -45 38 -73 -46 57 -58 -38 61 -79 -22 4 12 64 -4 83 -76 -24 81 -18 22 -34 -36 -100 -78 -70 91 -49 -80 -55 -74 -98 71 -26 20 77 -65 68
-25 88 -49 -12 76 -32 31 -24 19 -4 -60 99 52 96 63 -77 100 44 -26 -63 31 10 98 75 16 -36 -66 -24 21 73 -35 86 -66 -77 12 2 50 -58 -26 58 -98 -91 51 -12 55 -40 -89 81 78 -58 2 51 -33 29 -14 -2 15 11 56 75 72 -72 5 59 76 52 25 -84 82 14 84 79 24 -20 -94 -52 69 -52 -88 32 -88 33 37 81 -73 68 90 -82 -77 65 81 -2 93 -5 48 -21 -84 77 -26 16 34
4 -2 49 88 -22 29 -40 5 -26 26 -4 -74 -91 -81 -92 39 52 -24 -36 -20 43 -85 2 48 83 -60 35 89 -19 -36 39 25 31 -84 2 -77 -81 -56 -92 -24 -42 29 61 28 6 88 -84 36 -87 5 -75 -12 27 41 -58 58 -29 88 -79 49 63 -12 -46 -26 -82 30 -89 17 -92 64 -79 -88 -24 15 38 23 -90 -21 13 39 -70 -38 13 -30 7 -85 0 41 45 -8 -46 -52 -65 -10 97 45 -60 -91 -90 79 -18
69 58 -2 -64 67 19 28 -26 88 -24 93 39 -83 74 -81 75 98 -66 -28 63 60 -34 -23 -34 11 23 73 -36 98 94 -43 64 38 43 -12 84 4 -21 -23 -1 94 37 80 -53 43 76 94 -18 46 46 81 -1 82 63 79 -71 23 -55 98 -6 -98 -39 -93 15 -55 -70 -17 88 43 93 39 65 10 -45 -35 54 -78 -67 -26 -12 -33 -12 4 36 28 82 57 -44 0 20 -60 -40 -88 -38 -94 -21 76 7 91 -26 -82
-61 11 52 15 -42 78 87 -8 67 -57 74 -88 -69 -9 56 37 -50 -88 -84 -2 39 73 -2 0 -59 -74 70 13 88 29 78 5 35 41 -44 -50 47 67 3 7 16 49 -23 10 -14 -71 -23 -23 -28 -11 -88 -91 48 -53 86 74 -20 -3 34 99 61 -96 -8 -84 -46 -95 50 -87 68 47 54 -80 -65 16 60 -7 23 -85 75 -27 -42 44 67 82 16 33 -95 -28 52 85 -88 -45 21 -27 -34 -15 69 41 -72 83 59
-27 -12 -95 -48 39 96 38 -39 43 37 -65 -100 -55 -62 -39 -88 -26 -34 87 -90 -38 -72 -42 -13 34 87 -57 -9 -60 99 69 87 -97 -21 48 23 -71 15 -81 83 58 47 -85 16 60 -22 -61 57 -83 -76 -98 95 31 23 -31 -19 37 0 -29 32 -48 83 -59 -23 9 -32 -79 -67 -5 70 8 23 65 -8 -63 46 -77 -7 27 -62 41 -80 -56 89 37 75 17 79 -47 -62 -50 61 -9 5 39 47 32 16 82 -56 36
19 85 -33 55 -35 75 -2 -25 -11 -55 -55 25 95 0 26 -77 4 42 -30 80 -74 -8 -35 90 -68 -58 86 -37 -79 94 70 15 21 67 -14 91 -18 80 -41 24 55 63 61 86 13 -52 -41 -13 -55 -22 -7 51 -24 -88 -36 61 10 -86 69 20 30 22 8 -36 73 -46 -78 -56 74 -3 69 -51 -11 48 -3 98 34 2 43 -57 49 -60 -53 2 88 -84 -20 8 19 89 15 49 -82 71 28 -69 23 54 -4 -97 -81
-61 -35 85 -91 77 89 44 85 23 -63 -67 77 -42 65 -57 94 27 -15 -30 -86 45 -86 -47 -7 17 -79 -36 88 51 52 74 -70 -26 29 52 -71 -92 -90 35 -84 89 5 -26 -73 75 -25 92 67 46 -88 -45 94 19 -72 -96 -98 8 4 36 -87 59 5 80 29 11 -18 -46 -26 -88 93 -82 46 73 91 -23 -78 -9 43 93 35 70 -41 71 67 61 96 46 -45 22 -82 0 69 68 29 76 76 -25 -26 -2 87 65
-5 21 -45 51 1 -81 25 25 67 33 -44 -71 0 -26 26 18 36 46 -20 -86 -68 -49 57 67 -60 30 -92 -92 -56 -42 -73 36 34 -43 -15 -12 100 86 7 -95 -95 -44 52 -63 66 94 91 52 46 -75 -47 -59 80 -45 61 -28 55 14 94 65 -66 84 -94 43 89 -60 -85 22 63 -73 51 -72 -16 82 78 82 23 -76 -47 83 17 45 -2 63 92 99 96 -33 77 -33 -62 -76 -78 -16 74 96 -16 -30 -99 -8 32
14 89 28 99 28 91 30 -56 -59 -21 28 29 87 -52 -43 36 42 19 79 76 53 71 31 -93 -22 95 24 61 -86 45 23 -71 48 -14 -52 -81 -86 -91 74 97 38 -8 37 -84 -76 24 92 20 -99 31 18 -29 95 -55 -9 91 -33 -51 -83 38 85 53 70 -87 57 9 -39 -76 -41 -40 -3 9 -66 -22 -65 24 21 -49 -63 74 84 -69 -80 60 34 -44 -34 -84 1 12 -55 31 41 35 -88 -20 -1 -44 -41 51 66
87 82 -59 -68 56 -41 -32 94 93 85 -83 -39 -46 -16 -2 -33 41 -81 -18 -50 -53 56 -71 62 -27 -91 -88 13 13 -94 73 -27 82 27 8 -27 -8 -90 65 -4 -94 -91 1 37 37 -30 45 -87 -85 99 46 53 -87 -45 42 -5 89 49 -85 88 -3 -25 35 28 -35 75 -61 47 -45 -20 43 -23 41 28 -15 -36 -23 23 -99 79 72 -80 -94 8 10 -56 -66 33 -31 77 81 -53 -79 37 79 -24 -4 61 91 93 76
43 37 2 67 -71 84 -77 54 48 96 -36 -12 93 -100 70 81 -45 -97 16 -53 -6 -41 -18 78 62 53 83 20 93 9 78 24 -73 58 67 54 46 -82 25 -74 -91 -39 93 -43 -42 63 40 -53 -4 -34 15 71 73 -16 38 78 68 -65 28 15 -4 98 6 -17 -7 98 -93 27 -28 -86 -99 95 52 -11 -23 -32 -47 -56 -4 -18 8 -50 -86 -17 -50 38 -64 32 -79 -50 -29 37 64 23 -33 81 13 46 90 -14 97
-29 63 29 -49 -20 33 -5 -80 78 51 -20 -61 -49 79 8 46 -16 -88 -56 4 -24 49 -64 11 -18 -81 8 -31 -37 -75 1 87 55 22 17 -41 50 96 44 -11 97 32 90 74 38 -79 51 75 85 -20 57 -6 -74 39 97 -61 -93 -43 -50 43 -17 -63 -65 -39 81 -55 -2 -57 1 -67 21 6 36 -34 23 27 -10 91 48 15 -5 12 89 8 53 36 72 1 12 82 60 -81 -18 -39 75 -85 -82 -80 61 47 38
-59 -65 24 -9 -34 44 57 -95 -63 -91 40 16 -15 49 -92 60 6 -16 -96 95 -67 50 -92 43 49 -79 22 79 87 91 49 -76 74 72 -3 56 -4 -60 61 -72 -41 24 -39 96 -89 -28 17 -12 -28 -22 -65 -12 75 -89 41 45 -65 90 67 -65 4 78 79 86 23 75 -32 -79 -10 53 -63 42 48 39 -20 69 7 -11 -43 20 -37 -75 74 92 -39 -62 -63 -30 73 97 75 -34 1 -8 -30 -11 -30 -86 -4 20 67
20 -32 83 38 -9 -9 88 -92 -60 91 -16 97 -40 69 -27 36 10 -37 -42 -98 0 -87 -7 47 38 63 -61 -6 76 -96 -88 -86 -99 62 14 -52 -81 -37 -59 1 -92 -14 45 59 -38 52 58 -71 -85 -66 -24 29 85 -91 83 96 59 60 -12 14 -66 -85 96 62 40 -81 91 -76 72 59 87 -89 52 -15 -80 -60 -100 -56 -44 67 86 -12 -80 57 4 72 -58 -96 59 -14 -88 17 -32 58 47 -77 84 -46 10 -40 3
-16 38 50 65 -7 4 5 -85 92 -56 67 82 85 -86 26 15 -71 19 47 -42 -64 -57 -75 -53 51 94 -41 96 -91 34 87 67 -10 55 35 -34 -40 -95 23 18 23 85 23 -9 10 15 87 75 -28 -36 59 -74 40 -32 -13 -37 3 -78 -30 27 53 86 89 59 -79 -59 45 -87 95 40 57 -88 15 14 -42 31 8 96 -55 -2 -13 61 71 51 -21 -13 65 -33 -50 -47 -44 -51 63 -61 -36 93 -1 69 82 -34 46
50 -64 -5 17 -17 -35 -69 27 79 92 18 83 -40 20 -90 -42 -15 -16 66 -83 42 -26 28 31 42 -28 6 -46 -18 -79 85 64 -27 43 -59 95 14 88 -86 90 70 -40 59 -87 -9 5 10 -41 -60 -54 82 -37 8 -98 -29 17 -69 74 81 -48 82 31 15 -55 27 76 29 -47 -98 5 31 58 77 90 28 98 82 -42 -16 -80 46 -35 -41 -2 -40 -13 -61 67 -68 69 -12 60 43 -64 -6 15 -99 -66 24 44 -19
21 49 99 -21 -44 -54 -84 25 -36 -21 54 64 -4 20 -20 92 -23 63 51 -21 -73 9 58 -61 -54 73 -21 100 -89 -65 -77 -45 -78 -61 21 43 7 33 -22 70 -62 -79 80 -41 -68 -74 26 56 -85 60 -32 19 -69 -64 29 -99 38 91 -98 62 -78 54 74 56 37 -47 -100 -45 -24 96 -35 -19 10 29 -37 -57 56 42 63 -19 -86 16 2 87 78 38 -84 52 -62 -6 -45 -69 74 79 -39 64 38 -7 -60 -82 -81
96 -16 15 -68 30 83 87 10 -4 -72 -33 -94 12 11 57 69 -15 -14 68 -27 93 -90 9 -46 87 65 29 87 -43 89 42 -2 90 8 37 -56 -84 20 -52 62 -48 -9 8 58 -34 -25 -60 -55 50 -29 -94 -8 13 -84 -74 99 -31 6 -19 60 31 7 -84 84 -72 -88 -19 -48 18 13 -10 -71 51 71 34 86 -81 7 -86 -87 37 -52 -88 42 94 21 -90 12 -41 88 88 -2 98 53 10 84 68 75 11 -57 -40
-51 -88 -57 -13 -83 36 97 -95 38 -81 -94 -83 93 63 -84 -54 99 89 56 80 -47 -8 -45 84 50 -42 -60 53 -43 -24 -59 -96 -20 -24 98 70 -29 -94 41 -63 8 95 18 38 3 -72 -18 21 -88 -67 87 -28 -21 16 -18 91 -16 -64 -55 -93 4 -75 92 -40 -60 7 -23 3 -98 23 64 17 71 7 -20 48 -47 -17 44 -96 -100 -93 -91 50 16 3 -38 22 -8 -34 -100 96 -55 -63 -80 -95 55 8 -81 43 -10
-84 46 46 82 19 -76 42 -83 85 -26 -78 -94 -82 25 16 -15 -39 20 80 55 -16 -47 -14 -27 85 33 66 97 -90 -76 -70 33 -51 -36 -60 -96 87 13 80 86 -92 -45 -15 -56 -34 -80 -69 18 -57 90 -6 -82 87 73 -4 12 80 -89 -15 -56 2 72 -33 24 12 -8 -67 37 -48 63 -38 -37 -17 -41 11 -60 23 80 -19 98 78 14 90 -82 -40 -59 -36 26 9 43 -3 20 -79 -47 73 -80 -12 16 57 53 -97
-96 92 98 10 18 25 7 31 7 2 -91 -78 27 -42 58 59 -73 9 -43 15 38 -44 -97 -18 76 46 -7 -71 30 24 49 -28 97 16 -100 16 -19 -63 16 -15 -83 6 90 -91 12 -99 85 -55 22 -6 0 32 17 43 11 7 -98 15 -24 -25 70 -23 -56 86 61 -49 36 -82 78 57 92 -11 79 49 10 47 71 -66 1 62 97 -4 94 68 -92 17 85 37 -42 74 28 -58 -6 43 99 -65 -16 54 -83 -50 94
74 99 67 -72 -20 79 26 35 -59 -48 -100 71 96 42 -50 44 59 19 50 -96 94 -33 53 -59 17 13 -9 58 -19 55 22 77 29 23 10 -9 12 25 76 75 -31 18 -41 -38 28 4 3 5 20 13 -98 -25 -80 -51 -50 -86 32 89 -20 93 -68 -3 27 -61 -84 87 -34 -34 -97 97 40 82 -62 -1 13 -66 98 -51 -57 2 -53 0 -66 -8 43 -57 -41 50 96 -87 -8 -40 25 97 -3 -31 76 45 -47 -88 -24
-49 54 -100 -15 7 6 39 85 -27 54 -56 19 -77 -70 24 97 47 -37 -94 -71 -14 69 85 -72 -29 -65 17 -100 91 -56 94 13 70 71 -4 -50 -58 25 -47 -16 -54 -44 49 -85 55 29 -17 90 90 -59 35 -89 66 -65 85 61 -99 26 81 79 -6 34 8 -63 33 -23 -27 83 -44 -89 -37 -52 39 90 -41 -6 9 -77 -89 4 83 -33 6 -10 65 82 -76 -88 -25 76 -16 76 -32 -47 90 0 95 -70 67 -18 -49
32 18 94 -35 -68 -73 -8 -22 31 48 18 84 68 51 -64 13 69 0 97 85 62 31 67 83 -74 98 -57 97 -62 -12 48 -36 -42 -22 -44 13 -8 -69 -86 8 -80 -7 -46 -29 13 -43 -61 96 53 -88 50 57 -81 18 9 8 60 48 -20 -21 42 66 28 -68 -45 59 -44 80 12 -89 81 3 1 30 34 -10 -13 -47 -84 0 56 -94 -96 -32 -98 91 -42 -1 67 43 68 7 -96 -63 68 -24 21 -17 87 -40 -52
66 10 -74 -76 25 -43 -18 -67 51 -11 -61 -14 88 -57 -50 5 24 81 -80 -98 -97 -4 3 -89 -89 59 -65 -51 -40 1 -74 -81 48 -100 23 94 3 -33 -21 -17 58 27 -40 71 18 4 86 -99 36 16 45 -38 -8 25 82 -31 -55 -68 -71 26 -85 -20 -82 -42 -66 82 62 -47 -57 0 -60 -19 36 30 -96 21 47 -65 -34 -99 34 -94 30 44 12 7 18 -36 57 -30 93 19 -49 75 84 77 76 93 -82 -15 69
-39 76 39 96 -86 7 -88 -55 73 12 -62 -57 -20 -90 -68 -5 36 77 -26 13 64 79 54 87 -24 -75 -45 48 91 -29 30 9 88 97 -96 -73 -74 60 -90 77 63 -85 32 47 26 -88 81 -57 -18 14 75 -27 32 -15 73 -98 29 9 -39 44 15 -70 -5 77 -36 -66 74 -82 85 57 53 -34 14 59 65 63 75 -51 93 71 -13 -99 35 31 -17 98 -73 88 33 -63 67 -28 -34 100 -62 98 -7 -26 -4 -78 49
-62 -99 67 -73 -65 33 31 -8 13 61 -1 -69 -45 9 -29 64 -86 -2 -6 7 -33 29 -31 -86 4 -77 9 51 15 -24 -45 -83 -95 49 -25 7 -32 89 -2 27 47 -47 -22 -87 -87 59 58 -37 -70 5 -53 83 90 52 -31 -6 -4 -3 36 73 -77 6 15 -59 -41 95 48 9 -62 -21 55 67 9 31 60 14 40 -96 -9 11 -90 55 92 9 -82 26 -16 -82 86 22 69 86 -66 62 -39 -13 58 57 91 46 24
80 31 -51 -35 39 50 20 18 -44 33 17 8 -88 79 72 -68 -8 20 -35 -13 -50 53 -76 -19 96 -51 -46 -68 68 -72 95 97 23 25 -45 -56 48 -75 -4 -8 10 90 -57 68 54 20 -39 84 28 -13 -38 -52 60 -85 -58 -43 -27 48 2 -24 19 60 10 71 36 58 -99 21 26 55 97 -5 92 -90 24 72 -86 -95 65 -48 92 72 -21 -7 -70 -3 30 -52 36 -12 57 -49 44 86 63 -68 28 78 -47 27 -7
14 -62 72 -36 30 -99 39 -66 6 -23 -30 -15 -37 19 33 76 70 -38 26 4 -1 88 -85 14 57 50 -88 21 16 65 -80 25 21 39 100 76 -6 59 -11 79 -33 75 5 -83 77 -41 -28 -74 -81 47 86 -87 -6 7 58 -26 -51 -34 96 66 79 -78 98 34 7 -11 -31 21 -12 23 3 35 87 35 -62 -57 6 -15 0 84 53 14 62 -34 68 -68 -4 -76 -78 65 55 -19 -85 46 -31 -94 -65 -59 -29 42 -83
-41 68 44 -36 -86 73 -63 -62 70 -20 -29 72 -57 -44 -37 1 61 61 6 27 -37 100 -63 -33 -60 -97 -48 97 19 79 -57 29 48 57 -76 69 -36 -66 0 -63 37 -69 42 -68 -8 -80 -18 94 82 -83 -87 47 -95 -16 33 34 -86 96 30 -77 50 -49 -44 -67 61 30 99 38 -82 -8 -48 58 25 79 -91 -17 -32 76 43 66 -96 -59 68 78 -69 26 95 -81 60 -53 99 -29 60 -25 -8 -48 -90 86 -85 -23 -26
-90 93 -24 97 -15 2 -9 6 -96 -19 13 4 2 3 82 -17 -90 -84 -63 -79 28 -73 89 63 4 -84 -64 17 16 -5 94 -63 -20 53 -54 24 -43 45 -81 57 -5 -3 7 99 -69 38 -9 58 36 77 54 -2 -90 77 75 -97 100 15 -97 39 -86 -49 -100 43 -1 -81 47 61 89 -34 -52 -87 -78 62 87 28 78 78 -36 92 70 -97 -69 71 -25 71 -83 30 1 33 -29 23 9 81 79 45 76 92 1 -57 52
65 -98 36 -40 62 -95 -39 -16 -75 -65 -15 49 32 -68 -76 84 56 -100 -97 -9 -26 44 25 -69 -53 16 -12 -79 3 45 -69 24 -65 -53 -82 -24 -85 44 5 -29 -94 74 75 -15 29 -16 -40 85 71 45 65 -98 -50 1 -73 3 -80 -47 -72 -11 -81 19 100 -56 -36 75 -97 -47 -64 -15 -70 28 -66 7 -6 69 68 99 -100 97 -5 -22 58 -5 -23 -20 99 -100 74 -64 69 65 28 32 36 -71 -50 -23 49 -27 -19
-58 -63 -94 -98 95 40 88 -12 60 27 50 -8 0 -47 14 61 -60 -34 5 -50 58 10 78 17 -93 2 -90 16 -43 46 62 -19 -32 -16 85 -57 -12 9 9 67 57 91 50 58 -64 -72 -83 -62 -2 18 51 89 37 -20 57 98 0 68 -14 43 -3 61 64 17 1 -51 -79 5 70 -76 41 49 63 20 46 -58 -69 99 31 45 84 53 37 -90 62 90 -19 -71 -28 -65 77 -61 7 41 -55 -89 47 77 -31 -12 -35
-13 -58 -44 80 17 64 -84 24 -4 63 -22 65 -5 -47 -62 35 48 70 -32 -76 -62 19 -58 40 26 -45 52 -15 -96 -77 51 -41 -53 -69 -92 -73 -37 -51 87 30 -46 -43 -80 8 -63 76 54 -57 -68 -9 -88 -59 -75 82 -12 -44 3 41 -23 49 29 -16 -32 33 -44 95 -46 -53 -61 -65 -72 19 93 32 -97 -13 -37 19 -40 -54 5 48 -95 -17 -74 -19 32 -92 75 -18 -66 29 36 10 -90 -66 -95 -100 -23 7 -86
-32 72 98 -34 72 98 64 -37 70 16 -48 7 -55 -92 10 -35 -81 62 -61 38 -50 6 -16 -1 51 90 68 -94 3 -57 24 91 71 -60 -31 -7 45 92 8 -10 89 26 -13 -96 -51 -59 -12 -46 93 98 12 -1 -37 29 -52 -55 -75 84 -82 -15 -69 -84 20 55 99 -39 84 -8 -38 -59 29 -52 23 40 -75 12 -94 29 16 16 87 86 97 42 62 -24 2 24 48 -77 -19 -54 33 -62 -46 -64 -75 43 -46 -90 -63
11 -14 39 34 -38 2 39 -53 -9 62 -89 51 69 -12 -55 81 26 -36 82 -72 94 78 11 69 -23 26 58 38 64 -65 -1 -99 1 -80 74 60 47 -34 56 -75 -83 19 75 -89 -88 44 -55 -24 -74 -66 -57 -87 -7 65 -43 -77 -27 -53 1 -3 -21 38 -51 76 52 23 0 54 -67 -25 3 99 -50 -50 -1 8 -65 -96 54 -100 -24 2 -22 -57 -11 -83 -41 43 -73 -17 -66 -53 99 -100 90 50 70 23 -45 -57 -61
72 47 -78 -69 21 -81 80 80 67 1 -78 -22 -33 -89 -90 13 -89 87 99 -35 -13 -72 36 20 -82 -33 -61 0 67 81 -79 -45 72 -25 49 26 -10 3 14 -22 -28 45 -33 -14 56 -46 -16 -65 -84 -45 87 44 100 77 88 -4 -59 50 19 -48 -91 -5 100 -54 10 -77 -41 29 34 -69 0 -1 89 20 69 -10 -16 -84 -43 60 76 -30 99 74 -48 -45 -35 24 -63 -94 56 92 58 -83 79 86 -86 -37 16 -76 -66
-39 -42 -2 74 64 -38 -70 81 43 57 -99 -61 21 -38 49 11 -90 58 32 81 26 -54 70 28 50 18 66 88 67 -64 -51 -49 -13 -26 -61 -43 20 95 3 -8 -19 27 -72 -60 0 70 -17 12 -51 57 52 67 -37 73 -28 10 -53 -52 -88 -81 28 29 -84 -35 13 -39 -44 42 -34 99 -22 -91 -12 0 -33 1 18 -22 -28 65 91 9 -3 77 -98 42 -66 33 -37 30 22 -46 -14 -6 -29 -45 80 24 -52 -2 15
80 41 77 85 71 16 -37 98 90 -16 11 69 60 -28 22 80 -46 -46 -16 95 -2 -96 -49 -27 59 -67 84 -76 4 -15 -44 -67 -1 -89 37 94 -73 39 78 -74 25 -80 -44 90 92 -9 -3 -36 35 72 93 -36 -92 29 -24 90 77 -30 97 39 -90 40 83 -61 -93 -67 -46 -45 98 -89 87 -54 76 -56 10 -57 0 -33 77 86 -64 -68 -50 43 22 4 -44 43 65 39 100 53 -55 -60 73 56 56 20 96 -66 -20
78 -70 45 53 41 35 -66 46 69 88 -60 -89 -12 95 -51 51 24 -71 46 -53 65 -23 -65 -41 -70 -59 -100 -23 20 -96 -80 -39 70 13 75 -61 67 31 -6 13 83 -92 91 70 -45 81 -100 22 -44 93 -70 -58 -58 83 98 -69 47 -88 -49 -4 -6 63 -57 79 76 -76 -12 -95 81 84 -41 83 -78 72 100 -20 -92 -55 70 -94 -81 -12 -33 57 -57 -70 13 -37 56 24 2 -18 27 69 26 -31 -17 8 -7 17 15
66 37 -53 53 -47 -77 41 -2 100 -65 -63 5 -92 -20 46 37 -24 -97 -34 -88 -95 25 -4 -77 -94 31 48 89 -98 -37 18 9 -26 12 -2 54 -23 48 20 71 19 -94 -21 -68 -89 -91 -60 -16 74 -6 4 54 -50 -25 38 -10 40 -78 -62 -61 36 -39 -20 17 81 -13 73 36 -94 -18 100 66 29 50 -95 -65 -9 47 34 4 8 74 74 -40 83 -44 -11 -13 91 96 -36 54 -87 -58 48 42 -31 52 74 33 54
-46 -48 61 21 -91 -57 55 -44 -72 -79 -46 13 41 -54 -100 98 49 70 15 -86 47 78 99 -55 -78 -27 44 95 45 -26 87 -61 -69 -74 -49 -16 62 30 72 -19 -2 64 -6 88 17 -25 53 -38 -33 74 -93 51 23 -54 -60 -76 -89 -57 -10 -35 76 92 -83 -87 87 -45 -88 10 23 -50 20 26 75 47 85 76 97 -48 56 91 85 -7 -12 -39 -55 33 -66 -42 -65 -94 -94 -82 -50 84 -65 -2 53 -83 -37 -64 6
-29 84 -32 56 -44 -11 37 -79 69 -63 82 100 19 -98 49 -6 -96 85 17 65 76 12 -100 97 44 -87 30 -42 -36 -66 75 20 -44 9 -70 -14 6 -65 -64 -75 45 85 30 -74 -51 100 -74 -51 54 -11 54 22 -18 -49 75 32 -39 -73 -89 26 -67 -62 7 -65 73 -80 82 94 0 -6 -88 -84 13 91 62 -100 5 13 80 46 -7 -60 -24 85 -48 -65 80 3 -96 -51 98 -95 -55 33 -61 -19 -11 5 -55 -90 -3
96 -57 -71 -31 -65 -79 60 -69 57 10 63 -56 -37 -76 34 92 7 41 85 40 95 -16 85 63 -34 -72 14 -20 19 28 42 -9 15 23 -84 -1 -52 -78 -86 9 25 -58 93 -86 -39 28 42 16 -9 -31 -41 -82 74 -55 -84 54 -93 -95 46 -86 89 59 -75 50 84 83 -94 -12 4 44 31 -71 81 -30 56 -84 96 59 99 -15 -2 9 10 15 81 -14 87 51 54 -85 -93 -75 -10 62 -88 93 -72 -56 28 -100 84
-88 -96 -94 78 21 -40 85 -37 74 49 -97 45 27 71 2 26 25 -38 100 23 41 -88 6 -25 -53 51 -47 65 -74 67 85 23 87 -42 13 94 59 14 12 75 70 26 -42 24 -75 7 -44 5 -69 76 -85 -74 -26 -73 80 57 -94 -21 -27 75 71 21 -33 8 48 -32 6 55 44 -22 25 28 -9 -30 97 60 -74 -96 -39 -47 59 81 -22 80 7 -14 -32 62 -2 91 -34 -97 -23 81 58 61 -43 86 65 -74 28
-38 0 -70 -41 9 -85 6 49 32 74 60 91 -82 -66 29 59 -98 5 7 100 93 41 63 5 23 60 36 -85 -22 -63 -76 -69 26 -96 29 9 -63 80 -17 39 -59 -7 -28 -43 60 -2 -72 -92 78 26 85 -86 -12 12 -19 -84 36 -21 70 90 -79 -40 43 -8 77 45 -26 -5 -92 -100 -23 60 0 -39 -26 57 87 86 29 37 57 -14 1 -54 70 13 20 -56 43 -65 -7 -82 -78 -31 -74 -14 31 -65 -35 -94 82
-13 -28 27 -70 83 -38 70 -72 62 -44 -49 -62 -12 97 -13 -68 95 -44 -87 77 27 67 -72 -83 72 -54 -47 -31 -9 11 -46 -20 -68 94 -43 83 32 21 85 10 97 -63 -66 74 58 97 96 3 72 61 -82 59 -84 80 85 -86 88 -16 -34 18 38 -32 49 40 -31 -99 -50 33 23 12 -9 -33 72 -38 83 -53 34 0 -6 -20 -5 -70 45 90 -53 38 39 -3 73 32 -83 67 -51 89 35 9 -10 -3 14 -32 96
17 80 52 -81 -41 58 -17 -36 19 13 -76 15 -73 -5 91 -54 -83 -84 40 18 -85 65 -48 69 84 -35 -21 74 -50 -25 -87 -66 67 30 -42 -71 73 -58 -66 46 -47 68 -73 52 -98 15 -100 25 98 95 -54 96 -23 -45 51 -75 -81 78 -40 52 89 34 49 -19 -33 -57 31 -72 -20 83 -66 87 73 -88 -55 85 7 19 14 -95 87 -28 50 -24 -77 11 56 62 -5 -7 47 -67 23 45 -34 -76 -41 -3 -48 -39 63
59 25 52 -5 38 90 -4 67 -24 -81 25 -5 19 83 -41 -20 -100 68 100 95 63 -58 34 -79 80 76 27 4 8 -56 24 3 49 27 -27 13 40 12 -12 73 78 -55 62 46 27 4 -31 -79 -36 -35 -17 41 21 90 -61 45 -12 74 19 64 22 83 -64 -86 16 -94 -60 -65 -49 -69 -76 2 82 39 78 -59 68 -6 42 -65 -66 -32 -25 -40 97 84 56 -4 30 5 31 -28 -97 81 -44 66 -58 -88 35 35 12
3 -69 68 42 10 43 -67 -71 -14 -55 97 -50 -67 16 -19 66 21 61 -15 93 -1 11 18 16 49 66 24 49 40 2 74 3 82 54 25 -19 66 -26 -46 -24 52 -13 34 1 72 -98 98 3 -67 11 36 -65 32 92 -30 -63 27 -15 -25 -88 -19 -21 -18 5 -57 8 -16 -76 -51 -60 33 -62 -8 -16 16 33 12 -31 48 -58 -33 -77 6 49 -95 34 77 -3 -65 -73 90 -73 53 -49 72 85 31 69 17 8 31
34 -71 -12 25 93 -30 97 -56 21 69 8 5 12 -1 -2 87 50 -94 -8 -67 -41 -70 -3 -32 19 76 0 32 68 76 -74 -95 6 -22 -92 8 82 93 35 51 68 -7 -53 73 21 -18 -80 49 -30 13 -42 -67 94 -22 -35 -53 -19 95 62 83 -87 -67 -59 75 -36 -88 -89 31 56 -64 -84 53 79 81 -95 -68 -33 -8 15 61 98 84 84 56 11 39 97 -60 -44 98 -62 55 -21 -11 -29 52 -59 -9 28 63 -15
-92 -64 -96 30 -24 -25 -23 -26 -97 -41 -20 -39 -50 -90 15 -48 46 -21 -45 -20 19 -29 95 8 -32 59 -31 72 27 -16 -42 -70 23 43 -99 -83 -73 -40 13 10 -11 -12 76 -10 20 76 15 58 -92 -66 -80 -94 -15 -38 85 -77 -16 88 51 -62 -19 91 -29 -32 -31 17 -35 68 60 90 66 -44 -63 54 34 -43 41 17 -71 -34 -50 -75 1 11 -47 96 70 -55 42 17 -10 49 -53 -78 32 -11 -66 100 -85 21 -3
81 43 53 -34 -99 -2 -15 76 15 -11 41 61 92 -71 30 49 -65 -33 74 96 74 11 52 -2 -94 -63 -13 21 -30 8 53 3 91 89 -83 82 -71 -57 -17 94 -92 11 90 10 -81 6 -23 51 65 61 -14 69 -14 15 -85 57 -90 -16 9 59 -25 96 41 29 -76 50 97 64 19 90 -30 0 -18 68 91 44 17 -20 17 -22 -71 -70 -20 4 69 -97 -63 -29 -32 -92 -76 -70 -100 96 67 2 77 4 29 -19 92
-19 63 45 22 -22 -27 69 99 99 -72 -36 -13 70 66 -35 69 -12 -45 -20 -1 49 -4 -21 20 49 19 10 49 -32 53 -66 61 -5 73 35 -16 79 22 -34 9 -56 -45 -86 -5 -48 -65 20 64 86 -29 -32 -17 32 -67 32 27 2 -95 74 -99 15 82 78 39 40 95 -52 -90 -70 58 -70 -50 -19 73 18 -60 44 22 -44 -97 13 -15 83 97 19 -45 -54 51 72 2 19 76 -24 -92 54 19 20 -100 9 87 -52
-47 -46 65 90 38 -14 -60 -67 -59 90 1 -58 67 -36 -99 14 93 17 15 94 97 -17 -18 -90 -81 -61 -45 -35 83 -22 74 -11 -3 6 -32 68 85 29 97 74 51 72 -1 81 -52 -50 -31 93 -45 -8 53 -7 -2 53 -6 8 -42 -26 65 -10 -13 7 -90 18 -7 -35 99 -88 -80 59 45 -83 1 7 -36 -74 21 89 -60 -88 -87 -36 48 51 -36 99 97 45 4 86 -20 -66 -49 20 61 92 79 -63 -5 -83 62
-74 52 5 41 -33 52 85 16 34 36 96 12 -45 -36 -91 -42 38 -1 18 71 97 -76 52 45 -60 -20 -46 -24 -84 -10 -11 48 20 -58 -70 46 -18 81 57 -80 84 29 -79 -65 -54 -99 33 29 62 -21 -16 0 -36 26 24 -63 -25 -19 100 73 17 99 97 9 25 60 -26 -87 -95 -2 78 -5 -76 -21 -65 -89 30 -33 -31 -11 29 -75 -99 29 -85 -92 38 -6 89 -47 -59 -76 -69 40 -10 100 -33 -14 -96 26 10
-55 8 61 78 -49 16 29 78 53 -42 -16 15 -47 -72 21 5 -64 -45 8 24 84 30 92 -63 32 -85 -30 91 -66 42 -47 66 -28 48 21 -93 -52 -12 1 -97 -61 -82 -37 63 -61 -50 -43 -45 42 -55 24 93 -12 59 -41 73 -26 -9 -78 -67 15 -68 -34 77 -10 12 -5 -45 -59 42 47 100 -80 85 25 -87 -17 46 93 -72 87 67 -7 -55 -46 -18 71 -55 -57 -20 31 80 82 -84 -11 -69 -93 -55 58 75 34
54 -74 -81 -91 93 82 15 49 80 -91 -93 -5 -24 -8 -47 -90 30 -29 92 -4 69 -59 -65 0 85 -26 9 58 80 58 90 -83 -67 -46 -72 -98 65 -8 100 7 -64 -60 58 41 28 41 30 -58 -56 -30 -23 100 -47 63 -70 69 38 22 92 -85 53 24 80 49 -24 70 37 -73 -87 70 -67 -97 10 2 -8 10 86 35 17 -77 2 40 47 86 53 64 -89 -27 56 38 74 -7 2 24 -24 77 49 31 88 97 53
42 -71 18 39 -52 -25 -67 -64 -41 91 -22 -17 -94 -86 -40 -45 -91 -14 -49 -7 90 -70 -92 -43 -41 35 -94 9 68 97 -86 -91 -78 59 -53 43 84 -12 32 -12 -65 -94 35 2 19 65 -72 80 -78 88 45 -76 -48 41 -88 41 5 57 36 -31 -76 92 -17 -15 78 54 -3 -71 -71 23 -68 -90 -69 24 29 81 47 -88 6 -81 -44 34 45 -58 -3 -8 90 -2 7 87 -25 -6 28 48 80 72 56 73 39 69 -95
91 85 -6 62 100 -57 -85 17 78 15 -79 93 19 -94 -29 11 32 -45 9 92 20 39 -35 -52 19 47 -92 19 0 14 -98 11 43 -34 -77 85 -15 -42 60 13 -43 96 15 65 -24 -63 -59 -6 -15 -99 92 -21 38 -96 -80 -48 87 -33 -9 -73 93 51 85 -10 71 91 -82 -73 -96 94 86 9 23 -61 -97 -57 -64 60 -51 39 29 27 -69 -100 -26 14 21 -45 58 6 -67 -13 -43 -13 -37 96 -61 -78 15 64 75
-10 47 18 28 -38 96 80 -1 -95 21 42 87 39 -9 -36 45 40 -54 87 56 68 74 -62 75 -7 79 37 -97 -87 -37 3 -29 -52 -96 -49 -60 80 -91 2 47 -48 -69 -28 -64 59 -71 86 -88 18 -46 86 -35 38 -24 -46 -64 42 5 92 -94 -39 -81 34 11 -16 -92 -9 -28 -92 -22 -68 84 -24 5 83 31 46 90 -44 -52 -75 49 -57 36 20 -51 -23 73 -80 -65 75 -52 62 35 0 -9 21 12 -6 -89 74
50 71 16 -59 82 17 54 -88 -58 -100 -2 -97 78 -70 8 -45 -47 -82 -52 -68 -65 59 -45 12 51 -76 -99 61 -28 -82 12 18 -56 51 -93 50 -87 29 -36 -29 28 59 5 0 71 98 -19 -31 -56 -62 66 -68 41 -39 94 95 -3 88 56 75 79 -96 1 -16 -54 22 73 -26 -45 -54 36 5 2 55 9 -78 -96 0 84 59 -5 -51 -79 6 32 -41 -85 -13 -82 -16 44 45 -17 -90 10 -71 68 8 68 18 45
-8 47 -55 -17 82 31 47 -10 19 -26 46 99 -15 -61 63 19 -23 8 -37 15 75 100 3 26 -21 -10 -64 15 -45 12 -92 -2 -60 13 28 -98 16 16 20 -76 99 68 -45 86 29 -95 50 -68 -9 -9 -67 50 78 -36 -42 -97 91 95 25 7 -84 -99 -26 58 -53 17 -24 19 -5 -1 -30 -87 -96 33 69 14 83 -77 7 -20 6 -28 -4 42 93 22 -64 83 93 -84 -54 79 -96 -97 -18 33 15 -34 71 -37 -20
80 75 -95 -15 -91 -23 -22 -42 50 55 13 -29 -88 24 -56 10 -95 17 -21 -22 3 -23 -68 7 40 40 32 -27 -41 50 -16 -64 5 -36 -98 -64 87 -98 60 -19 -1 92 -21 78 -86 -24 -90 99 -68 52 83 -4 19 -76 -41 30 -56 99 -5 -8 90 1 42 -88 -13 -31 -36 82 9 -10 -41 -88 -82 63 41 55 64 18 -53 -5 19 -91 -7 0 42 6 -88 32 65 79 -11 89 -90 76 -11 -78 46 16 -14 99 18
57 75 13 -28 41 63 -22 50 -2 0 87 -41 27 -19 52 22 53 14 1 79 -63 -69 6 -41 65 -57 100 -90 46 0 83 -54 93 26 -22 -11 -3 78 -56 7 2 8 80 -59 42 37 33 82 47 55 -14 -36 27 34 -88 -36 -73 -38 79 -28 81 -51 -84 -12 40 79 -31 -27 33 -5 -97 -36 98 -15 -95 -49 -43 -6 85 85 -6 -76 88 48 -29 22 -69 -82 -76 -98 -99 70 48 10 -53 -15 93 -48 -14 -62 -69
-42 -58 14 97 -91 -62 -79 65 -67 -64 -60 -45 85 -83 94 -8 96 -7 -90 64 42 44 8 2 -8 -49 -59 46 78 -51 99 41 38 49 81 6 100 -26 75 -34 5 92 -81 16 10 -45 83 -20 10 -87 -11 -1 64 73 28 97 -89 4 -51 19 23 -37 -88 78 -19 -6 -26 79 78 -94 85 -15 -68 56 -78 38 -32 -78 -3 37 -19 -93 77 35 -18 -87 75 -4 -94 72 -6 40 -73 1 18 96 -15 -98 -38 -25 13
6 -36 99 -69 -63 34 -7 -52 50 53 -8 -58 49 -83 -86 37 81 96 -90 98 93 -98 -60 -39 -56 55 47 -83 -86 57 48 -80 -22 -7 -82 -12 -79 64 4 66 51 -70 55 74 93 3 -89 -83 -17 4 -86 33 57 -61 27 62 81 35 71 -50 72 -25 -66 1 23 -30 -61 49 22 -30 24 19 39 -62 -7 -43 88 -29 -69 -91 -45 -62 6 22 -84 17 34 95 -19 58 35 -8 -89 -75 -37 -3 22 32 35 67 5
-17 87 94 7 -80 -76 -35 28 -8 -34 85 -35 8 0 -64 96 13 22 98 -91 -31 -58 63 88 5 -78 15 -26 32 92 4 -91 56 52 0 -98 -34 10 89 -9 53 68 -87 76 -57 -98 0 -33 43 -32 18 -84 5 23 84 42 84 40 70 -4 -34 98 -48 97 97 -36 -25 40 -72 -66 91 -30 5 51 -70 -46 12 -65 82 41 68 15 9 -73 99 29 -31 -27 35 66 -88 0 -4 -84 -36 -90 67 9 26 -66 -94
-7 2 11 63 85 55 90 -37 -75 29 99 10 62 -88 58 -88 -14 -98 -72 48 40 4 -35 -43 11 -77 59 16 -59 15 -41 -73 30 -67 7 -79 -43 85 -73 19 20 29 20 29 69 24 -55 36 -14 64 -25 10 -45 -85 22 -47 77 49 29 -81 -56 -45 -86 84 79 41 44 -39 -87 -28 -89 93 -33 -74 54 41 60 -22 -27 32 -17 -29 -86 -98 77 -48 -89 36 -55 20 -12 63 -11 -44 42 47 -30 -68 7 100 74
45 -89 52 78 25 -62 -58 46 26 7 -71 -82 28 -92 16 23 -49 -63 -21 -85 91 65 6 74 -83 -21 -14 84 94 78 -55 96 8 72 82 76 -64 -58 -49 -86 50 -5 -70 -79 54 58 -67 44 38 99 -31 -90 -41 42 85 -31 -100 -45 29 4 -56 33 0 -100 90 -79 -25 -55 33 -79 -14 -38 -25 -68 -10 -83 -80 -60 18 -50 24 -80 -12 34 55 51 -30 -60 -53 16 9 6 30 -36 95 -27 58 9 -75 36 48
-51 17 -49 3 -53 88 -17 -73 -63 -65 37 -94 -10 -34 5 -94 61 -38 38 -5 25 55 -61 97 -65 14 -22 -39 -71 89 -42 -25 -63 -58 45 30 98 38 -10 -66 49 80 63 91 -63 38 57 85 -43 -22 98 98 23 -15 -69 60 30 81 40 41 -37 -86 81 63 -85 22 -28 9 -54 62 -81 -52 25 34 -8 -49 -89 14 51 -16 -18 -77 -95 44 -62 56 -2 7 0 87 48 -86 15 87 55 -39 84 -71 -50 -83 -31
