-51 13 -24 76 -26 -18 -36 -61 -23 56 -43 19 -4 -86 92 38 -45 -72 -27 50 -9 19 38 32 -23 80 -17 99 12 100 50 -7 18 97 -75 -100 8 95 -28 -7 72 90 -97 50 45 -58 -77 -59 -38 -36 -34 68 -46 -72 46 -47 -87 -52 47 -49 70 82 36 32 -96 -34 -57 -9 -70 -29 -86 93 -94 -30 -86 -35 -99 -22 -33 42 79 -10 44 -35 -10 -40 32 53 -85 9 36 -57 26 -34 -44 57 1 17 70 -61 8
60 82 -62 -86 84 8 81 -67 -79 24 -48 -95 50 66 -16 -97 -99 9 -79 -81 16 -18 -19 25 30 -25 -8 23 -89 -75 54 -36 70 -20 -85 -91 -92 -61 4 25 30 -25 -83 60 67 45 -3 4 -2 -24 -20 -74 17 77 -15 17 15 70 9 81 4 31 60 -6 -41 65 84 43 60 39 55 -9 -23 84 -60 65 28 -53 11 15 -55 -6 -96 -95 -95 28 16 85 -33 39 -50 85 43 -21 -7 -34 15 -59 68 6 16
-92 -67 -27 90 -76 -2 -81 100 39 0 -86 -67 90 65 -59 -6 66 -59 -36 -82 -40 -11 67 -2 2 -69 -89 89 58 5 20 16 54 94 11 -4 -93 18 -75 48 -83 -40 -89 -38 -56 24 56 -37 98 -20 29 96 60 -30 -69 -81 -81 43 80 -11 -49 -14 -54 -93 -38 -95 -64 45 38 68 73 -98 -9 -75 2 85 49 71 -31 57 42 1 -91 -18 -60 -99 86 10 -7 76 -23 77 -22 -32 -72 -60 78 -10 -63 44 -60
49 -76 -33 75 -68 55 32 88 7 69 -64 -41 87 100 -33 -60 79 -15 42 22 9 37 75 -9 -56 -71 75 0 6 -21 -9 -58 53 1 25 98 76 -89 -71 76 48 -38 -14 23 76 -10 74 55 52 31 17 83 63 -24 58 69 99 -6 84 38 -42 -81 37 0 -3 -17 36 98 -4 96 25 65 80 50 38 -31 1 -97 33 -83 -10 -77 98 56 -9 -25 96 93 75 -40 -94 78 -3 -78 57 68 -44 -88 56 45 2
-50 35 -20 -31 51 -45 -45 93 4 -30 -18 58 10 -50 50 -83 -20 32 37 -21 -93 -23 -85 88 -25 41 11 -46 -72 -94 35 -19 -98 -12 -6 -65 19 97 61 -56 -38 -75 -3 -48 75 -66 70 46 61 96 -33 -94 30 65 98 79 2 62 24 -91 44 62 29 -66 -64 -17 40 65 26 51 -17 -2 5 -65 -100 -3 -7 -64 48 -91 -71 -8 54 14 -1 -36 88 69 66 67 90 -2 -4 76 -58 18 -11 -40 -68 -56 -81
97 -19 11 -75 2 -84 98 -69 79 34 74 4 69 -33 0 -65 -50 -87 95 -91 25 -63 20 29 -89 -91 -87 91 25 62 -12 12 100 -59 42 -4 -79 88 10 96 80 55 -67 38 73 86 -29 -29 -61 46 93 -35 -79 -13 47 -3 4 -33 97 -73 1 46 85 -37 37 -3 -24 -100 67 95 40 28 89 69 25 -33 -36 82 31 -92 -67 74 -23 60 -31 4 98 -20 -92 -52 -16 -84 -81 77 19 -10 -61 -51 -53 -88 -20
-72 100 70 -48 -99 59 43 -53 -35 18 -74 46 -67 -31 -39 41 -47 -71 -66 80 94 93 21 6 -50 10 -94 65 -65 5 -96 47 20 -47 -83 16 21 -74 55 99 -14 55 -8 -12 19 54 -35 79 -52 -27 35 -65 -6 -42 12 6 -65 -69 12 37 3 -14 3 -81 51 -12 53 -4 -80 -38 63 -46 -29 22 -70 -9 -42 -47 22 -27 -97 -9 -88 46 25 98 56 -77 -25 70 -35 -6 86 -35 -97 84 24 80 -58 -55 90
8 -43 89 -33 -18 32 -70 -64 -86 -25 -34 -30 19 17 99 100 43 -9 0 73 71 -22 20 -1 -78 53 -70 27 92 59 64 30 59 63 38 64 -10 -98 31 61 27 16 -21 9 49 -3 96 -55 87 -27 -30 -16 16 -73 -89 -68 -45 96 -14 -78 96 22 43 -60 -55 -85 38 12 -86 56 -64 -93 -83 -1 -62 29 84 17 16 30 22 81 -39 -10 9 58 -18 -72 -24 37 17 -11 85 -55 50 -31 68 19 -71 -36 -49
40 -87 81 -93 32 -93 -59 -62 -97 2 -81 -46 60 36 40 -97 11 -46 -68 99 -5 93 -9 -63 36 -22 50 35 -54 -55 44 -63 -77 -90 -55 75 92 53 2 41 68 30 95 88 74 -83 -44 35 -51 -96 28 -4 -97 -36 1 -58 3 39 -42 7 71 -87 -5 -26 -19 83 29 -94 -92 -51 -14 -30 -40 61 -54 -33 -6 37 -63 45 78 -25 -30 -35 12 94 -10 -2 -33 -52 -60 90 -77 87 -99 -55 -1 15 53 14 -11
-96 -15 -52 55 -20 97 -78 -34 -53 -85 41 2 -93 50 -6 -69 18 12 -38 -100 89 -79 -22 -22 6 -57 -92 39 56 -16 39 52 12 99 50 59 79 6 -28 46 87 -39 83 -19 93 -95 27 81 8 12 11 -1 -81 7 -11 45 -29 -78 -88 27 90 -70 6 -19 -59 -47 -45 83 -91 -97 -38 -72 85 39 -46 -80 91 95 41 -69 100 -39 -85 -38 -20 29 -42 -2 -9 -92 85 -50 -44 -39 85 13 -85 91 24 51 -63
14 -36 72 -89 22 4 73 -58 -43 84 -40 -52 38 -76 -100 -66 -28 33 94 -3 94 90 85 43 5 -75 15 -12 -94 9 74 73 95 6 -21 37 93 48 -64 -18 55 18 -46 -41 -85 -79 84 34 9 11 -96 -15 33 18 -3 -46 -48 -78 1 -87 43 38 56 -76 67 73 78 19 85 -75 -42 -59 -92 92 -41 -40 -14 77 85 14 -49 -17 60 26 13 87 49 -37 15 -5 17 93 -7 -36 94 -73 78 14 -89 -64 -41
-83 -85 34 83 -41 -4 67 -59 -43 -20 30 -90 -42 -68 30 -78 -69 -12 93 -13 18 -95 -7 24 8 70 10 -61 -57 15 -73 -44 -86 53 36 88 32 -56 -29 -14 50 -89 56 100 -36 -41 -100 7 42 -90 -15 -11 -61 -6 -27 97 -41 -12 92 7 -99 39 5 54 57 54 -46 -76 24 -17 57 -49 -96 53 -87 17 66 -14 -31 -1 -91 22 -82 -70 -18 91 4 -16 86 -79 1 -89 50 98 46 53 27 55 -10 78 -11
-6 -78 8 -63 19 28 21 -48 -41 96 -14 74 2 55 -89 81 92 69 -8 1 93 82 -71 -45 91 -10 -55 -29 63 99 -11 37 -8 -44 -9 25 -91 18 40 16 56 -68 -65 80 44 19 56 -61 34 -25 -18 -66 24 -85 -20 -29 91 -100 45 -16 44 -53 74 -80 43 36 -71 67 -91 -71 32 -48 -75 73 62 -35 63 83 27 4 -60 -57 100 58 -24 -41 81 -2 -75 4 -11 -80 45 30 64 89 45 9 3 -80 27
90 -21 2 81 75 9 1 47 -95 16 30 14 -70 16 10 94 -81 52 -32 57 -14 18 15 -90 43 -98 97 31 -18 -20 -59 -49 -64 -69 52 -15 -72 -16 20 34 40 -95 4 -75 33 -94 -70 -83 97 -32 -48 -24 -89 -32 48 32 6 4 5 68 42 -33 20 -62 -9 34 33 46 18 0 -32 -52 -64 31 -36 -34 22 -7 -21 1 -40 -61 -8 -78 -81 90 7 -97 65 -18 73 -14 -6 -84 -6 35 -74 -2 50 18 -92
28 -8 -99 30 -36 -33 -1 -4 -95 -86 89 -61 -1 91 73 -86 81 -95 76 49 -4 -49 -78 -47 74 -77 -5 82 47 -31 -3 -89 36 -89 -86 36 36 97 -84 74 67 75 -27 73 -94 -64 -90 -27 -78 -91 79 -85 -35 13 -20 -1 -20 -79 76 -22 95 -30 -98 52 -82 -78 64 -9 -92 2 9 60 -95 -66 31 30 17 -24 -6 84 -1 -7 -9 -26 -55 -20 -29 -24 96 0 -40 86 75 -86 48 -31 -66 8 27 -97 89
-97 73 -81 -41 -8 -38 21 -19 42 -5 -90 -82 26 26 27 -99 -94 -77 82 70 -50 -26 -53 -8 -75 -96 -97 36 -69 48 19 -25 91 -62 -89 -33 -31 -49 -8 42 44 -76 -2 -66 -91 -91 25 93 90 6 13 -13 4 -45 68 80 83 -3 -25 -18 -17 12 29 72 -52 84 18 -21 -60 3 -99 39 4 17 95 -10 39 -1 -93 17 -67 39 8 93 25 34 -17 -94 26 -99 66 58 -20 56 -98 88 -75 16 -74 -30 80
44 -10 -91 -44 -69 13 98 92 83 47 42 84 8 -69 93 -94 21 -43 -69 -96 67 67 33 -22 -30 -16 -33 -71 -97 3 28 37 43 38 88 -20 -66 36 74 -90 -96 -2 -78 -75 60 -63 -56 12 57 81 -48 -89 -4 43 33 -72 19 -6 -58 21 78 -60 11 -16 -18 -33 -62 -82 -75 18 25 2 -24 72 53 -88 -25 -44 -12 94 60 -60 -35 97 44 -91 37 99 -27 -18 34 -26 41 -71 -62 -21 29 -60 39 -24 -43
97 88 -47 -20 36 -41 37 71 -22 12 -94 57 -100 36 71 -58 -80 19 14 -22 88 86 22 -13 13 -38 91 3 11 65 43 -39 76 90 78 11 -93 -55 -18 -69 70 13 75 -7 85 -51 64 49 31 89 -52 66 -20 68 -85 46 -29 9 -76 70 19 17 -19 19 92 58 7 56 19 -57 -26 -88 28 -94 -9 68 70 41 42 -95 -99 -50 93 83 16 -30 -17 -50 46 26 95 -47 12 -95 -58 -47 -30 -73 71 -87 -43
26 -12 -51 -80 83 -57 43 -4 50 38 62 -16 35 -90 70 7 67 28 80 -26 -8 -33 33 81 57 -87 -62 93 -64 10 -56 50 -13 -2 55 -97 49 -80 74 -42 -62 59 55 -27 1 79 -52 62 23 -87 24 9 15 -38 -54 -7 -15 -97 87 60 94 -94 50 24 3 29 94 -96 -36 29 -7 -26 58 -9 -60 19 10 94 1 -86 18 -39 -31 74 -92 46 -95 2 45 55 -27 21 76 -87 -60 -70 -35 7 98 -8 -9
-4 -97 55 -27 -57 55 55 86 19 -77 -28 26 -94 -12 98 -26 54 -44 -55 -55 -93 -66 52 15 -37 -10 65 -73 -61 44 36 -74 -61 -86 -43 -14 76 -42 9 68 76 74 77 -70 57 7 -56 -73 -5 66 62 -6 21 71 -44 -80 -1 38 -11 -49 -98 -17 -11 66 74 -80 36 -2 -18 -26 82 -79 45 98 -84 -92 58 13 -2 -42 -11 11 40 75 82 -15 9 53 11 28 34 18 85 -84 84 -7 99 -4 98 -67 -35
-15 92 -48 -56 100 -62 -24 -79 88 -38 -61 83 -62 -82 80 -63 -73 -3 77 -76 -79 23 -60 -83 -87 -62 56 -87 -34 74 63 -97 6 19 33 7 -41 -3 74 37 -7 21 -32 -45 31 -37 9 93 -21 -99 22 -89 -5 17 76 -99 -7 -89 -50 72 34 1 -45 71 15 -36 71 83 -75 94 -94 75 -26 -4 -39 55 31 77 44 16 -57 20 97 -94 98 -66 -90 -41 -62 59 17 65 48 -23 -12 -66 78 -41 -70 -70 58
-93 -21 50 82 6 56 -20 93 24 -26 -12 27 -92 -59 39 21 -28 34 50 -87 -14 -94 0 -55 -92 91 93 2 -84 -3 18 -94 -70 66 33 33 -93 62 -4 -17 -57 87 42 -92 64 -4 -24 35 -84 -95 -85 19 -19 19 -59 -99 -20 15 50 62 -76 -16 82 -25 -37 26 -38 -24 44 50 -34 -11 -9 -74 -6 -30 74 51 55 -4 93 -53 91 -13 -49 -32 75 -19 20 -42 -84 40 40 53 -46 -81 64 32 59 -87 27
-75 82 26 -34 88 -56 83 28 88 87 82 -52 -94 -84 -12 -28 27 -53 64 50 -56 -33 45 -91 14 15 87 16 -31 -45 53 36 61 -54 -76 17 -53 86 16 87 -88 13 26 91 -60 -34 -83 89 -15 -11 -16 -93 -38 -60 50 -34 -62 -37 -58 -97 13 53 34 16 -70 92 99 93 59 67 -87 16 -47 23 -27 6 3 11 -65 -50 -11 64 33 -85 41 35 -8 -49 -56 -27 -74 -63 -72 -97 97 81 99 81 -38 6 30
-87 -37 -37 -99 1 -73 -80 -9 23 -5 61 -61 84 -74 80 16 44 -58 37 -28 -80 -55 -48 -62 -83 -44 -29 -17 30 23 61 -72 -82 -11 -65 0 85 -70 18 90 -86 0 53 3 93 -49 97 53 -69 81 -40 -70 -99 -62 -63 15 -64 86 -28 47 98 43 -91 92 79 82 60 -10 43 71 5 48 72 -88 -59 77 30 -47 -48 46 36 -79 -55 -27 -53 48 3 10 7 90 -56 60 -9 -54 92 -96 82 -100 92 -89 99
67 -86 -10 -53 -66 55 89 -32 -58 -84 64 9 -92 86 -15 -87 84 -95 6 21 11 42 68 13 -88 90 68 -37 23 64 -26 27 -88 59 41 37 -39 36 40 -66 40 -54 16 54 -13 -83 67 42 87 79 41 -96 -16 34 -95 -1 8 17 78 -6 -86 -39 74 -80 44 -95 57 -58 -16 -61 -89 52 -56 -57 49 71 -15 -93 81 -60 -93 -81 98 81 98 91 70 -82 -82 -72 -56 -98 -63 -8 78 32 93 -100 12 32 -59
-80 -12 6 34 32 97 -87 26 46 -22 -35 -91 -67 -44 58 35 -5 -43 7 25 6 -12 -47 99 -82 -7 -33 -68 80 13 5 -34 -45 37 19 -89 84 35 -4 41 -37 58 -16 -57 -19 2 54 -44 -45 -29 -28 6 38 23 -47 78 65 -62 -64 7 -20 -93 -75 67 87 39 74 -99 20 -64 -6 43 -21 65 -18 17 53 75 -15 4 63 -75 -30 0 15 3 3 -40 51 -75 -79 -11 41 3 69 45 4 -64 -47 -94 -58
59 -62 -39 -71 86 -92 92 -10 39 -11 7 51 -81 -26 -34 -91 -27 61 -44 49 23 72 -90 74 -54 95 38 79 8 7 -78 -70 5 38 23 -60 -53 91 -96 -93 -62 -94 78 -96 47 -49 -74 86 -13 89 67 70 37 32 -26 18 -47 -65 6 99 -44 38 -99 -66 -3 97 68 -54 0 31 98 72 25 9 -45 -25 3 -57 -9 -67 -27 -69 -62 -32 -43 10 -82 -38 78 54 42 -18 8 -68 50 -45 -17 83 -58 96 80
-31 -8 -55 -9 -27 59 65 5 -100 53 96 -35 -16 -10 54 82 0 100 -3 50 66 -87 90 -51 -5 98 -6 -21 95 -94 -90 94 99 65 70 52 -89 -42 -52 -89 86 -40 50 -12 -61 57 8 -5 14 9 -73 -42 44 -61 -87 69 84 -13 58 16 96 39 -18 -90 -3 -99 -17 53 -17 68 27 -14 43 -26 24 -87 2 -18 51 -97 72 -14 -81 20 99 -66 -5 -44 7 -72 88 -72 66 72 -80 80 -91 -25 -100 -55 52
-90 37 48 -26 -25 -51 -26 67 -46 -79 19 0 34 -20 53 -5 -98 -89 87 -32 -42 83 -48 -22 -72 -87 21 15 52 -40 -90 -67 -73 84 -91 -78 81 -67 73 -77 -25 -20 -9 -54 -91 66 34 -45 -12 -46 -60 82 -47 97 -80 12 -22 67 -86 84 -99 50 -98 68 9 -100 30 -70 -52 37 -15 89 -75 72 43 19 52 73 37 31 96 -51 48 59 -90 66 60 -45 -2 4 62 22 -100 95 69 3 66 95 44 96 -62
37 61 -9 73 -22 28 17 43 2 -10 -87 -23 -73 91 15 -83 86 83 -93 99 -17 92 -33 50 69 14 79 57 -15 -68 -89 -23 -95 87 -12 91 84 95 92 38 -87 15 1 11 -81 47 8 -96 -56 39 -33 -26 -49 7 -25 -27 80 77 54 4 -46 76 18 -65 -57 70 -74 92 97 -82 -69 54 38 97 -85 34 61 95 -38 -99 99 54 68 -98 86 23 -9 -63 61 62 23 75 86 70 18 23 -55 47 50 -97 -9
78 -35 36 88 20 15 -35 -66 50 -57 -96 44 20 62 -88 -34 28 -47 -25 30 -10 78 78 -1 20 -49 22 -81 70 42 6 29 -22 -39 91 -10 99 25 79 -46 -61 96 -93 -84 49 -99 -49 -26 33 27 5 -25 53 -44 94 83 -64 -5 64 19 -7 34 98 -19 -98 5 -25 -91 -59 -3 36 -73 -51 -75 60 75 58 83 29 -100 -46 -17 -90 -33 -30 99 68 71 -44 -55 39 0 59 -96 15 1 38 85 -85 -90 17
49 -10 -42 -13 -52 2 -33 54 -76 -22 31 30 -28 -21 -98 62 -69 1 87 13 77 79 77 6 14 54 -83 19 -75 0 47 -60 -37 7 18 64 14 34 50 -55 -46 -19 27 -9 51 38 83 -98 76 -19 20 38 -88 65 -19 -84 8 42 80 16 63 -60 -14 38 7 -86 44 -6 35 -46 97 -75 13 94 -4 71 -32 -83 -84 -76 2 -21 11 55 -35 -85 -39 55 -47 66 -47 53 62 2 -51 5 -92 64 85 32 27
-95 60 -10 -22 79 -14 -33 38 33 -62 -68 90 -18 -61 -1 96 40 -26 9 78 -12 59 2 83 51 -84 -43 60 13 48 96 -5 49 -23 -33 40 54 65 -16 76 89 45 -13 -82 84 -79 58 92 45 -89 4 -30 -60 -59 -94 -98 -62 -21 -2 98 35 97 -76 -45 39 -20 -60 -61 71 -84 -41 14 9 12 -20 -33 16 17 -7 -34 -51 -64 35 9 15 -13 -4 32 -65 -91 87 48 45 -40 86 88 9 -1 -86 -100 -33
-68 -44 -98 -9 87 73 -14 -24 -25 86 41 -86 -5 -97 -80 -45 23 61 90 11 55 -38 67 20 91 -100 -74 47 -57 -99 45 -88 -31 14 -33 24 -68 -63 64 -93 -93 -19 75 -93 -13 -89 95 -24 -92 79 63 57 71 -60 -13 87 44 -23 31 76 -100 67 -92 -55 87 -42 -99 -42 41 -68 -41 -95 15 -55 17 -51 76 17 85 -24 -96 40 35 84 83 -3 -3 -80 -9 -78 -75 -91 4 26 36 -97 -50 -11 -12 -56 0
-100 8 11 -20 -45 100 28 94 31 53 20 -91 -81 41 45 7 -60 -93 -71 61 55 -72 -16 -95 28 -12 -12 -69 3 39 -77 43 -96 75 51 -99 -28 -41 6 -45 54 -39 98 96 66 -100 57 -72 -94 35 92 -35 65 -2 65 -70 51 43 0 61 28 -28 78 45 -26 -12 2 74 -66 19 -58 -98 35 80 -57 -69 -22 -52 -49 -51 69 8 -4 -3 47 -64 -22 -47 24 28 -80 17 50 -73 -28 -12 8 -21 -13 -23 26
71 26 -33 -34 94 -75 -29 13 -63 -10 14 -41 -34 78 -56 96 -52 -92 89 36 -96 -38 -6 96 76 26 -32 79 28 -45 76 -77 73 38 -56 4 -84 13 -17 -46 98 -44 -13 -28 77 -22 20 28 -56 -10 -49 -17 -25 23 15 84 73 -46 -47 -33 -83 -56 70 -21 -96 -27 -11 53 -45 95 1 -62 -91 -10 -33 98 -60 40 -72 -19 18 -44 83 5 -31 88 8 -80 -76 60 -55 -20 54 64 35 7 -12 -35 -60 -99 83
90 10 -75 -62 47 48 22 25 -6 -47 -58 -23 75 -37 -52 97 -10 89 -71 87 18 77 -19 -34 -85 -3 50 -21 30 -98 -16 -18 83 38 -73 32 15 -23 34 59 27 57 93 -65 67 -64 -34 39 -3 -95 24 98 51 -67 34 89 85 -18 32 -20 52 -95 47 83 57 37 -46 33 -3 -7 -80 71 -66 -80 15 -31 -25 -93 93 -97 16 -44 -43 -93 -83 -4 6 76 -45 -35 -45 -73 49 36 -83 -30 -19 -2 -30 30 -81
51 51 83 -85 -88 86 -94 -98 -73 68 99 -29 -61 -41 -5 90 -25 65 18 19 52 13 93 32 52 -27 -49 0 76 -96 -10 82 -26 51 -54 -68 -60 4 -89 -28 81 -53 77 -7 31 50 29 -74 58 -79 -70 91 55 77 -59 -14 85 36 51 -7 9 66 -7 -30 83 53 -14 52 73 92 45 87 -71 -28 57 83 -62 -58 -73 -32 37 82 -49 -71 60 9 -20 12 -60 81 87 86 -80 -53 -98 -26 46 84 -98 -2 -14
-88 38 -39 74 -63 92 91 -72 65 60 8 -94 -7 -45 84 92 -98 38 4 54 75 -61 -24 81 -16 -68 -43 40 -61 79 -48 -93 69 -54 -98 -51 -46 78 76 -71 25 -71 81 -35 -100 16 -29 -18 -1 -3 35 -13 45 86 -32 -70 -100 15 -18 -21 -41 20 -39 -25 -34 -43 84 40 15 -51 70 -28 -84 66 -68 -19 -86 32 77 -39 83 -20 -89 2 -12 48 -78 94 -55 92 3 63 -8 76 76 4 -60 -69 -98 34 -71
-6 68 -2 2 69 -80 -25 33 29 -46 -30 39 -82 68 81 -32 81 -9 -52 95 -30 43 11 -79 -42 -23 -67 -28 50 -96 82 61 -14 92 -2 -94 96 -39 16 37 -80 20 -82 -90 -75 85 -5 43 -64 -61 -76 99 -13 40 15 -15 -13 -96 -66 -41 85 72 -88 -26 -22 97 67 30 8 36 -36 55 30 -88 53 20 -47 -39 -30 72 65 -43 -58 45 -34 84 51 -38 66 46 80 42 -78 -58 23 95 66 -47 -18 -19 80
98 87 -39 -11 -31 79 -26 13 -88 48 -68 39 -62 -62 44 65 40 -27 62 -34 77 42 -67 -85 28 25 -41 -15 -65 9 -5 -11 -91 -19 30 -71 48 -17 -33 34 -11 -68 100 31 -47 -33 48 75 10 -57 -8 -56 97 -49 -5 -2 -52 -45 9 -82 29 61 7 69 92 32 -88 80 -71 -5 81 35 -71 35 42 97 21 -67 75 11 -24 18 51 49 21 -89 83 62 -27 28 -15 -13 -36 -60 -14 -3 8 -36 -60 37 -74
100 -93 13 -58 -34 29 2 -52 85 1 -4 68 49 -88 -78 51 48 34 4 82 -57 -14 86 7 75 45 -35 -76 47 -78 -93 94 -43 -60 73 16 69 58 -97 11 93 -31 85 39 -82 82 87 82 62 -60 91 98 80 98 41 -85 55 67 -72 3 -58 -45 -36 -9 12 11 -55 30 92 -82 -84 -99 13 -7 -86 82 -55 86 -45 5 99 -88 -89 52 87 70 -78 -11 43 1 -33 -46 67 42 57 16 61 -32 31 82 -42
-65 54 17 -80 -46 -8 -39 99 -75 -13 -5 68 -34 -90 57 10 -63 -7 -16 69 3 -34 4 -25 79 -9 -18 -77 -57 -76 -79 73 83 68 -23 26 -29 -86 10 -44 26 -2 7 14 28 -21 -7 78 72 38 -60 -97 95 84 50 -72 79 82 51 87 55 1 4 86 -39 43 -6 10 -50 -86 -51 -72 24 -89 -19 -84 -77 53 30 -59 -63 44 34 12 82 4 -46 62 -10 -2 28 55 97 -84 -57 -33 -38 40 30 66 64
-11 -81 -49 -43 -91 -17 87 88 31 -38 -5 -48 64 46 39 -53 -34 -84 65 -13 -46 -19 -67 -31 -29 -52 -49 -82 61 59 17 55 83 73 -58 17 -73 -28 -50 66 -46 -36 -19 52 -72 -98 34 76 49 -3 -100 -26 -40 -41 88 -2 -38 91 6 26 53 -57 54 -16 2 -60 53 -68 72 -58 -79 -37 60 -25 65 -8 40 69 86 17 -19 6 81 -18 -45 -94 -29 1 -37 -61 100 -8 -18 -16 41 -18 -92 -98 -45 -74 99
-89 -52 34 46 26 -82 31 -86 -16 80 65 29 70 25 72 -18 -30 -53 5 -46 55 0 11 -82 71 -15 84 89 72 -87 100 -41 13 -81 19 11 -64 31 -76 -74 41 42 74 -84 1 -94 -9 -62 72 61 6 36 -15 -64 -22 -93 43 95 -13 41 39 64 18 -46 49 16 -27 -89 99 -39 -85 -73 -29 -30 21 -82 45 31 88 32 -3 -79 -92 -37 81 15 40 22 13 47 -91 -11 98 76 -10 -81 79 -60 -23 78 -24
81 93 -72 -9 12 -97 74 -42 -59 -29 26 -39 -89 -64 -43 89 -52 85 -55 18 -12 93 100 41 -6 -83 -37 -83 -33 -5 -78 -27 57 41 -50 74 -41 66 -9 -68 -79 -18 64 -75 -60 -47 -67 -96 -80 -27 -16 -46 92 72 -74 33 -1 -96 -2 41 -75 -50 37 35 -8 69 -42 1 -61 33 -22 97 16 62 -88 -90 94 97 -1 74 -81 -4 27 65 89 -85 -21 -6 93 77 68 44 49 -6 -74 16 21 60 -6 -61 22
-66 -69 -11 -58 30 -51 29 -26 84 -9 3 37 59 -24 -64 -57 1 26 -31 82 -69 -39 -6 6 -34 -7 -47 -86 24 -86 79 74 40 73 75 -32 77 63 -52 74 -15 37 -65 44 83 -60 -63 -80 -71 -33 -34 12 -20 2 -58 -90 85 -92 -77 98 -25 -10 -60 -88 -18 -69 -37 57 77 -58 -45 37 -57 15 6 20 -32 67 91 3 -78 -94 95 -18 44 -58 -16 27 16 -71 -39 25 -35 96 -19 35 -65 70 -6 -82 47
-77 87 52 -13 0 82 -62 -14 -96 -85 -52 -29 -31 -6 -47 65 -20 -49 -90 -81 18 -86 11 -10 -24 -8 94 -10 42 -23 9 99 -85 -76 -84 56 -36 -84 80 94 -49 -45 -86 14 45 11 -57 -27 43 32 -92 3 -56 46 31 61 -41 13 60 -12 92 64 24 -71 -61 79 -99 -77 46 -14 -73 90 -11 30 -100 -94 -100 27 3 -52 51 -11 -44 -33 53 -13 4 -23 -44 -91 -20 -23 -41 0 46 -22 16 20 8 -64 85
5 84 -38 38 100 18 -30 -25 -76 60 5 -80 -49 17 -33 19 -2 -58 44 64 -36 -65 -88 39 40 -23 -2 62 -38 -29 -62 57 34 70 33 20 38 -68 74 -57 16 3 -92 11 40 26 82 -99 -30 -83 -27 87 50 67 54 83 93 87 94 33 -30 -51 -40 78 -61 -98 98 -49 18 -40 46 -68 61 -11 86 -98 -64 -70 81 30 5 50 26 -6 -38 -93 89 4 -22 -48 -85 12 -36 -35 16 85 26 -15 2 11 23
63 66 -54 27 35 61 45 73 -97 -61 72 73 -2 -48 -79 -23 -47 23 95 -24 -66 50 -31 -64 89 -65 -57 -44 -3 54 -47 -99 -37 -3 29 -88 -55 -94 -70 27 -28 -95 10 56 -30 96 -13 14 21 17 51 97 -47 39 -19 -12 -51 -29 11 86 9 12 -37 11 -85 -55 -3 72 -94 -64 -95 -82 37 54 -96 -81 -39 -38 -86 57 -92 -47 64 -77 -84 -27 73 -84 19 39 -20 29 -95 19 -6 100 72 -31 -84 -2 -16
-50 -44 -26 -8 -12 -69 51 -60 -81 60 -54 -16 20 66 81 -62 -72 -49 95 -9 98 -87 73 -69 87 -61 -13 -37 37 -23 4 5 -14 -3 49 49 -31 -12 -53 -23 -12 19 -57 -29 -9 38 -43 -78 42 81 49 -43 15 0 -57 3 -73 -35 68 -82 -37 67 56 -95 -83 -99 -56 36 -16 -14 64 -97 -50 -64 -63 -58 -16 -95 -51 -17 89 71 -19 -84 -58 -6 17 -72 100 -80 -62 -70 67 88 8 -83 -33 -20 5 -43 71
-87 77 63 29 96 1 -64 69 -74 70 -40 81 70 -49 -45 40 -49 -13 49 34 21 13 42 100 -18 45 92 -23 -87 75 24 60 17 79 71 42 76 55 -75 79 -84 21 -69 -83 100 20 51 59 28 68 46 99 11 47 -81 95 -46 49 5 34 34 -18 -43 -67 -41 -90 -59 62 83 65 -90 -65 0 93 33 -57 -95 83 -59 -48 -67 -36 -78 -34 -50 92 99 -63 -79 -77 -74 -38 53 -6 19 50 3 -97 -35 -35 37
-71 -96 51 -22 92 -87 9 -28 87 50 92 2 74 90 -7 -29 -93 29 -52 71 -55 30 31 -36 48 -49 34 63 -44 -90 8 -82 -85 -32 56 62 94 13 -31 96 61 85 71 21 -84 2 -92 30 -84 11 18 -57 -92 78 98 -6 -55 8 -6 -1 -21 -70 60 -3 95 -46 -21 20 80 -1 82 -88 38 67 100 7 38 2 69 -82 -19 -13 -72 56 -14 -86 -93 -84 -64 -97 -24 -94 60 95 82 63 4 38 -85 -49 -16
55 14 -57 87 86 82 20 44 -90 -5 46 100 7 27 37 78 -87 57 -45 69 96 -80 72 -82 96 -54 -97 52 3 -91 46 71 -89 -39 95 3 -4 -43 -23 -72 -9 28 45 -75 17 84 1 69 -35 15 -98 -29 12 -67 8 90 91 -87 77 -75 -69 -37 56 -1 -23 75 96 -92 100 3 -12 -25 -62 -2 32 -50 4 -34 -81 -76 31 18 -91 40 -37 -61 17 9 32 60 67 78 93 -32 -83 -57 28 7 82 -46 46
86 -45 -25 21 93 75 3 -48 -76 20 12 -77 -21 87 30 56 99 42 33 32 -25 80 12 17 49 88 -27 -24 -3 -67 22 -2 4 -92 -35 54 92 5 -50 -2 36 -78 68 74 70 10 89 92 68 -54 -51 15 74 88 -91 -99 -36 -7 -72 -84 92 70 7 -58 95 -20 60 85 1 91 94 -6 -92 -43 74 56 82 -42 99 -63 -74 -84 96 -8 57 -97 -42 -48 73 -57 48 -93 -97 2 -93 60 -64 2 -4 47 84
29 -79 1 69 -34 -65 66 91 -69 -29 66 95 -15 -85 6 69 -41 -15 -39 88 -42 5 -84 12 11 16 53 28 39 82 -92 8 12 59 -92 78 63 43 81 0 -55 -34 -20 62 24 24 47 -85 -41 99 46 -27 26 88 -53 -26 39 52 -15 21 -19 -40 -84 -87 -35 -100 -65 8 -2 -13 -17 67 -98 -28 47 36 72 94 25 62 42 -96 -79 -96 27 3 2 71 -88 49 35 -28 -72 10 -84 23 63 74 -24 -19 65
-18 5 -26 -16 8 -74 80 -13 88 98 -57 -51 -2 -23 81 -40 -13 8 -90 10 85 -93 1 98 62 -90 -95 83 73 -46 57 -58 -24 24 56 65 -71 -87 -63 100 -36 23 -90 45 -100 57 -77 74 79 -81 -1 96 -30 -37 1 0 -84 89 73 -71 27 48 77 -48 -76 -44 43 18 -78 -62 96 49 -49 -87 15 3 47 -62 40 -13 -62 -42 28 96 -3 15 -32 36 -46 15 98 -83 -76 -60 -3 82 -49 -61 -43 -43 -90
15 46 -10 -15 -68 53 -60 -57 -29 -76 -33 -85 16 -43 29 -90 -21 -37 52 36 96 -53 -70 -84 -13 56 35 63 64 -36 -90 -84 51 -19 -71 18 36 -4 -25 21 3 28 44 61 -20 34 -68 70 -5 -87 23 89 71 -35 -80 -25 2 83 67 96 35 -92 74 -72 83 -63 35 -26 -20 58 89 46 -36 33 29 92 -44 -80 18 23 13 86 -16 -78 27 -15 -50 -41 87 14 49 62 81 93 -32 -26 87 -90 32 37 42
11 10 -60 -8 -15 -77 0 5 48 -96 -44 39 -36 -48 46 -92 47 99 92 -75 -54 26 -26 56 -60 87 -78 -6 89 -69 17 -75 -29 40 70 -19 -88 43 68 -39 -83 63 -27 -87 85 23 0 -53 -70 -72 -48 -89 -29 96 91 12 -15 -79 -15 48 -85 23 54 -55 92 -89 -24 64 54 -73 37 -1 -77 -57 41 -86 -22 52 94 1 14 -49 52 41 95 -33 39 83 69 47 -36 -50 9 9 -99 -62 -92 35 9 97 -83
-59 -7 79 -93 -63 90 -36 7 89 -43 63 -83 -8 -65 54 -53 1 -96 -71 90 -55 9 -85 58 13 -85 -40 92 -69 -39 5 53 -22 12 -1 -38 -98 76 8 87 -32 -19 -12 38 -92 -8 89 27 -57 -39 7 94 -42 -3 100 -72 -80 44 -61 79 -90 96 71 -79 -57 62 85 -30 75 70 55 -15 80 -58 42 61 44 -41 -69 63 -49 85 48 -24 73 -50 -30 -84 -12 -45 35 16 55 -99 -62 10 93 57 59 32 10
-48 61 80 63 60 81 88 49 -11 73 -53 63 -25 78 69 19 -90 24 96 -58 26 -52 -96 64 15 -41 -88 -68 -11 -37 -87 -31 -39 33 35 -36 -41 1 92 -90 -53 98 -50 18 77 71 -70 36 75 -40 -13 -52 -78 -43 -71 84 43 2 34 75 48 61 -43 -24 48 -79 -62 66 79 -83 -63 -77 -64 -53 -42 24 -78 -79 -3 99 18 -93 6 1 -81 63 91 -13 17 -45 -86 -62 4 -72 26 49 -70 11 88 14 -18
-63 -88 -29 -85 -77 100 -50 41 -97 17 21 36 -52 -89 53 91 -49 46 -95 62 1 -21 -76 94 -87 66 28 -79 62 87 61 -74 50 12 -40 17 31 78 34 -95 91 -52 26 45 22 10 -9 -45 -85 -11 -19 15 -98 82 -87 -20 -26 -20 -14 -47 9 -31 96 -86 -82 77 -23 -7 6 93 85 -46 20 1 -12 -87 -91 35 32 -80 -7 -48 -86 34 37 26 78 81 -82 -85 2 -90 -47 -93 29 17 80 -52 48 -40 69
-93 -97 -38 -51 36 -98 84 -35 -44 47 21 32 -63 -29 -47 77 49 -70 -43 -5 -97 -74 31 27 -62 -16 94 -50 32 -72 77 -71 -16 93 -53 -47 84 81 40 5 -29 51 -69 -54 67 -82 97 92 15 -26 -53 -52 -84 88 48 -84 20 -79 -81 97 50 -24 50 -71 69 -16 -24 -9 -35 -1 48 61 -36 75 61 -91 -6 -65 71 99 24 42 -27 -81 15 -63 2 66 84 -62 -75 24 -41 -13 -73 78 33 -58 77 -83 -92
18 -11 -31 64 32 -78 28 39 64 25 -53 42 78 -67 40 -24 83 -10 -72 14 42 -5 9 -75 -21 -20 45 -80 54 -7 17 26 -70 10 -94 -63 51 67 91 -59 -26 -9 52 98 65 31 -12 -92 -50 3 86 63 -67 43 -92 40 97 75 -44 2 -82 -89 66 -100 39 -43 70 22 -62 -85 -57 -64 -37 5 -83 -32 55 -81 21 77 51 -66 77 -15 -72 98 -100 13 80 -85 -24 -52 -54 -54 -84 -42 95 -76 -92 46 24
95 -15 33 -89 -38 74 85 80 -78 40 23 -49 100 -100 -9 -22 -84 92 81 -72 34 -68 -17 31 69 -65 46 98 -77 -39 4 61 46 88 -93 2 -56 -93 -94 -9 -13 -28 69 7 36 90 81 -73 -39 96 -30 -11 -29 99 47 -39 78 52 33 50 38 50 -48 -86 -77 -79 -52 61 -73 -62 31 -60 -67 -63 -81 2 69 15 63 33 -4 67 84 -96 -6 -19 -50 19 71 100 16 -23 -23 -14 9 18 -79 76 73 -80 -24
64 -34 60 -21 82 33 22 -61 -1 -54 92 -77 52 6 -61 35 -76 72 15 100 -58 7 -17 86 44 83 78 -38 51 75 -14 22 -72 66 -90 79 52 3 13 41 -9 -28 -12 15 40 95 44 -89 -41 74 94 21 46 89 -27 30 -37 60 52 -7 -24 81 -75 39 -5 -43 95 83 -67 -98 -50 21 -6 100 28 63 -59 55 81 9 19 -31 8 15 2 87 29 78 8 93 -48 62 57 32 -46 -81 -90 -88 -51 86 90
68 -33 82 -22 9 -67 -10 -4 -83 37 86 -80 64 -41 17 27 18 -85 -73 69 -65 -76 7 19 25 -4 100 -80 -100 3 92 -96 -58 -70 61 -29 -21 93 -30 -20 -75 13 94 -32 -26 -74 70 53 -87 31 -92 5 -44 73 6 -34 -97 -30 36 -31 23 7 93 -61 -39 43 -85 62 -38 22 64 35 18 25 59 -23 -36 -57 -43 -12 60 24 45 -80 -44 -28 48 -56 98 24 -43 99 -16 16 -9 45 31 -52 -72 -99 -80
-17 50 8 -26 -64 40 -16 31 -19 -10 34 -35 99 58 -60 -79 48 60 51 79 88 67 -72 -31 -2 70 -82 5 18 96 -6 32 -75 -12 -87 53 -7 -16 15 -82 21 -39 47 -60 26 -12 -34 66 4 64 93 52 -19 -86 -3 71 76 73 -68 38 94 -99 48 71 78 63 -24 30 -22 -35 -95 -9 34 -53 -52 -77 -29 77 -95 19 -56 5 29 -61 29 15 89 26 -28 75 -27 -47 15 83 -85 -81 6 80 19 -85 -78
19 88 63 36 -46 21 -16 40 -27 43 -77 69 -2 53 100 76 93 -9 31 59 94 -69 80 -76 -38 33 -38 -77 77 -24 -89 -78 21 85 74 -59 55 -54 45 -26 81 18 -4 -62 96 -68 -17 -4 8 -56 35 25 72 -58 -46 33 44 0 -52 -44 -44 -39 30 -65 83 -2 -24 -77 -8 -25 55 71 55 -27 97 39 34 71 -12 84 90 80 -70 43 -14 -34 71 -51 94 87 -18 -52 56 69 -39 7 -20 -44 55 66 -66
-88 -4 -58 -3 -18 -29 -69 -35 64 -33 71 1 19 75 57 -33 -4 -90 -96 -6 -27 -90 80 41 7 -14 -36 43 84 -83 65 -24 52 3 -92 -81 88 -48 51 -32 -4 2 35 -47 79 80 -60 -51 -36 8 68 48 -42 37 -39 -35 -50 -95 -58 -7 -94 34 -64 -87 -98 -23 93 2 40 -3 -15 -64 -40 -17 -59 64 -34 -48 30 46 53 -56 -58 24 -76 79 -52 -63 -38 -6 -33 28 78 -88 -3 81 60 -62 -47 -17 70
-73 -80 -92 75 51 95 90 -27 -28 -3 7 42 -77 74 100 -22 -82 -94 100 81 70 -77 -50 78 -80 87 7 51 -26 17 -2 -73 36 93 -35 -66 -2 -46 64 8 49 71 16 5 -3 67 42 -36 -71 -23 -72 -28 -25 -5 24 37 88 20 -95 -8 42 34 67 51 -17 25 -27 -29 -92 -4 -77 -32 11 36 -88 76 -83 32 21 91 -49 13 -87 -48 59 3 71 64 -92 8 -43 76 -98 72 -45 -30 -32 -89 92 38 65
70 37 24 -34 24 29 30 -64 24 -12 16 -63 -92 -29 -42 61 -64 3 74 -86 15 -26 -5 -82 -68 -16 -35 -46 -14 18 80 35 -31 83 60 59 -14 -87 -25 -24 90 -58 7 47 81 -63 -64 -92 46 -19 -90 74 20 15 -56 -46 -55 -58 31 -34 -23 -20 -6 -20 -62 -88 95 -53 -40 -71 -82 -92 66 -62 43 64 98 38 66 50 24 -60 74 -27 -24 80 -61 52 -78 -67 94 -75 -17 -25 -13 -37 69 -23 -70 -26 39
65 -56 39 8 -98 -37 -84 79 -63 -66 -19 16 -16 -23 100 32 -42 15 -59 -25 -14 84 58 -25 -25 69 33 71 90 -77 65 49 49 31 100 -43 96 -91 43 10 4 80 -88 7 -83 -36 99 -66 -92 -49 61 -68 -69 38 -32 61 84 53 80 74 50 42 91 68 67 19 5 -63 -6 36 -11 -95 -88 77 -85 -72 93 -91 -35 98 -40 70 81 31 21 34 -62 9 -42 -36 60 86 23 -81 -95 -95 2 69 -30 -43 -45
27 77 61 -64 -28 28 9 89 18 44 75 6 92 -65 -60 -24 -83 29 84 70 -30 -85 -55 14 -93 -91 -67 -17 -62 -48 -28 76 -85 -40 76 -74 66 -4 -94 42 -6 -61 77 59 11 -9 -30 88 -7 -93 -42 98 -92 -55 -5 -8 -99 52 -7 51 -92 96 18 81 66 85 2 -35 -66 43 -40 51 40 86 -95 -1 -16 -64 100 92 -4 -69 85 -55 -85 4 -50 50 -79 38 -32 -21 20 -75 -50 40 18 87 22 46 81
48 36 -67 -88 68 -41 -83 -10 -67 17 15 -38 -49 -53 89 81 -65 3 -27 67 33 -58 15 -98 74 43 -2 38 86 9 -16 -65 66 -17 -46 -83 -52 -38 -63 -50 49 -44 61 -95 93 -87 52 -89 33 46 93 70 -72 -48 53 15 -27 -2 99 -84 -18 -99 23 -33 -32 96 -42 91 -86 29 62 34 6 -6 92 -57 79 36 -14 -62 94 -37 -82 -60 0 -68 78 -21 59 -60 -14 35 53 83 91 10 -71 -99 -72 -3 73
-23 3 -10 -39 -73 -29 -27 -18 -7 -12 -34 -6 32 -60 -96 -23 17 -32 63 24 -27 -30 18 -55 85 14 37 44 -67 -22 -71 -40 100 76 0 -95 91 69 48 -1 -80 65 95 -1 58 -28 -81 -26 2 52 -70 -47 -67 78 -86 -65 -98 -53 -81 -89 53 -99 5 30 -67 87 75 22 21 68 100 13 -37 -80 91 39 48 -55 76 -66 4 85 28 -20 -24 -7 -50 11 52 95 35 44 50 1 -4 38 75 -31 -82 85 -60
-73 64 98 -71 13 13 6 13 -82 -35 -64 49 25 -48 61 -18 -56 2 76 -25 -5 19 -42 11 87 -11 -60 64 -91 -41 -19 -63 37 -64 -33 75 -82 46 38 -4 83 29 86 -70 -25 -54 -1 -48 52 85 25 14 -86 -46 61 75 54 88 42 65 -35 -97 -5 48 -14 36 44 51 -81 -62 -15 -90 -26 -34 48 -4 78 34 16 69 17 -64 -54 -80 -83 47 10 -20 -61 -19 63 100 -92 60 78 -23 9 39 -40 -77 10
40 -51 15 3 32 82 61 58 -7 -65 -30 34 2 -81 0 -10 -42 68 -54 57 -3 42 -56 40 -67 -82 47 17 84 43 -19 37 72 -5 5 -8 49 -28 86 89 51 -77 -61 -76 9 40 -34 -95 46 -45 43 88 -44 87 -88 -54 -66 38 40 87 19 -33 90 25 97 63 64 29 84 -17 46 15 23 98 -75 -89 77 47 28 89 -20 15 -58 99 74 -29 79 48 74 -33 -54 39 -23 59 -16 19 -18 -43 2 -27 91
31 17 -26 -76 30 15 -1 54 -57 -8 11 -67 -32 -42 -100 -86 -20 -8 -47 38 87 12 62 40 -90 -19 -47 78 -87 57 -76 34 -97 85 -83 11 34 -83 46 -25 28 61 -39 10 -62 88 79 -36 50 43 73 52 -26 -94 -58 -51 -91 -87 -79 -49 89 92 -71 45 -32 -92 63 64 67 60 54 48 -39 13 28 -48 27 24 20 39 25 50 15 50 54 33 -67 -40 71 -55 81 59 -48 -61 43 13 4 -35 37 -18 74
66 -85 -10 75 38 31 67 -20 -99 88 -39 -99 -45 33 37 -64 -44 74 85 86 -27 38 -78 18 -64 -83 78 -12 -80 67 -91 93 75 94 47 47 53 89 77 23 98 18 12 -41 22 -63 46 -89 93 73 -37 59 -86 -33 73 -14 -71 16 -22 -50 -55 53 60 -26 32 91 -68 86 32 -93 -49 -1 -46 18 53 -93 -73 -63 -66 17 -75 -41 0 52 -30 -18 9 91 -82 74 31 -19 -90 38 -21 -51 -21 14 30 -61 -31
36 56 -30 -34 -89 37 -60 -67 -75 4 27 -41 47 -57 72 19 34 -78 71 22 -95 48 -74 67 -93 -27 91 11 -49 -33 -57 54 -28 62 31 -65 -100 -82 87 -95 -66 37 -35 10 71 0 16 66 81 -72 12 20 84 -54 -28 -5 -56 -74 80 12 -56 5 -89 -99 7 27 94 77 16 -66 -54 8 71 -22 84 -31 -75 -73 -55 -59 88 67 18 -10 42 -76 56 -86 60 84 9 47 93 92 36 19 -100 29 -53 -54 -2
-15 -63 39 -15 51 -40 34 31 63 -26 9 21 -12 -36 -99 -23 36 15 -95 99 5 65 80 -2 90 -89 85 38 20 14 -50 86 11 72 39 -99 54 27 38 -42 -33 -30 92 17 91 81 -58 25 -73 94 91 -42 -19 59 -22 94 78 84 -24 -74 -67 4 82 0 31 71 -24 -24 10 56 -57 69 40 58 -10 -51 -96 59 -85 75 -21 75 73 62 -85 -10 4 16 12 44 97 -64 -67 37 3 -63 -3 -6 34 -21 -55
-20 -49 48 55 -40 33 -42 77 -64 13 99 -70 76 73 -34 31 17 84 -5 64 69 43 5 -60 -33 22 -22 68 44 -91 -82 -18 44 96 -64 -98 -95 93 -45 82 -8 -77 46 -15 25 -99 33 -72 -44 87 -32 -62 -55 -63 -60 52 -72 -76 57 -10 31 56 -33 -19 61 75 -100 28 -4 84 -79 -11 -22 -10 79 -5 86 -63 83 36 63 -27 92 95 26 -43 93 -80 -54 -74 79 59 75 6 60 -72 95 29 20 96 -60
97 -79 94 -34 -76 89 94 -36 -76 -31 70 80 -76 85 89 71 -47 7 -15 20 -7 -10 24 -14 -24 -38 21 -5 83 7 -56 68 -16 52 0 84 48 -43 51 -34 -98 -13 -18 14 60 -56 -31 100 -15 87 67 -39 55 47 -96 -5 -47 3 2 25 -52 -78 30 -29 -57 -19 -12 -44 18 -94 -42 -61 -14 48 -85 -62 -8 19 18 -22 -81 -3 30 -2 84 40 -71 -34 53 71 68 -86 80 9 -93 50 -21 81 -25 28 97
-32 99 49 85 -89 10 82 29 70 7 -16 -38 -71 -92 -69 73 -40 47 60 -10 5 10 -48 -83 -19 81 -27 -31 12 -17 -84 -1 2 -59 27 -23 -2 -7 52 50 -82 24 26 35 51 -61 -50 -49 -72 -12 51 95 63 -42 51 93 -45 -33 49 60 -57 -86 -42 23 -77 -8 -8 44 -78 58 -83 84 -16 -56 10 22 9 33 6 -49 67 -60 -20 72 77 -82 -83 -6 -62 12 8 32 -4 -50 37 48 -25 -39 -2 85 -13
48 27 13 -17 91 44 68 -23 63 -11 21 57 -50 0 -97 -31 29 49 -18 95 66 66 -56 -56 -76 73 -29 86 32 92 -21 29 -33 50 73 -11 38 71 -46 98 91 -91 50 -46 -30 -29 -92 -9 -53 -17 -38 66 -35 -9 89 0 99 -44 -4 15 98 -91 -91 32 73 91 33 84 -78 37 65 -6 54 58 67 100 99 47 90 51 -17 62 -83 -30 76 59 73 15 50 -52 -19 -26 70 -41 5 -78 37 -76 -85 -50 89
61 -44 74 99 11 -27 70 77 10 0 95 -62 -91 -65 -87 -35 35 -98 -78 14 -57 -21 10 1 41 -78 70 24 -14 44 -4 -5 -9 83 -21 64 95 -8 42 -5 93 -84 56 54 76 -7 -71 -38 -8 87 44 34 28 93 -14 48 43 96 73 -6 19 -61 -27 -67 47 -81 94 54 78 -4 23 14 31 11 -95 -31 73 -66 14 62 -79 -46 -43 -21 -28 -68 38 79 -98 -75 22 -96 37 -50 -33 80 5 -33 -33 -37 40
-25 -41 -54 -29 -20 -100 58 -100 -47 20 88 50 10 -21 85 -47 86 -27 98 11 -64 25 -26 25 -56 52 4 -9 1 19 -21 -96 21 -25 23 27 97 -4 84 -39 13 -48 11 -2 87 -66 -63 64 -56 -7 -89 40 -29 -23 45 -70 -10 68 -15 -63 54 -46 35 -59 63 -36 -88 -100 44 -32 67 -37 80 -32 8 -46 -100 -62 -3 -12 -38 12 46 -68 87 -45 -86 38 28 -64 10 62 51 -2 -84 -37 5 -67 76 25 -76
8 -31 -54 16 -21 -37 56 -98 -65 -57 76 92 -11 73 61 -69 -24 -19 41 5 -92 53 5 -18 83 21 95 91 11 -96 -42 13 -67 -1 30 -27 46 -26 -15 -36 -87 -43 -3 -93 -23 -81 -44 66 39 93 -99 89 -67 21 92 55 82 -83 -24 66 89 -15 -45 1 66 -48 -56 -61 84 94 63 -19 38 -60 95 58 -58 93 47 40 -50 -57 -64 -42 36 16 -70 55 -72 9 -5 89 39 91 49 -20 97 -44 -30 -44 -2
98 -18 12 -23 -44 -78 82 -65 95 70 -51 -28 51 59 5 30 -14 18 -83 23 96 12 -46 52 2 -16 -11 -68 -77 -35 -58 5 -59 84 -43 66 95 13 -22 -99 -28 30 -1 65 33 -12 -50 57 89 -7 -39 20 76 54 -25 24 28 -39 75 -71 -42 -88 55 20 -44 -17 24 -28 -76 20 -73 -66 -42 75 -99 -72 -66 -58 7 -42 -6 41 -48 40 8 16 45 35 21 1 60 -90 39 -6 78 66 13 -64 -15 86 62
-4 33 -91 -6 22 -58 -40 82 -70 -1 -78 2 7 18 74 50 -3 -46 37 -93 57 100 -37 67 17 -63 -56 -6 36 -39 -4 -56 -97 -65 -25 -11 -39 82 -81 -18 -5 8 -86 -92 48 44 57 -88 20 -11 -79 29 -78 66 -69 20 -80 -58 -35 13 -59 16 -53 3 -56 -52 65 -67 -90 -38 89 -19 6 -33 -53 -96 -5 -95 -30 16 15 90 4 -89 57 -75 82 -53 -100 13 -51 94 75 96 42 70 -69 -14 60 -78 -78
-29 98 -34 1 -23 48 29 -18 -16 80 40 -8 -51 78 -81 91 -79 -87 -78 52 -33 1 57 -20 -15 69 -59 -69 -87 6 45 18 9 -78 -32 24 -65 76 74 -48 -86 -20 -44 -79 46 37 67 20 -52 0 -89 21 -30 -88 93 10 48 0 -58 -83 100 -27 -2 100 -69 -64 -4 84 21 -25 59 -49 63 -8 93 55 39 41 14 -70 40 85 -32 23 58 10 26 81 -48 11 17 -87 -15 -84 -56 -58 52 77 34 -48 35
70 98 22 -93 -41 -82 88 -23 94 -23 -43 42 49 -52 -83 6 -8 94 92 -50 -30 5 -72 -75 2 -44 43 -1 -58 12 -58 -31 65 -94 -25 8 -77 -21 33 -56 26 70 -14 37 79 72 -100 19 -22 -88 85 81 6 -56 59 -62 91 -64 -67 -32 -34 -41 52 51 -96 -9 -26 -46 -80 54 18 31 36 -26 87 69 25 94 -5 77 -15 0 45 82 -40 49 47 -97 -72 19 -1 44 -81 -71 22 45 77 87 -47 87 82
5 -35 -100 23 2 -53 25 -6 28 64 -78 66 28 -13 -48 86 -85 -4 -82 -51 -14 15 56 -89 47 31 87 -37 20 75 -24 -72 -21 40 -39 -74 -6 -65 75 85 -75 5 37 71 -29 35 58 15 -11 -79 45 43 -99 17 -99 61 -83 -40 74 -10 -80 72 97 -44 16 40 40 -27 -51 -5 90 -91 -18 -20 -35 -53 -3 30 -97 83 -71 -98 -7 -83 39 73 -68 14 68 -4 -97 1 78 -65 52 48 -88 35 97 -31 -7
-22 66 88 46 -94 -50 93 -44 17 45 -31 -89 48 -24 94 -23 -83 13 -38 -45 -30 -8 99 -55 46 -11 -56 -37 24 56 -30 81 -15 19 -26 52 35 -1 16 51 -67 18 81 -56 -86 15 37 52 29 42 -32 -95 2 -40 60 -12 88 84 81 -79 67 -90 -5 34 72 77 37 54 18 -51 8 -65 86 16 34 78 59 26 51 19 -6 -51 -44 96 84 37 84 97 57 36 -94 -33 84 -27 -4 -73 -67 -86 -27 40 46
5 -1 -9 -13 88 37 54 -63 97 -98 -72 67 15 -37 31 92 -1 26 -49 78 55 -78 -46 -46 -33 30 61 33 -37 51 72 64 -45 -35 48 71 -87 65 -66 11 -50 -49 -72 -74 -3 -41 -94 -19 -66 98 73 -79 -37 -83 62 35 -66 87 -70 95 11 28 -61 49 -3 50 -46 46 37 77 -81 97 61 -63 92 -40 21 -74 -46 -78 1 -78 -44 34 79 -77 -50 2 -86 -81 -46 -92 -29 -23 -59 -13 48 -32 40 96 97
-53 44 -81 -58 34 -80 8 87 -71 -6 22 38 92 -97 85 71 28 6 -33 -39 69 61 83 -70 -39 -50 -74 2 -37 -96 -60 49 39 21 -60 -79 8 25 12 -45 30 -6 -67 -39 -60 93 -33 -96 -90 -66 17 -31 98 -2 -29 41 47 -19 -29 -33 -62 -27 79 -84 -48 -39 80 2 -65 21 53 18 -38 -13 25 -87 -45 -71 -60 -13 66 87 47 -30 19 -62 -91 -78 68 -31 -79 94 29 -36 -9 -84 87 -80 34 14 93
60 87 -11 -50 -81 -65 92 -99 -37 29 -59 -20 37 74 -28 30 -30 38 66 -23 7 -18 -17 -14 62 -19 -60 -53 -10 -92 98 49 74 -98 24 -94 -7 100 -33 51 -58 57 75 -95 24 -64 -76 14 57 -35 -39 -27 -68 -49 95 -19 22 74 -9 35 -4 77 -89 99 34 -100 79 49 19 -55 -34 -32 -85 -18 13 -36 39 28 -94 9 54 11 -36 -30 -50 47 14 -69 -22 -58 -10 -73 -4 46 72 -98 -48 15 -84 31 -13
9 49 -63 57 26 52 -7 -31 -89 -57 -54 86 6 -9 -30 66 -29 32 64 -20 92 -8 -17 97 27 -92 -42 76 -51 79 89 -34 -28 1 62 99 -34 93 -21 80 -39 -91 -98 -25 53 23 51 56 -51 9 12 -21 -93 -21 9 -42 66 -25 79 24 -4 54 4 79 71 -17 93 40 -53 -12 47 81 27 -27 48 31 21 -6 -4 -20 -9 51 94 35 -40 -28 -79 -60 -31 -22 28 98 56 -97 2 -32 80 72 -36 5 -79
34 -55 -21 27 3 -26 -88 -63 71 96 91 11 -62 34 -56 90 -99 30 8 54 67 -60 51 -40 66 60 -26 -76 -75 -9 -25 71 74 89 -64 -29 -8 -31 78 -86 -43 -14 46 49 43 41 48 -79 69 55 -52 42 4 60 -32 96 -27 61 -5 -34 17 27 -92 -42 83 70 -62 -60 -7 85 20 -73 -10 -31 86 -49 90 -71 -9 -30 -9 -59 -45 -90 -36 13 -47 92 80 -69 9 90 -52 50 -56 -73 64 -14 -72 75 -87
