-0.523980
1.241964
3.662042
3.731705
2.959758
0.620064
0.213381
-2.075417
-0.808072
-3.816306
5.159227
2.606700
-2.678982
2.710440
0.259217
-7.156166
-0.199076
-1.972976
-3.006066
-3.572261
-4.293591
-2.022429
-0.484902
0.918713
-2.157305
0.845677
-1.808079
-1.663413
0.998082
-2.229398
-1.685005
0.821242
-3.002389
-0.770550
2.137366
0.359101
3.951607
-0.957443
1.334912
1.037750
-1.548562
1.158700
1.233951
-0.438077
3.649951
-3.321562
1.515535
0.312812
4.655752
0.900161
-1.335459
-0.127203
2.006990
1.483711
4.511719
1.114860
-3.478507
0.303592
1.959220
2.013370
-2.976593
-4.785765
0.763040
0.430550
-6.291046
-2.943165
-4.251609
-5.467814
-1.061717
5.183099
-3.368443
-4.877234
7.747065
0.775515
-2.066895
0.171239
4.845760
-0.942244
-2.741793
0.379224
-0.451626
0.782580
2.203922
-0.145479
2.668885
-0.532507
-1.392339
-2.521675
1.647645
-5.569166
0.843693
3.868145
0.190086
-8.896129
-3.034420
-1.942392
1.418478
-3.263137
0.252458
0.487293
