-93 29 10 -1 85 -8 99 5 -53 -8 -14 -70 45 1 87 -67 -70 14 -97 62 -86 -28 77 -42 -86 -62 -39 33 49 -20 -16 58 43 -11 -38 67 48 -39 91 64 48 27 -64 -78 100 91 -37 48 -5 31 -98 -83 82 55 31 -99 22 83 -57 -80 28 -28 -59 24 -95 66 86 10 42 -70 8 24 36 -89 74 100 43 88 83 89 -49 30 -38 -73 -76 38 -66 -78 74 67 -81 8 43 8 -55 72 21 43 81 39 61
49 -27 -51 22 3 -43 -7 65 -65 89 55 44 32 -97 -63 -56 -82 75 90 8 85 -88 69 57 -13 93 11 42 -26 -66 38 84 -35 17 59 -8 84 53 -73 49 -57 -97 99 19 52 94 57 22 -2 85 40 71 29 84 6 17 53 -35 -18 -26 84 13 19 65 81 -65 -42 82 100 -82 -82 90 -85 95 -34 -35 -91 -88 -11 91 29 72 -3 87 5 21 19 -99 28 -57 -47 -32 -51 -35 23 83 35 5 21 79 -88
100 35 -38 -44 -55 21 -58 50 -81 -11 90 70 -14 -51 40 -85 -33 26 -97 69 -15 84 -10 92 -85 -91 26 47 0 62 39 -62 42 -7 38 -84 -63 27 -71 79 -96 71 3 25 90 85 -86 49 -95 81 56 20 -77 -83 -85 54 61 37 -34 -74 49 11 -36 -85 -72 -21 3 -32 -96 -34 38 80 10 93 -20 66 -88 -84 -19 6 -77 -21 -56 -19 -42 -64 34 11 -35 -92 26 51 9 53 -54 3 -82 -82 95 76 33
-53 -30 72 -81 97 14 -58 41 -99 30 55 -11 51 20 -44 -86 -31 -97 -72 96 -3 77 -69 7 3 -27 92 -69 -45 40 -76 -19 -76 42 6 -11 15 -55 -51 10 33 93 -49 40 -29 50 -24 -29 -53 -59 -26 86 -30 -41 42 97 30 -10 -71 65 43 36 50 6 53 13 69 2 54 -79 -76 39 -58 6 -89 21 15 65 79 -89 -35 66 19 -60 -11 58 40 -79 7 79 93 -1 40 90 38 -42 56 88 -27 -79 81
1 19 66 -72 31 -91 16 -93 72 -95 85 -86 46 -78 41 -69 4 -77 -28 62 -19 73 93 -62 30 -2 -89 45 -77 -8 25 -20 82 -82 -37 -55 -95 68 -31 96 -46 -37 25 13 -49 -17 18 28 95 -6 33 38 74 49 -1 -81 -89 69 -87 -44 54 -90 -78 -98 38 -72 -56 50 -68 83 92 -22 -35 96 37 63 87 37 48 26 -42 41 11 98 94 42 -39 29 59 -88 25 74 98 -84 -55 -54 65 -41 63 95 59
66 -30 78 -10 -76 -9 69 22 79 -34 38 -75 56 -7 -68 -57 -76 -17 68 1 -19 28 29 19 -2 -82 -60 89 28 59 -15 -97 -63 90 54 12 40 67 91 -44 91 21 23 97 -61 -78 8 61 -25 -81 -32 -59 -46 63 36 -32 86 43 0 98 -24 -65 25 -53 12 -42 29 45 -51 12 28 2 44 11 10 -95 100 77 -43 -92 -34 37 -47 -7 84 77 30 24 44 29 83 27 77 62 -71 24 65 -42 -27 35 56
-2 32 26 -41 -18 -62 -59 -98 -54 -3 -1 99 12 -30 43 52 30 82 32 -97 -73 97 8 -98 69 -5 52 -4 79 37 80 14 8 -11 36 76 83 88 -100 -22 -54 -45 -95 -65 17 -58 89 -100 -92 -5 96 -52 34 88 -17 15 1 7 13 -90 -8 79 -47 14 -55 -20 3 -26 78 53 -72 21 -91 52 42 86 66 -74 29 9 84 -24 49 25 15 1 46 27 82 52 -32 22 -4 -78 -95 -70 -3 -69 -78 -83 -6
18 -3 -79 -90 72 39 -81 35 70 38 88 -29 67 46 -74 -8 -65 -95 -88 -73 93 31 -4 -79 -4 26 -26 -47 20 92 -23 -95 -76 71 -54 -14 8 -97 -64 -59 -89 68 -23 -37 -84 -74 63 -65 99 -23 -26 -40 -53 -96 -15 64 16 -46 9 -83 -33 -31 12 -93 63 2 -50 -94 -39 51 -89 -91 30 86 -52 -31 -39 -20 6 -19 17 100 6 78 -30 -45 38 20 -80 -34 43 -64 -5 -49 40 85 69 -73 -82 47 20
58 -84 -8 -79 74 -78 41 -86 73 -87 47 97 -30 -33 -71 47 -7 57 -87 -84 -38 -93 40 -75 64 -62 8 36 14 -50 -45 -97 23 94 -81 3 -61 -3 -76 -15 52 -45 17 -38 46 -38 -39 -34 18 41 -39 22 -15 -21 0 -61 -58 -54 35 -47 23 -34 -48 56 46 -7 -80 55 -61 -70 -47 -11 -29 -79 -1 -12 61 -73 -37 -78 -85 85 -72 -67 -91 -6 -60 99 29 -23 92 -65 84 37 -78 -73 -12 -40 69 97 61
-6 47 -6 -12 -20 -98 -16 -84 -37 -62 -37 29 44 15 85 -40 -68 64 37 22 0 45 -86 -25 38 59 95 21 36 33 73 -59 -10 -86 27 -79 71 40 -77 75 -22 -87 16 -10 60 -32 0 50 -15 -44 -53 -29 -50 43 70 -6 68 -57 60 -99 83 98 64 86 -22 100 93 -61 91 -68 -57 -32 -48 -46 -84 0 17 -97 -74 -23 -83 85 -89 96 24 -86 -55 -13 -46 -86 59 -98 -70 1 -31 72 -86 90 -21 76 30
88 -89 -25 -20 27 -28 -67 30 80 22 19 61 7 -37 20 2 -11 -96 -40 27 -20 68 24 -28 -6 8 69 54 0 -24 98 93 52 19 -44 -5 58 -67 85 -2 33 17 89 -36 -43 38 -13 -41 -73 60 59 83 55 -60 90 48 5 -31 -46 16 -45 -31 54 54 40 41 -97 -53 25 49 -47 -85 87 63 -94 -84 -41 -16 64 32 -39 -59 -4 -28 48 86 -3 19 -61 -44 23 -71 -44 18 -63 61 -32 -20 67 0 -75
90 -83 -43 73 -46 57 9 -23 45 44 -25 9 38 -15 82 14 82 36 -3 -51 76 84 -67 -78 -89 89 -71 -25 64 92 -27 -60 -32 -65 -65 -76 44 -16 -38 -53 -96 96 41 -52 -43 25 -36 24 71 74 92 23 -63 65 -98 -55 -38 34 82 31 -21 26 -81 -17 -34 48 49 -28 0 82 -29 -86 -34 -31 81 70 38 -9 72 -46 86 -22 13 85 -46 16 25 34 82 -8 0 -58 6 92 -17 33 95 -92 -69 50 -78
-76 -63 87 28 74 81 -21 31 75 -8 16 -53 81 60 9 13 -68 79 -98 -90 30 78 26 18 40 -98 93 86 -23 -46 -100 -2 -48 2 52 -42 -70 -3 98 50 -83 -87 -21 51 82 -65 48 69 21 20 22 -98 33 47 -64 -66 92 48 91 -80 -21 55 78 -68 28 -66 51 -99 22 -45 -46 -47 26 8 -65 64 62 -30 11 50 57 92 -70 48 -77 77 -99 69 -66 37 49 27 19 34 8 -52 -67 80 -6 -66 49
-39 -77 -23 8 43 56 -55 58 -15 20 -87 31 -19 36 14 -59 -100 99 63 -2 76 -14 5 -66 36 89 -91 -7 82 29 -99 48 3 46 -78 21 31 68 -27 37 -42 86 -14 -69 45 -32 -60 -49 -57 -45 0 -10 -68 -83 82 70 78 -9 -11 -18 86 11 -24 -82 92 33 33 -13 22 40 -91 -14 59 76 -26 61 -33 23 79 35 -22 -51 -98 -57 43 -48 21 -27 37 -10 100 90 -42 -71 95 -40 -78 99 68 -30 29
74 34 -52 68 -80 65 78 -100 83 44 -25 99 -55 68 -78 21 70 10 -30 52 35 46 62 -4 -17 62 19 -27 11 -16 -46 -100 -10 -40 42 48 -12 51 -98 -55 -22 55 99 -44 -79 -67 23 51 -22 -75 -79 -9 -92 77 38 44 -92 44 96 -16 -73 -30 -13 -19 14 -83 25 25 5 12 24 -72 28 4 86 51 7 -49 41 -34 5 -94 66 -81 67 15 -96 -9 64 84 -80 62 -47 90 81 93 -31 26 58 42 76
67 80 89 -81 74 -75 71 -39 36 -23 -13 -51 -32 60 -3 18 5 -76 -60 62 70 19 -18 65 3 18 40 -65 51 -80 -35 49 45 -25 -98 71 65 -12 50 -68 9 1 70 -95 10 68 32 -42 53 -49 98 17 74 -58 91 -19 -77 100 85 -26 -93 32 56 4 37 -76 -93 -57 -76 17 -75 -15 -77 74 49 -2 -44 77 -5 28 -33 92 -58 61 85 22 -94 4 -75 -47 -31 -63 49 -87 -42 100 -62 -88 85 -48 100
-59 45 51 -3 -24 -83 97 -80 -62 71 -73 -88 47 37 -20 80 13 -48 -43 28 -24 -67 -84 52 32 -81 -13 25 48 70 -95 89 32 45 91 68 57 9 -90 -36 -34 -40 -71 -69 -62 -99 57 78 93 -8 25 49 -64 -76 65 80 -26 1 82 1 -61 -61 17 9 95 60 -38 90 39 13 98 -74 -45 -22 -49 -37 78 47 26 -20 61 -60 -13 27 -5 53 -4 76 -19 -99 -24 42 43 -47 -11 65 -53 -81 -13 45 -96
61 18 -91 66 -76 10 72 100 -50 -77 24 40 -33 21 17 65 45 -15 -81 -20 -94 -5 -85 7 97 79 4 -6 -26 -71 -81 73 80 -4 73 3 -86 -75 -4 92 27 -61 58 -66 2 -32 -43 -8 80 -83 -80 91 -25 -15 67 100 -79 -85 -49 49 -87 9 -75 -91 77 30 10 -12 48 69 -90 -31 84 -53 7 44 -26 -64 -43 15 -84 -88 -44 44 -86 93 53 -60 -1 0 17 -31 -45 -40 -66 -100 35 -41 13 -76 -60
-39 40 -34 82 -44 24 -28 -74 77 -17 -34 -42 -97 -14 -76 37 -6 -55 43 23 65 -98 -11 98 -22 30 31 -48 96 -18 -9 15 20 14 -99 -43 -56 -73 -18 12 99 36 69 40 -53 -77 -37 31 45 10 -33 73 63 -23 -57 -9 -46 -4 86 -22 -43 -75 63 47 12 35 59 92 44 -46 54 87 44 1 11 -4 51 -12 47 62 32 -67 74 34 -30 74 90 32 54 7 -35 25 -40 -64 34 -72 73 -75 26 -90 72
-15 -20 -45 -94 -45 -53 23 -41 -12 -35 -80 20 29 40 98 69 64 63 -77 6 -14 66 76 73 -63 -35 -82 -24 -71 -89 74 -24 -97 8 57 19 24 -32 -82 32 24 -59 -16 -31 -28 -21 -27 85 -99 53 -11 51 80 3 -8 -46 62 59 -11 80 -34 -76 84 -62 -98 -54 -77 -82 39 -65 81 12 -92 46 55 -11 10 -59 -90 1 71 22 -35 -87 -67 93 84 59 45 -85 24 -81 -76 6 -42 -39 -83 -75 -49 70 -6
-89 29 2 44 -14 40 56 -100 53 34 11 -54 -89 -24 97 30 -44 -49 -96 83 73 78 -82 44 76 -46 -61 -93 99 -81 16 -60 -65 -68 -28 -1 86 56 -72 95 -34 -2 -40 61 56 64 93 -61 33 25 -63 5 65 -66 20 -65 -9 77 -100 18 -25 -73 24 -9 -53 82 -8 -40 -33 62 75 8 -11 -94 79 91 -78 13 59 66 -59 54 24 -91 69 72 35 -24 36 60 -82 -60 34 92 98 -53 99 -68 -98 -89 -60
15 -91 -79 17 59 -3 -7 67 41 37 54 -72 -42 56 -14 -95 76 -76 -53 -73 39 -8 99 53 -43 13 -52 -4 83 -64 -77 -80 52 -79 28 55 -98 -15 58 62 -22 91 88 14 88 -72 -65 -41 93 82 61 -49 -98 98 77 -99 83 -86 90 -15 -26 71 -67 51 96 -32 -39 -81 -93 31 69 68 -91 72 94 -84 -70 -21 -71 30 21 91 -9 99 47 0 -85 -38 24 -58 -87 -52 27 -85 -70 -85 49 -49 -75 -67 -2
61 45 -4 32 67 -51 -34 10 13 5 -19 6 -54 -34 1 8 -5 63 34 84 84 19 76 -52 -15 -64 55 60 -20 20 83 43 12 56 60 37 33 -82 63 -30 -33 -37 57 -35 -98 -88 -84 -28 61 5 79 -52 58 87 34 -42 34 5 -16 -21 -27 85 77 -18 -51 90 96 94 84 -33 -12 0 86 13 -60 55 -65 17 -54 12 64 -7 82 -68 -98 -43 16 94 -46 -72 -42 32 -31 -21 -89 -100 -98 20 -49 -26 23
-57 26 52 71 -58 -91 -24 18 91 10 87 43 -43 -41 -4 -64 -39 43 39 26 -25 6 -37 86 -87 -86 -4 64 9 -6 11 4 32 -97 72 -7 47 -48 -61 -68 4 -39 -73 9 57 17 29 16 -83 75 32 -5 7 -23 46 -86 44 -24 -75 11 -13 39 7 73 -91 51 53 -72 -56 71 -14 84 0 26 36 46 68 -59 -29 -28 42 6 98 41 -46 84 -88 -64 -8 -57 13 -12 89 55 -16 14 -28 -19 -19 49 98
59 76 7 -6 -40 74 -91 -33 62 96 -87 -2 5 90 99 67 -24 91 11 -7 27 -22 20 -72 82 -64 -73 50 18 -99 63 80 -87 34 -90 -31 57 -70 -58 -14 -43 -20 71 43 1 92 72 45 -85 10 -20 -16 33 66 62 -68 44 19 92 16 -34 -30 13 24 20 78 -92 57 72 -39 16 -64 -23 68 71 93 57 -83 -96 35 -59 72 12 -98 44 84 100 -33 -83 42 0 87 -59 20 28 -53 40 26 -80 -12 -93
47 -77 47 35 92 -26 41 -62 -43 12 39 42 81 20 29 32 89 -97 -82 14 -59 98 97 -98 -62 1 -80 -19 -26 -97 -88 76 67 42 40 -34 39 -75 68 -32 -24 95 -47 79 9 -21 32 -64 48 8 39 -63 -69 -54 -98 22 2 64 -72 -37 19 -31 -79 56 -68 -86 50 -10 46 70 -69 -96 29 49 65 16 65 -98 -86 89 47 64 68 26 20 75 54 -18 -8 -12 91 49 -44 -25 -61 -34 83 -97 -31 62 -80
-46 -28 -91 9 4 8 12 69 -17 4 -32 -32 -14 -89 42 -100 87 -71 22 -36 -90 -56 69 -80 6 -11 4 100 -39 79 -3 -27 99 -95 -2 -53 11 88 15 -58 -25 -63 44 -74 -22 22 18 -28 72 -27 -28 47 55 31 46 58 -17 -90 30 -88 -76 -35 -65 13 -33 -74 -16 -65 41 46 -87 -96 85 -29 30 -28 -18 35 -39 -33 80 13 -2 56 -67 60 74 -17 8 -62 -66 99 54 0 -20 -51 97 80 66 40 -87
-43 -64 -16 -62 -30 46 -8 23 69 45 -28 44 49 21 64 -24 77 49 -78 -68 69 -4 -92 58 20 51 -74 -10 -79 67 52 -69 59 -92 71 69 30 -54 -37 22 32 37 -45 52 -10 -20 59 -74 51 96 17 24 31 22 2 59 2 -69 61 52 9 -64 35 47 48 8 49 -91 -5 48 -83 36 -55 -89 -72 97 29 96 -97 -80 95 -5 38 26 75 55 -54 38 -74 90 -51 -55 24 97 5 -72 -13 -8 65 60 81
20 -43 13 -90 83 87 -87 -67 -60 -28 80 9 85 -42 -39 96 59 11 -42 -39 -5 -54 86 -8 88 31 98 52 -65 67 54 -84 -5 -43 -18 -39 -74 35 -41 92 -80 -34 -26 -58 -53 79 -88 -36 15 48 -29 76 -4 -5 78 -26 78 -78 -6 49 32 19 87 88 -12 -24 16 78 -55 83 -21 -18 73 62 13 -25 25 76 -61 52 89 -73 -48 93 20 44 -3 -98 -73 41 -62 -68 -53 -48 -89 -88 87 99 -53 -17 -9
-44 17 -21 -63 9 -6 -82 -55 -4 33 76 -59 -99 94 34 -63 -30 31 53 48 85 41 44 50 1 -74 -7 -17 -81 -53 6 -69 63 -31 89 18 -80 48 -25 -18 12 78 -39 -36 -84 25 -22 9 -92 12 -82 9 -62 -1 -95 14 -40 -13 29 57 -54 4 16 71 99 -98 -6 73 -9 46 -97 -67 45 88 -87 72 38 47 61 -37 33 -89 -17 -18 -72 33 35 -42 -46 7 11 -55 26 -55 -83 -60 -41 -19 29 -11 -99
45 -74 -45 2 -75 -90 55 -73 -67 -57 -11 -88 90 46 52 94 20 -7 25 29 14 58 58 4 -23 -8 87 73 80 -26 61 -24 68 82 -62 12 62 43 -5 -34 -38 99 -79 -76 29 34 71 -2 -44 -89 -63 -13 -15 -24 89 31 23 -54 81 12 -92 -27 -30 5 7 -68 64 -95 -7 45 52 100 63 83 -50 19 -59 -57 76 -39 26 -93 -80 -100 -46 96 -84 -51 -72 93 -47 -15 -4 -5 -36 43 76 -77 -1 42 75
-25 51 -5 -100 -86 30 -89 83 13 89 -91 87 -90 -77 12 33 100 -19 -46 -92 -92 -70 33 51 31 0 74 -46 -63 -96 -33 -47 -1 -37 90 30 -68 -16 10 -38 -37 -32 40 -49 -39 68 -38 -61 -3 65 -17 0 -53 -96 -20 25 11 -50 28 -94 -25 29 -68 35 -36 -81 -3 96 -52 26 24 -100 -40 90 88 -18 5 -8 38 -51 55 -90 -73 -66 79 -91 64 -50 10 -65 38 -78 -1 38 -3 -37 60 -6 61 -38 88
97 30 -91 88 21 -100 -17 -73 27 66 -31 -34 -73 -77 84 -41 8 -39 0 -24 -85 81 65 8 -69 -89 -72 91 -80 98 51 -2 5 -23 -34 0 -29 85 33 26 -44 25 -20 -97 94 65 15 -72 37 56 85 63 -74 4 -95 36 -24 65 -89 59 -49 28 50 -1 -1 100 -59 -84 17 85 23 54 -41 -75 -64 68 -77 38 41 -30 59 -63 65 0 37 33 -43 84 -82 -64 85 -100 31 74 -35 100 -13 -58 44 -49 21
59 23 79 -24 -99 -55 -75 83 48 45 95 69 -79 -3 12 -37 15 -64 16 99 26 55 30 -48 5 -69 -48 7 31 35 13 -81 85 82 68 64 -96 -59 91 98 -12 -65 -8 14 98 -91 -19 -78 -81 8 -96 -50 73 -64 -6 -47 87 38 31 33 13 7 0 43 -65 91 -25 93 12 82 92 93 13 97 -59 40 -71 68 -74 84 4 29 64 50 30 -4 33 66 -84 86 69 -69 2 1 -9 -60 -100 -12 96 67 -89
63 -21 77 69 -74 43 21 -80 -86 -69 48 -50 -12 69 -9 -18 -92 -79 85 54 -18 -91 -50 98 84 10 -43 -84 -70 -6 73 -79 -11 66 -78 24 3 50 100 51 -73 -31 23 -67 -76 -69 47 -26 68 -6 29 -100 100 -16 -83 -77 -22 -83 17 -3 -13 -37 -22 90 -41 60 27 -77 -5 48 18 -33 4 -2 98 -36 8 -9 26 70 -6 -61 98 82 -36 94 -35 -22 -5 43 -30 -53 16 -42 22 16 11 -54 36 0 -86
42 -65 39 82 -35 -55 -37 -64 -33 -65 -12 98 -48 -44 -40 25 -89 100 37 75 -48 36 -98 -50 31 -83 -48 -95 -80 -97 48 29 52 60 43 -17 -56 -2 85 -76 -4 18 -100 -28 71 -23 -75 -27 -13 84 -100 13 73 49 -49 -34 -78 97 18 -88 -62 59 -55 -33 -79 -37 89 8 30 -40 21 1 -70 3 11 -87 -59 -54 24 77 57 55 85 -28 -25 -85 -34 -50 -11 54 -9 94 69 -36 49 -70 99 67 19 -84 49
92 -64 -34 85 91 61 -15 79 28 -30 23 -32 25 30 -89 50 87 54 15 -53 -75 -10 79 -56 -26 52 -95 -21 11 -38 34 -28 -78 56 24 92 55 41 46 10 -91 -55 -80 -66 48 72 41 -9 61 -11 -55 -35 88 9 27 94 4 -75 8 -62 17 -97 26 44 50 77 2 90 -80 -89 58 -81 -95 -8 89 -50 69 9 -19 -51 -9 -19 17 78 -15 85 -86 33 68 -18 -68 -34 100 -68 -39 -87 -49 -33 2 -75 91
89 -55 86 26 85 -46 -64 55 79 0 82 31 95 13 85 -33 -85 46 62 51 -100 24 -10 93 89 25 62 24 35 -37 -5 -37 96 7 32 -5 65 -71 -67 -83 -59 -66 -67 62 -66 59 38 -3 -54 2 -13 38 -76 -70 71 -36 -77 66 78 37 3 21 -33 -2 -19 -85 4 83 -27 62 72 -15 -42 84 2 -64 73 -38 -77 -47 -53 -58 -30 -46 -47 5 1 -7 -43 -86 82 -18 -79 -61 -59 -80 96 -27 95 3 -76
-28 -33 -60 13 -15 -87 23 80 -27 3 -38 30 63 89 -93 36 -1 -20 -60 5 17 28 85 65 -64 5 30 30 -98 94 -17 -55 18 33 -98 4 51 77 19 -44 20 89 -58 -74 -87 93 63 -75 -6 -59 80 -1 -16 -48 32 -88 49 -21 -17 43 53 -14 64 -20 72 35 -52 5 -40 -2 31 35 -82 -26 -6 4 -78 21 54 -77 59 -23 -59 96 87 -68 78 8 96 21 -2 -5 21 34 -38 -72 -57 -21 60 36 41
72 28 -19 -78 -83 72 -27 -52 29 -17 8 34 42 83 83 27 64 -50 -39 57 68 -10 -73 -11 -6 21 -84 12 78 95 -1 86 -25 0 -6 63 48 -28 -79 -25 -96 -31 -45 10 26 90 42 -24 -47 2 -14 27 18 -10 11 -11 52 17 -17 87 71 88 38 -23 87 51 -95 62 79 -22 -13 82 3 -14 42 9 43 -64 85 14 38 -5 -35 -3 -38 -52 2 88 5 -7 -2 57 70 -39 92 -5 84 -13 43 -57 -30
-5 35 -76 6 62 -5 -22 95 -92 9 81 -36 -12 95 -12 44 8 85 20 -4 86 -64 61 -31 -73 -22 -20 4 100 -82 57 66 26 57 -16 68 -12 -58 -72 -26 85 -50 66 36 -64 20 8 67 57 -5 -59 -15 -61 -38 74 15 -3 -99 -52 76 16 -6 -43 60 12 -45 67 -9 18 -90 10 -53 -24 55 27 13 52 0 75 22 24 50 22 -14 76 -13 44 53 -91 76 4 -92 67 69 79 96 84 -21 69 -43 -40
49 -47 -43 -78 32 -36 -56 -92 -7 29 59 38 -45 84 -96 96 57 91 -27 -3 69 -1 -65 -48 -59 -67 -31 78 -14 -70 96 71 97 -54 19 -89 -44 9 -18 -57 82 3 83 -64 -54 -69 -43 70 -1 -40 -92 -14 18 69 96 -81 46 -47 -52 -1 -86 -59 -90 -6 60 65 -12 28 -61 81 68 -85 2 26 28 -4 -99 -38 71 -80 31 -86 -68 51 97 -54 66 -90 -21 27 -74 27 -52 88 67 73 51 34 -8 9 96
-85 -1 98 21 -58 37 21 76 -28 27 -55 -69 -35 -5 82 -56 -94 -20 -49 19 -1 -23 -81 -58 -60 -39 42 86 -84 78 -1 -22 -39 -27 15 3 91 -20 91 -15 49 87 14 -28 -14 -56 -58 40 -14 48 -98 -67 65 89 99 -16 -95 16 38 98 78 84 30 54 19 52 -45 97 63 -98 19 -52 -62 1 -23 -84 -76 -20 87 49 -1 -39 36 24 34 -78 -82 0 92 89 4 76 -14 22 46 94 62 -6 39 79 -68
47 -39 -9 22 -21 -92 25 -98 -34 65 90 42 31 19 -9 -42 86 -39 -59 77 -81 -26 31 -30 -100 -97 -54 3 93 80 99 8 49 -65 -2 48 71 32 0 7 -43 60 -24 53 26 42 51 -67 -63 -72 -48 42 -34 -18 83 -25 34 18 -15 54 -65 15 -33 72 11 -82 -50 52 59 -52 33 -60 71 -62 -89 -16 -74 35 50 -11 28 17 4 12 38 69 -62 79 -8 72 -63 18 23 -3 -35 -62 -34 79 -36 -54 -28
-61 -13 72 36 11 66 -98 38 74 -73 -56 30 -88 -29 44 -98 77 40 95 97 -92 -18 55 73 -49 -23 -80 -58 30 56 98 -8 -67 97 -4 -46 87 -88 -100 -91 -90 -6 -62 -81 38 0 -70 1 -25 -93 -11 64 79 -95 95 -98 -42 39 -76 -97 -16 92 5 -96 4 59 -27 -83 -71 56 100 54 47 -55 79 94 57 -72 18 -88 22 0 87 -69 95 45 -25 -55 -14 30 -34 -27 13 -19 20 17 83 0 40 93 -48
49 89 39 -51 52 22 -67 -69 -92 64 57 17 -18 -28 -99 97 26 17 68 -15 90 -11 65 -87 28 -31 58 35 95 -27 -6 -36 24 6 29 70 85 27 20 65 -56 86 -72 4 62 -77 72 98 25 -82 34 -4 72 90 67 -8 17 11 6 -84 -86 -93 42 34 32 -5 -84 -80 48 22 -58 -45 -18 34 -29 -44 29 -73 37 -68 40 -86 79 95 76 -98 -84 -41 -35 72 -1 -46 73 36 89 -12 98 -17 -1 -56 0
19 88 -35 -13 52 -73 -92 39 97 -35 94 55 51 -40 -3 78 -15 -95 -67 -3 52 -51 8 -40 -25 -61 68 85 93 -19 78 6 -32 53 83 7 -7 -58 7 -79 -39 -87 -58 -65 51 75 -75 -30 -52 -86 0 -50 38 -59 -16 -33 -16 -70 -92 15 10 -39 81 -95 -73 14 56 44 26 25 47 100 38 19 37 77 48 -3 0 18 -34 -8 29 -52 41 -12 -21 78 59 -51 75 -66 -97 60 71 45 94 -13 -52 4 5
23 -97 83 -52 90 -33 -40 -50 96 68 -99 37 -38 -37 99 -32 -43 -28 -66 -81 80 90 -54 -8 -66 4 -92 3 76 -20 36 74 32 -56 37 23 -72 99 -96 -94 -92 79 8 52 -4 80 -98 -42 -83 -81 -35 83 -14 -89 29 75 36 100 11 -28 1 -79 74 81 58 53 -40 -85 -7 -72 71 -38 18 83 -9 -35 38 75 -92 9 88 -20 70 0 -10 -38 -84 72 -61 -36 -16 56 41 33 8 -81 -54 -92 -2 19 34
39 56 96 66 35 86 -8 68 33 48 -11 -91 62 -92 78 -92 28 86 82 -15 -2 -69 27 92 -63 -33 20 -16 -72 -32 3 -64 -28 -54 71 -19 5 -53 29 32 -48 63 2 74 -63 39 -5 -78 -48 -87 81 -36 30 60 4 -48 -74 87 79 3 -47 5 -92 -98 -35 -22 -74 67 9 53 21 -16 -59 46 -17 -15 -83 68 -32 -88 -100 84 -28 18 -28 27 19 57 35 -45 -50 44 57 7 -72 -82 13 -72 -45 28 86
58 -8 55 -16 81 5 24 -26 83 41 67 13 62 -20 -44 -9 -96 96 3 -81 43 75 41 30 94 -53 88 -26 91 49 -63 -54 -56 -92 -80 63 -49 43 63 -9 56 -47 92 -25 -20 -47 -96 -26 80 38 49 -53 30 54 -61 76 89 18 -35 -100 -12 99 49 11 25 -87 -64 -72 78 -85 -67 22 21 -99 26 18 62 5 -27 -58 23 -99 -97 31 -98 79 -48 42 -15 -53 82 -24 10 44 39 -97 64 46 -25 -93 31
-11 -97 86 -37 -100 75 -93 75 -67 74 -22 19 -65 96 -74 -69 10 20 71 -68 23 13 26 7 -44 79 45 -4 -5 7 87 95 -1 11 -61 13 58 -15 21 79 -50 -100 -85 46 -100 -5 97 60 -78 5 -16 68 -17 -40 -13 -64 -94 7 77 -43 18 61 -97 34 -97 -30 -80 97 -89 34 2 -40 57 98 -2 -7 44 39 -34 59 -10 25 81 -59 -87 -80 36 6 69 72 71 58 -39 -80 -4 82 -76 -44 92 -61 25
73 -64 44 89 15 35 -1 -17 38 -38 -22 -88 -58 81 60 -8 94 -75 -8 -44 -74 86 -3 16 6 -7 -54 -81 -66 -36 80 -57 -41 58 -92 81 -71 -48 75 -16 73 -55 -20 -55 74 38 -74 -21 15 89 25 35 -59 -50 -59 -21 0 71 11 -42 -77 41 88 7 35 -13 -93 46 76 39 17 -35 -33 -38 -86 -79 -11 80 54 82 76 39 34 44 -29 -11 4 33 -39 91 -72 5 11 57 -17 14 77 23 19 -73 64
20 -80 -17 76 -80 95 66 -40 -48 32 -3 43 88 14 -12 19 94 27 40 -51 68 24 -38 87 34 88 14 -74 31 -21 -85 45 -74 -24 -28 -26 -85 -14 -97 41 -52 87 -33 -93 52 -98 -13 -47 -31 77 84 68 -76 -70 97 70 -34 -37 -87 -34 52 -12 27 78 14 36 82 -42 32 -26 36 39 -49 -81 39 -74 53 -77 -32 -30 -34 -7 -11 -57 15 27 60 97 -67 -94 -35 -38 -56 -28 -79 6 45 30 15 -23 91
-93 -35 38 -47 -42 -91 -62 64 64 20 -39 -1 -42 -26 48 76 -3 4 59 -33 42 66 54 50 -75 -86 14 -79 3 -9 -24 -75 41 -56 -24 -100 18 -47 36 54 -95 -56 -19 -8 67 94 96 34 -20 97 -57 -39 17 82 69 24 44 81 80 51 -96 63 -19 95 30 -98 -85 -91 -66 -6 90 -11 -60 15 -24 82 -10 97 50 0 32 54 -2 1 80 -9 24 -60 -70 8 -96 -45 87 -71 -29 10 41 80 -50 -45 -48
90 -80 51 59 68 74 6 61 -23 57 26 63 -5 -81 -25 32 5 -99 -49 -64 11 -4 27 50 17 7 -13 48 56 41 34 -52 -9 -69 72 84 -43 -8 -29 -24 -4 -88 43 -64 2 21 -72 82 40 69 -5 50 -10 41 90 40 -42 -50 -31 47 76 -43 -34 1 99 -40 -80 55 4 33 -82 -84 -4 -96 -1 -7 -94 75 21 34 -2 66 -17 11 -15 -60 66 55 94 33 -40 -27 67 50 -98 20 -75 -12 54 -19 20
44 64 95 63 96 40 11 69 -62 -59 27 47 -14 -13 0 -2 94 -80 81 5 -40 -77 -8 -17 94 60 3 -29 71 14 -55 56 99 -73 -17 -26 82 15 46 58 93 -92 30 49 75 -89 61 46 62 69 37 -98 -20 57 64 -22 77 -85 76 79 -97 46 77 96 2 99 36 -5 -22 56 97 -63 21 -98 -8 77 -8 1 81 17 -36 -29 -60 -54 -35 -47 -81 86 27 53 -99 12 -13 84 10 62 89 34 -85 -98 -10
-42 -35 -10 -56 60 -15 -82 57 -13 -7 5 -11 -42 -79 -66 85 47 52 35 -65 -68 35 38 -81 -56 13 1 62 -38 93 -94 9 91 -39 -85 -5 -73 -72 -45 -88 55 20 -39 -10 19 -63 91 -100 -80 36 34 -52 76 95 -56 -56 92 31 -100 84 47 -14 -16 19 20 75 51 77 4 26 -2 10 -21 -94 -13 16 28 36 72 60 43 -57 3 98 -31 64 -36 72 94 -80 72 -95 -85 -75 94 85 -98 61 -24 -78 84
100 -47 96 39 20 -31 99 16 -60 66 89 92 -72 46 16 -62 10 55 61 20 94 91 75 -99 -41 29 12 -100 -17 -100 -25 41 23 82 77 12 -37 42 -75 -13 93 -91 3 -6 92 -82 -92 29 -4 95 -80 -60 -77 50 -46 12 64 17 -37 -25 -58 -15 27 -4 51 -86 26 -80 -61 -63 75 46 82 74 -85 -63 37 -4 -41 5 -28 100 13 -52 38 90 73 -91 52 -100 92 -76 99 -47 -33 -59 -60 -75 77 -73 79
-86 58 83 -20 50 32 75 8 78 25 -88 18 -70 -7 58 3 46 -26 6 -1 37 41 76 -87 42 63 84 -60 -94 45 76 -59 97 -69 -39 37 -9 -40 -18 -48 -60 -34 -1 -17 -11 34 -87 -89 39 76 -82 76 11 82 -90 14 0 -75 -49 -83 25 -100 -61 -53 55 66 -63 75 16 71 98 -51 -59 -9 -98 95 -76 9 96 89 59 23 17 -79 8 -36 0 44 -47 -57 -100 52 -11 17 63 -51 45 36 79 -100 32
97 97 94 19 18 10 94 66 -11 -57 -23 -65 64 -55 -67 -88 -17 -10 -84 -20 -7 -36 4 81 35 -40 -59 33 52 48 69 -86 73 -93 -77 -77 -15 54 -16 55 40 67 49 -8 -71 -41 -60 -68 15 1 42 26 12 67 -92 -90 42 58 -43 67 3 99 -23 -6 100 5 -69 22 37 -43 51 78 27 -22 -77 -35 24 15 77 43 28 95 82 -93 -23 71 87 -86 47 -19 55 -53 14 45 54 70 -15 -92 -88 -1 -60
70 79 -90 83 87 45 -89 -38 -99 55 -23 -15 39 -82 -37 60 -11 -50 34 50 48 -91 82 -59 -94 54 57 19 89 -1 -90 -39 2 77 -47 42 31 73 19 61 39 -78 -22 0 14 90 13 9 27 49 17 82 -43 -14 -38 -27 34 2 -6 -96 -86 39 88 -17 -52 85 -68 53 74 -56 -4 -100 -71 -46 29 94 53 -74 -42 15 80 34 1 -84 70 50 75 99 50 -50 48 6 10 12 -86 -85 37 15 68 1 16
-77 -92 36 67 87 -2 -9 52 76 46 -96 13 -10 -37 -8 38 14 29 40 60 -61 57 94 -80 97 24 52 -64 -24 -63 -4 -37 -59 18 -69 74 3 17 63 54 68 -59 85 53 80 -24 15 -27 -100 -90 -63 -66 49 21 -69 92 -17 -62 -37 87 -18 -3 33 27 62 55 89 68 -57 -75 54 -81 40 -68 13 -80 91 -22 -70 -95 88 -97 -47 69 25 -42 -64 -72 -79 -99 -4 -63 50 -64 -22 58 -24 32 59 -67 46
84 46 -8 63 10 0 7 -44 -25 -9 -78 -4 34 56 6 78 -69 79 -63 -88 68 64 57 -10 64 -70 -59 -87 62 -92 -38 90 21 -83 99 -80 -97 58 -19 97 100 -29 -37 83 63 -5 -22 -47 3 53 -54 -11 -55 -65 -9 -52 -87 -94 53 47 -78 72 18 -2 -32 -2 -68 86 7 -29 98 -28 54 -4 -77 30 14 26 -23 51 -40 -40 97 -76 -13 52 11 30 -23 33 -40 39 23 -19 65 8 39 47 -78 -39 -15
66 -79 6 -18 -58 61 10 -49 -49 -28 -18 83 3 89 -21 65 -14 -5 -100 36 14 -84 55 94 -67 -15 -15 -36 14 7 28 -21 98 81 -30 40 50 -47 -59 36 -9 9 6 -64 -60 -85 11 -97 -96 55 -80 0 -67 35 -96 36 5 14 -50 47 52 -19 -88 30 36 -42 95 55 30 -30 11 -45 42 -81 -16 -90 94 32 2 -2 -6 -20 -77 -9 79 -29 -79 70 -5 69 -1 -100 64 -31 -81 75 -88 27 5 88 81
-81 80 31 -61 -53 14 -51 18 -81 -31 60 -16 -45 10 -97 84 40 52 73 15 17 -85 -46 84 35 -88 55 -17 20 96 -9 -22 -51 -68 -1 -43 -43 90 16 55 -25 28 -34 54 -64 51 66 51 88 100 -73 82 59 69 -4 -82 100 -55 43 -23 12 48 88 53 72 -61 0 71 14 -36 37 -23 90 -88 89 -61 77 -43 -49 -97 -84 75 -51 75 -45 -93 92 6 45 37 21 -53 -71 48 66 63 0 25 76 -34 -5
43 84 -74 30 9 6 78 21 -14 60 -73 30 -84 92 -44 71 84 -93 73 4 -80 -28 7 -35 -99 92 61 -12 35 11 -81 44 79 -23 69 -92 57 89 -97 -62 -84 -57 -32 -11 55 -54 -68 94 85 -46 18 41 93 -23 20 85 -18 94 -4 21 -82 -50 82 -18 -37 37 82 -89 45 56 56 71 -80 -87 -31 5 -25 -18 9 -18 28 -33 -6 43 -42 -51 98 -77 23 -39 -52 62 25 38 63 -80 -77 -95 18 51 -35
0 -89 -27 59 -99 51 -47 7 46 -9 -39 -42 -76 -20 34 -26 -80 -68 -52 -47 33 79 30 54 -39 74 71 -42 42 -62 1 65 -2 7 4 -63 -88 7 8 27 -49 -1 -22 52 -93 -71 -30 -41 23 -77 59 -5 23 53 -33 -47 73 64 -19 96 -32 -69 75 -52 -43 36 -36 -80 43 79 -7 -85 56 -48 -18 76 -47 10 69 36 -51 -64 60 76 -18 77 -55 -97 -54 -64 -48 49 73 -26 -14 11 -56 54 -73 -74 88
87 77 18 -25 54 -77 -9 -61 -30 -61 -98 -67 8 -68 -5 85 53 53 -96 -49 -74 90 79 -81 -93 12 -70 6 -9 63 3 -91 -80 -30 32 33 85 -61 -20 18 -99 -90 95 -63 76 82 -4 -96 66 41 97 -84 26 94 -44 14 1 -68 -63 22 71 18 78 61 16 -41 74 -23 55 14 70 65 -21 64 72 -79 79 70 84 81 -80 -51 13 -89 -67 -17 78 48 -23 -14 -17 17 -14 95 -24 60 38 -23 -62 5 -65
-11 -45 -34 67 41 73 100 69 -83 -5 -3 22 81 -15 85 99 45 -75 31 46 77 -88 -15 63 25 -88 3 -55 68 5 -30 65 -49 -29 19 10 84 -24 69 -26 11 69 23 26 -24 14 -49 -81 67 -65 27 -58 20 71 62 69 61 6 60 -26 93 -23 -15 -32 -6 85 59 3 -21 51 26 19 -61 76 39 -2 -36 -77 -49 53 33 55 14 -20 9 82 95 68 -76 53 82 79 -55 -80 -51 -42 85 -19 35 -100 39
-17 100 -58 -81 -26 56 -82 -26 40 62 81 56 -38 -76 7 -77 94 67 12 2 -16 20 -90 73 -83 96 91 -27 -18 15 29 -32 87 -98 -42 64 22 -15 -36 76 -7 -7 -77 -60 -60 -21 85 -93 -13 62 -88 90 -100 7 -24 71 -3 -7 -86 -78 -63 43 100 30 44 -99 100 3 -69 97 -23 44 -59 16 99 -81 89 -65 10 81 27 59 90 55 94 3 -44 15 -27 -21 -6 78 100 64 -5 -81 -12 -76 44 32 -30
95 -84 -44 -1 76 26 22 -63 39 -83 87 27 -77 -77 -31 -31 67 73 52 99 38 -73 -63 -7 60 53 19 -92 36 -28 96 61 90 -19 32 46 56 -50 47 96 -4 -34 -44 -70 -49 -11 -83 53 -85 -5 -16 69 -31 -8 -63 -71 8 -4 -98 -43 28 -53 76 -86 -30 4 -97 -41 -79 24 12 63 60 89 -6 -77 -45 13 46 95 -51 -62 99 -41 31 35 99 -42 -88 -13 -96 1 52 -81 -6 -24 44 100 -79 -98 -69
33 48 -81 31 63 -62 1 56 -19 -29 68 -1 -87 -72 17 -79 15 -40 -55 64 21 95 -18 -74 -57 33 -68 -79 78 -78 -55 45 11 -6 97 -93 -31 93 42 89 -5 -6 73 29 60 14 -17 -100 32 -31 -63 -71 13 1 28 91 77 -84 -34 20 35 -7 -14 97 56 -6 -68 -6 -12 84 -60 72 92 15 37 68 3 85 89 91 5 54 83 -13 -73 94 57 -91 -42 -20 -59 -29 -16 -8 16 32 91 -14 47 41 -51
36 100 -31 45 13 4 -76 60 13 -77 -25 -77 90 37 -21 1 87 58 69 -53 37 -66 -56 10 46 36 -86 -90 60 -25 78 60 -79 78 -79 25 -32 25 94 -33 -33 26 -73 25 92 -45 -38 -71 36 -24 -58 0 -26 69 56 -78 2 58 14 13 76 5 29 -30 -18 -6 89 31 53 86 -47 -3 56 -67 -41 36 3 52 52 -61 -20 -91 91 -89 -23 -66 -33 -89 37 -80 29 -81 2 14 80 -69 -49 -22 65 15 -12
-38 -47 86 -14 16 25 63 -3 -75 -39 87 92 -26 45 -29 69 -95 -22 -39 -70 -62 -22 -95 85 17 -85 -96 38 1 -70 99 10 -13 71 57 69 38 -61 54 -88 -69 29 -70 66 57 39 -16 65 32 -99 -27 0 -75 83 31 68 -54 -92 -95 26 -9 -47 40 73 -35 62 16 -96 77 46 -79 67 -26 -12 96 23 -31 -1 -92 55 -88 50 -21 89 3 8 6 76 -54 37 51 -65 -97 87 11 58 -48 -8 88 12 -69
94 -31 -72 42 42 13 41 -93 -91 89 -11 39 -89 -25 14 48 -67 8 -26 -21 24 60 -49 -1 -81 -32 48 85 -63 -78 -10 -31 12 -91 50 21 63 61 77 -53 47 -24 52 -58 -34 -25 77 -20 -68 50 17 -35 -86 41 94 -5 -27 -50 35 -42 -75 14 -60 25 -80 39 68 -6 90 72 -6 -73 18 -99 -45 -77 -76 -58 71 21 49 -76 -16 79 -71 -23 58 93 -13 -47 7 -42 37 80 -18 -57 45 62 -74 46 91
78 -60 -88 28 56 -82 37 -84 -16 -47 -21 -38 -42 35 68 58 -70 13 71 -92 36 1 19 69 -37 26 82 95 83 67 -44 74 27 -66 -8 7 -26 4 55 98 -97 43 -37 2 75 -65 99 -45 92 76 9 36 -86 61 -27 -95 28 -98 -15 -5 69 94 12 4 -60 80 25 -90 47 58 43 78 -5 61 -69 -81 61 -70 -5 -7 17 -36 -1 -17 4 99 84 67 0 12 74 6 13 -60 -74 99 79 0 58 -94 59
28 3 27 94 -38 -28 81 57 -100 9 -44 91 48 72 -21 82 -57 6 -15 37 85 73 -43 -39 92 -64 -44 -57 2 87 18 58 78 -69 32 8 -59 20 -55 1 -79 72 -33 -10 -77 80 -55 61 14 -93 20 51 5 -1 3 78 -56 96 -48 -52 -20 -66 -22 -48 21 -71 -63 -65 -98 61 -19 -82 -52 21 31 90 60 44 -31 15 80 -32 -5 18 -17 -42 -8 51 3 -83 -66 -66 56 98 -100 -77 -47 -43 -81 73 99
95 8 -4 34 -55 19 40 -70 72 97 81 -88 -36 -37 -28 -21 16 64 13 -85 26 -23 53 5 69 -92 -51 -19 58 93 -54 -21 -68 86 0 89 81 -49 20 35 99 95 52 32 -48 -81 -52 -2 76 57 9 -45 -8 -72 51 -70 -31 -49 9 -37 -99 -71 100 -28 5 -9 -28 87 87 -54 -62 -84 -18 23 24 -61 -77 99 72 72 -61 6 -13 -36 -80 -88 -43 -4 12 -74 -51 17 -52 43 42 15 -93 -74 -25 -5 13
79 -32 -53 53 -57 -88 -32 -12 14 28 -11 -80 -11 -33 8 -17 67 -12 42 95 52 -66 -12 41 56 -51 -23 -94 55 13 -10 55 68 93 -22 -39 -29 -90 -84 -95 -51 -86 5 -13 0 -19 64 -45 -4 -10 17 -87 46 91 24 39 -87 4 96 -92 -71 80 -33 -61 -59 -6 48 -16 56 82 -41 32 -48 -47 87 -6 22 84 84 57 -46 72 -72 -57 76 -34 -56 32 -60 94 -80 90 -43 -48 16 100 82 -18 -39 -16 52
82 -94 -16 -37 25 -5 -29 -87 -76 -40 15 -6 -82 -85 -50 -52 -99 83 27 5 95 -69 -75 68 14 52 -46 89 -87 20 -90 15 52 23 -49 -65 88 100 49 13 39 -22 -65 -9 -18 -91 98 81 68 14 56 72 36 49 96 64 -28 -88 91 96 63 31 43 -62 40 -95 76 83 92 4 15 -65 95 -57 86 38 49 -99 -92 -59 6 -74 -97 -20 55 14 -85 59 -30 86 -86 -51 96 -75 98 97 -60 -14 -22 59 -53
27 -41 -14 -56 -1 -16 -31 94 83 83 63 -19 -39 13 1 51 30 67 95 -82 85 64 -62 -36 -35 -87 77 -59 -3 20 78 10 -39 72 95 21 92 68 -71 51 43 -22 -60 -49 29 -91 -100 57 77 -59 29 -28 14 84 -75 8 -57 -21 -28 74 -75 -14 23 -85 -72 96 53 -51 -71 -98 -1 -37 18 19 -39 -33 -25 -73 44 -72 -6 -35 -5 -40 -98 60 65 -23 8 -33 -49 100 23 -6 52 95 -60 94 -13 11 -41
88 -24 -59 -25 53 6 28 42 39 88 19 -45 89 4 -24 -41 12 -36 5 -69 22 8 49 56 -42 92 49 24 12 -89 94 0 38 -94 -8 -45 54 -34 69 32 -7 100 -47 -75 79 -78 -96 14 -33 67 66 24 -38 22 76 81 71 -92 56 59 -57 -4 -59 -76 47 -34 -49 -36 84 91 60 -96 40 25 3 -31 -77 3 7 89 -27 47 84 -90 72 76 61 79 -14 -35 88 25 7 22 71 21 -6 96 -6 49 -71
-16 85 -62 -61 34 89 -22 87 -22 -92 -98 -15 92 62 -56 10 -24 -6 23 -95 63 -43 -32 -45 53 -2 -24 31 72 -37 12 64 70 58 -70 96 -54 43 -12 23 -92 27 -84 -96 52 31 -12 -29 -76 13 -44 -58 24 3 -98 86 10 71 -31 -30 72 58 65 1 79 2 -28 19 99 -53 -53 57 -32 -65 76 -78 -57 -16 34 -66 -76 -90 84 -75 59 90 17 -69 6 21 -7 92 -19 -92 33 31 80 -78 46 79 -85
-2 41 90 50 43 65 41 -66 -79 26 80 -47 98 -43 95 -69 25 58 -71 -90 13 -11 9 64 -90 33 82 -77 50 11 77 -66 8 23 -52 29 -21 54 75 -12 -12 45 -96 18 -72 -48 15 28 -4 -82 -68 -28 40 70 30 54 29 -1 -50 93 -81 22 -53 34 10 100 39 -37 57 -57 36 17 65 89 26 66 59 39 -97 -44 -84 74 20 47 37 -77 -72 -60 -3 -4 72 54 -3 73 72 48 21 -51 -47 4 55
90 96 -3 -43 -22 31 -89 -38 -98 18 0 74 91 -57 -29 74 -68 76 95 42 19 64 13 -81 63 63 -52 94 -33 87 58 30 -20 11 -35 -15 -76 -93 71 54 58 44 -53 -35 -80 40 22 51 43 -1 -68 -96 -32 -81 -31 -91 15 9 32 0 88 5 56 61 83 45 -84 69 -100 89 -50 -92 72 -57 36 14 62 55 56 77 -68 36 -16 -12 34 -28 -72 14 -66 -99 -12 15 -61 66 23 -99 40 6 50 31 -3
7 -98 -37 81 67 -88 26 -72 -46 79 88 89 34 51 -35 3 85 -70 28 -85 69 -98 25 79 44 71 -34 -40 88 -25 60 -100 -6 -72 55 -96 19 -80 57 -64 -67 -74 45 72 -41 -9 -28 42 12 -94 96 82 -57 41 77 81 75 -5 2 3 -2 49 94 -77 -37 42 35 -91 62 -87 95 -41 -84 1 -71 -56 -63 97 -15 97 86 100 -43 -42 51 -28 12 6 -28 9 -14 -74 -43 -7 -88 51 92 -74 58 91 -29
28 77 -83 99 -7 53 -60 -39 -2 13 79 26 -26 -68 4 27 75 17 -57 -83 -33 47 47 -29 63 62 -75 -95 -64 -63 -99 93 -29 -95 -73 -73 26 53 -18 96 -66 95 -4 84 -2 23 -66 98 -88 100 55 10 18 -13 92 -85 -59 50 37 80 32 46 87 -51 96 51 -60 -59 -43 44 34 -38 -9 33 38 -72 31 1 -30 -57 14 -31 44 -51 25 -58 30 77 -73 26 38 85 -25 -66 19 -63 31 20 26 -29 -52
53 -11 70 -80 0 62 -73 79 73 75 12 39 -71 -85 61 41 -85 -7 2 -35 37 -77 53 24 14 68 -25 -73 6 -56 16 -90 32 91 30 19 -88 -4 -7 64 55 74 -84 -78 75 92 -73 39 3 77 90 90 56 -13 17 90 32 79 67 -90 -69 53 99 22 4 -7 8 -68 10 68 -41 -87 -8 -77 31 -24 77 -46 16 -92 10 -9 0 -69 -33 20 -60 96 74 -53 91 -21 69 -63 34 -21 57 -35 -94 72 -83
-99 -63 73 -83 -49 10 78 62 -71 -4 -51 -66 -69 -29 -30 -63 -99 90 -57 12 78 -59 84 4 25 -20 -8 88 -79 46 89 -32 74 97 2 23 0 -30 73 54 -51 46 78 -33 -74 42 -98 -14 11 90 45 -68 12 -31 60 62 -56 -46 12 -26 14 6 -84 45 57 16 84 -48 -56 -67 -91 97 82 -75 100 60 3 -97 -69 78 -91 28 -93 86 82 81 -54 -16 -3 94 80 -32 94 -80 -48 -37 -88 -14 9 82 75
-82 39 -3 69 -21 -55 -21 -7 -82 72 93 -24 -31 -20 87 54 53 -54 -16 16 93 14 -42 -12 26 50 19 14 6 -83 -95 86 -47 -22 -69 14 -98 -80 3 77 -76 41 -77 27 -1 -47 8 -93 88 38 -76 69 -52 -60 -62 39 69 67 -65 -7 -42 -25 -100 -76 43 68 -4 83 1 56 19 68 -27 -39 -45 -100 -73 -32 22 -90 45 26 -83 37 22 86 47 67 -82 39 -83 27 -58 86 -35 8 -82 -4 -30 -65 22
69 47 25 46 10 80 51 -68 -3 -68 -75 42 -38 52 81 -60 -34 68 81 98 -56 -30 68 -93 18 57 6 -33 89 -7 -69 -45 11 44 52 85 -50 -33 -55 24 43 -16 -70 -58 11 -46 -95 10 76 -82 50 -60 88 9 88 -59 32 -22 -15 30 33 38 4 85 -57 -42 -4 -14 -24 96 -94 9 19 -7 -97 -37 51 6 17 36 93 100 84 82 25 24 55 64 10 12 -18 -41 7 -71 -33 -62 -20 6 32 -62 -69
79 -58 57 7 -88 -75 -36 -47 -26 -15 -46 -74 -100 53 -12 -38 0 -40 -79 59 -16 82 -38 50 -70 32 18 -66 45 64 85 -63 62 -6 84 -51 90 80 -27 -10 62 84 -83 -57 93 29 57 -32 -48 -15 48 -75 -4 25 -20 74 27 -96 64 23 60 -75 16 -20 14 70 -80 64 31 -78 -87 14 -67 -2 -2 98 -28 -55 -23 49 20 -90 59 36 -69 17 20 -89 26 58 -29 23 -69 -77 -3 -83 -12 -35 -23 -87 67
-62 -78 5 -86 80 3 15 44 -32 -68 50 88 -29 69 -6 -78 83 -82 -31 89 -97 98 79 99 15 -32 -76 86 -97 -47 -91 17 79 75 62 -82 76 -63 -58 7 -8 95 -81 97 -29 17 48 -74 100 -73 19 -34 64 73 -19 -7 22 -52 -82 100 87 17 82 -77 98 -19 -60 -37 23 33 28 14 58 -76 -38 48 -16 -42 87 64 92 -57 -4 35 25 56 -59 -55 33 -27 5 44 52 -87 85 61 -57 -23 -80 33 3
-33 -78 -13 61 -98 -49 -77 1 -33 69 -73 61 52 -26 -98 -18 88 -70 -76 26 -66 2 12 -89 -35 96 -7 91 -43 90 33 60 -30 -19 -36 -62 -8 14 -88 57 -96 -97 2 99 -58 -40 -1 -14 100 -39 -84 -83 -30 35 56 0 -98 55 -32 94 22 82 -83 -51 -70 18 -42 28 -71 -33 4 -83 -39 -79 -42 32 -71 -76 3 49 27 68 -29 30 -67 64 4 81 -74 -15 -21 -83 -3 95 -83 78 -63 -74 -29 42 16
-80 -93 50 75 100 -10 54 90 -88 -68 5 41 44 -6 80 40 28 74 -49 -12 -35 -86 -81 27 11 -49 -60 94 80 50 -69 29 -32 -8 76 -68 50 80 -98 64 -37 -57 -98 93 64 -50 -49 -55 -67 69 70 -51 12 81 -83 -9 45 -91 17 11 -70 89 -84 67 -50 59 -83 -49 69 78 21 24 -48 -30 -12 -72 86 58 65 58 16 100 -86 -54 34 -20 84 -26 -45 -79 61 -47 50 46 7 -32 27 95 67 -10 17
-21 -99 -97 4 36 55 -43 -21 93 -40 -62 16 -37 79 -66 -36 -86 4 -78 -29 5 25 -20 -28 -12 47 52 -57 -100 94 97 -60 10 -89 20 48 -41 -86 1 -77 -95 84 -43 -32 -57 -92 -73 15 -32 98 -23 -51 62 89 -83 -47 1 -53 44 16 -79 -69 73 29 23 -2 -12 -39 -35 -30 13 -42 -20 41 -75 -75 -66 17 78 -57 -87 15 -55 86 72 35 -18 -34 -86 -12 -30 14 -75 -84 22 24 -77 -25 50 -31 82
8 -39 79 -23 -65 -52 -4 -73 -23 -51 68 34 -7 39 -99 83 -80 -82 -72 -39 19 7 78 -16 -35 57 46 97 -83 -60 44 44 -80 73 56 -25 -64 62 -76 -36 -46 -77 51 28 51 44 -98 29 -46 -56 97 -23 63 53 -87 89 -92 -62 88 67 -91 56 41 29 -8 -73 41 98 -21 80 -26 -85 75 -20 -86 -43 11 -31 -70 44 60 -94 -49 41 19 96 -19 -39 22 -43 83 24 -19 33 -50 -41 98 -80 -81 46 23
-80 -35 32 13 3 -28 90 -41 -19 -87 -12 -39 -47 31 22 36 -27 32 32 54 61 -10 94 65 -40 -84 23 50 -86 -47 47 -62 57 28 15 48 21 34 53 -72 -49 -13 -39 75 25 42 2 35 90 14 9 -87 -41 2 -26 41 -4 -91 -91 35 -91 -29 52 -51 59 -32 -30 -43 -5 -29 27 -74 -19 45 -83 69 53 -51 88 -72 64 29 -90 12 66 66 97 98 8 -38 -58 89 60 49 -9 -10 77 -43 29 46 -36
94 26 84 -36 97 94 -51 -14 -31 -81 21 -99 -39 68 -52 63 67 -38 62 63 75 36 -70 80 64 7 -15 -76 12 34 -17 82 45 100 -70 -41 14 18 80 -62 41 -79 44 93 -37 33 11 68 54 -61 -95 0 49 93 37 -19 60 -5 -94 66 -33 -51 -9 44 19 -19 97 -20 51 -83 -45 53 73 -26 -73 58 -81 89 94 8 0 -9 24 38 86 -83 -94 -68 67 6 74 28 82 -28 -3 9 3 -88 -38 -44 -73
61 97 76 5 99 -36 13 -12 96 -37 -10 73 47 55 52 81 -60 8 14 -83 -34 74 -100 5 28 71 -57 -87 84 53 -23 80 60 -79 -68 -67 99 -26 -39 -46 49 -94 34 -94 -34 92 49 98 48 -38 33 54 80 -82 63 -47 28 2 25 -5 87 64 76 91 10 46 94 -79 42 -69 -38 2 -56 69 -58 -99 -78 65 71 4 62 -72 -40 0 12 -74 53 -83 25 -88 -88 -28 44 -55 -96 65 100 -93 -64 92 -72
