0.235855
-1.870657
1.180170
0.417094
1.185421
0.753042
-1.215477
-0.348179
0.235631
0.305543
-0.131532
1.853240
-0.605459
-0.932026
-0.195894
0.139866
0.281398
1.661532
-1.082093
0.172440
1.629468
0.395388
0.188975
0.124757
-0.025423
-0.850627
-1.702365
-0.472248
-0.598933
-0.669709
-0.097571
1.184674
0.449014
-2.199797
-0.533472
1.085667
-0.681013
-0.838665
0.389701
-1.111288
-1.512551
-0.906823
0.824122
1.449614
-0.545089
-0.529246
0.321056
0.157128
-1.264072
0.372746
-1.065082
-0.774122
1.549514
-0.258612
-0.346249
0.626483
-0.944686
-1.167490
-0.877907
-0.457804
0.859020
0.885745
0.501749
1.800946
-1.416928
-1.127395
0.118485
-0.753673
0.109095
0.666306
-0.249544
1.094719
0.591559
0.716900
-0.146720
-1.190362
1.269342
2.087409
-0.231744
0.302792
1.085717
0.485445
-0.054460
1.225796
1.259583
0.174840
0.936321
-0.693194
-2.118909
1.817094
0.932025
-0.670845
-1.248265
-0.052289
-1.420457
0.214790
0.685535
-0.065120
2.020834
-1.411722
