39 -10 60 -97 64 -73 50 -21 83 58 -80 -93 -65 76 35 -93 24 -69 47 -78 75 39 -71 58 11 -35 -98 32 -58 -20 -12 -22 76 -19 26 37 -11 93 51 53 -31 24 45 -80 -42 3 -16 -68 40 97 79 -1 -51 -52 -11 39 -57 -82 68 73 97 27 -63 -45 73 -41 -96 41 -78 21 58 98 -27 -77 60 89 -64 -1 94 -96 -28 -13 64 42 90 68 76 92 -82 4 -52 -74 -27 -48 -17 -42 -52 -97 58 3 21
11 -53 -12 81 0 -67 -67 -72 -7 -55 23 30 88 -46 -38 16 -39 84 -72 -3 94 -8 -84 -60 10 29 55 14 -59 -7 64 -17 -49 -27 -54 -32 -98 55 -81 26 42 71 -9 98 -79 13 -24 0 -95 -46 87 -93 -20 51 -70 57 -67 -18 -23 50 1 -81 -68 51 46 -7 99 -32 -16 -67 37 60 10 89 42 13 43 -27 10 -68 49 -72 -48 75 36 64 58 97 -30 69 -25 42 43 79 33 24 -27 10 -55 26 -81
-35 58 -1 -14 51 -20 -73 54 69 83 10 99 -13 -90 71 -38 5 -76 -8 -42 -41 6 69 -90 47 14 88 -33 2 -82 52 -57 13 -22 100 94 30 -65 -55 54 -13 -35 87 -60 9 -87 80 94 -72 -100 -75 47 83 -94 -71 -29 -9 3 -38 -43 17 -59 -92 75 13 -86 36 -20 78 -75 91 41 51 -63 -73 80 78 15 -66 41 -80 36 67 -84 -57 86 -56 82 -77 -32 -39 -85 -8 -31 30 41 -74 -44 -3 49 94
-73 8 -89 -39 -87 -33 -68 86 29 -34 -46 -90 74 -59 61 -97 99 37 -55 56 -37 25 95 -79 -72 -11 66 98 -69 61 90 7 -76 -86 75 -47 21 -25 -5 72 -75 30 -1 68 29 -82 -47 -36 30 -19 29 42 84 -35 -38 55 30 -4 32 -41 75 -84 -97 -51 -80 -14 -39 7 54 -41 -75 -41 -77 -92 65 -95 -18 4 -11 -39 -2 81 48 -67 40 -1 78 -51 -51 -97 -5 -43 92 70 73 -52 78 23 -70 -71 -81
-29 26 60 89 -97 15 -83 -1 -13 -38 45 16 90 -78 -17 63 -4 -54 -79 68 -9 -90 -48 -92 -77 -83 60 -26 10 100 74 -65 91 -10 54 -34 -69 -96 -22 -30 71 76 -87 28 25 -1 -87 -71 -81 12 -79 -99 29 69 -59 -24 8 -24 -20 -92 -3 60 75 45 48 26 6 -45 -52 99 -34 42 -12 -16 -81 7 -79 -84 -67 68 84 -4 -84 -7 99 89 53 -20 0 81 6 29 78 87 8 -39 -40 -69 49 -3 69
-42 55 27 -93 -72 0 -26 -82 35 -13 -58 -43 49 -9 74 50 49 94 27 -9 12 27 -58 38 -46 -74 -78 -14 35 88 -54 71 50 -65 7 7 -37 56 99 98 -24 -65 21 -52 12 -5 68 57 -75 -12 96 55 63 53 -89 -50 -9 71 53 -88 -95 -88 -26 -68 -66 82 39 -23 36 -69 -2 -83 20 -33 11 -86 75 -35 -76 -93 -92 -97 10 -65 19 76 29 22 83 7 31 -51 19 87 -24 95 96 37 -1 -68 -31
75 -15 -21 15 47 -18 47 48 80 -7 -78 -72 -63 79 -7 63 -4 21 -24 -68 28 -95 70 -80 34 69 14 84 13 -10 -82 5 3 -60 -16 -62 -84 97 34 -82 98 -89 99 -65 95 30 -43 41 -90 -24 98 81 -92 -77 96 -96 -2 1 13 -62 43 86 -59 -55 -80 -13 -30 -95 60 11 79 -40 67 -89 -13 -89 90 -32 -66 -91 -73 37 -63 7 56 91 27 -1 99 -65 19 46 -46 67 -34 -19 -47 18 -28 -59 -12
-65 -14 73 -58 50 47 59 58 -24 11 -85 44 -81 100 -4 -60 80 92 80 94 29 -60 -31 -50 -43 -41 48 36 49 21 92 -68 -18 3 3 25 -58 -63 63 20 -60 70 -74 -37 97 -97 84 -96 57 -61 44 72 72 -4 92 -6 51 -17 90 -3 -3 67 -34 12 43 -10 40 52 -35 -88 30 -41 -64 -25 -34 -73 42 -66 68 56 -56 59 -8 -18 -20 -23 89 5 62 13 -66 51 -85 -62 56 72 -73 32 -42 -62 96
23 89 -6 -19 50 -15 39 51 -27 57 93 31 -91 96 41 -49 -24 61 0 -84 97 47 33 -16 -76 -36 -63 -84 46 -99 -45 96 39 8 -73 -84 -83 -40 97 75 50 -3 25 36 -4 17 52 18 -52 -70 50 -68 -46 15 52 -27 65 -43 14 -33 -79 11 43 -26 -50 53 70 92 -97 53 50 -95 -27 -57 57 -42 -64 -95 -78 -30 44 -87 -19 -51 -42 -7 -68 12 -23 -1 -54 41 37 47 -90 -85 98 -2 -94 -86 3
52 -26 43 -25 21 -91 -28 19 40 -28 -69 -34 84 21 -57 -38 28 -53 -42 -44 45 29 -96 77 30 -42 58 -86 95 16 92 -3 -73 -20 -22 -28 43 -3 -52 -16 14 -57 32 100 -71 22 64 -4 87 -14 78 -36 68 -6 -74 -57 84 -56 15 -80 -20 41 72 65 -66 99 55 77 80 47 -12 -11 -92 -79 -71 -17 91 41 -44 88 -43 -42 -43 98 40 70 -92 -33 99 -21 52 -100 -76 35 71 -74 -53 64 -7 -85 -97
43 -25 -37 31 12 99 3 20 -69 48 -3 55 63 -53 -19 -14 25 96 -87 2 45 -19 -79 -40 5 -64 -37 10 53 -92 1 -29 77 -65 81 -13 38 -13 60 9 8 -70 18 88 17 -33 -99 52 52 -22 23 -55 -27 25 -80 -6 80 50 53 65 -71 -95 -56 69 65 -53 57 -81 81 -4 -40 81 -29 -94 -22 65 10 -50 -42 -29 83 -26 76 44 -76 18 -99 13 -76 11 66 -87 41 -94 -50 -45 48 49 10 5 -100
-29 -16 58 88 97 37 -64 40 10 -36 -41 5 -37 32 56 -7 -86 -96 -46 -54 85 -10 -78 96 93 -15 -4 -27 -16 -71 -99 -82 -53 5 65 -16 -55 43 8 82 -28 4 -53 -61 -39 -56 -15 -88 -62 7 -13 53 -20 69 -65 -19 -77 -88 80 98 -71 53 30 64 34 33 -96 -26 53 -1 -50 57 -66 75 -39 15 45 -21 11 -51 -89 28 -84 57 -63 55 59 -17 46 -13 50 77 41 57 -93 -53 -25 52 32 -87 56
30 99 26 -82 -79 -64 94 67 -62 -52 99 -29 -92 -20 62 -26 49 16 33 73 -75 98 -39 76 -34 30 -28 -72 -89 90 -69 76 -12 68 11 -35 20 -19 77 68 -14 -30 88 -48 66 13 -92 29 -81 -72 -15 -13 47 -78 50 53 10 73 -57 40 75 -20 -4 62 74 46 88 -80 -84 -23 3 -63 29 61 73 -91 99 13 -83 86 -81 47 55 -72 14 -77 -59 -57 0 -3 -71 97 -96 -27 58 -91 22 -48 -50 -36 21
-33 33 -67 -11 76 -11 -74 -15 50 -32 37 -95 -85 -33 64 11 11 16 50 37 -22 5 17 86 -77 -80 -69 -6 -88 -78 -20 89 -70 -6 -22 -98 77 57 73 -13 -8 -41 -78 45 18 -57 35 69 13 73 29 58 82 -55 23 -40 -37 -46 63 53 -25 -47 75 82 -16 -6 37 92 -44 64 -47 55 10 -42 94 -7 32 25 4 -41 87 83 -67 53 -8 24 65 69 41 51 16 72 86 -91 81 -30 -61 80 57 95 -1
92 18 8 97 57 -37 41 -8 -43 32 87 -88 -51 -54 91 -11 4 98 48 95 -35 -64 -61 -10 -60 -24 -58 -47 -30 -92 63 -16 26 -74 100 55 -38 -46 -59 54 67 40 63 -48 -21 69 -96 3 5 -49 59 91 -42 44 33 30 -84 80 -92 3 -68 82 -73 14 97 -73 -28 -34 72 38 -78 -43 64 -45 -48 -42 -48 -97 37 -85 -60 -30 -63 25 -92 42 81 59 4 56 80 93 -76 -85 -68 34 32 -7 56 73 95
30 -37 -14 3 -56 -92 -39 21 -15 10 25 57 40 9 57 44 -79 31 -55 42 -87 -54 33 -74 92 -75 30 -70 67 42 97 -82 88 -18 21 -70 28 72 54 19 -89 -47 34 -79 -100 -15 28 72 -49 62 -25 91 8 86 42 80 -71 2 46 -94 46 28 27 52 7 53 -56 -9 -80 50 -99 -94 -15 67 -45 -47 -89 80 -30 7 46 -5 61 0 -91 -21 97 -61 70 9 -50 -90 60 -1 -26 -35 4 -61 26 59 35
-91 -77 -8 -65 -60 26 -4 -91 29 -69 -67 69 -57 -76 37 -6 15 -13 76 -98 8 -52 31 8 17 -41 -92 -38 59 -81 97 96 22 -44 -47 68 -2 33 -80 -1 14 94 -93 81 -9 96 6 69 45 44 70 -29 43 -73 88 82 3 -52 -76 5 -43 18 -57 -10 30 64 -72 29 -90 -7 0 88 -58 -77 0 70 65 40 56 -49 93 -22 9 84 -8 -47 74 -84 -42 87 -16 -91 31 1 55 -66 83 1 -31 52 87
95 -84 -79 -63 -9 40 -71 21 43 -69 -51 -81 56 -15 13 6 -11 -83 -61 -82 0 -56 4 -8 53 -86 -94 75 62 46 77 48 -17 -94 94 -80 28 -49 -38 -44 20 81 -9 -86 -7 77 -62 -8 17 4 37 31 19 29 -42 -19 73 12 -11 -68 67 33 -33 94 -45 26 -53 -75 -94 -61 72 -64 -16 -17 -42 76 -12 80 25 21 -71 33 -83 50 46 85 82 -39 -78 -1 -35 20 17 -66 25 -53 41 -100 -52 54 71
-27 57 -20 -61 -19 -95 -35 29 32 -11 14 -65 31 -46 -46 -50 58 44 -75 11 -94 85 -28 -3 46 -49 -42 75 -70 -7 -86 -35 26 30 -84 -59 21 -61 -94 82 11 -39 6 94 -13 24 -19 -66 11 -97 30 30 -88 12 93 -62 -2 67 27 29 -51 -31 -65 69 46 48 -29 13 -61 -41 -27 85 49 -2 -92 -82 58 29 -75 -30 -66 74 72 89 -13 53 7 5 -8 -43 9 95 62 -29 -53 20 48 74 -48 -75 98
-86 -26 99 81 88 -5 42 29 -23 -17 -24 86 0 -30 52 -33 25 9 -61 -61 44 77 42 -69 81 -4 96 -4 -94 -54 -89 71 -41 -77 89 -19 -5 64 -32 -67 95 32 52 9 -16 -47 -62 -3 11 -99 84 16 -4 -17 28 -28 100 38 71 19 73 -8 -50 18 50 -12 83 71 8 -98 58 -60 -45 -49 65 51 27 79 37 -94 6 19 37 -14 -97 52 2 -27 90 -39 13 47 80 -68 -41 36 -22 -90 -46 -95 85
31 62 77 52 54 -45 48 95 -88 -4 -65 -97 33 62 -68 -25 -36 -36 86 45 0 -8 -11 -79 -69 34 20 -58 11 -6 -79 -83 -28 -16 -66 -13 -100 32 -25 79 -85 85 -88 -64 56 30 75 53 -77 22 87 6 76 32 45 3 6 15 -86 -74 91 12 -94 -6 -90 16 -74 -63 3 49 -35 -17 -4 45 -51 -63 -59 -80 -89 82 84 -78 -76 64 9 66 -75 63 31 -51 99 -99 29 71 -82 72 88 91 -67 -44 93
-50 -33 32 21 27 22 -8 91 -90 -57 42 -28 31 -70 87 -51 61 -73 65 51 43 47 -46 -72 -94 36 -51 -25 98 14 -47 93 92 81 41 -70 73 99 87 -36 -42 -98 62 14 17 74 -99 21 -58 -78 -50 40 75 8 48 -58 97 -37 74 10 -4 87 71 71 -89 46 -71 -48 -89 73 24 -49 -40 74 75 22 -84 -90 -92 71 -17 74 45 16 -38 74 86 16 81 -25 -37 2 19 51 -49 81 75 21 46 12 70
-1 70 8 -28 -16 43 83 51 46 22 -29 -81 -48 -28 -61 -16 18 42 -23 66 -71 68 -5 25 55 31 -56 66 -75 45 53 62 71 -68 -79 -62 59 -51 60 -89 -45 -48 -66 41 60 36 22 39 -100 100 42 96 -26 -73 10 86 66 82 -63 -65 50 -42 49 94 18 -53 100 -96 9 2 34 -68 67 -35 -46 -19 -55 -47 88 66 84 27 18 -82 -81 -96 59 18 3 -100 38 98 -9 53 -78 58 -9 -44 38 -83 -14
37 -19 -12 70 28 -22 -74 -86 48 -20 -86 -82 35 -58 47 73 -84 -59 38 -67 -26 -13 38 71 -16 -3 62 69 -22 58 -71 25 -40 12 65 85 -95 0 73 -91 -11 -54 -75 -26 -88 92 59 -31 75 -87 -34 -6 81 -96 7 -18 82 -85 55 -3 22 -66 -95 -88 91 10 5 -13 -51 -100 69 -25 -61 85 -69 -26 32 42 99 -42 5 14 -67 -77 36 59 30 -7 100 33 -44 -55 75 -67 -68 -85 -67 -89 36 93 86
-32 -68 42 -7 -80 -18 61 -30 -19 37 -94 8 70 66 -2 -43 1 -76 -28 -56 -95 -27 52 36 92 11 57 61 96 51 35 -42 86 -25 -58 100 -81 89 44 27 67 -86 -85 67 93 94 72 63 -61 -32 -1 -30 -70 55 -66 -87 -25 77 83 78 -6 -44 39 73 20 -14 59 40 74 -64 -75 60 31 -88 -83 56 23 33 -7 28 -86 -75 8 45 -82 13 99 -29 59 -63 63 9 45 11 -51 6 -33 99 54 14 1
-76 30 48 -48 -71 -18 99 71 19 -71 -38 -8 -25 13 -45 86 -70 28 73 73 54 31 64 73 -31 -27 -76 -99 29 -1 98 -37 90 76 93 35 33 73 -56 -78 -23 50 -13 -2 2 -41 -17 1 96 -90 99 -65 -54 -43 28 -21 27 32 -17 98 -71 34 -66 21 64 -56 -68 -85 82 9 -67 7 96 -21 -42 -16 22 42 -68 -6 46 96 5 13 76 3 -78 -93 -45 -37 -97 31 33 19 -18 41 -28 -29 97 43 29
-6 87 -83 40 5 -75 62 -53 -78 84 -75 22 -100 10 -13 16 -84 -22 6 -87 -32 -35 93 -70 49 -65 -66 94 -8 49 -60 -92 5 -40 20 -87 -89 18 -6 66 62 -83 -91 -66 -30 24 55 94 94 69 74 20 -97 -78 -22 50 -14 -21 72 -35 78 -84 69 40 36 97 -22 -57 43 49 -84 85 49 -59 39 -57 37 80 3 41 -8 -43 -74 99 88 59 63 -93 84 -52 -53 68 100 98 43 90 -28 88 -19 -82 18
-52 -100 67 93 33 -79 -42 84 71 64 31 -35 -99 25 -80 51 -20 42 -15 -98 56 0 -77 10 51 -41 77 -82 16 27 -78 -47 21 -63 -1 -24 53 -38 -25 52 47 84 44 -8 -15 -18 -98 78 86 69 18 6 -65 23 31 47 36 -7 47 94 -71 68 -46 -96 47 29 -42 -26 -82 89 -50 -45 -13 12 -73 -68 -76 -62 -39 60 -5 8 27 -11 60 85 54 75 -13 36 16 4 7 48 -43 -1 82 96 74 -75 -9
12 -80 33 -38 -29 -39 48 -8 76 -51 83 -61 -5 81 92 -70 8 -66 78 66 48 21 81 -12 -100 86 94 16 2 89 36 -17 81 -39 -90 -21 -59 -85 -86 58 93 -70 23 14 77 -93 20 -27 -67 -75 -55 77 -39 -31 51 -46 90 -96 5 95 -65 -74 -95 -91 31 49 -40 7 -4 76 -92 -36 89 47 37 -21 -68 72 -6 -37 58 -36 -64 -21 10 -26 -96 -14 -71 -86 49 97 83 72 31 -42 46 31 72 -99 -95
90 69 78 -100 -77 -76 -24 -89 -49 -53 63 -90 10 -73 47 -21 63 -31 83 23 1 -43 47 62 -75 42 47 -31 -84 -77 1 -74 2 -83 71 89 -27 -50 76 -48 86 -40 100 36 86 44 -30 -3 -1 67 -91 6 9 5 6 36 6 54 -90 32 16 -68 57 68 -70 67 -44 19 6 19 -46 -2 -24 38 42 51 57 1 -94 -10 -9 0 -71 -12 32 51 51 -92 0 -16 -11 84 66 -93 57 70 -30 -54 27 -41 76
-45 91 73 -51 82 70 72 76 92 26 -30 -65 17 -79 70 40 -35 -89 -37 63 4 -81 37 36 -33 60 -19 -81 -57 -51 59 85 -27 -15 27 -7 2 33 90 63 -39 43 23 81 16 45 61 27 -43 77 -71 -65 82 -74 -11 -43 -95 66 87 -67 -3 73 -45 -70 -38 -19 99 19 47 11 -76 70 0 -92 8 46 -36 73 70 -38 97 43 -10 -10 12 8 -1 24 -90 20 85 27 -68 -79 21 -55 1 41 71 31 82
-39 52 91 84 24 37 -11 1 91 79 22 73 -23 64 -42 98 -22 -76 -4 19 -57 91 41 -74 -33 81 -33 -31 -63 21 -67 -16 98 53 34 100 4 -93 -86 56 -5 87 -3 75 87 -46 54 -43 -53 -38 75 57 -63 23 61 -40 69 12 -14 7 -48 76 -54 79 18 -88 41 -72 -40 -58 58 64 -97 68 100 -43 -27 -37 -40 -78 15 68 -28 -87 56 -44 -61 -26 -5 11 -68 -85 37 -25 63 -88 -51 69 97 -37 64
-40 -7 100 -64 -39 89 18 -92 49 -30 86 71 14 63 100 -74 57 -65 48 95 38 14 0 86 -80 40 69 -64 75 30 62 -46 69 -8 -41 -20 29 -80 8 44 -31 53 71 -72 8 -23 -34 -6 77 -5 -54 49 93 -2 -24 27 72 33 20 -91 32 52 8 70 72 5 94 18 -41 -70 -23 -54 52 3 -17 13 83 -91 29 -20 -93 -91 60 -33 -94 16 44 58 -27 -63 -82 88 70 -54 98 -74 -70 -76 9 89 10
7 -49 -50 0 -35 -26 -72 -8 -18 -37 8 -2 11 -51 -23 91 -57 -54 -22 46 -6 -66 78 -31 82 -1 79 24 -80 -65 -93 38 86 59 -91 32 -37 -30 25 72 -54 69 35 -75 47 94 -4 38 -43 -40 -64 -11 19 -92 5 1 21 -24 64 -66 -5 -62 63 -10 -91 -16 49 -22 1 -22 -90 -8 -42 -96 99 91 -64 -6 48 62 -31 -69 1 88 46 -69 64 -14 48 -51 -29 -64 80 -22 92 -86 -33 -38 8 -92 -11
-78 -16 40 -73 -26 96 7 24 -22 45 64 42 -62 -74 36 18 41 -88 61 -84 83 17 6 79 3 7 53 -46 67 -70 -92 -39 -64 56 38 -32 31 9 -69 64 -30 39 -67 14 -67 0 -11 -68 90 -29 -25 -73 -58 -51 -87 82 -93 -48 29 -15 -67 -63 -31 5 -13 -72 34 -80 -59 74 -4 89 -3 -59 9 -36 41 6 -88 63 -72 83 66 52 -75 -7 94 66 -13 95 5 -17 -54 40 -92 64 -73 35 -4 -94 -21
-91 -71 46 -82 -58 -3 9 -63 62 -71 86 84 63 57 -31 92 -85 14 37 -71 44 -87 18 47 92 -64 -96 44 53 28 -37 69 -7 -22 55 6 76 34 16 7 -43 57 65 -81 13 52 55 -15 49 2 -35 -87 82 2 24 94 64 -12 30 64 -95 -61 29 56 81 85 73 -17 83 13 96 10 -26 -2 -88 -32 40 87 90 -64 69 -70 -16 51 -68 -99 -25 66 -56 32 -32 -91 92 23 60 -51 -50 -32 28 -45 -71
5 46 -21 -77 99 -63 82 -29 -4 78 -96 32 -77 34 -4 -18 -58 -48 -95 -75 35 86 38 96 -59 -19 78 -24 -42 -74 -86 95 -18 -43 21 49 -93 55 -91 36 -28 3 96 -21 83 -9 59 66 -29 -69 -85 -83 -69 56 -70 81 99 84 31 -86 -34 -44 -77 -72 -11 -7 6 3 -54 72 -73 -44 -52 -71 -91 -8 61 82 26 77 17 22 16 -63 63 87 -46 53 30 10 61 -64 23 98 69 7 -73 36 -36 96 -1
57 -15 90 56 22 -69 -26 -51 59 0 21 -15 96 22 -73 -86 12 -51 1 31 -88 -93 -82 87 65 -97 77 -10 -71 73 -84 -28 36 87 36 -19 -95 -42 -52 -9 -85 18 -33 6 -40 27 -56 58 78 22 37 -2 -39 -21 -11 98 9 -91 -29 -42 -57 -93 4 -71 -50 54 43 43 65 98 -23 -32 -18 51 3 -78 -51 47 -82 -69 -98 27 -55 67 72 4 2 -26 -31 -79 -93 49 -37 -39 98 97 97 91 -69 -13 10
-20 80 -82 65 -14 88 -61 70 -34 -63 87 3 47 -29 -49 83 80 79 -88 -27 -86 80 76 24 -18 -40 -35 93 -26 15 39 16 -95 -78 2 -3 -41 -74 99 -61 50 -49 69 -63 40 61 -55 -73 -22 -22 89 63 4 -99 63 82 -58 -16 4 66 45 -41 -26 -29 -9 -66 -87 61 -18 -66 -18 84 -96 55 79 -77 47 95 -9 37 -25 5 70 58 43 -34 -49 -21 -76 -12 86 28 -84 62 45 58 -39 -74 13 9 -84
-27 89 16 40 -56 78 30 96 54 42 -60 -59 47 -47 -27 -5 94 30 -16 20 85 14 66 7 -79 -43 -32 -26 59 -17 -32 67 96 -82 93 40 53 -42 -47 -44 -51 -98 83 66 -31 -4 44 96 -98 37 1 -72 -9 -37 47 1 -64 76 -96 -35 -83 1 31 10 9 62 -9 69 -38 -29 -76 -79 -91 74 89 -8 -57 4 45 -10 43 72 -46 43 -83 66 -18 46 27 13 -13 -33 28 -85 75 7 -68 64 -85 -5 58
-3 -35 90 -55 0 56 -47 40 76 -77 -98 -24 -46 41 -58 71 99 80 91 37 -19 5 30 75 63 -42 4 -46 19 -43 -12 65 55 -98 70 0 -56 51 -7 -99 22 16 33 -54 57 21 -63 -34 -23 -56 86 -34 -68 65 -98 4 -97 1 69 -15 37 -39 16 96 36 82 21 52 -64 -31 -54 -15 -93 -43 10 19 -14 94 -95 68 -65 83 34 -66 -99 -26 7 -51 29 98 -88 42 96 -55 -17 71 -36 -31 11 4 5
25 49 -89 -15 55 -55 53 -14 45 95 1 91 76 41 -63 -35 2 -32 -75 -46 18 15 -78 99 -30 55 95 68 60 -29 -12 64 -78 95 -31 -24 6 60 11 71 -36 -100 54 -67 -87 -12 -95 82 71 44 94 77 39 97 0 -24 -49 -25 -93 -96 -49 84 85 53 46 66 -97 -9 48 -5 91 92 38 -41 47 70 -46 -43 13 -35 -25 39 28 -27 96 73 -15 -66 -75 -20 -34 71 2 48 86 74 69 -70 -89 -49 -9
-29 -82 72 24 57 66 -51 -47 92 -98 -74 -34 82 7 -94 -7 89 -30 24 -53 -97 71 -41 -38 86 3 18 -22 -69 -28 22 100 86 -63 16 -28 52 -82 60 23 28 -99 -64 -91 80 32 -6 44 -88 -63 15 52 69 -26 -67 -49 60 3 -91 75 70 96 22 -16 -41 62 -20 -52 93 13 93 -52 -1 -52 -68 70 -81 46 57 -25 92 25 85 -62 32 37 -80 49 -100 -45 -51 -65 -5 69 -99 -76 -12 -34 -4 -4 -53
59 -39 -49 -80 93 -21 -27 -39 73 -37 -62 92 -55 53 -47 -4 -91 -2 61 -88 -37 99 -42 10 57 16 -12 57 40 47 -51 100 46 61 14 24 38 -50 -7 5 33 -100 40 66 -31 -81 77 77 67 -69 -55 9 58 -89 52 -99 92 -16 40 1 -39 -15 48 26 20 81 66 95 97 -13 74 -10 52 97 -97 -65 81 19 -69 76 -88 -13 100 57 -4 -89 7 79 -56 -61 39 73 -21 27 28 -85 25 40 90 -53 -76
-49 21 -52 10 -11 -40 69 -26 30 -3 95 -54 -23 46 -96 -81 -99 -66 5 -85 -39 29 66 21 -63 -92 -99 74 31 -15 7 -77 10 19 93 96 72 -89 -3 76 -65 -19 -33 -48 -9 -52 -30 75 -69 42 -30 8 70 66 64 -50 -13 35 -47 85 88 -30 -85 -36 75 23 16 -77 33 5 -74 39 93 -97 2 72 -12 -39 -31 -8 28 -50 -94 74 -64 28 -52 -92 -96 -4 0 79 -51 -2 87 -37 -15 53 -71 -29 -94
-34 -92 95 39 -36 30 41 10 -48 -18 48 -94 -76 -69 73 -8 40 26 24 46 -91 -19 -60 -65 -54 -15 91 19 -64 6 12 -15 85 -23 8 -2 28 -29 7 -81 49 47 35 -71 -64 -90 90 -34 18 34 -33 -26 65 -17 24 -84 45 1 75 -68 22 -68 31 -59 -45 51 -70 -68 -28 -67 -91 31 -27 -32 58 64 13 -12 -44 -18 27 26 -77 -67 98 -30 -93 77 60 59 -83 78 -29 -72 -27 -25 -18 -51 55 93 -52
77 -5 -15 59 88 -94 13 26 -38 -79 -51 -14 79 14 49 28 -87 81 -28 -21 -40 75 -41 -80 -46 14 4 -71 47 17 -72 9 -72 -4 55 8 26 3 42 -55 -9 95 -33 96 -54 8 -14 39 81 -65 -50 -25 14 14 80 9 -19 96 57 -33 37 -46 77 63 25 85 -84 18 90 87 -27 31 74 5 56 -51 -4 -33 99 0 57 -100 -21 22 -10 3 29 89 57 30 -73 81 -59 59 -16 -90 27 12 -37 51 -32
-84 29 -18 63 -13 -9 37 8 98 92 -9 -7 -99 -54 -16 -23 15 -5 8 -59 26 -33 -41 44 -6 1 6 5 -66 -58 -16 -1 36 -48 66 -9 95 73 32 63 90 21 -4 -16 -59 -30 44 -95 -80 70 -41 -48 -48 43 -73 -14 2 -99 65 -96 62 54 -16 78 78 -82 -28 -40 14 29 40 -80 -25 -77 -82 -59 58 -97 -38 38 -4 7 -81 4 6 41 -20 -83 -79 25 -21 46 88 -31 28 94 -50 -41 19 70 -33
-84 45 -87 -74 30 9 63 41 -22 84 96 -43 -44 -82 -65 -17 52 61 70 -52 -82 -48 50 30 -92 70 -86 38 26 -54 38 -29 17 -87 -90 96 -20 83 -78 48 -22 35 -80 -16 59 -84 55 -34 -71 45 -2 55 39 95 65 99 -3 -95 32 -63 3 -17 -73 6 35 81 -30 63 -50 -5 -14 79 97 14 89 0 86 -33 13 -68 -31 90 41 -24 -34 -60 16 -86 -3 32 18 1 71 -81 -75 82 13 -96 87 92 -79
-35 57 100 55 64 77 -35 -17 72 57 -14 -9 -72 -5 -50 -7 -26 21 -36 88 72 11 5 35 36 -35 57 15 -87 53 -33 53 55 -23 30 -83 79 -66 10 68 0 91 71 -27 66 -71 54 36 -31 -5 30 1 64 -11 -70 -55 -55 -61 27 87 -96 38 -21 -45 23 -88 -8 -65 30 45 22 32 -39 56 38 -33 -96 75 -84 34 58 96 88 -99 -7 -11 -72 87 -70 -48 -81 80 -41 20 61 7 30 72 32 95 61
66 -2 93 -31 48 51 -47 10 77 -64 89 36 -66 -43 -30 -85 -82 25 -82 -35 -26 -15 45 84 -80 66 -68 -74 10 -34 -72 -92 77 53 11 87 87 38 11 -9 9 88 -60 32 42 -22 77 -55 97 -89 -17 -38 80 46 70 -73 8 78 -67 87 57 65 67 14 -97 13 89 -47 -30 13 -16 95 -6 15 52 -15 -42 53 -58 19 36 -58 -3 -79 75 0 77 45 -69 -41 93 -18 79 40 -14 -54 -35 -22 -35 -43 26
17 53 -27 -52 -25 -36 -15 -58 -44 -61 -8 -24 70 62 82 -3 89 40 -35 10 -2 -44 -78 -73 42 99 -62 -31 70 33 2 64 35 -93 57 72 67 -45 -62 11 100 -47 31 -84 -25 55 -80 18 66 75 -17 -82 -79 -30 50 71 76 -21 91 -44 96 -14 -59 8 73 63 88 -1 15 -92 -54 -64 -80 100 7 2 -32 17 -69 72 38 17 -92 -53 13 98 -69 78 -66 -89 29 65 -3 -36 60 49 -40 78 35 24 -3
95 -65 -78 18 -7 73 53 100 13 -19 -97 38 -88 -19 89 -60 -49 30 -57 14 -59 -29 10 -7 89 -60 -27 28 8 -87 -98 -39 -68 87 -93 78 4 -34 -64 -45 96 1 64 2 -3 33 99 -80 -32 -72 52 -46 95 42 24 -29 94 65 -80 -81 74 -6 59 -68 61 -10 53 -45 -91 51 -96 43 34 -73 52 -84 56 27 -86 59 83 38 83 -54 -24 -75 52 75 -20 30 93 27 -78 53 -26 9 35 83 -60 96 56
-25 -30 58 78 -2 -100 -91 68 -43 -56 41 23 -94 -45 -47 66 48 51 61 87 63 -23 -85 50 41 -47 -10 -31 -6 5 -75 57 -46 -94 -77 3 -49 26 42 -74 44 -61 7 -6 88 -65 -2 -77 10 -33 23 -68 -18 97 -56 -28 -75 -65 -98 13 -21 45 14 66 -21 37 -80 -10 99 54 38 -18 73 66 95 -18 25 32 -59 59 -30 49 -5 -40 -89 -11 -87 -25 37 69 -100 -39 -57 19 29 11 -21 47 -38 62 43
-44 -26 51 26 18 43 75 41 85 35 34 95 -79 -79 46 27 -92 -9 -46 -17 76 -82 -23 75 81 14 -58 38 15 36 -69 -2 -35 -8 -32 -62 8 19 72 -32 -40 0 30 -10 -27 -41 -61 -51 -94 -24 28 14 50 54 -4 -45 -34 -24 -49 12 87 -80 53 58 98 -84 -19 25 90 -32 -98 -72 -42 -70 66 -13 -39 -73 -66 -43 15 48 77 74 52 62 61 55 -60 -89 -84 -41 -30 -42 41 55 39 20 71 34 61
57 76 96 34 -37 -27 21 -45 -56 -34 -16 -75 40 60 -44 34 29 -56 -95 -29 72 60 94 37 -37 90 -22 -13 68 87 10 -45 -84 -21 -98 -17 93 -25 -43 2 -82 -14 61 -86 19 100 -77 28 50 18 -13 57 -73 19 54 -90 -41 69 -58 79 -52 31 38 24 -15 19 6 17 43 -62 -9 90 -42 38 10 -88 54 96 6 7 -79 3 98 -65 100 60 10 38 -83 -37 -81 -4 -51 -43 76 92 97 -39 -79 -13 25
80 -86 80 79 -1 -16 -52 -48 -38 -81 11 -41 100 -88 -4 31 64 22 82 75 -78 51 -63 67 -84 -2 69 5 0 -63 -1 94 51 65 -29 80 -43 -20 69 -96 90 -23 7 -11 -17 -84 77 -2 -6 -64 -27 33 -26 -9 -29 59 54 -81 -100 -26 79 -8 80 -6 -100 -49 79 -48 -44 -88 50 -59 95 -53 -36 95 6 58 22 66 22 40 15 -34 -80 -54 -21 -55 -26 -55 -92 83 65 -21 -87 21 24 -46 -57 -78 -86
-10 26 -9 34 -60 -14 52 42 36 -8 80 -30 -97 74 -57 78 -96 80 -30 11 -18 -88 -30 89 -79 -7 -75 46 49 51 -42 13 2 64 38 -98 -8 10 80 39 43 41 86 -29 -66 61 -76 -97 85 -80 20 11 -40 18 -62 -57 10 36 44 -10 -49 -61 90 -66 -40 23 -42 -81 -41 45 20 37 -62 -9 -62 -14 -86 94 26 -43 17 68 81 -40 39 66 -76 -91 16 48 93 88 -58 -4 3 -50 74 96 -9 69 -26
-7 -16 50 28 62 -75 -91 -41 85 -98 98 94 95 4 35 86 -90 98 -69 75 18 -11 54 1 25 55 -26 87 -17 -91 -92 -35 3 -88 81 99 58 31 -9 75 25 -80 44 45 21 -64 -88 -72 76 -94 32 82 93 -15 -93 -36 -66 -69 -43 53 71 -83 15 38 -95 -19 31 46 -94 -16 -62 -44 11 -6 -78 82 -21 75 87 14 3 -11 33 -15 -65 -73 89 -56 -87 -10 -73 82 35 89 -38 92 69 -63 31 -60 68
-66 26 -9 -23 80 -24 -61 38 -17 90 -32 -36 63 -95 44 0 -4 -34 1 31 -82 -58 -48 -89 -30 -33 40 -21 -54 -19 -87 -81 -50 9 -38 -80 95 62 69 -99 14 -3 -34 1 53 -25 80 41 -60 -57 89 67 60 84 -35 -92 2 4 94 25 93 -39 56 -4 -100 6 -79 -17 -42 -64 -7 19 -21 -47 -6 -21 -71 -100 59 66 37 -93 92 85 0 41 83 -8 -16 62 -33 36 61 -37 14 8 -65 -22 -63 -80 -11
-34 3 -63 46 72 -29 -76 86 70 71 -87 95 45 89 -50 -57 -52 -17 81 56 -83 -90 30 -9 -15 7 -38 -67 -95 48 -48 -59 32 -11 -1 54 11 95 -49 -68 -45 8 86 55 -93 96 -18 -6 -32 72 95 96 20 -77 -99 -6 90 42 28 18 -100 -16 -5 37 -18 -40 -15 -27 54 93 22 94 -11 16 2 -69 -47 -2 -56 82 -91 -95 -4 25 18 71 -18 66 -44 -8 25 91 20 14 30 -10 -31 -64 47 -22 -66
75 -45 82 18 80 68 -77 83 22 -25 -85 -3 -40 17 -85 -65 49 -20 -48 1 16 2 -3 72 61 37 40 -57 -60 78 -81 -33 -84 96 69 -90 10 41 67 -70 16 23 -52 21 8 -99 62 23 -4 2 7 -33 8 57 -81 84 -37 38 75 -67 87 -2 -6 -95 74 -43 -15 56 -69 -65 75 61 65 86 -15 -24 99 68 -100 72 -17 -40 -3 -32 -90 -96 52 95 6 17 36 -60 83 -14 83 -40 23 -89 94 -90 -45
82 -91 28 -40 -26 -3 42 -7 -12 74 86 51 97 57 -19 17 -71 -44 -100 70 1 -53 -54 17 -78 3 53 70 -41 51 -71 -7 -29 86 -24 -75 -95 -6 81 -45 -77 -72 -81 -32 96 -82 84 17 -70 31 83 6 -71 -38 12 -89 100 37 -41 -91 5 -22 96 -43 -41 -65 0 -71 93 76 38 74 -52 -44 -46 -31 -83 -71 96 -31 68 -67 -47 72 -26 5 97 44 -33 3 -16 -13 89 14 51 -99 -58 49 -5 27 86
72 -26 32 70 43 62 -83 34 31 48 20 32 67 37 -44 6 -39 33 -46 96 -91 -24 -41 0 80 37 -10 39 73 71 -50 -11 16 -43 -8 -24 -83 -89 94 -39 82 -65 99 91 -3 75 68 94 58 -60 -30 29 78 -67 46 68 -17 -52 87 34 -98 -88 1 -68 -60 50 -59 -2 58 8 13 32 28 -4 -26 7 87 -40 -43 68 -2 -86 -37 48 71 -90 -49 99 -9 -56 0 -62 -61 -37 -31 84 87 98 24 -84 -52
84 5 46 -59 -76 -68 56 19 -66 -29 -65 8 50 -10 -90 40 -42 -36 85 -93 -40 97 75 85 -31 11 -59 -28 56 42 -27 23 -13 100 100 -67 -42 78 -40 -92 -82 89 31 -85 -34 -8 77 84 30 -64 34 -81 -80 -71 -64 55 33 -18 -14 -61 60 5 74 74 -1 2 36 -41 -3 -78 81 -18 -34 -1 16 29 60 99 35 -66 -29 86 -54 29 -68 -76 2 -89 -95 36 -46 -49 -25 9 71 95 90 26 89 -54 -24
-23 74 -2 54 17 -90 -94 29 -68 70 -67 81 35 -92 -74 96 -6 -45 -80 -61 -7 89 -45 22 35 -81 100 80 69 25 32 -50 -73 -58 -31 -65 66 55 33 99 70 4 80 81 -23 23 67 9 -7 18 -9 36 55 -42 -23 -34 36 29 -91 48 92 -11 -73 -100 94 76 -31 99 27 -82 -34 -3 80 -71 -25 -38 91 30 76 63 -96 84 -94 36 65 31 43 59 -36 38 3 46 -77 -69 11 -39 -57 -32 -53 85 74
-42 65 -69 -49 -75 83 -86 -5 -1 -16 52 -53 -83 83 6 -60 -46 4 -64 95 12 53 62 -68 92 50 29 -39 -70 -20 -21 -98 -56 41 15 -3 28 33 -23 20 57 -62 88 -2 -82 -89 41 -34 100 50 -12 -78 45 -85 -12 -73 -71 76 -30 -90 24 -54 -64 -75 99 -79 -15 72 -9 -84 24 -21 49 -27 -89 35 -78 -37 90 87 28 80 -32 2 -86 31 24 -14 -35 41 29 32 44 -38 3 72 -95 82 -91 -21 21
-76 -24 89 63 -80 -51 25 32 18 -3 78 25 -14 -44 -100 -71 17 79 -100 -88 79 -55 77 56 -68 -81 92 95 18 27 -78 -90 -33 64 -36 -99 -51 -98 -60 80 97 -97 80 38 -89 25 61 -15 100 33 -76 5 -85 88 -19 -71 13 -70 50 -48 -59 -77 -14 -58 75 -75 -93 12 24 -99 -86 -62 78 72 30 -91 14 79 -93 61 96 6 72 83 -74 -93 -33 6 -29 27 -14 -60 -2 -55 44 -88 -73 -100 -47 55 97
-15 60 20 47 79 -80 56 -83 44 93 10 96 -47 -85 95 -57 37 40 -53 17 42 32 -17 -76 74 18 16 96 50 -15 67 -51 100 35 1 62 -29 -26 85 3 66 -34 -56 59 62 95 98 -75 -62 -73 62 -1 -28 41 59 -31 3 -94 -9 -82 67 -48 0 -32 68 -34 41 35 -16 28 -62 -65 -72 -97 -11 -20 80 30 -51 -94 11 89 90 -74 76 -80 -34 35 91 47 -52 -62 40 -31 -37 96 95 -22 -92 -94 -37
-51 13 3 -74 -80 17 15 -40 -27 32 5 20 -62 -63 99 -73 -48 94 -14 79 73 -56 54 62 60 91 -12 6 -39 25 98 71 19 26 -35 7 -72 -45 27 20 -96 39 -64 -34 -85 15 -79 -3 59 56 -52 -28 52 20 -39 -83 -17 11 76 -93 19 -72 -37 -46 -92 -1 -82 99 52 67 -55 41 -39 -39 76 -74 93 -25 36 16 25 -78 -35 60 64 50 -81 33 44 -100 81 -14 -44 -21 80 -99 -99 56 82 88 -88
9 20 -90 -55 -33 14 -40 -4 -31 -12 49 -9 18 66 -91 78 74 78 -45 94 -67 47 -18 77 -4 98 66 -54 -13 -72 44 11 -19 78 -10 -2 -65 95 -11 -31 14 -24 85 74 -50 89 72 -41 -27 -6 -97 -11 40 14 -30 19 -67 -89 36 -9 63 68 -51 22 58 4 -73 15 -13 91 -51 -3 29 92 -1 -50 -58 -20 -91 46 76 0 48 -99 19 22 61 85 97 51 -66 -40 36 93 80 -25 98 20 31 -35 -56
80 31 31 -80 -94 -1 -24 -32 -52 18 -62 12 56 -68 -94 -4 80 10 23 -53 -49 6 -9 15 10 68 19 -82 -83 76 97 53 -47 -48 80 31 -2 -8 -30 65 75 82 -59 -1 1 17 46 -32 73 -6 44 -74 -8 53 -24 -62 -83 25 -43 -77 95 61 -7 -46 -18 41 -56 94 16 -22 45 -51 -61 -23 -34 42 16 -93 96 100 -49 -13 -9 40 17 51 31 9 74 -76 87 34 87 -66 13 53 -68 47 -91 66 54
-46 14 -55 87 -2 41 -85 -45 -29 -8 8 -72 -29 -88 77 12 25 -36 -44 6 90 -58 -34 -26 98 -8 79 -13 73 -6 -71 43 73 59 -79 36 -83 21 -61 65 -91 15 -87 -25 8 37 58 10 64 22 5 47 62 94 -74 38 6 -32 69 -29 -11 -5 55 73 8 16 20 -13 -50 78 -87 -74 -99 -71 -54 74 -68 -67 -25 -52 -20 -87 89 23 -89 12 41 -28 49 -55 -76 53 -83 -54 0 -21 -81 10 -50 -34 72
89 -90 18 -58 25 -5 22 100 -98 8 -6 40 -3 81 37 93 6 14 69 91 97 -57 82 -33 68 63 -63 -46 90 91 -70 24 -11 14 -72 33 -4 92 54 98 71 67 -73 -8 76 43 5 38 -78 -44 -92 -46 35 -3 -16 -35 76 -58 -33 3 -73 16 43 -60 -54 37 88 -85 10 87 1 93 -6 -66 -11 49 -79 -34 -25 -26 0 -15 12 22 57 -99 -80 69 42 -78 -28 43 -73 -73 89 44 53 61 -87 -70 -18
42 23 -37 73 59 -5 30 27 37 12 36 -91 -29 -50 12 -48 92 42 68 -61 94 -84 -44 72 -14 25 47 -78 -4 46 -38 -44 -58 -98 -11 -44 11 66 -36 44 -17 -13 10 61 25 32 -2 -66 -54 37 -1 80 18 -50 -68 16 -57 0 28 -46 -30 -29 -65 44 61 -82 -95 22 4 -61 43 92 76 56 -72 4 11 -19 -94 9 -72 53 -41 90 -89 23 -9 17 -27 4 -52 23 53 -66 -93 -97 56 -30 -8 -12 2
54 -75 -68 -13 69 34 14 -18 0 75 1 47 -100 -88 -73 18 63 40 -48 1 80 7 9 93 -31 -27 -42 34 44 -3 -55 -41 -93 -88 -74 40 -69 48 -27 41 -97 -27 4 52 -98 21 26 -58 98 10 -82 0 3 -40 -39 14 -19 100 56 28 -54 57 -15 54 -71 -33 -9 85 -97 -29 4 -88 -11 84 29 -93 -21 27 47 77 -83 30 -39 -5 31 55 -52 75 75 18 97 76 82 -72 19 55 -41 -17 -69 98 -27
58 59 39 -37 93 42 52 -76 -14 32 -93 -35 -83 11 -44 67 -16 64 52 91 0 78 100 71 -98 -94 61 -97 60 35 -55 43 95 -2 71 -11 -1 -77 67 -79 -27 -51 -84 -4 15 34 -19 77 -61 -48 73 -57 -45 -36 55 -88 31 -51 63 57 -97 -39 -77 -12 71 -96 -55 -9 -38 -99 -4 57 0 -96 -61 -17 -94 61 12 93 73 -83 -63 -30 -77 -95 42 91 62 21 42 -62 20 -8 -77 60 85 23 -60 75 9
-12 87 84 -76 -53 69 -12 -12 47 57 -1 49 88 -29 83 -26 70 22 83 -47 88 74 83 -31 2 87 -23 -81 17 -59 67 50 -58 22 -21 69 -21 10 51 19 77 12 -91 -61 -56 47 41 12 -63 -38 67 98 -27 -43 -5 -26 -17 66 22 -99 -72 21 37 -91 -60 60 -95 29 96 13 50 23 40 73 87 6 17 94 44 28 63 12 -15 -99 4 -50 -32 66 -58 -83 -15 -68 -14 78 91 -64 96 29 24 47 -62
-38 80 -93 29 -1 -56 -79 -74 67 18 -1 -4 -5 87 58 -31 -9 93 55 -22 -99 97 -43 70 45 36 -82 25 16 -59 72 -39 19 -58 37 67 96 -41 69 -97 32 -36 -83 -37 56 -22 28 -87 41 -19 -58 81 -37 23 -6 83 10 88 -49 19 -58 -60 -24 -46 17 65 12 81 -68 100 -98 -25 -57 -52 0 -89 0 10 94 33 79 -7 -18 -46 -93 -22 6 -50 83 -69 -38 30 0 55 -80 -51 -51 -90 -40 91 10
-26 -45 -55 22 -57 53 -6 -41 -44 -6 -12 -8 63 36 -11 -10 38 27 -7 -85 -43 -88 -4 34 -96 92 43 -55 -60 -83 35 95 64 55 77 -49 6 -72 6 25 -59 -81 73 48 -4 73 5 -89 41 75 -42 -70 -77 -98 94 9 -97 41 70 60 -29 -42 -100 77 -93 -90 52 -94 -80 -1 -59 78 -4 -71 99 79 -42 -9 53 -34 -38 -38 62 -2 -21 -85 -41 -56 25 16 -62 63 -91 -87 55 69 49 -75 -41 -56 78
49 -1 49 78 88 63 -100 79 -4 -48 -86 -60 72 -52 -59 49 -5 74 31 81 -31 10 56 -50 -59 -32 20 -33 33 -50 -52 -78 -33 -47 22 57 30 -90 42 81 -49 -28 59 23 78 -69 79 -48 65 44 -42 3 42 -59 -77 -82 -58 42 -100 -89 -80 0 26 -6 69 -33 87 60 95 60 -53 -53 -98 -100 89 90 13 -58 11 -31 -65 -78 56 -80 75 42 78 -98 89 92 59 70 37 -82 68 5 76 91 -43 -25 -96
78 60 -85 -33 77 -71 65 5 30 54 -99 -25 44 -74 63 -65 22 26 -40 -90 45 95 80 8 -57 -41 -1 -82 51 34 59 -46 -73 -74 -63 72 97 -84 81 2 -48 -52 -49 -87 43 -14 -49 -10 -12 16 79 3 -51 41 -34 79 -5 -13 44 -86 -81 -48 5 73 -3 -22 -46 48 91 25 35 -77 97 55 -98 -76 40 -78 52 -62 -47 -97 -27 -6 9 29 41 28 -96 5 -36 -71 28 4 73 27 -66 60 -41 75 -52
87 -30 -35 -21 20 -62 -18 3 -86 99 -89 63 52 -27 47 84 38 71 87 25 81 -64 73 -72 63 -46 -72 2 94 -58 64 40 -35 98 48 29 -63 -39 14 98 -83 31 12 6 -92 78 58 70 15 -95 -18 88 -53 -50 -18 -8 94 -51 -3 -100 -70 -84 -91 -1 29 58 63 -6 56 12 -54 63 -96 52 -37 -96 -74 56 95 80 0 84 73 16 38 62 42 77 -37 -68 62 -80 -48 45 81 -38 -62 -54 87 -21 -79
65 -48 75 84 93 65 -51 -95 12 -9 -90 33 -57 -73 -65 43 -78 76 -23 -31 -5 28 27 73 -22 -26 80 -60 -65 -48 -16 71 99 52 87 82 -55 -51 -84 -8 76 -10 67 52 84 -56 49 72 52 64 -73 -72 -33 -41 -54 -21 5 -1 24 -30 56 -83 11 -8 -80 -4 -44 -60 -90 -92 12 -43 68 76 64 63 -41 -55 16 11 -81 92 -74 -46 -43 -21 71 -83 38 92 68 53 1 22 -59 -41 64 -61 -3 -66 61
-36 -37 82 -67 -10 65 -19 94 33 78 6 -27 50 35 -31 -32 2 -2 -78 -94 -59 -36 -13 37 44 85 -67 20 -21 -99 -43 -43 -71 34 -90 14 -100 -96 13 81 29 -19 -12 19 -76 -60 -61 -31 -81 -91 42 23 -10 31 -98 73 27 89 -81 -79 -35 45 2 92 -4 -99 -14 -19 8 -75 17 22 -98 36 53 28 -66 -2 -38 88 -25 48 -84 -71 -99 90 -80 81 19 27 1 59 74 -21 100 14 -23 30 -54 96 28
90 74 -19 23 -62 -17 48 -57 -80 -60 -28 -62 -91 14 24 -78 73 90 19 94 -30 81 40 48 94 86 -60 46 -68 36 -23 66 92 13 -71 -72 -83 41 -82 -9 27 -12 77 -24 19 47 -14 -91 29 -72 -44 -3 -96 97 82 59 32 -81 -38 -52 5 84 -44 -57 14 -22 4 -77 43 -21 18 96 -40 -8 -24 -44 82 -4 52 -55 -4 61 -55 -91 83 37 46 65 58 69 -27 88 -81 -95 21 -51 -69 77 -33 -43 40
-6 99 -11 -49 -2 30 -49 33 57 11 39 -38 7 79 48 -68 22 3 -91 -65 76 76 56 -50 -99 95 -94 -22 -28 -15 -90 44 69 43 65 88 -91 56 -12 -46 6 8 -43 -79 -82 35 14 -7 33 81 -51 53 -59 30 21 -18 9 -97 -65 40 53 38 70 42 -3 57 43 49 78 -7 96 -97 -96 -39 65 53 32 19 -63 82 85 22 8 8 -65 7 7 -29 22 88 -50 31 74 -38 79 -41 5 -52 -95 -63 79
17 78 -59 -35 -79 -53 -41 -86 69 66 -92 22 8 84 -40 43 -11 -47 -19 -93 47 59 -78 -50 -25 -75 -4 -83 8 86 54 -45 -70 -32 50 13 -79 -70 -94 44 -8 -75 -80 36 23 3 24 -77 5 -95 0 -35 40 -100 7 -89 88 48 69 31 60 -8 -44 -73 22 21 13 51 10 4 2 14 -65 -61 -11 -81 -34 98 -100 -70 1 32 -72 -65 90 -32 -98 61 -85 88 32 -93 74 -95 10 60 6 68 34 -89 57
7 2 -98 -23 63 30 9 29 -34 9 -13 32 8 71 66 -53 -79 91 -1 -42 70 6 71 12 -34 -68 34 -1 -30 -63 15 -95 -89 49 74 -47 45 20 3 32 -10 85 -15 -71 36 7 47 -99 53 82 94 5 20 -98 -85 -3 -28 57 38 -34 -92 89 20 -2 95 -57 -54 -25 -78 7 72 9 -93 8 -47 61 -43 -28 56 -11 66 -3 -66 -93 3 -19 -28 -92 11 0 57 51 68 -9 -89 75 -67 -23 74 64 -49
-31 89 -47 -38 44 40 0 -12 62 74 -24 -24 78 -20 -20 -48 39 -64 -100 77 35 -46 57 10 65 23 -88 -32 33 3 37 94 39 79 97 -44 65 64 -37 64 -39 -24 44 -67 -86 -91 7 -79 -10 -32 57 12 28 70 32 -75 -94 -8 -45 -25 28 43 15 80 -77 -23 38 31 15 9 -29 99 -59 80 9 49 17 -4 -5 39 -56 -51 -60 39 -13 73 -64 23 87 -59 37 97 80 -53 91 -43 60 -66 3 -22 37
-34 43 -71 -14 -4 -70 -22 -60 -30 35 -9 -85 66 12 -80 -94 24 60 -20 -55 94 14 -18 -49 43 -42 46 68 36 -24 85 0 -27 -25 -37 54 -79 -15 -33 -65 79 34 19 88 -86 -50 89 36 44 87 -16 -14 -62 74 80 -56 31 -95 -9 -28 -85 -51 -87 36 32 94 4 89 -9 -30 -55 85 84 81 -6 44 -55 -24 3 -80 37 -59 71 74 -28 33 7 -13 -42 -43 5 -22 51 -2 41 -17 -8 11 -88 9 29
-91 65 -14 -31 13 -59 80 -23 -6 -70 -71 -56 -56 -25 -100 21 0 -37 -27 -34 -36 65 -86 14 -35 -62 60 40 -46 -27 33 69 12 -62 88 92 28 39 54 -86 -27 87 -30 75 -74 -67 69 -62 -91 -61 98 -23 91 -32 100 -61 95 -17 7 -45 -21 -80 62 3 -85 52 0 88 -51 -28 45 79 61 -21 -35 35 -3 2 44 -22 70 -76 -15 84 -10 53 -29 -46 -87 -33 -80 0 -47 41 64 32 -62 78 -73 -46 -4
-44 -57 58 17 -32 76 -95 74 51 -44 41 39 -25 75 71 7 73 -43 66 -92 75 40 -11 -80 -2 20 90 -92 39 -37 -85 -17 29 24 -36 9 57 42 -36 -7 -31 98 86 -32 59 -68 100 -39 -93 -38 -91 -25 -70 -6 100 91 57 48 -19 -79 41 -36 -16 -24 -51 18 -100 -68 100 -26 -62 -81 -68 92 25 -54 1 -49 53 48 -68 -65 -62 -51 89 -4 96 9 -79 -99 -15 71 -55 90 20 -39 32 57 -54 -11 49
16 -69 -13 93 -6 92 57 78 -25 -53 59 30 98 -24 75 61 48 -65 -97 -53 1 29 76 -33 45 -36 90 49 73 -28 -21 42 17 -100 100 -76 59 -62 31 -70 -36 44 12 -90 -30 82 -86 -69 15 3 25 -93 -2 -67 -45 93 -12 42 75 12 -64 -26 65 -36 -88 51 62 -10 68 60 62 35 -27 -45 92 -54 -18 -93 14 29 -7 20 19 -80 -19 -89 -48 -36 4 13 86 53 -88 47 62 75 -56 -5 11 -98 98
0 59 -51 47 85 32 31 -59 79 -17 -93 -50 -41 95 -55 -48 -75 97 22 40 36 88 -63 -64 62 -25 79 -5 80 41 93 -83 14 41 -63 22 -100 20 67 -17 -33 -21 35 88 76 29 30 74 45 -79 83 48 -59 94 51 -17 84 80 -28 -58 -82 76 58 -46 -57 32 -78 -35 -5 -54 15 -5 -95 -33 4 -31 -18 36 51 -5 -8 -11 -88 -36 87 -52 -39 69 -71 -81 -75 -71 -11 -9 -69 50 71 -58 69 -59 -44
6 -76 53 -69 51 -65 -49 42 -75 -54 18 31 -47 -71 -40 -39 -19 48 -14 -82 100 59 82 -44 53 78 -64 -65 -26 14 -64 8 7 -50 67 -18 26 -72 78 30 -42 -20 -10 -93 41 87 -99 76 -38 20 -11 -60 -96 27 42 -83 -14 41 -54 -53 52 -68 -98 -75 41 9 -13 -5 -31 -9 -99 83 90 -87 65 -25 -97 4 23 -48 -26 -85 22 58 -53 -92 -57 65 80 -7 -5 -40 -44 35 -70 -76 35 17 60 -74 -45
25 16 57 98 64 -80 -83 8 92 -87 -34 73 23 -24 25 92 40 -72 -89 79 -51 89 88 34 -15 -33 -93 -22 -90 -31 38 16 -99 13 -13 -23 2 15 -97 -70 -26 -68 18 -12 60 -16 83 98 -71 79 0 -20 56 54 100 78 -56 18 -86 1 -75 -7 36 48 36 -14 -99 77 35 -25 -53 -22 -38 28 80 -64 -70 92 -45 88 29 -98 -47 60 -53 24 42 73 81 -99 87 -76 39 -91 85 -25 -94 93 23 96 58
58 59 -20 56 36 24 -27 -88 -14 -43 38 -73 85 38 -12 71 -46 6 -75 45 -32 77 -51 95 55 14 -1 12 87 76 -63 -56 -88 22 37 30 38 -88 -66 13 -63 -54 -96 -28 69 -80 5 58 3 64 13 -83 -92 -54 -94 1 -77 -3 -12 -23 87 60 29 -63 -31 42 36 -78 -30 82 27 99 40 -48 54 -62 30 -37 91 -84 97 47 -64 -50 72 -46 -52 79 -96 9 -24 33 18 51 21 -10 64 -8 -71 3 -35
-64 -87 -35 -22 94 89 27 86 -66 29 -54 -21 -13 -89 62 -58 -6 28 4 -22 68 -7 30 -50 -61 59 -11 88 -30 15 -4 67 48 -22 55 72 0 -25 -61 35 -61 10 59 -52 100 86 4 -22 72 46 -2 42 -3 8 82 -80 49 -21 100 -84 -82 24 27 95 -28 -62 80 -21 -72 75 -89 -6 -69 -32 -39 -73 -46 94 42 45 -33 98 -41 -39 15 -78 53 -74 84 30 10 28 -25 -68 8 -47 -71 66 -81 100 74
32 -50 -13 -54 -9 -6 20 -52 -50 86 -29 -84 77 -63 10 -54 47 -99 -26 54 96 -83 -81 -54 -47 60 -48 57 -83 47 -29 -63 -33 67 63 -19 -8 -12 -98 -8 -88 18 -89 93 17 -58 72 -14 -56 98 -90 -95 16 36 31 -64 84 59 5 -2 -75 -12 15 -19 56 -13 -77 54 -94 79 -94 -77 17 69 49 26 -15 48 -59 85 91 -55 79 -10 -42 74 -3 34 -17 -42 95 -47 8 86 3 -21 -70 39 -59 41 -10
