-71 -82 37 13 -21 -3 -81 -52 16 -76 34 74 -45 97 1 78 -7 48 15 15 15 -76 95 -21 -49 -15 -95 -69 3 -99 -47 18 -51 -69 89 32 77 91 -33 14 -100 2 33 29 -83 -71 -31 36 -80 26 -99 95 75 51 -14 -56 47 -75 72 -75 -84 -31 -51 -30 25 80 46 -1 81 17 -97 -9 42 -2 41 -77 -96 -22 95 7 -25 39 32 -95 95 -83 -81 -28 -24 36 -62 -93 -31 -45 -22 -73 35 -72 39 -12 34
37 -39 91 15 51 34 89 98 -26 8 -86 -25 -98 12 63 29 58 8 -47 50 -62 56 4 100 51 -84 -21 -28 -34 73 2 36 87 51 -47 89 -32 65 22 7 -16 -59 -91 45 -69 -79 -7 27 -21 -34 34 25 24 -69 6 -94 5 -81 -74 44 -84 46 25 -93 59 -67 -20 -98 -18 -93 -60 -57 11 -92 56 39 -9 -20 37 46 66 3 97 99 -30 -75 -93 -19 -50 9 99 -43 -13 34 26 51 32 75 -72 -58 69
51 -44 10 78 -73 -62 -81 75 -45 24 -51 -95 -76 5 -46 64 64 76 -57 -57 69 39 12 99 -95 -80 24 25 -30 55 -97 -62 83 -17 -7 94 35 97 -5 30 36 47 -18 43 -9 -65 82 13 41 6 75 95 24 -37 8 -30 -38 -75 -93 88 72 29 -62 58 27 79 23 -86 -62 -91 -87 69 37 16 41 -22 -70 95 -42 -24 99 48 24 81 -57 92 -15 -81 -48 -97 95 95 -85 49 97 34 14 -83 52 -53 -28
-26 88 -52 76 40 48 -81 -8 -66 -45 -75 -21 -5 -92 38 -79 -85 -98 -62 46 -63 67 -43 75 -66 73 67 13 15 -23 -80 -2 36 -96 -78 78 32 31 79 13 30 -59 72 -70 100 -86 -8 -39 -26 -19 6 -51 89 -32 -19 -67 -1 -81 -41 1 54 34 -75 76 54 76 72 45 36 65 -76 -10 53 79 -62 -39 94 35 22 -83 42 -42 21 -16 -71 89 52 42 -100 29 -67 -63 16 52 -64 61 66 86 42 24 63
-50 55 -10 81 37 84 42 -11 68 66 59 -58 64 19 96 93 67 6 -68 68 -6 -72 8 15 -51 -31 -95 -4 -80 -3 -26 -89 -66 -28 81 63 48 -50 30 -61 13 -11 33 -64 -53 74 -23 70 -60 11 -53 -78 89 75 -97 -63 -66 23 -11 87 -5 -55 -59 -90 -69 53 -51 -68 38 96 32 -2 95 -18 -4 -81 -27 -49 -61 93 40 -65 51 57 -13 -14 49 94 -17 32 -52 17 -24 94 -22 54 0 91 68 -12 -32
-35 69 14 84 58 -99 -79 76 12 80 -69 -59 87 -78 -45 -75 -73 -25 63 -95 -1 50 -33 -76 8 66 -64 88 -10 31 4 9 61 -10 -14 -16 8 -62 68 5 -62 -64 19 61 53 62 -6 90 50 4 -14 14 -99 -35 99 51 43 70 75 -29 -27 12 94 76 -82 -72 -1 100 -94 -82 -2 -51 63 -57 -20 -43 -100 75 11 -91 -9 -59 34 -68 -31 -25 57 -59 87 86 -49 66 32 -15 39 -60 61 -65 -77 5 28
-3 -77 -26 43 -21 -62 98 29 -93 71 -98 62 -14 -31 76 71 71 -100 -13 92 -94 -36 -43 -69 -68 81 -36 -33 -3 70 -25 -13 40 71 -31 7 -49 -83 -61 44 -29 -81 49 28 -9 52 -98 72 28 26 77 -27 -64 49 87 93 -66 92 66 30 -100 88 50 39 7 93 -31 -45 -51 76 85 -25 -2 62 56 -59 -82 -30 81 48 16 14 20 -53 -89 53 -43 41 58 21 -41 21 47 40 -71 -85 46 33 21 -9 -56
33 89 59 76 52 -39 -39 6 66 -97 -78 30 7 -35 -84 1 -41 -100 62 4 46 -35 57 15 -40 90 -19 -67 54 1 -28 -43 -23 94 2 -40 40 92 -69 40 18 -84 -84 79 17 -96 54 -29 98 -28 -43 -75 -72 1 -32 2 -62 -46 76 43 99 54 -63 15 67 -82 -6 53 92 47 89 8 19 -71 -47 82 56 94 93 -7 96 14 -37 5 20 84 96 32 -52 -43 -83 9 30 39 12 40 78 -66 14 92 16
-5 -76 -31 -2 -25 9 5 -98 99 -72 -4 -15 99 48 -29 42 20 45 25 -41 -79 -34 -74 100 46 -68 -75 -76 -99 73 72 -31 50 -81 29 49 10 64 38 -51 -34 16 17 11 -14 -99 -75 26 -81 -99 -88 59 23 92 -32 36 66 -5 19 38 -33 -69 0 -77 -91 -7 47 -16 44 88 67 -33 19 -57 -76 16 28 79 -14 -99 87 58 67 -39 -53 59 -98 -58 77 61 -83 21 -13 -65 95 -81 -88 -51 47 0 -48
50 -78 47 -54 50 -93 -88 -70 -10 49 31 80 -45 70 -28 14 -26 -95 2 34 45 -82 2 -51 53 -1 73 59 -60 -26 -52 4 55 -53 75 41 58 60 -100 26 85 67 -58 25 11 -61 -41 56 95 60 18 78 -54 -57 -27 -46 36 -76 -83 -13 -39 3 1 -1 -62 56 77 54 -17 -52 69 -7 -92 -87 100 55 -7 -59 39 -79 -80 -54 20 -42 91 -67 -49 66 50 -50 -6 -92 39 28 -17 -98 -32 -76 -32 34 -83
43 83 8 -51 -29 58 -90 -23 -26 -93 -27 79 -94 -74 67 81 -35 -69 46 -43 81 -3 29 -93 57 59 67 -62 100 54 85 -69 5 72 -90 45 64 -58 -10 59 4 -14 100 31 47 -64 -59 4 -32 -75 1 -72 -67 -40 -47 -3 -88 44 72 74 6 -16 -69 98 76 9 -21 -80 44 -22 69 60 67 -37 -39 -82 -51 65 43 38 88 -72 0 -98 -87 -51 89 -14 -77 34 -2 88 -89 44 83 -54 -87 -43 65 49 6
-32 37 49 22 -22 58 -3 8 -68 -81 26 -22 -76 -74 8 -40 44 -50 33 16 -100 -21 -26 -51 -22 74 -4 19 48 -14 -76 -100 -67 -43 -100 27 69 86 1 66 87 -69 -92 -56 87 39 93 -33 -81 -60 -69 68 100 23 29 -37 51 -71 -18 62 5 -85 -16 -44 -64 -19 -29 -9 -90 -8 44 58 -26 68 96 82 -19 99 81 60 -37 92 57 -91 85 -70 16 79 -52 82 -57 -26 -49 85 -55 97 99 31 -17 61 -19
80 88 -50 28 72 -97 26 90 -70 24 57 10 23 33 46 70 87 -70 -45 -4 59 -73 57 76 -9 44 17 -49 -73 65 57 -78 -67 -42 21 83 -59 45 -74 51 50 45 68 23 73 60 88 -88 -22 -87 68 -57 97 80 -47 2 10 97 -15 37 -76 12 66 -61 -72 -95 -52 -18 -37 74 52 43 27 10 -42 -56 -81 -11 89 -63 -28 48 65 53 -5 -72 -48 63 42 -88 69 29 100 -26 10 -59 87 54 -94 -8 80
-76 30 11 81 68 -20 6 -87 46 18 1 58 -62 -75 -73 78 42 -79 -92 -35 29 -93 -4 -34 40 99 51 15 -89 61 -11 -74 -88 4 10 95 28 13 8 -93 7 51 52 33 -1 -98 91 81 7 -76 88 -83 83 66 27 -33 43 57 12 -19 -75 8 90 -97 -67 -20 3 4 80 100 -94 -73 -13 -94 -62 -18 -3 61 48 -78 -19 -90 13 -40 -63 -86 -92 4 6 14 43 87 43 -59 96 -51 58 92 -36 -52 -81
-90 -78 21 73 -94 1 31 -31 -23 -45 98 31 22 32 -67 10 -63 73 80 24 5 -84 85 15 -58 -55 -91 90 -71 -32 -8 -76 -64 -7 -16 89 45 59 36 -74 -26 55 89 -86 40 -35 -83 -14 -44 42 93 -5 35 39 -2 58 97 94 81 -84 17 -87 40 64 -17 -68 28 -75 -47 75 -11 74 -57 68 -77 -34 84 45 68 -83 29 -84 -14 -72 -77 -29 -63 -17 73 84 94 47 60 1 -80 26 -7 69 18 -82 45
50 86 50 72 -45 54 89 4 62 82 -20 51 55 -18 97 27 91 0 -68 50 -80 18 -85 25 -15 9 -24 56 26 100 -33 -28 86 62 87 84 -9 19 -96 90 99 -27 -48 70 -62 61 96 1 -14 -38 -92 40 84 -63 -43 -81 -33 56 23 56 -77 -31 60 1 9 38 58 -64 17 -25 81 -8 -99 -71 79 6 -85 86 -60 6 -67 33 -78 -14 7 -32 -81 14 -50 -88 -36 15 -47 -32 84 36 -81 -80 79 -18 -41
59 87 -99 68 81 -20 79 -34 5 -32 -79 87 -74 -35 68 -96 33 -12 -76 -14 -44 49 -17 8 71 -93 -65 58 -34 -88 -38 100 13 -90 -14 -72 -6 83 42 15 15 18 -30 14 -63 60 -90 22 -78 -90 95 49 -94 81 81 16 -15 19 -92 35 -42 -27 8 39 41 9 91 45 -37 -58 96 43 63 -63 -68 67 -66 94 -1 56 18 -1 -7 -15 -22 -2 -100 -64 -67 44 54 38 0 -27 -89 -5 -66 77 -56 62 -96
95 -70 21 -10 -47 74 64 3 -69 55 71 -17 86 34 -7 94 61 49 -46 -25 -24 -94 -78 -67 100 -74 75 62 -42 31 52 38 53 -15 -37 -18 79 72 42 -54 18 -19 -6 59 72 33 -32 -77 11 100 96 58 7 -72 -47 86 57 91 65 -46 -61 -69 13 64 -69 -27 55 -52 -74 13 25 -33 5 97 -20 -50 -81 38 41 -22 32 -66 -55 -43 17 -38 65 -47 1 -85 62 35 -73 -18 25 -62 87 55 -68 -59 65
-68 92 75 31 -33 65 57 -57 57 -71 -25 59 -79 -32 -34 60 14 9 -67 82 -93 -67 -54 -73 25 18 94 -30 54 40 32 -93 -90 23 37 59 7 -74 68 -28 -13 -60 26 73 -37 -28 -29 49 -44 4 4 60 -27 51 79 69 66 55 66 81 9 -72 -68 41 -39 8 -7 -8 -62 -71 -62 50 61 8 -52 -46 -65 17 -40 23 -15 -66 -67 96 39 64 36 58 -30 -86 -69 99 36 45 61 36 77 -77 58 51 -33
60 47 80 -58 73 9 73 -100 -21 -93 88 76 2 54 -100 77 -26 -90 2 -47 93 -60 -61 -78 71 80 -34 -58 26 24 -85 73 -16 47 100 95 18 19 -27 46 70 73 -64 6 80 31 70 -6 65 43 -54 -36 5 4 -13 -85 21 -12 71 -17 72 -14 74 98 -44 -34 -84 -27 -16 -77 97 52 84 -21 72 62 71 -20 -30 46 87 -80 57 39 97 60 -13 -77 -60 74 -42 -100 58 -34 -22 -34 76 71 -19 93 -4
-54 -58 -34 -65 -57 -19 -82 -51 -61 69 -66 84 28 41 -40 52 11 -51 38 31 -60 82 32 -78 -46 89 28 -33 2 -73 -30 69 -30 52 50 -15 -24 -27 -47 77 69 -24 -65 -38 -24 -75 -42 39 -77 -3 -65 -61 -93 5 -95 -75 -19 6 7 18 67 -2 -52 -95 -88 -73 64 8 -48 -2 -71 -94 4 -33 -6 34 73 -40 6 90 25 67 -71 96 69 84 -52 -20 -53 30 43 66 -27 -75 9 23 -65 52 85 -66 -29
-87 -88 -48 -30 -63 33 -93 1 31 4 54 -28 87 -83 -72 -91 10 -90 37 -54 -71 32 -6 -40 42 96 55 14 42 -39 -42 -92 -1 27 70 -13 28 -87 72 55 -97 89 39 -88 -76 -38 86 -11 11 -74 -27 59 72 86 96 48 1 -19 48 -78 -93 74 29 -15 45 -74 66 34 -68 57 14 93 79 -50 92 3 -66 57 -71 32 -75 -10 65 -95 -47 -45 76 93 -24 59 33 100 -16 -11 -29 29 80 35 -90 -43 -54
20 9 -79 -14 -21 -5 27 14 21 32 92 -75 88 -61 26 54 90 9 -99 -12 -90 -80 31 -21 76 -11 37 31 15 97 -98 -89 23 -91 -85 75 -61 99 31 30 -97 -25 79 19 10 -74 40 9 -46 25 27 -46 33 51 -85 11 -77 53 40 96 -98 3 -22 26 13 -74 7 -42 23 -60 -83 91 93 -6 -53 22 -45 -87 -25 49 45 66 -29 -51 -52 12 -91 57 -67 -24 -85 -50 -96 -22 -26 -84 36 76 -72 28 -22
-39 -56 34 -93 84 44 -51 85 98 43 -50 62 -34 -78 -39 83 61 49 74 50 49 95 30 -32 76 74 -90 -56 -62 -8 -89 88 -26 73 83 -55 -89 -80 0 100 33 -78 -14 -96 11 50 78 50 -18 -8 -18 -65 12 -57 43 -82 73 15 17 72 100 100 -40 -46 64 -82 -66 -71 -86 -41 58 -76 39 -5 -38 58 35 -24 -18 -9 -16 -14 -97 -5 -62 30 -32 68 -54 92 56 79 -34 -74 53 -31 -23 -45 75 85 -50
-72 33 -30 79 -100 3 50 -45 84 54 -71 2 -89 -89 66 16 -74 -14 -68 -89 -68 20 -25 -4 -49 86 88 40 90 12 -30 3 27 51 19 33 -52 -28 -14 -19 -18 -79 71 53 47 85 46 -92 -44 -76 96 60 83 -46 -35 3 78 -81 69 96 -36 92 33 50 -13 69 59 -18 -39 52 -29 -89 79 94 -21 -23 -84 61 9 -8 -8 16 -63 5 36 40 -36 31 2 55 -68 95 40 60 53 40 -37 -40 -60 1 32
-97 -62 -63 81 -69 97 -37 52 15 52 -17 -9 7 -57 65 -59 -50 23 -84 50 51 50 -47 -75 71 72 95 -30 -7 60 -33 45 61 91 -42 54 -74 -89 71 -23 93 -20 -91 83 -9 -18 4 -92 50 93 73 42 -66 30 50 99 71 93 68 -84 60 -84 16 -74 96 63 -73 -74 24 -89 -34 57 -69 6 -79 74 -82 22 -26 97 -96 -79 51 25 -34 -7 6 -60 44 96 16 48 62 -46 88 57 -40 74 32 -64 71
49 26 -9 84 -10 13 31 -28 -74 -53 90 70 15 -4 47 -65 -59 -50 -93 78 -79 -46 -23 -83 -79 57 -54 42 91 68 10 -24 26 62 -77 -86 85 -62 76 -99 -5 93 -65 -32 -17 -85 -87 -56 52 43 -48 38 99 83 41 45 -40 93 -50 57 -75 14 0 67 8 -87 -38 62 -73 43 -22 9 12 -9 -97 -80 -20 -30 -5 -67 -60 -56 -84 79 79 -63 -26 18 -62 -11 8 -92 93 -92 -77 -91 -44 -34 15 32 54
-43 -46 38 8 -33 14 38 -39 -85 57 89 38 39 15 -29 -5 -31 -94 -82 81 -47 -70 8 80 82 -56 -22 -15 96 -7 7 6 -2 -39 43 39 -84 -10 -50 -57 100 -8 -88 -72 83 86 -11 70 -27 60 -74 -31 -64 -36 84 51 89 59 -92 -49 -29 14 25 41 -85 -25 -77 97 -88 -24 54 66 60 39 -78 0 17 -43 43 -56 -66 -3 49 -29 14 23 -57 90 -27 92 -35 -82 98 64 82 -25 -41 74 94 3 -14
-1 -89 -22 96 92 -1 -30 -27 -93 -69 -83 -22 99 -61 -29 -75 -84 19 -7 -92 30 -42 -8 54 -15 9 59 73 51 -46 14 -15 -26 10 -85 -63 -9 44 -14 -30 -92 -65 -63 -80 -73 81 49 -7 11 57 -53 77 -21 20 -84 45 -26 78 79 68 21 94 100 38 88 -6 -17 -18 -77 -26 79 19 73 44 36 -60 47 91 -77 -6 -96 0 -81 -13 -55 4 -60 -34 -7 47 4 67 26 99 94 -70 -37 -34 -66 81 81
85 -35 -59 -18 -83 -73 45 82 29 0 -34 98 7 -99 -17 -78 -13 48 23 14 1 -86 -33 -97 -43 69 -62 -5 53 8 -11 76 47 73 -73 26 -14 -66 -98 56 -82 58 -74 17 -71 -36 77 84 -8 29 92 51 -37 -49 95 -97 37 -7 36 8 74 -34 -1 93 -29 -82 48 71 -55 29 91 -62 -20 -83 -12 -72 -55 -31 -29 -77 85 66 68 90 -50 68 -80 -72 -70 -79 43 -34 27 -97 -97 -90 8 -73 -10 -70 43
3 31 -21 -11 -97 -7 56 -83 -69 53 -23 73 -85 98 0 89 -15 -53 -81 97 -35 -24 70 -3 45 -46 -23 -55 -100 79 -83 -100 64 -85 -96 44 -88 9 64 32 83 -69 29 0 -82 -12 -57 47 -39 39 44 -90 -85 66 66 -100 -43 -23 -46 -64 71 3 35 -21 -46 -72 80 36 -30 -38 -93 82 -89 -51 -68 -43 -47 -46 -66 -53 67 -69 11 62 58 5 -89 -9 55 41 34 53 92 29 -95 21 44 30 -54 39 -96
-57 -55 -32 37 62 90 65 48 -35 61 -92 86 99 -85 96 -10 86 36 -19 -57 53 -62 74 -90 -67 -70 79 59 58 14 -27 -24 -10 55 71 55 22 45 -48 -40 -80 -77 -4 -57 23 -80 76 -39 76 -20 -1 3 -54 -51 -17 70 -99 -20 30 76 99 -38 18 7 -75 31 52 39 -94 -8 -7 -6 65 12 -1 76 -41 88 -19 -70 -84 69 -51 46 59 -91 4 -48 83 -80 -21 45 81 -74 2 -80 -98 64 74 32 75
96 -27 54 -78 6 43 16 -70 23 -51 36 4 27 90 -41 13 -68 -84 -24 -87 54 43 2 -31 9 55 60 10 29 35 -28 -60 -5 -49 71 35 15 -63 11 0 -100 -20 41 -64 -95 -76 89 -39 77 44 22 62 -71 62 15 22 -43 -65 -97 26 89 -98 15 43 89 -19 -34 -6 -21 -97 55 43 28 30 62 60 75 70 78 69 -21 -19 87 12 -96 47 64 -83 -2 -9 -56 -67 -29 -45 -72 70 96 2 -6 -32 -10
-18 84 -68 -9 30 -3 69 93 98 -56 -33 -27 -75 -47 23 -52 67 -4 -35 -48 -4 8 -87 46 -10 -1 14 96 -15 30 75 -93 -61 -77 -38 31 -45 71 -14 -50 -4 -57 78 -50 -86 62 5 -92 75 66 -98 -34 25 -28 2 -17 -44 1 1 -24 -77 64 80 -70 83 62 12 25 14 -71 -5 64 -21 -1 22 -54 62 -75 -10 -41 8 -8 -6 99 -63 92 93 -88 -21 13 -94 53 94 12 6 29 87 2 10 74 -86
47 56 92 -65 68 65 29 -62 97 60 -98 37 -57 24 32 46 -83 -17 25 5 -81 86 -85 -34 -25 -93 -53 -82 49 30 -58 -80 -42 -34 77 -75 51 65 26 12 -52 7 21 3 87 29 -21 -46 15 -47 -97 -16 -41 82 76 4 87 -11 32 84 -35 77 -99 71 100 91 41 -57 -19 -63 -15 69 17 -15 56 -19 -98 -17 99 -14 -5 34 41 87 -71 54 1 20 34 -68 -91 65 44 51 30 48 -6 -50 -53 59 38
36 92 14 80 15 -40 52 36 87 -100 -92 -33 -91 -87 -91 -56 -84 -22 -54 41 7 41 59 -41 -52 32 88 71 3 92 3 -6 54 84 61 -79 -73 -64 99 -32 47 -98 73 79 28 -70 -15 -28 64 17 -93 -94 88 27 92 -78 -82 -59 -96 -87 52 13 -73 6 72 21 37 50 -8 -7 82 76 21 -56 64 -83 -52 47 22 -22 96 -12 -15 -63 91 19 -45 66 -27 4 4 -44 -54 -74 -20 -57 -75 19 57 87 -21
97 1 44 43 23 -97 -26 -32 -73 31 -29 53 -63 -35 -68 98 89 33 -34 -55 -82 -26 70 -14 77 -74 40 -32 95 -64 -98 72 -45 -38 98 -55 85 -63 72 -51 -1 38 -55 -49 72 -59 -26 -29 -69 -94 -23 2 -88 4 7 -33 74 76 62 -88 24 96 -19 51 28 11 16 59 95 -20 -5 48 -56 -99 81 -46 -65 69 -55 38 -47 -82 31 -18 -28 29 100 -33 -75 74 28 42 -34 -7 23 14 47 -3 -32 64 -66
62 -6 -76 23 -33 14 36 74 -99 79 87 -27 -70 -93 17 98 23 56 -61 100 -49 -59 13 11 -91 -92 83 95 -38 31 -43 47 -38 -94 9 -24 -64 -98 57 -13 6 55 43 -8 -31 69 -31 33 15 -56 -11 53 39 56 -5 58 75 6 69 -80 51 -10 44 26 -56 -70 58 100 86 -47 -85 -37 91 100 -38 43 59 23 -35 -55 -61 -5 75 -58 11 92 44 59 -46 2 90 5 -18 91 74 -51 88 -67 -23 -91 64
69 -11 -5 -34 84 11 -91 -78 -62 6 98 94 -63 -87 -33 97 21 18 -1 -4 -54 -35 -100 16 75 31 -86 -85 91 39 -64 14 -68 -11 -56 -8 74 100 -77 72 91 46 -54 69 93 -26 27 -53 15 3 9 1 -72 76 -24 43 -17 -26 -53 -34 -32 -40 36 31 -57 0 -36 -79 28 -52 -90 -54 -63 39 10 -56 44 -13 -32 7 -53 17 -6 0 53 -86 -35 -47 -49 84 -76 61 90 -35 89 76 -83 -14 -80 41 59
-1 -37 -19 -76 30 71 -61 83 26 -52 99 100 29 44 11 -9 -23 50 65 42 0 36 28 -17 -49 -29 -71 29 85 -22 -71 80 51 -22 -51 -72 -39 90 -47 59 -2 14 -64 54 80 84 -25 21 -21 -36 -94 -91 66 35 -27 -83 -9 8 -35 71 10 -32 5 -5 54 -63 -68 -21 83 51 26 -64 -40 10 80 -96 17 75 44 55 75 90 31 -6 -78 -34 -85 31 -97 62 -62 -39 -50 74 76 -17 8 63 -30 -27 -37
-83 72 -77 -32 10 -85 -17 74 2 -49 53 74 83 -13 68 -57 -13 82 -25 -10 44 -10 -65 32 -59 -4 11 18 -32 -90 54 -50 -10 71 11 90 98 -15 -70 84 35 48 -61 -75 -91 -59 -19 70 -55 -71 38 43 -30 -26 73 7 -94 -48 -1 68 -5 29 98 77 60 2 -10 78 64 55 -36 21 -97 -98 59 -31 -98 64 45 9 82 -78 89 -50 56 -16 6 -73 -100 28 -87 -8 50 40 -39 -61 -91 -36 38 59 91
17 99 -85 65 -56 -77 -97 98 -61 -32 73 -91 80 -58 65 4 62 81 -20 -77 -70 -62 20 37 92 74 -81 0 -43 5 -43 -10 45 -37 80 26 -7 -58 -60 26 -42 -91 20 61 92 63 61 21 -89 69 -8 -85 -40 59 95 -85 30 17 40 91 -23 53 -87 -32 -42 -30 36 -38 -74 1 3 12 -84 69 81 90 69 -99 -79 -75 -84 85 4 -14 49 -71 -50 -3 -17 -10 -77 8 -25 -91 21 -27 50 -44 -68 -84 26
-9 -30 -19 60 2 -79 -68 -48 -26 17 8 -85 36 90 84 72 -81 -57 65 69 30 40 41 -57 56 -37 -11 -71 16 -2 16 80 -38 -97 -84 -28 -12 35 55 94 10 -22 61 35 -38 48 -75 55 45 -23 -3 -65 -93 -21 -90 71 -17 -52 74 72 -17 28 -3 17 -14 58 52 -77 -59 26 -1 7 93 -49 44 -93 54 -71 95 -16 52 -88 -54 76 63 -35 -99 -34 1 -43 -87 69 -15 83 63 -3 98 -52 -7 95 -62
-5 73 37 -67 96 67 42 -72 -18 96 65 -55 9 26 -65 -95 -27 -47 48 10 19 10 18 97 51 75 -46 -60 88 3 -13 -78 1 94 15 81 -77 -62 26 -36 -77 32 -77 -78 43 -82 -99 -63 -62 31 -52 71 -71 15 24 40 -48 -67 42 -75 68 14 -22 26 -70 -79 -1 -80 -13 -77 87 -18 -86 -26 -26 54 -67 -78 91 46 14 56 -17 87 -42 5 16 -70 73 92 6 -93 -69 0 53 31 -27 -35 28 19 36
35 42 -74 -21 86 -87 23 85 -25 74 -16 -100 58 6 56 -63 -17 95 -71 88 79 31 85 11 27 -69 23 57 -31 -69 -86 51 30 -54 -73 57 30 -87 15 3 99 18 42 -34 19 53 53 6 -99 48 56 -99 19 49 78 -83 34 19 -68 70 15 91 91 -14 73 -80 90 -71 -4 97 -87 -56 -60 -46 -83 3 -92 -80 -40 41 91 -83 60 24 -41 -21 -86 3 45 -46 45 -80 0 -57 61 -74 -49 15 29 46 25
76 34 -90 13 -12 25 10 -78 42 -29 -74 -94 -80 96 -55 -16 -15 -96 -5 32 52 56 -54 69 -60 3 -98 21 47 -79 -38 -64 74 94 -73 39 -45 -87 -65 -71 -24 -75 60 -20 95 38 -81 -48 35 99 89 -61 96 -59 49 -17 -63 35 -46 18 53 22 90 70 -29 -68 52 38 62 93 20 -67 -72 23 -72 -68 35 -9 62 83 -55 -7 -60 72 -2 -71 -12 -47 -65 78 -83 80 53 8 4 11 -56 -85 -98 -39 44
-38 -15 -8 94 64 -30 31 69 76 63 89 -82 -44 -84 -28 88 -23 -13 49 62 67 65 -31 22 40 11 74 87 41 56 100 16 -80 63 -43 15 99 62 -57 -59 28 49 -14 93 -29 -52 96 -18 -3 66 84 -24 86 -51 31 25 -86 -96 -48 -27 41 -11 55 92 71 -65 80 -65 10 97 -43 11 -62 -55 77 -83 -8 -58 -62 37 95 -14 -88 70 80 -61 -62 -41 -7 -8 -7 -39 -51 78 -93 -98 -53 -78 -98 25 67
68 63 96 -76 -72 -57 80 40 62 54 15 77 -32 85 -32 -82 55 21 12 -63 -92 -49 7 5 64 -55 37 90 93 70 98 -80 4 15 85 -13 87 90 94 19 26 -8 -69 -69 -86 -19 -82 92 99 18 64 31 -52 85 -67 61 -67 -71 -47 46 -26 -88 48 68 28 -10 87 16 -71 -61 75 84 -50 60 75 -77 -58 -85 76 33 -88 44 63 20 -80 -26 37 -87 59 92 -4 10 54 -82 -23 60 -34 96 85 51 -85
-59 -98 49 56 -52 25 29 99 -63 -16 65 43 -79 -61 31 -18 24 32 98 26 -81 95 -97 53 -76 -58 46 18 -19 93 4 14 14 -43 -14 -88 25 -15 44 64 -52 8 34 -79 -13 18 -23 63 28 -45 -40 1 35 35 -29 -16 -63 -25 32 77 72 -90 -94 -19 81 96 -15 69 -10 44 -45 1 -71 24 -50 -1 -76 -57 11 20 57 39 88 -5 22 -65 -29 60 -33 6 98 -5 -33 -40 45 29 -2 92 -48 -47 -21
-28 96 96 64 100 24 96 -33 -35 -69 17 -100 14 -8 -44 -6 38 15 -70 -44 -7 32 56 -15 -29 7 -67 -12 39 -80 1 -28 10 19 -14 22 -33 47 -41 -92 82 47 97 15 -8 49 -7 61 90 34 88 74 98 97 -38 -12 62 -100 -45 -14 -28 -63 71 -96 25 -72 -95 75 44 -31 -62 63 -43 77 85 -48 4 -6 38 -20 87 9 72 89 -12 -7 61 -82 -77 24 87 -86 -66 -85 12 -35 32 -40 62 29 56
-3 85 40 -94 -31 11 56 54 83 72 17 15 -81 -74 -81 34 82 -91 64 94 72 -10 -41 59 16 10 -24 39 10 86 -28 -2 95 -15 -88 -70 27 -19 -14 19 -95 48 64 -40 31 48 -95 54 -35 -82 -74 -48 57 12 65 -88 -59 -65 -96 -50 22 91 49 -12 -57 -35 -33 -11 -95 -26 16 67 85 2 -10 -52 20 36 -55 -72 89 29 18 -65 49 -59 -10 46 74 -89 98 30 -27 83 -59 78 5 -69 95 63 -82
-21 -78 -74 47 -1 78 -31 -17 15 -69 -67 62 91 77 62 -87 76 -91 87 -60 86 -88 -88 -74 -59 54 29 -12 1 37 -91 -56 -80 83 -68 -51 -18 42 -28 65 -9 -6 94 -14 74 57 -95 -6 42 -8 -2 94 87 80 -24 27 -35 -71 97 49 -11 -97 51 86 48 -89 -78 -52 97 17 11 -3 -27 -37 84 91 -1 33 -50 32 77 18 -41 -21 12 16 93 66 -66 -98 -37 15 53 41 66 30 73 -37 -54 -45 34
6 78 -43 32 81 -26 44 62 44 34 9 -19 86 10 -21 -38 22 -68 7 -80 45 -93 -66 -3 -56 93 -13 79 -23 77 0 99 99 82 9 24 69 -19 -94 17 51 -93 1 71 -33 100 -64 -17 -50 72 -99 -26 66 -9 -58 -8 83 19 52 -81 -55 92 -1 61 -98 -68 15 -81 -17 -19 -84 9 -99 37 93 19 -84 -95 71 83 88 -12 -31 -65 38 -69 7 -94 38 -47 -15 -92 20 59 27 84 69 -71 77 -99 72
33 24 45 46 -2 35 -71 41 -48 84 -18 76 -44 -18 60 89 23 -83 62 84 83 5 -96 8 49 24 -57 71 -98 -68 53 -97 -96 97 -82 18 -95 89 -77 68 15 49 -76 79 13 10 85 33 30 -15 38 62 -6 -86 76 4 -68 -35 27 -82 76 -28 26 39 8 -60 40 -28 -20 -35 66 -20 16 -99 90 -7 88 76 58 38 14 48 -4 -52 27 -79 -73 41 0 -39 -13 -21 -39 78 -10 24 -60 -48 23 54 -38
28 -4 81 -9 48 90 28 -75 -46 -39 -19 91 -70 59 -9 80 69 72 -70 -18 14 -58 4 22 -85 38 -100 15 63 54 38 -70 79 51 83 26 25 -34 -22 73 45 14 -58 -75 -20 -59 -30 -15 -66 -86 -88 -18 -49 -12 -26 -82 37 -42 66 70 52 -75 32 64 29 -57 2 41 -67 0 94 44 81 36 48 64 12 59 71 37 -36 -53 -50 -7 -84 99 29 73 -89 54 -14 -43 42 -76 -14 55 53 75 -1 99 -65
-2 39 72 -15 -12 -59 -62 49 -26 -93 -27 25 -84 -59 24 -52 -22 -49 61 52 -25 96 55 -16 77 -24 96 30 -35 28 -84 -76 25 -43 -7 -35 -84 -40 -100 -59 24 84 -14 -67 73 -4 91 -64 -79 -14 71 42 60 7 92 -10 -42 -97 37 -83 71 -76 -42 -25 -23 28 -11 48 -96 65 -33 64 3 -40 94 -43 35 -16 -43 96 41 69 29 1 -78 96 82 91 63 70 -54 27 -48 66 79 -61 -75 37 62 81 -3
-46 -19 82 28 3 77 -90 100 -87 45 23 80 -70 72 -58 -91 -74 71 -56 -77 -11 -20 -3 61 -25 -10 74 63 -89 -17 -44 -72 75 -40 81 53 80 -95 70 -80 80 -91 -91 -47 -15 -40 -34 70 -14 55 46 82 -65 -78 9 -87 -27 -31 -67 -45 -76 -77 -29 70 -46 -21 21 4 -78 -22 -38 73 26 -55 52 -48 54 5 34 -14 23 12 31 4 -33 81 52 49 72 -9 8 88 -31 38 -52 -96 -52 -95 43 -80 60
-79 47 -47 86 81 -15 94 -6 -10 -46 -90 65 21 49 -26 17 40 49 -16 -19 45 0 -63 58 -5 -65 -34 8 -5 -9 -31 -65 90 -63 -26 -72 -5 24 60 3 -63 41 16 -26 58 -17 -72 94 85 28 14 90 45 64 -55 -9 -53 2 -69 72 67 9 -53 15 -21 -12 3 11 88 -95 -71 56 30 94 -61 2 -86 41 36 62 -3 79 24 61 10 78 73 -96 -55 -29 9 18 -47 -73 75 -4 9 37 19 60 -47
80 70 86 -63 83 -76 -51 -55 -75 30 -8 41 -84 72 -26 -73 -91 49 -80 -26 -36 -100 -32 -6 -88 15 35 -69 10 53 100 -45 89 -83 -85 52 25 -20 6 100 29 -98 -57 -25 -24 -27 -7 -71 -7 -97 49 -24 -24 63 82 52 19 -62 -45 -13 7 -37 -68 8 -19 13 1 -45 -77 -34 6 25 18 -97 55 39 57 58 -13 -17 86 -94 -73 -27 22 -78 45 94 -96 15 77 -73 51 33 -64 53 -63 45 -15 79 -96
-1 90 -45 91 38 17 33 67 -36 79 86 26 -2 70 93 -82 74 -34 81 -35 -29 38 -31 74 -26 -31 86 89 -36 43 25 76 -11 -11 -6 -86 -88 -91 -80 61 14 47 93 -18 -36 10 -62 95 54 15 50 -11 -31 94 54 -14 -32 9 -95 -4 -35 54 -71 -4 85 -46 -61 61 98 2 22 -76 38 -86 23 -91 68 91 -50 -82 -23 66 -30 -72 -47 -33 -80 -35 -66 31 -98 -77 10 0 -14 -19 -64 60 -14 70 -81
79 36 19 21 -87 -22 -15 99 52 -34 90 47 -29 -56 -2 -31 20 40 66 -68 23 -63 40 46 -90 67 -75 90 92 40 84 36 -72 2 64 66 -71 16 40 41 -1 -73 97 -26 -52 63 72 -43 72 -25 -95 82 -87 -29 67 -49 -29 5 -15 12 64 -99 52 -45 -50 -52 -16 13 6 -69 22 -10 55 -89 64 -8 68 -2 29 1 100 -94 -6 42 65 -3 32 -74 -88 48 -77 46 65 43 -43 -28 67 29 -12 -66 -87
-68 -50 -22 100 -94 -26 -75 -33 -76 25 79 -51 5 17 60 49 84 -50 10 -78 -3 98 55 -39 38 -25 48 100 -53 17 24 -62 38 19 -50 33 -100 -91 -21 37 -68 21 -44 88 -52 -81 96 30 29 -85 -46 -48 -1 -78 3 46 -54 11 60 -50 -52 -68 -93 44 -87 -18 48 -88 93 -40 -68 90 -31 8 -81 -52 -14 98 -43 57 31 -46 48 68 -16 -38 -86 -36 -63 62 53 -86 -56 40 95 -34 -15 -13 -63 48 -4
-82 98 80 -24 -83 -19 -62 7 -23 16 3 -73 40 81 42 48 -2 67 -23 -30 81 94 48 -88 -83 90 -30 71 58 72 20 76 -62 4 10 38 5 -73 -26 66 35 -28 -83 8 -72 45 -52 62 83 -66 33 -92 33 -36 -4 -43 -91 -37 -78 -88 -81 15 -17 35 93 35 20 -53 8 45 21 78 17 9 -27 67 67 -39 -69 94 -85 100 36 -89 3 91 -9 71 20 71 -76 -48 -9 53 -45 100 -97 26 -24 54 -13
-68 64 -92 -11 48 39 -2 80 53 -53 -83 -60 96 90 92 60 -56 33 66 -26 10 -42 -62 -10 -67 -23 54 -72 74 51 38 4 12 51 76 -24 39 88 5 -77 -10 -7 -17 -88 -84 23 31 -88 95 43 37 22 -54 92 11 77 -39 -82 -93 35 15 56 -84 -87 -40 -69 -37 -20 81 -88 0 -8 -67 100 -26 -36 -10 26 -80 72 -91 -64 -84 -47 0 9 -43 11 -20 -70 -63 6 34 -42 -2 60 21 15 -41 11 30
-70 -1 88 18 33 -81 -13 43 -62 -95 39 59 -6 -9 5 -22 56 92 89 -88 -29 -37 -86 40 55 16 -50 31 33 -60 -7 81 -22 -4 84 23 78 -92 -76 38 -4 -48 -83 18 10 26 -44 11 -18 37 -22 6 92 32 -84 -17 43 -13 -100 -44 61 3 64 49 -69 45 78 -1 82 9 -68 54 -28 -46 44 -74 21 -81 68 -62 -90 53 -78 -18 -59 -34 28 -48 -98 45 45 -16 89 89 68 88 -60 -69 -89 -55 89
-7 43 -71 -23 -68 -89 17 -74 -70 -75 95 95 23 98 -74 59 34 25 91 70 6 77 86 -58 -25 8 -47 -6 -41 -58 -25 -75 90 87 76 22 -50 -2 -80 -64 63 -36 88 53 29 10 67 -90 8 81 -65 -58 -59 37 98 -9 -78 2 -23 -27 -10 -75 -96 29 89 -35 83 92 79 -65 87 41 -46 67 20 -82 -16 -84 81 -80 -55 49 0 -24 -63 -15 -73 35 11 36 -38 -16 -14 -20 59 -49 -48 -72 -11 0 44
-53 16 67 93 49 36 20 96 87 -21 38 -35 14 61 -90 -55 3 15 -70 34 -45 12 -79 37 50 9 74 57 -52 3 -64 16 63 8 88 68 -60 97 66 -88 -81 -29 75 17 25 5 62 72 -89 -73 2 -42 -37 -12 -47 8 10 5 -98 -4 -56 -96 56 48 75 42 73 -88 -96 -85 -46 75 -40 -38 -3 -46 78 64 -49 9 77 28 -48 8 -27 -75 47 73 92 -87 15 27 7 -93 -14 -8 -62 11 79 46 -10
52 6 -83 51 53 -36 -72 -45 32 -21 -24 -51 68 -13 -35 79 -1 79 92 -8 -47 96 67 -42 -50 8 81 89 -46 -81 45 57 24 78 -17 -21 8 2 -10 -20 -36 -77 -25 63 -44 50 -41 -96 28 9 -91 95 3 -15 -85 4 35 11 100 3 -93 88 -6 -33 12 -52 35 5 53 -75 -72 11 76 57 90 78 -89 -97 -69 61 -86 91 96 -89 60 -82 93 12 0 -26 4 -64 63 61 20 42 -26 98 -31 -67 16
-99 13 45 90 -79 -80 -52 -7 5 -42 -20 -55 -96 -36 -40 -65 -3 59 -94 2 10 -52 -71 -40 -21 -11 61 -96 -93 -97 96 6 -85 -70 84 18 -11 45 57 21 1 -21 7 -36 -3 -45 10 -15 38 24 -75 -70 67 -52 47 66 67 80 -42 27 -56 -49 10 -79 -51 76 -89 11 83 -72 -29 -56 15 66 -85 55 -100 -75 72 89 62 -59 61 7 15 -20 -98 73 -80 -20 -51 -17 -64 32 -17 -93 -63 61 37 93 25
50 2 29 89 -4 -14 -91 -82 -97 82 68 -62 -52 -63 16 -100 30 22 -89 -57 21 -90 -66 18 99 56 -25 45 6 -31 7 -84 -65 -77 99 -4 2 -37 -34 -21 78 -84 -84 13 -90 -28 2 69 78 40 7 38 -25 -26 69 -2 -28 -92 -27 37 -87 -64 94 60 -40 78 -59 96 3 32 35 -56 -86 74 -86 99 85 31 92 -18 81 -22 -3 73 -21 2 63 -41 -8 22 99 -73 16 -57 9 -55 40 -62 -56 -65 -73
11 40 20 -63 -89 -25 46 25 9 28 94 31 -93 -77 58 96 9 -26 10 -75 23 95 -10 -92 -98 31 20 17 -5 47 -88 5 -35 -13 56 -14 6 2 -49 -92 98 -99 62 100 -48 37 -48 -27 -53 5 52 -76 -39 -81 56 -31 -36 27 -14 82 -97 -88 35 58 62 -18 -99 -45 10 -71 87 10 83 52 54 -75 -97 67 91 -41 22 -99 20 98 9 -94 -86 99 -1 -14 38 71 -57 51 55 20 -98 -73 -14 -21 -82
28 31 41 66 0 -58 22 -73 -87 -17 -92 62 -56 -63 94 74 -89 38 -28 82 -39 33 69 94 -51 -77 -12 -40 3 -36 3 88 62 45 -57 -77 71 -46 88 -41 89 -87 -85 21 -40 -99 80 42 54 25 54 62 -65 -44 71 -94 -87 -65 -74 -3 -32 98 -65 98 5 -94 85 -19 -82 -4 -87 86 -29 -78 30 -61 10 -53 -42 40 84 80 -20 98 -63 -84 -75 96 -72 -68 -58 0 -31 -4 46 80 -64 -59 52 -41 -71
20 72 63 82 13 47 24 -55 48 -6 -52 19 33 -34 59 42 -73 -8 51 -95 94 38 43 1 29 58 60 92 42 -98 99 89 33 75 -75 -12 -66 66 -97 57 73 66 28 -97 3 73 -29 -77 -51 -55 -67 -35 3 8 -9 -49 -22 70 36 -18 -56 -25 68 32 -81 -98 16 -53 -65 -49 -43 15 66 89 87 -10 50 19 93 91 56 -72 41 66 67 -31 -45 77 29 -59 -86 36 4 -43 -46 38 79 73 -62 -9 -83
94 87 73 5 -25 14 -87 75 1 -99 86 -11 -16 -92 -87 -17 14 52 42 72 -32 -23 2 -47 -21 2 -47 63 55 -22 -79 -99 41 53 -38 35 64 -82 27 -57 50 -4 62 96 -88 44 89 87 43 -75 23 94 -51 4 89 34 -31 -22 -95 -51 -3 -58 42 73 -6 -52 -50 51 97 -93 -7 -70 45 84 54 61 -87 -21 -58 6 -31 49 24 68 -98 67 3 -100 83 22 -73 59 -65 53 26 -83 -12 -73 -80 93 29
-2 5 -1 -11 -66 -49 -75 -93 -85 90 -84 -56 22 -93 17 -33 -55 -43 6 -79 16 70 -7 -20 51 61 -68 52 65 43 82 80 -39 -51 -32 91 -44 60 84 -75 -48 87 57 92 -60 -29 4 -19 -32 9 -29 84 87 -16 34 32 -92 25 12 -72 84 -36 -80 48 -83 57 69 69 57 -78 -40 85 0 53 95 90 -88 -13 -5 59 -54 74 82 62 90 71 49 50 -87 -87 -83 -61 20 -42 -54 -85 73 -83 53 -9 22
85 -34 -69 -13 43 23 47 -3 -49 90 50 -93 23 -83 71 -96 41 14 31 -21 -41 -10 86 -22 -19 9 -11 -55 16 -36 -45 79 23 -46 -62 -67 -90 7 49 -57 10 -58 24 59 71 -76 79 -81 48 -80 6 -71 22 61 35 100 -6 -38 -74 -35 -54 3 87 -43 3 -82 98 -99 31 70 4 -81 -73 91 -96 69 39 -82 -70 66 30 -58 -34 74 79 95 99 89 22 30 -68 -44 -18 -91 -33 -70 70 19 -82 -16 -75
18 68 -50 -24 -39 -70 -61 -2 36 61 14 77 62 61 -87 21 32 53 29 -32 -2 100 -63 60 100 -3 -49 -46 68 -24 88 -91 16 -47 12 82 -84 60 -3 -40 -94 75 -84 38 64 -41 -23 56 -50 -46 64 -10 -48 -9 -94 -90 -99 -63 -80 35 11 -6 15 20 -73 -40 79 -24 -86 -26 -10 -85 -37 40 97 59 -48 72 -71 -92 92 -61 -7 -69 7 48 -51 -35 -32 -74 -81 47 -39 -68 -89 -69 51 -88 -22 -73 -4
-46 16 98 20 -24 30 20 -8 -45 54 27 -70 -68 47 86 -88 87 -62 2 29 -44 87 -54 11 50 -34 19 -80 -48 -1 -8 1 -80 -64 -72 61 -87 79 79 59 49 19 -38 -43 -34 71 56 -76 -58 -35 -4 -25 88 -54 -33 46 96 44 -89 -75 42 -77 66 37 75 96 86 39 -42 -9 17 39 64 3 100 77 78 -100 -74 95 98 17 -47 6 -69 19 -95 1 -42 19 94 -5 55 43 44 -73 -71 -90 80 -47 63
-71 -66 -56 -75 77 -25 -78 -31 -70 -92 -76 -73 -62 12 99 -54 -70 56 -18 -74 9 12 -40 -3 -90 5 58 -81 25 -68 -98 77 32 82 83 59 -69 2 41 80 -90 12 46 25 -6 -49 38 19 -11 56 80 72 57 14 -56 3 -59 -25 65 -81 -91 7 56 27 -6 -92 12 -80 98 67 -61 72 17 -69 -37 -65 87 -59 27 -80 21 -45 -32 -94 -78 28 1 24 14 30 7 -48 73 -23 91 76 -53 -68 -71 -12 -78
-10 -25 -74 37 -87 -48 -3 24 -26 -14 -81 47 -42 17 17 -82 19 14 -10 72 -35 79 3 86 73 -22 83 71 90 -64 98 -56 -92 -15 15 -3 86 -79 74 10 -47 -44 -6 25 82 54 54 -23 -5 32 -75 83 12 79 66 -47 24 -20 -63 -89 -52 42 -95 62 -7 12 55 2 15 -30 -12 80 12 -2 -40 84 -37 -18 99 -56 89 76 2 1 38 -16 -89 -55 100 -11 17 -25 -91 -76 50 -100 6 -22 86 1 52
62 -13 99 -27 83 -31 25 -16 -1 -57 -36 -95 -59 -20 -47 47 97 -33 90 77 11 -70 -10 -87 -65 62 -59 -61 14 84 47 96 15 -88 93 -3 -32 -99 -28 -36 -8 -11 -8 -78 -56 18 -69 -75 -87 -82 -46 1 87 -27 -7 31 -21 -99 73 88 74 27 14 -57 77 -77 71 85 -2 29 36 -27 98 91 -21 -81 36 -70 -62 -99 97 48 56 -17 29 41 25 40 80 -22 -79 -48 -83 99 -54 54 -85 -98 58 -28 -61
53 -18 -47 12 -10 -11 -83 -59 -43 79 46 -68 -77 -56 -22 -45 96 20 -38 33 -12 -70 -48 -99 35 -6 82 82 93 37 29 87 16 3 -98 12 -100 13 82 -13 16 -3 -90 -5 -91 47 54 -32 -79 -86 33 -20 -99 14 29 3 -75 12 -65 47 -38 24 22 52 65 42 96 7 14 54 -53 65 -100 -59 72 -80 -72 -49 -64 -94 -93 -78 94 95 -61 44 -82 -88 -48 43 14 -8 63 -13 64 65 90 -9 -35 53 10
-15 -13 23 -68 43 -10 -60 83 30 -41 86 3 78 -17 -1 56 -98 -83 -31 -73 -83 71 -55 49 43 15 -6 16 7 4 95 -52 44 87 -70 -94 -23 -51 -40 -41 -29 25 71 -77 -98 -7 40 -72 -19 -5 85 -30 -39 73 89 -5 -86 99 -15 -85 -27 -19 76 16 -71 12 54 -60 16 -12 4 -30 -14 86 44 -60 24 -62 -20 -33 34 92 41 -35 -71 -80 35 68 75 -68 -76 15 -6 94 77 13 79 57 66 65 44
70 -42 59 19 42 -76 -24 -55 -32 -11 69 -37 4 68 -90 -74 81 -31 7 38 -86 -72 -82 -66 5 -38 9 -48 62 -84 -52 81 -17 -6 -22 -30 -52 -58 56 27 40 73 -91 -37 71 -82 70 12 -20 84 15 20 -5 4 -56 45 -66 -9 -35 -82 -71 -56 39 -23 75 27 19 11 -82 92 -49 -92 -94 -98 -62 -21 -15 -12 93 -55 -40 -69 -9 -2 -50 -55 0 -62 -7 7 38 -94 11 23 37 96 -82 48 -94 -94 98
9 60 -28 20 100 -30 -25 -81 -37 -37 68 -3 -61 -85 -88 -17 48 35 -35 -57 -30 0 69 -57 -79 32 20 88 -91 -68 -65 -91 -56 1 19 -12 0 96 69 -61 33 -98 95 -1 41 -52 -10 -68 -66 -26 100 -71 -58 7 44 18 -68 67 91 -63 67 -55 1 86 -71 66 -55 100 77 -71 55 -18 -7 14 3 90 -81 -95 -30 4 -83 -85 -84 -73 69 23 13 -61 91 -16 88 -5 -75 -91 -81 76 33 21 -83 -43 -67
-98 7 -33 96 24 24 -78 -32 -100 74 -51 61 -49 -42 -80 -93 73 75 -45 -4 41 -9 -76 -3 23 -6 -81 19 88 54 -5 50 34 30 14 -80 0 7 23 33 -6 7 -33 -74 -41 93 60 18 -38 41 -22 -63 96 -54 96 35 -69 19 34 89 56 3 12 1 57 21 73 9 -39 -97 54 33 -100 -63 18 32 94 2 6 19 72 17 -70 52 -85 77 -95 2 55 -49 -99 -56 16 15 -89 -46 61 54 11 18 -14
53 70 -35 38 85 90 70 -50 71 -83 3 20 -82 -44 -6 -17 -58 -79 -20 90 -38 -13 -17 94 -34 -49 75 -19 -29 7 5 70 -84 -14 94 94 40 -2 85 -61 -51 63 -78 52 -8 -3 -17 20 61 -69 -83 -19 22 54 -30 -71 -89 66 44 -71 36 18 96 -68 23 24 -45 10 20 -55 -24 97 -2 38 10 -86 -28 90 -58 -81 -23 26 47 41 -7 61 -15 -41 -73 30 -92 34 58 95 75 -92 -14 11 71 -47 -50
-94 -62 64 97 54 -17 -18 26 -70 87 -34 -18 80 34 89 -69 -35 -99 -71 10 32 -78 56 -49 40 62 46 -58 47 97 67 -39 83 50 -9 88 10 88 -31 -95 35 1 -64 7 -88 43 -40 -85 83 -28 -60 70 -29 -9 29 59 82 -48 -26 92 -72 54 -44 -37 80 12 97 18 45 34 68 -67 -86 -22 20 88 9 -62 -62 -99 63 16 96 -39 -18 -59 76 11 94 -68 -64 -92 -50 7 -43 61 -77 -76 -65 -52 -50
56 -19 -80 25 77 -53 -40 22 1 10 -36 -15 80 -13 83 64 5 -85 81 23 95 46 27 -21 92 -24 69 93 19 -2 60 -22 -100 -58 9 32 -91 -20 97 46 -82 -79 -39 47 -27 -33 -7 -65 -98 58 12 81 -53 44 3 -57 7 98 91 91 -12 47 50 92 -63 35 -92 6 11 -49 -39 94 -50 30 58 67 -65 72 -30 -52 82 -32 19 4 19 -52 90 -7 -85 -75 -80 -97 84 -1 44 98 -63 51 -64 1 -86
88 33 -15 -70 -84 52 -90 -14 -93 96 -71 9 55 88 36 36 -61 45 -21 -26 -47 94 -17 34 -50 42 44 -37 59 40 45 34 94 -66 -99 56 -8 95 -27 31 -100 95 25 89 -57 -9 84 9 55 49 -82 -25 88 -58 -32 94 66 -2 91 -62 92 78 -37 -93 -33 -82 42 -76 83 -12 42 -62 48 -5 36 31 -34 82 -61 -53 -26 18 74 -19 -54 9 -48 50 -1 1 72 25 -52 62 -41 70 -30 18 9 -94 55
-41 31 -30 -98 -64 -14 -56 -15 11 -38 0 -73 -1 42 16 8 21 16 -69 -83 52 95 -97 94 -38 12 73 5 55 20 -97 66 -84 1 68 71 -55 -44 -8 36 90 23 -81 -3 34 -4 44 -24 75 -59 7 44 -16 -84 -75 -93 -38 -68 46 95 69 75 71 97 25 -65 18 -80 24 44 72 31 100 70 67 28 96 -78 -47 -91 -99 -3 -76 67 -64 93 78 -76 -14 84 -89 -51 96 -100 97 80 -27 49 -7 41 -21
-18 -85 85 -75 -38 -43 44 95 71 -65 -27 46 25 5 -3 -89 2 65 84 -4 78 8 62 48 -98 -21 -84 92 33 96 33 49 1 94 -45 98 74 86 65 -9 31 -68 49 -94 94 -89 31 -13 -92 87 -38 -21 -11 -99 -31 85 -95 -5 38 53 -35 80 14 -50 84 -9 90 78 -17 80 93 -20 -48 -59 74 94 -6 92 17 -63 -96 89 -31 -78 91 -93 -76 -85 -72 -63 -1 -9 36 21 46 32 20 19 -2 -51 82
47 -72 -77 90 -87 70 -13 -37 -6 29 -73 -5 -38 80 54 3 -3 66 79 -53 -39 -91 73 -23 -58 24 58 -82 -72 -27 84 100 79 98 87 -50 64 1 76 79 90 11 -96 -91 42 75 65 -52 -47 93 86 -56 -27 30 -3 -97 -46 76 64 -84 83 37 40 14 -48 83 -21 -40 -94 96 -97 9 42 85 52 -5 7 -77 62 98 -71 63 65 39 -11 -47 -37 -65 0 25 -90 97 72 58 45 35 8 45 91 -17 66
-71 -90 54 33 51 24 -36 -45 -28 -21 -83 -15 43 -5 -37 -96 76 69 -95 -29 -28 -56 -64 89 11 -5 -52 20 70 -92 65 69 90 -62 -79 -57 15 24 -72 -49 -57 -66 42 57 46 96 16 88 20 60 -37 -89 -18 -20 -37 40 -25 55 -48 98 54 -37 -1 -42 24 -85 15 42 -36 -81 -39 -25 -85 7 -72 32 28 77 -7 38 29 -85 85 49 12 -98 88 66 -65 50 -10 -67 86 100 -79 -31 -80 -79 -48 66 -91
-59 4 -20 -69 20 18 35 4 77 55 -40 7 -18 -87 83 -95 -26 27 75 43 16 95 -54 28 -8 79 -58 100 13 88 -39 13 41 9 -82 -60 -6 -39 -8 61 64 -3 -3 -85 -75 -83 79 42 -94 17 28 57 -59 54 -51 -34 -42 7 -32 61 81 28 -97 8 -82 -99 89 80 58 71 -10 73 98 32 -94 -17 -88 -44 1 -86 23 -91 35 1 12 -17 -63 -2 9 -25 -52 -81 22 13 98 18 -51 5 31 35 29
82 -21 11 -19 -32 -11 65 0 55 74 83 19 31 -36 96 17 -35 31 -66 -52 15 88 -80 -72 70 80 9 -5 46 48 -93 35 31 23 63 5 72 -6 34 99 32 86 -28 -15 76 31 -44 -91 -5 -51 70 -32 54 -30 -67 -72 -18 -79 -73 -29 -76 -52 -14 -73 75 -55 90 -43 52 12 91 -81 -50 31 84 -11 98 9 96 87 -25 -62 -92 -67 -68 -26 -94 -66 -59 88 -6 63 59 -47 -100 -93 5 74 19 65 -61
19 86 -91 -17 -25 51 69 -16 18 -36 -86 88 96 88 -99 67 -44 81 66 -62 -99 33 -97 49 58 -41 -9 84 30 -28 95 81 -31 98 -15 -15 -96 -4 -44 -26 -3 -45 42 35 55 -56 72 27 87 44 89 -17 11 98 20 -90 -38 24 39 -30 26 84 -56 70 5 -95 -13 34 -75 94 90 -90 83 -89 -20 9 86 4 -62 -21 27 55 76 97 12 14 -41 85 -22 -7 -57 -3 80 48 -29 -70 -76 50 -11 -93 12
22 -4 16 22 -2 -44 85 -80 -19 54 17 59 95 -71 -58 -32 66 75 -5 -5 4 -70 -36 96 -82 91 -74 -37 37 72 44 -60 -27 18 93 -76 67 -65 -76 -82 -40 -10 -1 -26 -85 -20 23 -47 -71 77 -96 -96 -15 -4 83 -63 -72 90 -46 54 -71 -70 73 -35 35 -49 -45 89 -58 46 -47 98 -61 13 -54 -64 38 -5 -36 69 -91 -92 -55 -78 -34 27 43 22 -56 100 45 96 -23 -73 -81 39 21 -93 78 -14 90
-6 7 82 -7 7 -79 -22 -2 -74 -11 -77 -13 59 2 74 -18 26 -18 -69 87 85 85 -56 -70 19 -3 -52 0 20 29 88 -24 7 86 -45 -92 23 -16 -24 85 96 9 90 -38 -86 64 -50 11 -52 -49 -53 -89 16 -16 93 -50 -26 -42 51 -35 65 86 -77 -49 -61 -76 11 -75 76 -88 -43 -61 -33 25 -82 23 -65 65 -43 -25 -78 26 -58 -62 -39 56 43 -58 -2 70 -76 -98 6 36 -40 22 86 23 -2 44 -7
29 28 13 38 71 45 58 -74 -100 -99 44 25 35 27 -4 30 -40 32 -58 26 21 29 -44 -73 -51 -74 45 -46 51 7 39 -5 14 79 -54 30 89 -62 47 71 84 33 25 -75 -73 -39 19 -96 -30 23 36 -27 97 -65 -75 -31 -92 82 -92 -45 49 79 34 56 -12 -68 -65 -62 -11 76 77 88 80 -14 52 -2 12 -70 91 71 -13 -22 47 -91 -3 72 86 25 27 -41 14 -27 -4 -48 56 54 -64 58 42 -25 33
