81 67 -6 72 26 -4 -27 90 55 45 59 55 84 -50 4 -63 15 -78 -20 23 -98 36 28 -30 93 51 33 49 38 -2 95 31 38 -94 -88 -24 -53 1 -15 21 40 -1 -76 -32 29 -47 -8 13 1 86 24 -26 -55 83 -2 26 -43 -4 -80 38 -23 46 8 30 -92 -75 -44 31 12 -2 68 63 -96 -64 72 -1 25 -81 42 -62 100 54 -1 1 -27 -55 35 26 -19 82 -44 -50 -9 -42 -35 86 -44 2 70 1 23
30 33 34 37 59 -86 74 73 -81 81 -77 58 16 -45 73 -96 -85 -92 42 90 -71 49 -7 90 -72 -54 78 39 -7 -44 -59 -35 21 -16 9 45 -55 -34 10 -1 76 2 -71 28 46 -30 -84 -22 -74 86 -55 -45 -68 4 80 83 55 -25 -65 78 52 1 26 -2 -10 -51 38 -25 23 -86 39 -16 9 -80 -100 -69 -55 -47 -32 58 -43 55 33 61 36 22 -87 -18 -68 -58 79 99 20 -53 -39 -19 -65 -56 -77 60 -81
-10 -5 -5 37 -13 -65 8 17 62 -61 17 18 47 71 94 52 50 68 -68 -5 31 70 28 -1 -25 -79 -14 62 9 -52 54 60 43 1 46 -23 -93 86 -23 -46 -92 62 -59 -3 -65 97 -21 18 -98 -10 -71 70 19 73 -16 -100 -80 -30 -12 -62 -3 77 -55 -2 70 -32 5 11 36 -39 -28 -2 63 19 -38 -9 81 -88 -21 -2 -68 -14 45 87 49 -66 3 20 -71 -80 -36 -85 -92 99 -53 -33 5 36 -59 -77 -56
5 -56 78 65 1 -95 -16 -95 86 49 57 -35 -17 -46 -44 -20 39 -83 96 2 -100 -28 -59 9 4 -7 14 -19 -42 -64 48 -93 66 -19 -47 -92 -81 -9 47 71 -95 92 -67 -73 -74 -90 69 31 -32 64 41 55 -77 -36 1 47 -55 -19 10 -91 80 -2 -7 -76 20 65 19 -40 -96 -66 24 51 -93 -99 -64 80 -50 -69 8 -66 -92 56 -78 -91 8 46 28 -52 86 -79 87 40 35 56 52 -78 -62 -63 -8 -47 0
-10 12 -26 -37 64 -19 93 -50 78 -58 -73 79 -79 -80 -67 83 90 -32 -58 -72 58 59 -35 90 -15 25 100 -84 49 -16 -44 96 -47 26 77 82 21 86 -19 -83 46 -72 31 -68 -99 57 16 -55 61 8 -55 70 98 -61 -44 -90 -99 11 82 -68 -33 -100 43 -20 73 13 39 39 -91 19 -64 70 53 -30 -20 91 72 97 -21 42 23 38 79 -100 -72 -94 97 34 38 -3 -5 -26 -31 -24 39 6 65 -80 96 27 -17
57 -20 74 -90 -41 -73 54 -54 65 59 -20 88 69 -67 -82 84 2 -90 32 -28 -98 -97 -69 18 -9 17 -34 78 82 58 80 -62 86 6 53 -49 42 56 -56 68 23 3 -19 22 26 -32 -74 93 51 52 -8 80 -32 -10 27 -43 -85 74 70 -26 95 73 80 -28 -13 -30 98 -39 -70 -83 -70 52 71 6 54 3 68 96 -63 54 95 -44 27 78 -1 82 40 3 -87 -43 -96 79 5 17 -75 13 -89 85 45 93 55
56 16 82 6 -25 -15 -90 60 -10 20 49 93 64 -13 73 -9 -63 -86 77 -70 63 62 70 18 -75 -86 -73 29 -88 -42 20 12 -22 66 80 -61 0 63 -6 64 -26 -15 46 37 79 92 89 26 13 -6 61 70 9 44 62 -16 -36 58 85 39 97 -55 -37 -78 11 -62 14 89 47 17 98 -52 -71 -56 39 1 59 60 -38 53 -81 -3 -20 88 -24 13 60 71 62 14 90 -25 -24 48 -90 -14 51 -97 -78 72 -69
-45 72 -21 41 -26 -92 3 -65 -76 47 69 -73 -11 -83 51 35 75 77 20 -32 -42 94 75 -51 39 -73 -21 -66 -26 -40 66 41 -86 -66 -97 -85 97 -31 -81 -40 -95 56 70 -73 33 -90 16 -90 27 86 -9 82 -72 -42 -47 58 -22 -61 -50 -82 6 -23 -52 -16 12 -61 -37 8 -86 -23 67 -1 4 71 16 70 74 -33 -79 -48 32 -87 61 37 -75 -7 8 27 37 -96 3 41 -74 -69 -98 -26 -9 -43 70 38 34
4 -20 -49 76 45 -66 -79 46 13 45 -39 23 47 -68 -73 -31 -69 57 -72 77 28 5 74 -53 63 41 69 -1 -46 54 19 87 4 -46 -23 2 96 0 -34 -73 82 -61 -38 -32 -68 71 -29 -11 -28 74 -38 43 57 -25 -67 -30 -85 56 -46 -87 -80 -62 65 -37 -95 79 89 -4 77 -87 -100 -65 72 -63 -18 32 17 5 -41 -63 -26 26 4 80 -84 -44 43 -20 32 -37 81 -40 -15 46 40 -17 92 -62 -92 24 27
-90 -23 21 9 -19 62 -40 48 -28 97 -82 42 62 27 -79 85 -75 -24 43 36 -73 -74 -1 -77 92 -27 39 97 -54 -84 -49 -27 20 -62 -29 0 -13 -77 6 -83 35 -65 5 4 -92 81 -85 85 71 21 38 -69 95 -99 87 72 -20 13 -90 90 -10 33 84 -47 86 83 -47 66 -37 -59 -58 24 29 67 11 -74 -42 30 -54 -23 -82 -99 99 -72 4 61 -53 -33 66 90 34 -25 13 98 6 64 84 -38 79 -74 58
-61 -20 62 47 72 17 -80 88 -33 96 35 96 -90 -71 92 -69 91 85 -8 -32 -33 -87 -59 -100 98 -78 -3 7 -41 -67 -85 -29 -8 95 -48 -83 -21 33 90 -88 -36 23 -92 64 -41 62 -31 68 59 39 0 -66 -17 -99 89 99 11 -85 -8 70 -93 -72 13 3 73 81 -53 -15 0 -93 -16 33 -15 85 -1 -47 73 10 85 36 28 -89 -12 -24 -55 -93 91 33 30 80 -19 89 58 -78 -10 78 -11 -7 -73 -100 33
45 35 -80 -9 4 98 -76 -5 -80 -64 -58 71 -100 -9 -96 20 65 -22 -9 23 -62 -13 -22 94 -76 77 -37 -45 -47 -99 -16 27 -10 53 -50 25 -30 -11 47 -50 30 -37 13 -43 8 -24 31 -24 -61 -16 -58 -57 -30 -76 -60 -34 -68 -24 -70 22 27 -55 -93 -31 44 -38 10 94 43 -29 69 -38 12 -89 -61 43 67 21 -10 24 -49 87 91 -71 -37 -12 35 27 -71 34 -95 15 -7 44 -47 77 -100 19 -83 64 -21
8 -39 54 100 28 -48 31 83 -19 -27 8 -37 -40 83 -24 -77 31 52 -19 -17 -79 -15 92 94 49 -38 7 -32 -18 6 -32 -14 -47 14 70 76 -95 -43 40 -25 89 -71 -7 45 93 -85 -84 4 -46 28 -44 19 -85 -57 54 65 24 26 -20 -19 -25 37 32 33 -77 -25 80 29 32 -3 -4 -36 97 -53 13 81 13 57 35 46 -43 -94 31 61 -1 68 -10 -85 -66 -81 -49 89 46 49 85 -75 20 9 -59 97 -93
57 -97 -9 70 -40 97 -45 57 -97 -62 -14 -85 90 27 56 55 21 90 -84 74 -23 20 63 51 -52 -15 46 77 -70 92 -52 45 -1 -100 15 57 -98 -100 -9 -22 10 -63 28 39 -65 87 -48 -95 45 -24 92 11 -18 -56 100 96 8 39 -10 90 -92 -72 48 -26 81 59 -92 -32 -86 -56 -8 -10 31 75 -50 99 -50 -85 -85 -52 -89 -62 -79 3 96 -4 -14 -71 92 -64 -44 83 27 39 -61 -67 -53 34 15 73 32
-86 62 64 -99 4 24 13 -27 92 82 2 44 -73 25 -52 -66 -84 74 -78 -1 -88 88 50 51 -10 -23 98 56 30 31 -58 -7 -82 82 -90 9 -33 -70 36 -89 -45 30 -23 -73 72 95 41 0 37 -46 68 -77 -36 -69 -9 -31 -98 56 -78 -5 94 7 28 -34 -63 39 67 33 -7 -79 -30 -54 86 -36 -49 -47 -25 -47 -40 82 -63 33 31 53 -99 -57 75 95 -90 -5 54 -27 1 52 28 17 -100 62 54 90 -10
42 20 -29 -73 -70 -84 -1 66 63 -11 -53 81 -67 84 3 24 -90 9 26 -24 -30 72 -90 31 61 -76 38 66 91 61 -99 -30 91 -92 12 45 19 49 -36 -74 95 -35 -33 -33 10 -82 95 69 99 64 19 60 80 0 -95 80 23 61 -72 -90 -40 -79 84 -38 56 -62 11 -2 43 44 -17 94 -91 -33 40 84 22 39 -43 6 21 -86 68 -62 78 28 62 89 98 -44 -90 -27 51 -7 -64 -96 87 88 36 -69 80
25 -5 74 -90 24 -65 -20 -55 -58 -77 67 6 46 -98 24 30 -85 -79 -10 -82 -58 42 71 26 -1 99 -85 88 100 -92 49 -68 -81 26 -71 -26 95 -26 -51 62 -4 -17 88 31 49 -36 76 -75 -43 75 62 59 86 82 -59 -2 -39 -19 0 -51 -90 5 -85 44 -2 28 -42 -92 -73 79 93 -70 -39 50 -57 -38 88 90 32 -93 -82 -7 -49 48 -50 59 81 64 62 -73 93 -4 -90 45 -38 -82 38 -76 -98 6 39
65 -40 81 100 77 -7 4 -61 -16 74 96 -81 73 -48 -32 -19 67 42 19 31 59 17 90 34 30 45 74 70 13 12 80 35 -52 -38 -97 16 -59 -73 -77 -85 32 -24 13 49 1 79 -100 -84 85 -13 -63 76 71 -100 51 82 -43 -7 38 -34 -68 13 -14 40 20 22 -33 -18 -55 -42 0 -74 80 -27 66 -29 86 -31 -32 10 29 -100 -56 3 -90 -55 -75 -67 63 52 -61 -49 19 44 -53 44 29 13 -8 -31 -6
61 62 -12 16 38 32 -7 45 -89 -57 -54 -29 -44 3 -54 69 14 -43 3 -61 -67 27 25 31 6 93 46 62 42 27 88 39 -17 -57 100 -98 97 -87 11 90 -66 -96 -22 99 5 -70 85 73 24 59 53 -27 53 -96 77 -36 37 38 48 -9 3 -46 -61 -55 38 69 77 -79 23 -12 -22 -54 51 -61 10 20 41 -16 -81 93 9 31 -96 -12 42 30 39 -2 -32 -58 28 -1 0 46 17 59 18 -54 -100 32 -96
12 15 90 26 66 58 37 -65 -16 84 41 38 71 -49 -22 92 21 40 -45 -18 -90 41 -71 94 -84 -92 -81 -70 23 86 79 -26 -35 -33 -69 54 -54 -80 44 41 -29 -66 17 -77 -55 15 -70 -85 -34 -24 38 14 -88 82 -57 94 25 -75 -57 58 -95 2 93 -49 -86 92 42 68 -49 79 74 80 56 -40 -46 -17 90 54 -83 20 9 36 -6 66 14 -64 -30 -83 18 49 35 33 -45 70 73 98 -8 -18 -35 -44 -15
-42 -20 15 -53 -8 85 29 60 43 -4 31 41 -43 -6 26 -58 -11 11 -5 62 35 -25 -59 34 30 -31 -85 92 -31 20 -38 54 -56 22 0 82 -32 -99 -13 3 65 48 -73 81 -72 90 -74 26 32 1 -52 79 -4 -64 -25 79 81 49 -80 41 97 -9 -21 25 89 77 74 -44 38 58 12 56 53 6 46 -53 24 2 9 -40 5 -6 66 -90 -23 -45 -92 10 -78 19 -11 -15 6 86 -90 -17 -64 -99 -47 -21 -39
29 99 -18 -20 86 75 -95 -36 -40 -96 51 96 47 16 95 -32 32 58 -45 97 25 -5 -37 58 -42 -54 -47 39 -37 80 -57 99 11 -43 -64 -57 62 45 -16 -56 -16 -37 82 -94 -82 48 37 -46 28 -95 15 -69 -2 64 -82 -10 37 -69 36 77 -61 -16 -41 9 -21 -91 -30 33 -75 81 -66 -72 33 -92 53 -94 -92 36 70 -2 34 -96 45 57 -6 -95 57 -64 -13 77 -24 80 -30 -69 -66 -95 38 80 -24 -84 -96
-52 -99 41 -64 52 1 57 -4 -26 64 -69 62 -20 29 21 15 -39 74 -50 -24 -22 -42 17 -48 39 50 -42 -87 -17 -32 64 77 6 -77 73 54 -91 23 91 34 -3 -13 -20 -10 -68 18 -27 -55 -10 -49 -100 -53 -36 22 -4 -81 73 42 84 -63 23 -47 76 60 80 0 -15 -26 79 -1 24 -62 3 9 -42 15 55 17 -60 68 -55 -17 52 76 -77 26 55 67 -61 -84 -2 70 80 -36 90 14 -94 55 91 75 -98
61 -68 -66 -72 26 70 -46 95 69 96 31 63 48 -40 81 -100 -48 1 17 -42 77 -5 22 28 90 -96 -54 -32 -66 47 -66 53 79 -97 48 -20 9 51 -42 -21 -88 -95 -35 24 -11 -98 11 -53 51 28 6 -12 -12 -4 11 87 -61 55 17 1 -31 77 37 17 2 60 40 -12 -68 -36 73 -24 -81 54 90 -74 -64 3 -44 -62 55 52 -27 -70 -100 35 30 -18 -1 48 62 -86 -58 -61 63 42 32 48 -23 23 -46
62 -100 79 20 -31 38 73 85 95 80 12 -75 58 -51 100 -67 -48 -3 73 -73 72 -38 -21 -58 1 93 -5 21 52 -40 32 -33 -2 -29 59 1 35 23 -75 25 50 34 -84 -40 79 71 -100 -67 -16 -52 83 27 16 -67 -24 -65 26 3 29 91 -89 -44 15 -72 -59 88 56 -12 91 16 60 57 -22 -41 60 -96 -35 62 -81 76 -81 -61 19 -24 78 -88 13 -96 -93 11 -6 95 -54 -70 46 -89 13 57 28 -21 -5
91 -8 -39 -50 -6 13 -17 19 -82 37 -58 59 -34 -36 -35 0 17 -21 -42 81 62 23 -29 -96 37 49 -19 43 -7 65 -86 50 -15 85 -11 -36 -57 67 74 -95 -67 -32 34 -43 77 -21 29 3 -26 -68 -64 -21 63 65 -41 99 -15 24 11 -46 -28 -42 32 31 -80 -42 65 -30 -94 -77 -45 77 -74 -12 65 -49 -25 -82 95 18 50 -82 21 94 75 -88 -65 -25 11 57 -14 84 64 -3 -83 72 12 -75 -79 63 -95
75 9 -17 81 -51 -78 19 9 -95 -76 46 -100 -92 -82 25 -31 4 -65 94 -66 63 -18 45 37 13 32 -96 -95 -13 -58 66 -16 47 -43 -15 42 81 -39 56 -18 -44 97 50 63 13 43 60 35 -36 -48 72 -74 8 -40 37 100 6 64 88 -92 78 -11 8 -3 29 -32 -42 11 -51 -67 -75 -67 -13 90 -55 61 -26 -74 -51 -40 -63 71 57 -70 7 82 -87 43 83 -25 49 52 -53 92 1 52 68 75 65 22 76
-76 18 -72 17 41 -78 -83 -84 -75 -25 -84 38 -48 87 73 -27 -65 38 -59 -33 -76 -85 -69 -47 89 -21 -20 -46 -89 19 22 66 39 -39 49 -6 -2 57 21 -3 -89 -3 -39 -5 -27 71 9 93 33 31 -29 -12 55 -38 48 -47 -10 2 -97 39 -67 84 86 -87 41 62 -60 76 -25 25 -15 -53 -81 -64 90 -62 -17 18 -64 80 69 24 88 -66 -43 -46 -79 19 96 44 -32 -40 -4 -94 83 22 41 83 14 42 25
-90 -24 12 8 -31 -77 -6 46 82 70 97 -49 21 -83 -10 79 99 -69 -87 -89 -53 -33 -81 -58 -4 58 30 17 -27 -61 89 -35 22 60 -8 14 -34 -45 83 30 -93 97 -52 55 -32 82 11 -81 69 83 1 -26 96 -98 -35 -56 -42 -66 -6 46 45 4 3 -28 -57 94 9 93 27 15 -33 8 -37 6 -26 -14 -16 -69 32 39 82 65 -47 -64 57 -93 79 -80 -48 -1 97 -75 -57 19 -99 -38 93 -14 0 -100 -49
47 -98 5 -51 -19 6 5 81 -56 96 87 38 13 91 -15 45 29 -66 3 -10 -99 70 65 99 -91 -86 -33 85 56 1 -96 68 -59 -3 81 -25 -15 77 -2 28 -8 20 -90 64 -58 -88 -68 25 -43 7 90 54 -34 -98 -36 88 77 63 -69 -83 -70 -14 78 42 71 -71 -77 -96 89 -98 60 75 -66 -9 -97 24 -47 -82 66 85 -99 36 -94 60 81 76 100 -86 69 69 17 -12 36 94 87 -32 88 68 -11 23 -34
65 48 -51 71 -83 -40 71 5 -23 22 41 97 -67 43 84 50 -69 -6 9 89 -82 -67 73 -73 -5 -95 39 -7 -67 -21 -75 -89 -18 -52 -91 -14 53 -81 -8 -7 51 58 -87 -32 -52 46 29 -4 27 41 98 88 -20 57 34 -9 72 -99 48 -83 -66 -37 -31 57 62 85 37 25 -97 -33 84 -32 -46 -58 -95 -73 -67 -94 -64 12 27 66 91 -57 19 -83 -68 90 -53 -2 -73 60 -64 -65 -88 -55 59 54 -26 -94 -9
-90 -75 41 -89 0 -20 -9 -98 83 -73 19 75 61 69 -83 -24 63 81 35 -24 -44 4 7 84 64 36 -69 -38 -14 41 -38 80 -75 53 -38 -44 98 87 -66 49 29 -86 56 83 -10 -52 -99 -83 57 -56 56 -71 8 -44 -1 -49 -82 -22 81 46 -67 -73 50 -50 92 41 76 99 -8 -22 90 61 4 89 -94 8 -39 -73 71 -62 84 49 -75 -7 -35 69 -7 80 -83 22 31 51 -31 -9 65 -39 30 50 -44 -19 21
3 -81 -46 2 88 -36 -75 8 -74 83 -26 30 31 -84 65 -62 -86 49 25 -37 -43 -22 -95 78 -34 -68 88 -88 -13 -48 36 -54 -99 85 -72 28 -19 95 86 54 -35 -64 -32 0 7 59 -25 75 16 49 1 36 85 -35 -75 -30 15 76 -11 41 -72 8 56 -57 40 62 92 98 36 -28 -21 -54 -53 79 28 23 14 85 27 -17 -21 -20 33 41 55 -3 -68 -60 -71 93 32 63 -61 61 56 56 -6 -4 52 -80 26
100 -45 -61 -61 -79 -39 -28 8 89 95 -60 98 -4 -30 -48 -25 -26 -9 -53 -89 47 -79 -4 -33 89 57 -60 -5 -84 -82 20 -94 -15 14 15 -84 -32 -16 -84 -97 19 -49 -89 9 -33 -97 78 -13 76 48 86 47 54 -71 95 12 8 22 61 -71 37 -99 94 33 -36 -1 54 32 -94 37 -33 47 0 3 -46 -99 54 50 60 18 65 -38 95 20 19 -68 -53 -31 -7 -59 -50 100 -41 -99 -58 59 69 41 -43 97 -59
-77 82 76 91 78 -72 -60 43 21 -42 83 -27 -95 37 -6 -59 70 57 71 -74 -90 95 33 29 49 -30 67 -41 -84 37 20 94 -6 10 85 -86 -64 62 6 -69 -69 34 -48 73 -67 -95 -17 -39 5 -32 15 -7 -17 74 83 -85 60 -20 -60 53 -47 28 -51 97 -71 6 72 -4 -74 77 99 -88 44 5 -83 67 49 -47 -86 -21 -94 -46 -36 -100 57 -41 -72 90 -52 -54 67 -26 96 -4 17 20 67 3 11 -25 -27
90 -84 17 -20 36 3 -13 57 -44 -22 91 -15 -12 -69 86 34 59 -35 -59 69 -43 14 -62 45 30 33 -12 -48 14 -11 69 69 -69 -41 67 -41 28 22 -58 77 -53 94 -59 -85 -86 -37 -89 -46 56 54 80 -97 2 -18 81 98 -12 -93 -73 79 -22 25 -62 -81 99 13 -30 -2 83 24 -39 80 -76 51 4 -38 -73 -88 15 34 92 -7 8 63 -9 -88 62 -28 -42 -54 47 -58 -15 7 76 0 -75 -58 -75 -100 67
-70 55 -94 41 15 79 47 -42 -58 -6 24 -53 74 -77 -29 -19 73 -91 -70 11 -5 28 28 -69 38 -38 4 -69 34 -43 75 10 -38 -40 -9 47 -57 -2 -49 -32 -48 -52 74 18 -91 -73 -39 -33 -26 -45 14 -91 -6 83 -23 -6 6 62 64 81 -86 -47 79 -62 -84 -20 63 6 80 -82 93 48 -31 52 -71 99 -7 17 -81 4 13 73 -62 -93 79 -36 -8 -45 28 -94 12 -33 -20 61 -61 -72 23 61 96 69 58
28 -63 80 -54 66 -51 -69 4 85 25 90 55 -26 -78 78 -42 -68 -42 67 -88 -87 13 74 41 -30 72 19 -74 -1 -28 63 -24 39 78 38 -53 -46 -55 -84 0 26 1 -13 82 15 89 90 0 44 -87 -85 56 54 96 79 -48 93 -89 95 -32 -29 67 19 -16 16 -88 -11 21 3 97 9 -42 -8 -85 87 -7 -19 -71 -49 1 -51 22 6 -70 -15 -44 71 32 -9 -22 -71 -37 13 80 45 19 40 -21 42 -11 -37
45 87 29 -64 -92 -15 -39 -2 18 14 -1 26 -88 -54 -41 1 95 67 100 -97 90 -56 -66 57 -70 68 -13 12 91 4 35 -59 -13 -70 -15 78 99 99 68 68 -72 61 75 11 39 28 78 -1 3 -85 -12 58 -16 35 -76 6 -69 -88 -14 3 -57 33 -71 -56 -40 -34 -36 -66 -66 -9 55 44 94 32 -97 -55 -38 92 11 22 71 -3 92 -14 -14 34 96 73 -74 99 84 -32 25 15 -59 69 34 -71 41 -66 17
55 67 100 76 -91 -76 -31 58 -44 54 -54 -6 -46 -2 -92 -60 -91 79 -72 -73 -55 27 33 97 -61 -30 -65 72 76 -16 88 -8 1 -50 57 -28 45 13 -54 70 1 63 20 -67 85 2 82 26 -83 47 21 62 -71 -60 -26 -66 -65 -34 61 -15 -11 -73 -38 -17 44 -49 24 95 85 67 -78 40 96 60 -54 -6 -46 53 10 -44 63 -62 30 40 88 -60 -93 -52 -18 0 32 -87 49 55 -71 -42 90 12 3 70 85
-99 80 -88 -40 -41 -58 -6 98 74 -99 10 -26 83 -84 76 26 63 79 -79 -24 -50 -39 -2 -97 -56 51 10 35 -25 -42 77 -23 17 60 -1 -98 -77 43 -8 -35 -28 79 62 44 16 70 95 91 -74 49 62 -80 -18 18 83 5 -24 39 60 40 63 -99 41 -20 52 70 65 -90 -29 36 70 -27 -36 -74 -25 4 -45 87 87 -65 -77 47 69 75 8 -24 37 17 74 -58 -100 -63 47 35 -19 68 -10 32 18 -77 -63
-89 -89 46 86 60 -53 -39 98 64 68 -63 -79 -5 -96 38 -74 86 14 92 -21 20 -17 96 74 70 10 -64 -72 96 61 93 -87 32 -94 89 53 -84 -14 29 0 -95 50 -16 -23 -6 -4 -73 68 91 -20 1 65 -11 -76 98 99 -88 60 55 -70 -41 28 74 97 94 -33 85 82 -16 68 -20 83 -56 -94 80 -33 17 100 19 -1 -74 49 -57 23 -74 18 -6 -96 11 -12 59 -43 -92 97 35 55 -85 60 56 30 77
96 -76 -19 20 -16 83 29 -22 -58 29 -57 21 83 37 26 -63 38 21 -36 -93 -2 -66 50 54 -18 11 -43 -54 75 -43 78 -58 62 -32 24 -77 21 78 -7 41 92 37 -8 -81 -23 -65 58 -93 -20 -57 52 92 19 23 91 -92 -72 -99 84 84 -82 11 -87 -13 21 -16 -55 -89 26 4 63 3 41 -7 46 -96 64 94 -31 -24 43 69 43 -52 -2 -65 -85 81 -23 33 54 -48 34 8 34 18 68 -75 12 21 -72
17 87 -83 5 -4 -59 -16 43 -77 -4 -6 -9 -31 70 -68 53 -67 -30 -29 -94 -88 15 65 6 -7 64 57 93 28 19 13 -79 -66 28 38 98 100 -39 -44 26 -95 25 62 -61 97 -52 50 -68 2 -46 -69 -86 92 45 -21 26 45 37 0 -89 71 -18 85 -27 47 86 -29 -11 -30 67 -80 -94 -80 -92 -71 55 1 5 -31 31 -85 -85 -93 -17 61 30 -78 35 76 30 -55 -84 1 59 -60 32 -15 -11 -85 -86 91
97 9 -64 26 -4 95 -47 26 10 -3 -83 -64 -80 -34 -36 -26 29 52 94 55 -89 -75 88 32 4 22 85 10 -18 -12 96 -8 -38 87 48 94 -17 -50 -92 26 77 -6 -41 -83 72 16 89 -21 -45 -60 -56 -95 -54 82 41 83 -55 14 -16 76 -32 27 -80 -45 58 -65 -7 99 67 2 -47 -22 40 76 44 -33 62 -58 -73 23 -39 -84 -21 -11 59 -48 -77 -61 39 88 -98 57 93 -53 -8 -99 8 -27 92 -33 -87
-65 18 79 23 -53 29 90 -76 -52 -49 62 33 -51 -66 28 -22 -23 -78 -45 22 75 23 4 -13 -45 45 -24 -64 19 54 -16 72 49 -13 -93 9 -7 -61 65 74 -33 50 -66 11 9 4 -70 35 95 0 99 91 -35 70 38 35 81 -89 3 69 59 -40 30 -22 94 -31 -7 -78 -39 -8 34 -95 -12 25 79 13 83 17 -87 -83 6 43 84 -88 -54 -52 3 76 82 69 -12 21 -58 -41 64 35 -32 26 -77 -8 -30
75 3 28 31 -83 50 19 51 65 25 -2 9 28 -86 76 -21 -32 -16 -26 -52 1 58 61 -29 -67 93 49 90 -35 -75 -68 62 62 -13 -60 -100 -59 -39 84 56 -41 -98 8 65 98 59 -28 -58 -29 46 34 -70 -45 -21 0 76 -5 -8 -77 -62 96 85 73 -44 -96 -46 16 -56 6 61 52 25 94 -51 -6 65 77 -87 -85 44 -24 37 15 70 79 95 -76 -38 -45 -44 -98 -62 89 -31 -6 -50 72 44 -70 -58 83
38 -55 58 6 -70 -88 32 82 98 36 89 18 -5 21 -65 35 -58 97 88 15 47 -53 -72 -88 80 96 58 19 57 -64 -23 -29 -17 -16 -78 -61 87 18 78 -92 12 -43 35 57 22 60 -53 -38 -47 70 87 90 -27 50 0 44 -75 6 61 -24 34 -92 -38 -26 0 -75 45 -60 -98 -98 -29 -50 -88 43 -45 -55 20 61 -40 -72 33 -1 -28 -50 52 -87 -22 0 94 33 7 26 -42 77 70 -11 52 -3 -81 12 -97
-69 43 23 15 50 10 -1 -96 65 24 -21 76 6 100 -26 -13 -29 23 -64 -96 59 92 -11 -78 -28 68 -6 31 -66 94 -19 -46 -1 -57 25 -78 70 -50 -96 40 -59 52 -65 44 -7 -93 25 34 18 -38 60 -71 -8 -9 76 73 -71 -79 -13 31 -34 80 34 -88 -4 -35 85 -31 55 -89 -3 -23 69 -58 -69 -78 -68 -68 40 -17 83 94 -25 -1 -32 -34 -4 -97 -31 -1 8 -80 -99 18 -86 -21 6 25 -80 91 100
-28 -13 -84 51 13 64 -12 65 72 9 19 -8 -64 -26 49 -39 -48 -100 -49 -10 56 -2 33 99 -20 78 48 -32 -26 -33 -97 -99 -11 -40 45 38 -98 -46 -30 -36 -61 62 -99 10 -55 -88 -89 72 48 -21 24 45 -54 -8 -40 99 -34 -40 -37 -6 8 84 -51 74 10 -41 -20 -66 -40 -43 -70 -39 33 8 82 77 -95 12 -80 24 -82 -85 -15 -60 -16 -60 18 98 -26 19 -71 -61 84 -81 4 15 -76 26 -11 90 -51
-71 100 -52 -77 -65 -7 -92 -9 -33 76 56 76 5 -36 66 3 78 17 68 29 -39 68 -48 57 11 90 -18 -6 45 68 -78 -96 -6 19 -16 -74 87 38 73 52 -57 32 -80 16 76 51 62 16 -28 15 18 -68 3 57 -69 70 -70 48 -51 -45 -39 -11 40 63 39 3 -3 93 80 57 -30 67 49 85 -66 53 44 8 12 55 66 45 6 -96 -30 70 -56 77 24 75 -52 9 -90 21 -18 -94 24 -12 -44 -44 -60
-68 -59 -92 84 -47 92 80 -96 29 69 -77 23 26 -94 29 91 -35 39 86 -39 52 84 -31 72 -78 99 -39 64 62 -56 -98 -74 -46 -99 5 -83 28 -35 -27 74 57 -34 52 -37 6 -22 -81 -67 -93 -98 0 70 86 6 69 -13 -46 -3 -95 -86 -38 -60 37 -97 -92 53 -95 95 5 -79 50 -32 44 -78 77 -32 24 5 57 -11 76 -86 -42 92 -28 -69 -42 49 52 -9 -63 -31 -65 -3 80 23 -76 71 53 -1 64
13 -31 -2 6 -43 -12 -82 55 -85 -29 -97 84 45 -87 52 -64 -29 27 41 -9 44 -66 -74 -26 95 69 -16 67 28 -79 -13 65 -55 -11 22 -47 83 48 -44 -20 -1 50 91 3 62 8 -17 63 -44 48 -42 12 84 -22 27 -64 41 52 -20 44 9 82 69 40 -83 6 -90 -73 76 -10 93 36 -18 -80 -76 70 2 -86 8 24 -87 -4 5 -61 66 17 26 -86 -88 64 6 66 -21 -72 -35 -1 56 -60 -20 88 -43
37 60 -88 -79 -27 97 37 79 12 32 7 62 12 3 -76 48 34 -61 14 -42 -20 -75 -25 21 6 52 93 33 -88 61 -26 82 -12 -59 3 -77 40 6 -49 98 45 -65 -10 2 -92 -71 -43 65 48 -55 -17 -88 -53 -81 27 53 -61 -82 -87 16 16 -29 38 24 36 95 -42 40 6 60 60 91 -76 35 68 -100 -40 -11 -35 73 -13 57 -20 6 -6 -84 83 47 21 24 -29 -33 -77 13 -58 -13 15 -23 33 -29 -96
56 65 83 31 -32 94 71 36 43 -61 -35 66 -45 -82 -49 -57 14 -83 -81 -51 -39 7 -49 -32 10 35 25 42 -73 18 7 -26 -67 -22 56 48 81 83 86 17 18 39 -80 -96 -4 33 -37 -51 -71 -31 19 74 -19 -56 1 48 86 47 -19 -38 -10 -85 -21 83 74 44 -61 94 -21 11 -4 -14 29 -45 -25 0 -4 -46 55 72 -17 10 -67 -87 -49 -88 81 -21 80 7 89 53 -40 -56 0 25 -41 -32 18 47 90
-56 61 -35 81 40 8 -50 -66 -22 33 -81 -70 -3 0 -21 -66 -71 -56 40 -30 -84 -54 52 -13 -61 -72 -54 84 27 35 -39 -42 -89 -54 10 -33 23 -20 15 -56 36 57 84 30 68 70 -44 -82 -30 -63 -80 -87 57 -78 62 -79 -17 75 -98 15 99 -25 -59 77 -82 38 0 -96 42 -63 92 4 -57 96 -76 -33 -39 -64 84 24 81 -34 42 74 13 62 73 -22 0 78 31 3 79 -54 37 -44 66 92 25 38 -13
8 17 81 -41 -28 -71 -19 -59 -5 -72 -21 89 -17 87 66 -82 32 -22 -67 62 -46 51 62 45 52 4 3 -59 68 -9 -65 -72 -38 -45 74 25 -93 66 91 64 16 40 6 -91 -93 -65 59 -81 30 46 93 41 -10 30 44 -73 -10 -67 -1 -78 -7 -63 -69 -99 16 51 90 -26 4 -84 -71 64 49 -19 50 -45 -94 91 11 76 -1 -51 -61 43 -2 27 13 86 56 72 -94 87 22 8 -93 2 75 -77 67 63 -20
-73 -50 57 61 -20 92 34 -28 -63 -26 93 9 66 -57 7 -17 -41 90 -66 -61 60 33 -62 2 34 -44 5 4 94 75 -59 34 62 91 19 -54 60 -85 -29 -38 59 -27 39 97 76 -5 16 78 54 91 -74 -10 15 -53 13 -62 53 -51 41 -34 -2 -27 98 98 29 15 -24 5 -13 43 55 51 -74 -29 36 -1 -31 37 -86 10 -79 -45 54 99 -83 42 -5 22 -81 -73 -80 91 82 39 50 70 -46 -20 41 -86 -61
-95 -6 -88 -100 -34 -58 -46 -13 69 34 88 -96 60 49 -22 -42 -45 92 -24 -99 -93 -86 -51 61 -38 -56 57 -38 -20 50 18 -83 -17 69 19 -17 73 -34 -39 -45 -100 -29 -1 59 -80 -88 -93 -9 96 73 -100 55 -30 97 46 -99 11 -6 -16 -4 -10 -1 96 2 -50 -14 -75 -37 20 -79 31 91 85 -70 27 -45 -24 -90 55 54 40 -70 -82 -90 30 40 61 -60 19 73 63 -93 85 -72 60 -57 97 -34 64 -49 -97
-6 -77 -81 95 38 -85 -51 -96 -16 -1 40 -81 -68 -69 0 -9 -33 39 71 -28 -90 81 56 40 -96 3 -6 27 -53 39 80 56 -82 -9 96 -4 -56 -43 31 6 -82 -85 39 27 -25 49 81 -35 -87 9 26 23 -77 -71 -31 -74 43 -72 -37 35 2 -79 -46 -96 -38 4 -86 -67 -46 -5 -47 -100 31 61 2 55 -85 -80 81 98 -59 -64 -67 83 -34 66 -17 5 -53 67 -99 17 -73 73 34 24 -38 -47 11 -44 85
-59 14 -83 -95 73 -15 56 32 1 -99 91 -26 60 -21 -17 -67 90 -89 -47 61 75 20 80 97 92 72 -16 7 -98 87 36 81 58 100 -88 87 48 86 55 49 -4 -3 77 4 -68 -51 8 -90 29 -16 -57 -62 99 17 -89 51 -29 -51 -73 -48 57 -87 -99 -21 97 63 9 69 -92 1 53 40 17 38 78 -28 -76 -24 72 -68 82 62 -27 48 -65 41 -79 40 -92 -75 -41 50 39 -99 -40 -32 -57 -58 71 11 72
68 -5 45 -42 -87 -14 24 -5 -18 54 -13 -62 -79 -33 -38 50 -55 26 34 26 -51 -70 19 43 -30 76 -56 -76 -13 37 -96 14 -89 -50 -30 97 14 23 63 60 -97 -11 -87 -4 69 27 4 93 50 -67 96 51 27 -84 -32 20 42 -8 -86 -46 44 -14 79 -2 -77 -9 -23 -69 -28 -35 8 65 -27 41 -71 -94 65 -21 -5 90 -63 21 -12 30 -16 79 -57 87 78 -65 10 -82 72 18 -86 -99 -35 -54 52 -93 -29
9 -39 19 -36 62 -52 -66 61 -65 77 100 12 -54 94 72 67 99 22 -22 54 52 -19 -50 47 85 2 -59 -38 -7 76 9 93 -38 70 -45 -20 -69 -82 4 19 30 -58 36 -62 -89 44 -45 21 62 91 93 -49 -71 -84 -31 44 -18 70 -55 -79 68 24 -99 -43 87 24 21 -53 44 41 -42 22 -75 -64 71 -51 -16 -94 45 23 -81 46 -65 -15 22 22 52 -87 -29 -22 -53 84 53 57 -25 8 -84 -46 -57 -4 5
42 23 62 73 59 -34 -84 -44 -87 14 29 -71 30 60 -79 -11 -99 10 -15 15 -73 -61 -70 -46 -10 72 -84 -73 31 -92 96 69 -83 5 -32 26 -15 97 -91 -16 -24 15 -62 53 -50 -43 -43 11 -73 50 -73 44 -52 5 8 29 -1 89 64 27 23 -95 65 -89 19 -86 -9 53 -14 78 16 -20 -62 -86 13 94 19 -79 -43 85 12 46 16 26 72 -97 57 -34 -13 59 53 -33 33 -90 -56 6 88 11 63 -53 -100
50 -36 -61 -9 -30 -99 -93 -85 -97 -95 -92 -58 97 2 81 3 -21 98 -80 77 -83 -81 -19 -78 22 84 -1 -39 25 -44 4 -85 -16 -29 -62 27 -58 78 -62 -5 45 -33 74 15 53 82 -58 -95 5 -84 22 -29 -93 75 -70 20 0 -87 30 -16 -54 93 -96 -91 37 -42 -6 -100 -62 -54 -100 12 13 -19 92 20 -99 93 77 19 89 -23 -100 59 -78 -52 -49 -61 -47 -80 28 -20 -78 63 50 -69 -10 40 43 30 96
33 42 35 -26 -58 72 -75 -53 83 48 -9 -78 68 18 -4 52 80 63 25 -51 13 -58 -80 -4 82 -26 97 -67 71 -13 -45 -95 -96 69 55 -77 33 -36 1 3 -85 34 84 -57 7 7 6 -73 -15 -94 -69 57 -14 71 19 -38 -41 15 0 2 -82 86 3 92 -94 -65 33 -69 96 -5 87 61 100 100 1 -4 -43 -18 95 -56 36 -69 24 -63 -40 93 37 29 -7 31 -56 -96 -70 42 -3 -68 18 -38 53 -19 29
43 -1 22 72 28 -55 13 24 -45 24 24 28 33 -34 -95 -56 68 -14 10 92 80 98 -97 -66 79 64 -63 98 -35 75 11 -62 29 50 -99 21 64 -34 -32 -42 96 -8 48 51 -38 -31 -11 95 -31 -35 -81 -81 -30 36 88 -76 9 -46 -8 -99 -13 -6 27 6 8 93 70 -41 -62 58 -57 -35 -46 -74 -89 81 86 38 41 8 58 82 -10 4 7 -19 46 51 84 61 28 55 -32 89 56 -71 21 -43 -2 71 45
-96 77 46 59 27 -100 -15 16 81 69 -45 60 51 94 37 -97 81 -22 -60 27 -21 97 -14 85 -2 -46 -56 -62 50 90 -77 -12 27 63 50 60 -85 19 18 -75 53 86 -75 -80 82 57 -85 17 -8 -31 61 -97 53 -12 -20 -95 48 38 -84 81 -91 8 95 -90 25 -59 -61 21 -71 77 59 92 -23 77 79 -20 -45 -19 -38 70 -45 22 -52 60 16 -89 42 -95 33 52 -38 76 0 49 6 -58 43 96 68 -42 65
5 70 -47 44 32 26 11 -31 -26 -100 -100 52 -62 39 -65 -74 4 25 17 -57 -20 -32 55 -28 -96 72 -58 -71 76 85 -31 18 43 83 63 -85 68 82 -74 -81 -3 -1 71 -82 56 20 23 -68 60 -12 41 62 -18 27 92 62 14 80 83 76 55 35 -38 28 -36 -9 41 -42 -37 2 67 -95 -9 -51 -91 71 85 37 -39 -10 27 -15 11 11 -76 -86 97 -9 51 -94 30 -57 -100 -50 54 70 -15 89 -93 11 -38
79 -79 22 -45 -2 -93 73 72 -71 -6 32 28 2 92 -88 78 -85 31 -3 -100 10 70 49 -98 71 -87 -54 -41 25 13 87 -89 65 -56 -68 -100 32 -53 -54 17 57 -53 -89 -55 10 -82 67 -50 -13 -59 -83 -100 -10 11 -41 36 74 23 8 -47 -75 -47 -2 -77 -74 -40 15 74 61 36 1 -32 33 -20 -89 69 -12 -79 100 -98 39 24 -53 84 85 -4 70 68 -78 38 -36 -74 -38 71 -61 -61 -1 -93 -98 94 32
-55 12 65 -12 -100 -100 -61 -68 -32 54 52 -75 -97 72 43 55 65 -100 -26 -42 -46 -82 -35 -74 20 1 50 -12 95 60 22 42 37 -41 84 -33 55 62 -22 31 90 84 9 -16 92 -32 66 0 -92 82 -80 -44 -78 -52 -94 -6 77 91 77 24 -8 -6 -98 53 25 80 59 -64 -19 95 68 96 79 -64 -27 -69 -84 -18 -97 -56 40 13 -55 -1 31 -87 55 -12 21 -3 -74 -1 -58 -89 75 -72 5 -24 47 -75 -19
0 -18 -87 23 -23 -17 4 71 69 -70 -53 58 -8 -93 -35 22 -64 -8 24 -2 -57 5 -10 -56 92 11 87 10 -54 -11 11 29 -83 9 6 46 -91 -15 16 -37 89 -59 74 10 59 28 -9 -2 56 83 -15 3 38 -46 85 -94 -71 -9 -40 -11 77 -30 -53 -78 -2 -29 -63 -27 -92 -44 -31 74 -53 -85 -36 7 86 -6 -12 58 53 -44 50 100 -57 -20 7 -67 -11 -99 25 35 29 -69 -10 34 7 86 34 25 33
-73 -31 -88 90 55 -90 -99 16 49 53 44 21 12 100 -57 -84 98 -20 11 35 79 -46 -60 -47 -54 24 -72 5 -28 28 -77 -75 -20 -97 71 -44 -85 -29 -74 -53 -35 28 85 -35 -43 48 -37 87 -12 50 -100 -53 -25 4 -10 -91 10 86 25 -81 18 -97 32 26 100 -78 91 52 24 -80 23 -100 -25 -26 -57 -9 -35 -89 61 -33 65 48 18 85 28 -54 -25 -44 70 74 -46 -29 -55 -11 -16 7 44 22 -56 53 -33
-91 -61 -42 71 48 -97 22 40 77 -17 -30 31 27 -7 59 -16 99 13 -59 -52 65 -32 -54 28 -22 99 71 1 15 -38 6 -55 -3 78 -46 -26 53 -18 -20 -6 -40 -37 -76 99 -31 -27 32 19 -87 77 97 75 -67 80 -18 87 21 53 81 -53 -43 84 -57 0 -77 -59 66 56 41 33 -95 7 -34 80 31 68 73 14 29 -88 63 -44 -98 100 1 -70 -28 -8 -5 67 97 34 -96 85 -5 -73 87 24 -80 59 75
-74 69 26 -14 99 -3 64 -58 -72 38 -62 -53 48 -91 10 62 61 -80 -3 -56 28 68 48 -33 32 -98 -84 91 -6 73 67 -26 -34 -54 -37 11 -19 30 -69 -47 -30 34 20 -10 27 -20 -81 -39 -74 62 65 48 -54 92 42 -74 70 2 -36 -7 50 54 70 -58 2 83 1 15 -21 6 -75 75 8 -30 9 22 -80 30 -84 31 79 -91 78 -69 84 23 1 89 -75 93 31 -65 -8 49 -1 -80 84 -55 48 -90 85
46 45 -29 27 78 29 -76 94 69 44 22 -41 -82 87 93 -94 32 72 -28 24 -93 34 0 27 -47 -96 -90 46 35 -37 0 -95 30 14 82 87 -50 33 -54 -72 -89 -13 -31 97 -26 52 15 8 99 -86 -11 -93 85 50 -43 -55 39 8 -10 -24 -85 41 -57 30 -11 -14 76 22 57 70 -88 -82 -40 -37 -44 -65 98 15 74 -28 -93 -98 64 74 -31 12 -22 4 -87 2 87 -17 -14 -62 16 5 43 -49 69 -5 -43
7 40 99 -27 84 -33 59 85 -87 -31 -87 77 96 60 -83 96 -93 -61 -60 -93 87 -99 -3 -90 19 -69 -21 12 40 85 -39 34 -62 46 77 -13 0 91 65 4 -43 38 -19 81 87 12 -84 -90 37 -95 21 58 -31 60 44 59 -78 72 -41 -83 2 -39 -60 16 9 -32 11 -45 -48 -35 80 32 -65 -67 -90 13 -100 75 90 -38 -21 81 21 -91 51 31 -14 -66 13 99 66 58 -67 -39 -98 -57 -70 -25 -66 71 -49
90 -19 -49 -65 -72 -84 -21 -4 64 30 91 96 20 -24 -33 49 -33 -17 90 -22 56 17 -88 94 85 -57 50 92 20 -75 -90 -25 42 -8 18 -63 94 -6 34 54 29 -22 33 -80 96 -16 -94 -44 23 67 42 87 -86 81 47 -25 76 88 49 -47 -40 -78 37 -3 98 6 54 15 -15 1 30 54 -41 3 -23 41 71 -78 -62 -50 88 40 -23 31 -97 -31 47 47 -45 -58 55 59 10 59 83 2 56 20 -99 -21 -71
53 -47 80 1 -10 65 82 10 33 15 -41 42 -72 -84 65 -100 59 -45 0 45 -42 50 -17 24 79 -93 -91 -86 44 -36 19 95 -54 -76 73 -52 -28 38 -64 -72 -14 -100 93 -84 -78 95 -51 6 23 -90 -70 36 -42 74 68 -48 -83 57 13 -9 69 -98 18 20 72 86 17 82 53 83 14 -96 -76 -77 -39 52 88 -74 -27 -98 2 52 -34 -68 -36 -55 -65 23 23 87 -71 8 -92 -7 -21 11 -94 -49 97 -68 -16
-28 -15 27 62 74 -10 4 91 -67 -53 -49 -72 -22 31 99 28 -100 16 -53 72 -17 -63 27 98 53 -36 -16 62 -55 74 99 -47 -70 -34 -6 -100 36 17 -83 -70 37 77 -66 -40 58 34 -73 -55 50 -9 -10 94 33 -5 53 95 -71 -74 85 -9 80 45 -12 18 73 9 33 -18 -52 -45 -1 45 -18 -81 -62 -60 51 13 49 -88 -48 72 -88 -100 -81 59 -75 -99 -75 48 33 16 88 48 -53 73 -84 57 -58 22 -57
-38 -6 -40 -33 66 -5 62 75 -57 -29 -19 75 62 -34 75 -79 15 -93 90 77 0 -9 1 -99 -30 87 -53 -50 58 -71 14 -61 85 -17 -33 -8 -78 24 32 52 23 -39 -13 -39 -51 -40 -34 -39 -29 -76 -17 -50 76 81 12 -43 75 75 -37 -39 86 49 -93 -19 -3 19 68 22 -52 37 -95 -8 54 58 5 -29 -67 -100 -41 -28 14 -17 -21 90 80 -5 38 -28 85 47 -39 -45 19 -71 1 74 -3 -88 35 21 -53
83 23 39 50 43 22 -49 -17 -95 62 47 35 36 -17 -23 57 8 44 -35 22 77 -63 25 27 -68 92 -77 39 62 -14 -49 -75 -70 -89 20 54 -69 -100 7 -18 74 -49 75 -56 -25 54 12 -86 71 -13 -41 -4 -33 -16 -11 44 43 20 13 -9 -86 15 40 -41 33 80 54 -1 -22 62 85 -45 71 -8 22 76 -77 14 90 47 61 40 -70 63 -17 -23 -26 91 77 -99 -70 60 -73 -66 -85 -38 -84 66 -20 -72 -78
-8 -75 -31 -48 -45 -43 -78 -98 33 -34 51 84 44 97 92 25 40 -28 -56 22 40 29 -100 -74 -45 5 -31 -38 27 23 -68 -73 62 17 -94 -9 88 -24 3 -31 7 -50 40 -6 66 -47 93 -32 -66 94 96 -23 30 -28 20 -27 36 25 -77 -95 3 -68 -19 86 37 39 91 81 95 -94 -43 -66 -2 43 -68 -19 -100 14 -59 -78 40 -40 -62 -56 65 -25 31 53 24 56 -31 -1 -84 -39 66 -13 -24 -36 -89 93 29
-36 -84 93 85 91 86 -7 -77 53 43 -74 -62 -67 2 79 64 64 75 -46 -28 27 -15 -96 60 11 -6 -76 79 -85 -46 4 26 35 85 -20 18 53 12 71 -78 38 98 39 27 -23 -84 -92 7 -78 56 -84 -99 78 94 74 -34 33 -2 -15 86 -43 -93 11 82 -30 64 -46 -59 -27 3 52 95 -73 -37 -25 -86 98 -57 -6 40 -37 77 5 66 43 -78 -77 -64 98 38 23 86 87 -55 63 82 47 13 4 15 94
87 74 -89 -12 66 89 56 56 86 15 -51 -63 42 22 -88 85 -5 -64 -33 -8 -32 6 -80 -47 34 -31 -91 -35 60 -5 -10 -1 74 4 2 -19 -38 65 86 -1 -97 -74 -69 -40 89 -94 -35 -12 -64 95 69 -5 87 11 -48 -1 55 -19 -82 -91 -5 83 56 23 64 53 33 -85 -93 -54 34 6 70 35 -50 -96 65 -64 -10 56 -7 67 63 82 17 -71 62 -34 -93 38 -84 -8 -29 -35 4 -96 72 13 -93 43 -97
42 -22 58 89 76 95 -43 -68 -94 -82 19 92 78 -52 100 -74 63 -87 -24 6 -29 20 10 31 -40 79 -23 82 22 31 -62 82 38 -40 -47 -85 80 19 73 20 44 63 51 89 -87 98 -91 17 90 26 -91 -85 -18 69 -27 36 96 -34 -47 85 -23 -77 84 -80 -47 91 93 -46 78 35 -52 36 94 21 -9 50 -14 -40 -25 43 -39 5 -74 25 -57 85 51 88 2 78 53 80 71 -7 -92 -73 34 -47 -2 72 61
31 41 88 -19 30 98 98 41 -56 48 -35 -41 68 39 -56 -92 -84 7 -26 -54 29 79 74 -59 70 34 -2 45 -88 71 18 -75 96 2 33 -44 -93 21 -19 -15 -60 -78 -28 -78 73 29 9 -3 -6 99 -2 62 20 -31 77 -63 98 58 75 18 0 17 59 -99 -30 -36 -10 26 -64 19 79 -84 -87 -11 -99 83 22 69 -42 -26 -34 2 -9 -22 -69 -34 -49 -61 58 80 -96 -3 11 -66 -84 -93 7 -47 -99 94 -31
94 85 94 74 -21 -40 -29 -61 48 16 42 71 -41 -46 -68 31 73 -94 6 -61 -2 -26 67 -42 -90 97 -11 35 -28 -82 67 -18 25 -4 84 5 31 -2 85 -52 82 80 -50 94 -56 -49 86 -67 66 -24 31 -52 43 28 16 94 -34 31 -17 -88 32 -52 -12 -28 42 32 -26 -7 -14 -55 84 47 -32 -53 -85 79 -59 -33 -14 -98 -71 28 -18 75 -63 -79 -65 24 90 44 -5 -62 -33 25 90 33 -73 -1 -44 84 63
82 75 52 78 46 6 -89 -16 10 46 76 -82 44 -85 -19 -52 51 -35 48 51 -25 7 83 12 0 -24 -53 58 11 69 -95 -4 57 66 13 72 33 -18 50 -40 28 -70 -50 -84 61 84 33 -61 -81 79 -87 63 84 -1 -97 10 -93 -84 59 -76 -6 -49 -84 -94 76 100 99 -9 60 -21 77 79 -93 88 6 91 60 33 -49 49 91 -97 -86 -65 37 -74 29 83 23 66 -60 0 -24 -32 5 -6 8 33 -42 64 78
35 83 37 -57 2 85 -44 7 -57 48 -45 72 -29 3 18 7 48 63 -59 -65 -52 -18 -47 -42 -35 -62 -72 12 55 30 -86 -48 44 14 -74 -65 59 49 31 29 19 40 84 -69 -16 -48 -32 21 -35 -16 46 62 12 -92 39 -19 11 95 99 52 65 -32 -1 23 67 -23 32 5 -25 63 39 -64 -89 -20 82 43 33 -67 32 -81 -13 -66 -59 52 67 -55 67 12 -40 -59 -41 -20 72 -47 89 -94 -55 2 -56 -75 71
9 -51 -29 -71 54 -17 86 -51 -22 -67 73 -3 -12 12 -25 99 88 -46 -20 -7 68 43 54 4 -57 -21 -41 58 -78 -13 -51 8 -40 -47 -35 3 87 58 -35 -21 11 43 32 57 43 78 19 35 -37 -32 87 -92 29 95 34 -15 15 -60 -47 -33 11 -16 15 -28 -69 -14 79 -64 -17 -37 60 -6 -64 16 38 39 87 -46 8 43 -44 92 -74 -91 13 57 63 85 -72 -85 -55 -56 82 -39 -5 -77 -33 43 75 -58 8
-1 1 27 63 -22 4 -82 75 -10 -69 -40 -45 -57 100 69 -100 -18 -59 40 -76 12 17 94 -60 -22 -23 -67 71 -85 55 4 -11 -64 40 -85 68 73 53 -7 92 27 -18 -21 -100 -83 11 -18 56 14 -44 18 59 -91 -61 2 93 82 74 42 -100 -30 12 48 -8 -72 -87 61 -93 -88 47 -19 4 100 69 73 38 -41 -10 18 -15 31 -48 -77 -66 63 69 65 93 34 -33 -73 51 -100 -72 7 50 -20 -20 81 -27 -91
-25 -53 -27 29 72 34 56 71 -43 -45 -100 -26 41 42 -61 -87 10 -72 42 80 74 -2 99 -83 -5 -67 34 81 -47 46 28 75 -9 -23 -16 94 0 25 -76 100 81 74 37 -10 -78 97 41 -21 54 -15 -78 26 -52 11 -55 49 89 29 92 83 40 45 -61 -27 66 -1 40 22 72 96 63 74 -57 41 -25 -65 -93 -58 -92 86 18 15 15 -69 13 40 -95 -48 88 -22 35 96 55 -54 11 85 11 -24 13 -70 -66
49 -12 -41 -12 79 -93 79 -79 35 55 80 78 -11 16 1 88 -9 -7 5 9 -91 -76 -9 33 -84 -25 4 -84 12 54 41 -99 38 60 38 -53 63 -51 -30 66 -50 8 -88 63 59 53 -28 5 27 -72 -21 -8 -62 -20 -91 -57 93 -21 -38 6 -37 -5 82 49 78 -70 23 -11 5 75 -20 91 46 -83 84 -90 21 -18 -4 56 -56 -14 5 56 -11 49 24 -21 -26 -72 -39 -7 -18 91 8 68 70 17 -25 42 -6
-81 -36 18 24 8 -12 99 57 73 -44 57 -93 -64 -28 -43 -89 -99 -28 70 34 85 -88 -94 -85 29 30 1 -66 -24 33 69 41 79 -4 92 21 35 -54 81 -42 69 -94 -73 -30 76 92 -3 -41 2 -84 36 -45 -91 82 -22 0 -67 27 -68 -88 -58 -85 37 -43 70 -86 88 -4 -69 -73 38 -2 73 98 40 80 62 -35 -36 -42 26 55 48 52 -56 -98 69 -43 -70 54 -79 -29 -49 -85 44 51 34 31 -37 51 66
67 68 -74 59 -76 53 -8 12 96 -68 -93 52 -27 95 -52 71 -44 -50 34 67 -82 -30 38 -57 -29 50 25 79 18 -32 65 75 -5 -27 -93 73 11 51 -2 -79 91 41 41 -41 -84 -99 32 -70 91 8 -43 8 91 52 75 -96 16 93 -16 -65 6 26 -14 -58 -82 -76 -71 84 31 59 -24 3 100 13 53 49 -88 -83 -90 -86 73 95 -21 -62 77 -58 90 -19 -66 90 37 71 -74 18 -15 -41 45 -63 17 41 -40
-44 11 5 59 23 -43 68 74 79 -98 68 -95 17 -9 46 -80 -63 19 -36 -93 90 -34 -13 85 44 -75 -85 50 46 25 -67 -75 -20 -23 -6 14 -12 -57 -87 -41 -37 1 21 40 92 20 -18 -12 78 -43 94 -14 -7 -41 26 86 -92 43 76 -24 12 21 76 48 -90 -82 54 -48 -22 -15 -42 58 30 -60 17 17 46 51 4 -89 48 -44 -58 -76 6 -40 -48 3 1 -26 -23 -23 -97 3 -47 -41 82 -23 -90 -17 64
47 -31 21 -40 85 -43 -42 64 33 96 -77 -98 -27 -88 -74 -55 -56 68 -50 -56 -80 -94 25 -71 100 -37 -91 80 -89 -53 19 72 -95 -16 36 -59 74 -76 52 36 57 -52 96 -13 85 69 86 79 -10 -86 45 -65 41 -8 11 -80 10 -12 -74 -48 -76 78 81 78 -7 89 82 1 -86 11 -56 34 77 38 -8 -23 30 -17 77 -11 55 0 -46 69 23 -60 0 -93 -36 0 70 -58 -54 -11 87 -16 -32 27 -57 -7 97
35 -4 54 96 99 -47 28 23 -62 -41 -15 -3 -56 -52 60 -83 14 -42 -68 -56 -47 -89 -50 -66 -17 -78 -38 47 -2 -14 -79 77 -83 -63 3 -51 -28 22 40 6 9 32 62 -94 -32 1 11 -24 11 -68 -83 40 -5 -71 -75 69 33 -46 82 -12 92 99 92 3 61 18 -89 -19 4 44 46 46 -30 -44 -21 28 -17 -52 -10 -72 -2 -8 21 -23 -39 58 88 22 18 -92 26 6 13 89 -31 50 -2 -55 55 -22 -15
-82 -48 -55 45 -31 -22 -59 70 -12 -41 -83 -94 39 8 -96 -68 -83 34 44 77 22 -52 -8 62 30 2 -41 73 83 -60 -80 13 67 71 66 -50 35 -43 71 42 -78 22 79 83 68 -5 -19 79 -53 63 17 -13 -69 -36 19 -36 6 -38 35 4 -58 -95 23 18 -17 -3 46 -67 -54 -80 75 95 14 40 70 -23 97 79 -57 -47 -66 19 -55 23 -50 -100 -76 9 31 57 -39 93 5 -44 -21 -19 -60 -42 35 86 82
