50 4 35 66 -98 26 31 58 -53 -42 -86 -14 73 -14 -4 89 -60 -89 46 -8 -38 -90 10 29 -92 67 -76 -47 81 -1 10 -89 -32 -82 -18 -27 5 11 96 60 67 66 36 30 72 46 65 -54 -83 5 13 10 40 -50 22 37 -31 -97 74 44 -62 -46 -99 21 -87 -23 -99 50 -94 93 25 69 96 87 68 50 -44 28 -77 16 30 70 77 -30 -35 -61 9 66 61 32 -54 -39 35 -28 19 19 36 -65 -50 70 -99
-33 -13 22 74 18 -79 33 88 -37 36 -97 -23 63 88 25 78 32 -30 43 -55 41 89 -14 56 -72 92 -54 -2 45 -80 75 45 90 -1 -64 87 -86 -6 -61 -19 17 41 -57 78 -98 83 17 81 -75 -74 -97 -56 -80 12 -20 65 76 95 51 -39 46 -27 -66 -89 -54 73 -80 93 21 96 -100 -30 -17 -69 -45 97 12 -88 85 -66 65 -72 70 22 23 -45 26 -72 71 100 -32 45 80 99 -61 -42 1 -32 94 -95 -38
90 17 77 71 -98 -43 -28 7 39 31 78 19 40 80 21 -35 -94 69 68 8 59 52 -86 52 71 -86 90 89 56 -87 87 98 100 -68 35 -65 -47 51 -64 91 -58 21 38 89 -23 39 -52 -91 97 -77 91 32 65 51 35 -58 88 -68 61 -2 -37 41 -36 32 58 -79 81 -28 45 60 -32 -42 -97 -78 74 -84 -22 66 76 81 58 -81 -100 88 41 46 38 82 -46 28 80 15 -89 -24 -41 -71 59 -52 49 -17 63
-77 -56 -58 -22 -60 -26 -95 53 -8 100 -87 15 76 90 -91 -64 93 -26 25 26 -62 3 -95 39 35 98 26 81 23 -74 22 -3 7 33 99 -1 -33 -34 -94 -84 -50 -46 98 69 37 -71 65 -24 56 65 69 -76 1 -59 77 56 -15 51 -25 51 86 28 -75 1 -45 53 -7 91 94 91 -56 -72 6 89 -27 -4 -77 35 56 18 95 99 -89 -19 -95 39 84 53 30 -11 3 -62 -16 -69 40 99 -72 -24 67 -41 -76
40 -41 66 -3 86 96 56 8 -70 -30 73 78 -29 2 54 96 29 86 -99 17 -85 -81 -89 59 -54 65 -49 -3 54 -24 -61 68 27 -45 45 1 45 44 -38 79 -13 71 -82 -42 30 94 67 41 2 27 -13 -7 -22 31 5 34 -59 -70 -92 92 -83 53 -79 -75 -2 73 -84 23 -93 -61 -55 -8 100 -14 13 4 -88 -15 46 -59 -79 8 36 -81 -44 -6 -48 17 97 -31 83 42 23 -66 40 -59 42 -93 -22 39 32
-58 -25 70 15 -31 -61 -62 -41 -28 -96 -1 66 71 75 93 22 42 -25 100 -37 8 -58 -92 100 21 96 68 -61 84 14 -29 48 5 73 60 7 -86 -2 25 79 -34 -72 42 53 -61 -64 98 -46 47 -4 -30 78 -55 -87 16 -21 -89 2 93 -14 7 -37 67 -68 -56 73 -4 -80 -55 -36 -92 57 -50 -44 -93 37 -97 29 63 58 -85 -10 -78 -86 -66 -9 -3 -81 57 98 -66 -26 96 -50 1 37 -33 16 78 89 25
49 -94 -13 19 4 87 -85 72 -24 -25 -100 22 44 -29 -69 -45 -7 3 -16 -36 72 73 -89 -82 36 -14 -58 -24 25 86 -41 64 -42 -90 -22 -42 14 44 -14 19 99 -4 -100 -26 -15 -59 62 2 -91 91 -67 10 73 -77 -45 69 -4 -60 -40 -52 44 -99 -35 36 76 -49 -71 -57 -90 -3 51 -52 -63 50 86 -7 88 -99 -57 -39 -42 -43 31 98 32 72 -7 30 92 -67 -33 61 5 -39 -94 39 15 -78 1 66 81
69 -46 -44 40 9 53 5 89 -49 64 88 -63 -36 -15 37 4 65 100 56 -34 69 -83 58 7 -95 -57 37 14 -93 -5 39 47 51 -78 9 -72 -20 34 -87 -13 40 92 61 10 56 -6 58 -1 93 -29 3 91 -28 -81 77 91 66 -52 67 -58 -88 -88 34 -42 -37 51 -8 -46 14 -19 -63 -92 -75 -87 -66 32 -58 73 -59 -36 -39 19 78 -86 -11 -82 -36 77 -58 88 91 -19 96 -9 -8 -9 84 -91 4 49 86
-18 -48 -95 -25 -9 -71 13 29 -70 -44 79 39 42 41 89 16 57 77 -80 -64 26 -35 -55 -98 -30 95 -97 -47 95 -53 7 -87 -25 -40 -99 64 -39 58 9 40 -99 -55 30 54 41 23 -19 -36 -21 36 24 78 -28 -36 83 44 -5 98 -85 -56 2 -62 78 -63 -3 -34 12 -8 4 53 -33 90 -92 -43 -5 91 21 72 -35 8 -67 59 56 40 -76 7 18 75 -81 35 72 -4 55 -91 56 49 19 -13 55 65 46
4 99 -88 -98 -48 95 32 85 -46 21 -34 -45 2 -37 -82 85 24 44 -71 -21 -81 -76 76 74 79 84 -82 35 -84 37 -44 -57 -17 14 26 83 79 10 -28 98 52 40 41 -97 -5 -11 35 -28 -91 -47 98 53 39 7 -98 -29 -55 39 58 63 -73 23 49 56 -67 -28 -29 37 -20 -35 -15 -1 -97 71 -53 31 -14 -53 19 -43 -67 69 -84 -67 -29 -44 -24 88 -14 -71 -65 1 36 75 15 59 -35 -27 -13 59 59
56 69 42 94 -71 11 69 -90 -61 82 -48 -4 -47 -59 -38 64 37 40 -14 48 -93 -27 19 16 7 -60 92 13 -64 24 -98 -39 95 -92 88 81 -67 -12 -7 -79 73 -43 80 38 27 -22 42 19 -15 11 95 78 79 2 -36 -33 -92 18 99 66 -36 37 -51 6 -54 -96 -89 9 53 56 19 35 -55 92 -39 32 84 -22 -16 -34 -88 36 -76 7 2 55 -16 -7 -56 -16 -45 -78 72 -65 28 53 35 29 -24 74 -5
100 28 75 72 -53 52 59 100 -78 -60 -70 -12 93 4 20 -36 28 40 -18 20 57 -7 50 -62 94 41 16 37 30 57 -10 -63 -13 1 -23 64 -41 -35 -99 -4 62 -23 -74 41 -57 87 88 36 65 4 15 24 -10 -15 -20 99 -51 93 16 54 86 -5 -87 8 -18 45 -7 6 -41 6 34 -34 -50 -99 -24 -38 -98 -92 -31 -18 71 70 -89 -76 42 30 -8 -32 -8 -92 45 7 -89 -95 26 -53 65 62 18 37 -42
-1 24 94 55 67 -21 49 90 -95 51 -45 8 48 -68 3 27 -2 87 -39 10 -68 -81 32 69 78 -12 -68 5 88 54 -99 39 74 97 -30 -74 -60 69 -83 -16 -10 54 -83 84 -36 34 -54 -42 36 -92 -83 -56 -24 90 29 -6 19 -90 72 -20 -80 92 -44 -97 -64 48 -28 61 77 89 -34 87 69 13 93 84 -54 -77 7 95 33 -5 56 -40 89 -60 24 50 97 14 -47 92 65 -12 -7 -18 -54 52 50 -72 29
-86 -89 63 -49 9 78 -100 -77 49 27 -82 -46 -56 -81 55 -78 45 -69 8 -100 -89 -40 33 37 -80 12 -44 -6 61 29 -13 3 -98 -21 -43 92 67 88 -58 24 30 -4 -7 16 81 81 89 66 67 -25 -97 -56 41 -96 85 54 -40 -60 77 -37 46 58 9 70 19 -7 45 -90 46 97 -17 -18 -63 18 -14 74 -89 -80 81 -9 73 62 -77 71 66 -30 -68 -11 -10 95 -32 39 -40 -25 1 31 -92 19 58 -33 -9
8 46 -89 -79 95 -21 -44 68 63 46 -91 -35 -46 20 -65 1 69 -53 62 -4 -96 -89 -81 -51 -27 65 -8 76 24 -17 -25 -43 -1 85 4 -66 -15 91 -67 50 -32 -45 22 -98 -15 18 -55 69 -42 -1 -54 69 54 -94 84 -8 74 6 39 -45 20 83 28 10 53 27 -66 97 3 -54 -9 94 -54 46 52 -60 -7 -75 53 -59 54 -11 83 -76 51 -76 71 -62 34 24 68 -71 -55 46 35 4 -85 -36 28 26 49
-32 -65 88 -16 32 43 -59 -12 -2 11 33 59 -21 -42 2 41 -28 -67 12 -60 50 90 -75 -92 79 -14 -76 -12 -52 -48 51 -33 -61 20 80 -43 59 -71 52 62 -59 -78 23 -1 -20 26 20 15 -41 -53 -2 24 -31 -82 -56 -26 -59 84 41 87 76 56 -80 -77 -62 -43 -80 16 -77 98 -7 92 26 -71 -67 74 51 96 -21 -56 -2 -96 11 35 -67 -54 -6 -52 -67 -72 -67 -23 66 77 14 -68 -57 -79 70 69 76
-89 -99 -59 -17 -15 87 35 -38 3 71 76 1 -100 2 -55 98 72 -3 -62 -42 -9 -91 -89 42 4 -91 -81 47 -91 -13 -67 16 -52 -51 -18 84 69 -30 -36 -40 73 -32 -78 39 70 -55 13 -97 94 33 16 -86 -12 62 41 -32 -88 -48 54 32 53 31 11 -11 38 44 82 -51 99 87 -57 -2 -84 98 88 -40 83 48 -84 18 30 70 53 85 3 89 -55 28 89 -70 -18 -58 79 83 -80 57 -43 -56 46 8 25
27 36 48 -18 -64 -82 -83 -29 79 -39 24 -92 13 -39 -9 -81 63 89 44 -95 68 80 64 -36 -5 -76 42 -46 -91 -40 93 69 84 18 14 9 81 -23 -95 -1 22 -27 -97 -54 -90 67 67 42 94 -66 6 -9 84 12 -69 67 17 61 -37 89 57 -43 -51 -57 -73 -34 59 -98 -68 11 45 -6 -71 84 -67 -72 58 61 80 -4 -69 -5 83 -82 -22 -79 -56 53 32 -79 68 59 -13 85 13 -83 12 -1 -27 -46 73
99 -53 -63 29 -36 -28 -52 17 -93 -56 14 26 99 -56 1 -42 43 38 25 -87 -42 -33 26 -30 97 -40 -85 -49 2 -24 30 28 93 29 11 -13 -14 9 -21 32 35 -19 84 87 -43 -24 47 2 60 -7 -55 -98 -51 34 3 47 89 -46 -26 -43 -7 77 50 -27 -26 21 0 -52 -10 62 90 28 -43 -49 -12 -41 43 69 -65 -44 -89 40 53 1 -61 -87 -85 -46 -82 10 -9 64 23 -4 65 36 66 37 -32 -45 -88
24 16 25 -70 80 68 -79 88 85 -24 -59 -80 -38 -40 -68 2 57 18 24 100 84 -86 3 71 25 59 88 -69 -19 55 68 -25 52 26 -74 61 -38 -3 -41 54 62 86 -58 -95 -59 -95 -32 -14 80 -29 -40 -31 -56 9 5 14 43 7 -66 -98 71 -98 19 92 18 -77 77 -46 -11 -98 -6 -45 -63 64 60 -1 -21 40 -70 -21 100 -90 -36 49 -89 -73 89 -64 75 -32 85 87 9 -62 -28 -3 26 49 -58 -41 9
8 93 -49 -7 5 1 -71 -85 -43 -11 -6 -83 82 -84 48 87 40 -95 -27 -30 37 -65 24 -50 -100 -38 75 -68 97 84 -24 27 30 -15 -21 21 -52 22 -20 4 -9 49 98 -96 7 -84 -11 -18 87 74 -89 -96 -38 3 -62 73 -64 67 1 29 -100 -7 -13 -75 49 -39 -82 -88 16 -53 77 30 6 41 72 -6 31 -64 -23 -62 -33 -75 -73 -6 -11 86 -22 -95 41 -32 1 36 -12 64 15 -79 14 -78 -67 -67 79
84 34 80 -28 -48 -44 -81 -48 -56 -69 -81 4 49 96 -23 -22 75 -29 48 -82 66 -56 -47 -31 74 -98 15 -48 67 -48 74 10 92 31 -87 -74 54 4 -26 -45 52 -52 61 5 12 -83 21 8 -39 64 30 12 89 98 -41 51 -1 -42 -37 -97 -73 42 -53 -11 32 75 -47 -16 -49 -86 -57 41 54 60 99 40 -49 77 -88 53 49 -2 -70 87 54 17 -54 26 -36 -6 86 -95 29 -70 -5 -56 24 -88 -36 -11 -82
52 23 -5 78 42 22 -38 49 4 -54 -87 -58 77 100 60 -92 -35 -75 36 84 -83 90 -51 -69 -50 68 88 -76 -21 89 -43 47 -17 -69 -61 13 2 36 3 48 -93 39 100 -22 1 61 24 31 20 84 -47 -79 -18 9 79 -72 -10 53 -26 -22 39 42 -19 26 63 18 -8 72 -93 -56 67 17 -24 82 -52 -28 -72 89 90 20 -32 37 -41 34 -99 -44 56 95 4 -87 82 -51 46 55 63 55 15 -82 -25 -72 -99
-42 -91 89 83 49 -60 -1 0 34 -84 37 -28 -72 -52 30 44 -75 -48 3 18 -89 -25 86 -66 58 16 -33 24 -49 67 -61 3 -73 -84 87 93 97 -6 -3 -34 84 -5 25 -71 -31 54 -37 44 65 36 -35 17 24 -95 97 -37 -36 -59 -40 -40 -23 83 89 -42 -87 -62 94 -5 9 -58 42 68 -18 -58 59 49 -87 -68 -92 9 38 15 -16 22 48 -36 63 5 66 77 -67 -74 -24 -83 -52 11 35 -70 66 57 -94
-49 -48 -24 67 -46 89 62 -39 33 -89 -36 8 79 -12 -20 75 69 -71 -15 77 -20 11 54 -45 45 -73 24 -20 -29 17 -24 -12 -62 42 -54 53 9 -75 -39 -58 -37 -1 -26 82 30 93 -86 31 11 -61 -100 -100 -8 90 100 -82 12 67 -7 -9 -4 -94 -80 33 -57 59 -55 -24 91 20 79 18 -94 33 -21 23 -14 -82 -11 -23 88 -77 87 59 41 -64 55 -33 -9 91 18 82 -45 -72 -57 2 87 40 41 70 69
-52 62 -19 -59 15 65 -98 -6 5 38 19 -78 3 96 -53 -100 -4 -6 -90 -52 -2 22 14 61 44 14 -65 4 57 -33 -7 -43 -26 23 43 -27 -92 27 -79 -92 -39 -14 14 -43 -46 -72 17 -4 -7 -96 26 98 -16 75 -36 -38 -16 -87 13 -49 -91 -43 -62 82 -8 36 55 41 52 55 23 -75 -41 44 -34 40 -52 -4 -75 4 -89 -92 60 -87 -44 -71 -70 -90 1 56 99 -78 -13 -35 -80 -19 -79 60 -30 -20 27
-70 51 16 57 -43 -97 48 53 -45 -13 -17 -15 50 -80 -55 -45 0 44 -56 82 13 93 39 1 -74 3 50 68 16 -48 25 -2 -28 -21 7 -48 52 44 72 -74 -88 3 80 3 -18 70 35 38 88 -33 34 -87 48 -12 93 5 19 50 66 80 -39 -97 -6 -24 -14 -52 -3 -50 74 -36 -27 -17 16 46 69 -8 -66 69 1 -44 42 -59 -90 64 -33 -7 -75 56 68 -52 -22 29 -83 -9 -96 9 7 86 -28 -8 -67
-63 -12 54 -56 78 31 -21 -79 50 -51 -13 -2 71 -62 -16 -6 37 68 76 65 -16 -93 -15 -90 -80 -3 -8 40 -94 96 99 -86 1 39 -43 88 -69 -50 2 14 -82 -7 -7 -38 13 21 -79 20 -62 -33 19 -22 -27 -49 -93 -26 13 -60 -40 30 17 29 84 91 28 38 -11 -72 16 9 17 48 60 43 22 31 71 85 53 -43 -43 25 -78 -31 -89 -85 -59 -38 -66 -48 35 92 1 53 -14 46 -69 -42 -24 -44 -57
19 81 19 60 -93 4 -52 -62 98 4 45 8 47 89 77 34 12 9 80 6 -16 -25 84 -100 -96 -27 -18 -70 -90 -92 -18 93 34 52 60 -33 -82 8 -33 77 -70 84 -4 32 -63 -42 -56 -78 -69 32 28 -100 -71 -21 -45 -65 -66 94 88 89 85 -35 -10 25 -65 9 -20 -33 -44 -33 -98 -78 52 65 -70 68 -9 13 99 -52 -30 -94 -65 100 15 34 -82 -16 -90 -77 -55 -9 -39 100 -39 -5 12 -37 9 -83 54
-68 -37 -70 22 43 -17 49 -30 -26 -19 -43 -23 -47 -15 -81 -4 76 -69 58 -55 -77 -4 28 -1 -90 -72 -7 57 49 77 33 -10 21 8 18 -75 73 5 83 59 -61 80 -72 -19 80 86 67 39 99 16 51 -44 -92 95 -36 2 -11 2 93 97 54 53 91 -41 -4 -30 68 -52 -17 -25 92 93 72 -27 -31 36 -39 57 76 -55 8 21 -63 -98 65 14 42 -68 15 95 -26 -17 14 -29 -89 -68 5 92 96 -60 -98
23 10 -66 22 43 85 -95 63 9 -27 0 -86 -33 13 71 -29 26 87 33 -6 -74 -32 -65 -71 68 -87 -41 30 -11 6 5 30 -49 27 24 93 -36 6 -98 22 -74 6 40 -33 -61 31 89 -49 18 63 -85 -12 89 -55 90 -96 39 9 89 -21 -23 -62 -71 61 -44 -72 -12 5 47 -26 6 -31 40 61 89 33 -100 -25 -38 -18 46 -50 74 75 58 -36 -84 -79 0 -76 82 33 53 -73 96 20 93 -83 -81 88 82
88 -34 -38 -65 52 -3 -6 -81 -73 -34 100 51 -36 -1 -15 89 -53 -27 90 52 -13 -50 -64 -38 -16 28 -14 16 85 1 93 7 40 61 -36 87 19 -88 39 74 51 82 -72 -54 -20 29 27 -82 49 -40 68 56 85 -13 -21 -40 54 91 -48 -23 86 72 -89 -2 97 29 60 22 -62 -79 -58 -11 18 -52 -51 -1 -31 -7 65 72 -53 -14 -62 15 40 47 -12 4 29 29 0 15 1 -51 -12 -79 -67 73 84 77 -26
90 92 39 -64 99 63 97 -56 -47 -61 -61 -2 -50 26 18 -53 73 94 4 67 -39 94 33 11 -98 -26 20 -63 22 -74 -47 89 73 -34 66 -74 17 -78 78 -84 -99 46 55 22 -29 90 -41 47 -37 79 -85 -91 97 -99 86 81 -98 -22 -19 54 94 57 -46 -40 -54 -20 -7 -15 -9 13 68 80 64 -26 51 41 19 -89 76 -13 29 -36 -53 -59 -73 -22 -57 14 96 -62 -90 6 -88 -69 -31 -20 89 -70 97 -94 -30
-26 -91 -79 62 70 20 51 66 -5 48 -73 -45 -67 69 12 34 -50 16 45 17 91 29 -26 -10 2 65 89 -63 67 -25 66 63 72 -26 -97 71 32 73 92 57 -64 -12 19 -18 -58 -74 -27 -100 -46 -84 21 -10 -82 -38 42 -46 -66 43 -81 90 -11 -55 -75 -97 -24 -27 -32 -65 71 76 -25 98 -86 -23 -37 -4 -7 -8 -50 1 -7 2 -15 -23 35 -91 91 -50 19 29 84 41 6 57 -85 67 5 -56 96 45 -43
-92 -13 90 -5 -11 98 41 -90 18 -82 -82 -96 -83 -31 38 -90 66 53 23 -37 91 23 -39 33 -80 -81 0 17 38 48 -68 -67 7 13 -48 63 54 -56 -49 -10 100 50 8 65 24 30 -34 -29 99 -38 59 53 -46 83 89 -81 43 61 -35 -50 44 90 -22 95 87 -80 -63 59 65 -34 -31 34 10 10 -8 55 81 -10 -46 -7 33 74 -64 40 61 -81 92 74 70 -91 -83 -51 64 5 82 75 39 55 -38 35 43
-17 63 -77 -20 -24 25 16 -24 95 58 20 63 95 -15 -16 -53 33 -60 7 20 19 4 21 87 -20 83 -28 -30 21 74 20 -99 -49 -72 -41 71 -23 66 28 37 -36 -91 77 6 -11 4 -68 1 73 -2 -1 68 28 -20 22 67 -63 -31 29 53 64 -45 -84 67 -30 -44 -68 99 -76 -40 12 57 32 66 48 33 -100 50 -94 -81 -59 -39 65 -17 12 35 91 68 41 -28 41 -50 77 38 42 70 6 23 -44 23 -76
33 -58 1 61 -9 -76 39 29 74 -2 40 0 85 -34 -75 75 39 -100 36 35 71 68 -37 46 -56 100 -3 65 -64 32 93 18 72 48 47 70 8 -33 25 -56 -78 -25 -13 8 26 -1 75 -98 -28 -52 -39 82 44 93 36 -15 -1 81 67 7 13 54 80 -2 87 24 59 -76 -20 -22 -14 -77 -2 -78 10 -53 -61 54 14 67 -4 22 33 -42 4 20 -39 -73 -39 -100 -30 73 84 -12 -69 -83 -5 52 -92 50 46
68 -81 -78 -68 -74 100 0 -56 -25 -87 6 67 -41 -84 68 -15 -62 -39 -66 94 5 -85 -85 -88 -60 62 -26 33 -3 35 -50 42 79 57 72 27 98 -37 8 -33 35 -64 -52 -4 80 56 12 -47 -62 60 0 -21 94 54 -68 -83 6 27 -13 -2 -48 21 29 -45 93 16 -97 -69 65 -15 -19 29 68 46 36 92 80 84 56 34 -68 88 11 48 -52 -98 -78 75 -31 7 -68 -98 -51 -47 58 33 64 99 -39 19 -28
81 87 -56 24 -43 1 -43 19 -81 12 98 99 94 -83 -39 -15 6 55 -89 65 -67 9 49 89 1 -25 91 -81 -65 28 82 -6 -100 35 43 78 -15 14 -73 56 68 -92 -37 -97 -70 -22 -27 -68 -81 -38 49 -69 -23 -92 47 -12 9 33 -30 -10 -82 -6 54 -100 -59 7 81 -40 37 -21 -21 29 13 52 -64 33 38 -6 3 -84 47 75 82 -45 100 -34 85 -78 32 -38 69 -33 62 -29 -37 88 -95 35 -83 -9 99
-24 1 91 -3 18 15 -10 56 34 15 -22 34 29 90 -90 -47 32 76 99 50 93 -52 -35 34 -92 15 35 -52 79 52 -13 -47 80 24 76 64 76 -9 -47 31 80 47 -3 4 66 -91 81 7 -16 45 82 51 -33 79 18 6 2 54 31 -57 36 0 -15 81 59 91 -50 -97 -51 44 -38 -5 26 46 -32 -45 -83 17 53 -19 35 1 -38 53 -4 25 -21 52 93 95 64 8 -13 33 47 4 9 14 25 -33 -87
-34 85 -41 -49 94 95 60 49 -88 -89 96 28 26 19 -5 -7 -36 25 72 39 -88 38 25 92 0 34 -55 33 -46 -20 -92 -53 10 -9 -2 7 -88 -58 -19 90 7 52 38 -94 -96 100 21 -94 29 -84 69 17 -3 -31 -97 99 82 -26 -81 -80 -70 -54 -76 68 37 -31 -75 86 86 1 -56 -87 -16 -99 52 97 97 -86 55 -23 -15 -23 25 45 92 -75 -11 27 44 -26 87 93 98 -60 33 -45 14 -26 -10 -96 81
-29 -13 -81 23 10 70 36 -42 -74 9 35 48 81 -24 88 -57 -37 -65 -23 -100 42 82 -83 -95 66 12 56 -29 -95 -24 31 -57 -61 93 28 32 72 14 -50 85 -16 -1 -95 -52 -15 59 -39 30 50 -79 -56 -82 82 -65 -76 -17 -50 39 -7 67 -73 47 96 -5 -27 -50 -64 99 -24 -60 -15 98 -52 59 70 81 80 -37 0 -71 46 91 70 56 -79 -23 21 -92 34 66 37 90 -74 47 33 69 93 -76 -54 94 -40
37 90 18 -40 2 55 27 93 64 93 55 -37 31 47 75 -14 -97 -18 14 51 16 85 2 25 16 76 -15 -95 56 31 81 68 -66 58 33 -79 -15 -70 -25 78 -18 -81 57 -68 -70 -79 22 28 -31 7 62 -33 -34 2 81 -24 -16 55 29 60 -74 -84 90 -4 -18 86 -7 97 9 -50 70 33 -77 -43 81 77 -69 11 76 -14 98 -93 95 13 -12 -16 54 -47 -67 91 -22 -33 19 32 59 -12 -12 -54 82 -45 -38
3 73 72 37 50 78 -93 43 -17 12 1 90 -80 92 -87 -62 -78 56 76 71 56 -56 -96 -22 -82 91 -56 14 -57 9 34 38 97 -21 18 -29 -2 52 59 -78 44 82 -49 42 90 -48 -50 53 59 -78 -48 79 65 -36 -75 57 18 -74 -68 1 -85 47 -57 36 11 -23 42 -83 -75 73 75 -17 52 67 -54 -69 -18 -33 -37 43 28 30 -45 -69 3 64 70 44 35 89 61 7 -55 65 26 -30 87 43 -54 -58 10
-47 27 -46 20 -34 -82 -31 56 42 -69 -48 18 3 2 -88 -76 81 34 61 -60 -92 -75 28 33 -48 -21 81 92 -60 18 -49 73 61 76 57 -29 -58 -92 -5 77 -8 -70 -14 38 -82 -23 92 43 99 82 -40 49 93 4 47 -55 79 -28 51 94 89 -75 -44 45 0 -10 -24 -42 -92 90 -85 44 39 -19 -21 15 25 44 -23 -26 75 98 70 -22 -21 16 43 8 53 -78 56 25 -81 -51 38 13 -51 -19 -26 -69 -49
-24 -25 -49 47 61 33 -86 -92 56 -69 25 2 -61 49 44 -17 -91 17 -30 -15 -85 53 14 64 80 -40 -31 -91 66 2 7 -67 74 -38 52 59 45 79 -74 -82 77 72 -32 99 48 -10 64 -8 -26 94 70 64 85 -50 -15 57 8 -17 -38 -35 -21 -16 -12 -22 83 24 -59 -44 1 50 -1 -93 -61 98 -65 14 92 -35 0 90 -28 62 90 31 -59 -62 -89 -46 -54 -65 -64 -99 -83 -28 1 -77 30 -45 -31 8 -17
77 -54 -7 13 -65 95 48 -10 52 -36 -23 28 99 -27 54 81 -32 52 -85 -30 -18 52 -33 57 84 25 64 41 8 15 -5 31 -3 -54 -99 -68 -69 -93 11 70 -89 -99 -90 99 9 62 -93 25 -53 89 6 50 7 -43 74 5 33 8 -62 -15 -16 54 66 32 96 90 95 -85 -21 -98 34 -98 44 -50 -8 74 -72 50 64 54 -66 -25 -27 -18 -69 44 -21 89 97 -2 -53 -14 8 -83 33 58 25 15 42 51 -57
-66 20 29 -63 91 79 -30 -63 86 85 -88 -59 36 -51 28 -33 41 -51 -35 -27 -62 -45 -83 13 45 -60 -92 -7 -44 -51 85 86 -44 -5 69 -52 49 74 -99 -79 -16 71 43 -13 -49 -64 38 53 -72 11 30 -32 -26 -20 -61 -13 88 -30 51 96 46 -40 16 -67 -94 -37 -15 52 64 47 -42 -17 -12 9 31 -29 60 -38 -38 68 -41 -45 -94 55 -43 -64 59 -96 -93 -5 33 -31 43 -96 24 68 -37 -90 -34 -45 -63
30 17 99 -98 -22 -35 96 75 44 -76 -6 30 71 -90 -30 -70 -87 6 48 85 -96 -94 -63 -77 1 58 -59 69 7 40 -62 -50 62 -3 -31 87 -50 18 100 -96 48 72 -69 39 83 -73 -55 -30 -39 -77 -76 -65 76 44 -75 -74 -25 34 -43 -99 -88 35 10 41 -30 -86 21 -65 -31 -86 96 -29 7 -62 -70 66 -76 49 -78 -8 -91 97 -99 -6 -53 80 -86 45 -7 -10 61 -9 11 11 -78 61 91 21 15 57 -46
72 -67 -72 21 22 28 -10 36 -89 60 5 62 89 60 -36 53 -39 -29 -73 -87 23 -47 -9 -2 11 -25 43 -4 93 91 -61 -46 -49 42 -44 56 49 -84 43 -55 -70 95 -3 -82 14 -41 -79 -58 -6 89 57 93 -5 -28 -32 -25 -87 -64 -24 -70 -62 66 -84 -91 87 86 64 27 -6 68 -8 37 -49 -15 98 -38 -50 -35 46 -11 -89 -75 -9 -53 69 -9 92 73 45 -25 0 -18 -24 -29 -34 43 -22 -31 25 -16 -24
68 -58 0 61 -44 -63 -6 21 -6 -5 21 -88 -18 -66 29 -78 86 -17 96 -3 55 24 17 2 91 2 -72 100 54 -7 53 -53 27 11 -88 -75 52 -76 -55 72 29 79 -39 -10 89 -22 44 49 -29 -44 -63 -36 -50 -42 95 85 60 -23 -100 -30 -60 39 -63 -19 -68 67 1 -5 -36 -11 30 -59 -75 85 -11 -42 6 13 -90 -60 19 -21 77 -95 65 50 -89 -100 56 2 42 -45 -68 18 38 50 -18 41 48 -44 67
-56 -56 83 14 -31 75 -20 -43 -57 87 32 -60 78 -7 -47 -63 -74 -21 6 66 40 -32 -9 36 0 -69 97 41 -45 -88 -66 37 35 -96 -96 -25 -65 -74 69 55 -38 60 32 -70 70 -34 18 -58 -73 -76 1 59 -69 81 99 44 99 52 43 -39 -36 96 -91 -32 90 -26 65 -96 -80 68 23 -27 89 -39 36 88 97 -55 -8 -37 5 95 70 -90 27 9 44 2 4 -86 40 42 37 -84 -53 -63 -68 33 10 22 51
-97 -16 72 -10 60 81 77 65 91 -43 -60 2 67 97 89 -66 -63 79 0 -45 95 -54 65 47 5 -50 67 -1 -51 61 47 -44 1 96 -58 -11 -97 -9 13 21 88 -35 66 46 15 -17 50 88 -61 -36 -34 -28 -32 -40 -93 -42 83 -80 -71 12 5 -55 71 83 -47 75 -36 -96 39 92 62 -45 59 94 58 -5 30 18 -80 -67 39 35 48 95 79 13 -63 19 42 7 67 -98 -43 39 -85 -25 -73 14 -62 -59 69
-76 -45 39 -42 -67 -43 -87 39 -60 34 68 -7 32 71 76 62 69 -99 -67 -81 3 -92 -58 34 8 16 59 -71 -26 -40 -20 -23 66 -29 -88 32 -72 37 -12 40 1 -65 29 -4 -46 -25 52 -79 76 62 81 53 34 29 65 -65 23 53 -66 84 -21 63 46 33 -95 -97 30 74 -13 -13 -68 32 -94 -67 -8 39 90 -79 -90 -74 95 93 -22 -26 13 -37 -28 -7 43 54 66 -85 -90 43 73 94 65 63 -87 38 -99
-60 21 -59 -85 -27 -34 -54 -55 -2 15 -49 -6 52 81 -85 -19 -81 40 -11 -76 -84 14 -20 26 -39 77 2 -21 73 18 -6 20 28 33 0 53 60 -56 64 -10 79 -37 96 -73 -4 57 27 49 -73 -24 1 32 -55 -61 -54 92 72 18 47 19 -36 -50 -62 -17 -60 -68 5 -7 14 67 -89 30 -28 78 -59 30 -19 -75 70 32 -81 88 -61 -89 -1 91 -84 36 -30 92 29 -93 -35 21 94 38 -61 -15 80 -11 11
-92 -98 72 -33 -36 -60 94 8 -12 -12 -69 -58 99 92 -30 19 -73 -98 83 -63 91 94 -96 -83 -92 -59 -94 19 -89 54 29 -22 -23 11 35 -90 3 89 -63 85 -7 -36 -63 22 -50 -97 45 -98 -2 -77 -8 16 54 -90 -72 -96 -100 31 81 84 42 68 -91 86 -19 -84 80 32 -40 42 81 -41 21 18 25 -23 -77 -97 -63 19 -1 -79 97 -47 -5 50 65 84 -42 -43 10 24 69 -11 88 -9 23 19 47 -84 76
-94 25 13 -57 13 -16 -43 -66 -18 -13 -51 -17 89 36 76 51 18 -28 25 82 -45 -64 -15 67 74 -58 -19 90 45 96 -46 -25 -40 29 59 30 -30 -89 98 -36 66 -54 76 -92 54 84 14 -54 -58 22 -17 37 20 -92 76 24 93 18 -47 78 -46 -1 69 -87 -13 -10 45 77 16 30 22 78 19 -69 -79 1 -27 25 19 -59 32 81 46 -26 -37 31 2 18 39 19 -60 52 49 -65 -54 -75 27 4 -34 -52 92
43 47 54 75 -14 71 29 57 -33 100 -10 -72 -88 54 49 -28 -58 63 -38 -4 56 49 27 -79 -88 -8 16 95 -25 -2 -8 24 22 67 48 5 80 -78 42 18 4 97 -40 95 82 96 98 -25 -77 2 -43 -45 -91 -17 -57 -29 -96 8 38 32 9 -16 -66 67 3 -95 16 96 11 -48 -51 -41 -40 -70 53 44 73 -12 55 37 6 -34 34 -27 94 -95 86 -65 -3 -80 -49 -56 -98 8 -89 79 -76 18 -58 -79 -41
-12 53 -68 -21 -83 13 66 -86 -97 43 0 53 -16 -82 -35 57 -45 54 -85 -40 -45 -9 78 40 40 -25 73 -73 96 -96 53 6 79 59 12 -14 50 51 2 -40 41 23 -6 81 -5 22 51 -86 39 -96 12 -87 -48 -61 22 47 63 -1 87 30 -62 29 -73 -54 -14 -82 -72 74 -14 -61 78 -88 -57 -3 -59 -95 25 70 -30 -78 -32 -97 82 -76 -88 14 -50 62 74 62 66 -33 47 68 50 -97 -85 45 -97 -99 -58
5 0 -94 79 100 17 23 13 17 6 -44 -93 -79 93 -36 -48 44 -72 -53 -62 -49 -21 -79 -39 18 70 73 20 84 65 76 94 -33 73 -45 -67 2 -94 -28 -43 -92 -27 76 55 13 11 -27 -42 4 75 84 -71 81 -11 -10 89 25 -40 -10 99 -16 -57 63 -18 41 -22 -50 -26 -17 -30 -26 -86 23 10 98 -86 -82 98 96 -79 90 6 -23 57 -31 -32 -46 51 -79 -61 45 19 -81 26 -88 12 -24 68 88 13 46
-78 46 4 -100 63 -64 66 -39 78 3 -18 33 -87 -21 -57 -1 50 -38 -46 91 64 -62 -46 -49 70 49 -88 -45 -47 28 -18 8 -44 -61 28 -41 -35 73 -20 -50 42 -71 76 40 -36 30 -84 -33 18 -56 -72 13 -13 80 5 -26 -25 35 -2 -94 -16 -8 -89 -35 -57 -91 40 -45 -61 -28 -78 18 -9 -80 -46 10 0 76 44 30 -93 -74 -17 12 -19 26 -31 80 95 -50 22 -52 -31 -2 29 -75 43 64 -19 21 -39
65 -93 36 60 51 47 61 68 77 -18 -2 -37 86 89 -47 -27 -8 -72 58 -78 64 -56 50 -87 -89 1 89 -74 -90 25 -9 -13 -61 -18 11 93 -89 44 -85 36 -73 41 14 52 89 -53 99 12 -65 53 -95 -53 70 -62 17 -58 -94 95 49 -20 29 -4 64 6 7 97 87 -56 99 -5 4 -4 2 47 -75 -79 -59 70 -81 67 -58 -100 -31 98 -69 61 -89 -3 -68 -69 38 78 -35 -4 89 -41 -100 -37 -1 46 81
66 10 52 -62 27 -73 -82 57 -71 32 47 99 4 80 15 -57 30 82 17 -32 57 65 -88 43 24 100 -98 -64 -98 63 45 -41 91 66 -70 39 49 -72 -59 24 -91 -51 -8 14 -1 -96 23 -30 99 88 -89 -51 57 52 2 -32 -63 -54 82 -60 86 -62 -97 -81 -81 -83 -72 -82 91 -49 -79 -12 42 57 -92 -41 59 -32 -89 100 83 82 -90 59 -39 2 41 -95 42 -94 -49 -11 41 -47 -39 90 91 77 -76 42 36
-83 -69 74 -67 -68 48 -6 32 -11 44 72 85 -67 22 -90 26 -24 11 -25 -86 7 68 91 9 -78 7 -58 -25 -4 -43 28 85 -46 17 -53 1 -98 -8 -15 -71 81 -29 4 -70 59 -41 57 -17 -59 -66 82 97 -15 -60 46 3 27 -31 7 -92 39 -41 57 -69 -92 -82 42 -58 73 11 34 -30 -14 -53 -89 -26 16 78 -87 -14 -88 98 -89 -4 -12 89 84 0 33 -98 0 -3 -79 -36 81 70 -91 33 41 -20 93
-35 8 -25 32 -70 66 27 -90 20 6 14 84 62 -9 -78 61 41 100 42 -37 -74 -38 26 -22 72 47 68 -64 96 -9 16 50 15 -61 -85 -40 -61 41 -77 -78 -80 -57 41 89 76 3 -92 3 36 -13 26 33 -77 16 71 30 22 25 99 41 -77 20 -68 -72 -16 -12 -39 -2 -38 -86 96 -78 -81 8 -60 -44 78 5 -11 -66 -33 27 -36 62 -47 65 -92 43 65 55 69 -66 49 16 14 -25 -70 70 66 24 -73
-90 25 2 -82 7 -85 24 87 -76 24 -72 42 71 97 19 -21 29 99 100 -51 -17 -40 -5 -66 22 97 88 -3 -9 -18 48 68 -10 -70 -82 -12 0 -26 -45 14 -61 -8 68 -45 94 -36 -38 -38 80 89 -41 -19 -52 -55 -88 85 -89 -76 81 32 -25 29 -35 42 -24 -31 -26 -50 72 -37 -15 -82 -83 8 90 -58 3 93 50 73 81 10 4 -9 -98 2 63 78 -33 57 -32 88 -64 56 -73 88 8 -60 -29 14 -7
8 -26 -26 -38 33 77 -42 -17 -18 90 77 -52 28 -33 -58 11 70 66 -31 -84 36 42 96 37 4 35 77 -14 -41 -5 -52 75 -77 -88 -100 -73 -91 6 -35 -2 -94 -77 -53 -9 69 -12 -31 -52 72 -75 71 -33 15 70 -97 44 -60 -15 7 23 67 -70 85 -28 -89 -77 41 54 -79 -38 -2 99 -65 -51 -34 76 -63 10 82 24 13 -83 -52 -23 -26 26 77 -5 18 -13 90 31 -48 -92 -90 50 24 57 -44 -90 41
52 95 9 70 -75 -77 -58 2 -6 -26 -59 63 67 48 85 -67 71 -81 -46 82 -33 92 17 76 71 70 27 -49 96 -12 -84 72 -91 -93 49 -36 -53 56 5 54 12 60 87 55 -35 59 46 -92 2 33 28 -49 54 -3 -4 27 5 71 40 -15 50 -67 -56 10 -2 37 -54 71 55 -37 -2 22 20 -81 -51 23 -18 67 -62 -75 -10 -19 33 95 56 -60 -12 70 16 -17 78 90 -9 -44 -47 -56 -88 -43 -80 -10 -84
-31 74 60 73 85 -33 10 12 -10 66 65 -36 -50 -57 -29 62 -58 -60 36 -80 -86 -21 -100 8 -97 35 -34 -65 -6 13 -79 92 -39 48 -65 -18 -63 31 90 11 -93 -47 -88 89 20 -29 80 69 35 83 51 40 79 84 29 23 -11 5 -78 -60 23 -94 -31 89 0 62 76 -99 -62 -13 -53 -95 -96 -67 61 -13 67 -43 13 49 -59 98 46 56 -45 54 56 33 -34 23 69 44 53 5 16 -34 -16 47 -8 -46 46
-79 -12 40 -26 -64 -91 -33 -100 -51 65 -56 71 28 -91 -91 54 14 -12 -77 7 80 90 60 -73 87 50 7 -26 100 59 70 70 29 96 -60 -98 94 1 -97 -56 -37 -16 -83 91 32 10 94 -48 -78 -3 -56 -61 -26 -95 85 78 97 -82 85 46 -34 19 -66 -15 44 -26 -74 -71 -100 -6 -86 -76 -99 1 -33 73 -64 -7 5 -26 12 -16 -52 86 -96 63 9 4 23 37 4 -45 -46 58 93 -95 34 42 -63 -23 -50
82 24 -43 -44 60 33 15 -88 5 -23 -77 85 51 1 -79 -72 -91 49 -31 -59 -96 -44 -93 -86 -14 55 -93 9 -50 33 -98 -5 95 83 -61 -31 -65 37 -75 -30 63 -89 9 -53 -90 99 -6 88 57 -41 75 87 -92 97 -31 36 -93 50 80 53 75 -88 -3 4 -11 72 -53 -12 63 45 -25 -11 -21 51 63 8 86 65 -60 -74 -93 -92 33 -21 -51 -69 -43 -50 14 66 -57 32 71 37 72 25 37 -51 -12 70 -82
94 35 -19 4 -100 -15 27 -95 72 80 -35 97 -4 18 58 34 43 1 81 28 -87 12 -75 -70 59 -34 -64 -74 -62 95 6 -61 87 -12 87 -99 17 -90 75 -24 79 43 -36 52 30 75 -2 53 -33 40 -64 -54 76 -30 -36 15 -67 -6 76 8 97 64 17 73 -38 88 46 -90 87 -31 79 43 -22 64 -62 -41 -97 28 73 44 -67 -7 -96 43 31 -16 -65 -65 2 -22 68 21 -21 18 -53 -2 -27 -67 88 -62 24
99 -23 -88 52 -67 67 -72 13 -82 4 52 -69 -58 39 -28 -2 -31 74 89 7 -8 -60 -43 1 70 -84 -7 -73 30 77 72 -67 64 -42 -96 -75 -12 -98 61 44 48 -18 99 -80 -92 35 17 70 48 -72 -85 -86 -77 0 75 -71 77 35 51 -10 25 66 66 -82 -4 10 64 -2 -1 18 -79 85 90 37 29 -30 -62 -34 71 -51 -95 -51 46 -70 -82 81 -6 -27 -95 84 -66 -14 93 -99 -89 -47 76 12 28 -96 28
-42 30 90 63 84 -22 -45 -67 46 56 -100 -70 -8 -77 -63 77 -38 62 -21 -92 37 55 -87 22 61 -52 -65 -14 21 -53 53 86 -3 -85 58 -26 62 -56 100 -79 79 -3 92 91 -48 -81 81 52 -83 55 65 -47 80 94 -32 -52 -1 77 -92 96 -72 -43 80 -46 -40 49 53 22 -13 -47 -79 -64 -76 49 -80 -48 93 -59 -84 28 37 -21 83 98 68 87 -27 61 95 -45 -92 -4 -17 -35 70 -21 -45 -19 -53 -99 96
0 40 30 -97 23 99 -43 21 42 -9 -87 43 -29 66 -34 53 -88 -50 -15 -7 -16 43 -34 75 7 -12 -88 82 32 64 -71 -84 -95 -41 -21 45 1 -95 -46 -16 25 -69 18 -18 -93 -23 -22 -36 15 -91 -11 -70 20 75 -26 -6 -13 -47 -69 -21 -69 88 -21 30 -40 -6 61 48 31 88 45 -64 11 -68 -45 45 12 2 -69 38 -72 -33 73 -84 12 97 73 33 90 42 -82 -82 -23 -93 22 -22 91 -13 -86 34 -51
69 30 -50 -5 47 88 -57 68 58 -88 53 -85 40 71 -44 -46 -41 57 64 -30 33 -84 70 -5 -81 71 -96 -75 7 57 -4 -94 -33 -15 -65 -66 1 -38 21 -8 -45 -60 65 -94 10 48 -60 -46 65 -29 -71 -50 37 51 73 -49 41 6 80 42 -76 88 93 44 -12 77 -43 74 -33 40 -69 -82 82 76 61 98 26 -61 -47 37 33 -62 43 -5 21 23 37 96 -97 -70 -72 -32 56 -29 -10 -17 92 -70 -45 30 61
58 -36 -44 -5 -19 58 90 87 80 -31 -83 94 -87 -14 -49 -20 -44 -80 57 56 -45 -20 19 -56 90 91 -93 76 46 26 80 33 -38 -50 -22 94 -61 -43 93 30 86 91 -55 0 74 13 -17 65 71 85 100 -72 -1 19 83 -44 10 -73 76 96 48 -85 -57 51 -26 -75 75 -68 55 82 21 55 -48 25 97 -71 -96 30 -4 -66 -74 -55 38 -61 27 -64 -52 -52 -94 100 -88 4 76 -50 26 -85 -66 4 -72 98 75
13 -71 -47 15 -54 24 -29 24 -48 25 20 58 48 63 68 40 84 53 20 66 -46 -62 91 -44 60 35 -87 26 -54 -74 -77 76 41 -12 -99 -66 8 -84 75 -16 -86 -92 63 -2 -60 40 -9 5 -53 59 81 -43 57 78 -65 95 -81 -39 -76 91 -54 44 -68 53 56 -71 -20 -98 28 81 55 96 -46 -77 -45 -54 67 67 58 -31 -53 67 74 -12 -43 -17 -1 66 25 65 -99 -80 86 -17 99 39 -28 -30 -2 51 20
-20 85 44 -9 -19 29 -78 8 -63 -4 -60 -27 -54 -14 53 68 -28 -59 -46 -47 -14 15 7 -62 -47 77 -99 76 -89 37 -53 -73 47 52 -99 71 73 -57 -2 74 95 55 -49 -80 -85 -37 -89 -80 22 2 63 -66 5 97 87 -66 47 -10 20 0 -97 70 -40 82 -25 -14 -58 63 0 -99 63 23 97 16 98 49 -1 -75 51 74 33 60 21 74 -86 -88 70 6 13 -2 81 -34 94 -22 -14 -25 -3 27 -11 72 72
-11 3 -57 54 -20 22 -37 79 28 -5 -86 72 -84 13 35 -9 -37 17 -4 -36 87 38 34 61 -69 -51 87 44 12 38 89 -49 -5 25 93 -61 69 -28 82 -31 -97 13 80 -86 -57 -15 39 -37 21 -29 8 -88 -48 100 -12 -37 67 -73 -35 8 -3 8 -30 -88 -36 19 0 86 -72 -53 96 31 7 38 54 -5 -78 -19 15 -32 63 31 100 -15 -90 14 74 38 -35 -11 100 6 66 -62 66 -55 17 70 -72 88 52
100 -81 -18 0 -44 -24 -20 44 -46 -75 -42 -41 -11 -26 -64 81 3 24 -15 51 99 38 -70 4 13 65 24 -9 -34 80 -45 -74 56 42 -37 73 44 54 -42 -90 -92 96 -37 -49 83 -24 1 38 2 -62 -16 32 -60 74 7 19 -96 -53 80 -80 26 69 7 -69 0 15 -25 47 -97 15 3 10 34 47 24 -61 75 71 1 -70 87 53 -70 -18 27 91 -94 5 -6 79 -12 -2 84 60 -53 72 -82 70 72 81 -74
14 -8 38 -43 50 -87 -57 -78 -89 -74 -64 92 -35 -78 -93 92 -50 -36 -39 -35 93 78 59 4 45 -12 46 61 -61 -51 56 78 -5 -5 3 -7 55 -36 -77 -33 69 -34 -18 -75 69 -51 -22 -22 53 53 -30 -50 7 31 -97 81 -58 53 -99 55 -86 23 -91 -61 -19 -70 -71 -7 39 36 -30 56 57 -13 18 28 -49 95 -8 32 95 -56 -51 14 -84 61 98 -81 -58 21 66 -52 -82 48 -4 -84 10 -52 -72 -48 -8
9 75 -91 -65 -60 -88 26 -71 30 -59 98 11 26 -38 82 76 -75 -97 -11 -36 -45 65 75 82 15 95 2 38 -14 14 34 -71 33 25 51 -79 -95 -26 -41 3 -19 83 63 -65 -54 75 -82 -82 3 -32 -54 83 14 86 -29 -31 87 -70 -29 -62 19 32 33 -32 94 95 28 45 -51 44 41 -86 34 98 45 -71 -84 -58 -20 45 85 85 56 -90 -65 -31 37 67 -70 96 23 -39 -78 -100 -89 48 -25 -1 -40 -99 15
-62 40 -11 59 -22 39 -11 15 -72 -56 -53 49 -84 37 57 56 -23 -99 -8 -54 -88 45 30 100 30 -45 1 -5 -57 -70 -80 -100 8 9 55 60 80 -67 -92 -79 45 82 29 -21 60 -4 -14 -14 -46 -52 5 -80 25 97 97 68 92 -89 43 -50 84 -80 74 82 -10 61 72 -21 41 -62 19 35 65 95 -83 -89 49 80 -20 0 65 -32 82 -48 35 -68 -4 -39 -95 31 66 13 13 -34 -51 -19 -10 -89 92 -51 -75
-86 -79 70 40 31 -71 -67 88 -100 -26 -1 -37 -79 -83 -57 57 94 14 -36 -44 -18 31 -60 25 84 -98 -22 37 14 60 52 30 -98 29 -16 -47 18 59 47 30 100 55 83 33 99 -75 12 -29 99 33 -30 -91 69 70 53 15 30 78 -62 81 2 20 -72 69 -23 65 -3 0 -4 84 4 -89 -95 30 -24 77 34 -33 -14 -29 -26 25 94 57 -22 31 -65 -46 -68 -81 83 18 -99 -93 -27 2 -37 16 86 30 -83
-29 -89 91 -46 84 34 -17 -8 99 -31 -46 53 -29 55 23 -44 -70 80 -70 31 -75 84 -60 70 -59 18 79 41 40 -75 13 -39 48 -80 90 22 -98 -23 -43 82 -9 -55 14 64 23 -26 28 83 5 -43 -16 21 32 90 44 39 11 67 47 34 91 65 -60 -3 78 -48 -80 -33 50 -53 -5 14 -81 -89 76 -26 100 32 56 64 64 44 24 79 81 75 61 3 40 47 -28 13 -45 -83 77 3 -51 -74 -50 -27 -61
60 40 -25 -32 -80 -100 -29 -66 89 66 23 25 -51 -87 74 -45 -71 97 94 90 -100 -98 73 -32 -49 -71 -88 47 -37 -54 61 -6 36 9 -66 38 -84 43 -35 -15 60 51 84 -9 -7 -39 -47 -77 -4 40 78 37 -49 6 -76 -17 -17 60 -85 -13 -66 -67 -58 -44 25 18 52 -9 -7 57 -27 -98 -44 -48 -51 99 -78 -1 99 30 -85 -86 -74 -51 -37 -71 -82 -56 81 8 -27 92 0 8 83 82 53 54 -24 -9 -51
-17 -19 78 76 46 -9 -40 49 82 -9 24 -94 -83 27 59 -16 -8 -12 19 22 -13 -94 -25 3 75 -19 -57 67 63 -47 -19 -14 -5 -56 -97 73 38 6 -77 -98 -86 -86 -39 -45 90 -52 -91 32 -80 58 -36 -96 -17 -98 91 -45 -71 69 57 -4 -27 -28 0 -11 -47 18 -18 -68 65 -49 54 -28 8 -76 -99 30 3 75 -100 -45 69 -36 -90 -18 -28 27 -70 18 16 -48 30 -17 77 90 -8 -79 14 49 89 -71 48
43 89 73 33 -49 -73 55 -74 -87 93 77 70 -6 -52 30 -24 -43 44 -63 87 8 5 41 -41 58 52 -95 38 -10 36 -51 -78 -79 31 26 -47 -16 56 45 -25 33 9 -6 40 -92 94 30 10 -93 19 -12 -54 45 -79 75 -44 -17 -76 46 -92 96 -40 12 -2 -34 84 31 -11 12 -19 -57 74 -9 -27 -71 -81 -18 -63 -22 -49 93 -8 -12 -72 -9 98 -87 21 48 -39 7 -14 -1 37 49 -92 -8 -27 16 -54 90
99 38 -22 -35 52 43 44 44 32 42 2 72 36 2 -64 56 43 -59 53 83 27 96 -67 16 -98 57 35 -69 -86 12 -95 -42 73 -62 16 97 62 51 -80 -77 -49 48 83 66 53 -32 -96 -70 -61 2 -47 36 -79 37 85 18 -79 64 -95 9 -12 65 -42 66 -6 97 86 71 -93 85 -32 -15 68 -26 -8 -75 84 -4 -10 34 8 -13 -37 -74 83 18 68 -37 23 38 95 19 -88 14 -38 11 -89 -37 88 -76 -53
-90 12 -81 12 44 31 4 -5 -43 26 -53 20 -36 -70 48 -76 15 -27 46 81 -100 49 69 -91 -61 -89 -73 51 -70 -88 68 75 13 -50 -88 -85 -19 -91 67 -1 87 13 98 42 -65 71 -10 26 87 71 -77 -45 -6 46 -38 95 27 26 86 -99 -71 79 -79 -47 78 85 50 -61 -3 -44 -3 -88 11 -22 -60 -55 5 0 -46 -75 7 66 -29 -50 -47 -14 -42 62 -7 11 49 4 -15 36 73 73 -86 -46 -8 -48 69
-13 13 24 -6 -85 37 76 36 -80 -30 -69 6 25 81 -100 69 46 23 -60 -61 -84 -44 -15 -15 -90 82 -29 -42 -98 -44 79 -97 2 4 0 29 74 -7 85 76 -90 -98 -28 93 -82 -24 -16 -68 94 13 43 39 -59 38 64 62 19 72 -82 -14 92 -32 -57 100 -22 43 -3 -8 13 -42 -91 -89 47 -44 40 50 -100 -75 -10 17 0 53 -5 95 -36 -50 67 36 48 52 68 18 -84 -96 -16 58 -9 23 42 -12 -20
12 41 -64 20 17 61 6 -45 -26 91 -33 -53 47 -21 -89 -38 -93 -47 53 -25 -32 -72 -86 7 -63 -21 31 -4 89 -69 -44 91 48 -52 -21 94 33 60 -26 39 -100 -20 -74 -39 60 -71 4 36 -30 -18 16 88 -59 5 26 -90 67 -94 13 -74 -95 6 -100 -48 68 -65 57 -63 15 73 5 -20 11 18 34 -100 39 24 33 2 51 -64 13 90 -98 -88 -35 42 -20 -20 93 -85 89 -55 14 19 9 85 22 52 98
-2 -87 -73 -93 -76 70 -8 -82 77 -50 -52 65 51 -76 -67 -73 -4 39 67 69 60 -12 -80 -30 54 -80 -36 -9 13 -1 42 -91 20 29 69 -61 11 -99 63 40 -61 -79 37 71 6 -61 -31 -21 -54 21 22 -5 -55 -15 -49 93 42 -71 0 -36 -39 57 -24 -48 -20 83 -71 -76 -30 82 81 -45 -75 -64 -50 67 -87 54 -58 -80 42 44 36 8 88 -50 2 -71 31 -59 25 -68 -22 13 32 -65 61 -53 -10 88 75
16 13 96 92 25 9 48 82 61 -73 -70 -60 -41 -79 56 -16 47 43 49 58 69 -25 -37 -73 -44 -96 11 -64 90 20 -64 -72 26 -78 32 -99 58 -4 -43 -41 -36 57 71 -7 80 -48 58 26 0 95 45 -93 -94 56 40 -2 -89 -49 47 -71 47 -35 -51 -74 18 -81 41 -67 27 35 -77 -1 -4 -65 78 -71 -39 -56 66 -11 -4 74 33 -80 -6 -66 8 7 -29 8 -78 17 16 -56 56 -2 29 24 -75 -54 -83
54 79 -5 -33 -6 13 -61 60 -67 36 -33 -87 -4 11 -25 100 -84 85 50 98 94 65 -22 40 -8 -54 58 -42 17 15 6 -46 -57 44 -17 3 7 -21 14 -55 -48 83 63 16 -10 22 -33 -51 -54 -33 67 9 45 -31 21 -69 -80 73 -68 63 77 24 64 -92 49 34 -53 -36 -54 79 11 5 40 87 -81 -56 56 45 71 58 27 59 20 94 29 -9 -2 -30 -90 -21 53 82 77 90 -13 35 51 -34 -93 52 38
26 -19 8 -27 41 -82 46 75 39 -65 95 65 4 -51 -37 -58 -44 -42 -41 -64 -92 25 -72 95 -65 -58 17 29 -42 -44 4 -17 -32 36 -48 96 -33 17 24 -80 51 -62 -44 -43 -73 57 100 -52 15 21 3 -41 -34 42 -68 59 -46 -11 39 -43 21 59 85 -92 -82 -51 50 22 19 38 -72 -56 -89 -92 -1 10 59 42 -85 -61 -6 66 -100 -29 48 -65 -30 84 58 -97 19 -74 32 -36 -53 -85 75 71 -75 29 -62
16 -41 32 68 93 -17 89 -82 38 65 33 29 88 -29 -55 -26 -20 32 -36 -41 -64 -78 -43 58 17 -98 -30 17 -6 -71 -71 -97 -85 -31 63 -55 -79 57 75 52 -95 5 35 -92 51 -42 71 66 43 53 -17 55 40 -66 25 -79 61 95 -32 -66 -54 -1 -47 -51 -18 -67 70 83 -24 -12 84 6 64 60 -65 4 41 77 -10 -55 63 -60 15 54 -96 -54 61 -51 78 -38 -17 79 96 12 -32 -46 -73 38 -15 -39 -75
17 -39 63 48 -55 -75 81 83 -45 -33 15 -37 23 -50 52 -41 68 93 42 -68 -72 -36 -14 -80 61 -8 -63 22 -59 91 5 95 19 -77 -68 91 -31 -87 90 -17 -54 -91 -4 60 -4 25 -80 -100 58 11 26 -24 -44 -96 -61 -11 -73 95 -9 37 -64 74 28 19 86 58 95 -75 22 37 -23 -8 19 24 23 -3 97 85 -51 59 32 -54 10 81 60 59 20 -48 -69 -34 -20 82 50 -7 38 -41 -99 59 -83 -74 10
-20 -52 43 83 -1 -9 -12 87 47 -37 6 59 71 -30 -45 -81 -63 -19 36 -2 91 35 -64 -92 84 53 95 -49 -11 -8 1 14 83 -6 -43 74 26 -90 87 -59 10 -43 47 59 40 3 5 -39 63 -6 -33 -15 44 -16 -51 21 -49 18 37 -25 33 58 -65 88 -73 34 -68 98 24 -72 -49 -96 -35 -46 20 -56 43 -44 -95 7 -15 -31 34 0 95 9 80 -51 42 -77 58 -54 28 32 -59 -1 -93 -92 -83 18 -23
