79 -100 -81 85 -20 -11 2 -56 52 4 -48 -100 35 -59 -63 59 63 -71 35 60 25 -16 -24 41 81 -71 87 49 -11 72 44 69 -24 -76 94 71 24 95 46 -5 -1 -76 71 74 48 27 -58 -61 5 66 37 -80 -15 -70 -30 54 -45 -62 45 -53 24 91 -49 0 -37 -64 61 65 -3 -40 26 26 -82 -41 -1 -14 -43 3 0 12 -87 -30 3 -48 64 47 88 -70 83 87 64 -98 -88 -30 26 77 -19 25 55 -70 -99
-25 -99 -71 -85 32 11 -87 -21 16 -45 87 6 -75 -18 -40 98 -18 77 -46 42 93 28 81 -35 76 83 42 -56 67 99 15 -40 89 -6 30 -33 -42 -41 72 89 79 100 2 90 -13 -6 -57 -97 -87 -91 -81 -74 -44 -67 -74 55 -52 -21 -81 95 82 1 -18 0 -53 -20 -94 -95 30 48 15 -22 -48 -37 43 -85 -13 9 -4 45 -9 60 -74 -90 81 -49 25 38 20 15 -97 78 24 68 -43 -32 -25 -46 -96 73 -66
46 -71 -30 100 -55 -89 37 43 -5 92 -37 59 73 74 86 22 -47 89 17 -31 20 41 -91 -40 1 96 88 54 83 48 -66 90 -5 77 32 -31 -99 -52 67 89 -17 45 -37 92 -93 28 13 -91 35 94 80 -90 44 78 8 -32 63 59 65 76 -94 87 -75 -42 -66 85 -88 43 -59 24 73 55 -67 -58 -19 7 26 54 -72 -1 -6 4 32 -71 -1 48 -28 -72 -9 -45 44 54 -78 -14 5 -46 -68 -93 61 4 81
13 -73 33 43 -5 -13 -17 -59 82 13 -17 -92 -53 -72 86 29 -38 -92 -61 31 -42 95 -93 -29 61 34 -64 38 -73 11 -43 73 -18 88 -34 -90 -38 42 36 8 -33 4 78 41 -85 -18 -15 -28 37 -53 -81 -80 17 -6 -3 -92 -33 -57 -13 38 87 -43 50 -67 -38 -30 39 -26 83 -20 29 65 97 -49 60 -28 33 12 -19 -59 76 -48 -14 6 81 -30 70 -70 -42 -13 55 30 -93 -1 17 -9 -85 24 -63 -8 77
70 -74 6 72 49 -17 -36 74 -34 -70 83 75 -29 12 -45 50 98 24 11 -3 70 -91 98 -66 -28 -67 -32 78 -72 -80 85 34 -26 -66 -53 96 -65 -60 -16 -23 42 -74 -10 89 -31 36 4 -28 61 42 16 -81 63 51 99 41 76 83 -39 -92 38 9 79 45 -99 61 -79 8 -40 -47 -42 96 -56 -98 -5 68 -89 -43 39 7 -92 32 65 -56 -9 100 70 -71 -16 -6 -24 21 -62 55 23 -36 -22 -58 6 -65 -69
-85 -24 -73 -55 -47 36 -45 -37 88 56 1 -18 46 -29 15 45 96 59 -93 60 -49 -56 79 63 -48 31 56 47 18 -47 -17 48 8 -70 55 52 92 61 -96 37 80 82 -84 47 60 3 56 -22 -5 -8 -15 72 43 93 -90 97 89 -82 -17 21 -1 12 -4 -83 29 46 -44 -12 -46 28 8 -12 -54 -43 -6 -70 -100 99 -74 -26 89 -76 23 -71 -9 -9 -41 85 -54 37 63 62 -43 17 -31 -80 -83 56 81 99 -44
37 -16 28 30 19 1 -3 44 -7 -64 -48 91 15 -89 -74 -35 37 -66 -25 -31 20 80 17 62 71 -96 66 -83 5 -62 17 67 -12 90 -25 90 -16 -31 -90 -2 -8 -15 -65 -22 -65 27 -7 -41 -76 -42 -41 92 -57 63 59 45 79 15 55 96 -60 1 53 -78 -54 11 -17 46 -63 92 83 25 -85 -8 -96 75 25 -59 54 71 5 12 -58 -50 -55 16 -55 -67 7 -56 53 -48 -83 71 55 -51 -83 -84 97 -70 -79
-11 66 59 99 -58 6 -17 78 -84 -5 -1 -16 -84 -82 36 -33 89 -19 -55 -75 -50 80 50 60 -75 -23 -62 -42 54 -80 -78 -29 74 -78 5 20 16 -35 59 61 97 -15 74 48 86 90 89 88 41 18 -77 -19 -88 -51 -85 -1 52 -62 -44 -80 -85 -14 27 92 43 -61 -44 -27 -19 -80 -67 -96 46 93 1 -76 74 -17 -42 -96 94 82 -44 29 42 -86 97 -31 58 57 52 73 -53 -86 -37 37 -87 -95 -80 68 95
-29 38 -29 17 70 -41 -64 -65 70 2 10 -90 7 -89 -15 41 -5 -61 -45 77 43 77 73 78 -15 21 68 -8 19 82 -90 -58 73 -9 -76 92 -6 -73 2 31 37 2 47 25 48 -96 10 -91 13 -99 -100 91 22 -45 -92 -99 48 55 100 -2 -65 62 33 -29 -18 -88 -84 -35 57 -47 8 71 40 14 93 -30 -34 -22 72 36 -59 73 -90 46 42 31 -9 -56 -25 50 -26 56 63 83 67 -80 3 39 -21 -24 -54
24 -27 54 82 -74 -17 63 84 71 32 -73 59 76 -14 49 -94 -80 -59 -31 56 -52 -67 -52 47 42 -36 73 -79 8 19 -36 -84 -39 -8 -27 23 -85 38 -87 94 12 -11 -54 99 53 69 -64 -10 96 -77 75 91 93 76 4 -34 -98 24 -46 -79 95 27 -75 -38 66 -91 21 -70 54 -92 -73 71 30 85 -98 45 48 -20 79 29 43 5 40 -66 42 79 95 -36 -55 -20 -87 -52 78 4 -98 32 66 -81 -34 -62 90
-59 -27 -47 -53 -61 73 -96 3 -3 28 37 95 55 -26 -7 -58 63 50 81 11 90 78 64 90 18 68 84 -9 -82 85 -71 7 -92 82 38 49 -23 -32 -10 55 -65 -80 -19 -29 37 -66 58 -84 61 -44 85 -93 51 -79 50 54 -75 22 20 40 92 -54 10 94 76 72 -68 90 -52 -2 77 -85 -34 -71 77 -95 22 14 -95 -83 25 -17 -85 -55 -18 50 14 10 95 73 -93 76 21 -3 37 68 4 -22 67 -6 52
-93 -21 70 -99 -20 100 -43 -64 0 -18 -81 33 -4 2 -34 6 42 87 9 -75 -58 -25 45 68 97 -4 -88 8 71 -69 -38 -92 -11 -57 -31 24 50 -4 15 20 -10 45 -11 54 -27 4 -76 77 -25 -27 44 50 -76 -75 -90 -18 -30 62 -11 66 -15 -6 98 54 -6 -68 65 -48 -60 -72 -91 -52 -33 -94 90 78 39 -1 -92 -80 28 -25 -14 -29 73 6 -67 -30 56 -34 46 85 28 69 -45 7 -62 69 71 9 -92
-73 42 6 -6 -41 -89 -70 19 64 -80 67 61 38 67 65 -29 26 37 -51 11 29 31 -45 -20 -31 29 74 -55 14 87 7 -33 55 72 -16 29 1 -14 -31 -8 -17 86 68 -63 79 -72 -62 -38 32 50 -43 0 -32 22 -96 76 1 89 -3 84 37 -89 9 84 98 -30 81 86 -45 43 -97 34 -77 -77 -42 -49 32 91 -45 7 77 -76 63 11 29 -54 33 7 -7 -88 76 90 -78 -10 60 -99 39 46 42 28 79
55 97 81 -84 15 -21 39 -70 90 10 7 -15 -52 -83 -16 62 -83 30 28 -94 -3 4 -72 -33 21 -75 29 -4 70 6 -70 10 -80 34 -44 -53 23 66 61 44 53 -89 70 96 3 -74 20 -36 27 96 -29 -60 74 -20 -19 -59 78 -19 33 2 52 5 14 2 -45 -56 -65 -41 -51 49 -79 63 -84 35 -64 -79 11 24 91 -90 -52 6 35 41 75 -94 16 -49 -68 63 82 -19 -88 97 -86 -9 -57 -66 -88 -14 36
-58 35 -43 28 21 -61 -83 -82 -34 -77 2 72 93 -54 -79 65 -7 69 72 74 95 76 -49 -28 -8 -32 21 -11 -49 40 -52 -42 34 12 -71 -60 -51 -26 -93 -7 -41 26 28 -99 -72 -81 -4 72 31 -61 -88 59 25 35 -9 49 -9 -42 75 -74 -39 -89 94 -61 -41 -11 -97 -27 6 -81 18 -8 -79 6 41 -2 70 -52 91 52 -27 -1 -8 26 20 -11 -56 -30 86 -96 -25 -75 8 96 -40 -63 62 14 -53 98 84
-74 77 -52 86 33 -34 -7 90 76 74 -95 -65 24 -30 18 -93 9 -27 76 66 22 25 60 -47 91 20 29 -43 -86 -8 97 -21 -2 -1 -10 -59 -23 40 -56 76 -67 74 -52 -66 70 31 25 -74 21 21 100 91 20 -26 -11 -53 30 -68 30 -80 -52 41 93 20 -7 55 94 18 -45 63 96 90 54 80 -65 87 92 -62 49 -72 86 -62 -30 -5 97 46 -1 10 -92 -52 72 95 65 -96 12 -21 -59 -22 -39 7 71
77 -72 8 34 -17 -57 20 53 20 -1 -66 -78 80 -4 58 -64 54 -98 -75 76 -44 54 24 63 -92 41 -52 -57 -69 -39 -65 -96 -24 35 97 44 2 51 -7 -77 -89 -62 -95 -77 63 -64 5 9 55 29 -88 13 54 95 -77 1 56 -6 84 29 -93 -54 -91 49 21 9 54 44 -16 -11 -22 76 75 36 -86 71 -51 -10 69 -65 5 2 -3 78 -37 61 62 -72 86 -91 -28 53 -7 -96 -48 -42 -6 1 64 39 75
54 -41 -45 -53 86 17 55 2 -59 -77 19 5 -6 54 -9 -34 -68 -14 -76 7 6 -91 -100 -1 97 48 -40 51 52 13 70 -24 -18 80 -20 -24 19 -98 88 93 92 -49 60 37 44 -36 -31 -83 -64 67 82 75 -7 83 -42 17 17 10 -16 -37 32 -18 -70 4 -26 86 15 -26 87 -38 3 19 66 -7 49 87 51 55 -31 37 2 42 -85 -7 -23 71 33 33 -69 97 -59 -13 73 -83 49 -38 31 48 -80 95 3
37 -49 -14 11 54 100 -84 -29 94 17 83 -38 14 -53 43 -37 -93 55 60 -60 -14 79 65 51 75 -91 53 -1 17 9 -8 58 61 63 -81 -40 -83 -25 -48 10 -39 19 -55 -85 73 -77 41 75 92 42 -55 4 86 -17 39 -72 94 26 60 -93 95 18 14 -80 10 -8 88 -75 -80 56 12 -80 -11 40 -78 34 -54 29 -47 -78 31 61 49 71 39 53 50 -50 29 94 53 75 33 95 40 -35 66 -30 99 43 44
-34 -59 -100 -43 -95 -54 -30 14 -99 -81 -35 -80 12 63 -48 -33 23 74 -85 21 36 -85 -78 0 32 -91 -46 70 59 -44 -7 -91 -18 85 5 41 79 7 45 -52 72 -73 5 -79 -93 51 90 -2 19 46 73 -39 45 51 70 96 -42 36 66 90 -55 -42 -28 -94 80 -87 -49 42 5 68 25 -100 -96 24 68 3 -28 -65 -64 6 25 -54 44 57 29 54 61 -36 81 20 -22 -67 53 1 79 -61 6 90 32 50 -68
65 -15 -15 -32 -77 17 -61 -15 32 17 -62 84 -22 -83 29 56 12 -85 59 67 -74 90 98 -76 -35 28 3 66 49 -94 28 27 -51 29 32 -57 28 -55 34 -6 -33 94 11 -41 41 -85 11 -25 18 3 -17 36 -91 -2 -68 -83 61 23 -55 26 43 -58 44 -26 -65 95 -18 -100 100 -63 -18 -83 -92 10 36 -73 -39 -24 -57 -16 33 14 25 -32 -95 -69 30 93 -61 -75 77 -35 -24 -86 -88 -47 -85 -11 -34 72 -65
26 51 31 3 -25 70 93 58 39 -39 82 -53 -72 -4 8 -86 -66 99 -3 80 -90 -80 17 -46 -32 19 -36 -90 28 -89 83 -71 32 15 -99 40 0 72 -65 -20 32 79 58 -87 -92 -47 18 -65 -76 -7 41 51 -87 -29 48 -48 65 -26 -99 100 9 54 -5 31 -66 100 22 -46 -61 84 85 18 -78 19 41 -53 44 86 36 -54 -70 99 -4 100 -98 75 -100 0 34 -4 46 1 49 -30 -5 -16 76 23 -36 -69 81
-97 32 97 -24 17 83 20 -78 86 22 84 84 25 24 -36 -69 86 -33 36 83 -53 16 -23 78 31 65 -87 -46 -61 85 76 83 71 -11 -60 -65 -67 99 -66 -59 15 -49 -67 36 22 66 -26 -98 -51 -95 -86 50 58 99 -2 69 12 93 -80 -3 -73 59 26 50 -82 -77 -75 -8 -31 -85 -50 -68 40 23 11 71 -24 -75 75 55 19 83 23 -45 -86 -21 -25 -68 99 -72 59 50 5 -26 -30 94 28 60 -90 -36 -63
17 5 -48 94 2 97 -57 -5 -17 -37 -14 -94 -79 -77 -43 -14 69 82 -26 -79 86 10 -34 -1 89 82 -37 -45 -45 55 -29 -16 35 -31 22 94 -89 -4 97 25 99 -66 -68 14 -78 -62 0 -4 -79 49 -78 -23 97 -89 -96 -81 -8 -19 3 -24 -14 24 19 60 -73 70 -54 95 -25 -80 93 86 -8 -34 -92 -60 -76 48 84 -96 45 13 25 97 -90 10 -31 -22 7 -46 -90 28 -23 -72 95 97 -78 76 -55 -64 42
-93 17 4 -37 59 11 48 -99 81 -88 74 26 -48 -52 -86 9 61 25 -36 -20 -55 15 -9 63 7 79 -31 78 -66 -100 39 -95 69 71 16 -75 1 -4 -1 79 -93 11 100 -6 -42 44 -47 90 -65 -49 22 -96 -89 -88 100 82 -13 44 70 -37 83 -60 -98 24 -23 36 9 61 -3 7 -29 33 -80 -28 75 -100 -56 -22 95 16 17 95 52 66 -79 97 -100 46 92 78 -18 -53 -2 -27 -16 -37 -64 15 20 -53 -6
-84 -67 -23 82 -75 -57 94 94 -55 51 -61 -15 -25 40 -1 -27 -7 33 40 100 -83 -31 52 49 24 99 -35 -51 57 25 69 -65 -93 97 -56 98 -96 51 68 -60 100 -63 -57 -43 -63 -99 92 11 81 -5 52 -59 -14 92 -29 56 88 -92 97 43 35 -14 -55 -74 -67 66 -41 -3 -16 30 76 49 -84 98 15 55 3 -62 -53 62 -8 43 -4 10 1 -10 12 1 94 -3 -87 64 6 -10 -89 -39 -80 -20 -64 61 99
-81 21 -6 -8 -13 7 -82 -80 -87 -48 -16 -13 -92 -7 50 -22 -78 -31 20 51 -52 58 66 -43 -55 -72 43 -55 -20 72 -46 -16 -2 -73 -73 36 79 -78 -51 35 63 -7 -20 43 35 23 78 -28 99 -21 -57 6 52 8 -10 89 55 57 54 -14 43 -56 -69 -79 27 -90 -22 -64 21 -37 90 -41 -97 -97 -35 -74 49 -49 -80 63 31 11 -23 -73 -85 39 -47 -5 81 -74 -100 -50 62 -14 21 10 -2 -29 28 -25 -45
23 -60 27 14 -26 47 67 -44 -75 50 28 100 77 -40 -36 94 87 -47 5 15 12 97 -15 12 -42 -35 -95 13 16 -86 -58 25 52 -69 -24 73 -47 -39 87 27 -41 -50 84 -98 -87 -94 58 -86 82 -95 -13 -85 57 96 -14 21 45 -43 -47 88 91 -60 94 -6 99 -73 -73 -68 6 78 95 89 61 -43 -75 -11 -47 -100 -70 1 -33 13 5 -16 -46 -32 -94 -46 79 31 65 61 49 -70 -17 52 -19 -26 -37 -42 57
72 -81 73 -67 13 -99 -73 -50 84 -77 -69 84 23 -60 -27 -27 60 -38 -26 9 11 68 -8 14 -15 42 97 28 -62 -55 56 0 -91 89 83 96 -54 -62 -63 -81 -63 -15 46 -74 -67 -23 -95 -29 92 72 -84 2 -1 -6 24 -32 -30 10 67 -50 34 -57 -70 100 61 -95 -16 99 -15 55 18 -33 3 -14 14 27 -70 -1 46 69 35 7 -64 -5 -40 96 -74 21 -63 21 94 -5 35 -28 -83 75 -55 58 84 40 -2
-50 -72 71 50 -90 -56 99 -93 50 -83 -91 -94 36 11 40 100 12 -59 -18 10 94 -9 81 -70 -25 36 91 12 -17 -22 91 -81 99 86 -58 -81 31 -13 3 21 70 55 -7 -83 63 -37 -87 -18 83 -38 -65 -64 42 19 31 -74 8 -43 57 -94 13 -24 -37 -23 -47 -81 75 -90 -99 51 93 -19 -77 -77 -80 29 -80 -64 -81 -11 -5 56 82 -85 51 -95 73 -71 -62 -97 -57 35 61 36 -100 41 0 2 99 -62 5
91 0 -97 46 -56 35 4 -18 76 -90 -19 35 93 -87 -70 11 73 65 11 65 66 63 -75 53 -81 8 1 10 -27 -68 -50 -88 20 57 26 51 -60 -87 -4 -71 -80 88 -22 -3 -13 -98 57 16 -22 -20 22 -98 52 4 -13 37 51 -29 87 21 95 -11 -21 32 -43 47 81 2 -73 100 -79 -93 35 26 82 -90 16 -47 -80 -92 -2 40 36 -66 -79 -21 -15 -31 73 -28 33 29 81 -89 -79 16 70 -24 -52 19 91
-45 -45 -71 -60 19 39 -14 22 -5 98 89 55 -21 52 7 -77 -47 31 -32 61 -2 46 -41 84 77 79 -20 -71 -95 64 79 -42 66 65 54 -74 -69 -28 -50 41 73 -28 -79 37 12 -60 -67 48 60 -70 86 -12 19 -31 -66 -46 -8 9 -43 48 -20 -4 -20 3 -44 -48 54 18 37 69 74 91 -66 -43 92 78 -9 -58 77 -9 -33 4 68 -89 34 97 4 -5 -40 72 90 -89 76 -30 16 74 -5 -96 -58 84 90
100 75 -76 -24 66 -62 3 -49 64 -45 62 57 59 -87 -29 58 28 -61 37 -72 80 16 21 -24 -60 1 -29 62 -72 -18 32 7 88 74 -99 77 -71 41 100 -8 33 -12 -87 11 90 -50 -46 60 37 88 -96 -48 -70 72 -62 -19 -86 43 95 77 33 -40 -89 95 31 84 -17 27 13 -8 -100 -39 51 -87 -12 69 87 -63 -9 83 -84 -72 -72 57 1 72 28 47 21 -14 -55 62 -12 5 -62 -57 60 93 -18 -38 -76
-53 19 32 78 71 -31 11 51 52 -84 32 83 73 -93 -86 -42 -71 -62 -24 -62 54 -46 85 -2 5 41 -84 73 67 -94 14 40 98 -59 -28 34 -100 86 51 91 43 -11 33 49 79 79 66 52 -30 -18 28 20 -1 -26 -83 -63 65 23 -17 82 -17 -79 29 -70 68 -18 88 28 91 8 12 3 49 -48 -88 79 61 -70 48 7 67 -27 83 -36 -78 -84 -83 -49 7 -62 67 -42 32 38 12 -72 23 -100 -55 -6 72
-12 67 26 -6 65 -38 -75 -96 77 32 -90 40 -48 97 -7 26 -88 27 -20 24 69 -28 -66 -99 65 20 -17 -87 -43 -40 31 89 -85 -35 50 -83 -16 -68 -59 84 -89 -6 -66 94 -49 16 -47 30 -32 21 -22 -19 89 -5 66 -67 -16 -21 -92 36 -92 -31 -51 21 -44 27 -65 38 50 -34 -50 55 -57 -86 -97 -96 100 -6 -57 25 36 -8 -61 44 -77 -59 -55 -61 86 29 48 30 88 -56 37 44 -6 -21 -56 67 -87
-7 -71 -80 79 -87 -90 2 -44 75 -13 88 84 83 -58 -58 -7 -38 -52 -61 32 30 42 92 -7 -85 -52 37 11 20 -20 -6 -55 10 -93 -48 26 30 62 9 65 69 25 -40 91 -100 58 -73 -73 -51 -94 51 -93 24 85 18 92 41 -11 70 82 97 67 42 -7 -2 -90 -21 -29 -24 -23 97 -78 64 55 -95 -82 -80 91 -10 -11 97 2 86 8 4 -44 61 76 84 -50 -57 -74 72 -77 41 97 -1 96 -66 -47 -44
88 98 -18 -95 13 -90 -89 -26 29 90 -12 -26 -63 -18 95 -55 100 -65 91 -12 27 -70 6 -63 77 50 -56 14 -92 -50 89 99 -86 -78 -21 54 -65 -64 37 -20 88 -18 -60 10 51 82 62 64 33 99 13 -21 -91 38 -5 -2 92 -78 -60 -83 84 -56 -35 -94 27 -56 -26 10 -81 26 -50 23 2 26 -11 90 -30 -47 -34 64 -26 -84 -82 -62 -31 74 -48 92 9 13 6 -44 -35 -47 59 6 -88 -75 -23 73 -87
-45 59 64 -65 14 1 91 -86 -4 96 -25 67 55 1 9 -36 -40 -42 8 93 -91 40 -22 -33 82 -28 51 4 45 9 8 23 -23 -17 3 97 -10 -27 66 -71 72 77 96 100 5 90 55 -76 36 66 -11 0 79 -94 -97 1 -10 -84 27 62 -42 -23 -69 -80 -67 -36 -14 -4 88 90 73 74 -47 90 49 -36 65 -23 -59 98 -53 -90 -81 100 29 4 -78 -21 -50 -56 -10 -6 60 -64 -41 -25 -80 21 -76 26 73
54 -43 -1 67 -21 25 -70 3 19 -31 3 74 69 32 -97 -53 -98 66 10 17 25 17 -97 0 -25 -95 -89 -36 45 -73 79 -93 14 30 -12 -99 39 37 8 49 -42 -5 -38 -10 -70 -57 43 14 22 34 -97 -77 7 -74 23 -77 59 97 -59 -85 -7 1 -77 57 38 -48 -6 4 80 70 88 25 96 -79 -38 65 2 -17 77 61 -95 100 23 -62 62 -96 -94 84 54 -14 -15 37 -68 88 -36 46 39 -50 -60 56 92
-85 -80 72 3 32 65 -26 84 1 -19 -58 47 -4 -90 70 -75 -87 -31 99 -38 12 27 -34 -59 79 49 71 -96 -96 52 -26 97 83 -43 75 -35 88 -35 -15 92 -39 -100 6 -10 45 42 2 -84 70 -44 -91 49 75 -43 98 -33 -6 40 -66 25 8 -96 8 74 -6 -12 -57 -38 -4 29 85 83 -14 72 35 29 -38 -95 -91 -88 45 -94 0 47 39 90 -33 -34 -18 -2 42 -75 -94 9 71 4 17 97 -37 36 100
27 74 17 -1 19 -41 14 -53 -65 7 29 -17 -6 -73 30 -20 -14 30 -90 87 -73 18 84 33 78 95 -33 -96 -6 -71 -35 -9 -19 -81 -18 -8 71 -23 -36 -80 36 80 57 79 -33 -47 99 38 -44 -35 -79 58 64 15 91 -92 -80 -28 -62 82 -92 90 22 32 93 20 77 3 -70 46 -70 -75 -17 -47 40 -8 33 30 32 20 5 65 31 -16 -71 5 33 21 99 2 31 -9 4 -24 5 11 59 35 71 32 -88
-64 17 -60 91 -66 -97 44 78 -26 29 -32 53 17 51 43 -92 88 -58 -81 -64 -98 -87 2 42 -74 69 -4 -48 59 99 -56 36 31 5 74 -88 75 -10 -95 31 90 77 -98 5 89 85 -46 -5 -100 -69 -85 26 62 48 -23 -6 54 -58 17 -43 14 89 88 -76 96 -63 -100 77 30 -44 67 -89 -27 -1 83 54 28 -17 -32 17 -17 81 40 -99 -29 35 -83 96 30 -29 -19 95 -97 29 -26 -73 -62 -31 75 -45 -81
74 7 -76 -81 99 -32 -91 -1 -62 -17 -15 -6 64 91 23 7 9 68 55 86 2 39 -27 -62 27 -7 -31 -23 9 -34 4 34 75 -53 9 40 -18 -80 -70 24 -88 70 75 -63 -99 19 36 56 -6 90 -15 -77 -100 84 23 87 67 6 89 91 -10 -64 -46 97 -74 -56 14 82 0 -62 80 100 -19 -90 4 -41 -43 -30 86 -2 -45 2 2 -92 -2 13 42 -74 93 -38 -58 10 -60 -55 -58 -44 -53 -94 -62 17 67
-28 89 -41 -41 -7 -47 -37 6 35 -44 -75 6 84 89 70 2 53 93 -21 -18 38 58 -13 -32 9 2 -62 -33 46 -7 -68 -42 47 -88 -81 7 43 -1 54 -21 60 -64 6 -94 -48 63 -24 -18 -70 -44 28 -34 -89 5 16 81 81 48 81 -89 -41 -74 60 90 26 -81 -34 -60 -92 -2 -46 99 29 -41 -64 34 -57 -14 59 14 -74 -43 -46 14 -29 -76 -28 68 -100 -89 73 -48 42 -66 -57 -87 100 -87 62 -61 57
-27 -97 -36 63 -67 72 1 85 69 51 -90 -63 43 -68 16 39 7 28 -85 98 -71 -23 -11 -34 87 49 52 14 -97 78 45 -54 -29 -17 12 6 18 84 -42 -88 28 15 70 -6 68 -74 3 -77 -41 -4 32 7 43 19 96 -24 99 -94 -78 12 -33 -64 74 -88 4 38 -4 -20 20 -74 5 -12 -79 41 -44 -66 67 -32 -12 -6 -30 -74 -77 80 91 -64 94 -38 58 -17 -15 94 -58 -8 17 55 68 -63 -72 66 0
86 -21 -48 47 51 82 -32 -42 43 1 -88 3 5 -42 -47 80 98 -25 -72 -96 -7 -5 -31 38 67 -57 -78 -62 -97 -62 64 -95 -71 53 24 -6 -16 -81 -56 -81 14 24 41 -54 36 64 88 -35 -11 77 24 -65 -4 -23 70 -68 -35 20 33 -83 69 -93 -16 -72 13 -44 26 41 92 -36 -51 24 44 68 -27 -54 27 85 70 64 50 78 4 -54 11 10 1 -41 87 -28 72 -19 13 17 94 84 51 30 37 -52 64
87 -79 82 55 5 56 85 -74 -44 -22 37 -11 79 -94 -6 72 19 -93 78 83 -74 40 37 83 52 -42 -60 56 -6 56 -76 8 29 0 -31 53 -42 14 58 -47 57 14 11 21 80 89 -3 -94 -32 -29 -14 -48 -54 -51 32 76 29 -87 26 -90 86 -43 17 -63 -74 -36 -68 13 -49 -98 76 5 -18 18 -19 29 -92 -1 50 63 -24 -36 88 59 100 -3 -39 -76 24 -31 -12 -15 -21 44 -37 -66 -70 5 54 13 80
49 -50 -88 16 33 4 53 -35 -17 36 -84 -85 6 -17 -17 -26 -68 -67 41 -67 -82 45 2 -27 -70 44 -17 -17 40 -58 35 2 -16 2 68 -61 -67 -68 57 -96 31 -36 73 75 -4 40 12 -39 -47 -90 12 -20 33 93 -42 66 -100 -52 87 45 -69 -71 70 88 93 -4 -87 72 -67 1 37 -94 -24 -56 38 35 -93 59 43 -84 -87 -40 -29 14 -37 77 -15 -52 73 40 -73 -58 26 -100 45 63 -20 -76 0 -77 -58
52 61 -65 -52 81 -12 49 -39 -11 -94 62 -84 4 82 15 42 -82 0 41 94 36 71 -12 24 -1 5 59 -62 76 57 94 -56 -27 95 -44 62 -8 -32 83 -96 -59 -5 89 -47 -39 -1 -14 3 -46 -47 -31 35 -40 -70 -67 -82 -59 63 -5 -28 -86 -71 27 64 69 24 67 -72 -26 -12 -86 -35 -24 -15 40 -6 6 -20 16 86 81 -53 70 -27 83 -11 -16 -87 -81 -39 17 -42 -17 98 19 -39 12 48 -89 6 1
-38 -41 -10 58 -30 32 76 -5 -38 -81 31 -96 29 23 -12 96 -41 -28 39 49 -89 -79 -8 -54 17 84 79 10 71 -9 -79 26 -92 -36 -51 64 -17 -71 -56 47 -20 66 37 -65 -22 -45 -93 -63 -87 24 -22 -15 61 -67 -56 62 -15 25 -75 -72 85 21 -72 65 12 -93 -100 -47 -84 -4 19 -90 -56 -73 23 -75 -22 64 -48 -39 -89 40 -45 -51 -68 -21 -91 -5 -76 -27 -30 91 -7 -86 -53 -49 87 -4 -85 32 10
-99 -71 -17 -72 0 12 -23 -18 62 4 69 27 -58 -53 -20 82 -92 90 -42 -71 60 16 -77 36 -10 -42 94 -29 7 -1 -74 32 83 59 -100 32 -76 -71 52 -3 -54 -33 -27 -22 -15 -45 44 69 16 -47 -7 -42 39 81 33 78 -43 -89 -79 -97 -42 24 16 68 72 44 -99 -31 -7 -65 78 -32 3 0 40 -3 -45 -9 -63 98 1 2 -87 50 82 11 36 70 -99 59 -21 -59 -82 -17 -19 96 45 68 40 -21 -63
42 -77 -36 12 -47 -86 35 13 -12 34 -95 -47 -99 48 70 -35 -29 45 -27 -76 -63 86 97 65 1 -40 6 61 -34 58 34 63 28 -70 -77 18 -72 -2 62 16 8 -80 0 -20 84 -86 -71 -14 12 31 -59 5 5 47 -37 -60 31 24 -9 -11 -93 -77 45 93 -46 -54 75 -65 -35 0 60 97 -5 -16 46 -6 58 -7 -42 21 -54 79 -58 19 4 58 41 -68 -78 -20 -79 -27 -63 -13 -25 -82 -57 3 70 -14 -91
4 50 51 -6 25 -11 82 81 46 -23 -53 96 43 -84 -69 -56 61 -39 -82 -1 82 -22 -4 -76 -9 -21 60 -83 12 95 -92 10 -97 13 -17 32 34 -91 79 46 -57 14 -97 -100 43 43 -40 -14 -63 -52 -70 -95 -35 32 -55 -72 93 -20 81 67 84 3 -23 3 92 -61 -31 88 -4 -19 52 59 47 96 -7 98 62 13 9 56 0 -93 -9 -33 -63 39 -7 87 26 -56 50 -39 27 -14 6 -66 69 57 79 95 57
-35 77 56 40 37 7 46 -27 20 -89 -93 57 45 -78 -36 98 3 -36 -54 97 -43 41 23 32 -67 -57 -96 -15 96 95 41 -97 -43 -9 46 60 -76 68 39 55 91 2 93 49 29 -67 -6 -47 -66 -69 -84 -92 88 66 -67 32 66 62 6 29 98 -4 -87 74 4 -5 92 -58 36 82 93 57 -69 -68 5 -67 -13 -54 54 -8 -70 10 -11 21 11 68 62 -33 76 -87 -54 -83 -60 -99 45 81 -72 91 -45 5 66
12 -15 -50 -65 91 79 81 17 80 79 -64 -12 -80 23 -76 85 64 42 -84 -11 92 -76 -63 50 -10 61 -7 95 -19 -86 -82 -81 -81 -18 -66 60 97 0 4 -14 -94 -75 57 57 -12 -59 -6 48 -83 -84 67 0 14 -23 67 -19 -30 -97 43 49 -67 -83 -60 -75 -28 -70 18 72 -24 -11 41 -17 71 -71 8 17 46 -97 -46 -5 76 -16 14 -31 -83 70 59 -28 42 -22 57 10 28 55 64 -46 93 -26 -75 -98 -2
-73 -42 27 -69 38 -11 -72 16 57 92 0 77 -70 70 -86 32 -98 83 44 -14 65 -70 -63 93 44 -37 -10 50 68 -78 -35 -13 100 -19 -33 -94 5 -45 38 -43 -52 54 87 46 49 -82 94 -27 -98 -64 70 -2 -100 -59 -36 -3 98 -30 -94 -78 87 -76 -44 56 42 -53 83 77 -76 -18 24 88 -87 59 -26 13 0 71 -33 24 -24 -57 55 36 68 -10 92 -25 -76 2 94 76 89 -40 11 37 41 24 -38 43 -6
-9 -36 67 63 -59 28 15 94 24 -58 -51 96 -32 22 90 -49 -60 95 78 58 -17 -70 18 -30 -12 -36 12 42 81 -30 -52 -68 -43 -17 -56 23 -8 -87 -72 13 76 84 -64 -16 -25 89 54 32 97 -1 13 71 -20 -34 -60 58 -90 87 -18 -65 -40 5 24 -12 51 93 -33 46 38 -56 97 6 -2 -91 -34 -57 15 77 57 -56 22 -73 -21 -51 -14 -61 43 -88 -27 40 -8 69 5 96 -42 -77 -13 -48 -51 81 63
83 50 -37 86 -43 28 95 68 -13 -30 27 86 99 -82 -93 5 62 -31 54 17 73 99 -8 84 -89 -35 -28 -32 40 -53 6 15 -86 -81 92 -59 -27 -57 -30 62 9 85 68 -59 74 -14 19 -13 -21 84 46 -44 -19 13 6 19 37 0 -22 84 -60 57 78 38 98 -94 -74 -96 -53 -90 -97 -30 92 -85 -42 -50 -26 47 -44 -44 -28 -13 -83 -52 -4 64 96 57 8 70 59 37 69 -2 -81 -44 54 65 73 -12 68
-99 -17 -25 80 2 43 -67 62 -48 -31 59 52 77 -45 -97 -57 -89 -29 75 -25 -7 -96 86 -36 -24 100 96 14 -24 -62 -48 -56 -32 19 -8 11 21 86 -91 94 93 89 63 -70 -26 -10 -85 -13 0 -96 -91 -28 86 46 -32 88 54 51 -54 -92 18 64 60 100 -27 74 59 75 -70 -95 -38 -21 -40 17 13 64 -22 -21 42 36 -78 20 91 97 -99 23 -6 33 21 -75 -89 76 -70 -20 10 -46 62 6 -53 -4 -24
-67 -38 -38 -5 -16 -51 -71 -74 33 22 31 -98 -6 -13 -6 -27 -99 19 -8 20 89 -5 46 31 51 -81 -30 -78 -14 81 85 66 -71 -50 -74 -10 -99 39 25 -87 87 -84 5 -18 -86 83 -78 61 1 -4 -71 -2 59 -92 -66 -29 29 -5 82 -11 36 -15 -37 84 66 7 3 -71 51 88 -96 -72 44 -85 -98 37 -34 100 -25 46 -37 67 -51 -35 -42 -81 -57 12 51 -35 -91 22 94 79 -64 48 92 50 -16 29 21
68 -63 75 8 -48 92 21 27 27 -53 -47 -60 -30 89 54 -11 30 82 31 28 -74 -38 53 -87 14 89 98 31 24 84 -57 82 58 -35 49 97 -79 -94 33 96 88 30 -92 99 50 -32 31 -34 33 27 60 -23 39 37 62 42 84 97 -67 -50 3 63 43 14 -51 -58 87 -30 -76 6 27 -61 -35 98 -9 -3 -40 69 8 -60 91 -61 25 -11 92 -54 98 -88 -46 -28 -53 -65 -82 4 62 -73 90 -91 86 12 54
100 -84 37 0 11 -58 48 -71 37 7 -3 39 -84 -10 43 54 21 -74 70 -56 -2 -47 -17 -56 2 -87 93 81 31 55 34 70 -79 56 64 -53 -15 -46 -75 -42 20 39 16 99 40 -18 25 -54 32 17 35 93 -78 33 91 -57 56 -16 -17 -54 32 48 97 -12 92 -15 -71 44 -28 43 42 -58 -72 34 -32 -34 -3 -19 -71 -23 64 85 -68 86 88 73 -6 28 -39 12 -61 17 65 80 -28 -46 -93 32 -18 -96 43
98 -22 -69 -56 -85 91 -18 -4 40 85 58 -92 11 56 74 -4 7 3 -41 -5 -82 -100 52 27 -24 3 81 7 0 -20 -90 -41 -2 41 -2 -15 90 -12 88 70 59 89 74 88 -43 -11 1 2 49 -23 -47 60 33 6 -98 96 -48 -79 36 61 -42 -6 -1 61 93 22 15 -76 8 -66 -98 -15 26 99 15 -18 -84 7 28 39 63 58 -86 19 -22 -22 -26 16 -25 87 62 -42 -4 -5 53 11 52 92 31 23 28
-28 -30 -21 -9 97 67 64 2 49 52 2 -15 82 -28 79 69 -20 -100 -40 -44 -10 58 -85 42 95 -35 24 -11 37 -92 -68 87 -47 70 5 -30 21 69 -63 95 -99 -63 15 -33 -60 -47 -71 -68 -7 79 34 -46 -92 76 28 -3 -71 -18 33 20 31 96 -46 42 -52 21 11 -24 80 21 36 76 -88 13 87 -5 -84 -28 -86 -78 39 52 93 -57 -61 25 -30 -83 47 58 -5 -53 32 32 -18 -86 76 -48 -69 -50 92
-30 15 88 -97 51 77 -58 -51 -30 -32 50 -20 65 94 -80 36 56 73 -94 -20 15 91 -7 -7 2 -16 57 -90 -24 -95 -15 66 -31 42 4 24 -100 -40 51 -58 -75 85 36 8 51 4 -94 -85 -59 85 79 52 58 72 65 10 -49 67 73 -77 -27 87 25 -19 -58 29 -47 -10 -16 -83 -15 90 33 -76 45 -62 -16 -77 61 -32 -91 -91 -10 -78 12 95 -53 56 -89 -7 29 42 -9 55 12 58 17 -47 -5 93 69
15 -76 -45 -29 28 56 -97 23 69 40 -21 -59 99 30 31 -57 -98 92 72 32 -44 5 -26 -36 70 -81 -84 -42 2 43 -95 -88 5 -47 -86 -20 85 5 76 -88 -30 -67 -92 -39 62 29 64 -5 -8 -57 -37 -99 50 -84 -26 -52 11 72 75 -23 -73 77 -96 -54 4 99 37 9 -89 25 -90 -15 -73 17 51 -30 -16 54 29 86 98 -13 32 12 -26 36 70 -45 48 76 -13 -58 -4 72 -70 97 28 -67 49 29 -82
-87 91 6 96 43 49 -27 -90 -53 -59 84 20 18 83 6 -36 -13 74 -10 -29 -69 -78 61 -9 99 78 -41 -84 5 -5 44 -5 -38 -98 -70 54 80 10 95 73 66 24 -59 27 -92 99 91 9 -45 7 -78 -100 -73 -1 97 -48 9 -35 -57 96 28 -19 53 18 -69 86 -40 -22 26 -73 -51 -2 7 87 64 -5 -35 16 -46 75 2 -67 28 53 -42 38 -11 80 -36 -27 -9 71 -99 29 -30 13 -77 100 28 24 46
33 -32 -61 -80 63 92 67 -59 0 31 58 -54 43 -13 -82 -74 -40 -14 47 77 -5 -41 19 30 31 -30 47 -77 100 90 78 -87 37 -27 -53 -73 90 -76 83 11 47 100 -78 -44 -4 -36 -56 36 45 -68 -87 -63 -70 -80 -43 -53 -96 26 12 -62 -44 26 -92 -98 -22 48 -95 48 -3 7 -68 -33 -76 59 37 -97 -52 -39 -40 -98 7 45 20 -57 -26 24 69 40 -73 44 70 43 31 89 -38 -5 24 31 78 37 24
63 10 -98 -15 37 -88 76 11 -22 91 -67 5 47 25 37 -15 -75 25 44 -13 -95 3 27 -20 -66 18 12 -71 52 3 45 -40 88 77 93 54 78 -71 35 61 -91 79 -44 93 42 23 94 -45 -57 56 -4 -1 -88 23 -56 -89 -44 -100 3 7 52 -99 -87 -31 48 -75 28 5 -83 -37 54 -4 33 39 -28 -7 82 73 18 -73 -39 -47 86 -55 -77 -63 3 -31 -71 63 51 44 46 -92 -95 78 98 86 40 -59 71
60 -44 -83 -25 -21 -94 38 -8 9 68 -73 40 91 96 -95 -1 -1 -24 -39 -18 -44 -82 -56 64 28 -70 31 -25 19 49 98 -100 -19 20 -52 -29 84 20 66 -67 -30 33 -62 31 -1 85 -72 10 58 -23 13 -17 11 25 49 64 -95 75 -7 -12 -42 24 15 69 -81 50 100 44 -49 48 47 -73 72 48 52 -20 11 28 0 -27 52 -21 -78 68 33 -40 -64 -92 -15 -13 79 32 -1 -5 -99 -54 54 -47 -52 2 -13
-93 80 73 -71 58 -49 -93 -19 -16 -36 -85 -51 -9 -52 35 -8 96 86 84 55 -74 -71 28 31 6 -26 63 -58 94 17 8 -96 -100 26 -16 -8 -40 82 -12 80 -23 34 -40 27 -75 3 55 29 -83 -8 98 -14 -48 -53 -94 85 -32 -89 1 51 54 20 -8 -38 -5 -46 68 -22 25 -87 -74 -68 -14 96 5 7 37 -3 35 -19 -97 78 31 -61 -35 32 44 -67 -88 75 -94 -91 -20 43 -9 40 -2 -92 80 -52 46
-94 -19 25 50 57 53 89 -38 -42 -72 -60 -94 18 74 -10 -97 -51 96 -79 80 -55 16 49 54 -46 19 29 -36 -33 -70 -38 -30 85 90 94 62 38 1 -77 -56 -26 -33 46 21 -68 -61 -75 -31 -17 46 -45 -25 99 49 74 -38 50 -38 88 70 -93 66 3 17 -32 -56 -59 -94 -36 -15 26 -7 48 14 85 66 90 43 83 -88 -87 33 85 50 -86 33 -15 -96 -34 -89 -80 81 -38 96 70 -100 -80 -20 95 92 19
-48 -95 41 73 79 5 -62 -25 -61 53 49 70 -98 35 25 -65 0 -83 -36 84 32 75 47 -47 20 38 5 35 28 -45 74 -6 -13 -71 80 58 -5 47 62 -4 70 -72 -56 -80 68 -54 -95 49 -93 -29 35 53 93 -67 97 64 -74 -71 83 -8 -52 -7 55 77 -93 0 -5 88 71 52 -73 100 1 13 53 11 -34 99 -66 62 -32 8 3 -41 -72 -62 72 7 39 -19 -9 13 -20 -36 92 -21 37 -48 -67 -9 -42
30 -76 9 -22 32 -42 83 -90 -98 -66 -15 12 92 -35 17 -90 -60 37 -15 -61 -1 -54 -51 -63 -8 53 56 26 -92 -62 -38 97 -16 97 64 -6 12 -45 -20 -30 -23 26 70 28 40 -68 -22 57 77 -7 24 34 67 71 -24 -75 94 -64 22 72 68 69 83 -69 57 69 -40 -61 84 -39 -69 69 87 10 7 95 -48 55 77 -79 98 38 64 54 68 0 -60 -66 84 -26 -16 54 88 -28 -42 93 -50 77 -40 4 -96
82 51 -25 95 25 11 -21 64 33 -88 37 50 2 30 -56 -85 -30 -21 -48 -86 42 3 -40 19 -96 40 -10 -63 -92 -30 -68 3 6 -11 -75 -63 -20 67 26 33 19 -97 -58 -96 92 81 12 75 -70 -48 -60 79 -81 21 -64 -48 -18 -46 55 80 84 4 23 -29 -73 -37 -46 31 -13 91 34 42 -11 60 -55 40 -66 11 32 44 44 23 2 -48 78 37 35 -69 -66 45 64 68 75 22 96 69 -24 -26 28 23 28
-84 0 33 6 -59 58 -22 14 38 -59 51 -68 5 11 -56 90 98 42 48 -99 25 25 54 79 51 19 -13 75 -97 -83 72 21 45 4 14 -80 -34 -13 72 -94 -99 31 -31 52 65 5 63 -45 67 -77 72 -67 18 17 -41 -93 -22 51 -27 -83 66 7 -50 33 -35 10 -19 -8 42 -8 -13 24 -17 24 -89 56 -82 -15 -22 -55 45 -99 -24 -43 70 -52 8 -9 98 -36 -87 -86 25 -84 4 20 51 -85 -76 -63 -11
7 -64 -52 -69 -88 82 26 56 -66 80 -12 13 -30 -14 -60 -33 -11 -67 56 -17 -7 -8 -69 6 -28 -19 80 47 -62 -68 -90 89 59 35 -51 -63 84 -64 -11 -91 57 15 56 33 70 34 -64 0 28 -99 22 -29 -51 29 -86 -20 46 -50 27 -80 -55 86 -4 -17 -86 -30 60 -7 94 -61 33 -87 -32 85 -45 47 95 66 -17 49 22 44 69 -78 -39 -49 1 49 6 -60 94 -54 67 49 -39 25 15 -31 -55 49 -71
64 -98 -59 -99 -99 5 -82 98 3 85 6 75 77 89 49 -24 74 -23 -51 41 -42 90 81 89 -32 -49 -84 -92 40 -89 -37 17 68 78 39 50 89 -76 68 -83 -77 -69 27 36 62 99 -85 -2 -12 -14 2 -51 54 -38 19 33 49 -52 -94 -54 20 -6 -49 71 -53 -5 -1 82 -63 95 -10 16 69 -5 -58 -25 82 34 -7 -83 -96 -71 83 39 -13 84 37 33 -23 -44 -51 -62 48 -36 35 2 97 98 -56 -5 -20
68 -93 -91 39 3 34 2 -16 47 -69 -45 -66 -72 -71 92 55 -40 86 97 -53 65 85 -60 77 58 87 -17 -55 71 -5 -37 -24 -66 33 84 28 26 26 8 34 -96 -52 -45 97 -54 -76 -53 -22 63 -41 52 -33 96 65 -47 16 -64 62 -66 46 -59 -97 -23 13 98 -88 -57 77 -33 12 -67 -33 26 -70 -51 -77 68 46 91 -35 -78 28 82 -77 -42 -29 8 -30 19 20 36 28 0 -71 86 -60 -86 40 -65 94 14
-50 -76 18 60 12 -18 -21 -42 -64 88 -19 40 -8 -42 -69 68 7 -1 97 65 -13 -9 -63 50 -73 30 49 -68 -45 -20 -59 -84 2 83 33 19 35 8 -56 1 -82 -39 9 64 -12 -13 -4 45 54 -82 -59 -1 38 57 66 70 97 -95 -13 -21 -47 -13 56 -15 -91 23 -67 64 87 -10 -29 17 95 40 -61 -86 -34 -46 -89 50 -30 -1 -94 55 98 -88 -62 -38 70 90 -60 52 -11 -98 85 -61 -100 80 98 -48 -15
91 -12 -9 -41 71 -8 -44 7 93 8 92 87 9 21 20 -45 40 100 5 29 -97 -38 93 9 89 72 -63 94 78 -43 46 30 -26 -14 7 46 -17 19 88 -92 -2 -88 13 -5 46 -54 -28 52 53 -44 -11 -68 23 20 -13 -20 -80 -95 -57 6 -10 53 81 15 -43 18 -61 85 44 -44 91 78 -81 94 -16 54 -89 -49 60 -99 -65 -39 -54 -73 -9 14 -64 -3 -16 -12 32 63 1 -53 31 1 -22 3 43 -41 -64
-92 -65 7 9 87 0 21 4 -78 91 44 26 -66 3 -91 57 -33 97 -20 7 24 0 -25 -72 -26 -68 -21 -53 -79 67 -97 81 7 -58 94 66 -53 73 -47 17 -47 -9 13 29 10 0 5 -97 -87 50 -92 -92 96 -34 27 80 62 71 11 66 -56 35 87 -22 -12 -46 -92 -90 44 -96 36 -20 94 -16 -67 -96 -52 -86 -58 14 3 37 -11 -76 83 -21 84 -22 -11 87 89 -44 -87 -9 28 63 94 73 86 -85 75
81 -43 -2 33 -17 -73 -97 51 -90 -97 35 -26 -47 -46 -15 37 -38 -74 -3 97 -95 65 13 -33 39 -22 -76 85 -84 2 35 76 -34 -75 74 10 94 -30 98 -96 -91 7 -41 12 -59 -54 69 -82 15 -64 -77 -75 -32 3 -74 -67 -37 -93 38 -3 -74 80 -35 23 38 62 -42 43 21 54 -67 64 41 -81 -73 95 -77 40 -15 18 -38 -56 -27 71 -91 81 53 83 -33 99 60 1 -98 33 44 -40 -73 48 -7 30 -8
-71 34 64 -86 24 85 17 -23 -82 76 -82 91 95 20 69 52 5 3 99 39 -82 9 -71 45 -75 -7 -16 99 50 -91 -34 -6 -52 29 -97 89 -86 -39 23 -21 29 37 3 69 43 -50 -30 -12 81 -63 67 -47 3 96 -81 96 -63 -17 -3 -87 -14 24 82 -56 -18 12 87 -64 -72 -59 -27 100 -55 -4 8 61 -68 59 100 -47 -67 40 98 -93 57 14 29 -62 37 19 94 -60 -93 -32 34 -29 -25 -74 44 96 41
-63 54 51 86 68 -73 49 63 -35 90 -74 -58 41 84 -60 48 -19 -79 -24 -28 -9 49 84 -26 -54 -49 -41 -76 -93 35 -61 81 -74 89 -25 7 -8 -36 51 -2 -64 74 55 -80 55 59 93 66 -50 -20 20 -90 -22 -9 32 1 2 -91 -39 14 34 33 -21 -73 -79 -30 -6 -35 2 50 -45 -90 -95 26 59 -31 28 -40 18 -74 100 90 -87 -41 4 60 78 18 -3 61 -46 80 -24 9 50 -58 75 -75 16 80 75
41 83 94 -77 43 47 40 47 -8 -30 -32 -4 -45 -63 -65 1 34 85 -5 -60 76 -9 71 -18 -98 70 -35 17 -4 -80 -69 -81 96 56 -12 13 24 -29 45 -36 -17 -42 80 -58 86 81 -48 -70 -79 -72 73 25 93 -97 84 -35 13 48 -46 -8 16 12 92 -41 -74 -65 -17 -59 -24 59 -20 46 -85 -58 -73 -42 9 76 -95 12 1 -12 80 -7 -11 26 95 -43 45 -77 -3 -29 -74 74 -6 -67 -41 -68 -44 -16 26
72 93 -20 -86 18 -3 71 -73 -87 64 42 -24 72 -51 18 -82 41 -4 82 -64 -3 -96 -2 73 19 -9 24 49 -30 19 27 68 -48 -27 -89 55 -91 0 88 -6 40 -72 -56 -92 66 -69 -46 -20 77 88 -91 -53 -90 -5 98 -88 72 54 0 23 -64 65 -81 -69 69 -25 13 -29 60 -13 -8 -95 -33 56 -7 -35 13 -77 -81 42 32 76 -19 1 -89 -46 68 -44 -81 -41 29 93 43 -85 23 17 54 23 -57 -88 13
-11 53 31 -80 -7 -90 4 -96 81 88 -87 -11 -95 47 -19 81 92 -97 -77 98 -50 11 16 100 -89 -81 90 -33 -69 -14 -65 -81 -96 -45 54 -13 -21 -40 95 -48 -8 -90 -37 68 -71 6 -34 89 -10 62 30 -50 -73 -52 92 -65 -88 -41 -1 -14 59 -99 73 1 -9 -9 48 -64 18 88 -65 -22 -76 -21 -44 -35 55 -73 8 83 10 1 12 -81 -8 37 97 88 49 8 -86 85 -5 -28 48 51 81 -91 -79 -15 34
-71 27 39 -15 94 45 -99 -80 -58 35 72 -91 -73 94 -99 -59 -54 83 65 88 -21 93 -51 -2 -72 12 -53 25 -60 22 -3 44 50 79 -16 -51 22 46 -42 90 -92 37 -40 -86 31 71 -40 56 89 -43 -57 -76 -65 -55 -91 8 -32 -99 -21 82 -50 48 -8 -91 -70 59 19 75 60 4 -75 -34 93 50 89 -32 -65 -67 77 73 -64 -34 0 47 78 -54 32 -12 -72 6 34 -40 64 -96 -7 -41 -48 3 35 47 64
-64 75 -54 82 -3 -65 35 -93 -4 -33 -35 -78 -71 -73 34 -24 -78 26 45 -64 47 48 51 -22 -94 -26 -92 12 57 35 -95 -31 80 0 35 17 -85 -28 16 0 92 -37 56 -12 -65 -83 12 -70 -74 41 51 -85 -76 17 -59 -13 38 99 -1 80 -70 46 85 -95 -51 -30 43 95 39 -92 29 40 87 -87 -43 44 -25 89 -31 -52 -43 98 -53 -62 45 -78 82 80 98 6 -3 14 -50 -63 -6 -89 -39 28 9 52 -59
59 -28 -67 51 14 -39 62 73 15 17 -34 0 29 44 7 82 46 6 22 -63 22 -42 83 -57 26 -61 86 -46 51 -60 9 69 95 29 -19 -18 85 90 -6 5 -44 88 -55 -55 -26 17 -48 20 69 -23 34 -11 -49 -52 -49 -51 53 -50 54 -2 -74 -14 -21 9 -45 87 32 100 89 41 -12 98 63 -63 -45 -74 -96 -12 -4 -22 79 49 -35 -95 30 -33 15 48 -20 -38 -37 -92 54 -18 86 -51 -99 -42 -22 89 -58
32 -25 -15 -89 -88 68 75 6 -58 3 -91 100 -18 24 1 -66 17 8 67 91 50 -86 -50 -85 48 -29 -79 55 -20 35 46 14 13 52 -61 96 71 -62 82 69 -11 -23 -42 73 -54 30 -95 -6 -4 -60 -36 93 62 12 -66 74 0 -68 -43 -68 20 -34 74 0 40 -63 -18 -10 -15 -59 -31 -68 -23 -86 -92 -46 65 -14 32 -16 -17 22 38 -21 98 -51 -95 33 52 -18 -83 51 44 -99 -15 -43 42 69 -71 29 4
23 -65 90 -7 -45 -54 71 65 86 -56 16 -5 -36 -49 77 65 -11 -47 -46 -41 -89 77 -46 -38 33 6 14 -59 96 -47 69 -59 70 83 -1 -77 -69 -28 -3 -71 53 99 91 2 2 -85 -76 77 -99 3 -19 -82 72 29 17 51 70 92 -79 -94 68 90 35 -61 1 -22 -54 -1 80 -99 82 26 -47 -16 76 0 -36 92 76 -52 61 -12 -61 4 56 61 9 -93 23 89 80 -73 -60 -37 -86 57 34 73 8 29 -15
99 61 100 -22 61 -49 53 -37 -44 -92 29 -71 51 -45 68 30 -42 -62 18 -73 -21 31 32 -27 -39 -58 89 -66 -39 24 19 17 -55 80 19 42 -28 87 -48 59 50 -34 17 -48 -79 -21 -50 43 81 74 60 -69 71 -33 58 100 51 -47 35 19 100 48 -13 17 -39 72 -90 -41 6 91 -49 50 16 -73 31 -19 -62 38 -72 88 -44 -63 -93 -89 -10 -3 1 36 92 -62 30 42 -45 100 -77 -33 -30 -65 -67 50 -5
26 43 55 -5 12 53 2 -23 -19 -34 41 88 51 15 -28 18 80 -11 -24 -12 -92 37 -43 42 89 53 88 37 1 71 66 -99 -64 96 71 -90 97 81 -60 -4 -45 -19 -85 -86 -28 -55 5 77 66 -36 4 -100 -49 -31 -12 56 -8 -31 62 74 -25 -81 48 59 -67 90 1 -29 69 -85 5 20 86 32 93 -94 -16 80 -1 66 84 53 -59 -34 99 62 -41 -36 28 24 83 95 18 58 -87 63 38 57 64 -46 50
-3 6 51 -50 -48 37 93 68 -45 69 -87 -64 -35 21 41 21 26 17 26 77 -43 81 58 -53 -1 6 26 21 31 88 -86 29 61 49 42 22 54 64 -74 2 -89 0 -99 36 9 19 -2 20 53 5 80 -67 71 47 -37 60 -87 -94 -39 -31 49 44 -90 71 18 -97 -74 25 -15 -100 81 -83 41 -81 44 -28 87 -32 -96 -19 34 10 27 62 15 -31 -83 -84 -6 -2 -60 -76 28 -64 68 40 -75 -35 -58 -35 72
-71 39 -24 -21 -63 -36 -75 -50 -76 22 18 45 -96 -94 -28 -62 26 93 13 -14 41 -92 26 13 33 -68 -92 -100 78 54 -1 -36 36 -6 62 -69 -56 20 -74 -42 87 -92 -85 66 -19 15 90 51 39 69 34 -42 -65 -83 42 -93 -46 9 -94 81 38 -96 -81 29 86 -7 7 73 32 20 -41 71 -40 -80 55 94 39 73 -55 9 -10 -37 -62 -9 74 -2 72 67 37 89 37 78 83 -24 53 32 -79 -59 -14 -89 -47
5 -77 82 -29 36 -51 17 50 67 -22 50 84 54 -13 87 -98 12 -83 -83 -88 80 88 39 -63 97 -79 70 -68 -38 93 -83 95 -71 -15 -71 33 28 98 -72 -81 74 -44 -36 -71 59 -34 -78 -73 74 99 -24 -87 -22 99 -54 -8 63 91 -41 -77 64 9 99 -21 -91 -28 -76 -4 -16 -14 65 -65 -58 7 -27 53 83 63 42 81 69 -44 51 82 -34 -75 -95 65 -61 -74 -16 -76 -58 11 42 15 61 75 -100 88 -21
-17 64 -55 90 -43 -98 -46 -89 -54 -30 56 -57 -27 64 73 55 -44 85 26 -83 89 26 -62 -56 -25 -90 -38 -2 -72 -75 -99 -69 -20 -3 75 34 100 -61 -21 -81 -51 -82 -63 -75 -7 -33 -67 -29 -85 56 -8 -100 -87 87 61 -17 -67 -100 -23 -9 39 -43 38 -100 -60 -28 -78 58 -84 -69 -6 20 53 -34 -26 -21 55 44 71 77 99 -60 67 -64 -35 -14 64 38 -24 90 -88 67 26 35 -72 51 -62 -22 8 -65 62
-20 -32 -78 -64 92 86 0 60 29 -49 78 17 44 -87 82 -78 -62 -39 50 -1 70 0 18 -44 -68 -40 73 98 57 -24 29 -54 42 -34 51 -79 30 7 -66 -6 -15 97 7 28 -49 78 -66 -84 -44 -11 45 -25 -67 42 -41 39 -69 71 53 -49 70 -4 -42 -86 -35 57 78 58 0 5 -42 -42 -59 -20 37 -60 24 -48 50 13 -4 97 58 8 22 -43 -19 58 53 64 31 81 -45 8 -89 -39 -89 84 85 66 11
