88 63 86 -59 -57 51 29 65 -91 49 50 -48 82 -21 29 -71 8 -54 86 -89 16 -7 -71 -54 77 15 26 65 -11 17 56 80 3 94 68 86 -35 49 88 -92 -60 31 -23 -43 50 24 35 54 -99 48 -91 -5 -11 16 54 43 57 34 -83 21 62 -38 51 -4 63 89 83 74 66 26 21 -91 74 -69 37 97 96 91 -73 -27 10 -50 55 30 13 84 -88 53 -40 -59 -37 90 68 63 72 85 45 66 17 10 74
-61 -42 5 -12 66 -66 60 -8 -56 -83 -79 91 14 99 22 -76 -83 52 -29 99 70 95 24 -56 -83 80 67 -24 84 85 57 34 35 13 -72 -61 -94 -93 45 -87 -47 61 -1 -54 2 100 -8 -46 8 98 -65 88 21 89 -90 -71 94 71 -53 7 -24 -26 45 -97 41 -9 98 -23 -99 70 26 -88 -15 -17 21 95 -72 75 -23 -79 3 49 36 -86 -11 -54 92 -52 -100 78 -60 -55 6 -98 80 41 94 -12 67 -26 80
-20 24 49 83 77 59 -93 94 -64 2 -69 33 -87 45 14 -32 0 35 -76 19 -80 56 -78 99 -5 -23 25 -49 59 -49 45 -47 -76 64 -31 17 -33 -12 66 -61 -36 -52 9 9 4 -38 41 -96 -77 -26 35 31 13 -18 -51 -85 -88 -73 100 -86 -5 -59 -13 30 70 34 8 -87 -38 75 28 -76 83 -68 43 -44 16 -29 -22 54 -92 -80 -79 -5 -53 -8 53 96 8 -8 -54 21 -88 -15 -2 -28 95 95 -92 39 -46
-8 73 66 15 11 54 -75 17 46 39 27 26 -53 -36 19 -39 -99 84 14 -36 -22 45 -64 -87 66 -46 -69 29 -38 20 -78 47 -30 -19 97 86 36 -13 88 13 -81 -23 67 -20 77 82 46 -56 85 32 66 81 -81 -48 19 29 70 72 33 -94 88 25 82 6 -20 -1 -64 -30 -93 75 37 72 -16 -14 58 -65 -6 48 54 -20 -29 -24 72 28 97 75 29 -17 58 -73 -53 99 17 -74 12 -52 13 -23 91 84 -69
-50 70 25 -63 -86 -95 -34 65 63 -48 -42 58 94 81 78 -2 46 -41 31 -39 19 -91 66 -64 24 -50 -41 50 -39 89 27 36 -39 -85 78 -8 38 31 18 93 84 -80 -3 86 65 -86 56 89 23 -34 -68 92 -14 -41 -31 17 -69 32 59 19 52 -94 62 -64 -38 95 -47 53 -82 -29 73 -77 -51 36 -17 -86 44 -10 -64 38 65 62 -70 -48 11 -67 -32 -10 13 -82 59 -43 2 -26 23 -67 45 72 -43 -16 44
49 96 -66 43 37 12 -19 37 83 69 -39 -9 -46 -100 -75 45 95 28 57 -55 49 73 35 14 32 -72 -70 -4 96 47 -30 45 9 1 16 58 83 37 100 14 34 59 -42 -24 -30 60 23 -58 -70 -18 74 95 -34 57 -56 -63 77 -2 43 66 46 -94 63 46 -91 23 61 65 -88 -53 -79 85 -38 91 34 49 -20 -27 42 73 63 38 83 93 42 -94 -35 40 -77 67 53 21 56 -80 5 -35 3 92 15 5 63
-41 -24 93 -82 -62 -26 48 67 15 66 70 -55 -67 -11 94 44 61 54 -76 88 26 -96 75 -73 27 93 -44 -86 -26 87 22 -11 -37 -39 89 -49 18 -27 54 -61 -81 -32 -52 -94 55 -8 -84 50 56 72 76 38 -71 -88 54 90 66 -92 -84 56 38 -66 86 -44 41 -28 -1 79 69 -33 -34 73 48 -64 -16 -65 -87 -32 -67 69 8 -16 72 7 59 87 -98 73 87 -62 -4 90 -58 9 10 69 22 60 17 64 -15
-60 10 -59 24 -55 93 6 68 -66 68 71 -60 65 -30 3 99 48 11 49 -29 -31 52 -86 42 -27 -82 39 -47 -56 28 43 -9 48 -36 18 -83 37 8 31 -8 59 -2 -69 89 4 -22 45 -47 11 32 74 -20 -50 -10 -37 22 80 -57 91 27 9 -36 51 12 -52 19 19 17 -79 -21 62 0 -22 -5 -71 67 41 -27 -82 9 40 46 -17 35 -50 62 -93 61 84 90 79 -63 26 -91 1 -51 -7 -4 -15 -19 -71
-71 22 -73 29 -2 90 59 31 19 -77 -72 23 37 11 -65 47 21 -69 6 73 -31 -33 -34 96 -17 72 -94 -72 36 18 -73 10 -61 -33 55 -8 63 -28 73 -58 84 -26 62 95 -40 91 -28 -98 67 51 -20 3 54 27 -49 -12 88 -63 -53 -87 24 80 43 1 -52 75 -33 -75 -59 -40 83 33 20 67 -11 -52 5 -50 78 44 100 -75 -81 92 -2 30 65 -33 70 21 -16 -29 26 -94 -54 44 -96 -70 -60 -7 49
42 93 36 -97 -64 -26 -21 61 94 82 20 -18 -63 -1 7 -95 -47 -73 -16 -6 99 11 -28 99 -29 5 -49 -11 37 28 38 -43 36 -6 0 -41 44 -96 31 -60 -44 99 -17 -62 -57 -55 -48 81 -63 -77 77 25 79 -52 -74 99 16 -26 -74 -59 1 49 73 -4 55 -55 95 97 -16 73 -71 -46 -89 44 28 -85 -31 71 20 -28 37 -40 3 33 24 75 -91 -99 -99 -38 67 -32 70 -38 -83 -36 -96 -89 -29 83 -9
-28 -39 -99 7 -66 72 31 8 -14 82 72 -68 -37 76 81 37 54 45 70 -90 -69 -64 -96 -57 -87 -19 -2 -29 -74 -67 83 64 -33 55 -87 -49 96 -31 -67 -57 -6 -25 71 -31 71 99 -3 77 -34 -100 -40 -51 77 42 10 27 49 -52 14 -33 6 -37 -2 -25 -90 9 -52 23 94 77 8 -39 86 40 -100 34 -48 -98 78 -90 -46 -94 31 100 -98 73 16 65 81 -65 71 -7 -1 -92 -37 22 34 -71 -95 33 62
79 -47 42 29 -82 1 -3 -12 -19 -95 -17 -80 -24 53 -6 -27 -35 -68 14 -39 -32 92 12 -56 31 63 -44 -100 -87 98 66 -6 -67 66 -2 67 18 42 -52 -55 -97 -12 13 -97 -65 -64 -12 93 8 -73 -62 -6 -23 -89 80 95 99 3 17 -26 -57 -12 11 28 0 24 -31 90 -43 -81 -36 -91 72 -18 -42 -90 27 16 34 -65 32 84 -22 77 -37 60 0 -39 -19 17 -25 67 -72 -17 -77 -75 0 -11 41 -34 -73
46 85 24 -26 -54 -10 -82 53 0 16 33 40 -27 -34 -70 -85 -38 72 -76 -30 29 38 83 94 85 72 -2 2 89 3 -60 78 -80 -69 -77 -67 9 12 -30 82 75 -26 29 53 1 25 22 -80 75 -77 -61 95 -14 68 3 -29 -3 46 27 -65 70 87 -6 96 -53 40 -44 4 -45 -48 -65 -10 8 -99 -27 -35 60 -45 47 4 20 98 27 -81 -99 66 81 -94 -43 -24 38 26 97 23 -95 -71 38 57 12 58 -69
12 24 -96 76 61 40 -10 76 54 84 -65 1 12 69 74 35 -25 -26 52 41 100 -16 -39 -45 -44 -28 93 90 -61 -19 -17 -96 -46 37 -15 42 -68 -63 71 -24 75 -43 3 46 -9 90 62 -79 69 7 -89 -5 88 93 -87 26 94 98 -29 52 22 30 77 -59 16 -9 27 26 53 45 47 74 77 45 -46 -23 5 52 65 86 -20 4 -35 39 62 45 72 -20 12 100 -46 70 33 -84 -95 99 39 -71 71 44 -14
-25 -29 -64 -17 53 84 -83 -13 -27 -41 -26 -1 -88 -55 42 29 -83 31 -54 -99 -1 -9 -45 -89 -87 -81 10 87 -25 -67 79 0 -87 57 38 86 -10 73 -46 -17 64 99 -35 -32 -14 73 38 7 6 -64 20 -86 -2 84 -36 -75 85 -99 -65 -55 -36 47 -38 55 88 -40 -59 -65 -20 20 28 33 73 -82 42 -82 -58 22 -21 50 84 -78 41 8 -94 -31 -65 -29 42 -49 -50 -49 42 47 -78 96 80 -47 -33 29 34
-50 74 -12 98 -46 10 -93 -76 84 100 98 88 -46 -79 32 27 -54 -81 -22 -78 41 -8 -55 -71 7 34 -36 72 -100 61 62 -9 53 59 -7 -30 0 73 7 5 -62 29 33 -44 31 85 19 -41 -31 -44 -5 92 -100 -20 -96 -42 27 12 50 -51 31 -44 19 81 97 -25 -28 58 -7 61 30 32 -40 -71 4 39 97 -34 47 75 78 -8 12 10 42 9 3 22 77 76 23 42 99 -73 5 -45 19 -66 -57 -5 22
4 -93 9 -59 -67 -16 38 81 27 94 -76 6 20 -71 51 13 90 -1 3 -26 26 -82 5 73 -52 -47 69 8 -16 -19 -47 41 69 30 -74 -16 -88 -84 -33 73 -46 -77 56 -87 64 85 -56 23 30 -67 27 -52 64 -89 4 -65 -95 23 -71 -18 -73 -72 -45 66 29 24 66 74 -84 88 36 -21 20 42 -5 72 -1 92 71 53 -73 -13 91 -48 89 36 95 85 10 -23 47 46 37 -20 -36 73 61 -60 -82 29 -17
-39 -95 90 80 43 -81 -28 37 -60 36 -56 -50 97 32 -4 -28 78 -50 97 -93 47 59 -92 37 86 47 -10 -11 96 23 25 -36 -23 88 66 -94 -11 -80 93 -55 80 95 -43 -17 75 -73 -90 -57 54 60 18 -73 -94 94 -2 86 -64 4 -64 -78 -34 -44 87 -39 85 -34 93 37 -15 -74 93 34 -77 -88 41 -76 -42 -46 91 0 26 0 89 95 31 81 -76 -84 -39 84 83 69 -62 -12 -97 -44 -50 -87 95 6 -41
98 78 38 44 65 25 -100 4 -48 86 18 11 77 -71 -2 -77 11 29 -87 -23 58 62 -90 51 -76 38 -19 -5 -1 86 -10 7 -61 -22 93 -53 94 32 78 -69 -63 28 98 -69 -34 -82 13 64 -1 6 -54 -10 45 -85 11 -92 86 -41 -80 3 -66 -1 -90 -100 -25 60 -20 -46 6 -91 40 -67 88 -83 88 39 90 81 -32 4 65 -37 -33 -54 84 41 59 -13 94 54 39 63 69 85 -79 -13 -7 34 -8 0 -39
-72 77 -59 -97 79 -59 25 93 0 16 -14 -67 66 -19 48 75 59 -55 -44 28 -16 86 31 82 56 -35 48 -57 -37 -47 -83 -3 -6 -89 57 99 -88 85 1 -19 23 -81 14 -23 23 18 -64 -60 -6 -47 54 -17 6 -85 -58 -61 -74 -20 70 -96 -90 -27 17 -26 -64 -39 5 31 -72 -27 0 48 -55 12 54 95 94 -78 58 -18 -25 80 -91 93 0 -38 38 29 -50 79 -96 -10 57 -69 -95 55 -83 -76 90 24 19
39 -59 10 -92 20 60 48 23 -72 -99 53 -20 39 15 57 16 -4 97 -25 -51 84 -52 66 87 63 41 -3 -94 -79 64 -76 8 -16 -17 6 -19 68 -19 -20 100 -60 -93 -6 38 -88 79 -56 49 -19 -87 -51 -64 51 -91 55 -24 96 26 -33 -93 -15 -33 76 86 82 64 -78 100 -40 -18 -58 -96 52 -80 -4 97 20 3 -29 -46 28 -85 69 49 40 67 -58 84 74 -78 -65 69 -17 -74 27 26 -35 -30 -29 60 7
-66 -83 -33 25 -23 3 22 11 51 -35 -92 -94 -88 -48 -54 38 33 45 0 -35 -10 -11 75 66 67 -64 44 -46 70 31 -3 61 -84 -79 -67 4 -27 -1 -37 92 -70 66 90 -35 7 90 -97 82 -63 43 -2 88 96 23 34 32 -53 27 37 41 40 94 -53 -66 -25 54 78 -8 38 94 -58 -67 -61 63 93 -36 -34 37 -69 71 92 -39 21 4 -98 -56 19 -87 89 34 -53 66 22 -59 80 0 -100 -96 -42 -87 -51
-93 -57 21 67 4 31 -70 40 -96 -29 37 39 69 79 -49 -37 32 26 -52 -59 -15 50 -55 -34 94 -91 -33 -11 -69 18 -21 24 81 -90 -17 -54 94 -12 80 -30 68 34 99 28 -25 71 -10 -29 76 20 -50 32 -72 -59 26 54 -6 38 -54 73 -3 39 18 60 -36 -11 27 55 -88 28 28 -19 -11 81 12 -94 22 73 -29 1 -66 -72 -51 100 76 78 -11 2 38 54 54 -44 85 35 63 34 19 -40 -80 -51 97
-40 -28 46 79 61 -64 -100 -13 97 99 47 3 95 -99 -83 60 78 -41 -61 -5 65 98 51 74 45 18 42 35 -17 16 37 94 -57 89 15 94 73 -25 -44 9 96 -23 34 -97 -1 40 20 40 89 -90 21 83 -85 30 -23 -45 0 -11 87 -84 -62 -65 7 1 11 -58 -82 -40 44 -95 83 26 68 -72 99 61 77 77 28 63 -58 -73 -92 -20 -28 -74 -21 1 14 71 -51 36 79 56 -95 -52 64 -51 -48 -80 -85
-58 53 -84 3 22 -12 82 -71 -32 -48 -34 -53 93 84 38 69 100 -81 44 -53 58 80 58 85 -35 59 50 -8 77 58 -30 -67 -7 52 12 -44 80 -85 -79 -20 -35 57 -67 99 -29 -50 -70 -73 78 -56 -37 -69 72 10 43 66 -26 39 11 -6 2 32 -8 -64 39 22 62 -25 -33 81 -78 -70 -54 -75 6 22 82 -78 59 90 65 94 35 6 26 -35 8 40 -80 -26 -79 83 -28 68 -7 89 18 -49 -73 -32 -7
-43 35 50 -36 -72 -20 36 -16 51 17 -87 16 1 -96 79 32 -43 -57 -70 -69 -11 -78 49 -17 71 -100 61 -100 6 -56 -21 -97 -27 29 35 15 -88 -32 52 -87 52 -65 -60 -79 1 -35 89 -84 -12 37 -38 -18 61 42 6 -28 29 -75 -65 96 93 83 -4 46 81 62 62 62 8 65 51 -28 50 -99 -82 46 84 -58 -59 -8 -92 61 -15 -84 -42 -40 93 -8 -95 -17 -48 -2 5 41 84 -79 -92 -83 -38 -57 -80
-66 36 93 -11 -36 -38 17 -9 39 -12 -38 27 59 -24 35 -85 65 81 96 -37 -99 93 -46 -4 43 -95 -35 -47 10 -59 16 -2 92 19 -6 -68 74 -2 -49 -40 -86 91 -67 7 -40 94 80 92 -61 83 -33 -30 -69 39 70 61 95 79 2 -62 -42 65 38 -75 74 30 86 -3 -89 38 -81 52 0 99 -49 68 -75 -54 20 2 -100 -37 -98 -54 -57 30 -63 -50 -48 23 -36 76 67 11 41 -73 99 87 -91 37 -8
28 2 22 85 35 -45 -60 42 -70 -42 -95 -97 25 77 13 42 39 21 89 -23 -72 -88 -25 95 -94 -62 18 45 87 -3 67 16 52 -12 -65 58 -51 -75 60 65 -30 -7 51 -53 -5 93 12 42 99 86 -21 -6 -2 80 1 62 67 60 67 -85 -91 -64 28 -66 -37 -94 74 -87 -29 -42 -17 39 -99 50 15 -97 1 -68 88 15 76 -25 -24 59 28 49 -40 18 -45 93 -9 18 34 -64 94 74 73 -91 -96 -37 -56
22 -81 -79 -75 63 -26 -56 42 -61 -67 39 -17 -54 -62 -55 27 10 -82 89 -76 -25 -19 11 56 52 46 76 -18 -55 -48 -41 75 38 -34 81 65 -34 15 -48 -87 -15 -63 55 97 5 -63 25 59 40 -36 63 -76 55 -3 -64 -36 -54 42 -37 -47 10 87 -8 -50 -17 -16 -63 -71 -13 -43 65 -55 -100 80 -23 -9 30 74 51 91 89 -23 54 91 36 64 8 22 95 -53 3 -66 -27 13 96 91 -54 99 37 75 -83
-11 65 -54 11 4 -42 35 25 -36 -36 -91 -76 28 80 67 40 -10 -56 12 12 -100 -61 -84 -37 -63 56 -45 -64 -29 4 94 26 6 -30 -66 84 41 -21 -11 -25 -84 -74 -32 72 60 -57 -35 -44 97 -13 -96 63 -90 -39 -15 70 -95 12 -56 99 -7 -91 71 75 37 -21 -100 -58 -71 -33 62 -14 -32 73 100 -86 65 15 65 -16 25 37 -56 0 -15 -92 -74 53 38 -50 -55 17 -68 30 -51 -65 89 -73 -56 95 97
10 47 -81 39 59 8 -13 -68 -100 -10 -44 -41 0 82 12 -77 99 77 16 31 58 -13 -85 -48 25 -39 22 -83 -55 92 -37 -63 -90 -74 50 85 -33 15 -23 13 -86 -72 100 -3 33 82 -58 29 24 -93 97 55 62 -42 -22 -9 65 43 -5 86 -52 -30 -48 55 78 -71 -68 34 -23 30 71 12 -77 80 -41 74 25 -39 -75 18 -43 40 60 85 41 85 -13 -86 51 24 -19 44 -76 -85 1 -13 -78 -11 -97 55 -66
19 -90 12 -81 -25 96 -9 -64 -68 -58 -84 83 51 -43 51 58 49 -90 -51 30 -8 60 64 -100 -52 -35 -13 -89 68 -50 43 -63 57 -32 -10 -32 60 -51 -12 -94 -26 -8 -83 -88 40 1 -67 -12 80 -90 -27 8 89 -29 85 -94 35 37 -59 -9 2 82 33 5 44 6 -74 24 78 21 0 99 -89 -61 83 -37 -76 -45 78 -7 -13 -82 53 40 -19 -89 -73 -92 16 38 65 35 -42 -62 -98 -73 28 84 -63 -54 99
-25 -83 -75 24 -67 -54 -25 -90 42 99 -42 -37 -100 25 24 -32 93 90 53 82 18 4 64 11 -50 -60 66 20 83 33 60 50 -35 30 76 66 48 16 -59 11 21 -92 18 57 26 -75 -14 68 36 30 -47 85 43 -43 94 9 32 -93 36 19 20 -64 61 73 19 -24 77 -1 25 -5 13 -70 84 33 -62 -61 -47 -96 -76 51 31 -62 46 -46 71 -75 48 55 -57 7 90 -64 7 81 -56 61 -83 -53 -62 -55 -28
79 -49 -84 43 70 -18 -44 -11 -31 -23 -81 82 72 90 72 -72 -92 -56 -25 -12 61 68 92 41 96 -29 28 -10 64 -48 37 47 -52 69 11 -11 80 65 -84 -8 -10 77 72 -35 91 30 99 -4 -63 -27 -48 51 -70 28 56 20 -3 -12 59 69 55 -94 -81 70 -72 -55 53 72 71 -38 27 55 17 94 -99 -44 86 6 56 -76 -25 -62 11 -13 65 57 86 -91 23 -57 91 -66 27 35 -30 -11 32 -95 -76 23 -96
76 -98 -69 51 35 -64 -29 23 -83 63 -33 40 55 -15 -61 54 97 60 -95 88 -2 -96 20 -76 2 15 21 -15 49 -43 -89 78 -30 74 -98 -39 -49 -60 51 86 64 28 -84 22 61 -48 -18 73 -58 71 81 70 -26 -44 60 15 100 43 2 -50 -85 32 72 -20 -49 -57 -23 -75 50 -7 99 -52 -50 -56 30 20 29 -86 -15 -80 -57 -63 77 89 -6 47 -43 74 12 21 -10 -66 -55 -84 77 -31 52 38 75 -26 51
57 12 61 -33 -50 -100 45 77 7 78 78 46 53 -35 -65 -80 79 -85 43 -46 -78 -63 -66 29 72 -80 -6 63 -6 65 -76 -91 62 86 -22 84 50 52 -38 -14 4 70 70 60 86 -38 41 36 -98 100 100 43 72 -68 79 96 88 -52 -69 -87 -32 16 71 -36 44 58 23 -15 47 92 -39 83 55 49 -54 -64 -58 93 -71 -35 -45 -99 11 -78 8 -17 -13 -48 5 62 47 52 1 60 58 28 -95 -95 55 3 12
95 -3 25 87 -17 -48 -26 -28 48 -2 70 50 69 -75 -89 -95 32 -98 44 55 21 -11 32 -97 -15 -67 -23 40 -27 -43 19 -59 22 70 -92 -50 -23 -68 25 49 14 21 -31 33 -57 70 -18 8 -76 -22 35 -39 -58 -46 63 35 -61 -16 39 -25 92 73 -52 81 -26 -55 -90 -39 -14 -13 -73 56 51 91 92 -94 84 84 4 -18 48 50 -90 51 48 74 96 70 53 62 96 -19 85 67 11 -54 18 87 -40 51 7
92 -19 9 -87 -18 93 -6 83 -6 -90 -66 57 -39 71 -70 -81 -87 74 12 79 -39 0 20 75 47 -21 -16 -62 86 -1 -70 -37 -16 -77 65 85 65 46 1 30 -18 -20 8 94 -20 96 66 98 59 -35 78 -1 36 49 0 65 -39 -100 -30 -95 -31 17 47 -86 33 4 -80 66 -24 37 30 -61 17 -1 -9 84 -82 30 -48 94 -82 -17 -50 37 21 -100 -18 -75 85 37 -69 37 -79 -100 -59 -3 -61 6 -97 75 -25
19 -3 31 -81 93 62 -71 31 59 -19 -57 -35 -64 17 43 20 -27 0 59 -63 64 -94 32 42 96 -47 -74 -99 -39 47 -90 41 -22 4 60 -29 51 -85 1 -9 -42 -78 -91 91 84 -91 -96 -100 18 -97 -37 -77 47 70 -28 53 52 -60 6 -59 -21 -1 4 -95 1 79 68 -54 -1 95 56 32 100 -50 -78 -23 -64 -9 77 -69 -23 34 67 -36 -73 43 59 66 -22 64 10 -66 -91 11 13 -63 -35 -18 56 35 65
-49 82 -33 17 -56 -55 -59 33 -65 -73 -76 0 37 -16 -71 22 -99 -27 -45 -59 22 -69 -42 -20 -16 96 -35 -47 -39 -56 33 98 -56 61 -16 42 -73 -90 -22 -35 -46 -66 10 61 -57 -77 -65 4 77 55 -44 -41 0 -87 26 -75 48 27 91 -45 -41 64 72 -49 -3 -38 99 -2 -86 -53 -26 -24 54 79 99 82 69 -25 43 -43 -77 -34 -79 57 98 33 -44 -65 78 -98 -84 -24 99 14 6 42 74 -61 -87 25 63
53 17 -6 -51 -19 -15 -28 -51 -84 -79 -5 -40 -17 32 -74 -68 -29 -7 32 -70 41 -74 10 -85 -55 -94 -83 28 73 91 33 1 33 -41 69 55 28 44 -72 -90 -97 61 -11 -75 44 -1 -59 45 -73 -51 -5 -80 -4 8 19 -74 96 -50 45 26 -59 66 -69 -23 -51 -91 -12 54 37 -55 -28 72 -25 -22 -48 -63 19 -18 77 -80 61 36 -24 86 28 -84 87 -20 -98 -46 -97 -10 41 84 -19 76 -40 -10 -5 -26 -19
-78 74 76 30 -97 -95 60 -53 25 32 -35 12 75 63 7 -38 64 20 27 33 -26 1 -17 -29 -10 95 61 41 -94 -94 59 -36 -85 60 31 -20 -49 56 -95 -85 42 85 88 -35 61 -19 -69 21 -66 -55 -20 -34 87 87 -35 94 59 -47 -18 -52 -96 -43 -25 67 -77 35 -69 -59 51 -86 -76 -18 81 -25 -48 10 13 83 75 -97 52 -93 50 -81 27 -73 -11 -16 -17 -29 -56 63 88 -84 -40 -30 -58 -80 21 29 64
-75 -68 47 -55 -27 -72 5 -9 49 -64 -96 58 14 -3 -36 -17 -24 58 4 -60 70 -2 -62 74 100 36 84 -47 -52 61 99 16 -65 56 -33 13 71 10 -9 18 95 26 91 -47 83 10 -68 -55 52 -91 25 -95 85 -75 -27 -92 -64 11 -15 16 37 85 86 72 -46 49 -21 42 -25 100 -42 -67 80 22 76 33 -32 -11 29 -85 90 -90 41 -73 86 -23 -27 -94 38 -24 -63 -51 45 5 -36 10 36 41 -81 54 5
-62 -69 23 -74 -50 -80 83 33 -43 68 69 -81 10 -34 5 -50 -22 69 7 86 -5 62 -7 -50 57 99 75 -79 61 21 67 -59 82 86 -93 -90 71 39 70 42 -35 -95 69 -55 20 -60 -57 82 -97 91 -63 0 -93 -2 14 93 54 -16 18 43 -51 10 24 -1 -39 23 -93 89 69 -9 -31 -83 -93 75 89 -75 40 -29 33 26 -82 -96 65 20 -10 93 -34 4 -89 -9 -75 -17 -33 12 23 39 -80 -52 -35 -98 54
96 99 -74 -73 12 -67 17 -97 66 44 26 -95 43 83 -69 13 -29 88 -28 56 68 -88 79 10 -29 7 -76 39 64 23 13 -27 -74 100 -51 4 -79 85 -49 -37 -67 -42 86 4 -27 61 27 -77 -24 72 62 -59 74 -20 -12 -72 6 -17 42 -15 -64 61 -14 51 79 -31 -79 93 -5 -88 80 84 20 80 30 -50 94 13 -15 -73 -75 40 71 78 28 84 -24 -56 9 -62 -40 23 -47 -18 5 -85 70 -71 2 -84 10
46 -31 51 -63 70 55 -68 -80 -37 59 13 96 22 45 -73 14 34 61 30 -95 3 -12 13 78 -24 -80 -17 -26 -5 42 48 -35 -6 -85 76 47 -30 30 72 -22 -95 -45 -41 -93 -17 -27 -70 -22 -16 -82 -52 26 -42 -52 69 48 -28 96 64 64 -70 -72 59 -55 75 -14 6 85 -90 63 31 -25 -40 -12 -5 50 -86 1 -99 -23 -94 -74 -49 36 27 -41 99 -52 87 23 -46 -66 32 45 28 28 -65 -76 30 -94 -64
26 75 -69 -81 93 93 86 61 -35 -60 -77 61 7 -55 46 5 -8 91 41 -89 34 -21 39 -63 -89 86 -33 -76 -65 68 -1 25 52 14 41 -93 56 12 -78 -85 -30 90 -98 -32 76 -48 -75 -14 94 -67 33 87 -95 -25 50 -92 100 -70 -48 39 -72 -72 22 15 82 20 57 16 75 57 -78 -74 24 16 49 33 23 -2 -51 1 -73 -40 -100 16 -68 19 96 -30 42 83 28 -3 77 -14 37 82 59 -13 89 -88 34
-66 19 56 -89 -2 -6 -88 13 77 62 31 -90 -41 -12 36 4 -58 -100 26 48 -17 -67 88 53 -81 -14 -29 -85 57 -99 81 53 21 65 -83 96 70 73 32 -1 62 16 16 -16 -88 9 66 52 43 -69 -5 52 95 -27 93 -49 -47 16 -50 46 -15 16 15 -82 -78 -21 69 -8 -34 -46 83 51 63 -44 14 -37 -74 70 -100 1 -63 -53 82 46 -89 -80 14 -35 -60 39 7 32 -32 91 64 51 -69 -40 36 -100 -95
-13 -82 -97 -72 69 -79 18 60 76 8 52 41 15 7 25 44 49 -89 9 -38 45 16 60 -57 54 -7 74 39 -45 12 98 -6 70 81 -17 -49 94 55 -35 30 53 30 -89 -70 -5 -27 -71 -5 -42 68 41 -60 36 -11 -93 49 81 -27 29 29 -82 -47 -66 81 -59 -32 30 -20 81 -28 13 52 53 62 92 -28 -73 -99 84 -61 -81 -59 3 -3 -54 -32 30 -28 -74 11 95 72 -53 17 52 30 -52 -77 -30 78 40
21 -5 29 -78 -38 -96 -68 -22 -81 77 -33 -57 -7 -79 -92 -40 -12 -22 16 -23 75 17 -99 -52 -21 94 -83 -41 -89 98 -42 32 -88 35 -18 -27 25 -10 -79 -8 57 -2 -77 12 -99 -42 -18 8 -98 70 65 99 -24 16 83 94 -15 -49 50 55 -87 90 -64 -88 -3 -31 90 -4 -37 72 -32 -37 -93 -62 -91 -63 100 -87 -85 -1 -5 -93 -32 -25 -7 -7 -30 93 -77 34 52 11 36 -34 34 41 -12 -97 43 -87 12
-81 -86 76 18 39 21 88 11 -53 68 -17 -91 97 -90 67 15 -53 -77 91 59 37 39 64 90 -15 46 79 81 -60 -69 -17 76 -64 -56 -14 -40 -11 -95 56 36 -90 -65 -11 68 -45 -43 15 -42 -47 17 -15 -96 92 -83 68 -45 30 82 -26 -49 68 62 89 -42 8 -75 43 -44 -44 27 54 -90 79 -75 -28 -21 58 -32 -21 -51 -28 78 -59 -56 -54 43 -29 65 -98 83 33 93 89 -96 -15 52 -97 13 61 -37 82
-94 36 93 -90 79 -27 99 -10 62 12 -19 83 -79 -82 -30 26 -58 95 -43 -7 -56 70 63 32 100 92 62 -69 86 96 -27 97 21 50 -30 -45 -61 -17 72 41 -23 -43 79 -54 85 76 -21 -62 16 -89 69 7 -81 37 72 -52 8 23 -89 2 -100 -56 -55 -59 10 -27 96 -31 -99 -79 -95 81 -74 -56 -53 22 37 -27 -72 -16 54 28 -37 -88 100 -3 -68 4 8 -59 55 -53 -64 -42 100 48 -98 -87 5 -59 -17
-49 -82 -32 54 -47 -6 -39 77 -7 -49 -99 27 -16 -11 -75 62 9 -78 -41 -34 -27 -30 -92 -91 71 -1 -66 45 -17 98 -25 3 -51 95 -44 19 85 35 -9 11 51 -21 -61 -80 30 -72 -45 -82 -100 -80 97 -25 -57 -25 40 -63 65 44 -80 69 -8 -92 -21 64 91 -8 -62 -8 -39 75 -100 42 -81 -18 83 -94 88 -76 80 -41 79 -92 -66 -23 -21 57 1 2 69 34 -69 61 70 13 -99 -95 -31 -69 -73 29 45
43 95 -84 -89 -41 -73 -35 -61 -46 -95 25 -11 15 71 49 -1 -1 46 -38 83 35 71 -2 -40 -84 -91 -61 -35 -18 71 92 -95 -75 -15 -95 -50 -9 -51 -17 18 -16 10 -26 0 -65 61 -18 -55 70 10 18 -32 24 5 94 -29 -94 -87 2 62 -94 94 22 -54 -68 -86 -83 22 74 10 13 -43 -81 1 59 -78 57 89 -85 -59 12 -38 -26 93 -98 26 24 39 -84 18 95 40 39 -73 -12 7 14 45 -12 28 -12
26 -88 100 -59 -53 10 28 -25 -29 70 -55 66 62 -32 62 48 19 -73 10 -74 -97 -33 -81 67 -38 -7 -27 -53 -9 86 -28 14 67 72 31 -45 -60 37 -70 97 71 100 -45 93 45 0 61 -12 -6 96 -23 31 82 -22 -50 97 74 -14 10 -94 75 20 -94 -36 41 -91 -94 -46 66 98 36 -63 -34 -4 -5 -98 34 -15 -86 -44 -19 -62 34 8 -77 -90 19 14 50 -87 -49 -40 19 -52 34 35 -38 -64 93 -93 -30
22 -83 86 -56 97 -18 -59 -41 95 83 36 20 -19 -39 -96 -96 -62 92 -35 46 83 10 -40 -27 -20 -27 5 -3 29 64 -67 -88 36 40 -38 16 -90 -89 -59 -74 -1 26 6 -23 -90 9 -100 -23 -33 -82 -14 -84 81 -11 91 -1 -58 12 -57 75 88 60 1 17 16 -70 30 -45 83 -57 -31 11 -93 -49 -28 15 -88 15 -96 59 5 -68 100 -55 65 -53 81 -32 -27 21 13 98 -36 -80 -14 72 -54 -33 6 -91 40
-88 52 -95 62 18 98 1 -75 11 -33 -20 -34 86 35 -2 63 -44 -96 -69 -60 92 -19 7 35 -46 9 54 2 67 33 51 12 100 -17 40 -99 0 -11 -44 37 30 -17 -80 13 -18 45 65 15 36 -81 -30 20 -42 -88 -61 -44 98 53 44 -56 -4 6 -16 40 40 -3 -19 74 -3 -22 -24 52 72 32 33 10 16 -80 -49 -19 -64 41 15 13 24 -34 33 22 -89 -71 -24 48 -39 53 -57 91 -18 68 -4 -73 -67
-45 -14 -91 -29 64 3 7 -42 67 19 15 79 28 -45 88 32 -56 -60 85 -67 -82 -8 60 59 75 19 -58 48 71 77 -42 97 -43 89 -3 -93 -76 -79 -41 78 12 100 65 74 64 -17 13 -96 -88 -73 -8 -28 42 7 18 94 -2 13 -48 18 -30 31 29 -17 10 76 42 -82 -31 -88 12 -98 -52 17 16 71 86 32 65 -34 33 39 12 11 86 63 -12 52 -61 63 22 -38 80 58 71 0 27 -34 -73 75 58
-21 -27 -61 35 9 -32 17 -23 25 -26 -75 75 -78 -75 -31 -79 -9 78 70 89 -7 -74 -83 81 -24 -88 -61 -5 89 22 73 -73 37 49 -45 -31 -68 -26 87 -90 -7 0 -17 64 -84 -32 -28 -37 -52 52 30 -60 36 39 -99 5 41 -3 65 -62 92 -87 -34 -22 -83 98 -21 59 -41 14 51 -97 77 41 69 3 -42 32 35 41 -70 0 -48 78 -91 -27 99 -88 -82 41 7 56 -27 -100 35 -99 -16 -46 9 29 26
-81 43 37 -38 90 -23 -66 51 -68 -16 31 67 77 56 14 4 -99 85 99 -37 80 -48 -53 88 30 88 78 30 67 -68 -95 77 94 -71 54 -45 -36 77 -99 -74 73 -1 -14 -61 -83 23 9 -86 43 30 58 -38 46 70 -100 15 17 -15 28 -61 -14 67 -77 -29 -24 -17 19 -10 97 -26 23 -95 60 -87 -34 49 15 -86 -18 -43 17 36 -45 31 92 58 -28 2 45 79 26 -95 99 75 -98 14 37 0 71 70 -36
-39 -96 -30 -96 86 -97 60 -48 38 -59 -72 -43 71 -63 9 13 -37 -82 86 87 -87 -69 -42 12 32 45 -21 -9 -57 82 -21 -18 26 -87 29 -43 -5 32 81 -57 -71 26 0 22 -77 -40 63 19 86 66 -92 -55 -46 -18 31 -75 35 -38 36 79 47 -69 54 -79 62 19 40 63 27 81 56 88 4 99 -33 18 6 53 57 55 68 -54 -72 -50 55 1 8 -83 -64 84 87 72 -36 86 55 -12 -72 7 -25 71 62
-76 -48 43 -48 -13 -1 -23 -17 -94 -76 10 85 9 -77 50 32 -31 28 -1 87 47 80 -90 -17 -23 9 -75 83 -27 -60 74 -94 -89 -68 86 -40 42 -29 -9 68 -66 32 -81 -98 75 -32 -4 -70 -41 -54 5 73 -9 7 -21 -90 94 46 18 -43 -49 -18 -37 30 -53 -2 31 -9 -83 -41 55 -97 -86 69 -84 58 25 3 19 -40 72 -87 -36 79 20 -47 16 53 5 -60 83 2 -73 92 69 49 -70 -94 44 73 48
12 82 -95 -2 41 80 17 41 -83 -83 -9 28 -81 28 -56 -22 -92 53 24 25 -64 -33 -6 -46 42 35 46 -2 -85 50 84 -96 -90 41 -28 -42 76 81 52 -60 -7 10 -99 -25 86 -46 -42 -40 -66 63 -39 93 -63 -58 21 -12 62 -82 72 54 -42 91 57 83 22 -80 -2 72 91 -91 -9 7 66 -25 -97 97 80 57 -49 26 1 32 1 -69 48 77 -49 9 -68 44 82 -35 74 -21 -10 16 23 80 -65 40 -92
-96 12 -59 -92 73 65 77 22 35 -19 -73 68 8 -59 -86 -51 -87 13 -83 -56 20 -90 10 -54 74 -64 75 -15 35 -55 -99 -64 7 -15 22 -96 -92 49 -1 -86 84 -14 17 -65 25 -34 -15 33 -39 7 -11 -26 76 63 -69 98 -65 -57 61 0 23 97 56 -69 85 -70 -24 61 19 -70 -2 -15 -41 94 1 71 -25 32 -95 95 -82 -73 17 -26 58 64 -78 67 0 39 97 -32 -100 20 96 -95 90 89 79 -7 -99
-40 -14 -61 2 50 62 6 -59 3 76 -92 -37 -43 18 -39 51 92 -75 60 -23 -98 -59 28 54 76 -82 -35 -49 -85 82 -39 15 -71 65 95 67 -83 -61 -78 -72 52 -39 71 -81 -30 3 37 -69 -54 83 93 11 46 77 -61 -3 51 12 20 68 -26 -36 -97 -55 -48 -37 96 -22 44 -17 10 -89 99 30 -16 -47 -38 -11 -93 67 22 -24 65 56 14 -64 -32 27 -78 -90 62 45 37 -31 55 53 -93 79 57 -42 26
76 10 57 44 -35 -35 -76 -17 100 -46 -45 87 53 -91 48 66 -82 87 -56 -6 -63 -73 -85 52 -3 18 -19 87 -96 -65 57 27 -7 13 40 74 92 41 42 7 41 -20 -76 -17 -70 25 8 -54 -19 -50 30 27 -75 -100 -52 39 28 8 -92 75 -35 73 81 -11 30 73 55 -55 20 -57 -4 -70 -62 -75 40 -98 -6 37 -35 6 -33 4 -76 -71 74 11 -53 -48 7 -81 80 -29 -50 -41 100 -68 -13 -89 55 0 -18
-65 -5 -30 -62 37 -70 29 -38 53 -25 -69 45 35 -28 12 10 31 32 -19 33 31 34 -25 -56 84 88 -30 54 79 84 -25 -1 -56 -73 6 24 -56 64 -8 33 59 11 87 97 -87 -37 -20 54 14 -81 40 47 69 8 9 -50 -37 -33 95 -11 -53 50 39 -93 -61 -6 52 -30 98 99 88 -53 27 8 54 -34 13 54 -58 -72 30 -79 -69 85 -69 88 26 -22 -29 -78 20 -29 43 46 -63 47 -29 -47 -46 -51 -65
-46 32 -41 89 70 59 42 38 67 15 21 59 11 -42 55 9 23 -36 -88 -77 -59 70 51 56 -61 43 -87 -68 -32 8 -21 48 8 -37 -85 20 -11 29 29 1 10 -7 45 -5 70 -75 41 49 18 -67 -96 83 -94 4 -1 -82 -47 48 87 -35 0 95 -18 50 34 -39 58 -95 -56 -37 54 38 -95 92 81 65 5 42 -61 -81 -7 98 -85 39 -24 43 -14 -14 15 57 67 -68 -55 -16 35 -85 78 59 -96 96 -61
-15 -26 32 -63 -37 -86 -97 53 16 68 96 -3 26 45 -62 16 -51 42 -88 -90 50 96 10 66 19 -20 15 -97 98 -100 86 80 -33 -21 -21 84 59 100 46 -100 31 83 -79 81 3 46 -29 -46 -79 26 100 66 -67 56 -61 -73 59 -98 7 87 -67 -46 76 66 50 22 61 -1 68 -40 -92 79 -28 51 69 -33 -4 -46 -76 -46 -25 34 0 100 37 66 58 88 31 40 -40 29 -18 -60 -12 57 -89 -100 27 -49 -79
25 -55 33 36 -34 -5 -84 8 56 -28 56 -46 82 -15 -28 77 0 48 57 8 -36 -52 79 -82 43 32 -92 20 41 44 -73 66 82 -62 -29 23 -75 24 48 18 89 -75 26 25 48 14 25 -49 100 31 -63 -59 91 -9 38 -2 91 -24 -98 -1 -98 42 -39 -57 95 52 32 9 81 -43 -31 10 33 -39 21 54 59 -5 65 42 -78 50 6 -73 61 -96 47 -93 20 -46 77 -53 24 100 91 -22 16 -22 75 31 -14
14 -90 54 -20 12 79 12 -44 50 -7 -28 -25 38 -59 94 -12 86 -93 -65 98 8 -96 -8 91 -12 77 93 -83 3 -58 47 27 77 77 -44 62 -56 36 -58 70 -57 -77 37 32 70 26 58 11 -93 74 -48 -44 -96 98 54 35 73 42 17 -77 30 7 -39 26 62 73 -47 -72 -49 -38 77 -44 97 24 52 -81 -43 -22 88 93 -79 6 -67 -27 37 39 -71 13 -33 78 -32 96 -69 -99 33 33 -38 -57 -48 -64 -78
43 52 -89 28 -40 -29 -76 73 -41 5 -66 81 68 -80 97 -72 22 30 30 0 37 2 41 -58 22 -95 -44 90 37 18 -18 -39 -43 -12 -93 -38 9 91 33 77 -99 96 -54 62 -78 -73 -86 -30 22 68 62 -41 98 0 78 16 77 -60 -15 33 27 19 93 -90 59 41 -8 -74 -68 22 92 -56 6 41 88 41 2 37 33 43 28 69 -92 70 -82 82 -7 -81 -30 60 -43 -33 -72 -80 -24 -38 -100 -4 -6 52 9
49 -23 -61 7 -39 -47 8 -80 36 -24 90 17 -77 -84 -46 26 -98 97 74 -70 63 -34 -88 -28 -14 -74 21 -18 75 -71 -11 -92 -11 -19 24 -34 -93 -71 -51 5 -22 -27 73 75 -95 -1 -41 -42 52 74 -16 -24 -34 -58 25 6 57 -60 28 51 -43 -97 -70 -24 73 -27 61 97 -11 -24 -2 36 -84 32 15 -70 90 -68 99 2 28 36 -80 35 10 63 7 94 -24 -73 35 -77 30 -49 -42 -15 -91 -77 47 -90 -64
27 44 52 -92 18 83 -31 32 97 -21 87 54 16 -37 -72 -26 -81 -64 10 -13 -84 43 -23 -31 16 -95 67 21 -49 -99 -39 98 76 -27 94 7 -78 -92 50 49 -60 41 59 -29 -75 44 7 84 21 -77 48 26 48 32 28 92 -25 97 25 60 55 -26 -79 67 42 -67 -11 10 36 95 85 89 2 72 77 -11 -64 80 12 -62 46 3 -78 -44 -96 -78 -77 -72 1 32 56 6 1 14 -76 -51 5 -61 99 -2 -76
-1 -29 -32 52 31 47 -32 44 38 -54 89 -92 73 42 -86 61 -92 -51 -71 21 -56 15 40 -67 31 -29 77 9 10 -36 21 24 -34 44 3 -2 59 -96 -79 49 -95 8 -86 -93 -28 -29 -14 15 49 -32 84 45 4 -6 74 -72 -51 97 -50 26 -74 -80 -45 45 61 -47 4 46 -45 -17 95 11 -23 -68 -30 1 -51 59 -59 34 62 -36 59 -86 84 -77 81 -70 27 9 -72 36 68 41 -77 16 4 15 5 89 25
61 -61 -24 41 6 25 -33 -22 -72 83 4 -90 -19 -3 45 -88 82 0 -97 -99 32 -72 11 14 -32 -47 -39 -78 -56 20 -6 70 -37 -56 63 -49 -79 52 32 93 27 11 90 -88 54 48 31 -59 66 17 -47 -78 -7 -96 -86 -71 -56 16 -99 -87 -1 -98 -22 73 -21 -98 -57 53 -25 50 39 -65 56 83 49 -27 -71 91 -88 46 39 -75 -55 48 -4 59 -93 -38 -50 42 -68 -6 -37 99 74 -19 -84 51 -33 -28 -6
-70 23 32 83 17 56 87 100 -88 66 80 -51 -89 -94 -32 18 -28 -3 -68 21 -38 57 -75 -94 71 -69 -80 81 -37 62 -38 -46 81 -68 -20 97 -7 49 -37 63 -28 -84 41 -16 -73 44 93 -37 -68 2 12 -68 50 25 -38 15 42 93 -31 18 -70 13 27 -62 -13 67 -79 42 35 92 -24 -28 93 71 36 62 23 -86 -85 -23 -80 11 71 -60 37 -48 36 -94 -90 -83 -29 46 -67 -72 99 95 89 -19 15 13 37
-74 -68 87 85 79 12 30 -57 -95 -44 -68 -20 -17 38 -91 -23 19 -66 87 2 -17 63 9 74 53 -43 87 -87 60 -25 28 -89 95 98 -46 50 -18 44 -39 16 -67 69 -68 61 10 -29 14 -78 70 -11 -28 45 -64 73 50 -70 -67 60 63 41 -58 -25 -8 69 -27 -41 -47 6 74 -56 22 -9 38 97 66 85 -98 -63 -10 -71 -88 91 -55 -57 -87 2 -96 -71 -75 -63 100 46 -28 49 36 95 96 1 -33 -38 -13
89 -12 -89 21 -62 -23 56 98 0 -59 88 23 -64 10 99 -72 -95 15 38 -4 -89 -76 -16 2 -17 68 -32 68 26 -50 99 86 9 -42 -99 -28 80 91 61 92 21 45 89 -11 82 -45 30 47 13 -98 70 -42 18 -92 7 -72 19 -48 -25 -97 -91 -81 -31 13 -73 -10 -33 -51 30 95 -84 79 9 -96 80 54 -78 -53 57 37 43 5 -90 86 -14 -79 -63 71 -10 61 -12 -14 41 52 48 -86 -97 75 -15 69 -42
98 -61 -56 19 92 12 -12 -51 69 -87 -58 -95 86 -99 23 -26 -63 15 -23 52 -34 37 77 23 -30 17 9 -82 -51 76 -86 -84 7 -100 17 -21 -61 -57 -12 -75 69 -14 -55 58 33 64 87 92 54 -85 68 -97 -44 -81 29 -93 84 31 80 -94 14 96 60 -71 4 -95 -10 -17 64 82 -90 -95 -51 20 -73 -91 -37 97 82 6 65 -92 -17 12 38 52 -39 -96 -25 65 -39 84 -68 -76 76 97 16 71 -66 -16 -58
-89 -19 -52 -38 -38 -84 -34 21 25 6 39 87 81 37 -15 -41 29 -4 -29 17 78 -65 -35 53 60 29 -25 -9 -12 -62 75 89 74 -89 -76 -49 51 -42 -99 63 77 -27 49 -85 81 -100 49 86 -89 40 98 39 -91 -28 -11 -67 -97 -56 64 68 20 90 57 7 -44 100 -45 89 94 -83 13 -58 -16 52 23 -56 -46 68 -29 75 41 8 62 27 53 74 -1 -30 44 -77 -22 98 9 -49 -3 91 -55 0 -14 -67 -92
-38 -2 73 65 96 -41 -31 41 70 99 1 55 88 83 -26 -89 77 40 -44 -14 -84 88 65 35 39 94 79 -57 -12 -87 91 -27 98 -85 -11 33 3 -52 -68 7 15 -20 -51 -73 -3 16 20 -89 65 3 -61 -77 94 -68 22 -60 -78 -61 29 -99 94 -64 7 -87 95 -75 -48 -1 85 -37 -31 -50 82 15 -14 -7 -29 79 -63 -90 -64 -24 -42 37 39 -32 -64 60 -36 92 -48 -88 -63 -86 13 -89 -86 -50 -53 -47 95
-39 -87 -27 -52 -79 67 11 4 54 -49 -15 -46 -14 88 29 75 49 -65 90 -94 61 -10 -64 -51 -16 89 21 -99 49 -78 -50 50 31 -71 -5 3 -16 -52 15 92 -76 -87 31 50 35 -85 -21 71 -29 -74 -86 -67 75 -59 -26 -51 87 -62 18 -27 -92 96 66 85 -91 -9 93 -16 62 -90 43 -86 -82 40 -72 73 -51 43 -40 -76 -98 -33 85 86 5 -87 45 72 -57 -22 95 -89 -62 93 -87 -100 -7 65 19 -98 64
-44 89 59 -56 -7 -65 53 -46 -59 -66 -60 74 86 21 -6 -70 -69 46 58 69 9 67 42 33 65 -44 86 30 10 -52 -13 100 39 97 55 63 98 38 5 4 54 -56 -23 29 72 55 57 -31 91 -19 41 -42 -48 67 67 10 75 80 51 -50 -57 -50 -93 -49 -9 26 90 -95 60 -58 -9 6 93 11 -95 -7 18 44 -60 -80 -23 -71 -16 18 -53 -32 -7 55 4 74 -20 -39 70 19 -91 -15 -89 52 -96 68 76
-57 -98 37 69 -43 63 -4 -75 -28 -54 72 -5 -74 45 26 -93 78 -33 33 -5 55 -56 63 -1 26 77 81 -76 34 -25 46 43 -80 -7 3 -5 -36 93 -86 9 -66 -84 -19 91 99 73 15 41 63 4 -32 76 40 -70 -40 56 9 14 -32 90 83 -78 -21 43 18 -27 35 -66 93 76 40 93 -45 -39 -70 58 -50 -85 -2 -86 -78 -86 -95 9 18 -93 -84 -60 100 92 73 84 42 -82 -67 -9 -59 57 21 -43 96
29 -71 -13 87 46 89 30 -1 34 -36 -78 15 -61 -24 -73 21 -84 -95 -66 99 -23 65 -73 -87 -6 57 3 80 24 36 96 19 -50 -23 32 -57 47 -93 -100 -6 79 -3 58 79 -63 -56 -94 -37 -83 -31 46 -51 -56 -80 79 95 -67 -48 6 -93 -47 -40 -51 89 48 42 -92 58 89 15 63 -57 84 -48 -97 -80 58 -73 40 -34 70 15 100 63 11 95 -5 54 -55 30 56 33 -83 -83 91 -96 -52 20 81 -55 97
88 -69 -95 85 82 -69 73 26 56 36 -34 -96 -24 -85 31 10 -23 -38 -1 -52 95 52 8 -22 74 72 50 69 67 90 96 -9 59 66 31 39 -28 37 1 -21 90 31 -13 -99 -22 4 -4 -34 -59 -5 -18 -21 -93 90 -48 20 86 -19 -78 43 -9 0 26 -15 -21 100 96 54 -67 28 71 -20 -17 -66 -96 36 27 33 -31 2 13 -28 -94 -72 -97 -55 -56 -41 72 6 41 8 48 35 -6 -60 1 -21 -68 -43 -95
54 21 44 84 -3 -71 16 28 -30 -24 -61 -20 49 27 31 -1 50 -10 94 67 -79 37 -87 -24 42 38 60 69 -95 -35 -7 -26 99 35 -98 54 -71 64 -35 18 44 8 92 -51 -2 -43 -67 69 17 91 -58 39 -6 67 -42 67 -43 -75 11 38 -76 -5 47 -25 -58 -100 23 89 -54 35 70 93 -1 -23 37 -88 5 19 -23 -57 45 -98 49 -18 -27 59 -9 -20 97 -79 -34 -89 18 -81 -95 -71 88 -88 86 74 51
41 -2 -82 73 -88 -3 13 -90 67 90 100 63 -31 -3 -22 -12 67 52 36 -98 38 -11 -69 17 31 -90 -22 -77 -18 -14 -18 -37 21 0 -62 97 81 -67 -55 74 80 -95 24 69 -47 -86 -65 65 47 -3 68 83 80 19 99 87 91 -62 -93 -49 22 -30 -77 -51 4 -44 -50 -5 41 -32 22 79 82 -39 -66 -49 78 -65 -69 82 -23 23 -55 82 -84 66 -21 27 -1 32 4 38 78 -62 25 38 -72 52 -48 61 -66
39 -35 23 -64 -42 70 78 -3 -31 -33 0 -12 -25 -4 50 -76 -82 -97 -73 6 -79 24 12 60 54 -89 -77 -19 -47 -63 -84 40 42 -55 29 -60 -99 24 78 79 61 70 100 -6 4 64 -17 -88 65 93 -95 46 -36 -31 -74 -83 19 51 97 83 -76 -22 42 92 81 -85 -25 69 -91 -85 -26 -57 -49 34 -17 -70 27 11 -33 48 69 -11 29 30 34 -14 -63 -47 -64 60 -5 4 -63 -35 -51 -6 -14 -38 69 82 -37
-7 -95 46 64 80 -48 60 7 50 66 -40 -75 43 98 96 -68 -43 -49 52 -24 -91 20 -10 74 22 7 -61 -3 -23 -33 -15 -37 -90 82 14 26 -56 -51 -76 90 17 -5 -72 -13 4 -39 -10 -14 -74 -70 84 -11 73 -42 -94 -33 17 60 -6 64 68 -25 -88 42 39 83 -84 -53 28 52 -20 -94 33 -94 -81 10 -50 -71 78 -38 19 -21 -54 6 3 52 -63 27 -29 -22 -30 45 16 -33 33 34 100 93 -72 50 7
78 -89 -24 42 5 -45 89 -14 23 -70 -3 18 39 -4 8 29 86 -95 32 16 -54 91 -32 67 11 -49 -52 -26 -31 7 60 -88 37 42 -44 93 -61 33 -3 -78 -68 -11 -10 -75 -39 62 68 70 33 -52 -44 -37 66 -85 80 18 -84 -25 -84 24 84 -32 75 -47 -86 64 -28 -22 92 -79 17 47 -59 -57 10 20 94 -78 -65 -75 51 -68 -40 -95 69 -57 -70 -70 4 73 25 0 -94 62 33 -22 82 -27 38 20 66
-63 -58 0 -5 -23 79 -57 -85 -78 -27 -88 -53 -49 -92 15 -33 98 95 27 71 48 91 54 -12 96 31 30 -12 -99 -26 -51 80 92 -20 -85 25 84 -91 92 95 -11 47 65 -37 33 47 85 36 75 -85 -21 39 43 -83 67 -66 17 -89 -44 19 69 -55 -40 2 -18 -5 20 9 -19 56 62 -59 72 48 -3 39 55 25 -30 -90 -64 69 -59 -32 17 -71 51 -61 -31 68 83 31 -22 7 -16 57 97 30 15 -83 -12
-24 -51 -76 81 -43 -33 -67 -82 -32 99 -92 33 -98 14 98 1 -97 -73 86 -85 77 -37 47 -90 59 3 44 100 9 12 -40 -97 94 -50 -34 -6 -95 -11 76 -72 40 -32 64 -83 75 -95 -92 -84 -28 30 -47 63 -72 -56 -2 0 -86 -48 -65 -98 -38 -21 -84 -49 59 -47 37 -33 12 57 74 -33 -75 55 -78 60 89 59 90 -91 95 20 -7 -95 94 -84 15 0 -28 -42 -32 -42 -58 -1 -83 -65 -15 93 1 -44 3
-2 0 3 76 30 -51 19 36 75 -7 -32 56 -67 -13 91 -43 96 83 -63 -21 50 -25 -9 -82 -21 51 -53 98 -72 53 43 -98 -70 -82 -95 1 96 0 91 6 7 -73 84 -96 -41 94 -13 52 -79 -51 -95 -45 18 57 -53 80 -67 -58 -52 24 -98 59 57 45 -93 -51 40 47 -6 58 61 82 -92 -40 -99 100 -53 6 65 25 48 63 -14 -33 -83 55 65 -56 75 53 10 85 -23 -78 -33 -50 12 -13 70 -1 30
-50 -3 -100 85 33 -23 -88 -67 -75 63 -38 72 -30 -22 83 82 -51 67 -16 74 -82 -88 44 86 -11 45 -99 -47 -93 -31 -9 93 -21 52 -91 -88 -81 5 50 48 0 -27 -64 -4 0 -52 7 63 -52 47 26 99 75 -17 26 -97 44 50 94 -93 -32 -83 54 -86 -56 -98 -27 -16 -97 -4 78 17 0 -20 -51 -57 76 64 70 -5 -41 -17 69 64 78 -61 9 -40 64 66 -35 89 43 96 -56 -17 -100 61 2 -87 -56
-37 -59 -67 75 66 83 87 20 -84 -50 -55 -72 77 79 -13 37 -97 37 -56 17 -34 -56 -63 -86 42 17 -32 -26 -55 24 -17 -37 94 -41 85 24 -31 96 91 34 51 79 -25 63 -88 -83 -95 32 60 74 -31 -14 -33 -12 -13 -16 -76 44 -71 75 50 -40 16 44 90 23 47 32 -28 -32 -24 -37 -10 -82 -62 -74 92 -60 98 20 93 75 -95 45 -93 -25 -35 -90 -2 -85 -44 -93 39 66 80 -4 58 -58 -96 69 5
62 57 -75 16 62 -75 -42 -56 -64 23 -89 5 -84 -9 -50 41 -75 69 -90 -8 -20 -90 61 -70 22 82 8 -23 69 10 23 -72 -30 -11 28 4 -94 81 85 40 -98 12 55 11 -47 -40 -34 -20 -73 94 -78 51 57 -65 -65 73 24 -38 -23 4 49 -17 -41 16 -14 -2 18 75 -66 41 -94 10 -100 -58 -38 -18 6 28 -38 82 8 -12 13 -17 66 44 6 82 60 -58 -74 73 -38 63 -1 -31 96 79 -73 -14 -62
18 95 -3 94 -18 57 -1 97 39 -12 -94 -52 -17 44 28 -59 100 66 67 23 -14 36 47 88 69 -71 34 -99 63 -18 -17 89 32 -27 -25 -40 -91 33 69 -36 63 19 -29 -88 9 4 24 39 -39 -1 25 93 44 -87 -64 33 -34 -45 -43 26 -9 51 79 70 -87 94 -22 -2 78 -59 -48 -1 43 22 -44 46 -54 7 -16 -9 10 -66 -44 17 61 -35 12 13 -53 73 54 30 100 42 -10 -99 83 94 99 -60 -26
-14 -97 -14 -74 52 -46 15 56 -14 82 70 -23 5 47 57 1 -74 19 37 75 -56 92 32 -48 -7 -99 37 -89 87 36 -95 -16 -82 96 -48 -70 89 -70 -7 -64 98 -57 -6 -75 82 65 -72 -52 -65 46 -33 80 44 40 8 -11 -9 39 87 52 -52 -48 24 97 -64 3 -81 75 -66 69 -48 -66 18 6 -27 22 48 -51 38 -94 5 9 -4 99 -47 92 58 85 5 13 -31 -30 19 39 76 84 -15 35 53 10 -83
