-46 32 48 62 -47 -71 -76 6 96 -88 -59 -53 54 78 -59 81 -36 -94 -13 -80 57 -100 93 59 46 89 -58 95 7 -90 -98 27 -17 87 -88 -69 -58 5 69 -23 -81 83 59 -77 -8 -64 33 -93 92 2 93 -54 97 -90 0 2 -36 -94 73 80 55 13 51 -35 -5 22 38 -11 67 63 15 63 29 -71 -46 -3 2 91 -52 -42 -84 55 -98 -47 42 56 -80 -93 -81 11 56 -44 25 -24 93 57 -63 23 -14 24 7
71 88 -34 -85 76 -68 -16 -1 -8 21 30 -48 -10 57 45 -31 -81 -84 51 -70 56 -36 -9 33 -14 54 -79 -34 -9 -43 23 19 45 19 -16 -62 -33 12 24 -64 -46 -46 -71 50 25 -77 72 84 -67 -92 -70 -83 -3 -82 77 -34 -76 88 -13 52 -7 -85 -91 71 67 -60 31 9 -98 3 3 63 -88 -58 82 31 -41 75 -62 85 41 -39 -12 24 -98 53 -59 -72 -14 -58 -2 8 -5 97 -52 -10 95 62 -48 -41 42
11 51 -81 -88 46 89 -92 91 -24 65 -33 -80 -31 -47 -95 23 -76 -7 24 -29 -21 29 -64 54 -38 -29 86 -31 -50 -4 -33 -66 73 85 36 -20 10 69 -62 72 40 4 -22 83 16 -21 71 79 73 0 -88 32 50 46 94 100 -60 -24 88 -26 19 59 51 73 -61 -52 53 -77 -21 77 -78 20 69 -84 -7 25 43 42 94 -92 91 39 74 -63 8 -97 -83 35 41 -53 -2 19 -49 12 96 -94 -5 64 -29 46 -68
-90 -41 -46 -70 -66 -16 -5 -58 79 43 51 19 -92 -43 -73 68 4 -16 80 -33 98 51 -70 87 -9 62 -92 75 -56 -54 64 -1 66 -79 9 32 63 52 28 -89 37 29 80 69 10 -5 36 64 -49 -33 -13 32 12 -57 -6 -79 86 93 -18 72 45 52 -23 31 -54 -51 -45 -69 -52 41 -41 18 18 -86 -48 21 89 -71 67 -25 79 89 -63 94 72 -2 90 100 24 -80 19 51 -12 -51 -92 88 68 46 -54 91 68
22 71 -71 -55 95 5 -15 -1 46 -44 20 -43 91 -43 -38 72 -49 88 -44 39 36 -90 96 92 80 -13 22 25 -55 -75 -3 31 -59 -94 24 23 33 -3 -52 29 -40 -9 -8 3 -20 76 81 -47 62 -79 43 69 57 -33 -62 -15 -17 30 -26 -1 -17 -85 60 -67 -27 75 46 -40 -36 -66 25 94 85 -19 -95 4 -90 -99 -31 -14 87 75 -42 -21 65 98 -56 98 49 -21 93 -88 -59 -98 14 -53 -48 -55 -56 59 36
21 46 54 30 44 44 50 90 -27 34 1 38 -94 -42 15 30 3 13 25 51 -81 -43 25 -56 49 49 34 -49 -44 65 -47 -68 28 17 -6 74 -60 96 -59 0 52 30 44 1 -86 66 68 5 30 64 85 -94 85 39 56 34 90 33 74 91 -48 50 -48 -37 -22 -32 -98 82 1 88 -10 42 -97 69 -23 -5 6 91 -87 46 -33 -65 96 -49 -83 37 86 9 2 -58 -19 66 -95 57 -27 -14 29 -1 -27 1 -69
-85 -18 -43 -8 -73 10 -28 -54 20 8 -15 49 63 71 82 -14 74 -33 85 99 79 -49 -92 -15 61 -73 3 24 -13 -33 -71 -42 58 38 70 -1 50 42 85 56 31 -38 -97 -45 -32 22 90 -68 7 11 -40 -44 -40 31 71 83 73 -71 -78 2 -9 -22 -11 43 -98 -81 -91 35 88 -2 -67 12 76 -90 -92 -75 2 91 85 -76 -77 -24 56 -11 74 34 72 60 -64 81 93 -23 -22 -24 24 59 73 -19 -15 47 -96
16 -52 18 -93 30 -16 50 10 -41 -53 -41 91 49 -18 12 2 47 -87 -84 -4 -91 -69 -33 93 87 -23 97 34 87 47 -23 97 -39 50 79 -55 -54 -57 22 46 86 -21 -75 99 31 64 32 5 -10 -72 11 28 17 -46 49 -60 98 7 99 -78 -83 48 65 -92 -22 -32 52 -10 -13 42 -83 -89 29 -57 -4 63 -83 56 -33 -40 74 35 -37 -85 -57 -63 -38 -6 28 45 88 -65 74 -74 -84 43 14 -69 -2 -53 14
87 -22 56 -69 51 -69 18 38 -19 -8 -60 -21 26 -39 -4 -77 -7 12 -95 92 -21 54 -96 -75 17 8 -94 53 -53 72 -78 17 4 28 63 -59 -46 -22 57 67 -60 58 33 -18 55 -17 -78 -80 -13 -48 78 -20 5 -75 13 -26 -71 41 -49 73 58 1 -32 -2 61 -63 29 37 -22 100 66 -17 -28 67 86 -78 -14 -38 12 -69 4 -16 -3 91 -48 -70 80 -91 -96 -31 77 2 -66 15 7 -84 -73 64 67 15 55
-54 43 -6 67 59 19 -87 77 -4 -49 57 97 28 16 62 -59 14 85 58 63 -84 39 -11 93 -52 91 58 93 36 89 -32 72 -43 86 9 28 -87 34 80 65 1 23 -56 -5 44 -18 65 13 46 85 30 21 -24 -19 2 95 17 -88 -76 -69 85 -2 -56 -18 -18 -7 68 16 24 -79 -94 49 -63 -43 54 14 -58 36 -70 -81 -58 -24 -52 76 19 -49 79 44 -68 -86 94 88 -64 -93 -80 42 -16 -12 -94 -5 -50
-19 -61 87 61 79 -17 69 -90 -92 64 64 -30 6 66 13 -44 -95 0 -34 -46 20 -1 87 -86 57 23 40 53 -36 -4 53 89 -76 0 -89 -12 -3 -31 77 -27 -89 12 -50 21 55 -24 -26 -38 99 -15 13 58 -34 57 -65 70 -3 9 -90 -34 69 53 -37 -94 -83 11 2 11 -86 12 -7 34 76 -97 10 100 92 -64 -9 -80 -52 86 84 91 55 -32 23 36 32 32 30 77 82 -23 96 -70 34 -90 100 -89 -27
-41 76 -15 -36 94 -90 -78 65 -27 -97 -14 -100 -56 -73 64 -17 -62 5 -77 -84 -28 -72 1 -61 86 86 44 -21 -97 46 -41 -49 -72 9 87 93 -94 -6 -99 -99 35 -21 36 -48 -16 -1 78 48 71 42 58 97 -45 -72 66 55 47 -11 80 58 1 -86 -85 18 61 4 17 -84 65 -23 49 78 -97 27 17 39 -2 -86 33 -32 -63 89 -44 21 6 59 84 -11 -77 25 98 61 -89 -7 69 22 -11 52 17 38 4
-14 -28 51 94 27 -99 -14 -100 -66 96 -95 44 66 -85 44 84 70 -57 25 61 17 -98 -40 -74 -44 97 84 -36 5 -3 -30 -56 -43 67 96 -29 -28 94 -51 0 94 94 -71 -83 5 1 58 -48 -29 2 -62 -76 -69 -61 90 5 63 -15 -21 1 95 -86 -52 -31 83 100 49 52 -73 61 -60 -5 -33 19 -90 -66 -44 94 16 -45 59 -54 -50 69 -84 34 -14 79 -45 -53 -58 84 -5 -29 9 -86 25 -21 -61 -96 62
48 -30 46 -81 -60 -53 -67 73 -90 13 13 5 -98 75 -95 -99 -56 3 24 38 -68 42 -71 -62 -98 77 61 34 -21 45 89 -51 -71 19 55 16 0 84 34 -46 57 57 34 -52 -88 9 -64 -22 25 24 -34 3 -98 28 31 31 52 78 -36 90 18 -16 34 18 -80 30 71 37 7 51 -2 -99 76 -79 -15 96 75 -49 82 58 79 -30 -80 88 -74 59 0 -67 95 -88 -33 82 -1 74 -78 -60 -72 1 -51 30 -68
-79 -92 -33 21 -64 64 -51 -86 38 -82 -7 -73 10 -46 12 17 22 -27 35 32 -56 -85 -12 -6 4 -16 63 -23 -37 67 -60 -41 -96 -62 -10 57 -67 -85 26 -38 -100 -18 95 3 -38 -69 30 -47 -4 72 -99 45 34 93 59 94 14 -59 -59 -96 -40 -65 -85 81 -8 4 -29 76 98 -93 73 -35 -15 -73 -74 94 -37 -68 -52 44 -50 -93 -50 31 72 -71 -23 64 -37 89 -17 9 52 31 -12 2 -12 41 -6 -80 -5
65 92 -78 83 36 81 47 -56 0 33 -30 25 -29 46 4 77 -37 69 -84 48 -40 -43 45 -17 -88 91 46 96 -87 -65 75 64 -17 -42 15 -82 -19 -64 -22 55 35 72 76 14 70 60 -42 -27 -21 -37 61 33 11 39 -48 -73 68 6 -33 -29 -12 -86 18 61 16 29 -81 30 -81 -68 -22 31 -26 87 -21 67 -78 12 -96 -13 25 21 -33 34 -8 26 -79 -89 -51 16 15 -21 -43 -41 -76 29 -96 46 -68 -4 29
87 -20 -6 -77 13 -35 90 22 73 -77 43 99 48 -5 -17 -97 -81 57 -80 1 33 86 -99 -21 -26 2 -14 -5 -89 59 -89 -39 -36 61 -86 -31 -4 27 55 2 -15 26 -59 71 -98 -10 2 11 -99 49 -43 79 67 -95 35 98 26 -52 38 -85 66 6 -91 -93 86 7 -79 -50 -79 0 -27 -48 22 83 -62 49 -77 21 -26 -67 -23 -56 -98 -9 55 -46 -100 22 53 93 -41 -23 46 -100 42 41 -43 65 39 82 -45
24 -62 -45 52 -16 22 76 61 26 33 90 48 20 16 -45 -16 96 -33 31 62 -56 29 -38 -82 -67 -4 -74 45 -75 67 16 -76 97 98 -44 -25 -55 -82 7 100 -62 -1 -5 -11 87 9 90 82 12 -1 -28 -54 -98 40 -30 78 47 -63 -4 4 68 -66 83 72 -14 90 -59 59 8 54 48 35 82 -97 12 9 -86 -7 -48 -3 -44 -11 -67 70 2 31 86 93 -45 38 13 60 91 4 -57 9 -50 -98 -92 -54 61
20 72 53 67 6 41 -21 -17 -93 0 1 -65 43 -7 42 6 -62 92 62 -100 -100 26 -73 -27 -15 100 -29 28 72 -95 -76 -53 -69 30 -79 -67 -42 57 4 -43 -81 -42 91 15 -28 47 -48 -41 -61 -99 71 -22 -73 -83 5 57 -43 96 25 -74 -62 -83 94 32 -5 25 -57 99 -40 -51 77 50 -76 -73 -79 46 88 79 -19 -30 -54 19 99 62 8 -19 -56 76 -52 85 -40 -93 6 -7 -86 5 48 -34 -93 -31 66
59 -75 87 77 -89 7 -45 100 83 25 92 4 -55 -30 1 79 12 -63 -30 -91 49 -13 -64 -97 66 98 0 -36 -5 78 97 -92 -38 95 85 -40 -37 -70 -52 89 73 44 -93 -99 -26 46 55 -64 -20 5 89 -35 32 -88 -74 -70 -55 -31 -55 68 -19 -81 -39 -52 -63 22 53 81 -59 -43 -5 2 70 33 -80 72 -34 5 -31 55 -16 -83 43 12 43 20 66 100 52 38 -46 87 -87 -3 36 76 27 -33 -36 -12 -85
-14 67 61 83 73 91 -35 -57 -21 23 17 -32 9 -17 -8 0 -58 90 -4 93 -70 5 98 -25 30 34 -31 83 34 -6 78 32 -14 24 42 26 -84 -75 -38 -54 -29 -3 93 13 73 47 92 -97 -85 -94 -18 -11 31 64 2 -82 58 -26 -62 11 6 -95 7 93 -50 -61 0 84 50 100 -64 -100 -47 25 -27 87 -83 92 -64 59 98 -8 -50 22 37 58 16 32 16 24 96 -88 -89 58 -50 13 -30 54 42 -72 -42
-76 -38 1 -19 62 -83 97 85 33 -18 79 47 41 -23 -32 -65 6 -65 86 86 57 66 -35 -9 -44 7 -83 -76 98 95 -36 -49 -81 13 96 -30 -50 -73 -100 -15 4 76 32 63 6 -63 1 35 -68 35 -55 11 100 77 -37 19 -56 87 -41 12 69 -12 66 -93 30 -57 21 13 11 -76 36 17 -22 52 73 -87 -22 -14 -56 1 53 42 36 -1 85 -100 86 85 65 34 96 -77 -90 -41 98 5 -89 19 -13 78 54
89 -80 80 49 33 35 72 -77 9 12 -41 91 44 -4 -60 76 -62 21 -20 50 -84 40 -53 13 47 -92 66 89 -60 -72 -81 50 -45 10 -99 48 -31 25 51 -10 -58 79 59 -24 -55 27 93 -42 -46 71 -11 -83 57 70 -75 11 -57 -77 48 -54 -45 -83 -73 -74 -75 -47 7 -45 -79 -52 -80 -83 61 -53 -85 -2 -40 -70 38 -56 97 50 -60 -16 9 86 -70 -46 11 34 -99 29 -42 -79 -49 64 -75 -40 76 72 -33
-71 -83 48 94 52 -77 95 90 94 93 65 72 0 -100 70 17 -65 79 -62 -69 69 -99 -89 64 12 14 -33 48 10 -72 71 0 -21 66 -33 -64 -18 93 22 -51 -55 -46 57 5 -56 94 17 -26 -91 76 -5 -34 0 55 -64 25 3 5 74 -94 -96 62 78 -21 22 -83 -7 80 98 -59 25 -98 -30 43 35 71 31 -47 72 -66 -18 31 -70 96 3 97 -32 96 -84 53 -53 59 -7 -42 55 31 -40 14 -1 18 28
17 -25 -80 -83 68 43 76 -46 81 36 -7 -84 58 61 -12 -83 34 97 87 99 17 -53 21 39 -40 -80 -93 -46 53 8 27 90 31 67 -76 -34 90 -16 49 -80 -30 55 -29 66 -74 16 -89 56 48 89 -25 6 62 37 94 4 30 -40 -11 61 0 66 -44 -88 68 -12 -23 -51 -24 1 36 68 87 24 69 58 25 22 -80 -93 48 -84 -10 -77 77 -79 -1 83 -42 -38 -10 -95 -53 74 2 -5 -84 72 79 19 -23
-13 74 -58 33 8 -3 -68 50 90 52 69 -55 -60 -95 -73 -61 23 80 -25 -22 66 53 -77 34 -80 -47 -16 -14 -38 68 -26 51 -2 93 12 56 46 -76 53 -25 16 -46 26 100 -11 52 3 -27 -97 31 -26 9 -86 84 27 -54 -81 92 48 -56 37 72 -89 36 -60 -81 -37 86 74 -97 88 73 -25 43 67 100 47 36 -11 18 -41 -5 -13 -53 -2 54 84 -98 8 11 78 -43 -64 -9 14 39 80 -72 49 -85 -33
40 -50 -19 -92 76 64 10 -76 -8 10 6 87 -76 93 16 46 -67 8 -30 93 12 -17 22 -77 -74 -75 -34 55 32 -88 -1 -100 15 52 35 28 -54 44 -22 -86 -29 -15 15 62 -64 -79 -35 -91 -19 30 -28 31 70 70 76 57 -61 31 -84 3 63 -34 -74 87 -57 89 -11 -15 -52 9 -44 -10 -26 95 -85 62 -17 -76 -76 -67 -44 56 62 10 14 53 68 -55 -36 -73 98 71 42 -16 -66 64 -31 -74 32 -78 -79
69 -54 63 28 -71 29 97 -29 -63 -26 37 -18 -59 -57 -98 83 57 -70 -62 48 88 75 23 -98 46 68 47 -72 -98 -12 31 18 -95 68 29 43 -24 -76 -71 71 53 87 61 -59 16 -78 -57 67 64 -39 -74 -58 -69 -44 44 67 27 -49 0 -19 -8 8 -12 -28 70 59 -64 -32 42 49 -8 -80 -44 68 -17 42 74 9 30 97 -18 -99 65 -42 77 61 -26 56 84 13 25 15 26 89 -66 -16 -72 -40 20 17 74
-89 -30 45 -87 56 56 -63 49 -73 -51 -85 89 63 -15 -1 29 5 -72 98 54 -30 -100 78 30 95 -72 -32 56 -74 -85 71 63 13 78 -8 -47 -71 -76 80 -64 -59 -59 -92 2 59 -51 12 23 -45 -44 -89 -54 49 -72 39 -27 60 -73 86 86 81 -98 25 -88 58 74 51 43 -37 71 -19 20 29 49 18 19 -60 76 76 58 -1 -47 26 19 -46 84 -59 -34 20 32 -84 47 -99 13 -21 -66 -45 -89 63 -49 7
-3 -37 -16 -80 -3 -84 -65 46 33 80 28 -16 22 -11 29 63 32 -42 41 59 37 48 -61 -26 5 0 -98 22 -3 -45 46 -25 -15 -10 -99 -46 -87 27 -32 41 -24 25 19 -33 -90 -61 -39 28 -94 51 20 68 81 -47 -41 6 -93 -15 87 18 -23 99 -41 17 68 0 -25 -34 -37 99 43 79 -74 -55 42 -22 66 35 -97 28 -89 -6 -33 -71 76 43 21 -28 -61 45 85 34 -5 -73 -18 -63 -27 -70 60 53 4
76 86 -49 -38 82 -94 46 57 -94 38 89 26 58 -74 60 42 -78 -11 -3 -72 83 -93 4 -68 28 -63 6 -49 97 -16 -39 98 -72 14 43 60 51 -9 29 -26 -57 9 34 -57 35 33 74 -82 53 32 -74 -12 -72 -54 30 -76 82 19 -3 -2 68 -2 88 100 46 48 -20 -29 -52 76 -34 -74 -90 -100 -86 83 84 33 74 48 -5 54 -9 12 -58 -93 -52 59 -95 -47 99 83 32 -52 -99 11 60 -14 -95 17 -45
-39 -24 51 -95 -80 70 -44 17 100 12 -67 -20 -62 68 -14 -73 -47 87 46 -7 91 -14 62 -48 -83 -10 -80 -70 11 -30 -23 9 95 26 -36 -83 -96 -70 -42 -9 -79 50 95 -14 1 30 43 -49 -5 61 86 24 48 58 71 2 -47 -80 47 61 88 54 -1 71 -100 73 -43 -39 -10 92 -99 56 -52 -40 94 70 85 33 -49 -80 -36 20 -78 7 -32 64 85 -51 26 -92 75 15 -99 -75 -81 -83 38 82 -52 -69 37
-50 17 45 -7 60 -55 -38 23 55 -81 52 9 -61 -27 -59 -99 -34 91 21 55 -56 -21 -58 71 -26 52 7 84 -67 57 10 43 -19 -98 6 -80 1 -97 70 67 0 98 -58 13 -4 72 -57 -53 -64 90 -37 -71 14 -32 -49 -36 64 99 -98 39 -66 42 -1 -42 69 71 -72 69 75 72 -84 93 -99 82 42 82 -55 -8 -31 -22 -74 10 87 -46 81 -32 57 -34 -11 -70 -85 100 -14 -7 -31 31 -46 -85 23 53 -3
-45 51 -2 77 77 -53 -36 98 47 -32 100 24 8 62 -25 10 -43 5 -46 72 80 4 42 14 30 -10 -37 4 -35 43 -1 91 -65 -92 47 -38 -72 -36 -64 31 -10 -56 8 55 -34 -48 9 -10 -99 -97 -51 48 -68 -23 -36 96 84 47 11 -68 -30 20 -91 -75 -93 59 -45 -2 -2 -5 -90 -60 -73 -21 -19 99 -88 -17 78 99 55 -59 56 -25 -30 44 -18 36 -24 -84 -66 29 96 59 36 61 -32 -59 70 72 -41
-36 -73 -100 93 -20 -62 -78 -57 -41 -12 36 -11 62 -4 31 5 25 41 -71 -93 95 -50 -83 37 63 67 97 42 58 -27 82 -86 17 25 -33 -49 68 79 33 -98 -2 28 11 52 -28 -97 -46 37 -21 -67 92 -10 -13 69 40 -77 62 39 -97 2 18 -58 -88 -60 -99 -62 13 -16 65 -2 60 -58 -30 -47 -75 73 -83 13 73 25 88 29 79 -31 39 63 -1 -32 88 19 90 6 46 7 -96 -48 -36 -28 68 93 -98
1 -62 -89 80 -78 75 5 45 -84 52 -63 65 82 21 99 -36 68 -78 19 -69 85 -6 72 -38 92 -22 74 -31 38 -89 16 4 -19 -50 -48 10 78 35 -50 -61 95 -87 -91 -43 0 8 80 39 -78 -62 97 28 -6 -19 -25 -34 -38 76 25 20 -79 13 22 70 50 -38 43 0 26 90 41 15 84 99 -19 -27 6 5 76 73 -95 -4 33 5 -35 19 -29 25 -81 70 17 100 84 -81 -16 86 16 79 -71 67 69
12 -74 26 -88 21 82 -58 -73 27 31 35 6 -71 81 -17 84 -66 51 -70 -96 78 57 26 78 -36 92 48 62 43 4 -12 -60 -25 -14 88 18 -2 -56 3 54 32 48 -8 -72 44 83 -25 34 -77 61 22 -9 -47 -86 -75 -38 74 58 -91 -38 25 65 2 36 57 -56 16 -75 90 -96 -2 -33 -49 -50 -51 79 22 64 29 7 -14 37 14 69 -52 4 -82 -93 -41 12 56 74 15 -51 -93 50 -71 54 -89 -55 9
7 14 76 48 -78 2 33 42 85 38 74 -34 8 -28 37 -21 78 -30 42 29 -24 60 6 -35 -84 22 -65 20 45 57 -21 37 -46 78 -15 73 23 -60 25 78 -45 8 53 -98 -60 -24 -91 98 78 -72 24 -39 72 93 97 -43 -36 41 38 11 -45 -63 -62 5 -75 34 92 61 76 35 -2 20 -91 -24 -11 79 59 -24 -6 6 -6 36 -93 -34 -64 -65 -42 -37 64 -2 70 -76 -31 77 -42 -15 -47 -20 41 100 94
65 48 61 90 -78 58 -62 38 -46 30 36 -75 -46 -44 -93 -12 95 82 -77 48 -54 -70 22 2 26 -20 -32 -3 60 5 98 69 91 -47 -20 100 11 -37 73 81 -85 0 54 -42 77 -87 -65 -61 35 55 58 21 -2 -59 53 -41 -98 60 -97 -23 32 28 34 -80 45 -4 -26 22 26 44 -75 21 -46 -34 68 -48 -65 10 -57 -86 -43 -36 -19 53 82 39 95 2 10 -94 38 33 92 -57 -22 -43 8 16 67 -5 -13
54 -53 -37 17 78 -75 21 -54 79 52 -24 19 43 73 -73 35 64 68 -57 82 85 26 -30 -27 -48 -29 -68 40 -61 -55 -9 14 -82 -100 -7 84 99 19 27 -100 53 12 -43 63 73 16 92 25 49 -35 -58 41 -60 -31 21 -26 72 -27 73 -33 14 69 -97 -21 15 31 -95 90 -76 -23 -50 -41 -18 -34 -43 -91 54 69 88 34 19 32 52 3 61 -72 92 43 98 82 2 -71 -96 -11 95 -74 89 -26 98 -45 -8
-14 -74 98 85 -66 -95 -11 -45 -80 98 35 -76 90 -65 88 51 -80 27 -72 3 -28 -89 9 -4 -97 69 -8 80 62 -28 -2 -81 41 89 99 81 60 -50 -12 55 -84 -73 31 -98 -33 -64 42 -50 97 -48 31 41 -49 51 -41 75 91 51 -33 82 -5 45 -44 68 -30 -1 -21 71 11 52 -7 3 91 -53 -89 43 -46 -55 -59 -85 -35 26 38 -33 58 88 -46 -23 -43 -38 29 11 25 -35 -39 81 30 -21 60 61 -83
-94 -14 39 -47 -62 -97 3 85 17 75 42 35 20 69 -78 55 19 -44 19 59 -43 91 21 36 93 80 -71 98 12 9 71 -47 -34 -2 63 -85 -13 13 4 -46 62 54 66 13 14 -79 -71 66 12 72 38 47 -47 36 81 79 59 -7 10 9 51 78 -18 -23 64 -63 -46 52 -42 -40 -39 6 78 -81 48 18 23 38 -79 -38 7 -21 -64 76 35 -74 -48 -6 -24 -36 64 41 -65 -90 26 -53 -13 -8 -36 -59 -97
-53 -83 -42 -56 -58 -52 74 51 76 58 67 50 -100 75 50 40 0 96 93 42 -92 72 70 -92 72 83 99 80 -17 13 70 -35 74 99 33 30 -76 -76 -97 17 -12 47 -71 -73 -84 50 -65 87 32 39 -31 92 47 57 72 82 96 52 100 7 -7 -31 -17 8 76 -73 -94 15 -98 -91 -99 4 -78 55 -5 -44 37 47 -50 29 17 -90 -31 -23 -34 54 2 -64 5 -76 22 62 62 -8 68 -43 -52 10 -11 59 -33
74 -45 -56 91 34 -20 46 -24 10 32 -77 -6 11 -34 73 -36 -40 -37 -91 -54 39 84 -19 0 21 -1 -60 -40 -53 -51 -57 52 38 79 25 73 59 81 66 84 -33 -36 22 92 -48 -49 92 33 -46 89 75 -33 2 -92 34 52 28 -33 -92 64 -16 -98 11 -69 95 2 27 98 16 24 -51 -46 76 50 -77 21 67 -55 -88 -48 -42 51 68 -7 61 54 -94 -96 82 -5 -40 -89 4 68 -51 27 94 -26 -11 53 97
-30 -74 75 65 -60 74 -33 -49 -41 23 4 -97 98 40 2 69 47 -83 -32 -24 86 57 -82 -39 -95 80 -83 81 36 60 -14 10 27 53 -9 35 -37 -18 -34 58 -22 -30 -50 82 100 -87 -59 79 65 8 -77 -62 -17 -95 -8 85 -97 77 -66 41 -8 -86 88 -51 40 62 -85 94 -47 -77 72 95 73 -41 24 -82 -7 -5 -59 -17 -36 91 -34 -91 -57 38 18 -70 68 12 -32 -99 27 94 -52 30 -26 29 19 -79 -55
-47 -34 -29 -27 46 -96 -25 33 -75 12 73 -6 -13 -9 82 -21 -77 14 2 22 -94 -73 6 8 89 -81 75 -89 -65 -28 -31 58 29 0 -2 1 50 10 88 -11 -63 41 -47 44 45 76 39 -98 -98 -6 99 -76 -84 -2 -9 -37 -4 -97 -81 -1 89 -79 -50 62 72 74 90 -95 -28 -14 1 -64 -11 33 -85 73 -41 -84 -85 -78 -89 -85 -31 98 62 31 48 81 89 -38 60 0 97 -41 47 82 7 71 25 -9 -37
-88 69 -27 70 -55 -13 20 -87 -6 55 -65 39 -94 -75 -58 60 28 -79 -35 -33 -93 62 23 -68 -11 71 -71 81 25 51 -71 11 86 21 -32 -57 34 -33 -92 76 21 -10 -23 49 99 41 -90 -6 90 82 -86 -89 20 11 41 21 64 -68 -77 56 47 -78 36 52 57 -45 47 42 37 53 17 75 22 -43 30 6 -39 19 95 -84 -54 68 61 -90 -63 -56 62 73 -54 -94 -32 -49 84 -57 -36 -83 35 -38 -76 3 -92
42 90 -38 94 92 -36 4 -1 61 67 93 -43 -71 -75 50 74 -92 31 -13 -91 -92 -2 -49 -43 -84 31 -2 61 -63 86 -37 6 -85 -48 73 25 -49 49 41 -19 32 1 41 66 49 63 32 24 31 53 -59 -87 -19 65 9 56 -15 74 85 20 8 80 -57 -80 -44 15 36 -61 78 -41 -71 75 64 44 -86 -36 95 10 -39 86 -54 89 -59 90 41 13 -40 -43 73 59 52 -84 53 -94 -69 -32 -100 -81 -89 3 24
-4 60 5 -89 -30 91 8 10 -13 31 67 78 -42 -14 -49 34 -87 7 -30 86 92 -69 -60 -77 62 -44 95 -60 -9 -51 -74 -30 -62 92 69 -20 48 43 30 15 -50 49 -88 -77 -29 13 52 55 -21 40 -95 12 89 78 -24 95 -80 -40 -93 -62 -8 -24 58 61 84 -82 17 -30 -64 60 -17 32 16 43 81 84 -76 -31 -71 -1 -32 28 -9 10 4 95 -89 33 96 -82 -31 11 -10 -16 -53 -29 -3 87 50 59 -40
-1 61 34 75 8 48 80 -7 93 100 0 69 -22 17 46 1 -98 3 91 -4 66 33 26 -42 45 -32 22 -97 -49 -60 -48 -34 -4 -50 -65 30 77 27 -90 57 47 14 -11 55 57 10 23 -87 28 -50 -78 -38 -49 -23 -68 61 -68 -4 -4 -9 67 -7 97 -39 -94 -89 -13 46 -21 -65 45 39 10 15 -9 -23 -14 -90 49 -8 52 38 -78 69 67 -82 -9 -15 -16 -60 -4 89 -7 -72 -55 -9 53 63 -62 58 -20
-11 99 -87 3 66 -30 -90 27 10 -77 -65 24 33 -63 24 21 -3 3 -62 -23 0 -75 99 97 -25 -66 -52 31 93 49 14 3 4 -61 30 43 -71 -82 13 -6 23 -14 -15 -11 -92 88 -66 -41 -64 -73 38 2 61 -97 25 1 -35 -89 -1 -15 76 -28 97 -1 83 -40 84 -60 38 -82 17 -65 -68 80 0 54 32 91 63 -34 61 -43 95 -81 -23 -16 41 -5 65 87 65 72 -88 92 -52 -46 7 92 77 68 -100
-76 81 24 72 -59 -4 -52 19 45 -57 -82 -69 -26 -49 15 29 35 7 24 -90 33 -27 98 -47 -82 -73 11 -25 64 -91 -6 -7 -23 -17 72 -93 57 -62 78 51 -17 47 6 56 -49 11 -49 -21 77 18 -44 -6 -21 96 57 -42 -49 -48 -16 -29 -55 78 58 53 -59 -49 17 75 -23 -34 -63 61 -38 -11 24 -16 -15 41 -13 29 17 -26 -2 -25 -9 74 -19 -83 -94 66 -51 74 -50 88 55 88 -27 -49 -72 -13 -98
7 97 26 -34 -26 66 -59 36 -46 16 80 -52 -3 -55 48 42 95 -24 -29 -49 -75 49 36 -73 -39 -66 93 75 56 50 31 -2 35 -45 8 90 -66 -33 -18 -44 54 -38 -26 -61 12 64 -52 -12 -76 4 36 -41 -33 50 53 -27 -94 -91 75 -19 42 12 -25 80 -59 10 -63 -10 -47 50 47 -80 -12 -37 97 -92 -17 -37 6 27 -82 -20 -22 76 -19 81 -100 39 -71 0 7 85 -14 -55 20 -71 -100 33 -48 96 -66
-15 75 -32 25 64 56 68 45 55 -62 -47 -32 49 -79 61 68 -68 -67 28 -66 59 -21 44 -52 -86 -48 15 89 -5 -52 5 19 -23 -30 -64 0 69 -71 64 -100 47 -82 -72 -5 -12 32 58 -13 -10 68 84 -1 2 71 62 11 -4 45 2 -55 71 79 -10 -95 -75 -50 60 -58 -31 17 -94 1 67 -26 55 53 77 46 -95 70 5 -79 72 10 100 21 30 37 84 43 -1 -70 36 -78 63 81 42 -24 -83 -40 33
32 41 20 -24 80 -73 -47 -67 80 -78 5 -6 85 14 39 37 54 -3 58 -46 -49 -21 89 49 51 76 34 -7 -17 47 -82 15 67 72 8 -58 -47 -43 73 63 -95 79 96 47 75 52 -46 -14 3 13 12 -7 76 -55 86 63 25 -57 -15 -55 -36 22 33 -24 13 37 -71 99 74 15 -80 67 50 79 -7 34 54 61 47 -100 -5 21 59 -44 -11 -24 -91 39 13 -40 5 1 -67 -23 22 -51 -83 36 9 -27 -63
-31 64 79 -37 -12 25 -24 12 -23 -44 -63 -50 94 -93 -28 92 1 -19 -25 -1 54 29 74 90 -84 39 -55 -75 -84 62 34 -68 45 68 92 21 -67 -77 -67 66 -6 -18 46 89 -7 -30 15 43 95 -94 -50 47 78 -13 86 85 -16 -47 -100 83 14 -47 75 -76 -56 -59 -2 -88 -43 -30 47 -50 76 -80 -99 22 59 -60 -16 -80 -60 15 8 38 87 81 93 -76 24 -11 -88 86 -88 -12 -63 35 -20 -55 -1 -83 30
34 21 -15 -47 -65 95 -13 35 94 -63 67 -37 -77 -62 -41 49 17 -54 -55 -47 -42 76 66 48 -90 -69 7 73 -59 7 56 -100 -43 97 81 -65 5 -42 -23 -11 -16 56 10 -93 29 -75 89 -95 29 46 98 -95 92 -48 -66 -15 50 -73 19 -88 18 -36 89 -36 -85 -21 41 -30 -45 29 58 -14 98 99 -53 -2 21 68 -5 -8 -7 4 -93 96 66 -26 -11 -96 -82 -77 5 55 50 0 99 -90 -14 63 -21 22 63
8 32 -8 70 -18 -37 -45 -17 -18 93 7 -84 -10 -22 38 23 -98 48 53 99 57 -24 13 71 59 42 -13 -2 -5 -72 33 61 19 -70 70 25 47 25 64 83 8 -99 -42 81 34 0 78 74 54 92 81 56 60 97 -63 -96 -14 -39 35 -63 6 12 -72 -10 -17 47 -82 99 -5 64 56 -46 35 -46 -95 58 64 35 74 -91 -43 68 -27 51 -98 14 19 -19 87 -46 85 -32 95 -28 -49 58 44 53 -53 -2 93
2 92 1 93 8 -52 -75 -88 -30 -50 60 58 -50 -54 3 -24 -88 14 93 -42 -72 42 94 3 -69 31 -68 78 -25 -12 -38 89 -86 83 21 76 -27 73 73 -70 -71 40 -16 -18 84 -73 -65 -79 31 -47 3 -19 -59 -21 -86 55 68 22 56 -71 -68 59 4 -10 88 -9 -100 87 -49 -26 -7 -66 2 -98 98 -65 -91 -100 -66 -62 -90 67 -12 -96 -44 54 4 57 82 -88 87 -19 -34 -38 -59 -46 -72 51 -81 -61 -93
-83 -89 -45 50 57 3 69 -73 -91 -92 -79 21 -100 82 -35 -83 -61 44 19 2 94 23 -3 82 -99 96 -29 2 -36 -79 -63 -88 57 72 -79 -65 45 18 63 -84 25 27 -96 -90 -55 34 52 35 -42 -15 -33 45 100 -81 -40 13 -55 -10 -40 -23 -62 -96 -96 9 -72 24 -29 -98 50 -65 20 -46 26 46 98 -52 -85 -47 -6 -90 -42 -39 -77 -21 -4 77 20 -95 8 -3 -19 -29 88 25 99 20 56 -63 81 11 75
-9 -17 -70 42 76 15 -37 9 46 -3 -67 -45 -44 10 -11 -53 -1 3 -73 -21 -52 25 92 -26 31 -92 -60 -65 -76 -11 -28 -64 -9 5 -39 48 -19 -14 93 -67 -30 -6 7 44 66 -72 -53 9 7 24 83 78 -17 1 -16 2 -66 98 78 47 -25 -86 79 12 -79 -50 -7 81 -38 30 42 70 93 -11 -15 -6 -93 63 -37 49 -59 20 -84 -47 25 -43 18 72 36 -48 -91 -23 8 92 -14 -5 27 -74 98 -83 71
51 -45 -10 -30 50 83 -5 -82 15 -75 83 47 3 70 -41 -35 83 76 74 41 75 -32 -31 -65 3 -63 -51 -23 -45 -18 87 -32 45 -5 39 -13 72 -14 13 28 90 -36 79 30 29 -29 -99 68 89 38 -15 -47 70 83 -94 -71 8 -79 48 12 47 17 -98 0 2 94 -42 2 24 -100 70 -15 50 -72 -22 92 -99 -75 60 0 87 -5 -82 41 -38 5 28 90 12 -46 -72 15 -89 -84 73 -27 95 57 27 -45 5
57 63 85 4 50 -36 74 33 100 100 39 -8 74 75 -77 -56 80 10 -27 72 94 71 56 -88 25 -83 85 -32 -50 85 35 40 23 77 -8 44 32 91 -36 70 -24 82 6 -10 90 -43 -92 68 -25 11 21 -22 -100 -87 13 -46 -38 -55 -18 0 92 -41 -80 -35 87 -18 -62 -77 58 -97 -83 -17 -12 72 -33 13 90 30 36 84 -16 -71 -23 -18 -62 -73 -24 47 -34 -87 56 92 -36 -80 -12 19 64 76 -67 68 -99
-55 -56 -1 93 20 -38 -14 60 51 -64 -41 62 -59 25 40 -83 -41 -90 -1 3 67 60 0 67 95 -29 62 78 -85 -12 98 50 -84 96 81 -65 -98 83 -13 5 98 -89 -51 -62 -16 58 91 -100 -58 -40 75 38 -76 92 29 8 95 -93 36 68 11 16 97 -24 -62 87 -37 -74 44 -75 -30 -11 -33 42 -96 -5 -7 -84 64 -86 5 -69 -42 27 11 -88 31 25 -14 -3 93 71 1 87 -94 48 -25 -3 19 52 -97
-38 -6 11 12 -43 63 16 76 -79 40 -98 25 100 -17 91 7 17 74 -62 -1 84 -10 42 89 89 -5 50 48 -59 -88 86 52 81 57 71 -79 -9 -94 -16 32 -91 56 95 9 -92 42 74 96 95 -21 66 86 1 -12 93 13 67 22 -27 25 -78 96 -95 35 -88 -39 -40 93 -70 88 -24 -8 -86 -83 -77 -68 15 26 -44 62 -91 38 -29 9 47 -23 30 40 -57 32 15 -23 -80 70 45 42 -97 58 99 -94 11
65 48 36 60 -67 -56 26 98 78 27 77 8 53 -61 -86 -76 67 23 -68 -34 50 68 90 94 10 29 -18 3 40 9 22 99 62 74 -53 93 -73 -66 94 -78 33 -34 -38 93 23 77 -34 -65 -96 67 -51 78 -83 -39 -58 -57 60 -83 0 -86 -37 57 17 -92 92 97 -65 100 31 -46 -76 88 -32 100 -57 -27 -38 -95 -17 -47 43 0 27 94 -96 -10 -53 68 -8 10 60 -86 56 86 -92 -49 4 -33 -38 38 27
7 54 -35 53 36 -92 87 -42 51 61 72 51 -9 -7 93 -36 89 -62 14 -55 52 -57 15 -34 55 39 -62 -58 -31 32 -94 -37 86 6 -12 10 -72 -16 67 5 55 87 -65 -73 -3 -14 -41 -48 -100 -73 48 -33 -14 -13 -89 -91 84 54 -80 72 70 65 29 65 64 -83 65 39 -52 -44 6 -59 71 35 -98 -72 23 84 5 -91 46 -20 -74 36 3 83 -47 31 -49 69 -53 -55 -11 84 -15 74 -43 83 -37 -82 27
-59 81 81 71 71 91 40 91 65 62 29 42 -19 2 -56 -20 65 -54 42 -33 -25 89 16 81 57 46 67 50 -44 97 -28 -41 -69 -71 19 -25 73 98 -28 8 -90 -43 52 -20 -24 14 68 -30 -75 -69 81 -56 -50 -22 -44 -90 -3 -78 22 0 -54 20 -16 5 61 -53 -33 0 87 11 -42 48 42 10 85 40 -64 15 -5 -2 88 41 83 86 -74 -44 14 -20 -71 17 11 83 -84 -17 -55 -80 87 67 74 -35 44
-23 64 -97 -20 -7 -24 73 21 -57 -22 -67 -1 6 -12 -17 -34 -81 68 -16 91 60 -7 -49 74 50 51 -89 -10 12 -92 -30 44 72 91 -17 -61 1 -100 100 -32 -92 30 81 30 -13 -47 -79 -55 2 -53 28 58 17 90 -18 33 -65 -59 79 -17 0 -88 83 82 -9 -29 35 89 64 89 -23 -84 65 -95 -69 40 -58 -27 59 -63 -82 32 -52 -94 -51 93 87 17 -81 -48 77 11 20 45 -56 2 18 80 -65 -17 -69
-35 49 -65 -63 19 87 94 -95 12 -27 18 99 -76 73 40 -83 57 29 1 -42 -9 -42 -53 68 -64 -52 73 53 3 24 -96 44 -30 -38 -24 -41 49 66 36 -21 9 -18 13 22 -16 -36 100 4 38 76 82 -76 0 -61 -55 -40 55 6 50 -50 -63 -87 53 -85 27 -79 -87 84 0 21 59 -64 96 -80 31 92 -84 -28 -20 -52 -90 -67 58 27 34 0 87 -11 30 5 -68 -30 -73 33 78 -84 -7 70 74 52 85
54 -59 9 94 5 -45 -41 92 -94 -87 61 65 -53 100 -25 -16 -75 -80 -54 -96 4 25 84 95 48 -80 -68 -10 56 -49 -93 -79 -42 -58 -100 87 -41 -34 58 77 -42 30 -77 -28 -89 23 -8 82 -57 57 40 96 68 -49 47 37 -10 27 -61 -17 2 24 13 86 74 58 -24 -69 -83 14 28 45 12 -3 50 58 59 -12 83 -47 -50 91 -8 -11 -73 -48 54 -39 52 16 -91 34 83 -27 75 87 85 12 -36 17 -8
-1 -34 -59 -64 40 -100 -33 22 4 58 46 -42 91 -67 -62 -51 89 93 -46 37 82 -29 10 -94 -62 -80 -87 -23 -87 23 75 -58 46 -22 72 61 84 92 18 43 -66 60 44 47 16 70 -92 -69 57 -18 73 51 -65 -48 24 -87 53 -78 59 46 -78 41 -28 65 63 34 -61 13 -83 -1 12 92 -41 62 62 99 -16 -27 52 -69 -59 -86 81 -19 -84 -91 13 6 -26 -88 83 0 63 -17 -64 34 -35 -7 48 -46 -18
26 -19 -95 -72 -89 63 -38 18 -51 -75 57 45 -88 -80 48 60 -16 30 61 -58 83 56 27 -63 -20 -15 66 56 -29 -54 -32 84 52 -80 100 10 -86 -78 61 -56 -35 94 54 58 -81 -99 63 87 -69 -7 -94 -33 -4 -97 -88 -86 -80 32 -29 -24 -26 33 93 52 -3 32 72 -29 31 -36 88 -68 88 -9 -50 46 -96 -42 14 -25 51 80 -41 -51 -15 -9 -2 64 14 43 91 68 98 77 12 93 -75 53 -60 81 59
2 96 51 28 -8 -50 -17 78 -3 99 -62 87 82 -69 40 -61 42 25 -49 -63 85 -80 32 78 -93 -7 -38 -14 100 51 -18 48 80 91 -66 -42 63 1 99 72 61 10 90 81 -33 -89 100 -63 -77 3 -65 0 -56 39 -85 -68 85 14 -12 -58 29 8 -46 -80 76 -2 17 87 -56 -1 -70 -16 7 73 -96 94 69 86 4 40 22 -24 -66 -17 33 -17 15 1 96 7 -91 -13 80 -29 -36 65 -76 61 -12 -60 -26
11 28 9 42 64 -27 -82 71 -96 -68 -53 18 -76 60 -43 50 83 77 28 -16 51 -21 -100 -64 -24 25 -68 49 25 -87 37 38 10 49 -53 22 -8 -79 68 24 97 67 -58 48 11 0 -31 84 -30 -23 97 -68 58 30 44 51 -33 88 -95 30 18 18 72 -4 71 26 -27 -11 -56 85 -97 -78 70 -34 -36 -30 100 -31 37 29 -18 -30 57 50 62 -90 58 -98 24 41 41 -96 48 95 57 80 41 65 -81 6 66
-22 -53 -78 -9 27 49 -56 91 -19 -12 -84 -20 97 -73 -67 41 -81 -54 73 25 34 98 -59 -23 -73 18 -25 94 -24 73 -49 4 6 9 -11 63 -8 -14 51 -73 -21 11 -8 13 -64 -3 -9 -39 -53 -73 44 -85 -32 -58 -48 -63 -59 78 -23 -31 -39 10 -11 -22 29 80 -33 37 -74 74 -89 9 -92 76 4 36 40 54 -65 -84 -24 74 -98 8 -81 65 15 -4 -70 91 79 100 -22 -90 -55 54 -91 -98 -4 48 -32
78 54 -1 3 18 -76 -50 -24 -37 -31 54 13 -98 77 16 54 87 7 42 -23 -76 66 90 24 -81 61 -43 28 -59 14 9 22 -32 13 58 30 -20 59 -90 -22 -46 -44 -37 92 82 -1 100 -64 93 66 -68 -74 20 -80 -13 95 -32 -77 63 -17 66 66 -11 78 25 51 48 36 33 86 -89 -68 -99 82 57 -22 -28 -7 29 -30 -43 -84 -66 64 47 -40 99 -34 82 76 12 -71 -72 -75 -61 -94 96 10 63 22 46
43 41 -21 -58 -29 -9 79 -98 -91 -49 71 -15 0 -66 63 16 -99 53 41 -35 -10 -34 -44 -62 74 23 64 -23 -27 -64 -20 -57 -42 -6 80 37 32 60 99 46 -76 -73 95 -35 -19 75 47 92 -36 -100 -33 -23 -54 100 -75 -50 29 -80 88 70 -16 -30 50 85 -81 -71 43 82 62 12 43 9 52 -72 28 85 -64 32 -7 -96 74 100 6 68 -84 58 -9 -67 57 25 50 49 63 -14 -17 -83 84 39 -21 -35 66
40 -4 35 -6 -29 79 -94 -55 -76 53 -7 79 77 23 5 53 86 -86 50 40 -20 -29 64 -26 53 -50 55 -53 42 29 -11 82 -76 0 -76 74 -96 -39 -75 -22 -84 38 22 7 -94 12 83 -87 -21 3 -15 6 90 -77 -52 79 45 14 75 -4 -10 36 58 42 55 -82 42 -56 24 32 -42 97 53 17 49 -96 84 80 -79 78 10 -77 -15 -86 80 -67 -55 -67 46 79 67 -67 -48 27 -49 -17 47 -23 92 -91 -84
-69 36 -87 26 -7 -2 8 -40 3 13 39 -2 50 33 -96 -11 -81 -38 -13 -23 -40 100 -38 74 55 -47 94 61 -94 -77 78 95 53 7 42 -42 83 -53 -43 90 -80 -31 86 60 39 91 -49 -75 40 -91 16 81 -30 2 48 -55 -11 -85 42 54 39 -35 -57 -24 -18 12 -17 53 6 -33 -51 -75 -92 6 -29 29 100 17 5 -37 5 59 -91 -14 73 46 -45 13 -30 -22 89 -43 -100 69 -13 67 78 -2 -68 -96 -60
-78 91 14 -59 75 -81 -9 -56 -41 81 44 -63 -12 -58 93 -3 93 -76 70 -76 35 57 -49 -58 -6 -34 -95 79 93 25 -38 -57 -82 78 70 78 38 87 9 -60 -65 -26 11 2 39 -84 99 -36 99 59 25 56 -67 44 68 84 62 -15 -24 -95 37 50 -80 51 11 -20 -82 46 68 -97 14 -72 87 -55 78 96 69 51 -67 80 18 45 79 43 62 73 100 -82 87 28 -23 54 95 -21 -37 50 90 -38 -51 -79 44
-36 11 11 -78 70 -16 -3 -43 17 -19 -52 -77 13 -51 60 61 -61 -43 56 -21 61 -33 67 39 -62 -7 16 30 -71 9 67 53 -44 95 -77 64 -45 93 -30 45 91 -9 39 13 -64 71 -33 -89 81 -3 -96 19 -29 95 89 61 70 -5 85 -47 61 -88 -66 93 -20 -52 44 11 -52 26 8 87 62 91 -60 -16 19 82 12 6 29 -51 -59 52 -21 1 -80 -62 -28 60 -61 69 -24 36 39 80 -99 -12 70 -6 -15
46 -60 -25 -12 -43 2 -63 69 19 -54 -9 40 74 98 34 -20 -98 62 37 45 4 51 64 21 20 72 -65 -48 49 -93 -46 -100 -28 -6 86 -28 -100 -43 -39 17 3 76 81 93 -36 38 98 -12 -12 -78 -20 -83 72 58 -64 71 59 34 -92 62 74 24 4 -17 -41 -22 34 39 -92 -30 18 -22 4 24 -37 -15 41 -53 -99 3 -31 -94 60 21 72 49 22 -22 11 -17 96 55 36 64 -51 61 -23 29 -16 -88 34
21 -26 44 65 47 -61 55 88 64 7 -68 -32 67 -59 27 -23 11 20 56 77 87 64 10 -77 45 44 73 50 -22 -4 -79 11 67 26 21 -79 -90 55 5 -47 -2 -47 -67 86 -78 -57 -73 -58 53 -90 -61 60 -92 89 -31 -38 15 75 -31 -33 -35 -32 -32 86 -47 -34 7 -59 97 89 -41 -1 45 -98 -97 71 -4 -62 -41 88 -79 -97 -7 -89 -45 71 22 50 -19 3 -50 10 0 -51 -15 7 13 -50 -52 14 9
-21 -24 -79 83 48 19 -71 -40 -91 -93 -79 65 53 48 80 42 7 97 -32 -64 71 -40 76 -83 9 21 72 -36 68 54 62 31 93 2 -96 50 3 -96 65 -80 45 68 -38 48 91 53 -70 -48 -100 93 30 4 -53 -72 -18 -94 51 -29 63 44 96 -52 -13 -17 -44 42 -14 20 70 -75 -69 29 -9 43 -51 5 -97 24 -79 55 86 3 57 37 -89 -29 -4 47 -14 31 53 88 82 -43 75 -35 51 -57 -15 -25 -53
-71 77 40 -5 38 -76 -85 69 73 -48 -56 81 -76 -25 -95 45 56 91 1 -29 62 57 53 52 59 -100 -32 79 -22 72 65 78 -94 -60 44 -89 -64 -11 -79 100 9 -47 28 26 75 83 40 59 40 -68 35 -24 69 -99 -50 -51 27 11 -5 -92 -42 28 -94 69 33 -34 -93 -74 94 -96 14 1 -9 7 59 -42 5 -12 -43 -28 -80 37 -90 83 60 71 -84 -87 -53 12 -93 -22 -9 38 89 86 17 -67 -42 -72 -70
84 70 -63 -11 -91 64 2 42 99 -13 -82 -91 -77 -53 -87 25 -17 80 33 57 -51 46 -42 53 -27 -92 75 59 79 69 -28 91 20 81 -25 2 58 59 88 -17 -44 4 -67 2 -23 55 -71 -65 -72 25 -96 64 32 29 79 -86 14 96 -43 -45 40 95 -75 91 75 -74 22 -3 -89 -63 43 68 10 83 -83 49 -73 -31 -78 -66 7 45 -26 95 -72 18 -80 -15 22 -97 100 70 99 41 49 -11 67 -28 55 55 -7
21 -21 88 -92 52 39 -13 -39 64 0 85 15 -10 -69 -11 -76 -79 -7 -80 -33 -76 19 61 2 -63 -51 88 -36 -11 -7 -26 -87 74 25 27 -80 -11 39 1 53 -98 -59 28 87 -62 -47 11 43 -58 -49 -5 -10 -64 89 -80 30 -96 -42 95 12 85 -16 -94 45 -63 57 -61 -32 10 16 -20 -49 -77 98 96 -46 62 89 99 -1 74 91 13 43 83 55 -22 -56 -29 100 -78 -94 3 -21 24 60 -44 -29 11 55 -81
-53 -53 -80 -30 -13 -51 -79 -95 63 -90 -44 23 75 63 -77 -10 73 -87 87 -42 1 -3 -95 -99 -63 -1 -97 71 59 -66 32 -27 -20 -13 0 36 96 5 -34 98 -52 -66 -26 -10 -4 92 -67 -93 -75 41 78 66 -71 -53 87 67 -96 59 19 87 -40 20 -29 -37 97 76 32 50 -79 75 5 27 25 -94 4 -80 15 -77 -52 -33 34 -83 -76 -89 -61 -28 -91 -99 84 -9 -13 17 -7 -70 25 48 72 -29 -77 -56 34
-60 98 2 90 66 0 -10 98 -55 -52 99 -56 -9 94 79 -52 -63 -22 85 -97 -61 52 73 29 99 59 -4 90 39 -72 64 93 -46 78 -83 15 -81 -52 -23 -72 -68 71 -86 66 -68 -82 60 -43 99 -53 9 97 -31 2 -12 -76 51 -50 76 -24 48 35 18 90 -86 11 62 -85 -83 -57 -41 -43 3 100 95 89 -76 26 -70 8 -22 57 -6 -91 43 15 -63 -80 -34 73 -88 19 21 -92 -16 80 -84 100 -16 0 -22
58 42 -7 -19 21 -60 32 46 -23 -80 -15 52 -5 -68 71 37 4 -12 71 29 44 -51 49 -17 -43 11 27 -13 -15 -92 -10 -12 52 -33 8 87 90 92 -8 79 -98 76 -59 80 82 44 -100 85 -68 33 -23 -45 36 47 51 -47 -45 32 20 84 22 -93 19 -81 15 54 -74 37 -43 -74 -89 -50 35 -26 -18 66 -97 76 85 -38 11 93 73 86 -12 -50 23 62 -85 80 79 98 -65 -63 46 -50 -14 -13 13 -47 -24
-68 76 -51 7 80 -13 -2 -79 63 17 -100 -67 94 -90 40 3 -44 64 -74 -72 42 -84 -18 33 74 -1 -100 15 65 90 -95 91 -77 50 -24 39 -96 91 9 66 1 -4 27 -85 -50 -15 21 -68 74 27 -83 -10 40 60 -99 -85 59 38 -56 67 -24 57 16 15 79 81 90 65 97 -100 17 -41 64 -13 89 -85 94 -4 99 25 83 -71 -66 -99 -33 47 67 5 62 -35 -68 5 61 -31 -36 43 54 -83 11 80 10
-19 -35 -61 -45 98 -82 17 15 -79 77 -63 68 -51 -100 -16 -17 -68 -75 -25 -29 -81 29 -24 24 -42 63 -68 37 -81 21 -32 -60 64 2 -80 88 -5 -88 100 -3 -39 98 24 -53 -47 88 36 30 77 -46 28 -30 65 6 20 4 -53 -31 -26 47 51 1 4 -99 44 62 -66 62 -64 47 -86 35 -20 -1 -33 -8 60 12 -36 -45 -62 -56 -5 86 37 50 -51 40 -2 -85 -78 -58 -78 -41 2 100 -45 -13 12 36 45
-97 39 -56 83 -95 25 -76 22 77 18 -58 83 -18 -93 100 53 -62 92 -49 -35 -99 -12 43 92 -24 -32 39 -57 -19 53 -60 46 -1 37 -67 54 -40 -15 67 -6 -45 32 75 17 -38 -16 -65 -56 76 27 68 10 -97 70 44 16 -97 73 -20 -15 -52 -45 -85 81 62 -82 93 58 -54 -26 29 -9 -27 -17 24 -51 -19 20 30 40 -40 76 -43 6 -57 43 -84 -22 26 96 88 65 53 43 10 95 -23 99 -10 40 -9
98 -70 54 -63 -49 -8 93 40 -7 76 -41 -73 56 -77 -22 90 -72 -3 -67 -89 -71 -75 -93 29 63 52 -49 71 -20 24 -22 -85 81 35 -6 -31 7 57 5 -55 33 -39 19 -32 8 33 -1 -53 12 -50 18 -43 14 -53 30 -56 -47 -78 -39 -16 -5 -87 13 3 -87 15 4 95 -27 80 77 -78 -74 -94 80 -27 76 81 -70 21 94 92 -67 43 62 13 94 87 95 40 39 -73 89 -13 77 81 -100 -33 21 -27 17
55 67 0 -82 0 -3 4 -21 3 6 9 31 -3 -68 85 -38 -9 -7 -8 -24 -74 39 51 -61 -8 72 96 48 11 -25 -40 23 -16 11 -34 44 -4 97 -73 95 41 -87 32 -38 -44 -70 -80 -95 95 35 -1 -12 68 0 39 -5 49 16 88 26 10 23 83 -86 51 -77 86 88 12 -84 -85 62 62 89 5 -18 25 50 -75 95 -48 -36 -24 55 58 55 61 1 -71 62 -27 49 -74 -18 29 -28 -30 -75 -61 -7 70
-41 -96 30 2 -94 2 -89 -30 89 -50 -97 -11 -10 73 75 11 -9 -17 -33 40 -35 69 48 -68 -8 -18 8 -69 -96 12 -36 -94 34 -19 -10 -5 43 -25 14 8 64 13 6 -72 -26 11 35 82 -77 48 92 -56 79 -42 37 -89 48 -34 70 6 99 60 -34 78 -79 32 -5 46 -56 -39 -88 1 -68 20 -20 8 -85 95 28 77 -43 61 -79 85 -88 -73 30 -48 73 -28 68 -44 -92 -98 85 -88 89 -7 -85 14 78
73 -16 13 -52 54 99 -9 87 -100 -58 77 -91 84 -93 -84 -35 -36 -70 -98 94 -68 33 -30 -63 -90 -81 78 -10 96 12 -96 25 -40 -3 41 43 -90 -33 40 91 -85 -31 -10 -81 -18 -91 -85 -78 21 3 69 18 -55 -56 -77 -44 -12 87 -59 -83 -48 -35 -94 78 -15 43 6 -88 -29 -98 -9 -79 -40 81 -19 -55 72 -65 30 -94 -72 24 45 -66 -30 58 -72 -98 -28 1 -95 -85 34 38 31 -3 92 -78 -2 57 -17
77 -16 42 -87 2 -78 -82 12 93 -75 52 -10 -75 -84 45 66 10 -30 -59 78 48 -1 94 13 -32 -34 -77 73 -22 92 -42 27 -43 73 -18 -60 -21 -85 72 -22 -2 -83 -75 -78 -18 77 -98 55 30 71 -94 -2 -89 85 -52 38 -25 -49 -51 -1 -69 -80 -96 -74 -44 -81 -95 -17 47 -18 16 20 100 -10 46 -51 -20 96 18 55 -32 -95 -14 62 10 -60 -36 92 44 -33 86 87 -62 55 -17 77 55 21 4 -25 -91
-32 -21 -67 -69 52 -47 67 -27 -9 5 92 2 39 55 83 30 -21 -21 -28 25 -14 5 -25 84 86 51 -69 45 15 -20 70 29 12 -78 -68 56 95 -71 56 -25 50 68 -99 -69 28 -26 -52 -14 -79 89 -12 9 54 -9 -45 74 -69 31 -81 52 -100 94 57 7 6 -8 52 89 -73 85 78 53 -95 1 -79 -83 80 32 99 -87 -62 33 -80 -96 52 28 -65 -26 17 -22 69 73 -84 -63 98 57 5 -18 62 -6 -41
