2.189132
0.813627
2.430943
-2.149713
-1.429954
-0.274367
-2.485043
3.630403
-1.364797
0.411029
0.481584
-0.219491
-0.404958
-2.564855
0.229954
-1.043816
-0.329838
-1.196314
0.260488
-0.816079
-1.002555
0.144619
-2.475476
-1.614905
-0.517581
2.227320
1.356087
0.311667
-0.390716
1.052355
-0.276767
1.014329
-1.237814
-4.708456
1.504216
3.769913
-3.054631
2.202001
-0.408181
-2.037056
0.962303
0.237077
2.160427
-1.771631
2.825540
0.748820
-1.266987
-0.435612
0.699150
1.714966
4.303636
1.887420
0.456857
-3.377500
1.168673
-1.103525
-0.497710
0.143647
-2.034504
0.880484
1.107640
-0.775769
-0.988268
-3.364885
1.686968
-2.396792
1.648252
-1.989617
2.641156
2.469159
1.079095
-1.883654
-2.953536
0.365768
-1.962663
-1.989053
0.340771
-3.063312
3.408982
-0.388099
1.798190
-1.615729
0.080834
2.697493
0.948538
-3.203932
-2.930303
-1.746556
-1.191154
-1.730020
1.505191
-0.639705
-3.601874
1.078601
-0.188813
-0.058917
1.736905
0.921596
1.137420
2.819871
