0.429309
-0.130602
1.087616
0.179588
-0.713181
0.450058
0.624265
-0.064923
-1.002506
0.485523
0.190836
-0.426611
0.572955
-0.667467
1.132219
1.197711
-1.001234
1.308059
-0.017985
1.453862
0.723191
-0.501075
-0.218068
0.930332
-0.346254
0.380017
-0.325049
-0.547903
0.015839
-0.777801
1.143953
0.339099
0.239330
0.130229
0.409848
-0.185802
0.218152
0.048779
-0.345378
0.690303
-0.537368
-0.625135
-0.113273
0.395520
0.414655
0.619302
0.220993
0.059725
-0.175197
0.430214
-0.344751
-0.797679
-0.113132
0.223124
-1.056323
0.008421
-0.319959
0.681162
1.278761
-0.071358
0.790725
-0.209887
1.521489
-0.177762
-0.155048
-0.653528
0.191337
1.155066
0.159573
0.114773
0.070672
0.108285
-0.360935
0.315806
0.086763
-0.139505
0.087077
-0.215975
-0.111898
0.008516
0.816763
0.527438
-0.969438
0.921251
-0.441336
0.552918
0.002278
0.821805
-0.729488
-0.631223
0.126354
0.151421
-0.229502
0.354755
0.189342
0.245210
0.807804
-0.610021
-0.232165
0.064695
