1.342687
1.185734
-0.414019
-0.036626
0.267530
-0.209376
1.862667
-0.279327
0.463314
-0.027191
-0.883026
-0.099594
-0.864197
0.361269
0.283525
0.714704
-0.381137
-1.267916
1.029142
0.426454
-0.561317
-0.176203
-0.204945
0.046245
-1.048138
0.227095
-0.456869
0.549964
0.714660
0.062305
0.282870
-0.071049
-0.470483
0.466457
-0.144297
-0.431899
-1.025541
-1.068895
0.053005
1.461640
0.271171
-1.387853
-3.220977
1.541924
-1.012316
-1.287873
-0.508378
-2.060062
-2.173344
1.207211
1.302921
0.201592
0.084848
1.108163
1.180842
-0.186624
-1.601923
-0.050751
0.093117
-1.632703
0.888901
-0.458224
0.329347
0.135169
1.942621
-0.457357
0.858593
-0.438455
-1.253533
-1.983888
-0.148979
-0.914087
0.674584
1.042452
1.364374
1.166808
-1.634345
0.749012
-0.166385
-0.802911
1.406636
-0.203262
-1.346197
1.044067
-0.591315
0.476129
-0.078355
-0.797325
-0.187931
-0.081439
0.822563
0.112394
-0.228152
1.539099
0.311477
0.579553
0.615860
0.540227
-0.073446
-0.315459
