0.421081
1.389463
-0.757205
0.777764
0.790239
0.421730
0.516840
-0.256728
-0.439237
0.437029
0.096871
-0.401123
0.251204
0.788765
-0.379645
-0.618307
-0.369379
-0.014858
-0.169670
-0.668501
0.828482
-0.729996
-1.157461
0.247995
-0.187030
-0.167565
-0.848745
0.608157
0.014485
0.433024
0.421065
-0.639670
-0.587146
0.048244
-0.647936
0.133768
-1.553882
-0.953649
0.133091
-0.065605
-0.180428
-0.035241
0.765914
1.451037
0.486759
0.994964
1.168641
-0.444114
0.196213
-0.425493
0.017851
-0.314093
0.132206
1.039929
0.702733
0.450322
0.166122
0.550627
0.198958
-0.648883
-0.645294
-0.115030
0.892065
-0.288581
1.167782
-0.687427
-0.406862
-1.156624
-0.236081
0.190668
1.323731
-0.298831
-0.514953
0.081438
0.512994
-0.740489
1.064847
0.059467
-0.112303
0.795552
-0.796414
0.142518
-0.609860
-0.867569
0.077062
0.937974
-0.410225
0.132066
0.159295
-0.520680
-0.179616
0.995937
0.774237
0.414441
0.486780
-0.260108
-0.410911
0.113652
0.233514
0.601418
