-0.036904
1.224110
-1.771789
1.188887
-0.656776
1.207308
-0.414027
-0.937855
1.027324
-2.430669
-0.509742
-0.756953
0.786402
-0.729398
-0.187613
0.598738
-1.060730
-1.740208
0.484362
-0.734078
0.510595
-0.676206
-2.566215
-0.726554
-1.706162
-0.184826
0.435840
-0.291731
0.179511
-0.807609
0.552826
-0.199108
2.461918
-1.644338
0.046116
-0.160866
-1.749308
-1.498262
0.685860
2.305096
-1.277376
-1.939121
-1.330557
2.098240
-1.680845
2.380209
-0.782920
0.783130
1.181427
0.748165
-1.709852
1.585030
-2.367736
-0.444835
-2.400519
1.853018
-1.045705
0.890020
-0.978020
1.979400
-1.054086
0.691576
0.715231
-0.364389
-0.951461
1.835465
-0.500679
1.758681
1.567227
-0.490640
-0.862998
1.013088
0.881514
-0.592000
0.574395
0.642168
-1.897267
-0.955341
2.065413
-0.925870
0.649453
-1.040786
-0.992914
-0.418751
-1.517271
-2.260130
-0.270116
1.305042
0.943253
-0.156398
-0.282946
-1.852538
-1.247096
-0.585102
-0.189386
1.110054
-0.464811
-0.930799
-1.822210
0.616992
