61 -29 -75 -11 86 -60 -48 -23 -66 -21 2 59 50 -74 77 -31 -28 -26 79 44 -80 -11 68 -37 -32 22 45 50 98 51 12 -20 4 -44 -66 6 9 -5 27 73 -15 19 -87 87 -43 -32 59 69 -64 18 -71 -84 1 82 29 94 -7 -22 -19 15 -18 -73 3 84 -86 -11 -54 -13 16 64 -63 50 -10 22 97 42 29 78 -7 -13 24 -45 -64 -91 -99 80 -57 48 17 9 -30 -84 43 -38 -97 -94 -95 -26 41 -52 -69
29 -92 -51 -24 -34 -82 -31 -14 97 57 84 8 -29 -17 -10 -95 -88 -56 -32 58 57 34 -39 17 -82 28 5 -41 57 27 95 -60 -21 78 -94 35 -57 -22 -64 -26 -5 31 -48 -27 57 3 65 -66 -40 78 84 -79 -92 30 57 84 -92 57 71 -77 96 -17 21 61 -7 50 97 58 47 94 83 -52 86 -24 -58 -19 -64 -72 -100 -69 90 -32 69 -7 78 43 -66 -61 92 11 32 -75 31 -58 -33 -69 66 -99 -1 2 -5
-94 -9 -39 -46 -85 -29 -78 -50 56 14 91 -89 71 52 62 24 -82 29 -37 -73 37 -64 43 80 -91 -66 -76 100 42 -17 12 -2 -22 -95 15 -25 12 -53 -39 86 80 19 -57 -99 33 19 -48 -42 -70 -7 24 -6 -86 -88 -69 -37 94 -12 -23 1 4 65 36 -55 -92 15 -21 -98 46 -100 -82 -99 -63 39 -98 -14 78 -12 -42 68 -44 -8 -58 -14 -97 45 79 89 99 66 -46 64 81 -89 -37 -100 -97 -97 -48 -3 64
14 73 -80 -52 29 -33 70 60 45 -64 -99 -33 6 -7 73 -98 -52 -23 -23 -70 55 -66 -88 -69 -93 73 94 -45 47 -2 -86 56 33 -90 -17 35 -33 77 -74 -49 86 81 29 48 -87 -62 60 -26 4 -71 -34 -39 -9 -24 -41 11 -21 -94 -48 29 19 99 83 -58 98 -17 30 23 1 -99 -53 28 96 6 85 17 5 57 90 97 -69 -96 -35 17 64 -40 -12 81 82 84 79 92 79 81 66 87 -34 -9 76 24 -43
-38 -50 -95 40 40 -18 -81 64 56 85 -11 12 -10 -72 -14 -10 34 -47 -40 -44 -7 -41 87 -85 20 61 -86 -44 -20 -5 94 24 -56 -40 -41 -69 -19 30 -80 -84 -18 33 8 -34 52 -72 77 -24 -34 -22 86 -21 61 -100 -33 89 -12 57 17 -16 64 26 -7 -34 -53 94 -91 56 53 -14 83 39 -78 -65 60 -77 99 0 92 44 -15 49 81 37 59 -63 -17 -94 87 -37 -12 -59 -51 2 47 78 -29 -34 98 -82 68
9 28 -64 -66 -45 -85 -35 4 -40 -77 -94 -73 68 14 -82 -95 74 6 41 36 -55 43 62 55 -79 18 60 98 38 71 -64 -20 -34 -75 -24 0 92 75 40 30 63 55 -3 -35 -83 -75 37 53 -29 -24 -7 26 58 -57 57 25 31 37 -99 -18 -97 47 90 -33 -3 -65 44 -53 -46 17 19 -58 -72 -91 -88 -82 18 41 -92 -6 -71 95 -33 -24 -89 -79 80 -100 5 -31 7 -8 -10 -19 -49 31 89 -85 -15 -20 -85
54 -29 -62 -27 35 -94 34 -55 25 21 59 -8 -25 72 95 20 -23 12 83 39 -86 73 -47 -17 96 46 -74 -56 79 73 11 88 -47 -70 92 80 -29 87 -55 -36 84 -51 -89 -27 92 5 -69 -40 -98 -10 -30 -61 71 -50 -76 7 -72 -77 -83 -61 -85 -78 45 60 75 49 -53 94 -38 -62 -63 -91 1 25 -8 -97 -49 83 -74 50 90 52 74 13 54 80 -97 27 -96 -13 -87 -24 -22 23 -16 72 58 -17 -88 53 96
-47 70 62 28 -3 -38 46 39 -65 85 84 -38 13 28 100 -49 41 35 48 -58 19 -18 34 -69 -57 13 -38 36 66 16 -8 -12 7 69 -81 -75 74 56 -8 26 -33 9 60 -68 -63 -19 85 -92 -14 -13 77 -83 -97 8 9 89 45 -66 87 97 -89 84 -12 5 71 53 -54 56 -28 -59 53 -10 55 -100 33 84 85 38 -94 79 -53 54 -10 11 -47 64 80 -27 9 -46 -51 95 37 28 94 44 85 -83 -13 -96 37
-92 1 37 56 12 92 49 -52 -18 -85 13 13 -9 58 -27 14 91 57 -18 32 -16 35 10 11 91 -40 -32 49 -1 -26 -16 -28 -44 26 -27 -66 -65 13 -54 -18 25 -86 -51 -79 90 86 55 -16 30 51 48 83 79 65 -67 -86 25 73 -39 72 53 20 -88 26 -46 70 28 -89 18 77 -15 -97 70 55 24 -66 -62 55 98 -83 88 16 26 -49 -100 38 60 96 89 36 -23 -34 -50 -10 12 -48 32 -39 -90 -27 -76
-91 -45 24 80 -68 -18 95 51 -90 51 -3 66 -33 -46 -90 29 -97 13 4 83 54 64 -70 42 14 25 55 92 22 68 15 54 26 -92 70 96 -38 -23 22 37 98 -86 21 -35 -35 92 35 -61 38 45 97 37 21 33 37 28 -41 -14 -61 -54 -88 -1 49 -57 -95 -19 80 81 84 1 29 -52 49 11 -70 -28 -52 17 95 75 43 53 13 36 -33 -24 58 88 -92 -99 56 10 37 54 99 96 -57 10 -68 -22 6
-95 -96 -31 59 -59 -77 -10 62 -66 8 -71 33 -92 20 -51 47 9 24 -82 -31 -25 -25 -88 -19 49 41 18 -73 58 48 79 -27 62 -64 52 -45 38 -68 94 -42 84 -42 -58 18 -39 56 66 20 -37 23 -1 -46 -1 63 79 95 52 45 -57 27 58 77 6 -97 10 -53 -42 -27 51 -93 9 18 -64 -87 -79 -10 8 74 70 88 -15 -60 55 59 25 4 -73 82 -41 12 52 -6 -12 -84 -65 88 81 61 -19 43 40
39 45 -47 69 -100 20 63 28 -32 -68 67 9 64 5 12 -20 -34 -2 -55 69 -89 -14 -56 42 -95 -78 78 -87 59 -77 -48 -50 -2 14 -92 52 -24 12 -80 -75 17 -13 96 53 -48 92 -15 21 -37 -62 -64 61 -75 -16 41 94 -99 90 4 -47 -52 83 27 16 -24 56 44 -49 -64 -82 48 86 -79 -18 -43 96 42 97 -43 -63 94 -39 -74 83 -11 98 10 -88 -46 -11 -30 49 -88 -18 -15 -5 -5 3 -96 75 21
29 9 -93 58 -70 89 -61 0 37 72 -45 -68 -79 6 99 -79 -78 -40 80 -88 88 -92 94 -85 -38 -69 -95 -36 95 20 -84 17 93 30 100 39 -45 -19 54 -44 49 67 -32 -80 -92 -89 53 50 -95 93 92 91 -80 72 -32 32 -16 -83 -39 15 82 -92 92 -43 83 -98 79 -75 -16 -24 86 98 -73 66 -44 79 -59 -90 -89 32 -40 53 -76 75 -62 10 47 89 58 59 -37 -60 2 36 -41 92 67 17 50 60 -69
-55 -31 -75 -81 -70 -98 82 -22 14 -72 94 29 -100 82 10 -59 -30 -47 -52 -9 34 64 -87 79 -38 -34 22 9 42 26 25 36 50 -11 -81 2 -84 11 56 -19 96 43 45 -58 57 26 -36 -63 -38 -80 19 94 -82 10 -75 11 -13 20 -46 -49 12 -100 87 89 23 45 -4 -35 -79 -63 -15 -5 2 94 -27 10 -34 -94 -74 18 -68 13 -4 66 -54 80 90 -89 90 6 -15 92 26 -39 -57 -67 -42 12 25 14 64
-54 -2 33 54 -84 69 46 -48 -52 -69 19 -96 8 52 83 20 -98 -83 57 15 -59 -3 74 -11 -78 36 -63 -75 -53 -62 2 83 90 50 38 -66 -41 -57 -78 71 66 -16 85 -91 -67 -33 -28 -24 78 74 -90 -6 -43 -23 66 -63 35 -54 56 -81 25 -86 11 4 95 30 10 -10 -4 75 68 8 3 19 -11 -39 -9 100 94 52 -82 63 78 -45 55 -54 -47 57 -11 51 -56 -11 -98 40 -100 -75 37 85 -13 5 7
46 -22 2 25 99 26 -44 -51 72 -18 37 50 -69 -26 42 -14 30 75 3 -86 24 87 55 -84 -22 2 -56 54 -8 39 71 29 99 -72 -98 54 -78 -97 66 -23 -88 25 -89 37 -39 -1 -16 1 -52 -92 -43 -90 10 18 -98 -54 14 -61 -22 78 41 -100 -7 52 24 -43 11 -13 70 -29 83 -51 18 -35 -51 69 77 -18 -87 -22 97 9 -33 26 -98 23 -4 16 -34 82 40 -91 67 -56 38 40 100 61 67 47 17
67 4 26 -30 78 7 2 -61 -61 -89 42 -34 14 71 6 -26 9 98 -33 -53 40 -89 -61 35 -29 -80 -71 -62 -95 -42 -20 -67 22 -64 -76 28 -68 22 51 -14 -8 -23 -81 -38 71 -12 -98 -18 -99 17 -31 -65 -82 -59 -20 41 25 100 53 38 50 -61 58 40 -38 -88 97 77 13 11 19 3 -65 12 -27 3 93 -62 -20 64 -77 -26 -56 -43 -98 -57 -53 -93 90 -65 -73 59 50 8 17 76 11 15 -92 -46 -87
15 -83 -77 -8 -89 39 -55 -61 -6 -13 1 -80 -52 -7 -47 -33 83 67 -80 -66 9 87 58 -36 10 -63 4 -69 38 29 73 82 74 -83 83 -19 58 15 99 -32 -48 -62 30 -23 4 -83 53 67 -39 -62 39 24 92 -52 -91 64 -15 16 37 19 69 -66 17 5 44 -57 -25 -20 34 -60 58 42 -42 -95 -57 -76 40 77 89 -23 97 92 -49 -12 42 0 -15 -73 91 63 37 77 7 74 44 -6 -54 68 -55 -44 31
29 5 3 68 84 -76 35 14 -77 -89 43 -54 73 1 56 89 97 -82 -66 45 65 -77 59 14 97 -94 81 -85 53 -31 -46 -45 -28 -50 46 -78 8 -54 -84 60 100 99 -73 -83 59 -76 57 17 5 49 53 -37 -46 37 99 -50 95 37 30 -80 46 91 -54 36 7 -38 -81 -46 -35 -76 -69 -71 3 75 -46 33 -93 59 50 -71 54 -55 28 61 66 -98 48 43 -83 43 -74 97 -88 30 -53 -32 72 -6 -1 76 19
-84 -67 16 -82 24 74 -24 26 -90 -45 98 -50 10 83 -38 -59 19 88 46 -53 66 -28 5 -11 -58 -99 -18 74 -43 20 -70 4 -32 -10 2 42 -29 47 -52 -82 68 83 37 -93 -13 -53 -56 92 12 -42 -80 -1 -40 -84 45 -83 27 19 37 -26 67 86 90 -87 -93 26 -43 -4 -78 100 -92 -59 87 8 43 -94 -88 36 -5 -63 8 30 54 -8 43 96 -64 34 -36 -54 -48 -81 14 -88 56 59 -86 85 -72 16 11
-54 24 -93 -57 -89 41 99 -23 -28 -96 -56 -70 -75 -71 36 -14 -37 18 94 99 78 -38 -23 87 37 29 76 -20 69 -4 -67 93 47 3 -83 -54 -60 -17 68 -2 -94 32 -42 -96 99 85 41 40 -25 -58 -9 7 31 51 -78 -58 -86 30 -85 83 -30 -62 0 -19 -89 84 -48 78 -39 -72 -48 -74 7 78 -71 -9 -86 -61 -38 -22 24 61 32 -100 -37 60 -24 90 78 61 -85 76 -32 -5 -84 -21 -22 78 -98 -100 -91
88 26 73 -41 -27 -28 -58 -70 -36 -56 26 -63 79 26 -43 -18 96 19 -19 -17 12 -59 35 38 -37 -35 -29 -22 -65 -85 20 -59 -58 34 13 16 -63 12 -4 -65 23 -66 11 95 -46 -25 64 30 31 -54 -85 -16 33 -88 13 -90 -50 89 -25 60 -76 -84 34 -13 19 13 -21 -21 36 -20 89 -45 -8 -95 88 18 49 18 16 0 4 77 30 94 -41 78 100 99 -45 -27 46 72 -55 -8 -69 64 -24 99 38 -18 5
-6 67 -66 34 58 -100 -13 -55 9 11 -8 48 -16 -43 -67 7 82 -51 75 -33 -51 -99 -73 -33 -61 -41 -63 -48 -33 86 -41 -70 -54 4 69 47 61 6 47 88 37 -46 -39 69 -7 95 66 -100 9 72 80 23 -41 59 -44 -49 -12 69 -95 -95 -51 -9 83 92 94 6 9 -68 -49 -59 99 -8 71 63 -77 -63 65 -92 18 15 -12 93 -96 -62 -70 -43 32 62 -61 -27 -36 -6 -37 2 -33 34 -35 -17 92 -91 21
53 6 58 -85 61 65 -58 -2 -5 -98 71 1 94 -91 99 68 -35 83 69 -74 -7 81 65 80 14 51 -76 -25 74 -34 -15 -55 81 50 -82 -77 71 5 39 -32 75 -57 -73 -5 -66 -17 90 7 -13 -72 -13 42 -24 -24 22 56 -19 78 -57 33 63 41 50 -88 -46 20 65 25 -27 62 -84 59 36 67 -62 51 4 -63 -57 -3 -89 -39 65 -6 -30 -41 -41 -87 65 71 64 17 96 93 -31 8 -71 -75 -43 64 31
82 36 -27 -99 16 -57 62 -53 -95 79 94 54 77 82 77 84 -47 -32 45 84 -87 -95 97 -98 67 93 26 99 85 -93 -76 39 -36 -98 45 -16 -3 -61 90 57 91 -48 73 -88 25 -76 57 1 -50 -95 -98 -48 -73 99 -23 -84 67 -1 -83 89 -99 50 84 55 -55 -72 48 -1 -97 1 -22 -82 -67 -66 69 -87 -61 44 87 29 -44 -59 -81 53 -57 37 40 -11 90 -31 73 -67 0 43 32 54 37 95 -44 -89 20
-39 -44 -24 44 24 -51 -70 -7 55 -51 11 -73 3 -8 23 -28 77 -62 -87 43 51 -84 46 26 -26 64 -10 87 -71 20 25 74 3 89 15 -49 6 39 -79 58 65 -14 -46 42 5 45 82 -31 6 -55 -78 37 21 -99 -76 -40 34 17 29 25 -30 0 -13 6 -65 69 61 -72 -55 28 78 -21 -20 -59 -8 -83 50 8 -59 -13 40 -26 -57 -66 13 21 46 29 -34 -74 -11 -96 50 15 77 -72 -24 -99 -77 -21 27
-19 14 10 32 54 13 83 90 -99 56 -63 0 -75 -58 -67 60 45 26 74 57 -24 -97 44 74 14 53 88 59 -85 48 38 -100 -29 -50 58 51 25 43 -87 59 -56 -58 -2 16 -6 48 -97 -99 2 -1 -6 -30 62 -75 14 15 76 87 85 88 -35 -18 38 -100 -7 74 -58 -38 2 85 -74 -61 -38 -15 -74 -17 54 28 14 70 -73 47 -25 -51 -20 90 -63 -57 -78 90 -89 41 20 22 53 -86 53 -70 17 45 2
-23 43 37 86 -61 85 98 -7 49 74 78 41 36 17 51 -14 -10 -67 -58 -87 19 -60 57 61 36 26 -75 -59 -74 -11 66 -60 -34 -88 -21 20 -52 -75 -52 -82 94 -100 31 -72 -20 89 -10 94 -80 77 -41 -30 91 8 61 -88 -55 80 23 92 -61 -80 71 86 68 -24 -15 39 66 98 -41 -72 54 -65 -6 -45 -45 49 52 53 27 27 10 71 42 -65 -18 85 -65 74 -96 62 41 -22 -40 -76 -99 36 70 -3 -62
-70 -64 -94 68 0 -92 -21 33 -32 23 52 -4 99 55 19 38 42 95 17 -62 -12 8 -84 76 47 39 -67 57 9 -78 -46 93 -43 81 -82 -70 -67 91 18 87 68 57 -79 -88 -50 69 -93 -28 36 -51 46 -67 -32 -34 -80 21 32 -81 80 -2 -19 64 -20 -30 95 59 91 -93 -73 -38 15 -10 54 -38 54 -29 81 66 -30 -9 -52 -55 19 17 -57 61 -47 -27 98 -46 29 -87 45 -90 -96 15 -72 3 -15 16 -53
-97 68 -28 -32 -11 2 83 29 88 -90 -83 -66 78 -43 68 -71 89 89 24 -10 61 68 -83 74 14 -26 59 -30 -73 66 -90 81 -14 83 -17 -72 -31 -43 42 -45 -78 -84 18 42 -78 -10 82 85 12 -91 23 26 34 -68 81 91 -10 -9 -65 -12 -74 -15 80 21 -50 29 -26 -51 84 4 77 -54 -48 -26 4 -48 10 16 96 3 -56 14 -43 -44 -15 38 -74 -48 10 45 58 43 -79 -85 -28 43 -13 -61 -87 65 73
13 3 -90 -26 -89 92 -94 67 74 91 56 -9 91 96 -5 81 85 2 53 -98 -8 -40 17 -93 28 58 34 66 32 3 -92 16 -11 59 61 -35 -9 58 -11 -47 -32 -98 -34 -37 -49 -41 29 41 -79 -55 -78 87 -63 23 59 13 57 -53 93 -96 49 53 55 80 23 -72 -26 -10 -99 -39 97 -92 65 -65 -87 73 -30 33 6 69 -44 56 51 -97 -72 38 37 10 8 78 -4 90 27 -27 -22 -45 -80 7 -77 -64 0
-41 28 33 31 34 -8 -61 27 -4 -27 76 42 14 -92 -57 9 -56 -81 57 78 3 71 1 68 -56 -43 -2 6 72 -5 17 5 98 56 -66 -70 62 -97 55 45 49 -98 -15 86 73 -29 48 99 37 -23 -17 -62 97 -62 -16 65 -93 -3 -89 25 -92 -84 -82 -21 49 -57 43 47 -51 26 -92 7 -56 -30 -75 3 49 43 -85 -90 -26 -93 -53 -30 66 -86 -91 100 -39 -20 84 -25 83 51 -38 93 8 -10 98 13 64
-84 13 -44 -49 82 -20 78 -30 -97 -7 -42 37 -32 14 -55 25 63 16 -99 44 -85 -79 26 56 77 47 96 59 66 -59 -86 88 55 31 72 92 9 -73 -22 33 19 -69 -61 -5 -93 -35 15 49 -70 -81 -71 5 62 -71 51 21 89 -16 90 -77 5 52 -62 71 11 98 26 5 64 87 67 51 37 -55 -59 95 100 -16 -99 85 22 81 87 17 -67 -82 51 -16 -96 -34 72 -24 -53 -44 58 9 -20 39 18 32 26
75 68 75 -80 80 -19 40 4 59 76 51 -47 55 19 45 -6 -90 -41 3 33 -83 -71 -99 -91 -7 93 -41 64 9 94 18 53 28 45 -79 -6 -32 48 -13 20 28 -76 -62 -7 -29 -73 80 -35 50 59 40 15 -75 45 7 26 -25 -53 100 -71 80 -38 80 -45 -40 71 -48 -32 -60 3 -89 -75 73 -84 68 64 -96 -26 5 42 13 -15 31 -37 14 -37 -27 -67 -59 97 5 -99 -21 85 63 25 36 -86 54 -41 -32
-63 -40 28 -86 70 -29 -32 71 99 -84 40 -70 -47 88 32 -22 -23 -72 -67 16 -45 20 -9 -78 69 -93 -78 46 -86 -3 -1 -3 -75 -83 9 10 -86 -50 38 21 36 73 -77 29 79 -73 -32 -41 53 -62 -45 38 -1 38 64 6 33 35 0 52 -53 34 -50 45 57 34 77 -30 50 4 -22 -75 73 -11 3 -41 75 18 95 19 76 28 -64 97 -72 -46 45 -1 18 -63 34 3 -36 57 94 57 24 -99 49 69 -9
-70 -98 87 66 29 -77 62 -52 83 14 -93 33 -1 9 -36 41 -86 71 93 -47 11 -45 33 79 -70 -79 9 -72 81 -74 11 -99 11 62 7 -99 89 82 10 -71 -88 84 -15 -18 -62 -9 -30 -68 -28 2 61 92 -8 -72 -12 -98 -96 51 -88 -34 -20 -57 49 20 -99 83 79 -65 -79 4 -34 -15 73 -67 -22 67 55 -51 42 -26 -38 29 62 5 -80 -5 -92 54 -93 63 -100 -65 -9 -15 -5 -61 46 -43 -51 -77 -73
-47 -39 -32 -39 -42 -2 -92 49 -3 2 -15 36 39 -32 54 57 13 -15 1 -65 70 82 -50 67 75 -40 85 83 33 59 -10 -18 24 -50 -48 94 34 25 -17 -29 4 1 13 -71 -26 34 -10 34 92 35 26 -11 -46 -9 -42 -99 -60 43 42 -53 66 -41 -42 -79 70 90 -36 -96 32 -57 -78 -28 61 -73 61 -18 16 3 88 -82 -29 -36 -58 -82 -15 79 6 -11 55 8 44 -35 98 -46 -17 -28 -46 -33 -69 52 48
-50 36 27 -89 -98 68 63 -19 100 -17 74 -14 -57 -65 32 -15 -91 -82 -25 41 -57 -46 41 62 98 -3 22 49 42 -43 63 -81 36 64 54 -75 52 41 -96 8 48 -1 -27 -81 -76 61 8 -16 -73 -81 81 51 24 -49 12 76 -74 -68 84 -68 -16 17 -91 -2 -76 85 14 100 14 -82 -39 1 8 -5 -62 94 -57 83 -82 26 41 -67 -18 -18 7 -49 -88 -62 43 -6 75 -17 75 14 15 23 68 34 52 93 9
-2 -94 -41 48 38 -48 -8 97 43 -48 -60 17 -57 -87 -89 -3 70 58 25 -9 4 1 -39 -77 92 -12 90 84 -30 43 85 -99 87 3 33 -38 85 18 -88 94 -80 -94 -43 72 -75 98 -34 -50 43 89 66 -10 2 -39 -59 17 -43 -65 -94 -9 -9 50 -85 -89 -90 -41 35 -39 30 2 -41 -65 37 22 71 -84 95 -18 4 23 93 36 -56 36 -42 34 -2 99 41 -55 69 -65 -37 89 -91 -41 -97 19 -15 3 -58
93 -39 44 17 -98 74 16 12 -17 -97 -42 38 40 -3 -54 -47 31 88 -97 72 84 55 -23 42 12 97 -5 30 -62 43 12 -55 -15 -96 84 23 -60 -79 -51 63 -89 3 85 16 29 -49 38 98 -52 -82 -53 48 8 0 4 -54 -76 -5 67 -33 22 -84 -72 97 -30 41 4 -72 4 55 -74 -30 -70 5 75 -55 -11 9 85 -24 -12 -34 -3 -43 -22 13 82 65 -60 43 89 -94 -88 29 -28 -25 -44 -41 69 54 80
22 77 -13 -90 73 -63 -69 -16 -51 -62 43 26 38 51 46 81 30 -99 89 90 -97 -20 22 -25 91 40 -40 -86 -84 -94 -47 57 -23 -35 93 -67 0 15 7 -11 55 63 4 -96 17 31 -81 -2 -35 15 -52 -1 41 -71 2 -21 -3 21 20 -95 -57 49 -7 27 -96 -22 -11 81 90 58 62 10 -92 38 -55 54 -70 1 47 -80 -15 -77 14 9 -87 -96 5 9 67 99 64 57 -60 84 -49 -72 -98 -96 68 -37 35
99 19 -65 35 16 -2 36 23 16 -84 -98 -32 -75 88 23 76 -89 -81 95 91 -31 67 55 -9 42 36 -91 -96 -51 -64 -55 -83 -24 21 32 -56 -23 -64 40 60 15 -46 66 52 80 29 -52 -39 -78 82 -36 6 -61 25 -13 83 -82 82 46 93 58 26 77 -62 -70 -60 82 36 -11 -91 50 -29 10 95 -78 -39 -48 -74 71 -23 -35 56 29 97 83 -27 13 -36 -29 -54 -7 -9 29 -11 -79 20 22 32 37 86 39
-44 -78 -37 59 -42 31 8 -90 -71 63 -45 96 -67 95 -70 43 -35 -4 59 81 51 18 34 -69 -64 85 0 -57 9 -56 -73 40 -97 77 -75 -62 -42 0 15 70 -72 -28 -35 26 -4 -73 -20 -43 63 -61 -67 -52 52 -48 87 -35 36 60 -26 -27 -57 23 2 -99 2 -84 28 -8 44 -83 -15 -50 98 29 65 -96 32 -74 69 79 97 -21 -35 -4 -78 53 -46 -55 45 -10 -71 -62 8 48 41 22 -19 -52 47 -34 80
-10 18 -91 23 91 -100 22 -35 -53 -12 14 -34 -44 73 -36 65 89 38 82 93 -1 -98 -92 56 4 15 13 32 71 82 -30 -64 -11 -61 -62 -31 10 75 38 -23 34 64 89 19 93 -10 76 -21 -94 10 60 28 64 -94 2 34 -75 63 87 27 18 -68 -84 -96 41 85 -59 -58 -35 -47 56 22 0 -91 48 86 -34 43 -49 -8 -75 19 49 -97 78 87 40 16 46 -87 -72 -7 23 -43 33 44 0 92 -52 -86 -30
23 3 37 68 78 59 88 38 -72 35 23 86 -82 65 25 40 45 4 93 78 -63 -90 79 -4 -89 -17 -85 -47 89 87 48 -95 76 71 45 -37 -96 -83 -46 32 3 -100 39 81 -22 6 64 -33 68 48 48 -43 -57 -35 -38 -43 -6 57 -86 69 11 19 -91 78 -93 -23 1 -15 -35 40 15 38 4 73 61 21 -91 -19 -99 -94 69 58 -66 -98 -84 81 -7 -78 -66 79 53 79 -49 7 -65 -16 84 70 76 -20 80
5 44 55 57 31 -68 29 -98 -12 68 -84 44 86 -31 -23 -99 -64 -25 -2 -27 -58 91 -16 -33 44 34 5 -18 4 62 78 -12 -54 -89 -80 71 -75 -17 -61 79 90 -30 33 53 -79 -92 -74 -1 12 91 91 74 -7 -32 -91 -3 -17 -71 36 3 44 -90 -49 13 -21 -91 -79 7 -38 -37 19 44 -84 86 -24 29 81 -74 59 -61 -60 -71 -6 39 -45 -6 -40 -25 -91 35 -3 -35 -1 -22 -58 32 -59 6 13 12 -45
3 83 -85 28 34 31 38 61 88 -49 -45 -88 83 -80 25 -93 -5 74 32 27 64 -54 22 43 -88 -5 45 38 -36 -12 38 -10 -38 80 -15 -82 67 56 -51 5 8 -15 -94 81 69 -84 47 -64 -62 40 -50 76 89 -71 65 45 98 -99 18 -2 7 100 -52 52 28 26 65 62 79 14 68 49 -28 -29 -78 -45 43 -64 54 72 -61 -17 6 57 -64 -18 -67 -69 -36 85 -6 -31 -68 26 -28 -15 -33 90 39 63 92
-33 -82 82 -42 31 -40 36 -95 94 -15 -58 26 -88 -50 -29 -71 34 91 -24 72 53 26 -52 79 66 -75 -23 10 44 -78 -69 78 37 -18 -24 -60 52 12 71 79 12 7 -6 -34 21 -57 11 -74 -34 -19 16 -72 -22 -98 -49 -34 -64 51 74 -90 36 -38 50 -89 21 -37 24 67 71 76 40 -26 20 -93 74 32 29 54 -71 -35 42 -83 -95 -1 21 91 -81 -91 34 32 40 71 56 41 85 7 11 51 -90 -50 -63
-69 38 -39 -12 -62 33 -37 49 -79 19 -22 -87 14 75 -28 -16 90 -86 -38 -96 -29 28 12 14 -62 -99 -15 23 -66 -16 20 -17 -21 76 78 39 53 2 -15 92 -69 5 16 -48 68 -96 5 -53 -15 40 46 -49 40 -87 -81 -1 -34 -41 53 83 39 99 -13 -21 -37 -9 -33 2 -11 -62 -10 -46 26 16 -6 81 -78 46 48 41 -81 68 57 -36 -36 -97 -54 -12 51 23 84 -12 -9 24 -39 74 -4 -20 -7 -36 84
83 91 -16 -64 -48 37 -32 -86 23 8 -69 59 -87 -82 -83 61 -52 82 11 -63 -18 -42 -47 14 87 -45 63 -100 45 59 37 -57 -75 96 -37 -14 -24 57 -6 -56 60 -21 15 100 46 3 8 83 -39 29 67 64 58 70 -20 -15 39 -30 17 55 2 -37 66 -100 -24 10 57 -13 -22 -6 67 -7 -71 45 -95 92 45 -5 -72 -6 82 -46 19 -41 32 -73 -41 43 -37 85 20 58 7 -27 98 96 13 -17 60 -80 74
83 16 -19 -83 42 -29 -50 -59 28 15 -89 25 35 28 17 -18 -16 -61 89 -3 64 -35 -8 -85 -55 -56 31 -63 -13 -80 74 45 -92 11 9 -94 28 40 -82 -36 -67 -87 18 -49 84 -40 -29 91 -99 -15 -3 -55 -6 44 88 -53 -33 91 -71 -40 75 -53 -63 73 -84 -8 -92 95 17 76 -97 84 -15 -17 -50 80 -8 -12 77 -77 92 -76 -21 -32 88 3 -38 -48 -97 30 19 -16 -46 -68 93 91 6 71 4 33 57
-5 -41 -20 37 15 20 76 53 68 50 0 -39 10 83 38 74 -8 -7 58 73 7 10 88 -43 -21 -81 1 100 46 83 -52 -58 26 -41 52 98 -54 20 60 91 27 -86 38 27 67 31 70 -31 -23 53 43 86 -19 -41 93 -81 63 -1 -47 -17 -1 -8 60 23 26 -73 -33 24 -76 82 6 58 -59 70 52 -3 -46 96 5 66 -17 70 24 42 -15 -64 2 -9 0 64 -91 -35 9 -86 -80 -66 -61 -53 -56 -68 88
-72 1 -13 14 -74 -23 -61 87 51 4 8 -57 73 -24 0 -60 -67 -41 36 31 -4 -85 75 34 74 86 -2 93 66 67 83 -7 -22 43 74 74 55 -34 47 -56 11 -68 75 -13 -19 75 -92 46 37 95 -2 19 78 50 61 -83 94 34 69 70 73 67 -74 -75 47 24 28 86 94 100 6 -71 11 91 53 -65 87 -61 100 -5 49 10 86 -46 12 83 43 55 92 61 -4 52 42 -50 -18 -78 -52 10 -82 -27 -41
-45 58 63 -86 -95 -42 1 31 -52 -93 -43 77 -73 66 -42 -60 93 48 96 -14 -24 -47 62 61 -75 -25 -16 -81 32 37 32 -14 -81 -86 -86 37 92 -60 12 36 -2 -39 -96 -27 -19 12 -1 -22 -54 -28 -82 57 84 -14 -50 -68 73 88 55 -5 49 85 73 18 64 43 -20 81 -59 -50 -98 -19 -15 82 42 12 -80 -99 46 -15 -56 -69 -86 0 -61 45 84 -23 0 93 -93 -56 -60 12 -59 -19 -76 -79 67 9 -95
69 -63 -69 -92 -19 86 16 -49 43 -28 80 -36 -40 43 38 58 14 -74 -100 81 94 57 -77 12 49 -4 -66 -42 -39 7 -38 43 28 -15 52 -8 32 -70 16 21 -22 -52 -76 -1 -95 -67 -9 73 -63 -9 83 -76 72 -83 -70 -22 -58 50 -35 24 60 0 29 46 -84 37 66 -25 80 -11 73 -37 -28 36 82 25 2 35 71 -2 93 50 84 -28 24 28 -70 -89 -60 21 19 -49 79 -30 16 -59 -92 -10 -43 -44 -45
70 48 -7 -36 -3 -85 -84 -86 31 98 -63 25 -20 98 -25 -56 -31 -72 -20 69 45 71 -68 18 19 66 -34 92 -31 -44 13 41 -93 81 38 44 -91 -26 -27 -48 58 47 -81 -49 -2 92 -43 90 -80 -29 22 -86 -54 75 21 29 40 58 6 66 -44 33 -24 65 66 41 76 51 8 -45 54 -5 -89 -49 -97 93 -86 -52 20 -99 -12 -77 -61 65 -38 -92 15 -24 -17 72 67 83 -45 65 -79 89 94 -10 4 -30 30
40 -76 -20 85 59 -15 -58 -29 0 50 51 23 -10 62 -19 7 43 -86 -51 -25 -91 -78 -1 -11 77 -30 -83 -96 89 -63 13 15 43 -84 63 -85 97 -25 -62 19 19 -2 -66 53 17 4 -88 59 -45 24 -81 -60 63 -82 67 61 -26 10 -70 13 -73 -51 -97 44 -51 2 -92 47 49 96 -17 -7 94 -51 -80 62 -24 66 4 95 -85 95 -75 6 -30 -58 59 -68 -96 -5 -45 -23 90 -17 -35 74 43 -29 73 -87 -82
36 -10 -87 58 25 -18 27 -69 -49 49 -42 -20 -88 48 33 37 88 84 23 -45 0 -93 -34 60 75 90 -86 -69 -94 62 -58 36 -35 -35 77 69 -65 -56 -34 -38 -63 -27 -96 12 1 -10 -34 42 29 -38 -49 30 22 -81 -30 89 26 -86 95 84 -88 -59 -10 -60 95 98 98 -77 -61 4 20 -95 -25 -13 -17 -61 -73 84 12 -4 1 20 11 -36 68 33 -24 15 78 51 4 -51 85 27 -78 -43 -36 45 32 -19 4
84 4 23 70 -69 35 -21 -59 58 86 51 -6 -66 7 -16 -50 -50 -91 -38 95 -28 0 62 37 -31 -38 62 -28 41 40 -82 2 -57 -35 90 -1 9 -15 25 15 68 -85 -87 -71 31 87 -71 2 -99 16 -72 -83 -76 -89 -52 -52 33 91 -14 55 90 -17 97 -42 33 -63 47 -89 45 16 -82 -4 72 53 80 -68 18 -17 59 0 11 52 -24 -99 9 85 21 -44 20 49 -33 34 -26 69 -61 14 33 20 23 -96 -21
-52 65 -76 74 39 -11 -67 -44 -18 46 -69 34 -28 38 47 40 75 99 -33 -79 39 -23 -46 51 -79 43 -65 92 86 72 53 59 6 -78 -24 -2 -81 81 18 34 -55 -69 50 -53 -87 -42 46 -7 18 -58 93 13 -61 91 -24 -13 1 18 -44 26 45 -10 -15 -67 17 96 -4 -40 9 -43 47 -55 -21 56 75 10 17 -2 18 -88 -31 90 -55 68 34 -91 -50 58 42 67 51 -73 45 -24 -35 23 -35 -19 -93 86 -55
-75 -82 -51 35 -13 55 -36 72 35 62 -29 17 -30 -5 -49 -94 10 -77 93 -45 -72 43 78 -68 56 32 -60 83 31 70 80 16 11 -91 75 8 -100 48 -31 -49 11 -16 -81 -46 -50 38 -79 28 -58 -22 8 53 55 52 11 97 -95 49 64 -68 -95 -52 -30 83 2 -35 -25 -75 89 -96 96 -43 -9 42 -16 -41 -46 63 -82 -28 -44 68 -92 61 55 -89 -53 -21 49 33 -53 96 77 64 -54 -74 -93 19 -67 -79 93
53 44 78 -14 -37 39 29 10 89 86 21 6 -42 51 85 -56 55 -24 -42 5 56 -2 68 -7 1 67 47 34 -50 49 80 -91 -16 55 -35 47 -51 26 61 100 -16 -44 47 77 67 69 37 80 -61 88 -48 45 0 -28 26 -56 8 -5 3 -24 -64 -24 95 40 -91 -98 86 -33 -63 36 95 39 -3 -12 -27 -11 -37 15 -89 -47 93 -45 -65 -19 -57 -45 -68 33 100 21 -22 -64 49 48 24 -44 98 75 -18 -89 48
-11 -100 42 43 -34 89 92 -77 -85 0 94 70 58 -52 -74 51 13 -29 76 32 30 -16 -60 -23 -69 29 -61 68 -20 49 -50 -79 -36 13 60 94 -21 83 57 -65 -90 -77 69 -3 -97 27 88 56 62 -71 26 -99 -40 98 56 -83 -55 -34 -22 47 -41 15 18 -82 -60 99 54 -62 -83 21 5 45 6 58 -25 -19 96 -28 36 20 26 54 -13 -87 -47 19 -60 -8 79 76 -44 -15 -16 60 -17 69 -14 -22 100 -58 68
26 -55 57 55 -94 -40 -44 94 42 -79 -88 -98 80 52 -85 12 -37 -46 -86 22 1 -75 60 -73 -83 19 -64 98 18 19 -15 -91 -62 -65 -45 53 71 -39 76 16 -62 35 -43 75 66 -65 -69 -18 -70 -96 87 -40 -8 -91 13 99 93 65 -61 -31 40 -76 4 11 -10 69 -34 22 40 63 -38 -96 85 14 19 70 -21 86 31 70 37 11 -93 10 -39 -46 -66 -25 -77 -55 -46 -76 89 84 -95 73 -6 -100 -77 39 -3
-97 92 -67 21 -14 79 -83 -100 -46 94 10 -96 24 0 66 -75 -47 -80 -36 -8 47 79 -92 68 6 76 -51 59 59 -5 14 -16 84 -37 89 -95 29 10 44 73 -21 27 -59 -76 73 -94 -1 98 15 -27 76 98 9 -6 65 -18 40 61 53 -49 17 -65 -38 0 0 -76 100 -98 45 20 -79 68 -25 -15 95 38 -26 -19 -68 47 -71 50 57 -21 -39 16 -31 62 -59 -82 -33 -97 -14 23 12 40 -4 37 30 -54 -67
-100 77 53 78 -95 5 19 50 10 47 -60 -22 54 85 14 -25 -47 86 22 94 -72 -4 39 74 87 16 -76 -29 -45 46 65 -77 -69 -66 -84 63 13 -73 58 78 -87 89 44 -12 -86 -2 41 59 -97 41 -5 32 -11 -43 3 11 -55 92 3 -58 -32 74 -62 -77 -17 61 -44 38 51 84 -11 91 30 23 17 35 -63 -92 11 33 -48 61 73 -73 21 0 66 -15 59 44 92 -10 44 19 81 13 4 43 -21 -72 -50
35 -66 -59 -36 17 26 -60 -87 -9 -49 43 -94 4 -49 85 0 6 65 88 31 64 -28 -41 86 -85 -34 -40 -27 96 59 -3 71 16 -60 10 42 5 -59 -22 19 -29 -17 75 -59 -14 -74 53 -61 -2 24 -30 -51 -42 0 -78 -27 100 3 67 32 -98 -4 60 -78 -3 59 -48 -23 61 -3 13 91 10 95 83 -30 74 38 -27 94 65 -4 -45 -23 -88 61 -44 -1 71 90 25 -63 72 -43 85 -94 18 -63 61 5 20
8 -99 -90 60 46 85 -4 -84 18 -80 -94 -5 -66 -49 -19 -32 -45 -45 -82 48 -77 56 -39 -90 -51 76 -92 62 67 -16 -10 -62 33 -41 1 49 -8 0 -69 -100 -35 -72 -76 44 83 23 -61 -2 69 -74 14 -23 -58 -8 -89 60 -37 -93 3 -81 -6 -74 26 -34 -66 16 -23 1 67 -100 -98 -93 72 -71 57 73 36 8 -48 6 -70 42 41 94 -83 60 16 -43 59 86 4 62 58 98 -45 -74 -93 96 0 23 65
-80 -89 -70 60 62 50 62 2 -12 68 -80 42 -19 18 -35 -80 -52 47 -34 -27 57 62 38 52 26 -29 58 -9 0 -86 24 -8 -93 20 -61 1 13 -58 -9 -81 95 10 65 53 96 -22 22 57 -32 -46 24 -56 28 77 -67 38 32 -59 -73 -45 31 -86 -33 3 51 -20 76 4 13 29 -63 32 69 -43 -45 -74 -53 12 56 -30 -4 75 -98 40 72 5 48 17 -52 -69 62 -70 97 -99 -14 -83 -3 -1 -77 -74 -90
-81 -7 85 91 84 91 67 6 -83 20 -96 -87 -37 9 53 54 49 -40 14 -2 -8 -35 96 59 98 -72 -47 -96 -6 98 -37 -71 -28 -43 78 -97 -9 24 93 34 -91 99 27 48 57 -68 -46 25 -48 88 -82 -39 -87 -60 21 29 69 98 50 13 -24 -71 -4 -90 -6 -78 -34 29 85 -63 -60 14 -70 -66 55 -42 -23 14 -84 23 -19 54 -64 5 -39 -61 44 85 28 -47 37 29 -53 -62 44 80 -4 -100 3 76 95
32 -29 20 -94 4 -15 55 10 -20 70 64 7 41 -2 100 30 68 18 -99 68 81 -52 -57 67 47 51 -94 69 36 -91 13 33 27 -71 28 52 -7 18 36 0 -70 85 24 6 58 100 -89 51 -5 27 43 43 -26 -31 -4 100 -10 -37 -69 -55 -83 -79 86 78 -92 -27 73 68 96 39 -8 -70 99 -90 98 -65 92 -29 65 51 45 -77 -23 -11 -67 38 95 89 -69 -57 -63 23 92 -21 -68 76 43 19 75 52 94
51 -67 78 -10 -12 86 60 -41 70 -27 -34 -99 -14 75 -80 -31 -98 6 8 2 14 76 36 -94 -97 -89 -61 -41 91 -48 7 -93 -65 64 -29 88 18 93 -35 -67 38 82 -40 61 63 -33 -46 70 -79 78 -38 -93 -75 91 -74 7 -60 -60 0 -79 58 -81 -60 15 69 41 -64 96 -14 -87 17 -53 4 -37 -52 15 9 -84 -61 15 -94 -60 -11 68 36 -83 21 44 87 57 -52 -46 46 -78 20 -26 60 -84 -65 10 -68
56 26 43 -69 -56 65 67 -11 2 70 -51 -66 94 85 -13 -81 -87 56 9 66 -29 -59 100 59 -77 -9 19 -4 -48 39 -87 -31 78 -37 24 -60 62 20 50 8 80 -94 4 -9 53 1 -26 94 -88 -39 -4 23 17 -10 -1 -8 64 5 -8 -11 93 -29 81 7 -37 0 -17 -21 80 87 45 54 30 -72 70 -50 -13 42 -26 -98 -74 -67 30 26 95 -97 90 -88 47 0 93 -26 -51 35 81 -2 -91 -63 -93 -35 -70
6 72 36 -74 -87 75 15 -89 2 -35 -75 30 24 -70 22 37 71 -30 -98 52 -64 -95 -25 44 -25 75 35 72 -70 96 9 -57 -24 -5 -12 -25 -3 -66 40 -66 -48 -45 -11 -63 33 28 73 -26 26 90 53 -21 0 -98 91 -26 -83 -64 50 -82 -60 -48 -3 95 54 -39 39 17 -30 50 -17 -14 67 -45 22 58 -74 27 -16 -63 62 94 -76 50 -48 48 18 -13 -43 61 69 -68 -78 -54 -27 -87 28 -36 60 -18 -95
-31 -50 49 42 84 52 -79 -98 -50 -38 75 -58 -54 20 8 -61 -46 -52 11 0 89 -77 68 24 -92 78 -70 41 -2 71 73 -55 -37 -59 7 -30 40 -58 -76 -45 -33 72 -39 -19 20 1 -24 -47 -48 3 55 -76 58 14 -87 59 -49 -24 -63 -40 -33 -47 42 -67 27 -6 45 -47 13 100 -13 61 -92 2 33 -9 89 35 -37 -2 -65 -19 0 -36 -53 13 32 27 -65 11 -88 -42 60 -3 27 3 44 -81 84 35 82
7 -16 -26 -93 87 -78 59 30 -85 -89 -3 66 -18 -69 34 -48 -43 -63 39 87 34 26 -32 -78 83 98 24 -4 -69 -12 69 15 -98 -90 65 -47 -95 46 82 15 96 -28 -25 -66 -44 -48 94 39 36 67 76 -49 -75 -8 -80 -7 70 4 -51 52 72 -18 -38 -3 -51 64 37 -50 -33 93 75 45 73 10 72 90 54 54 -43 -77 -2 -8 38 72 -51 43 56 4 -66 -21 57 -77 -97 10 70 -1 -88 68 71 -4 89
8 23 4 95 38 -45 -35 -49 87 -70 -5 81 35 -38 54 14 4 -53 -5 17 -66 -67 -31 63 -64 -80 24 43 -66 -53 -95 75 -97 12 -91 47 25 88 82 -80 -51 -26 -59 40 -93 74 69 96 11 -3 -63 -78 90 -34 38 13 -98 67 -75 -66 -31 7 76 100 -97 -24 -60 12 84 94 93 -54 -17 -61 38 -3 -73 -50 -4 92 53 17 -65 86 86 76 61 6 -49 52 48 -35 97 66 69 -7 -88 -21 -68 48 35
69 22 7 -52 -76 48 -68 -8 52 51 10 5 81 51 -73 57 -84 87 -37 -28 79 34 95 69 -53 -13 -83 9 -74 -82 18 -22 39 10 -77 25 -34 54 -73 8 41 -49 -6 -37 42 3 -39 56 38 -45 8 25 -56 -13 94 15 -73 65 -73 -11 88 53 -13 -84 -77 24 -85 59 -20 66 21 -7 -43 20 78 -87 -88 -96 5 -72 -91 20 38 -71 -4 90 -37 23 -39 36 -13 23 67 -38 -86 81 -28 43 -92 75 -53
-95 -8 44 99 95 -62 17 40 -12 -84 8 73 46 -70 98 44 3 85 -94 74 64 -80 -50 -92 -35 -50 -16 -27 20 43 -30 17 -88 -50 -48 -56 23 -44 -68 -25 87 96 18 -64 -54 60 -47 59 69 -94 -36 55 28 -24 51 -92 -38 59 -47 54 63 -22 97 -89 -12 45 -20 54 44 72 35 25 49 40 65 66 -13 -51 44 44 -2 -29 68 -20 -98 -76 -24 5 -84 75 -87 -27 -29 0 7 72 -8 -32 29 -8 -10
50 25 -13 57 77 7 55 0 -36 99 58 -41 -13 1 51 -3 -100 94 -26 70 64 23 -33 -93 13 23 23 -93 -35 -53 63 -51 87 48 -15 61 -58 -72 -42 27 -67 -37 3 -56 -62 36 -19 -28 100 77 100 -49 -59 -95 -50 -45 -82 -36 90 -7 -96 -26 -39 3 100 -72 -73 28 36 2 50 -51 -89 95 -65 92 -2 -1 20 2 66 -25 -31 -27 -16 45 -26 -80 68 53 -44 60 -1 -58 74 -40 15 64 -89 -2 90
-24 73 100 12 32 77 22 48 46 39 76 -43 -69 57 41 89 -56 94 -61 -68 84 77 23 -25 98 61 50 25 77 2 -46 24 -2 90 1 -26 -19 14 -65 11 29 50 -100 -68 47 -75 36 56 -89 -99 1 -1 13 26 -54 -93 -68 -42 -80 -41 44 9 21 38 16 -92 -63 93 62 -66 -56 -60 43 74 -2 83 94 -32 28 -10 -37 86 -29 7 13 0 -65 -42 58 -60 -12 47 -76 -34 49 70 -94 12 41 96 -54
-72 45 61 -70 -10 -2 -50 -30 -82 78 57 -34 -52 -67 65 -5 -29 -73 -24 -47 85 -98 -37 -46 -46 -53 83 -71 28 -57 2 -48 -84 53 40 -29 9 -1 -13 -15 -28 -19 74 -42 48 -49 -66 -2 67 -96 37 75 -74 71 -61 -82 -79 -71 65 78 -22 16 -78 -28 32 48 93 -62 90 84 -70 -38 -53 43 95 84 -21 -40 61 -85 -53 56 55 -30 70 4 97 83 5 15 -46 -99 73 99 -35 -13 11 -83 -56 -8 -24
86 91 29 -22 31 -2 77 12 -99 -97 70 -55 39 -1 63 -44 52 -12 93 57 72 -36 90 38 -15 65 -87 -24 8 -91 54 56 94 33 -84 -92 -54 -7 -45 53 34 57 61 -42 86 -93 53 -45 12 -86 -46 6 11 -86 -29 -71 -46 -21 -77 20 -40 52 13 27 25 -83 -45 -4 -12 -19 36 11 86 -59 3 -6 -22 67 75 -3 -69 -92 -100 55 64 95 -79 77 -91 -6 -84 -38 76 -10 -65 -89 11 -68 -71 90 -77
58 48 -75 76 -2 13 11 -36 49 -94 60 -97 26 -90 -21 -88 61 -5 -21 68 -27 -52 -94 -80 97 70 67 86 -15 91 -84 11 66 -44 -4 99 -15 -19 -43 -79 -62 -88 41 -96 -72 -64 44 -37 -40 81 91 -47 61 -17 49 -3 -52 -62 90 40 -98 -26 77 -93 42 -87 69 -9 32 81 73 68 72 -4 17 35 70 -62 77 -7 29 63 -92 -68 98 -2 -55 -39 54 1 -29 -35 -55 36 9 100 -50 17 8 21 92
-59 17 70 -46 9 -96 8 -29 -82 30 -67 -89 -20 44 -71 0 -88 -4 -69 -48 -30 -24 32 84 27 -100 -45 34 74 -17 71 86 73 34 -1 -64 -3 -29 61 -80 0 -32 -34 -5 -50 -96 41 -15 54 21 100 -82 60 13 -8 -60 37 -29 74 72 -39 66 25 62 89 14 59 63 -20 -84 -24 -16 92 71 13 97 66 -34 -63 -39 -14 9 71 -60 -71 -54 71 25 44 12 -88 -32 87 -90 -64 20 51 59 5 10 97
-82 3 90 -69 6 -87 87 59 93 19 55 52 -31 26 -99 99 45 96 -61 -90 2 -45 17 -79 71 -50 97 85 -15 -62 -52 5 -80 -4 -19 -62 -5 8 -16 -38 99 92 28 -50 94 -65 -54 8 -86 68 93 -76 -72 66 -76 -52 90 58 -28 -9 44 11 62 78 -82 42 -58 -16 -11 19 73 48 80 -92 -93 -13 -26 -39 -7 14 -54 16 55 67 63 69 -38 6 -92 48 -89 -58 59 -51 1 -39 -15 92 -41 62 63
-87 -46 32 -78 57 22 23 41 -53 -94 -22 75 -83 90 88 76 70 -63 -12 10 57 -40 73 52 -67 64 38 96 -63 -19 -89 -95 -44 -26 76 58 -55 -73 49 43 88 93 -33 74 4 72 -65 64 -93 -47 92 59 -25 -37 -9 -37 -20 -14 46 5 -79 -11 -37 73 -22 -30 -98 5 -54 66 -52 -3 68 -78 36 78 83 71 -16 -27 30 -100 -47 48 82 -26 -29 20 -35 97 -6 86 -53 83 -54 22 -3 39 22 -20 50
37 -96 -76 87 30 -39 -93 19 35 -42 36 -86 23 95 -67 -41 70 91 -34 61 66 95 -19 -45 -16 -9 34 -78 97 -31 9 -99 75 73 -71 -4 29 97 -79 -36 -6 -24 14 -22 -92 -13 7 39 43 15 -62 -34 43 63 43 -6 -29 2 54 81 55 4 18 -72 -17 57 79 41 -70 -15 -98 58 -98 -23 27 -22 -28 38 -78 -63 -48 -70 16 72 80 68 -57 15 -28 -68 39 -32 80 -20 -13 69 -47 5 -51 -58 38
-31 91 30 -59 36 27 -7 -82 -38 54 82 -8 -79 51 29 -53 -20 -46 -76 -74 -70 -66 68 -19 -58 -63 -37 68 -52 -87 99 -47 -77 35 42 33 -96 -68 -23 6 57 -15 90 36 72 -83 32 -77 14 -66 56 -69 -71 12 -77 -59 -20 -3 79 91 -6 1 -25 76 -73 26 78 63 -7 -61 28 13 -89 40 -50 29 36 -83 -24 11 68 2 -81 -18 -22 -92 -16 -35 -62 49 -75 -92 -19 -14 39 4 54 44 -10 -30 41
-49 92 -60 11 -3 39 13 74 -62 -32 -98 -61 30 82 37 -60 51 -69 -84 41 86 -68 -24 40 -11 -59 89 -73 -78 58 -92 19 90 48 -29 -72 -87 9 6 88 -59 -93 41 98 -40 -79 52 -45 60 0 52 -56 -50 96 -11 86 -61 -17 -1 -51 -48 -30 -49 -8 -33 -37 -21 -47 40 -24 -68 -81 -3 -86 97 -25 51 -59 22 -50 -95 40 -33 19 52 14 -38 73 23 20 -58 21 97 9 45 -43 -43 26 -63 27 94
-25 65 -7 -65 85 -42 56 87 -79 45 -51 23 -64 -20 70 -85 73 5 -98 25 59 59 29 -86 92 42 22 -77 45 39 72 45 -95 -2 -50 -94 -45 -77 -37 -70 -49 59 34 94 -37 63 -24 -94 95 -44 -46 -82 40 4 20 64 21 12 -70 31 51 -66 79 11 -18 -68 95 42 47 -36 -25 53 94 90 44 -100 25 -72 28 51 -22 41 29 18 20 -81 96 -10 54 57 64 80 -23 -19 -68 6 -27 31 79 -1 83
-2 -30 -9 23 -24 67 18 -54 27 -84 -46 -70 -41 9 -35 27 -97 -83 -44 -84 76 -45 -26 52 -46 87 -4 46 -77 -15 59 -97 40 21 10 77 -21 -83 -26 85 -79 -13 63 36 -53 -98 91 32 95 -34 -85 98 91 4 74 59 -49 84 31 76 30 6 -100 -73 -43 -96 -6 -17 -31 -22 -69 97 -67 -32 5 25 100 14 90 -7 -68 -97 -59 57 43 89 -78 -87 33 -22 -66 16 -46 -70 69 99 74 -56 42 -40 72
-32 -67 -82 72 -100 89 93 -94 -37 -57 29 86 -28 9 48 39 5 22 -70 -50 -90 98 -26 69 -6 -29 37 -97 55 -77 -13 -27 -12 -68 -95 -41 -55 10 -22 44 28 -8 -61 27 34 45 -56 -9 12 75 51 10 -19 -73 16 88 7 9 38 -10 24 -50 50 4 -17 53 19 57 40 -67 -55 9 -10 -70 72 9 90 -27 -71 -16 51 0 83 99 13 -100 -89 29 79 50 -48 -7 -88 91 -64 31 34 55 -56 -23 -80
27 83 6 5 18 5 -60 -3 -4 100 -42 37 23 -97 -83 46 38 -26 36 -81 43 46 76 32 68 -27 42 -59 1 -75 71 -77 -12 82 69 -21 -42 24 11 51 3 24 5 4 -7 -16 -75 73 91 -21 65 -74 -64 78 76 31 -16 -72 -5 78 59 -37 68 97 -65 -43 -88 -51 -87 -29 -63 90 21 14 96 72 72 75 -15 -63 -77 -52 -77 96 41 -45 -96 -14 -52 30 1 -100 -20 -25 -92 50 78 98 15 -99 89
51 -61 -9 -69 15 26 43 62 78 -14 -6 79 -7 11 -89 71 -35 91 -74 -15 -61 -13 81 -42 84 -54 -73 -40 -47 96 83 25 -28 -23 -77 -19 63 -75 -49 66 50 49 -57 -48 -1 95 -6 20 -89 51 -31 14 -38 94 -13 54 79 -96 15 -87 87 89 59 -14 50 36 47 22 81 -65 92 -43 -49 -76 -23 -32 52 -45 58 75 40 -29 -27 72 8 15 -30 -100 -92 -29 30 23 54 28 24 -97 31 -85 1 98 -87
21 -45 -27 -92 69 -77 -39 99 11 -72 -66 -91 77 32 53 -24 -52 -33 34 -95 56 -45 -27 9 -51 -3 -35 -100 1 93 92 24 -7 -20 67 15 72 50 -11 19 -66 66 50 98 -87 -75 13 -68 -12 80 -94 -1 -87 -26 -29 62 19 61 1 2 -26 62 -46 3 12 -88 38 27 -92 -18 -18 3 65 -95 46 48 60 35 78 27 7 -49 2 -5 -28 -91 11 15 82 -33 98 -18 33 -25 -84 83 72 -88 -17 31 38
-89 99 -18 -78 -49 39 43 -6 83 -52 -55 65 38 -51 70 76 -94 -28 -40 -33 44 -59 -26 24 97 -11 13 -78 100 -78 -37 94 94 28 -72 100 29 -73 -28 -86 -84 -17 44 83 -31 -24 95 25 17 -52 -10 77 84 20 -28 1 18 -99 -17 -73 76 -29 -76 -45 -33 95 76 83 -23 -2 -44 -7 96 -83 12 -83 -19 93 94 95 94 42 34 78 13 71 87 42 79 -77 7 -74 -70 3 -67 13 -28 81 -84 29 60
99 -88 97 64 82 55 -66 20 91 -27 -85 2 14 5 -5 -11 -7 -75 -87 30 45 76 46 38 -14 42 -12 50 -12 -30 -35 14 -48 -87 88 64 0 84 -44 55 -99 86 -19 -56 -74 69 -38 56 -90 1 87 -16 -14 -35 -16 6 43 -5 26 24 35 -36 -22 19 32 -64 29 66 -78 15 41 67 -41 -69 -60 -5 -91 -36 72 21 25 61 -27 37 18 13 -52 30 -5 -98 80 92 5 7 76 -9 19 6 -82 -16 -49
-82 -2 -49 -45 -24 -76 54 18 -78 -82 -17 60 39 51 -64 64 50 -84 -69 22 6 87 10 24 85 -4 -2 -64 30 -50 -27 -11 99 -50 51 -6 4 -61 68 -4 -22 88 3 22 -44 -49 80 26 -45 98 -51 -11 -13 -83 36 -71 16 -97 0 5 -21 8 -43 -31 -37 79 98 29 36 -12 7 -23 -85 -9 -80 -65 4 31 59 21 -99 81 30 43 -76 98 -20 39 -96 -94 -84 84 -42 10 30 -3 -49 -66 86 -79 5
90 66 -27 89 -15 -54 -61 94 -62 -1 6 81 56 -83 61 99 -12 64 -6 -4 92 92 68 34 -42 -91 -93 -77 -18 53 82 88 36 76 -49 -7 48 -44 12 -97 -22 69 -71 -43 -100 81 37 -32 30 71 24 -52 -14 -37 -26 57 -99 86 44 -17 -63 -67 -52 73 39 41 -63 93 84 60 19 5 -47 -79 67 -2 -87 88 80 67 -53 -19 23 -78 -54 -91 -12 91 -87 45 -46 -83 65 -66 62 -1 4 46 56 29 45
