4 -57 44 43 -17 -75 36 93 -21 46 78 60 -52 61 -43 -100 -53 83 -4 -87 -31 89 -41 -45 -43 -23 -27 -42 -95 25 -13 44 9 41 64 36 78 9 -38 -100 42 50 19 45 98 -17 56 -26 6 33 -42 -31 -71 -44 -79 77 -97 -81 -53 51 51 -74 -96 79 81 -92 33 19 -46 18 88 76 -89 62 5 -92 -52 11 -85 -54 -26 -61 -4 -49 -30 -90 81 39 -99 6 -77 -59 -77 -19 -78 85 24 16 -74 -42 -44
-7 -34 90 73 -53 -67 83 -12 -7 -35 47 21 -20 50 -32 98 -37 70 -77 -22 -27 74 -52 -100 -9 62 -18 -82 58 96 22 -64 28 5 -2 -9 2 16 92 -18 64 19 62 -28 7 -51 -70 70 20 -51 78 100 -81 -82 3 99 86 -26 -14 -92 -42 -18 -5 -61 -2 31 25 -61 -33 -32 4 -49 69 -40 86 -25 -29 84 76 49 -25 26 -14 -8 56 -15 -85 -55 -65 38 -70 -54 -94 -29 -90 16 -29 -83 -40 15 -7
-14 -38 54 91 -48 51 85 54 -5 95 91 85 92 34 80 -99 -89 99 -14 -98 -34 -39 -12 -10 25 13 -19 -34 19 -8 -62 -59 -27 77 -5 60 17 73 -15 -86 -18 22 44 77 39 -18 14 86 51 95 44 -90 54 -88 1 -4 96 -42 56 25 -20 14 -76 -40 -7 69 -30 83 -28 55 -27 -45 -72 31 -52 42 72 73 -15 9 94 57 -91 43 -27 -63 43 -15 57 -90 -1 14 -60 39 33 9 -68 62 -37 21 86
77 -92 -4 71 33 77 49 22 -97 95 -54 -69 97 -32 -93 -55 39 -88 31 -43 -22 -59 -49 24 -50 -91 93 71 36 -61 5 -73 -89 95 11 30 20 -73 10 60 96 7 -73 -54 -98 89 -60 -5 7 -74 80 35 47 -95 70 40 -58 61 -74 77 80 100 37 -52 74 -5 -100 91 -58 -99 -91 -9 23 -15 -46 86 52 -53 21 13 -26 15 -64 -60 12 25 -5 23 99 38 25 -43 -63 29 75 -73 91 -50 2 31 -18
-37 95 -34 -28 65 -86 45 -92 -1 18 -34 84 -41 -93 27 -20 8 -27 97 -16 -48 -25 -89 -85 -10 -55 -64 -15 -61 39 -3 -96 -14 79 -31 73 62 -3 52 27 90 -99 86 -20 89 73 -40 -19 83 60 11 -100 32 74 71 -54 41 11 -83 -37 38 22 54 6 -69 -67 8 74 -58 43 -77 -73 -69 -18 -61 68 -69 70 11 -33 -56 39 -79 45 90 -98 -24 -8 -77 21 -76 -88 44 -43 -66 40 20 -29 -40 -33 -1
-2 -69 13 -40 -40 13 -36 84 -86 -71 24 31 53 60 -90 78 -9 76 24 56 -93 -52 -24 55 -9 -62 -12 -46 14 37 -21 10 87 -23 85 69 -91 -89 41 64 87 52 79 -56 -46 -99 34 82 37 33 -28 -10 -100 77 94 -62 -24 64 -47 -88 4 -44 18 -14 54 90 -36 37 -12 0 85 68 1 -28 21 56 67 -36 -26 -88 36 -1 -11 -74 43 -40 66 64 -100 15 19 24 -86 -47 -27 -45 51 71 50 77 -43
71 56 -87 12 83 42 -99 -45 19 79 25 -76 58 70 -29 49 -86 -81 -49 46 9 -89 -44 -87 75 6 45 -13 -13 2 85 -12 36 -52 49 -41 -77 63 57 -40 49 34 -93 15 11 -24 -88 63 -98 21 -32 -26 -47 40 63 49 -87 64 -31 -14 75 -98 75 21 67 80 82 77 91 -34 0 -100 -70 -29 -81 -33 -34 12 -40 10 41 -8 -15 -3 88 -68 -8 -58 -3 -67 -95 24 4 -18 32 20 58 -17 -31 -83 93
-71 -3 -96 15 83 -7 9 28 53 63 -97 59 -99 92 -67 0 -73 -83 -35 96 73 42 -68 -20 -51 -66 39 44 -82 -4 70 -66 -98 -30 57 82 3 16 90 -44 -32 -50 -85 59 18 -4 91 -52 -73 36 -78 5 90 -75 34 71 -78 86 95 -7 27 37 -41 -4 29 91 82 87 24 -9 83 -35 -27 95 45 57 -10 -84 -13 53 -13 29 -28 -61 1 -74 17 57 15 -58 82 -37 -78 -39 -13 -46 38 93 18 -72 -76
42 11 -4 4 0 -60 40 -57 -96 15 -17 -68 10 71 87 -81 -24 67 -13 22 -85 -52 -96 13 61 53 -53 17 -82 29 5 79 71 -54 87 0 48 12 65 -96 -11 100 38 -100 66 8 40 -13 20 38 87 74 -2 -46 -57 -81 -46 -94 56 -48 -88 68 -98 100 -70 76 -29 34 -44 -51 73 -89 97 -50 18 82 -51 1 -26 34 24 47 27 51 -89 92 -62 -98 75 -68 -99 8 25 28 -13 13 -69 -9 -28 -54 -25
-67 93 45 -10 -60 78 55 -81 93 -95 7 39 32 36 23 -22 -24 24 -83 -2 -88 34 97 92 47 -28 -91 -20 -76 -32 29 -89 5 -41 88 92 79 -40 78 84 12 -20 -55 -85 -55 -47 -22 58 42 65 90 7 77 47 -9 83 38 -83 66 -35 -5 -72 77 35 66 54 -80 -22 26 -30 81 51 28 -65 -88 -35 -95 -50 15 -46 -20 -10 18 -59 -42 -89 63 -52 -35 -44 -45 58 -71 -46 14 -48 -24 -28 -14 11 -50
-8 -12 -89 73 74 -95 79 9 7 -54 81 96 -77 80 48 90 5 -99 -7 -33 -13 -25 98 46 49 25 -7 -34 13 -64 -66 23 77 3 71 76 63 61 33 2 8 -35 -10 62 -99 54 -33 -82 -13 -29 4 76 -67 -61 -75 -59 -99 84 68 -97 -84 -63 26 43 -33 -3 79 -32 -76 26 78 25 -73 41 15 96 -68 6 -51 89 -23 -86 72 -25 8 -10 -1 -76 -10 -68 -83 -40 -16 -61 -75 -26 -59 64 63 -31 3
70 -86 -33 27 -58 -24 -23 11 52 -38 79 70 19 -20 -90 -77 66 -72 29 -42 -89 40 24 85 73 17 -37 77 -67 -39 40 -28 83 -63 0 35 -15 27 -51 -15 -38 37 -10 38 77 -30 -1 -71 39 -18 -77 36 -14 -76 38 28 -46 -33 16 52 25 -54 -57 -96 57 -62 -22 80 48 -20 -43 -92 0 -64 30 53 37 42 -49 94 67 -15 -64 -86 -18 10 -69 -49 -66 0 -42 -27 5 14 -5 22 -66 -89 -55 25 58
-45 4 -68 12 -93 21 -34 54 42 63 21 95 -43 -34 76 86 56 -74 20 -57 13 73 26 51 56 -63 -20 25 71 51 78 -4 55 -37 38 -61 -50 97 56 51 68 7 -100 3 -60 -77 -65 83 89 10 6 56 98 5 -22 -7 39 14 -96 9 80 70 -72 90 3 3 51 57 67 -89 -56 89 58 -8 -32 -13 7 -24 46 -19 88 -26 74 -19 -91 -42 -87 46 67 -48 84 -30 26 16 48 -14 -48 -94 -46 92 48
2 -45 32 -84 -75 -29 -78 23 22 11 48 -23 28 61 21 -86 8 47 11 47 -54 -97 -71 42 -2 -46 -50 -9 3 -45 -37 -24 56 68 80 68 -80 -7 75 20 -13 -28 4 -24 -96 83 5 58 -25 64 81 90 -65 -38 19 -51 -13 12 -24 76 82 79 -29 73 -54 -78 67 -26 -82 82 -85 27 -89 60 67 -25 -58 -35 33 -34 47 62 -23 89 70 -50 87 100 -33 97 -40 -74 45 -43 11 97 29 6 -19 -32 37
-2 72 -43 -83 -69 -44 -66 9 -100 -1 19 76 -100 -69 -49 39 57 83 -25 28 81 -99 -30 -60 65 70 -23 69 21 -35 -1 17 42 91 35 75 70 -100 42 -20 77 -55 100 -68 -10 62 -90 92 6 91 -99 -76 81 75 80 39 32 59 -22 84 82 -8 8 4 64 65 76 45 97 47 -27 25 -24 -11 73 33 -28 -8 40 -62 52 -32 15 75 73 23 -2 -62 35 83 -30 -40 -44 -67 52 -12 3 -95 -100 -22 -2
-17 27 95 -68 -92 85 67 -87 -8 -45 41 6 29 14 53 -22 -94 25 6 29 100 34 -90 -32 26 -64 -4 -8 39 -97 -28 59 61 8 -56 17 87 5 58 60 -10 -46 -27 78 71 59 58 -6 -23 60 76 -5 -63 6 84 49 -65 60 48 -93 -52 -9 -28 53 91 -42 -7 -54 -18 -9 -98 44 61 76 -63 73 25 -18 -55 50 62 -35 14 26 9 76 -75 -71 -27 -3 36 37 51 -61 -51 -21 -90 -2 -97 59 -31
12 69 75 40 10 86 98 98 81 -19 37 73 80 -53 -8 57 -100 -32 48 -29 80 -9 16 -20 44 -64 -21 -59 -85 -66 -85 -78 15 -12 -21 1 -22 -94 -72 -45 15 -72 -69 92 -55 89 90 76 -26 14 -80 25 -82 -52 -61 26 34 -45 -33 16 -20 11 74 36 -61 80 -19 -18 82 -21 9 -94 -32 -21 -75 78 -71 -53 -21 79 93 -94 -38 -36 85 -48 -54 42 -21 -1 43 -82 56 64 -1 60 -96 -35 -2 58 -70
-93 -73 -14 -76 -10 8 49 -92 -13 -2 -49 -95 77 -92 -21 59 33 -53 71 -74 21 20 -34 -20 -25 60 95 -42 51 97 48 -36 -94 -32 23 -34 -12 70 95 -87 -67 -38 -43 96 23 20 -44 -57 -5 -73 85 66 -85 -54 79 -36 5 -70 -69 35 25 -23 8 10 -63 -17 -88 -57 -20 -30 -60 70 15 93 17 -99 -62 59 30 -22 -30 -11 72 95 80 30 38 29 -91 49 -17 95 48 21 -45 62 -7 1 59 0 -89
20 71 -56 100 15 -98 70 4 82 62 -50 -88 19 60 -64 -78 -9 40 -29 94 -33 -43 73 -95 64 -71 43 48 90 3 72 73 11 18 62 -8 88 49 100 44 -76 53 86 91 -39 -59 -15 62 91 57 67 36 94 100 -32 37 -62 59 -96 -79 56 -10 -75 -1 9 -36 -54 46 -43 9 -46 -83 32 -71 -6 1 -40 -34 -68 45 -26 28 43 -44 -6 -77 -87 -54 -34 37 -6 -65 -20 -94 -70 -68 74 -99 -17 -56 -72
15 -40 -8 -94 90 72 -39 -53 -15 0 37 5 -95 -91 -73 -25 17 -1 9 -73 -89 71 -66 66 62 -44 82 -27 92 16 68 -41 -98 51 -70 -23 -16 -21 -97 91 89 -22 23 41 74 6 24 -57 12 26 70 36 66 -95 92 -79 52 35 -12 -81 65 80 36 38 100 50 94 -78 -50 52 60 -61 -24 67 -6 -68 -83 14 -64 28 29 -75 83 41 5 -44 97 11 -40 -14 -57 -74 63 3 -63 82 16 91 -97 -24 -98
-30 -28 91 88 -1 -85 -56 -62 68 75 -41 -54 -6 -19 59 -54 19 -72 63 83 -79 -31 54 29 100 -100 62 -62 -20 -7 -76 25 -96 -99 43 33 36 -83 -66 75 -50 -23 -88 -96 96 -82 -59 89 10 96 -42 66 27 2 44 -55 39 -96 -2 -30 -46 14 -64 -80 37 17 -42 -28 -84 35 51 -24 -4 -54 29 86 96 58 -88 -49 -18 51 12 -76 -97 -96 -2 4 45 -83 37 22 -13 42 -30 73 60 86 5 -15 28
88 -24 -78 -76 -63 -43 -54 -34 69 -6 48 60 -37 85 36 77 -3 -12 -1 -66 -16 51 53 44 30 41 -23 33 -13 -77 -64 -51 -73 -38 58 -29 91 -25 6 -92 77 -85 -34 -9 66 51 93 40 -1 90 16 -90 41 63 -67 25 75 -90 36 -51 -78 35 2 -41 99 -12 21 -18 -36 63 18 -34 -14 42 36 9 -25 38 20 93 95 -87 -26 88 -50 -57 -30 4 92 -90 -60 12 -38 -13 -82 -88 -19 -27 42 64 27
-61 81 27 67 -83 -69 -75 -61 -47 75 50 -98 32 -69 50 -76 -14 43 97 76 87 19 -70 -53 -54 51 -61 -63 -94 -91 -92 17 -99 54 20 -39 13 -70 -81 -48 24 0 -8 34 -35 -59 96 21 -46 51 88 12 10 93 -76 34 11 -93 -88 28 -14 -22 95 -72 95 -63 -51 2 6 -19 -32 -59 80 -72 0 -67 13 95 86 -96 37 -46 -69 -83 62 26 -93 -36 -68 96 53 70 -92 3 -67 62 -26 -6 44 16 54
-77 -97 -27 60 -32 -43 39 74 -70 13 -59 -32 -21 29 56 -64 43 -87 87 88 -48 -97 -96 -38 95 -49 -64 49 -37 -31 33 -54 10 18 98 77 -57 45 31 -80 -87 -42 99 36 92 -25 -48 -15 -45 59 -92 -92 -45 -58 92 4 -65 -19 61 -13 -85 83 75 31 -17 -58 -85 11 -79 -38 32 -97 8 73 83 93 88 -15 84 68 36 -37 56 44 -12 -87 -35 -20 67 -14 25 -88 -91 95 -40 19 -84 -10 -22 -31 29
40 -17 -57 61 31 28 45 74 -62 58 -34 -55 -99 -40 22 -33 74 56 40 20 5 -92 -30 35 57 14 3 4 -48 10 14 -22 -41 -55 14 -3 -1 54 -95 -64 69 -11 39 -64 -54 -32 19 -100 64 -43 -26 -11 -82 80 -98 -65 49 -51 81 -54 71 -53 12 -35 -62 83 98 45 -78 -2 -43 -78 -57 16 -66 37 -61 -2 58 -41 -35 46 42 -63 -41 24 -81 -51 -29 -58 12 -61 8 -45 -7 -81 29 27 39 -47 -16
-27 80 -93 7 98 100 98 40 55 32 -22 56 -14 99 63 17 -10 -75 -91 -61 -41 -61 84 50 37 13 -6 -91 -30 49 80 83 49 92 -62 65 -42 15 -39 80 16 75 87 -89 -83 69 24 -14 -14 -25 43 -25 -47 -27 -64 57 82 -22 85 30 -59 -55 -49 -87 -85 -59 -35 -7 87 -32 51 -48 84 72 77 58 -98 20 -34 97 -83 72 -26 70 -9 -57 39 94 -34 -49 36 -98 -59 30 -13 -70 77 19 99 98 27
98 53 -35 6 97 3 56 28 -70 -9 97 -88 16 94 37 93 45 58 -36 -15 82 -41 15 -75 83 91 80 13 32 2 -55 26 -45 29 -30 -28 -61 -3 -61 -66 -94 14 -33 -8 62 -2 -32 -86 5 -98 -45 77 98 -86 -57 -84 -6 -50 -1 -66 89 -26 -75 -49 12 25 100 2 -26 31 -98 10 16 -68 60 -86 -12 -29 27 -48 81 -20 -5 99 12 -86 -57 70 -13 -13 -97 -68 -38 -83 -1 85 86 99 86 27 -6
-60 -12 -8 -23 -84 24 -72 -6 38 -84 22 32 93 -73 -24 14 36 94 2 1 35 -18 -58 -57 -74 82 -10 -70 -4 -63 79 21 -97 27 -92 75 67 99 99 31 -3 44 35 51 -83 -12 93 -37 -89 83 14 99 -77 94 -52 -75 -42 -49 -10 -89 -49 -77 76 -14 -52 -21 -11 -19 18 96 -63 -77 -39 78 -4 66 -85 -50 32 -61 18 -52 46 11 -82 100 -68 -38 47 -4 -92 79 -46 63 65 13 -36 21 36 34 -5
-43 -3 30 -42 96 -62 -27 -23 -50 81 70 -61 23 -21 91 73 20 99 15 49 -54 -16 -28 82 -49 -39 35 -19 81 75 22 -24 16 -41 -65 -38 -26 26 55 50 16 47 -96 -10 56 23 69 -5 10 -42 61 -18 -77 40 87 -35 86 52 -80 -4 45 19 88 -55 -97 -96 32 -17 -48 -96 -2 27 30 79 -61 -50 -80 -13 -18 38 59 53 78 54 -41 -62 18 -88 40 18 -56 -62 -43 -73 -70 -91 -67 -7 -92 69 -25
2 4 48 6 -50 45 -60 -84 -91 57 46 78 62 80 -88 42 -21 75 71 -20 99 75 -100 -49 -77 -73 -24 38 34 -47 -61 -63 -56 -63 44 -85 -1 78 76 -19 5 1 81 65 83 95 71 86 92 -45 81 79 -10 -31 58 -41 -12 -42 34 -83 37 -44 -51 -64 63 77 97 64 -60 -8 27 24 -97 -19 -20 54 -44 -91 17 -74 89 55 65 -31 85 -14 -97 98 11 -72 -29 81 46 18 37 -58 -89 81 67 -28 62
-16 -28 92 67 -86 -67 32 -80 82 55 -31 -61 89 -52 57 -24 -46 60 71 -79 33 -12 -38 -84 -38 76 -95 -1 86 93 13 17 -64 95 -37 -15 -51 14 -43 -10 29 65 38 7 45 -65 73 23 -15 -50 -5 -39 -2 -69 -87 25 -74 -68 14 -41 36 78 -40 10 -100 -7 -19 72 15 -31 53 -78 2 64 -76 95 -97 26 -69 -53 67 57 20 -96 57 99 -79 -64 -68 -97 -88 42 -19 57 100 22 -43 -4 -65 -27 63
18 -97 77 14 -92 -53 -95 71 22 40 28 -6 -28 5 -90 30 -64 -80 92 100 -47 90 10 -73 92 4 86 -33 44 59 -2 -99 88 -82 73 -36 93 39 -10 96 -52 57 90 -21 -6 -76 98 97 35 68 -75 -36 59 -84 -38 -100 -97 -40 20 7 52 -73 -95 17 -1 -20 -79 -66 25 -64 -91 -10 -45 36 38 94 -88 69 -74 90 -17 82 -28 29 82 22 75 -16 43 70 -10 -77 100 18 -21 9 37 -13 90 69 -17
6 -10 -14 36 -1 89 -25 64 -6 -33 28 -89 15 -25 94 65 -91 -39 26 -28 19 26 66 14 57 -28 56 43 39 -85 -86 42 56 -47 -29 82 61 13 89 -64 77 75 -41 4 -40 -26 7 -78 28 -67 74 -46 -5 84 35 20 15 6 -4 13 50 16 4 41 55 -50 99 -22 -15 65 -16 83 -41 10 8 79 90 78 -78 78 -18 -29 86 -88 22 -39 47 -51 73 55 -62 35 46 -57 -13 11 -71 -60 -46 -39 -33
98 81 74 12 66 -29 41 29 73 100 55 14 -66 -38 92 -14 7 13 56 2 42 -53 -9 98 34 35 24 -1 55 -44 -15 19 56 72 -98 -73 20 35 -15 50 -40 -53 49 74 -14 -89 82 66 -21 -54 74 -36 76 -67 -96 3 42 12 60 74 -100 94 29 -74 -23 55 21 86 39 29 -22 15 50 73 -35 3 81 88 39 -100 -26 91 -13 21 -65 -31 73 22 -11 26 57 -56 -73 -28 72 -67 -93 -53 63 98 55
3 -74 -6 -23 -68 -86 15 -70 76 -50 60 -32 -6 76 -10 50 72 46 -92 -3 -9 90 94 -45 -84 -43 13 -16 25 97 -76 -47 39 -33 -86 -65 -36 -96 -27 -8 -48 -81 -97 54 28 -87 15 -37 87 29 19 95 -49 -65 79 59 16 39 49 -95 -76 3 11 -60 54 -71 64 -87 59 67 40 92 -46 -99 32 64 -79 -86 59 0 55 74 -31 97 29 76 -39 32 59 -9 50 -64 35 -82 41 65 81 23 60 20 -99
-31 -35 54 54 20 90 48 -86 -54 24 7 -67 -72 -71 -86 -44 61 48 -53 43 90 -21 -45 -82 -12 50 -68 41 -2 81 -44 90 10 17 -53 -36 19 -45 74 -93 88 -99 3 76 3 -17 -6 61 -31 91 -92 -3 -41 -76 -91 -98 -48 -88 -86 13 6 77 -56 83 -73 -55 -74 -58 24 40 -19 -31 -56 91 -1 8 85 -97 7 0 77 21 59 -25 41 -35 -29 94 49 -26 -51 -52 -97 32 -33 30 2 -36 -13 -98 -50
-44 96 49 95 78 -24 34 -42 15 11 -53 -25 12 -90 -19 -34 -70 61 93 -40 33 7 -18 51 30 80 -55 55 87 91 -45 50 96 -30 -13 0 71 -6 -78 -32 -70 -91 98 -56 -44 -31 -48 -74 -25 -62 69 96 -26 -78 -28 47 -37 -56 -19 -25 70 -26 17 -38 -75 22 -40 -34 8 49 55 20 -52 -33 49 100 70 -65 -61 66 -7 80 -64 -7 -87 -3 55 4 -95 -87 -62 -95 -80 -96 9 72 95 -31 70 12 -6
-87 33 54 -79 37 -30 20 26 58 43 -38 -35 -17 -35 -48 -74 72 -79 -58 -13 27 -62 77 49 38 -1 -42 65 -62 26 46 97 5 82 -20 -38 -32 -14 -96 86 50 -93 68 95 -91 -91 60 -83 -86 59 -27 9 49 65 -38 -31 -41 -89 30 -8 -9 27 -99 -18 -78 63 5 -97 -39 94 -93 28 -59 -92 65 6 53 -95 49 31 -96 37 82 -3 -25 -40 69 55 70 75 77 -73 99 92 73 -50 2 -72 -12 -90 -35
81 -40 75 25 -12 -64 -7 -45 -10 29 28 32 55 26 33 25 -50 80 97 53 -87 2 51 13 -7 4 -20 97 -42 31 -89 -94 45 -46 -59 -89 68 -47 54 88 -87 55 -69 56 -80 16 55 29 -28 -68 -4 5 -89 -82 -74 34 -40 70 -44 -81 -73 -36 86 3 81 -45 -79 -74 34 77 43 -31 -16 -10 72 -3 70 36 -7 90 -53 39 76 18 -83 -52 2 20 45 11 -54 -36 69 77 87 32 49 -3 -66 60 -65
-88 4 -3 94 -53 -50 -93 -32 58 18 11 89 -84 -53 -82 96 74 -95 -44 73 -34 66 32 -18 12 35 -75 -85 -9 -55 -57 -19 19 -69 50 31 -87 -88 -4 3 75 -60 46 9 76 -16 -51 -24 -49 20 -84 91 97 -63 69 19 23 88 14 -28 -71 82 -1 88 24 50 14 -98 -55 -33 50 -27 -26 -53 -95 -77 87 -63 31 2 9 11 -42 -12 40 -44 94 -95 -25 -64 70 -69 -86 -2 -62 81 93 26 7 -67 -62
41 35 -75 38 -63 80 -67 100 67 77 89 85 77 -23 73 -30 -91 96 -83 78 -35 -23 -26 89 73 89 -85 -35 36 94 -55 48 14 -86 11 84 -5 29 87 79 32 -60 61 -24 99 29 -53 70 74 -50 -13 73 11 88 -31 -11 -32 -53 53 68 93 61 25 -15 73 -51 -72 -89 -23 97 48 -43 -8 -40 14 -21 -16 41 -35 -13 43 -46 -37 -41 95 -27 13 -1 -51 10 -57 -22 -69 84 57 -53 -27 100 48 87 30
-64 -59 -99 58 19 -9 89 63 82 7 -72 29 -62 -18 18 -36 -55 11 -80 53 -40 -14 -28 -33 54 38 54 -62 53 -9 -2 -83 -17 -27 -3 52 -49 68 -6 -87 -40 24 -86 18 72 14 22 52 -18 41 35 11 43 40 -59 -24 44 -51 -97 95 74 41 -87 -81 -23 -98 2 92 6 30 72 -3 -29 57 -30 -6 36 99 -96 -29 -96 -32 11 93 -11 54 15 -38 69 28 49 51 53 -82 -34 91 -85 32 -81 -11 89
15 46 72 81 -40 -53 -28 61 -20 -99 -86 -88 -64 -50 99 -15 63 -33 -65 -4 25 23 16 25 -12 49 13 -28 -38 -57 99 -39 -48 -26 57 -58 -28 84 79 -79 -66 29 94 -83 -65 -24 -4 -25 -66 -82 -78 -30 17 -4 19 33 49 -85 48 79 78 -57 -80 -90 -43 69 63 25 -54 95 42 -84 20 99 61 -23 -44 -38 -61 37 -84 91 36 -73 24 -74 42 -42 52 -44 -29 44 -66 44 61 95 21 -45 -99 57 -4
-72 -1 -16 -82 30 -95 58 -4 -3 -49 25 72 94 -28 -10 39 -8 72 -92 -11 -96 80 66 58 95 12 -96 -34 69 64 -68 75 -23 -46 90 -52 -77 77 -77 -49 -42 -38 -61 48 4 -68 43 -14 30 73 1 9 19 -88 -97 35 -79 57 30 85 -69 73 -12 -69 -51 85 48 8 -76 -25 69 71 93 100 -4 -40 21 -38 -57 5 70 -94 40 71 82 39 -45 18 6 -90 100 45 73 33 71 -27 33 32 -51 -39 -49
-51 -43 -49 87 58 90 -46 -42 -20 -13 67 -99 10 78 9 -14 -87 62 14 -7 71 -75 -40 -94 78 2 -5 44 -20 38 -73 -19 93 81 -69 -54 34 -19 -30 -37 81 -65 32 41 -99 88 -62 -2 -9 19 -8 -98 -49 46 -68 -62 44 -48 -88 71 -20 48 70 -66 34 63 -89 55 -32 -65 89 -17 78 -73 -38 -11 16 88 90 64 -73 63 -60 8 -96 99 -87 58 -24 39 45 -30 -84 13 91 37 87 -58 -3 -59 98
-89 -35 34 24 82 -29 -14 31 -45 -64 83 38 -96 31 -53 63 -8 -98 -2 -59 94 -67 -48 41 -61 -12 -94 -46 -58 -56 44 98 91 65 50 29 -55 75 -98 -31 27 -78 -27 13 -84 -48 55 30 25 57 71 -57 -80 -96 -84 9 6 31 18 -2 2 -9 -32 -61 -17 -1 66 78 78 26 -34 29 3 -55 -43 64 -46 -77 -44 -28 -98 -26 63 -19 2 56 -6 -13 73 41 23 19 -99 -15 -61 -98 -10 8 -57 30 57
76 -2 -71 -16 -63 -66 31 7 -63 54 -2 81 5 -12 -5 -52 -48 91 47 26 27 29 -1 62 49 50 44 98 -36 78 -17 -94 -61 17 -77 -55 34 -3 -63 82 -32 -75 -30 -6 0 41 63 55 -43 -48 -89 38 0 38 66 90 -73 54 52 75 10 37 -14 22 -25 -45 -3 72 -69 74 1 95 72 -65 91 -47 -38 8 20 -5 65 -28 53 -30 45 25 -56 27 -30 -97 27 94 -14 96 97 -22 -90 67 38 96 -8
-63 36 -78 36 -75 12 32 -92 74 -83 -53 27 12 -3 -52 -7 27 -72 -39 41 12 -57 -14 69 75 16 49 -43 -40 37 27 -97 83 60 32 63 44 -12 43 96 47 89 17 -11 45 77 59 72 99 -65 -73 -10 66 1 -10 8 64 5 53 -43 -10 -52 -44 72 22 -98 17 -72 -33 -11 -34 -52 54 -6 9 -43 -83 -32 -16 -32 84 32 90 -76 97 59 62 7 24 -9 62 -28 77 15 -26 38 97 3 -5 -84 -56
13 73 7 100 84 -58 -27 -1 -49 -18 -97 94 -3 -100 -62 -71 -6 -43 -42 57 51 32 -56 -35 40 -98 -59 95 -6 48 -5 -58 54 -84 -99 30 27 85 60 -42 -60 -58 3 -4 4 43 -76 37 -4 38 -6 79 63 29 67 4 -67 -88 5 63 -91 41 27 -83 -79 -6 -57 -92 39 -43 -20 32 100 -60 -8 70 62 -79 76 87 -24 61 8 58 29 -48 22 97 9 17 29 7 0 8 -66 88 33 -19 -54 75 -56
95 96 -68 -61 22 90 -40 81 -80 42 32 -66 -9 43 10 -26 94 -51 -94 -95 91 94 39 63 96 -25 -67 87 94 -42 -25 88 -32 -55 -13 -66 -2 -43 36 -54 55 -30 -6 89 -56 -29 -7 79 -96 17 23 93 -8 49 -40 -39 -40 26 -86 -95 51 9 -11 -74 -34 -73 63 -27 -78 32 74 -52 -60 -95 40 50 -73 78 -42 -12 19 -45 -19 -30 -91 48 3 25 -25 81 -53 -66 -89 -11 71 -39 -19 -48 92 37 78
85 65 -66 35 91 14 1 -93 61 59 -16 -7 -70 21 -44 12 38 -21 18 61 -1 -17 43 -94 -84 12 -58 -47 -91 -6 66 39 87 28 99 68 11 34 -56 -67 -53 77 91 -77 -53 -81 -49 -7 -52 -16 60 74 -2 80 -49 55 48 -26 -33 72 -57 -93 -55 87 -98 35 -91 -46 -25 8 -52 -48 75 96 26 -65 33 -48 -64 83 44 -73 37 23 -64 -58 49 -9 71 -6 66 46 87 0 38 23 42 30 65 -73 84
-44 -36 94 -44 86 -38 52 95 71 26 -45 -47 10 -76 -69 -80 -55 60 -73 44 54 -51 23 -40 23 -7 -99 -94 -73 27 52 -10 -4 -38 -83 -72 -45 14 -89 96 -63 17 -84 32 100 -35 23 -49 -25 -33 61 55 10 -25 73 13 -58 -63 -73 -58 -74 -43 48 -2 -8 33 -70 100 66 13 68 -94 -9 -97 78 99 -27 -5 6 -91 46 -54 38 50 11 40 -57 -91 -68 -76 35 62 75 -79 -88 -55 14 51 -17 -37 -83
-29 91 18 -88 -74 -97 95 70 15 -16 -68 -66 73 -11 -83 -13 -79 -24 96 -25 26 72 52 -55 9 -62 69 83 11 26 59 84 -7 2 98 38 15 -1 67 81 42 26 46 76 -81 -3 -28 63 -57 -46 -16 37 -99 -97 -34 100 82 -63 87 -87 49 57 26 16 -34 -33 -58 0 -71 -58 -19 -52 2 -16 15 -93 61 -95 85 40 38 -98 59 -66 62 -25 30 55 91 -90 -77 -4 -70 -45 44 9 -34 17 -41 -82 -39
-75 -47 -3 -34 16 -69 -26 -20 50 -50 48 83 7 -28 30 -16 -98 64 -96 -9 -95 65 96 -74 42 -30 49 25 56 27 25 73 -82 0 22 16 91 7 6 -73 -42 -65 48 -25 -78 54 21 -80 93 -47 -70 84 60 36 -2 32 74 15 9 -99 18 -53 62 -74 39 57 -4 -71 54 36 46 39 6 53 -27 16 -57 21 46 -30 96 -38 62 77 17 56 3 -52 95 96 91 72 -93 -10 26 19 32 36 20 91 -83
54 -5 7 58 75 3 -85 26 16 57 75 -25 -40 -100 46 75 92 6 35 -68 -38 97 21 -47 87 -62 20 17 86 -85 -15 -33 -30 55 -66 23 -89 86 3 37 -19 71 -69 -93 80 77 27 -95 -98 30 -33 91 15 87 -70 98 -79 -43 10 -14 -25 53 67 -13 -79 23 10 10 23 74 6 -40 40 -23 94 -29 -38 26 -70 -22 27 75 -25 -2 92 -39 20 -88 56 -7 -58 -58 27 -77 -95 71 -25 21 77 -43 57
47 79 -35 26 10 49 70 44 8 -53 -66 -24 28 -74 -49 -38 75 31 -50 17 -13 26 -86 -33 56 54 90 -27 59 57 -5 -50 4 -81 -6 -14 27 -90 31 69 34 82 -30 -95 -29 21 79 40 93 -15 -3 -98 41 9 -33 -84 -85 -76 -66 66 -31 47 98 -85 50 -44 -100 -87 60 -91 4 64 41 -91 -80 -20 16 -72 42 24 -26 71 12 79 44 95 -74 -12 21 84 54 -100 -76 77 -42 11 98 99 74 -81 -12
23 52 59 -66 -39 17 -71 46 -82 -26 1 -36 52 15 27 54 -68 31 69 -44 -83 -7 19 2 80 49 45 -78 -2 74 41 -33 74 -68 21 -34 29 100 -2 -21 -82 -86 -20 -97 37 50 -66 23 94 78 -50 -21 -54 25 30 -96 -12 43 47 -61 83 -100 66 18 -16 39 33 -12 -70 25 -20 -44 -98 -81 3 -3 1 -13 -8 -65 49 48 -47 -67 -64 26 97 -40 51 19 -34 24 19 -6 94 63 -45 6 -75 93 -95
-77 -38 -87 55 9 92 49 -48 87 79 -79 56 68 78 -71 -9 24 76 43 -7 98 8 13 -97 25 -78 -10 44 -86 69 -39 89 70 90 98 49 -77 -44 74 -4 27 87 49 -31 13 -77 -27 6 98 45 33 -12 59 89 -99 37 12 94 14 -42 93 -97 43 80 14 46 -45 -38 69 -17 55 -9 -62 12 -5 -90 65 62 56 55 -97 21 43 58 64 -28 -48 91 -14 -24 -41 54 -62 -53 -7 49 -68 -85 52 44 18
61 83 -19 -55 76 -56 -97 85 -10 52 0 35 27 59 83 53 64 -14 -20 -94 -72 -72 52 -68 -57 -64 -86 -91 97 91 -85 -33 62 91 100 55 5 -92 49 53 -1 -54 -42 -24 38 16 16 -47 1 34 -27 -11 -92 54 -23 -72 29 4 88 89 -92 57 -62 43 -1 24 67 -55 -62 99 -89 79 -57 -42 -41 43 -1 16 23 -55 95 -36 -49 -21 34 8 -65 18 47 32 -34 93 -25 -32 -21 -68 -2 -26 5 58 -51
-49 8 -37 26 98 72 -71 -66 -56 -24 -47 -59 44 13 -34 78 -14 90 71 52 8 6 76 -28 -93 7 63 -1 -43 -51 -12 -22 -41 62 -97 -2 47 -84 -45 -93 66 66 -11 -7 14 -11 35 46 16 -96 35 27 11 96 22 43 34 70 -86 -29 -55 83 -82 -75 77 -39 91 96 -3 -95 19 -88 -8 9 88 71 -97 64 9 31 20 31 -51 95 -36 -3 -64 -53 81 -15 48 36 -40 93 -38 -67 -37 59 58 62 -74
85 88 59 37 53 87 -34 15 -18 0 -84 28 -30 22 -88 -100 -16 -53 23 24 -95 22 -56 -98 -45 51 -36 97 20 4 56 91 99 11 -11 14 11 -41 26 20 38 22 55 -31 47 -18 67 -30 64 -67 -75 -55 -11 -96 -81 12 66 82 18 -61 -76 -37 -69 32 8 -86 -23 2 -8 -69 53 -54 5 99 33 -48 -94 58 34 78 -93 -65 -37 -97 -67 -16 2 81 54 -85 -65 -6 -15 1 -59 -13 44 -77 -10 55 25
80 -31 25 28 81 -68 -79 69 32 16 -37 83 -18 -9 65 -51 -17 96 6 2 -82 1 -37 59 -57 57 55 89 83 -84 45 -33 -47 -83 -45 -85 -85 -15 8 37 0 97 5 97 100 -67 -76 97 53 -81 45 -34 -5 -44 96 -1 -10 36 -93 79 -9 83 86 84 62 -16 48 -31 5 45 -54 15 63 20 14 -43 77 9 55 -45 77 36 -55 79 -96 71 -18 -45 -38 4 79 -24 2 -90 -29 91 21 -6 -86 59 54
-80 -23 42 -7 -13 -87 -76 14 19 22 43 87 3 74 22 -86 71 3 -23 -98 -96 -94 33 -88 93 11 59 -6 -24 63 81 57 28 -10 -88 1 25 -29 -12 57 72 49 -86 82 17 72 -92 -49 26 57 76 -20 69 -7 -56 -90 4 6 -95 80 5 -41 87 -52 -30 -40 89 33 -43 -65 -98 85 83 -70 -28 -50 -94 -56 70 -37 24 55 27 -81 39 -84 50 56 -86 77 36 19 -74 82 -94 41 -49 61 8 18 -42
-76 42 85 -80 99 70 -20 36 46 -24 34 -45 28 -32 38 -21 -2 7 92 -97 90 -30 18 -24 -90 -74 -24 -71 -71 -17 -92 -15 -39 7 43 52 -25 -26 -91 31 -33 47 -17 -8 -28 -72 -25 2 -73 -45 -4 31 74 -69 8 -61 74 -51 -42 -46 -58 -3 90 43 83 -25 38 -85 -68 -91 24 3 -27 -81 88 40 -71 65 -30 27 27 -87 11 -41 -37 54 -64 60 58 67 75 -11 -3 -90 16 -100 39 99 -4 58 -70
41 29 -2 -100 -86 88 14 57 -63 -49 1 -71 -5 -86 78 31 -35 6 35 25 -98 -55 -83 -13 -7 42 -16 -23 98 52 -23 -90 3 -4 -93 -39 -1 73 -52 -36 80 52 19 34 -25 84 -66 47 50 95 -68 -12 -36 30 -26 25 40 35 78 -66 -83 -17 14 -11 -82 -98 89 30 -4 10 -78 78 -61 57 66 -64 -89 74 -7 -79 38 16 -31 9 -63 55 -7 -69 -16 65 -33 10 9 59 46 -91 46 20 -73 29 -91
17 59 74 -96 -6 -39 -64 -77 -91 46 -37 56 -7 -52 -11 28 4 -100 -3 -90 -97 51 -65 -70 -92 -72 -74 13 26 -33 19 31 72 18 85 -67 -89 -84 97 -3 -1 57 2 91 -98 31 38 88 -2 37 -51 80 -53 88 1 75 -15 -9 -39 -98 -33 64 35 -96 -67 -98 -91 -88 18 -15 26 -70 -59 -9 -95 -70 85 76 -14 25 88 -62 11 -83 26 14 53 -39 14 -9 -18 -20 28 7 -92 6 26 -49 44 52 86
-41 15 94 -44 16 -50 -81 -79 38 48 27 -51 -82 20 -48 -15 5 -6 12 -85 -16 -5 24 -18 74 80 -52 54 100 -19 30 81 94 -33 43 56 97 97 -60 90 66 53 -9 -86 -22 1 -39 16 5 -87 -37 -74 22 -6 6 -59 -20 81 30 -35 -57 -11 -25 21 87 47 52 40 97 -20 -29 -79 11 90 -74 98 12 58 -2 -27 -97 17 -25 80 82 -25 -98 6 -45 71 17 63 75 73 -90 39 23 87 100 34 -15
24 62 -12 53 98 -14 -23 -62 37 95 49 -40 -82 -20 -93 64 -64 46 10 -41 -81 -27 -2 -6 75 -97 40 -66 11 -34 38 39 -73 98 69 -44 -3 -85 -76 -45 73 -87 76 -18 77 -91 -62 -26 69 -3 -52 52 94 -54 -92 76 -60 -86 33 62 -84 37 -90 2 17 85 94 88 -88 -19 -51 10 -1 -5 -43 -1 97 -26 -82 86 75 -95 -34 -63 -42 -82 -55 -57 -43 2 72 -58 -47 -19 21 50 74 62 -67 24 11
-52 6 -43 100 56 -79 -56 -80 -74 26 -83 -74 -31 -41 61 -67 -5 1 -67 -40 -94 -57 6 85 -84 38 -100 97 34 77 52 17 63 39 99 -81 -81 -11 -40 38 -51 -65 42 27 43 17 49 -1 -68 -17 -30 -2 17 -35 -25 -12 -4 -49 98 -65 -99 -83 -49 86 54 80 -63 -91 -80 -18 -5 99 -86 -42 -87 -83 -71 81 -74 0 -73 11 25 -91 41 76 88 100 -36 -79 65 -52 70 -98 -40 18 97 34 -96 36 6
-19 -54 -31 9 -81 26 25 -82 -24 64 54 -53 -59 -14 79 -95 -54 -90 -34 92 -63 10 -75 -2 -67 95 61 38 -65 -17 2 -27 23 71 31 -48 33 35 57 56 47 0 43 50 -18 -63 -11 24 68 -92 -89 -88 -15 -9 -20 57 52 -68 -67 98 -44 4 80 -71 45 -50 -38 11 16 34 -14 -55 -9 89 4 -26 72 -61 57 -39 -16 -52 -93 -53 -91 -68 41 23 -48 -98 91 -79 16 24 -55 29 -68 42 -21 57 76
-67 51 39 -77 -95 -84 3 6 9 -25 -92 -50 -22 53 69 -81 -27 93 2 -1 -90 55 93 -75 77 27 -32 70 -30 -44 94 -97 -86 -41 65 -41 -13 62 -11 38 92 -57 -54 60 10 48 -3 20 85 -21 0 56 91 -79 -28 41 -78 52 46 60 89 69 65 -4 66 48 59 -41 -5 87 85 97 64 84 -76 54 74 80 -90 51 31 82 -78 -78 76 -95 39 32 -10 -9 56 77 -19 74 -82 66 -97 -23 62 82 46
11 -62 88 -56 -63 -66 14 7 -94 -54 3 -90 4 48 93 65 7 -69 14 -4 46 -70 46 -56 -94 41 -70 -58 -16 48 76 -23 56 -74 45 74 -15 56 -70 -5 50 44 41 94 -63 -39 77 -40 -41 68 91 -78 77 96 14 69 -52 72 -18 -74 98 33 -22 46 -98 25 70 -100 31 79 20 -72 23 71 1 18 46 57 80 82 34 -7 -10 -38 17 56 72 54 -21 4 79 73 18 4 22 80 -81 93 54 -83 -87
-72 23 75 -32 -39 49 -13 35 99 -79 24 -26 -33 93 -33 -61 -36 75 -74 -49 16 -34 49 -27 100 -9 36 -11 -11 -22 43 -11 21 -57 96 -3 -88 67 -90 -9 -55 -24 20 44 -83 37 -37 -99 -42 84 29 82 46 -53 -47 -4 88 -46 -26 -54 70 7 13 76 -45 -49 -47 12 -18 20 90 -85 39 78 -79 -44 -90 -27 41 57 2 66 -39 13 73 -40 4 -86 96 29 0 -14 -41 -78 2 75 76 -52 -79 8 -67
-20 -37 62 -95 5 56 4 -31 -35 69 -7 -50 35 -44 30 -68 54 -87 -6 -97 -42 -69 -29 70 53 -45 -34 60 -60 27 80 -93 21 49 -37 -40 -90 -81 -14 -28 -15 26 -41 -37 56 90 68 6 79 -47 58 44 47 -62 -92 -9 -33 90 -20 -66 -29 86 -52 100 -83 80 -31 -57 89 8 -45 -55 -21 -69 -45 -88 -40 9 24 -32 60 -11 44 -65 -24 -13 -94 77 -78 55 93 -66 -73 59 -20 38 56 -83 -66 -81 80
5 -45 -1 -99 36 -54 35 -33 -16 39 -11 -100 -64 -100 44 -33 -96 4 -95 38 0 -7 4 -65 -97 56 -53 92 54 21 -78 32 -78 74 -76 -34 -60 47 66 -69 -11 64 -80 -89 -59 -14 -13 -76 76 -24 -78 54 -80 -96 -65 -52 75 33 62 80 -46 -62 -19 42 37 8 6 51 90 49 70 49 -32 18 -59 16 0 29 -85 77 -6 38 24 -73 74 14 -17 1 88 100 23 -35 -44 -92 78 -84 -72 2 54 -78 78
-90 51 -99 80 -32 -73 -100 86 -85 -46 57 -4 -14 -34 -17 -80 -61 60 25 15 -68 -76 10 -83 67 -36 13 -57 -60 78 69 -24 42 24 96 -54 -71 7 75 -50 17 25 -86 90 63 68 -6 71 75 41 -51 53 24 -95 55 93 42 64 24 71 17 43 -35 -41 10 -10 75 -48 60 6 95 39 -55 25 85 24 -70 65 91 -11 -92 -57 -10 7 -30 30 -59 -74 -48 -54 42 81 6 78 73 66 58 -62 -13 -79 8
89 -53 -100 2 66 49 -56 -37 83 -24 94 25 83 -62 45 86 -12 7 52 -75 47 -100 -44 -93 -82 -14 -71 -91 87 82 89 4 -28 11 76 -99 -43 -57 -59 -99 -5 60 -5 31 31 -25 0 88 75 -18 -91 -49 96 -78 -22 -10 47 -42 71 -44 -31 46 -23 1 9 49 18 48 96 54 40 70 11 72 81 8 82 -38 -82 -83 75 73 29 -82 36 13 -68 -1 -35 79 -54 83 -42 83 -99 94 32 -55 18 30 38
1 50 84 47 21 92 31 -33 -67 66 72 -9 -43 23 41 96 99 -63 37 34 88 25 98 -6 85 81 -7 17 36 14 -51 -78 23 -50 -2 -29 94 -34 -76 -66 43 66 50 67 87 -12 4 30 -9 -58 45 14 -73 88 29 58 53 17 52 -54 -94 86 -27 92 -14 41 87 -82 -38 27 37 25 -35 -35 14 -57 51 -15 48 23 -40 -5 86 -64 25 2 -12 55 95 -19 -31 -59 72 -69 -1 49 51 56 12 65 29
-25 8 -56 41 25 -76 99 -41 57 80 -41 -37 -93 64 -32 -62 -9 92 -86 5 2 -67 36 64 -52 1 67 43 59 77 -9 -60 -4 7 -30 -38 -81 7 48 -66 -65 83 -83 74 -14 52 45 24 79 -14 75 -44 87 -13 -53 -55 50 -85 38 72 37 5 52 -8 65 62 -95 82 3 -15 -85 -45 64 94 85 88 -27 -67 -78 -67 89 72 -39 -48 81 -44 75 -95 -66 -72 -90 -71 62 14 24 57 -29 -92 67 24 -43
-77 -3 92 29 -49 10 -91 -98 -13 93 -81 -66 21 -93 75 24 -85 -100 -94 48 -25 -9 -67 -75 -63 -88 -80 -54 97 -61 -97 5 57 -20 -13 -96 65 83 -15 -52 29 34 98 5 -55 -95 -16 68 36 25 -18 83 -47 78 17 14 -41 22 35 53 35 82 71 85 52 -71 26 85 -35 -64 87 41 -17 99 -90 -31 -39 -66 -20 -74 48 61 75 -48 81 -95 -78 39 -79 59 80 83 -38 -77 97 43 91 23 -65 97 -53
68 -80 13 64 1 -72 -69 98 16 -100 19 17 -79 -21 -54 -1 49 -14 80 -19 96 89 -23 -4 12 -60 -1 65 32 64 -90 98 2 98 -98 -88 -57 64 17 -33 19 -93 -20 19 -1 -71 42 24 85 -52 -65 65 -89 95 49 30 38 -37 82 88 66 72 -40 38 -74 80 72 13 69 -70 -61 -98 14 77 -17 86 -51 -35 13 -78 18 -12 -35 19 -40 -43 -71 -67 89 -90 -36 17 -38 44 -67 -52 -73 24 25 -75 78
49 -74 23 -66 45 -51 86 40 -30 -2 92 -39 24 67 58 -77 81 -50 -56 59 63 52 -71 24 60 93 62 -56 80 -94 16 22 -75 -19 85 54 0 -27 74 -42 -33 -91 -20 95 9 62 -62 -60 1 -34 47 65 -51 34 13 38 -72 53 2 99 16 38 -68 80 -6 -22 -90 47 21 -15 -52 -62 56 -29 18 -44 46 86 80 87 97 81 -35 -31 -18 75 -42 8 -65 92 -73 54 -82 -26 20 -77 99 -53 33 -69 9
-8 59 -5 -79 -98 -30 32 -59 47 -13 -53 -35 -57 25 68 74 -95 29 -26 -57 70 -55 98 -22 86 -26 -65 -42 -11 18 22 -77 -13 38 -68 91 86 -55 38 80 -67 95 -10 -32 27 68 4 -31 -44 63 53 60 45 -75 -61 -41 -30 0 -81 55 -52 -29 -66 7 4 -89 -82 2 31 -49 -97 -16 7 1 34 91 8 -51 61 -56 -15 -35 -88 8 -12 47 -68 -44 58 37 87 23 76 53 -86 92 -9 -68 -49 -69 20
-45 43 -68 -88 -17 -42 -33 -88 45 55 -83 82 25 66 36 69 -77 -23 -65 42 26 -43 94 -77 -93 89 -91 55 45 -31 -13 100 -45 80 -48 78 -97 85 -52 53 -61 88 50 -65 -69 87 61 -74 77 -22 -42 -72 -13 80 -92 22 -19 9 19 -63 54 67 -63 -83 48 69 53 83 38 -72 60 -57 -30 -8 -4 46 -8 -81 30 19 -72 -51 49 -76 -56 -27 -90 -63 -68 -63 -79 91 -15 63 -78 -33 -75 71 -29 96 -48
39 -89 86 -11 30 39 -21 52 -78 22 25 88 -51 32 34 93 -84 -11 -36 60 60 -38 58 17 -5 -53 24 90 14 43 -40 -7 92 28 -80 -19 36 16 98 -83 -97 -38 96 -21 -55 -5 -65 -67 69 -52 37 -39 55 -34 -14 7 -86 -97 37 10 62 -30 -75 45 6 70 80 37 9 58 88 96 -89 86 20 -87 -48 -95 -98 60 43 98 82 22 -27 -51 -85 -59 14 -16 13 -82 62 3 -22 21 -78 -67 -5 6 -54
62 4 -41 -82 -26 -80 -93 -12 10 7 -6 6 -89 -6 -35 22 -45 -45 -31 34 -42 81 86 66 -84 -63 -99 -77 76 76 12 69 -57 -42 -45 -22 33 -42 26 97 -59 -69 86 -56 -88 -12 41 -34 32 47 71 77 80 -57 -18 65 -20 42 44 15 44 -97 -42 76 -19 93 11 -84 100 -52 -22 85 42 -48 -58 73 -61 -21 -40 87 -60 -68 11 -18 -19 85 48 -46 45 -75 -40 -97 -75 -30 -33 -39 11 -94 29 58 74
-46 -63 20 -10 -38 71 -98 10 -19 -29 23 48 47 38 -59 2 6 -32 -36 -20 -92 -21 -99 -33 21 -43 -56 1 -66 33 -82 56 -7 -34 67 36 23 58 44 89 -59 24 -39 -46 27 70 -65 97 47 25 -98 -60 10 -59 4 9 -54 38 29 14 100 -81 29 -66 -72 82 -84 30 -35 -13 61 -30 77 -2 37 10 98 -21 52 95 89 -70 61 -21 -62 -60 91 -49 -5 -26 -86 31 9 -81 59 -79 27 38 73 -80 66
37 -16 35 25 -19 17 10 38 23 26 100 -48 -33 37 -56 32 73 9 -56 94 -29 -1 -37 -6 -91 -20 31 -83 74 -76 12 77 -91 75 9 -8 -49 26 -96 -17 -95 18 -47 1 2 -73 -79 19 4 33 -85 36 -98 31 80 -53 44 -7 39 -35 -80 47 36 31 43 -92 90 75 43 24 -34 78 98 -22 20 53 -55 11 -4 17 -91 -26 69 12 62 -89 -58 -40 28 -2 -87 87 82 -25 23 -24 -13 -67 44 -73 -29
22 -23 -40 -66 76 -16 -100 62 50 -36 -11 -50 -7 11 -62 -34 -51 54 60 5 -68 61 -58 21 -1 -36 13 87 98 71 -80 74 94 30 -87 -50 -64 15 75 -25 -71 -90 -30 24 5 63 42 -63 4 75 36 18 38 82 96 -67 -93 -92 -6 32 -80 -97 -35 42 93 -95 -68 46 -72 -38 72 26 26 -6 -13 91 -59 50 -6 56 -97 80 -31 45 2 46 -23 19 -2 99 -17 55 20 53 -93 -15 56 -56 14 -52 -42
-54 98 -74 69 27 -63 75 38 -34 97 25 30 84 -78 -52 -60 -40 71 95 -27 -100 70 65 -42 18 52 4 -71 33 -94 80 -73 -3 55 16 37 0 -74 61 82 -4 -72 -62 27 69 7 62 39 -19 -45 -66 33 -44 -93 36 92 -26 -17 -9 -49 -19 100 88 72 -83 -27 -66 90 -61 -65 97 -49 47 97 -80 -97 -23 -44 70 69 75 33 -9 -11 -89 -33 94 75 -27 -43 -6 -74 -62 57 -38 -21 -79 17 -15 76 -19
-82 4 21 -86 -22 -4 64 61 -39 -78 -9 29 35 -99 -8 -80 12 87 -85 6 -64 -87 46 -5 -50 -20 -20 -45 -78 62 6 14 -43 94 50 2 13 29 -78 -12 41 1 62 -63 -31 -13 -7 -54 -89 14 -17 -23 -42 -81 48 -91 19 90 96 -4 -15 -47 63 21 85 17 -58 74 13 92 -94 34 52 100 38 -63 -87 88 15 6 67 -100 -8 -56 30 -18 81 10 -53 -27 57 90 -55 22 14 54 -92 -34 68 33 88
-31 -45 64 49 -43 52 94 92 -1 -23 90 63 2 39 52 -60 4 70 -24 -16 -91 34 -39 10 -84 -57 74 -85 1 84 8 84 -52 10 -46 -92 -18 45 62 -93 69 -24 67 37 8 16 -44 15 -46 16 56 26 25 -66 -16 92 -70 -8 -20 55 49 51 25 12 28 -80 -64 28 13 -24 65 -65 67 -23 -61 19 90 -36 86 -64 48 -35 100 -50 -28 56 -10 12 80 -93 -43 20 18 -77 30 25 -96 65 -25 47 -2
99 -18 -45 13 -89 -53 -38 -93 -25 72 -68 11 -13 26 92 42 -4 -42 14 27 -9 -25 -51 -57 19 30 83 2 100 40 -21 -35 43 37 2 -13 91 -88 36 15 55 99 -72 72 -25 33 76 66 -53 -22 -23 0 34 -7 -78 -26 -31 -16 -70 48 -18 -33 52 -94 47 -88 -76 79 7 -73 68 30 20 -26 14 72 9 30 -62 10 58 -72 -48 72 81 -9 94 -92 30 16 -92 -61 7 87 -40 52 -11 -99 37 53 -63
98 -50 87 -50 91 -19 -56 7 75 -97 -28 9 -37 -61 -77 -92 69 14 44 28 -45 43 67 -5 26 -98 -53 -43 -40 -86 45 1 52 -12 29 23 -94 94 -38 -72 74 98 -72 -61 -6 36 -94 72 28 46 -4 23 -92 -13 90 39 52 -25 60 80 -49 -94 4 33 -53 -56 98 33 -82 -37 5 -11 48 -62 49 36 53 -65 97 -89 -91 88 -88 38 -62 -80 21 90 -34 39 70 10 31 -17 84 -33 17 79 -20 -92 6
-10 48 -3 -96 70 100 19 8 40 -93 78 -34 -51 22 84 -27 0 -89 95 78 -44 -63 -54 61 7 91 46 9 53 65 -90 47 -84 64 50 42 59 33 -94 55 -47 56 99 60 13 -95 74 0 -6 -69 58 75 78 -51 39 74 -53 94 -41 -24 -42 -25 -95 -7 -65 94 35 -51 79 57 75 7 -65 -33 80 16 85 -59 -22 56 95 -87 -76 25 2 71 57 -29 75 14 60 -39 69 37 50 63 -90 -79 -48 98 87
-68 42 22 41 36 83 61 40 61 32 59 -83 56 -60 -44 -94 48 68 50 33 44 -31 -40 -55 -47 79 -6 -60 -16 80 71 5 78 63 -45 53 42 -87 -96 71 77 82 50 64 -84 -11 29 73 46 79 5 -67 40 -11 77 -18 96 -32 6 70 -56 0 93 -3 64 98 96 -98 -100 -13 -40 88 -2 -1 -82 -83 34 40 73 13 -61 -81 41 36 98 48 -35 -1 42 -5 71 -60 -2 -80 -4 72 -93 69 83 59 -69
30 -2 -40 9 76 -6 16 16 19 -8 65 -47 -61 87 -57 -71 -63 -47 -66 53 49 75 1 -44 -59 68 55 -75 86 -58 14 -20 -89 -27 100 -55 -70 -3 33 86 -25 66 -6 -32 -60 -70 -13 83 -13 70 77 -73 58 55 45 -71 -15 -53 62 18 -58 25 -75 76 -91 36 -41 -17 40 -88 -74 78 -19 81 58 -65 -79 -99 74 -19 41 25 -2 -46 -90 -22 -34 -71 -71 21 -95 86 64 -1 -98 -19 49 63 15 -76 31
-7 -33 -46 62 -31 41 -2 -83 75 91 0 -34 -60 44 -25 30 55 -55 -83 -9 -1 -82 -15 -74 -74 15 36 91 -35 -92 2 26 84 58 -12 -74 80 -24 65 -58 94 90 -6 -99 -70 94 -23 92 45 -37 -75 -83 -99 4 86 85 -79 32 -23 77 -97 73 -30 -90 65 -87 33 28 36 -85 -47 -2 2 15 93 -13 -21 29 81 75 31 -88 20 -3 90 -94 -57 -100 -59 -20 -55 83 -7 -17 -49 69 23 -74 -24 36 29
16 -44 31 25 93 -26 -92 -88 -98 93 -20 -9 -96 50 -16 -18 82 48 85 -92 -96 11 -81 77 41 33 50 66 48 -79 -93 13 -43 96 100 -18 -33 92 66 -34 6 47 54 20 95 -18 96 -84 100 -32 -16 -50 -24 3 3 46 91 53 -64 -45 87 94 -79 23 68 -95 -78 -38 -85 -78 -57 -58 -57 -49 34 -54 31 6 42 -50 50 -38 41 -48 16 -76 95 -3 62 43 -74 -4 -38 -30 -40 28 23 84 18 -96 91
89 -71 -10 5 50 91 -73 -11 22 -66 -82 60 -68 95 -56 58 10 89 -23 -59 99 -67 70 53 83 -81 54 15 -21 -71 64 -66 98 87 -34 61 -27 10 66 -30 -45 -36 -91 -64 31 1 -79 45 -87 57 6 89 -38 13 63 -39 -50 76 71 -58 -4 -46 -25 97 43 -39 -24 -23 -66 -16 1 -60 -50 -96 -63 17 -63 -70 97 -49 22 69 80 -28 10 -40 -91 33 -59 88 49 19 -2 61 -55 -25 63 -53 66 21 86
