76 56 13 19 -86 -7 -2 -86 36 -11 54 23 84 29 57 -88 11 53 38 90 -85 -66 85 67 29 20 4 30 -7 -33 -33 -50 -45 98 47 -11 52 91 17 93 44 -28 -75 46 5 -90 80 -90 19 -58 62 -49 0 22 -92 -23 -70 -5 -68 18 -34 15 15 94 -66 -97 -50 -37 -97 100 28 60 16 2 53 -96 -39 -36 80 10 -91 61 -9 47 86 23 -75 -2 5 60 90 -12 14 -80 -83 -32 -16 33 -76 19 2
37 52 -80 90 84 -63 -70 66 -92 69 44 -35 41 -57 87 -55 -10 -30 -37 -36 18 79 82 -63 -38 -56 -84 96 -49 79 -84 29 -45 27 -89 72 22 -58 -60 20 70 -98 -23 16 -38 41 70 62 -1 -55 2 -62 3 32 53 92 41 -57 46 -72 10 90 41 -7 -36 -50 93 -16 61 -92 -55 -90 -79 -43 28 78 -38 -19 -23 -2 -61 83 -38 -43 -12 -52 -65 39 80 44 -13 3 15 -78 17 -77 -16 72 -38 72 -84
92 -92 -55 -37 -70 68 -42 88 -48 -59 -35 73 -11 -13 9 81 -31 -13 -74 55 59 -31 -46 32 -56 -83 -96 -9 15 -93 -19 24 34 -47 -75 96 -87 -1 -73 -96 54 63 77 -75 6 95 36 -50 22 -99 -16 44 -82 54 16 14 18 85 32 -26 45 -46 -100 29 94 26 40 48 -27 61 -46 42 -18 -28 89 45 -19 -73 -85 68 12 -96 91 30 -36 -67 -93 22 -66 68 -91 60 45 25 46 23 -47 -9 -84 17 1
-28 -70 -46 10 44 -24 -64 -55 100 14 61 99 58 -96 -54 -5 68 67 66 19 -9 35 -60 3 32 69 20 -77 -28 77 44 -66 2 54 51 -73 11 65 -82 57 94 -43 -93 38 12 92 -68 -70 -34 17 -41 -98 -32 -97 -13 -47 -7 69 -58 17 -72 67 37 -68 -80 3 31 -74 29 88 -30 59 -34 -72 14 -7 -95 18 -48 41 -69 -85 47 -69 41 60 -87 21 -64 -7 17 -31 -21 44 -86 4 -42 35 -49 -37 -41
-31 -26 85 -96 -64 97 -75 -62 6 53 52 -79 82 52 64 -33 65 -61 -66 -59 -100 75 7 -44 11 66 64 73 45 92 -86 -100 -9 -74 45 6 -31 -16 -74 87 56 -89 78 54 24 -84 -91 -51 11 2 -65 -27 64 96 49 25 7 17 -45 -25 92 0 -8 96 40 22 -28 -76 -41 98 -65 19 71 68 -72 35 -75 -43 -57 41 59 -50 -5 85 -11 -27 77 -79 -27 31 -62 -19 -78 -57 -55 -86 -22 49 -44 69 -27
-30 68 97 -17 -36 54 -51 -53 37 -21 -8 -37 -33 -27 90 54 -50 13 -83 44 53 21 86 -16 28 97 -17 -70 47 -98 -100 41 -94 5 23 83 61 -2 -44 31 87 -74 -22 96 -93 3 80 7 -95 91 -59 -32 100 25 90 79 -28 9 32 -27 32 77 31 -26 82 44 94 75 -41 79 38 -91 95 -23 -55 93 47 -84 -2 50 26 29 19 -13 67 -75 44 66 -73 -16 100 84 58 88 20 22 60 -70 54 16 4
75 -35 26 -88 68 -30 -41 18 97 93 72 -100 -31 -28 42 -25 84 88 -2 63 99 -58 56 59 -71 0 34 -33 -78 7 -3 -88 85 -31 -29 -18 -2 -71 -8 82 -36 -66 67 -71 -70 7 -51 56 18 90 -5 -40 39 -14 -36 2 83 -92 39 73 5 54 37 52 99 25 -54 -87 6 -14 14 -1 -12 -56 -98 65 6 90 62 -95 35 98 44 100 12 -56 23 -74 40 79 -74 -47 29 73 70 88 -5 7 58 -13 -67
-80 -91 39 72 -10 -44 52 -23 14 74 83 30 4 43 84 -8 -9 50 -26 97 -8 -75 -1 58 -2 42 67 42 -83 42 56 79 -39 31 -100 56 -90 20 94 15 -10 -93 16 99 -9 98 29 2 26 33 82 -23 32 -56 24 -35 79 99 33 -80 98 -72 -88 93 -95 22 -31 -73 -96 76 9 24 -62 88 17 -40 80 -50 68 -99 -56 -77 96 -25 -27 -65 72 -40 34 -78 -10 46 -86 2 28 -97 -29 14 -40 -88 -69
-95 -77 78 -89 86 -89 -53 19 99 48 5 36 91 0 60 64 82 -43 74 -16 -92 46 -4 -51 -71 82 -57 -48 -96 4 -24 26 36 72 -64 -86 -98 15 -70 -44 -56 12 20 45 7 -7 -16 -38 1 -62 44 77 -62 27 40 65 -7 -55 -55 -35 2 -94 -98 54 -12 89 77 -34 -99 69 73 2 -66 -27 18 30 -21 87 27 71 -13 -58 -10 -99 90 83 49 96 6 50 17 -12 -2 -25 70 -72 -85 88 51 68 -4
63 -21 -42 13 -56 -28 95 4 -44 98 53 52 14 -49 -95 85 -25 -10 -34 -28 32 -84 97 62 7 -54 -56 -38 -52 -21 -46 -61 -71 -74 -74 -47 48 10 10 -23 -7 95 -62 -80 -43 -89 -59 -6 25 1 91 27 -8 71 -97 -32 -48 -17 -68 -14 68 22 -94 19 -78 66 54 57 68 -4 -60 -85 11 -34 -17 70 57 84 -46 7 46 85 -39 10 -23 59 -8 84 -5 22 42 -20 -32 69 5 15 88 -64 43 -29 0
42 43 30 -38 -18 6 -12 -21 3 -16 42 -60 -7 30 46 66 87 7 -15 -94 98 16 89 39 -27 61 -21 69 -8 21 -76 -43 -86 44 55 38 -55 37 43 -51 -70 93 -51 -3 -94 18 -55 -65 -7 -84 77 -75 -66 19 21 81 100 -12 -99 -58 -17 -67 -51 75 -36 4 -3 75 -16 -70 9 -16 -13 -98 -100 56 -57 25 98 100 -23 -73 41 48 -13 -8 -39 -45 48 16 -40 54 -41 74 -38 -32 72 -26 -76 52 71
86 49 -57 -83 27 -37 12 -46 -8 63 23 -96 2 -16 -29 -79 59 87 23 34 22 87 -20 -40 85 82 -64 -17 -78 12 75 -42 -52 -27 66 96 -48 -88 -91 92 54 -80 -24 98 89 40 -49 -55 79 -43 84 51 -12 85 48 -73 -81 44 85 -53 3 -10 71 -30 19 -82 87 -64 36 57 -80 51 -12 94 -67 -93 72 -13 82 -73 43 38 -22 4 -33 -29 -30 89 -75 89 83 -31 46 -62 -7 -66 -23 -18 57 1 53
-100 -83 -79 11 40 -55 -91 74 23 42 -93 23 20 -97 89 51 85 -15 -29 -27 52 -14 92 -25 68 20 -83 16 -58 -6 -67 62 -53 -7 -91 -39 84 95 -1 -21 -58 81 59 5 -85 -3 99 96 -92 -43 7 69 38 75 -15 40 33 49 85 -61 34 18 23 64 47 -13 -38 -58 31 -80 -93 56 -82 0 18 -44 93 -97 38 -21 84 0 -99 -17 -60 55 41 -5 -72 -55 25 -31 100 -61 28 4 40 23 -25 61 -62
-37 32 68 -38 -65 -85 -86 91 87 -83 90 44 29 -55 -94 50 -87 63 35 4 0 -58 -48 -18 46 82 -13 70 -89 58 61 14 93 -24 27 22 20 -66 38 -39 -23 38 -22 74 -50 30 -51 43 57 17 -92 85 90 -6 -14 42 32 1 -21 -37 -44 81 -45 86 60 22 -13 -78 91 15 80 -35 89 91 12 -42 29 -44 -11 96 -92 83 -53 -99 44 -7 35 -78 82 45 88 48 91 17 16 79 -39 62 -49 -88 -33
-66 86 -1 66 -31 36 -95 66 47 1 -40 -2 -60 34 59 -50 58 77 80 -60 -2 -82 -11 23 -64 76 -44 61 6 -27 -18 46 60 77 80 -36 -6 45 23 82 59 -87 -84 79 -44 51 91 77 -20 -98 -67 -30 49 92 -40 75 5 35 -24 -36 12 61 -43 25 -24 24 -90 -86 13 -41 -26 53 90 -43 -93 99 -68 40 89 48 -26 -93 18 76 -63 33 58 47 -24 -78 -32 -76 34 28 78 -3 62 75 -55 -62 43
58 -76 -36 -47 71 -45 -8 -86 66 -30 -2 -61 -33 76 -40 -16 -48 74 -45 -17 77 -33 -40 -28 -81 24 45 -66 8 -5 -59 -39 81 -77 44 -98 -29 -64 39 20 92 -36 74 -16 -28 -24 28 55 14 -50 -24 66 -74 24 2 -67 63 -27 -14 -30 -39 -1 -27 -75 82 6 24 -9 -37 -79 -36 -84 -18 30 52 90 -45 -36 -13 50 -29 -53 -77 -82 -71 -40 -52 -46 -54 -15 -45 16 -73 5 82 -64 -2 -15 80 99 22
-2 97 -31 91 -69 46 99 -38 51 -13 56 58 -56 -10 -39 8 81 -64 5 1 62 -17 72 -60 29 9 -62 -41 42 -22 -25 68 34 96 -4 -23 56 33 -2 -77 -46 86 -48 97 86 23 32 -94 22 -27 -100 -48 8 45 -10 -38 -13 55 -88 36 41 -4 49 -9 -60 -42 -46 55 -52 -61 -84 -57 96 -69 -100 -23 100 -10 -27 -40 -31 -41 -86 8 30 -2 46 79 60 -35 -8 -99 -8 -77 48 42 72 10 -15 62 66
59 91 21 99 -55 -83 -97 -67 -28 57 8 40 -40 -88 -37 36 -98 -16 -75 -60 -44 28 -16 80 -35 -18 41 36 -31 -84 23 8 40 -3 -80 -17 -36 -46 75 56 95 -87 68 40 32 -42 -27 26 87 18 -11 -49 -95 -43 -65 41 76 14 68 86 -38 -82 50 79 -57 67 54 -40 53 67 93 -46 67 66 -13 -10 11 -75 18 99 -53 14 55 -47 -40 38 -96 63 48 -60 66 83 -75 -23 39 42 17 -65 -46 -79 -74
99 73 -73 -11 -41 -70 64 -75 -27 -88 -57 82 -58 42 40 -18 97 73 -66 -99 -85 -7 -33 -53 83 -86 -80 -46 80 8 -25 77 21 1 -25 -29 86 -75 71 -78 87 55 -1 51 73 -33 100 72 -77 66 43 0 69 43 -35 87 -50 21 -51 -50 64 -69 9 9 -79 -95 25 54 -20 -82 -30 77 -11 97 -24 -38 94 35 64 -72 -42 -42 58 -82 -88 -45 -64 7 45 -64 -6 69 0 -75 37 -64 -47 -65 18 60 16
92 -17 15 -35 19 -23 -34 -50 -75 -2 53 25 51 52 -41 -67 -78 -63 -99 -59 46 2 31 -21 61 -38 -97 -36 -4 -83 -67 46 93 -34 9 -22 -5 -73 24 17 93 35 -64 93 42 20 86 42 -82 16 -12 37 6 13 59 21 -47 -62 -16 78 45 -57 9 100 -53 4 81 -96 46 -21 19 12 -86 -69 -14 -37 -29 -34 -42 -28 -53 -89 65 -88 -23 68 81 62 52 -84 -76 -19 -99 -9 -62 16 49 45 91 6 12
-62 -57 63 -17 65 30 -21 -83 -42 -78 -3 34 93 22 -71 -85 -24 -46 34 71 -16 -41 -84 -72 56 46 -55 13 38 8 72 -79 50 81 71 -46 -88 80 -11 16 -29 -100 -69 75 -68 -83 -64 -74 -27 88 17 -45 -68 -49 50 12 -85 -31 98 96 94 -16 -50 -66 89 -58 31 10 -98 -10 -95 12 -74 67 31 89 21 -24 80 71 -71 31 -67 87 19 -69 -64 65 -93 18 -55 6 -85 -90 -39 -59 -10 62 52 -84 -63
-28 -61 35 -42 -92 31 -1 -88 67 -35 -22 -33 -66 78 49 -77 57 -79 56 76 -44 84 -57 40 48 -47 -54 89 65 18 -60 -42 80 -16 -18 -44 66 70 -46 -6 -52 -87 28 -67 -88 -11 46 -47 -18 -53 2 -88 91 90 42 -57 92 -90 91 16 85 20 32 -40 -44 -32 64 44 -64 93 43 -90 12 -97 37 61 -81 25 40 -67 -97 20 -82 95 70 -78 -9 73 -68 27 -87 -18 82 15 42 87 72 95 -86 -10 59
-26 -19 69 -59 64 -1 -99 43 -42 -31 -81 56 -73 -55 80 53 -1 -45 -34 -69 83 68 -75 8 69 6 -57 26 -60 42 -79 -38 -60 41 64 -28 -44 -51 -35 -26 2 -47 25 8 37 -1 -31 -86 99 79 43 -32 48 -58 43 -18 26 67 54 -41 57 89 54 41 95 -80 72 37 -98 -51 88 -88 95 32 74 44 -7 7 2 -88 94 -51 9 -42 32 -36 -99 -76 -23 -95 36 83 76 48 34 86 37 -53 14 31 -94
-59 -24 -48 65 71 -32 -19 64 -85 76 0 75 -70 -77 -8 16 41 -93 70 -8 -7 -67 -20 -73 -39 -8 38 -84 26 60 -59 35 56 -61 -13 50 -57 45 -20 70 93 31 -92 -56 -66 57 -12 -50 -64 -17 -77 26 -34 72 -23 -22 72 84 -86 6 -58 20 31 90 24 81 3 0 28 34 -63 8 61 47 55 2 48 -3 41 73 -54 38 0 75 89 78 -22 -69 19 -26 94 -77 12 29 40 -44 -96 55 24 -100 -92
80 -28 -41 -83 49 -19 -73 72 -94 -40 -43 26 -20 3 -38 -16 39 -75 -94 5 35 -70 -68 85 -91 34 -10 -87 76 -29 -20 75 -42 -58 22 -4 -41 -28 87 -2 -85 -6 49 96 -31 -38 2 43 23 20 35 -85 1 -67 96 -83 84 -87 -88 72 -25 -36 -27 -39 -15 -46 -12 -10 -38 -4 1 75 -59 -44 -1 61 -97 40 -99 -23 5 31 59 42 81 37 -15 14 -33 -82 -30 -33 -27 96 -76 -58 -20 -69 -60 27 -92
7 31 25 -63 -75 43 44 29 71 -69 -24 -24 7 60 14 23 73 -50 -13 -72 10 87 14 38 -59 -49 24 71 -92 41 -26 -81 76 36 -82 -45 -30 -39 65 63 37 -31 100 -87 96 37 42 13 -20 88 -57 38 28 61 72 1 -36 79 3 -63 -42 -46 99 -86 90 -55 57 97 84 99 -23 -4 -31 4 -68 10 64 -20 6 -56 88 87 41 -45 59 83 58 -74 78 33 39 -26 95 68 -20 61 33 -75 43 -82 -30
-3 -90 -41 -37 21 -30 17 -88 -19 4 -27 1 60 24 -55 95 -48 -35 -63 -16 -45 59 -23 72 -26 -12 -87 75 48 -78 -13 56 79 50 73 67 -6 71 -48 36 -35 -34 34 1 85 -47 -61 -65 -33 -57 48 26 -80 -40 41 -62 21 -58 -34 -98 88 7 5 8 -18 -28 -93 28 40 -18 -58 56 86 -31 -37 23 19 8 -30 62 46 -44 -91 -41 59 47 -45 -5 74 0 -61 -29 -95 -15 -77 1 74 -33 95 12 15
-62 -37 -8 87 -65 5 53 96 56 -33 -58 -40 22 12 18 -98 37 -1 -7 11 -85 77 30 -59 28 72 17 48 58 77 16 -51 -54 -78 -64 -80 43 -28 45 -2 -28 89 15 67 -87 -45 -79 -45 50 -78 39 41 89 94 -62 -22 27 -2 38 56 -9 93 -24 -65 -64 -61 8 71 -88 92 48 -2 71 -64 69 15 -39 1 43 80 63 -38 96 67 -100 -83 -52 -26 -34 47 -28 79 -8 7 -66 28 -1 -9 54 -68 11
98 -60 -98 53 -92 29 -45 19 35 -44 -95 65 53 68 19 8 -84 -49 -43 -57 -31 100 -82 11 55 85 -61 -62 58 72 -23 -100 -90 35 84 32 95 -48 28 34 -89 58 -88 -78 15 -86 25 92 -20 91 4 -15 32 7 -31 -9 15 -94 -95 63 -10 92 -59 99 35 70 22 -45 9 83 -27 -55 35 2 -42 44 -1 48 -49 -19 -22 -38 -82 19 -55 60 94 8 98 49 -93 30 -77 20 5 32 18 99 -42 -77 61
-62 55 -26 -10 61 94 74 -60 0 76 -76 8 -41 20 0 28 -59 -42 -64 -87 55 -97 73 -80 65 89 -85 37 -92 -27 -95 -14 -29 9 99 17 -51 83 -17 74 24 76 -63 63 96 33 -2 -3 -20 43 -5 62 10 -39 29 26 -1 -39 18 -80 -89 -18 -14 46 -94 79 -48 2 -24 -2 18 98 -42 49 36 -14 4 65 -63 -34 -26 94 -62 5 24 30 -48 16 -8 -78 33 -49 92 -58 -18 -71 -64 97 -52 5 34
96 -52 23 81 74 8 33 -47 -82 95 -97 -23 21 -100 40 99 86 60 9 -34 -94 -33 12 3 29 -28 79 85 -34 -29 80 -14 -83 52 -67 27 95 -10 -33 -19 10 -80 -55 -22 58 -13 -32 83 87 34 -10 -25 -38 -86 45 33 89 -96 4 -60 -99 -75 84 33 60 -59 1 85 -28 45 -72 72 -89 -62 -46 -31 68 -18 -88 78 -66 36 -45 41 -91 16 12 6 46 -68 24 2 -12 -69 37 -49 18 -25 7 8 -89
-27 -24 35 17 1 -5 -12 100 14 -33 -42 86 43 -56 -33 78 39 -58 46 -40 92 15 -92 -89 56 94 86 -61 42 -37 -80 -63 39 -51 -91 52 -66 -37 -83 13 58 -93 69 80 55 84 -20 -8 -23 62 -15 -97 -97 88 53 41 61 29 77 -1 3 -1 -79 -57 -77 69 -53 -86 -60 -4 34 -29 -84 -66 36 73 33 90 -13 -92 -51 88 57 -42 -83 -15 87 -26 -74 11 -96 -77 71 -50 20 8 -8 -87 71 30 -74
17 4 -13 -23 -33 56 -97 61 21 -1 -16 -95 -16 -77 41 51 -51 94 -3 54 96 -98 0 -93 20 -20 -35 -27 61 71 -81 -87 -39 89 -14 -57 -20 -30 -92 99 27 38 48 26 -21 10 40 54 -91 -50 -2 95 44 56 -46 -55 -91 -51 -58 -31 -59 -67 15 -64 35 -5 66 73 12 29 -78 57 -68 16 -58 100 -23 -2 11 -85 -83 75 -93 -58 -57 79 34 6 1 -55 -30 -10 88 -46 -3 -26 -9 70 -77 -30 27
24 80 13 -99 -6 8 -13 9 8 49 -16 -45 -97 14 -35 77 55 7 -80 57 16 -53 77 -10 56 -79 -17 -96 -73 13 -14 -25 -5 -75 1 -27 48 46 -66 32 -25 96 -71 -49 30 -87 -48 10 55 -39 54 62 16 -17 90 -78 -26 63 20 -40 -34 -58 60 -70 89 41 70 20 3 -84 23 -8 39 93 -45 25 55 44 64 39 87 96 -75 -78 14 18 61 98 0 50 -49 -27 -7 85 24 10 99 63 -32 -1 14
55 -60 -25 -17 -40 -76 43 7 7 95 -19 99 40 -59 28 24 -95 54 63 -13 97 -30 40 -62 90 -49 -94 63 75 -97 97 -73 -88 34 49 36 77 95 -65 94 6 -67 -73 -7 -18 88 81 52 -9 70 -33 -95 -23 -68 -64 -74 79 -81 42 -25 74 -7 -87 -73 84 -83 -55 -89 99 51 -60 -58 51 58 59 36 28 45 23 15 68 -8 89 -66 -11 -86 22 -45 18 -87 12 60 56 -17 -64 -29 -15 66 71 71 -55
5 96 -65 -53 -42 85 60 -48 -74 -54 -30 99 7 66 96 85 -63 76 -2 -56 -90 64 15 -21 32 -2 92 -1 -7 33 -16 80 -82 22 5 72 -52 -45 -31 93 98 32 -43 23 -74 -41 -19 68 70 -40 -97 -82 -76 -41 14 -49 -20 0 -40 53 80 36 52 5 -53 -60 -36 27 63 62 67 -4 -75 -46 29 -62 -22 91 16 -81 -21 -45 98 82 70 -19 83 40 -54 81 -95 -74 67 9 -76 -93 5 88 96 97 -58
-74 -71 -67 94 -21 53 8 40 78 51 -51 -82 99 93 -63 -11 54 -11 -44 75 93 7 -66 -33 35 63 -31 1 -75 54 -37 71 95 3 87 61 91 82 -28 -48 -94 -4 19 94 98 -86 75 15 5 -76 64 -83 -15 15 -64 82 69 40 -16 -40 -67 -79 -73 35 -11 -34 -76 7 -20 61 95 -51 -53 -26 -55 -10 5 41 -59 79 -87 79 -42 -23 -62 71 -16 65 -55 -94 20 10 -57 -56 -40 -37 -94 -85 -78 57 39
0 22 -70 66 -93 -38 40 12 -65 -23 14 -62 -25 -64 57 39 -56 86 -72 16 58 -31 74 -63 -95 62 -30 -46 84 -12 33 -28 28 -20 22 60 64 9 -83 -59 -34 96 9 -63 55 49 -75 -88 85 -68 39 32 20 -62 -5 26 -2 -68 65 -84 65 -57 -36 8 -41 43 1 40 -67 -41 87 0 -15 31 57 -76 58 -12 -76 -75 -66 89 96 30 55 75 1 -7 70 74 -22 33 -54 93 80 6 -7 32 89 81 -93
70 -78 -83 29 95 -12 29 54 63 55 -73 -21 -16 -79 91 61 -86 9 -8 -43 -16 9 -35 79 -83 -59 -86 -2 -80 -70 -90 43 44 -3 36 65 21 40 -12 91 -79 -27 78 -58 -17 -8 -31 -81 -6 -99 -69 -93 46 13 -81 14 31 94 18 67 -50 13 61 -25 -92 -29 -32 99 -9 -37 84 -16 70 -34 -19 -23 -89 29 -12 -80 7 40 43 49 -24 10 -75 -38 3 92 83 77 17 6 -93 -82 94 -25 -33 5 31
38 -21 -99 8 69 46 13 -36 41 72 -86 -16 -72 0 43 -77 -55 76 -70 -66 -46 -32 -93 -64 -79 -91 18 42 -27 -84 -76 10 80 -38 46 -81 -19 -83 77 -92 -91 -49 35 30 64 16 79 -82 53 31 -37 68 -28 -80 33 -58 39 -40 -21 -32 41 -65 38 -44 -43 -61 -66 41 9 37 63 -10 95 52 76 -18 73 -15 37 -93 -24 3 82 -71 48 3 -82 19 50 63 -73 65 22 57 -27 -83 87 87 23 93 66
-75 -62 87 37 35 22 7 -57 6 -94 32 -96 -47 -36 -58 -65 -19 -81 27 99 -98 79 7 -93 -82 -60 -24 50 39 -24 15 -83 72 -13 68 -70 -90 -71 -80 82 84 81 -17 23 91 -81 14 -36 70 -60 -24 57 -91 -67 -24 -39 -95 8 12 -39 30 56 16 -67 -46 68 90 -89 -85 27 -72 51 -28 56 86 87 -94 -83 -49 -100 46 -23 -30 -28 -43 -39 -40 70 -97 5 -1 16 -2 -76 100 92 -40 -12 51 0 9
22 3 27 -6 -51 -78 -64 5 75 17 -30 12 41 -71 68 75 24 27 -40 -87 -60 -1 86 79 99 -6 -9 80 96 75 76 -9 81 -100 20 40 -17 -45 -33 79 51 -50 -64 94 59 -88 -68 -60 19 2 16 -20 24 -71 37 70 -12 -36 -68 -51 -75 95 28 14 6 -84 11 -100 -63 -57 63 -29 -50 -61 19 76 -91 22 3 49 -28 77 29 61 94 17 77 66 30 43 -3 37 5 90 12 21 -46 -17 -19 7 -41
-81 32 89 -87 19 -43 59 90 -4 23 100 26 -15 -44 -80 52 100 -15 20 12 -58 93 64 45 -74 -22 6 -65 73 -45 -36 -12 -6 -36 -15 9 94 -76 -76 48 -34 -65 -99 5 -16 -26 93 7 91 -31 -67 -12 33 -38 -49 66 100 52 -37 28 -89 40 36 -28 -49 -79 -18 100 -44 -89 -21 -33 -26 92 61 57 -21 5 -72 -24 1 59 -12 29 99 -38 59 -78 -35 71 -59 94 -41 -83 13 -12 53 98 24 -91 -31
63 29 97 99 30 89 -68 5 5 79 82 29 13 -19 81 18 53 91 -91 89 -52 -73 1 -88 -55 -26 41 78 98 47 -81 -46 14 97 100 31 -61 64 -48 89 76 -64 -21 -58 94 90 78 -53 50 -7 52 50 -12 -97 -72 -92 97 -14 -38 -100 22 18 48 -96 -3 -61 59 96 -43 -57 65 75 17 -61 87 62 61 67 87 -52 14 -82 -21 -7 -81 35 11 83 -91 11 -4 27 -28 49 -58 -69 -63 -1 35 88 -50
24 81 89 43 21 57 56 90 -62 17 83 43 41 -44 -56 -66 20 -32 4 3 -50 87 -89 68 14 -61 97 -66 -9 53 -32 24 7 -92 95 73 62 -22 -79 -8 79 -73 19 -83 9 -48 12 75 -37 24 -9 -68 -45 3 -70 23 76 4 88 2 53 -50 14 47 24 -57 97 -26 83 -64 6 19 88 -17 -60 44 -61 -34 86 -53 -11 -12 24 51 0 51 -16 12 -50 32 41 78 80 -36 -70 16 11 56 41 -96 52
63 0 -42 53 -82 41 -30 -96 -93 3 22 23 -85 -23 48 -20 -66 -26 25 -84 81 -92 -27 48 -24 28 73 -87 -76 2 48 -83 -50 39 45 25 0 -41 25 -98 50 41 -82 -21 -84 -37 -64 -39 32 -47 63 -27 -100 55 -54 87 90 -50 49 -42 62 -98 -98 -78 -27 77 26 -56 -18 27 90 -94 58 96 -50 66 25 -36 1 96 27 -61 16 83 56 81 -35 -81 -73 -26 -37 46 -36 -47 31 -25 33 -15 -77 24 66
-63 56 39 -90 -82 -84 38 -10 8 -70 -76 45 93 -52 -10 44 38 40 58 75 11 -74 19 -76 -34 35 -5 91 -44 65 -35 -82 -32 -56 89 -58 -9 98 -91 -59 16 -75 11 96 28 -96 1 -18 -4 -1 -22 -7 60 -49 -8 -58 71 18 88 49 20 -28 3 90 98 -30 -86 23 -54 99 -29 81 -30 42 -27 -25 -66 -15 -81 -8 -51 -68 -41 -99 -89 -28 83 -37 57 21 61 -78 -10 -87 83 25 85 -20 -69 -21 -32
-65 -91 5 -3 75 -13 21 63 38 100 71 33 20 -32 20 -52 -68 -62 -93 89 -29 -42 -84 50 -82 -29 -36 63 -90 18 -12 -84 -75 32 44 -9 70 19 -31 73 -41 -36 55 40 82 64 -52 38 2 91 43 -13 -96 -67 -5 57 41 -49 -40 -54 83 14 -11 -54 65 86 -76 -47 -59 41 8 48 20 -64 -10 19 15 77 70 60 100 1 -81 -87 16 70 -98 80 37 65 -19 29 -21 -53 1 -11 79 -28 -79 17 -19
-10 -62 37 -1 31 47 -84 95 98 87 92 0 29 -40 -73 -6 63 -64 71 -66 -10 -100 92 -81 -21 21 46 -31 -100 -82 6 -23 -11 -87 59 -72 96 51 56 48 97 28 -30 -66 -50 3 -69 43 22 -94 97 51 -38 35 -6 -2 38 -98 -82 -77 -51 -27 51 -8 -34 76 43 4 -26 79 -67 84 -79 -50 -1 16 -5 -37 12 15 19 56 47 52 78 -24 52 90 -32 -15 -71 77 7 -69 82 22 -78 -98 20 -29 3
57 -74 52 -42 -34 29 92 -54 8 -46 -64 65 88 92 54 -38 41 68 12 56 66 -63 -99 76 3 -48 -69 71 24 -41 22 23 -86 -66 -13 -25 96 -42 49 -75 35 -66 54 -75 72 -67 10 -70 -41 -46 -61 72 31 -59 49 -82 -11 40 56 3 -93 -14 30 69 -17 -60 -47 74 -74 -34 9 -21 46 -98 25 -11 -77 62 -96 -4 -8 -30 -21 26 27 15 -17 -57 -98 -45 16 -7 57 47 70 -99 19 91 59 -23 66
71 66 -27 48 -4 -68 -4 -28 45 -76 53 40 79 -39 -18 70 -76 -10 58 5 38 -86 72 -49 -40 35 67 18 -20 5 36 -24 87 -98 -33 -74 -41 57 -31 73 69 -4 -28 -96 37 -74 -27 16 -69 64 -68 -28 -87 6 89 51 36 -76 65 -24 41 -83 77 -59 63 33 -94 -21 39 94 -87 -77 -12 -80 81 9 54 64 -7 -39 -90 99 86 -3 41 -29 73 -4 86 99 86 23 -94 32 -64 47 58 7 -31 -70 -36
39 -5 24 -81 29 39 -76 -8 -6 68 -33 23 -46 92 -57 86 -86 89 88 -63 -87 -89 -34 23 -36 -98 -93 54 -4 16 -89 -74 -32 48 15 -86 15 65 42 20 22 63 -76 -14 74 78 -38 6 95 -59 -27 -12 19 -47 44 84 59 4 -69 -42 38 -59 -74 50 77 8 -65 1 5 72 96 -42 -87 -28 65 39 -92 -45 45 75 -7 -54 -13 17 9 82 85 -98 93 -77 7 -71 1 -1 -83 21 6 53 66 -76 31
51 79 69 96 -73 10 0 59 -98 50 -26 -67 18 85 -60 -97 68 40 20 56 -94 41 90 -27 34 49 -49 36 4 96 -86 53 94 3 -97 23 28 -100 -40 62 -50 -75 23 -82 64 -73 46 -87 71 12 -2 -99 -94 10 -95 -7 15 76 14 57 0 28 -65 -56 95 25 -14 -32 2 76 77 13 -56 86 -56 -28 65 -7 -16 22 55 -21 43 51 -15 91 28 -25 72 9 92 4 -5 70 -64 28 -4 14 -67 -26 97
-62 -92 -38 -13 86 96 6 -9 -13 64 -95 -3 -27 -19 30 -98 -82 -61 -26 -59 -10 -73 79 15 28 -82 -51 26 78 60 -20 24 -42 74 -5 19 -88 56 74 15 -32 87 -44 34 -51 -47 -12 51 -87 -73 90 -22 -53 -9 -71 73 29 -27 -98 18 27 45 -15 -76 33 100 20 -15 62 -37 -30 51 30 48 81 96 -15 -62 41 89 -68 97 -68 7 79 94 37 18 -24 -40 -60 -99 65 -56 78 100 -64 -49 -49 65 -94
-97 59 79 -19 -71 -45 -100 5 38 26 23 33 18 -34 19 1 -30 -15 -18 -44 -85 -97 64 -77 6 -49 72 44 -79 -6 -35 28 70 49 -59 -22 59 69 -70 -38 -25 68 -52 -32 -96 5 49 -35 -88 -12 29 4 -58 9 -30 -95 75 -91 61 -96 0 -5 3 37 8 -51 81 -25 -54 76 -91 30 -21 -86 0 -78 -47 0 -14 -2 27 -74 -52 87 15 -55 -96 61 45 30 82 9 53 -51 42 4 -1 -44 -37 89 -95
22 -78 21 -16 93 11 29 -96 22 92 50 -42 37 -21 23 70 -33 -41 -79 -72 38 2 -22 12 5 55 -100 -36 -5 -98 -65 99 40 66 -48 -24 -69 -46 -47 93 -42 -51 84 0 -65 -28 -64 -19 -7 -26 2 -16 -59 -30 64 -10 58 65 32 69 78 99 30 -80 -47 90 -50 -93 54 -52 -44 32 -23 43 45 -33 -83 -28 19 5 7 -33 -94 -61 80 -67 -90 99 -31 87 -13 83 -75 -34 -56 -10 -20 94 -35 83 10
-14 -9 -93 5 30 -12 -47 28 -55 -84 27 97 15 73 89 90 -80 -66 -76 -92 61 -15 90 -97 -85 -10 88 88 -64 8 -13 -25 -84 48 54 58 -73 16 -34 16 48 -81 -21 -35 -90 49 -87 -50 39 76 29 -14 -59 94 -73 64 -65 7 -46 -91 -87 -64 -88 1 10 -6 -13 40 -33 47 -89 11 1 48 -59 -52 17 -97 -6 -40 -93 66 -19 -93 -68 -64 28 75 -65 67 31 -48 99 -20 -82 99 -64 72 43 38 -99
40 -46 -97 16 -95 -42 27 17 -52 98 -9 32 46 2 -56 20 40 -36 37 -69 55 76 -28 79 -54 67 -95 -91 35 73 -84 83 -41 -77 -3 -59 -49 85 12 76 0 43 -39 -29 92 -66 26 41 55 97 38 -52 -10 72 45 -62 64 21 84 -47 77 -19 18 -50 -36 -61 93 5 28 -32 -97 59 -1 -33 73 -58 -77 36 47 -1 9 -70 -41 52 -33 -65 -45 -51 80 -56 94 82 71 -21 60 -37 -29 0 70 -94 30
65 -14 -86 13 -56 91 -54 5 17 -9 84 24 -22 47 37 -48 -96 35 -23 12 -24 11 93 -11 -17 97 71 -83 -64 97 52 -25 82 -86 -71 78 -29 -67 -92 -9 -1 -70 18 -55 82 96 -3 -70 -59 -39 -94 28 -27 34 -8 11 -5 -86 90 14 22 80 93 -76 -64 91 10 13 70 61 63 -9 -15 -53 20 -51 92 35 -32 13 -56 -78 -17 31 -14 53 -71 -4 55 79 -27 87 84 47 -62 -20 77 59 -8 -12 -87
-50 51 76 -24 24 -84 -24 -90 -24 50 -86 85 47 -61 29 -63 6 2 99 40 72 -23 -98 31 -55 -22 -77 36 -76 -6 -94 -22 27 -49 -56 -45 41 -64 -60 12 75 -81 -65 -40 53 47 52 28 -60 94 34 26 28 68 7 50 61 -4 -15 -1 29 -56 20 -63 71 30 -77 -78 11 -53 43 -22 34 27 -94 26 -9 -29 63 -75 58 -49 48 -64 39 -83 99 -77 -90 -3 -54 6 20 -28 74 -75 100 19 28 46 51
-16 -67 -23 22 93 -16 74 39 100 55 89 -66 -21 53 -66 -5 3 2 68 25 1 -6 -38 76 -85 50 -21 89 -24 62 98 91 99 -81 -82 -75 52 -20 60 -72 -60 70 -98 6 60 -82 66 63 -59 20 89 -22 -66 2 50 62 50 -60 -48 7 93 76 -33 -94 7 18 -1 -51 78 -31 -90 71 -66 37 -23 77 63 -42 41 -23 31 -85 -18 94 82 34 66 76 7 69 -43 -14 -47 -41 77 -30 52 -96 -31 3 43
17 -21 -69 -23 -13 22 -85 4 -59 -100 85 -28 -82 -84 42 -8 87 -5 18 49 35 67 26 53 -7 -19 -14 35 77 -72 -60 77 -72 86 -82 -74 79 67 -93 42 56 -57 11 -12 90 59 81 0 -3 37 -14 -8 -19 31 77 -28 4 80 -91 -30 68 -84 43 -66 -77 76 79 -79 -20 96 -62 41 5 -51 38 73 14 -82 51 21 -50 -61 -78 95 49 76 -43 -43 60 -41 68 42 95 -56 -86 -25 -38 99 81 47 -68
-63 98 7 78 -96 -9 11 -11 -8 -71 98 -41 -49 97 1 -50 45 -44 31 -40 -97 -19 61 -88 -10 -57 -87 -37 46 64 -3 67 45 -35 -39 -14 31 16 -75 13 -27 -27 -98 -46 19 79 83 -38 -32 14 80 -45 -81 -31 89 -94 26 -24 -37 -76 -30 16 -70 -10 -68 23 48 24 55 18 -16 60 93 81 43 -44 20 -74 30 79 39 -71 -69 1 -38 28 73 -42 -34 67 79 67 18 2 -91 62 -5 -84 -54 -83 76
42 26 -76 -32 84 -53 29 -64 -5 -43 83 -97 93 -94 -9 -48 72 64 75 83 64 -43 20 40 -68 -89 67 43 -33 -58 19 1 -28 -84 14 40 13 83 -8 13 -4 30 12 4 -65 22 70 -75 -15 44 -3 -33 2 -66 -21 -43 -49 52 78 -83 10 -37 29 11 -79 -54 64 -13 10 85 77 11 64 5 0 -25 -100 40 -39 95 -36 -95 -18 58 77 53 47 100 -64 -3 77 -7 -34 -96 16 41 -36 -84 -15 -74 47
33 83 58 -13 21 8 -71 -37 -40 -70 -12 -49 -94 -72 70 13 37 69 17 90 52 49 -95 -36 -3 76 -21 -27 -60 23 -17 -34 -83 84 -24 -94 -6 8 -50 -38 -92 -83 78 67 -51 -27 39 23 -90 -35 -37 32 1 -1 99 -85 -92 -46 87 -16 -4 -23 -13 -82 7 -2 21 53 -43 73 93 -95 -63 -44 76 2 45 -50 21 -37 -32 -5 94 -6 16 20 -41 -25 -33 10 35 -85 96 91 -45 83 78 13 -15 -90 20
-75 95 24 9 -56 0 37 27 51 -56 -43 71 97 -77 31 83 9 -12 -54 8 95 20 -62 -43 -28 31 -37 -12 -77 -75 61 -15 -29 5 -16 82 -60 19 8 6 -7 16 66 43 44 -1 99 -71 -49 25 45 93 62 27 -43 -21 24 -88 -1 64 -51 -66 49 -67 28 60 91 79 -100 -39 43 -36 -68 -27 4 -47 -19 -96 93 -58 -6 91 5 -89 -82 -10 -5 73 -57 68 -45 -42 97 -76 20 35 -9 -57 96 -78 -45
57 -25 -37 -65 93 72 72 -100 -32 80 -40 61 0 -82 36 99 -60 28 -81 62 -57 47 -30 -83 87 -47 -89 74 -77 -13 40 -67 -94 -78 -90 -41 32 -12 -16 -38 42 96 18 -16 -23 100 -5 71 -19 -7 -85 -20 -9 23 26 -89 -74 43 -41 -7 -84 -8 -6 35 -33 -38 57 -29 57 81 -57 51 -1 75 2 96 20 1 75 -26 -89 82 5 23 -30 -30 -92 10 71 47 -8 40 -35 -30 13 -39 17 -31 -76 -58 86
-7 -78 -34 -92 94 3 -48 -60 -42 -17 -55 -78 42 89 -41 67 -38 -58 31 -70 -6 -50 -92 95 5 -59 81 -94 -90 4 -15 -47 64 -46 92 75 -90 0 -67 -47 -80 75 91 -55 -6 -94 -99 64 -74 -81 -68 -76 57 -59 -2 50 -57 -94 -20 78 -45 79 2 94 59 -10 -51 52 -17 -58 -76 -30 48 -58 -5 -46 -25 -11 97 42 -84 55 -58 -42 -14 -100 -87 -52 96 6 -10 -45 8 -33 -73 73 -38 23 -10 92 60
80 71 13 99 -72 3 74 19 42 80 -8 -36 -37 -24 -34 41 42 42 -7 77 99 -17 -40 91 -88 -93 53 33 -25 -51 48 -90 26 90 -88 18 -75 -6 23 -17 86 58 -33 -67 4 92 70 97 73 -28 -17 -87 87 51 -24 73 -52 -59 65 33 -16 -59 -6 -21 46 53 -36 -43 0 -32 54 55 -24 -37 64 -75 -60 33 -62 -56 -74 -54 62 -24 59 -46 -42 60 -71 -28 67 61 88 -51 -10 55 60 100 -2 39 50
28 -92 94 -19 -22 -74 -58 33 -85 -36 31 -24 99 -82 9 59 20 -86 55 -43 89 -16 -47 84 7 12 58 -57 45 41 -40 -23 -50 -33 56 36 12 83 10 -12 -94 36 -62 -29 -22 -63 96 -8 40 -26 -28 94 -30 -28 -43 0 57 69 67 -83 -9 -12 12 70 -55 87 31 81 -40 -71 -88 -20 11 -55 -2 -3 -65 -7 -61 98 72 30 54 91 -70 54 94 -17 -67 -17 -2 -17 -21 -38 -24 -72 -3 80 80 48 -15
-82 30 -54 87 -99 32 64 80 89 29 3 52 6 49 -39 89 -82 66 -27 50 -89 -72 -76 38 18 67 -25 33 -93 8 -44 15 62 69 -98 -8 -13 48 51 46 80 97 -73 -7 -19 -94 32 -77 -22 -32 -94 11 -9 0 -2 41 58 -35 -56 54 48 34 54 84 61 34 45 70 -36 41 3 -98 -87 -33 24 96 43 -4 59 62 5 -90 31 35 -17 -59 -72 -64 35 -15 -92 -99 -82 -93 16 91 92 3 -37 -91 56
58 -29 80 99 58 -21 33 -45 70 77 36 7 -15 70 74 -10 -36 43 94 37 -27 63 -78 44 15 27 86 -1 -97 85 -81 54 36 -52 4 36 78 -17 -20 75 -8 -85 85 -97 91 58 -65 83 -76 11 96 48 91 -12 -64 -84 70 100 22 32 44 -29 64 39 -95 -80 36 15 -63 14 41 98 71 -9 40 84 -66 -56 -82 75 -20 -96 38 -14 -37 11 34 37 38 49 -4 -36 -56 -93 65 23 34 -22 -21 19 64
24 -69 17 18 13 -78 -40 -13 -72 96 10 -20 -9 51 21 -55 -56 66 32 -85 81 16 11 89 -14 64 -75 27 73 -100 52 76 2 -24 2 13 -75 4 66 -49 68 -61 -53 23 -96 29 69 -45 56 37 -9 -12 -64 -20 2 -35 -83 -86 56 -32 81 94 -30 28 80 66 -7 -78 65 60 47 45 33 -61 -80 -8 -83 89 -62 -76 -74 99 44 -3 -36 57 -93 -64 -77 -94 22 39 3 28 14 -78 -31 5 -75 -77 70
80 -21 29 -28 4 49 -13 1 -27 -95 43 7 -89 72 100 -87 56 -4 -73 -35 79 79 40 29 -45 -91 45 53 -58 -61 31 -75 57 35 64 -99 82 69 -44 79 -66 -96 4 -51 73 21 14 57 7 -32 -35 67 67 14 83 -88 74 80 -82 -99 1 -1 98 97 -25 -68 43 5 -70 -36 -97 57 -98 32 54 100 48 -28 -59 82 -47 -37 76 -97 -12 35 54 26 63 -79 85 -94 84 36 -39 38 21 -7 -40 -41 91
90 50 24 17 42 62 -87 -61 -48 -52 36 14 -67 99 72 35 -24 -37 16 63 -15 -39 -72 66 75 -19 -28 -4 -12 59 45 -1 -33 91 -31 -98 -100 38 81 88 -30 71 -38 -8 -91 89 27 -93 -46 35 17 80 28 -48 -49 -25 24 51 41 53 -34 -95 -85 -48 46 91 34 -92 80 -24 -39 92 76 -99 69 55 12 -50 -56 -43 30 -59 97 38 -97 -47 -88 -45 40 -37 -56 -47 98 -56 87 65 -87 -95 -1 -72 8
68 86 -99 26 66 -59 82 -24 -18 40 -18 21 32 -14 -70 -16 -43 -12 14 -52 71 79 -93 -89 -39 45 44 69 48 -17 -68 41 -5 -13 -91 56 0 11 -23 26 -81 -93 41 -85 -46 -60 -10 97 -2 27 15 43 -10 -60 -91 -85 57 -68 -38 -3 75 17 47 3 16 -85 -29 78 -47 -22 -52 40 72 -100 0 -83 -71 57 23 -44 -38 -76 -48 75 -70 -5 -87 11 56 -73 90 52 52 -37 -96 -97 -4 31 86 21 88
50 -65 28 35 60 -7 -20 -71 -3 79 -52 66 -8 -77 47 28 -65 -46 75 -95 55 -52 21 -96 -61 -59 34 21 80 2 25 36 -31 45 31 -94 -44 -47 88 1 -1 71 -23 50 -42 -43 23 27 -77 -27 -42 37 -62 -60 -47 -36 -44 -3 61 53 -39 87 -33 46 -47 49 -59 -52 -32 -19 12 -88 -96 -59 -52 25 31 92 -90 21 88 100 16 -78 -78 71 -98 -95 95 -73 -44 53 -77 78 85 -35 -92 -28 86 24 -67
24 24 -7 -3 25 -100 -17 19 2 -42 -70 90 2 23 37 -81 -35 -65 15 9 -24 6 -79 34 -2 45 82 -49 48 -98 19 -35 -37 -66 66 90 70 -63 46 -84 -36 -51 -85 65 -10 56 -60 96 45 10 -29 -13 -97 -70 -73 82 -75 88 41 -28 -40 60 66 78 -5 -35 -87 -54 -48 73 -11 -81 -45 47 31 -86 7 62 14 -32 -62 -97 57 36 38 74 95 -62 27 35 15 78 67 4 -42 -84 99 2 -11 70 -17
-89 -21 -62 68 -41 -9 24 -53 12 -93 -77 -24 -81 2 37 75 80 84 32 85 47 69 -60 -42 76 -59 -68 -29 -16 31 4 74 -83 -13 -28 -19 -80 34 78 24 -53 -9 74 3 -53 13 66 2 67 45 99 -2 -18 43 -97 -83 -70 87 -98 -19 3 10 62 -29 85 -56 -27 48 -58 87 -42 -70 10 27 59 -44 -35 51 57 49 69 73 88 95 35 -83 -58 -63 44 66 -13 53 73 66 97 67 44 -72 94 97 85
-56 -47 -71 36 -72 -40 79 1 -78 -11 34 80 44 68 -49 25 -44 42 0 -79 9 55 -82 -34 99 -4 -30 56 -71 25 20 -49 -78 17 59 -52 -59 51 11 95 -49 -43 -99 27 34 79 -65 7 33 49 -13 -16 8 -25 -14 20 -84 -72 -100 -38 61 82 74 16 -9 13 -36 -77 99 -79 -96 12 -14 -17 80 54 -92 -45 7 -93 -43 4 -47 -63 93 88 41 29 -56 15 47 -53 -10 85 -93 -67 -80 -22 88 10 13
75 -36 -82 -10 61 47 -82 16 33 -9 76 2 -88 -12 33 29 -79 -69 60 43 75 93 -42 85 79 -84 0 -24 -54 80 -39 30 78 -51 -81 29 73 75 25 16 -49 -98 69 -17 -27 80 -10 18 -86 63 -99 73 -25 10 74 -56 -85 100 29 42 -24 33 -4 65 55 -63 57 66 33 -33 -39 -67 90 -44 -83 -10 31 73 46 51 60 91 87 -39 -20 67 -44 8 70 60 69 -85 -89 97 -6 14 -73 -58 11 14 19
-88 -23 9 29 -26 -56 -86 69 -47 22 -64 -68 -72 -23 92 -38 45 95 -75 -35 -15 -52 -99 -92 -19 15 -5 27 94 -33 92 86 62 -1 -37 -7 -86 -46 -91 23 55 67 -42 -77 73 17 68 95 -32 45 93 -73 -77 -69 -83 56 -82 77 88 0 -35 66 88 -44 -45 -27 -79 51 -37 32 -48 -96 -4 -62 0 -100 44 -52 -4 12 89 12 35 61 98 8 91 43 29 -82 -16 -41 86 21 -49 52 -34 48 100 48 16
25 -31 -79 23 22 72 -6 69 17 -68 46 -41 19 -14 -32 -97 82 -85 51 76 6 76 42 -46 -69 -15 62 -63 0 99 -4 -39 -24 65 -40 -82 -22 66 -48 -84 11 27 10 -28 -98 -70 2 -16 47 -70 -82 96 -9 -89 -60 38 -34 -17 -12 33 82 95 74 2 -4 -24 31 -4 7 93 77 -74 40 -69 -62 90 72 23 32 -28 -9 -48 96 28 0 -82 -36 -48 7 5 1 6 6 29 -54 -91 33 93 -36 -1 64
-95 31 5 -41 40 91 88 79 -28 -87 68 24 90 3 22 72 -28 -29 9 -99 14 -62 25 76 -66 9 -25 32 -88 15 9 -82 51 13 6 -25 -97 -94 87 40 -75 -83 -51 -95 -40 69 88 69 67 17 -90 -31 -89 -12 -20 35 -21 -92 -1 -94 46 -14 -88 -64 -6 67 97 -70 -63 79 -62 96 -20 17 41 -89 -94 37 50 -37 45 32 -69 -39 81 -46 86 57 82 70 80 -69 -85 15 -42 -80 -39 41 -32 -51 -84
-11 19 -93 9 -74 -39 -42 21 48 63 -20 -52 -58 52 77 -15 82 -81 13 69 -73 -64 -8 -38 38 -3 22 -59 37 -43 15 -32 -71 -11 -52 70 -53 -62 6 -74 -30 68 -33 -28 -74 93 67 78 -52 59 92 -25 -68 -76 64 56 95 15 39 -39 60 63 -8 5 -21 -80 -7 -37 -39 -35 -64 99 90 -67 -73 -92 56 -44 4 77 -73 96 100 55 -34 53 42 -32 -90 -60 32 83 -100 -25 -23 -45 20 -12 99 75 64
-12 35 -4 -68 -59 -9 80 48 6 99 66 73 86 -65 -54 -3 90 91 75 -31 -67 -31 71 -20 23 -45 -85 70 24 -50 -33 -80 9 -62 -15 79 -75 -35 57 20 -93 -92 -88 -25 -65 -56 62 -32 -25 -36 44 -77 57 -75 -29 -40 66 -100 17 44 -75 -82 77 75 12 -61 -38 84 26 -77 22 8 -28 -24 19 98 56 41 -56 54 34 -10 -21 -30 -69 67 -40 4 -65 38 -70 64 90 77 69 19 -64 11 -73 31 55
15 96 -46 18 6 55 -46 -66 -25 46 24 -73 -8 -10 18 44 -64 6 73 17 -98 -56 -29 -81 13 66 92 -56 45 -65 -30 10 -13 95 0 -28 93 15 72 83 35 -99 -21 -19 -98 -82 88 71 7 -23 23 -93 -24 -31 95 -100 -73 30 -98 34 46 -89 19 -52 70 -72 98 -25 67 75 83 -17 -33 68 2 -100 -33 -97 -90 92 17 88 -79 29 -58 87 41 -74 62 -12 -10 -44 -27 -89 95 -34 0 -32 -47 47 16
-21 97 2 37 -87 20 -24 -13 45 40 56 54 8 52 63 -74 -77 -49 72 18 45 -14 -43 81 -17 -4 25 -66 65 -33 -21 37 17 68 55 76 -97 97 100 -93 -24 39 -61 44 7 25 1 33 -57 -30 87 -93 -26 -50 41 14 13 77 -93 28 -80 56 60 4 -10 30 88 -62 -72 42 -55 -19 62 -9 -4 83 -67 -55 30 -93 -2 44 -99 100 -7 -3 -17 -58 -22 32 29 4 -20 -46 -20 -94 11 48 -53 55 90
67 94 -98 -76 -35 100 53 83 -28 1 -46 -79 66 -89 23 -39 -78 63 4 -31 4 -89 5 89 -81 75 -26 34 -54 -91 58 -94 9 87 -83 94 -26 -48 -100 8 -47 66 -40 34 97 -6 -66 -94 -89 -5 15 -61 35 -56 9 70 44 88 -99 99 54 -18 97 72 -51 43 -34 64 97 -69 43 -53 -57 65 -30 0 -44 3 77 -81 48 85 45 52 41 -83 -57 37 32 -21 -14 9 37 70 66 4 74 -87 -9 -13 50
87 81 25 49 96 55 46 -7 -9 -75 -74 84 -23 70 29 60 -73 89 92 -77 9 0 -59 99 72 -37 17 -52 9 100 66 -44 -36 -55 -87 -97 48 -27 -96 -23 -42 -85 -24 -59 75 -22 58 19 75 7 -97 18 -47 -83 -59 71 -49 2 78 -72 -43 -58 36 82 -64 -41 -90 -28 16 -99 -19 -64 -75 72 21 74 -48 -83 9 30 -23 -14 22 70 47 -29 81 -83 9 -57 91 -62 -65 -88 74 46 -8 60 27 56 -100
-90 78 44 51 -47 -69 99 -64 -12 -18 21 -66 -41 21 -35 5 -88 19 70 53 -6 46 29 -22 56 99 52 39 39 31 22 26 30 79 -4 -34 -49 -25 28 15 38 75 -27 87 -57 -76 19 54 43 86 -39 74 -53 33 62 37 -11 -25 -86 -23 -100 85 -34 77 90 -23 -92 27 33 -61 85 44 64 -23 -97 54 69 31 60 69 95 42 26 53 -35 -54 -33 11 -73 47 -31 -94 -74 -22 24 -34 -39 78 33 97 -93
36 29 47 98 -57 -30 -18 -55 46 68 -79 -10 -89 12 -98 -5 -93 -77 25 -96 -46 91 28 -23 40 -9 92 39 -98 -18 -53 15 86 49 -36 12 47 64 15 42 -74 -39 95 -90 34 68 42 100 59 43 93 -49 -27 25 -14 -67 56 -53 86 -84 76 29 19 -34 39 -42 2 -42 85 -49 -43 -91 -25 -94 -41 -75 -7 -85 -86 -48 5 -37 -52 17 32 -40 8 -71 38 -6 10 -38 23 79 8 18 86 92 66 27 -4
22 6 65 43 8 -31 72 -44 85 67 18 -68 74 2 -16 -5 -47 -92 91 78 8 -93 -11 -11 -97 90 29 -97 6 -57 9 -14 82 -3 -21 -93 -95 -11 57 10 67 53 -67 -31 -83 -56 22 -81 -15 89 -77 45 -68 12 -63 -34 -67 -38 -8 -43 -62 45 -12 18 77 68 53 -10 27 64 84 -82 -68 -30 -62 24 -42 79 39 -51 -17 -60 -24 -86 95 -5 93 -37 21 -3 -51 7 -83 76 -65 -83 56 -61 77 84 -1
40 -54 99 -95 -71 60 54 64 3 29 13 -67 56 -65 -85 -60 41 1 -24 -91 -36 -93 14 -60 -74 19 -63 61 -9 -2 -6 -61 -54 -77 68 88 -76 17 26 60 16 100 14 41 -77 43 -21 34 -91 -77 81 -98 83 -21 36 -99 -58 7 -58 -92 -77 33 -91 -53 -57 43 9 58 61 -33 63 13 -78 -73 -20 -29 74 -96 58 30 76 -27 -99 -91 75 -72 -71 48 47 34 -33 -93 19 52 -63 43 39 95 54 -53 12
69 98 42 -92 -66 -3 63 -60 95 -39 65 77 -74 52 -63 32 -65 -2 77 -13 -89 -29 -41 -7 -31 20 22 -57 -2 38 76 -36 69 -43 37 -99 6 -31 -74 4 55 21 11 10 24 30 -90 -40 -89 50 -68 -86 -71 99 -46 43 -51 -73 21 71 10 -13 33 44 -59 26 -14 90 15 72 -23 -75 -2 -72 -54 -31 -7 -86 -14 64 46 -63 11 -64 -90 -33 -81 -35 71 99 34 -28 1 -9 -55 -10 50 5 -72 -24 9
-32 -97 -27 -99 -3 45 -11 5 -37 -98 -60 -59 61 -92 29 -58 -34 1 -40 76 -34 -84 -79 -61 -66 100 68 -81 -5 -78 35 11 -73 -94 46 33 -85 4 -16 -14 -85 0 -64 -80 67 -34 -3 76 -77 96 -71 9 -25 72 -43 10 -12 33 55 55 68 -57 70 -88 -29 -67 -56 -94 77 22 52 93 46 -87 -91 -41 -51 42 25 -51 -85 -4 34 -67 16 -100 -72 -25 -73 49 -7 79 30 -95 -55 -58 49 8 -52 -100 38
-36 41 -38 69 49 -95 -65 -74 -21 -26 81 -96 19 98 72 47 91 -6 -86 80 -79 93 74 20 43 75 -45 43 -40 -2 79 38 -33 48 68 -3 -89 4 -69 16 -99 -87 16 -27 50 57 43 -9 -99 -91 14 31 -6 -54 73 26 79 9 -24 34 74 -97 72 13 15 19 -85 -46 -3 94 79 68 -35 -48 97 -80 -98 19 -13 -67 79 -5 81 -23 -37 95 8 -96 -36 -2 43 -52 48 -84 -72 36 -4 -78 -36 19 85
78 54 -56 -97 -78 -80 53 -46 64 -2 37 -30 -68 -11 41 49 -37 -77 -90 -32 -42 68 -2 24 70 54 64 53 10 -6 -7 -50 42 27 -80 25 25 -67 -51 56 -9 54 -10 -54 -16 -3 -60 33 -85 24 -48 43 -5 1 -3 -28 -61 -96 30 -78 -67 -52 13 -72 -29 -93 72 -100 -99 -5 -71 -97 22 6 6 -14 40 -97 -38 -38 67 -52 33 -25 67 -67 84 23 32 -75 48 12 50 -57 90 4 7 -12 -79 51 -35
24 -59 -15 -26 -89 95 -25 96 76 21 4 92 -59 46 67 92 -19 -1 18 44 -27 -99 81 -65 21 -52 97 -86 -43 -36 12 -11 -90 -31 69 -51 44 30 44 -63 25 92 15 67 31 99 19 89 73 -3 100 39 -97 77 -9 8 70 -3 -75 11 -68 71 59 -67 38 77 -80 16 94 35 -39 -17 32 3 53 -26 80 96 -30 76 51 -2 -100 77 -26 45 -45 -56 -60 52 -89 95 6 84 -53 88 25 -52 -97 -11 75
-47 54 68 35 -95 55 92 33 -75 -16 -32 19 -73 30 28 -4 36 31 -56 8 9 90 9 72 -11 -75 -16 -27 -41 -94 -15 33 82 -59 -12 -10 61 -60 85 -88 -12 -54 64 71 -72 -69 97 -63 84 -24 14 -23 50 80 5 59 79 -80 -55 -42 82 -75 -58 -94 14 -7 -63 77 99 35 -100 35 -7 -81 28 -51 -13 -60 45 -45 49 65 28 -45 -75 -99 -57 -91 -32 -45 -10 90 8 -7 -72 -35 -60 47 46 -61 87
