-5.746413
-13.078128
0.676420
1.943922
-6.499967
-0.127121
1.716668
3.813597
8.630291
-7.937938
1.519893
6.143622
-0.107854
2.504399
-6.235296
1.528358
-6.807999
1.916990
-3.989227
1.848596
0.029838
-6.123260
6.128993
-3.405933
0.234391
-0.890570
6.642593
7.051708
4.244000
-2.736993
10.969408
-1.313908
-8.584567
-0.872331
-7.012447
4.240169
11.637557
-2.273435
7.149909
2.427652
3.139193
-1.659969
-3.877516
-8.252127
-0.264964
-1.637792
-0.518240
-1.585810
7.550234
-3.661835
5.646371
-1.506209
2.077740
3.251728
-4.921659
5.364579
8.054520
6.944364
1.744604
5.658431
-1.302578
3.784698
-12.282768
-10.985239
-4.331032
-1.562783
-2.106889
-5.880955
-0.263872
-4.563781
-4.847572
6.967215
1.032418
-1.180253
0.212923
1.757141
3.884555
-1.004911
1.453346
2.623651
-4.817803
0.841772
3.303074
-3.118236
0.794431
3.076703
-10.007639
-5.296286
-1.940543
-9.118615
-2.566610
-0.506674
-3.034253
0.880529
-1.473840
-13.486988
9.791122
2.486887
6.903916
-7.832508
