1.544388
-2.371133
1.427789
-2.750571
0.433754
0.722146
-0.230328
1.024786
-0.276594
6.434771
1.895272
-0.064647
-0.402130
3.818538
-1.534274
-3.042298
6.102216
-3.383413
-1.074150
-1.798417
1.970988
0.817784
0.022964
0.672265
-0.420637
-0.335655
-2.931823
-1.066217
1.133586
-1.066296
-1.269511
-0.970807
-2.571834
-2.337019
1.227737
-5.296989
4.328707
3.375563
-2.240778
-1.288460
-1.119520
-1.075953
1.305973
3.363362
2.244638
0.620501
-0.043723
0.994871
3.028297
2.948031
3.211845
-3.883006
-1.614511
4.517421
-0.195784
2.729317
1.223747
-4.572290
0.297788
-1.821587
1.745002
4.408869
-0.703539
-3.230688
-0.739835
1.267233
0.867199
-2.545385
-1.676002
3.089535
2.296648
-3.579846
0.971362
-1.737196
2.293843
-0.758058
-1.416885
2.741729
-1.846439
1.088778
3.401116
4.894916
-2.664656
1.559993
-0.806728
2.505773
3.407960
1.888330
2.480904
-0.617887
0.888813
2.200822
1.084074
-1.779945
2.654726
1.146352
0.236983
0.485984
-2.707351
-1.213288
