0 -44 -69 57 63 -20 53 1 52 0 -16 39 94 -60 94 28 24 -52 92 -30 -90 -20 75 72 -66 99 -88 50 -21 -67 -86 30 -91 26 72 -67 -17 -14 -92 66 78 -40 -11 -58 -10 41 21 -17 -43 11 -33 -12 -4 -9 -72 14 36 79 -81 89 41 65 28 37 99 -84 -21 -56 -6 -49 -75 85 -8 -21 53 79 0 92 -15 16 75 18 66 -77 4 -97 20 -41 -2 87 97 -54 42 67 13 -66 40 63 -68 -24 29
6 41 79 -73 72 15 9 -61 -61 -13 16 40 32 -37 64 -49 46 94 79 -63 -68 -42 61 42 -8 69 55 -29 39 -55 -11 88 -52 7 41 -55 -72 -90 99 -29 -26 21 77 -98 -47 32 -53 5 -45 -60 -71 -21 92 -35 -1 44 -93 85 45 -15 96 -11 -71 -50 -68 -16 -63 33 84 -100 18 -54 -85 100 -30 -95 -31 69 0 -45 82 21 -70 78 -76 96 20 -69 -7 -14 75 36 -51 -34 92 44 38 -77 93 -80 45
36 91 -9 -88 -41 -97 85 -78 -75 -34 -70 -73 -67 40 -22 -73 12 -62 -1 84 -59 8 -72 82 -89 -97 -93 -1 57 -6 -72 73 47 -21 83 62 -79 46 -100 -49 46 -63 -81 -19 72 -2 -93 -94 -64 69 50 7 -78 -51 33 77 -98 -94 34 33 61 49 -65 56 -80 45 78 84 -11 33 83 43 -37 35 30 12 -8 -88 1 36 65 15 -77 -51 -17 -30 -50 -37 -36 -74 -5 45 10 -49 -6 29 -31 49 -33 -81 -74
-96 -46 80 -59 -31 -50 -31 48 -19 -89 73 -49 3 -58 -72 -92 13 14 3 -18 17 -4 51 37 -82 -8 -7 -69 -62 56 11 -28 -71 -47 -51 -92 -52 71 21 -39 -75 65 -23 -54 -76 -66 47 -39 71 38 34 85 85 99 59 -13 76 85 66 18 82 -59 -74 -68 -83 -85 -10 68 -19 -90 -22 97 87 60 33 21 49 52 -56 70 82 -67 -57 -13 14 21 33 22 -33 48 99 -91 41 16 -56 -87 67 -13 55 20 26
-16 36 13 89 -43 -65 14 -37 -38 -50 -37 25 33 89 7 8 54 -76 45 56 35 -83 0 -71 -87 12 -63 -15 -66 100 69 -2 65 -56 -11 42 48 93 75 48 -22 19 32 -5 62 83 52 48 -31 38 33 -21 -31 33 -6 -8 86 -83 24 -86 50 -66 -59 63 55 95 -87 50 -84 8 85 19 -36 0 6 -30 78 -82 -89 -49 -54 92 2 -96 -28 76 -1 -66 -20 -96 63 -11 94 -94 -55 -99 46 -15 98 43 -48
43 -73 -73 26 5 43 -7 5 -69 74 43 -92 -53 -27 -69 -87 -35 25 -52 99 95 17 -34 29 -59 -22 63 9 84 63 62 -5 18 78 -51 69 -25 -5 70 -41 83 -2 21 25 -68 46 21 -70 -82 50 -23 83 -66 70 61 -27 38 -63 4 -22 54 97 -27 96 66 5 29 79 41 86 92 -83 68 -15 5 92 -81 -43 42 74 81 -67 94 54 -96 35 -29 64 80 21 20 -14 -81 -66 -40 -100 -32 55 -64 98 48
-1 -14 57 73 1 -36 78 -38 -19 38 40 -26 42 3 40 48 -59 48 -47 27 -28 15 43 71 64 -19 -26 3 82 10 6 -96 -71 -41 12 4 20 -39 -44 6 -72 -94 -78 59 -32 82 -47 -3 67 -83 76 50 -96 50 37 -17 -29 -76 -69 38 18 1 77 -61 54 -55 -51 27 67 -50 24 -78 -75 -38 -60 12 52 -3 -1 13 -32 -22 23 -11 -45 39 36 69 26 7 25 72 57 -33 -74 59 -31 -72 95 77 -90
-86 56 -67 14 95 -25 -36 -69 -27 -17 -7 82 16 90 68 -75 -24 84 -5 -54 25 65 -92 72 42 98 30 -19 100 -49 -50 99 7 30 -6 24 -1 -86 -51 27 -5 40 44 57 -26 78 -28 88 -30 -9 -88 62 -91 0 3 -29 80 -55 -25 9 72 -67 43 51 -22 -29 96 5 96 -61 71 21 -98 31 -44 -57 15 36 -31 -19 -24 -43 -78 76 -25 -27 -79 78 33 -27 -2 -10 75 34 -19 59 78 -61 65 -30 44
28 -10 79 70 64 1 34 27 -42 -63 72 90 44 -31 53 -15 -60 -71 97 -94 -48 -3 0 68 -75 -9 -59 70 -45 14 -74 55 -45 -8 13 100 91 9 -4 46 46 -31 -91 31 48 99 59 -53 -91 41 -60 45 0 7 22 -36 -34 95 -75 -24 15 -4 -4 73 67 -82 96 27 5 83 -95 92 67 26 -65 92 72 33 44 -88 -91 -49 17 53 61 -50 -71 27 -21 -18 14 12 -11 -24 59 22 26 -46 -89 20 -68
90 48 -22 -97 53 73 -81 -67 41 46 -58 -89 68 65 84 -12 60 51 -57 -35 -77 73 -98 21 -31 -61 -73 -87 -93 64 -99 -51 -66 33 -58 -5 44 -28 -15 -89 -3 46 84 75 -13 -27 -21 33 -9 -5 -29 55 19 -82 -18 -80 -46 45 53 19 -22 -27 -55 83 78 62 -74 -26 -94 -51 62 36 -45 49 35 96 2 -88 34 19 84 -11 -83 -98 -48 -96 28 -39 -55 54 67 -66 60 -28 -11 13 -54 -92 -24 74 63
41 23 -72 -86 53 -24 73 -43 -32 46 35 1 50 40 31 39 -57 -62 77 -11 37 -42 25 -51 13 -51 -84 93 -33 57 -79 7 13 -57 -39 -82 55 98 -3 -66 62 26 38 37 -81 32 29 -41 27 31 -76 6 26 94 22 16 -59 65 -94 -26 -28 -34 -79 16 34 -19 74 75 -10 17 -94 59 -67 81 -48 5 5 -41 95 -35 -59 3 -2 15 44 -4 99 -58 -97 97 12 90 -18 23 -51 19 -98 -16 -95 41 79
-48 41 44 -89 79 -72 97 31 85 36 84 88 -17 62 46 -58 88 36 -72 20 -81 -38 84 19 90 -81 34 -64 -70 42 -84 12 -69 16 78 -62 93 76 77 53 74 -24 -87 67 61 -53 -40 77 5 64 30 -45 -17 9 -1 -66 39 -24 -63 34 7 -34 -98 -11 92 62 66 69 -89 -1 -11 14 -22 -29 -55 -70 38 88 53 -78 -36 -22 -44 -73 -30 15 49 43 -58 -63 49 -2 68 -16 -40 -52 76 -81 31 -41 47
-28 58 86 -20 83 100 16 79 -1 1 67 68 62 -17 75 -63 58 62 13 82 57 70 -68 -75 0 43 -49 -59 52 -22 -2 -3 -63 -33 -27 93 64 -25 41 95 72 36 16 -67 -10 93 99 96 52 -37 41 91 -63 18 -6 26 48 -10 -19 99 -38 -92 -23 -21 43 63 -42 31 -25 69 -33 -88 34 -25 59 -23 32 -90 -87 18 12 -41 -11 -2 -61 -34 29 -68 -20 -89 54 -2 29 92 -63 -41 -91 30 84 88 -92
-55 99 -72 -64 -73 29 -44 89 -14 22 -32 59 -85 25 -68 -81 -47 23 -33 68 -50 -12 -7 -31 -34 -60 -48 -60 -71 -47 7 88 6 36 -16 -84 29 38 59 -30 -31 26 -60 61 -91 -88 64 -38 -87 -85 -76 -84 11 -37 47 -42 -15 -77 -53 -23 60 -9 35 -57 52 -43 -100 -87 -71 -18 41 47 39 -93 -26 94 4 76 -48 2 -51 -40 74 6 -12 98 76 39 65 81 24 -31 55 17 -47 -85 46 -74 -100 -40 -60
80 -85 -12 -6 71 -96 48 29 -36 -11 88 53 17 -32 -42 37 -78 -76 -40 -43 -7 -52 -35 14 -45 -91 87 -61 -75 11 -38 76 47 -80 96 71 14 28 70 54 -56 89 70 88 -45 -11 38 -97 -42 -81 -47 -71 -41 -39 -42 48 7 22 57 67 -72 -27 11 98 -44 -85 35 21 -19 -34 3 -75 30 85 86 -82 -63 -20 -84 -94 66 5 -1 80 11 -41 -11 49 86 25 75 48 87 -54 -68 -78 12 -61 70 -73 70
-72 79 -58 -93 -6 -42 -33 -31 28 32 -51 34 -35 -13 -32 -57 99 -35 9 83 34 97 -68 -49 66 13 89 -46 29 -61 -54 -28 -33 -40 40 31 77 -93 -86 -58 78 -21 4 53 90 -98 -45 -26 29 52 -68 -65 -73 48 -54 83 79 -4 3 55 61 19 57 -37 -68 60 67 -17 59 -78 -31 65 -10 23 -87 64 -85 -68 13 23 -60 46 -50 -23 -34 84 -85 -60 -74 98 -90 95 56 -14 -78 87 -6 -83 -42 -52 2
-22 79 -36 81 35 78 -55 55 -47 -61 39 -20 -38 -73 -61 50 -9 -9 35 35 8 42 16 -34 30 -57 -4 53 77 81 33 -7 -19 -60 54 24 -80 36 61 85 93 -92 -63 -28 -39 -27 -45 21 30 53 13 -90 -8 7 1 84 63 -44 100 97 82 -17 98 -62 97 1 -5 -23 -8 -89 -16 -66 -48 19 -72 29 -45 84 20 -73 -38 64 8 -95 49 86 -21 -71 60 -45 35 -86 -74 23 9 -6 2 -93 42 46 -13
60 -88 95 9 -22 -52 -60 -45 -98 91 35 -91 38 -91 -87 -3 -57 -14 -72 25 93 -15 -61 -27 -18 16 -45 -78 13 10 73 89 86 64 60 73 -32 35 57 23 69 -64 74 -50 14 56 -76 -61 88 -42 -26 -81 94 -80 42 90 28 -29 -51 2 19 -62 -94 -78 -20 -93 -40 11 -48 12 -19 -28 48 0 -45 5 77 47 85 -13 71 2 54 -65 -47 95 -75 -50 62 -51 92 -71 -43 10 -65 6 0 -39 -49 39 -9
9 -33 66 51 -5 51 52 6 -47 89 89 -97 67 -89 -39 -38 -47 -21 -53 -4 -80 -86 -44 47 77 80 10 -11 69 95 74 94 80 19 -38 55 37 16 10 -40 -2 57 100 3 -57 -73 69 -15 77 -83 80 25 -42 25 59 -76 -38 72 -55 -11 9 1 7 51 -49 -41 32 -45 -87 -67 51 -97 81 68 -1 -21 -67 -7 72 0 -18 -93 -64 -35 -63 -85 40 -66 -80 -50 91 68 72 81 81 -18 -76 93 39 36 -76
17 -16 14 49 63 -11 80 22 -70 25 -28 -9 31 2 -75 36 -40 -16 37 -92 47 -33 95 -3 97 79 -28 26 -44 76 -32 56 25 44 43 -19 13 -51 2 73 54 -56 41 -30 -49 -76 32 -94 -99 79 71 -34 38 10 2 -38 -81 -22 74 84 24 -66 -49 47 9 12 -80 -65 65 83 -74 66 -26 61 81 80 -1 -24 28 93 -65 -11 -87 -42 -13 -26 -67 -41 -43 52 49 -43 -23 -64 0 10 57 -57 74 99 17
-33 80 -37 -93 -56 98 77 62 83 81 77 75 -40 25 39 -4 34 -36 36 75 -63 93 88 56 95 68 58 23 -2 -55 -60 -90 5 98 93 -53 -70 80 38 73 -53 -77 52 -7 50 -99 47 -10 -17 -92 88 -83 -88 77 4 -36 58 94 100 -52 64 -38 0 49 22 -62 23 -86 28 69 87 47 -21 22 12 -36 -67 37 -22 -73 69 41 60 -7 26 -8 -10 12 -10 -47 80 -66 -3 36 86 -84 34 41 8 -24 37
20 0 -58 23 56 -7 -52 -42 -68 -74 62 -25 8 64 -80 73 -77 -50 -99 -45 84 -70 -47 49 -5 99 50 42 72 27 24 -15 -99 96 34 26 -73 78 43 -37 2 73 12 -88 87 98 50 92 -44 -40 -71 -49 -30 33 51 10 -28 79 1 -47 -38 -52 -33 37 -2 41 42 19 -79 -77 31 -96 -79 2 51 -22 27 -80 -45 -33 -99 -42 35 -85 -59 -48 -54 52 39 -39 33 -44 -55 41 -94 -32 -39 100 43 -22 -30
37 -7 -75 18 42 41 -59 39 66 74 53 -7 -59 26 93 41 -27 -21 -53 12 -65 -41 41 -8 3 -45 -14 37 100 -79 -12 -98 10 90 -64 -72 -3 -92 -43 -50 -2 -72 -89 25 36 12 76 -26 53 -93 -36 -55 -17 45 -65 -7 78 -83 44 41 25 -27 -59 1 79 43 -22 72 71 35 75 50 -95 -17 80 7 -1 76 8 48 -51 3 -78 -98 -76 -77 69 0 2 0 71 -59 23 76 -94 -72 1 51 80 25 -10
8 85 -47 73 74 35 18 -5 55 -62 3 59 -86 63 71 14 -99 -34 59 -3 -99 -34 40 77 -73 66 -38 60 44 -15 21 36 5 34 -27 -69 -20 41 28 -89 16 43 0 47 100 29 92 27 -57 98 28 53 23 -61 13 -74 90 -55 -26 13 9 -56 98 -85 -28 31 23 11 16 -33 95 43 12 -26 7 -22 -7 -55 22 61 57 -85 -27 -16 -84 7 21 -78 -15 57 -81 -1 -48 46 -47 24 -78 98 -87 28 -11
26 -65 -82 -29 19 -85 -4 -78 -66 50 -5 70 -36 54 -86 -52 9 -67 -39 79 -43 100 62 56 25 -31 -93 8 56 12 -96 -2 -99 80 -51 -30 -25 66 -69 -34 96 76 -11 -19 -80 82 27 -35 1 78 50 -90 -74 71 -98 17 -47 21 85 -62 49 -48 -42 -41 -26 57 59 -70 -57 50 -85 53 10 -86 -51 -89 64 86 1 -65 93 7 22 66 -90 -12 51 4 -43 9 54 21 52 66 -21 2 56 46 -38 -49 89
28 -66 17 15 -58 36 74 70 75 -49 16 91 58 96 -89 -52 -8 -8 60 8 12 -82 -5 -60 -53 81 -67 75 100 -92 34 33 -65 33 -7 8 -35 -8 4 25 77 32 -79 -94 -77 70 34 -95 -12 -64 92 -36 -89 -93 87 -35 1 74 -9 63 99 -45 -6 76 -32 -70 0 52 42 19 70 7 19 -35 -64 33 -95 77 48 -14 57 48 -75 97 83 45 16 5 -91 -27 -9 70 67 100 -60 81 76 7 -97 23 -82
37 68 22 -4 32 13 -39 -46 38 82 67 65 -56 16 92 79 -42 44 49 -53 7 -5 -19 -93 -36 -6 86 31 -25 82 -39 -86 -8 5 36 28 25 7 13 -72 49 -59 11 30 -27 99 -44 -52 80 50 -35 -48 15 -18 -66 -65 -80 -88 -43 -35 92 -87 -5 81 60 -97 -63 -80 -17 96 -49 90 -85 -46 -11 -77 -74 -17 -87 -97 -60 67 -94 -54 -33 17 61 35 80 -31 30 -52 -34 94 -100 -34 87 -85 96 99 97
-11 -91 -35 -22 -13 41 -62 -37 80 -90 62 -89 -49 -70 -60 45 100 -61 80 -34 -70 -78 -91 65 -40 -66 55 26 15 54 5 -27 90 -83 6 65 -59 -75 -44 -98 76 -96 -3 -61 36 45 70 40 6 -64 -61 52 68 52 82 -18 -97 67 91 -28 -21 -16 23 11 -10 92 36 -12 -50 86 -69 8 87 73 -93 78 79 -6 27 12 0 -2 -48 -35 -56 -20 -35 86 -73 -92 -52 -26 75 49 14 -73 -14 59 6 -45 -16
83 35 -81 19 16 32 -52 -100 74 11 -43 43 -70 43 -69 -42 -66 -77 -59 -95 76 58 25 62 100 86 -84 -85 -75 -44 -4 31 -18 -5 68 23 71 -69 -43 -33 33 -36 -32 35 -59 61 -9 -4 70 43 67 62 12 55 36 -32 52 -28 75 -60 -63 -2 -62 7 -5 -89 67 -36 -64 88 39 -48 98 92 -30 -76 9 29 86 -47 38 -49 -6 21 -75 1 38 -73 -82 -94 72 92 60 -11 26 -84 -42 -94 52 37 40
-79 1 -7 -9 -49 -93 -43 14 66 28 -58 94 -92 -13 -70 38 -29 63 -60 -23 48 89 54 -100 30 -45 -20 87 -79 75 90 99 -61 -63 28 15 88 -98 -78 95 -33 -49 -44 44 -64 -85 -29 -81 -22 0 96 29 -2 -63 5 44 -54 -5 -68 65 -55 -56 -91 49 -97 60 -93 -4 -28 38 -31 -70 11 -74 52 3 87 -1 -36 87 17 43 -7 18 -40 -58 -52 -46 -7 -66 35 93 34 20 29 65 19 96 -46 56 12
-21 27 88 -52 21 79 81 4 -33 85 89 -61 -99 87 12 -6 -48 -14 -97 38 41 19 -15 -82 -94 89 57 -84 -37 -15 -89 -71 -75 44 71 -100 93 -5 -80 74 4 -42 5 8 40 -22 59 -25 80 -50 28 -96 -63 -81 19 76 15 54 17 93 24 -36 3 -77 -12 56 -94 -46 -94 40 -77 -82 46 23 -67 -68 -66 -87 75 -3 80 -73 -25 74 73 20 -97 -77 -45 -29 68 58 -77 -11 -4 60 -20 48 -58 100 10
68 -23 -79 41 68 -28 -18 -99 -23 -97 1 -87 -57 96 66 82 -56 -44 99 -37 -1 -49 0 88 -71 -31 -58 69 -21 -96 50 21 -78 8 67 -80 -98 70 -62 46 -81 -17 -67 -10 -93 65 14 16 -48 93 -13 17 50 0 69 -11 43 42 -36 -93 60 -89 59 92 -27 25 76 4 -11 87 -74 -86 50 -81 -21 -14 -51 -98 85 72 69 -70 -75 77 -99 -80 -96 -18 36 78 -39 39 -33 -13 2 52 -78 33 -22 51 35
90 50 -54 -44 24 40 63 -86 17 -92 9 -65 8 15 -36 94 -98 -55 -74 -83 82 -59 -69 74 -78 -70 -42 15 55 -97 65 -49 58 64 -17 -65 -46 97 89 62 75 -87 1 -51 -96 -90 -73 -80 27 53 -91 20 52 4 -89 31 -52 53 38 16 -16 -59 -62 -83 55 -19 -100 68 -94 41 84 1 -44 4 32 -63 -59 -75 7 -61 96 65 -90 -9 58 44 61 64 -52 -81 -12 85 82 -40 -84 36 -60 12 95 77 -2
-12 -27 71 -76 -42 47 90 -21 -38 40 85 80 -82 18 -90 28 47 -61 81 -38 -48 41 27 15 -16 -16 -20 91 -21 -29 23 -53 0 -8 -11 -34 83 -79 -78 -50 -23 6 15 -62 96 -78 72 -40 -7 -81 78 -42 -9 -6 52 34 -81 -1 20 94 -91 66 1 -71 -45 -72 -3 -23 3 22 3 42 89 37 2 -46 -33 -94 37 -100 10 83 72 -56 29 -35 -52 5 37 -69 -10 95 36 82 -46 2 38 -68 -77 54 -80
83 -18 36 -10 -51 93 -55 -44 37 -92 90 -37 16 37 52 43 -45 -88 21 31 85 -13 76 21 -13 -89 -56 -74 -90 -89 -70 98 -7 77 -70 -7 -53 61 96 16 -38 -93 32 64 91 14 93 92 72 21 60 -96 -89 30 -81 68 12 -37 -95 -65 -37 67 82 70 -72 -32 2 -74 -63 100 -77 38 -40 74 45 90 -77 -39 -59 6 -11 -36 -65 -6 16 91 -22 -81 -75 -36 -68 -45 60 -12 64 37 90 37 23 97 24
-12 -80 -51 70 16 -42 -88 -34 24 -74 -100 11 -24 29 40 -62 51 -5 69 43 82 -57 -67 -7 -6 36 -35 65 -58 -72 -67 -17 1 -100 52 -83 30 -99 26 68 82 -46 84 -6 -6 69 75 63 -64 28 -54 -58 -68 -99 -38 83 -29 22 60 78 -55 -48 9 16 -84 -79 -74 36 84 11 -90 91 -8 11 -55 9 58 31 -21 -39 72 -52 -69 14 -41 61 -46 36 41 -54 35 35 -81 37 -75 -47 97 69 88 43 17
-89 36 -86 10 -58 -49 -29 36 10 98 52 8 21 30 61 96 -20 76 -23 -19 -80 -55 34 74 79 1 -58 76 -79 19 77 54 -48 -39 -70 0 18 -90 -40 -62 60 97 -85 -79 53 33 -81 71 -60 -27 92 -13 -79 14 43 -79 -77 9 27 41 -99 39 -16 23 -35 -32 58 -17 -8 51 49 -60 -83 -50 -4 -91 -57 -14 48 74 77 0 -90 -63 91 -31 64 20 99 -59 46 -77 37 79 50 97 49 -65 -14 98 66
84 52 -36 -69 6 15 23 -97 57 -55 -91 -80 -17 10 -54 -59 -40 87 -13 59 -65 44 -10 -54 -78 -14 -66 80 -17 -85 7 17 -92 27 -62 27 31 82 19 58 -100 -38 -71 0 97 -3 85 27 -58 61 -57 -75 -19 87 40 24 -17 67 63 72 -78 -99 80 25 -12 -98 97 -43 42 -44 -59 19 -37 -81 -67 -70 -61 26 66 -40 63 51 -2 47 -74 -56 19 -94 50 -70 71 59 6 -24 -44 -29 -78 33 97 34 -59
44 -46 57 84 -93 63 -39 48 82 28 54 49 -100 -1 78 -68 15 -27 -1 37 -67 35 -99 -21 -72 41 39 63 45 19 -12 -58 -37 -10 -49 61 18 52 27 50 -17 -85 43 79 16 75 19 -33 55 18 -86 -39 -71 -20 -88 19 -4 -3 66 69 -95 -52 -75 50 36 -56 76 44 24 -71 -75 -58 -69 7 -84 60 23 -24 65 -15 81 22 -11 -38 -2 -72 76 -16 -33 -79 65 63 -91 53 7 53 -83 -13 -1 77 77
3 -40 92 73 3 68 -40 38 -97 -78 -15 37 2 -40 -94 -17 65 -93 72 95 -44 -57 100 45 7 -8 33 -52 72 -26 97 -20 0 -48 -6 78 -3 36 -84 -50 -100 -79 31 -93 53 -84 -55 -58 -97 -38 81 44 -2 -69 -77 96 -50 38 -68 59 -24 -75 -85 62 -55 -85 -83 100 -66 66 92 -28 -35 -10 77 -72 75 -51 37 -3 75 -20 26 37 98 9 29 61 15 -65 45 92 -49 23 3 -63 -91 -40 11 12 60
57 5 -64 36 99 -25 -42 43 -84 -39 -15 -72 71 -97 12 39 -73 48 -20 -83 97 -19 -49 87 57 -5 18 24 48 90 18 16 7 98 -20 -33 72 -24 -17 -80 -36 -6 68 90 -68 78 97 84 -81 -55 -16 -62 62 -31 21 -89 -15 -32 96 -24 41 -96 -68 -45 9 -7 -73 -46 96 14 5 66 -23 94 -34 -98 -79 -85 -3 -32 60 -48 80 -11 -43 21 -26 19 -57 -35 29 -92 -69 -11 94 -19 -34 14 94 69 -6
-4 -48 -68 -78 57 -69 56 86 0 51 -76 -91 -34 77 50 -75 28 -73 -76 -85 43 36 54 29 79 -68 29 -70 -51 -76 -98 -23 -54 4 49 63 18 -11 -36 8 -19 19 -34 26 4 -42 -39 -65 95 71 -70 -5 73 -45 1 -36 -89 -58 -76 -60 35 49 67 -27 -63 99 73 -6 86 -7 93 71 -52 -75 15 9 70 -30 -23 -80 8 90 64 -69 76 58 59 -1 -59 -22 70 -43 -72 89 27 -33 -59 -42 -47 -63 -47
-90 79 15 72 99 -74 56 -81 -18 -72 -52 -6 30 -14 86 81 33 -26 -23 64 48 -22 2 44 86 31 -65 67 67 -52 -13 -31 1 -79 53 39 90 -1 -4 -98 -49 -61 -48 16 -81 82 -36 -7 86 81 -77 -21 -93 79 54 -40 68 -88 -97 -43 -40 28 -41 43 -97 -13 -10 95 68 -82 24 83 8 26 -18 -16 16 53 -97 -91 23 -69 12 -93 -27 -47 77 20 -50 -96 15 -42 9 21 23 -68 -14 35 -39 -19 -46
4 73 -76 43 50 73 23 -14 18 43 65 78 -40 84 53 -90 -63 -45 95 -48 98 14 -14 4 56 40 -16 -62 -16 -96 81 54 3 -41 50 -65 -9 28 -91 -44 -21 67 -4 -44 -82 -93 -33 -94 14 -58 -63 -84 -35 72 -32 78 19 87 90 73 55 14 -51 89 -38 4 -63 25 -14 79 75 -39 87 1 48 -72 68 -31 -90 80 25 -97 18 56 48 23 -26 67 99 -80 46 -81 46 64 82 -70 19 86 19 -25 42
78 61 -59 -74 59 24 -26 -54 97 85 15 88 50 -60 89 5 -1 -85 92 -88 -12 -30 8 81 42 -60 -22 -89 -76 -39 -81 -14 59 64 -88 67 20 -72 -61 -2 67 -99 52 -46 -74 81 -82 55 7 -86 -36 51 -31 75 -41 95 -77 26 -56 -32 90 -68 14 -50 61 59 29 -91 -63 -39 62 -100 55 -79 -28 91 79 -8 42 -73 78 90 -42 5 82 -65 -2 -10 82 -48 -85 -3 -75 13 -76 46 -56 -87 -25 24 31
-63 -20 86 95 12 -62 -42 57 -9 -26 12 -89 -39 16 81 22 -36 33 -39 51 26 34 -21 -54 96 -85 70 -38 -36 -32 -60 -47 96 -10 -56 -48 96 -56 -27 86 -26 69 44 82 56 -64 -18 -54 33 -18 -98 -21 -85 63 -67 -9 -30 14 80 22 65 -55 61 61 -13 -22 78 -69 -94 8 -74 43 -80 -29 -23 -42 -74 14 1 -38 54 43 73 68 98 -69 -75 -11 94 -52 -27 87 11 25 7 -14 -50 -36 -89 14 95
-5 -95 88 50 42 4 29 32 -20 94 100 84 -55 -54 -23 -43 44 37 -18 -62 61 -31 -12 11 -23 9 14 -90 92 64 68 -5 -17 -92 87 32 66 33 97 -96 13 44 4 23 -62 86 -98 -22 71 84 29 24 29 59 98 -19 100 -94 25 12 93 -6 -41 74 55 -77 23 63 71 65 58 -36 100 63 27 36 -62 22 30 -99 56 35 91 -56 -95 -10 -70 59 -13 -96 80 -15 9 -31 -57 50 -53 27 67 32 70
66 53 -15 96 41 -9 38 45 -8 13 66 31 85 57 -42 -77 -78 66 -39 44 47 83 -1 -33 -55 -58 -20 -53 -33 31 48 -58 -7 -47 -48 -60 1 -79 58 -96 41 -41 28 -44 70 -46 -77 -91 63 71 -87 -96 -5 -87 -53 23 21 46 52 50 0 45 -86 31 -69 43 -9 22 -52 -15 76 -13 56 -80 -37 93 -40 96 -36 36 -80 -10 -96 46 21 -11 17 37 -89 -46 75 31 -96 -79 -1 15 -49 60 39 24 4
0 -63 -59 -42 -100 71 -86 -63 -7 -34 55 -5 64 16 -78 27 60 5 -35 -54 -67 -65 43 -3 92 -9 -4 94 84 -6 75 47 -97 -97 -83 55 -74 18 42 -92 44 54 52 -37 -13 85 -6 25 19 42 -71 70 -10 92 40 51 -31 2 -47 17 49 99 -96 -45 16 -26 63 -7 -11 -54 -93 71 87 95 97 -54 -14 -28 -6 -31 -97 -24 45 -34 -83 -38 -33 57 22 19 -2 -71 -81 14 51 59 -61 -51 -48 22 64
81 66 -39 59 85 87 -35 26 1 -61 38 19 78 79 41 -49 58 83 63 17 42 -52 -95 -58 49 62 -100 -80 -58 51 49 -24 -66 -23 63 48 -39 4 35 88 -29 23 41 -64 28 -11 20 76 69 -97 57 -88 -9 -4 -41 34 -5 12 -89 100 85 52 -18 66 -8 24 -28 -54 80 -23 50 30 -99 -4 27 31 77 -75 45 -13 -2 100 41 42 -57 8 -38 -40 60 72 -36 91 -52 -60 49 -1 -41 -27 94 -76 87
-55 16 73 -3 -71 -6 21 51 -30 -99 -25 -52 -1 15 -36 74 16 -91 -38 -29 -30 34 -33 -20 3 86 41 -53 -31 16 31 6 15 65 -35 -65 -94 -86 83 46 94 -11 58 74 -85 30 -77 -62 66 15 22 95 55 92 92 -9 82 -67 -32 69 -48 93 -64 -86 4 -87 -41 29 6 -31 -65 32 53 7 -78 -94 28 -65 -51 -28 87 -14 12 -55 87 98 -38 90 -39 61 -84 52 -83 75 -4 -94 7 -77 -13 71 20
-62 -27 1 7 -69 2 92 10 67 -83 -43 42 -60 78 18 70 58 98 62 -18 -37 -44 86 -60 -95 34 27 -54 -33 -50 -59 -63 -67 -84 -5 -21 -94 4 -36 -87 -42 77 -84 86 10 46 18 -73 49 61 18 -98 -51 41 -23 53 79 -18 9 -91 -91 -41 -89 -13 -9 -55 89 -51 100 67 -8 37 31 -14 -22 70 39 0 -77 43 9 98 54 50 -35 -28 100 44 21 -51 -68 90 -25 -76 41 -65 26 28 45 -92 45
84 -83 -86 23 41 -1 -20 74 14 27 -24 -52 -1 -89 60 59 -89 -90 54 -36 -56 49 77 -29 57 67 21 55 -12 80 86 40 -15 34 2 34 45 84 -4 -45 -9 95 96 -72 -20 15 -12 51 91 55 -82 29 -5 -7 -8 -63 11 -99 77 47 71 -56 76 -69 -98 -66 43 -82 -92 -4 58 58 -11 -86 70 28 25 73 78 19 -83 82 70 -91 1 73 20 94 -95 -9 -7 51 -10 -87 -88 88 55 63 -41 3 62
-81 6 49 -8 -19 90 3 23 54 70 88 19 82 -63 51 -63 -70 64 -57 59 21 -24 -62 -83 38 58 63 -69 -3 63 -64 -1 -83 44 44 -66 90 -90 24 -81 46 -73 -73 5 38 -18 -59 95 -20 -3 -25 71 -3 63 19 -38 32 -20 -11 -4 0 -6 40 -34 10 89 -3 18 -93 22 1 -88 11 -94 -31 20 26 -59 82 -13 13 -3 -17 -79 14 -8 -68 97 47 38 9 -83 -38 -70 -52 63 -39 -72 40 65 94
-2 88 31 -72 -80 -93 -97 -35 -54 -96 35 -71 56 33 45 23 32 -25 -42 -7 -98 65 33 80 -90 -41 -94 79 55 82 -52 5 -20 65 -30 -58 -47 -73 -98 92 55 -62 78 81 -6 -49 -98 -82 -78 80 -70 73 -59 -75 14 -2 74 48 65 39 -40 -66 15 12 88 -61 -64 33 -21 -46 50 40 25 -65 -6 -44 -33 57 92 -76 -14 27 27 27 56 18 -1 -63 -100 -53 16 -22 -55 32 -64 -86 75 -98 66 -61 -23
-7 -82 35 66 -91 -52 71 9 -42 -57 -98 71 43 52 17 67 3 0 -93 64 0 98 -80 -30 -68 -46 50 11 -78 -77 62 -50 -12 -77 74 64 47 93 -12 -95 70 95 -57 20 49 -42 10 -81 100 10 56 84 48 -47 -17 -70 8 -9 13 60 -65 -43 25 -29 -19 -43 65 61 -26 -41 97 -62 -80 75 -80 -80 -28 84 -41 -22 -73 -47 64 92 87 -33 -64 1 92 -64 -86 55 68 -20 63 -18 7 -47 92 -98 89
-58 -4 -36 -46 -29 52 -75 -50 -13 32 44 -19 -51 69 -31 40 34 -14 -96 31 84 -37 88 -73 -97 80 70 -38 -92 50 68 25 81 85 52 16 -45 -90 1 59 37 -19 -47 94 -74 -83 92 8 -75 27 24 -32 82 67 -84 40 -93 11 80 0 -6 -88 91 31 77 -28 81 0 -51 60 -45 98 60 -53 -53 82 -66 52 -6 -5 70 44 10 70 11 -68 -68 72 -64 -91 83 -50 -85 77 62 -26 28 61 53 -78 -58
-70 12 -65 63 38 25 98 -53 70 -78 48 65 34 66 -70 34 -56 62 -9 -37 -81 -27 -40 16 -63 49 -3 66 97 -66 18 -49 93 -53 14 54 92 -27 98 -99 98 -6 -93 2 21 -16 -26 31 -49 61 -29 84 -58 17 -39 5 28 14 -49 -51 -25 -42 -65 -33 98 11 -69 -1 -92 -69 77 45 99 18 -29 97 -90 29 -2 -33 49 -93 11 91 46 -61 -50 -7 -85 -8 86 -56 -14 -16 -20 -78 -51 43 46 -28 -26
50 94 -8 -13 -31 12 -65 71 -93 -67 72 -23 21 -44 10 -88 -42 59 23 -36 35 36 -5 -23 9 -94 -78 -64 -26 83 -85 -8 89 73 -44 41 79 79 29 -36 95 -6 45 -50 100 -67 53 36 -47 83 -57 -96 23 59 -62 -40 -55 8 -48 -37 20 56 -85 83 -7 56 27 -76 74 -19 -20 -5 92 52 28 -62 -23 -38 -48 77 47 77 11 -91 -72 -83 -79 -62 59 86 33 -51 93 -90 25 8 92 -87 -46 51 -59
82 88 -78 49 -3 -17 -18 -93 69 48 69 67 56 -18 60 -25 -58 -58 -72 23 34 77 85 -57 -91 9 -47 -2 -89 -47 86 21 -40 -49 -85 62 -69 -8 37 -53 -10 92 -96 76 98 -46 90 5 96 81 35 -12 -78 2 -35 -1 -52 12 -91 52 -91 -81 16 21 -63 10 -34 -57 9 -99 -53 -77 78 28 46 -73 -37 70 -58 -77 -16 22 32 -56 -22 75 87 -71 82 -76 80 -70 56 -40 -48 71 61 -24 99 -57 16
92 -1 -61 -55 3 95 88 -36 77 90 68 -70 -50 41 -55 -70 -57 47 -80 82 63 -93 -70 -5 -36 67 15 8 21 -86 -27 13 26 32 48 7 76 -72 -1 -70 48 -51 -21 94 -11 100 -91 100 -2 -91 29 -79 -59 71 93 84 76 -92 -31 89 93 -97 100 64 17 0 -78 -34 -50 71 -61 -70 -19 11 1 -65 22 -40 -98 -7 65 77 26 16 -51 97 -14 -12 2 -95 33 34 -6 -30 -71 74 87 3 -61 93 3
21 96 87 48 49 64 -59 80 -11 28 97 95 19 63 -15 99 12 18 65 -84 79 88 -19 -20 42 -92 91 -63 -42 -46 66 91 -100 87 -90 -86 -20 1 36 79 -68 -81 71 -13 -71 -81 54 27 75 72 74 -36 -45 68 -59 -26 15 2 -44 53 -87 46 -91 -13 72 66 54 79 36 96 -55 -81 -68 20 -49 -87 -73 74 54 -20 -88 -78 -81 63 -10 89 35 -30 82 -75 -50 16 71 26 52 -91 -3 75 -49 -66 -16
-48 -60 -20 -83 58 -51 5 -10 -17 -30 71 32 -80 -76 39 -63 -85 39 51 -9 49 -29 -89 11 -92 -67 -7 28 -74 -26 -58 -5 -13 -35 -82 33 -16 -2 -100 -65 41 -64 28 36 10 -36 -100 -45 -23 -89 58 0 88 -94 -56 -65 45 -98 -91 -59 -79 55 -36 37 -32 -64 -83 77 -100 -39 -77 76 -85 60 69 -34 -97 45 7 -26 -5 23 -25 -62 96 81 97 -37 66 -44 0 -49 -76 52 -86 -13 90 -44 20 79 12
61 -40 1 -69 88 -9 -52 37 -81 -32 15 -45 -21 97 58 94 100 -76 -85 -29 -97 -77 10 58 78 16 81 56 53 90 -29 42 -12 36 -38 -25 -66 100 57 88 -38 39 93 -25 -67 55 97 -43 -22 93 64 82 80 -87 21 -47 75 -42 10 90 -17 76 51 -41 49 -74 -9 -71 86 -10 27 -7 -83 15 91 36 -41 -4 -97 -91 23 -44 -28 -33 37 -76 95 -84 82 -28 -88 32 -25 74 57 55 -54 93 47 -30 24
-97 14 -87 78 -45 -94 -17 68 -29 -58 -95 3 -72 -1 -60 67 22 36 -78 -97 -30 -63 36 79 31 27 -76 -87 14 -88 -88 46 -74 -11 -60 -98 39 9 87 94 -2 45 51 -8 -16 85 18 3 -4 31 3 -55 -22 -59 65 -86 9 95 12 -61 55 64 -32 29 8 -11 81 -78 9 -99 -94 -44 -88 -54 12 39 -80 -66 -58 81 32 -59 -73 -54 25 86 -78 -90 -97 -82 -73 43 -59 -31 66 -44 -33 -19 -15 -98 4
-52 -97 48 19 -33 72 -32 -35 87 8 -32 14 -46 -74 -84 31 19 80 -27 6 97 -60 -19 -75 2 96 -20 100 8 -58 -24 -77 -29 -51 -49 -71 58 69 -16 -98 2 -19 -17 -69 -2 -41 -43 -75 -62 43 -36 -82 -33 -91 -82 15 9 39 42 25 23 -91 30 -48 -60 -8 98 -28 93 93 20 -8 -43 -56 -42 85 68 23 -23 -32 37 -44 -87 31 -61 -23 13 56 4 18 3 69 81 43 80 20 78 44 40 58 93
-41 -14 15 3 -5 60 99 58 -43 -20 -13 70 12 95 -56 64 -16 -73 70 -6 -51 -49 -90 60 -56 55 84 55 -13 48 50 -18 -98 77 31 -66 -49 -68 35 1 91 -50 27 -100 40 -51 -40 -58 40 31 -59 17 36 88 3 -13 17 3 -18 86 -99 70 -90 40 -59 -52 -51 -26 50 19 -24 21 59 71 73 -20 -100 -97 87 -91 94 98 82 42 -43 -65 38 63 -92 40 34 13 -83 70 -48 53 49 31 6 34 49
35 -24 15 28 45 -4 31 -49 -96 -91 -74 -79 17 35 28 -64 -70 70 74 42 34 -18 93 -12 46 -40 -68 -15 -88 71 42 -59 64 -28 30 -61 71 10 45 96 22 -1 25 -8 -32 52 -62 -96 31 -39 -35 21 -26 91 -55 -38 -10 45 50 -41 -25 -3 38 -81 -80 43 75 -23 86 -12 64 -33 -83 -99 85 -23 39 18 -99 85 -1 82 -40 -53 32 -89 7 19 -68 36 57 -52 -53 10 44 56 -97 -55 -85 -13 91
86 1 -38 93 48 33 31 65 68 -9 1 -51 46 -12 -11 -15 -24 -64 -82 57 -47 95 19 8 99 4 -92 17 25 -25 42 -99 -66 -85 -33 -65 -50 50 -69 57 -39 71 -22 -96 61 -72 46 -84 -71 -48 74 -88 58 -58 37 71 13 2 -18 -95 -40 62 16 -56 -65 -71 98 73 34 23 -93 -28 84 15 37 72 -12 -99 -6 41 12 53 93 -38 96 71 77 -21 -92 94 26 0 -77 52 -78 -41 12 -14 48 -81 -92
41 -78 -82 -59 82 -73 70 -30 -4 36 -69 -94 -33 75 -22 52 61 37 -100 78 -1 -67 33 -59 -39 -53 -54 61 49 2 74 -42 -60 -75 -77 7 -58 -99 72 -99 -67 62 24 -17 -81 34 -31 43 13 75 -35 -12 -71 67 -72 69 99 78 70 84 -31 45 -92 99 -58 -56 -23 -4 -43 83 51 3 71 -81 -10 -27 67 66 -92 -100 -97 95 -79 22 45 46 99 91 69 1 -31 -30 -50 85 15 12 -67 -81 26 -7 45
66 66 -77 -81 -16 -30 7 20 42 -5 -41 86 -96 51 22 -70 61 -61 99 -54 -77 -36 -89 31 -31 -11 94 76 -57 -31 58 -41 -18 -86 81 31 100 52 -39 90 -81 35 81 84 56 -82 -95 67 -33 99 -16 -43 64 50 -92 -9 -44 -26 -33 -20 57 17 73 -98 -42 1 -58 -73 -75 -25 75 -57 -74 -30 41 -92 59 37 95 -10 25 51 36 -39 -51 75 -24 87 95 66 -1 -25 10 98 -70 -66 20 -100 91 -64 -52
61 57 14 -91 -69 -46 -7 39 -46 -20 -97 18 -31 -28 40 52 59 -26 -48 -62 44 95 -49 90 -99 -72 66 -70 55 -99 71 58 -83 83 94 57 -65 -32 -28 -38 -98 -34 -28 -16 -28 -42 60 -14 -73 -61 -44 -80 -7 27 61 -87 100 33 -65 -61 -51 50 -4 24 13 -20 -14 64 6 35 -45 86 19 -26 -91 -4 -95 53 73 -60 13 92 -9 -70 -91 -4 49 60 45 30 78 52 -73 21 -54 53 -78 -94 -25 78 60
-23 -100 26 -25 49 -71 13 -93 -58 -43 5 -64 -36 -32 -40 5 -3 -14 -51 71 30 -98 -3 -18 28 48 22 89 -6 86 49 -69 -100 66 11 -64 62 3 33 -70 99 -75 29 58 -25 -8 -53 -56 97 9 67 -70 1 0 23 -87 -39 -78 21 82 41 14 29 95 17 -79 -13 -93 -36 100 -90 -79 -21 -80 -96 -69 74 -82 46 -85 13 -42 45 -88 -35 28 81 17 -4 -49 -39 -96 16 -23 47 1 -89 7 -59 -82 -89
-6 7 59 84 -91 99 -18 -11 -42 22 14 86 -78 -81 14 75 -6 54 -46 70 88 73 15 -27 48 88 -67 40 64 39 58 15 -6 -52 -13 10 -72 -23 14 -79 -73 54 -61 98 21 30 51 99 76 -85 43 34 52 -3 90 30 -66 74 -56 57 59 -93 0 84 -30 -48 25 -70 -73 -91 46 60 -61 8 61 -15 53 50 4 90 -8 -49 -46 -72 -67 -75 13 -23 15 -28 46 68 91 18 86 -93 -51 60 76 -14 85
55 -78 -64 -57 -90 -63 -13 78 77 42 -56 -92 77 34 53 -65 -83 23 -10 39 -50 -84 45 88 100 -82 45 97 20 29 -11 -61 -25 -4 -73 35 -18 -16 -84 -55 -95 -99 -39 89 52 -61 88 78 -4 -96 -9 -67 89 -44 6 -74 97 -16 86 64 -39 94 44 -86 -10 9 -8 11 -14 72 -71 -54 60 -97 -62 38 9 -10 26 -9 -81 33 17 97 -68 -46 -73 76 14 16 -69 18 29 -72 9 62 50 -63 -58 84 22
57 74 18 59 -21 7 20 -45 58 78 -56 -36 67 50 93 29 -42 -41 20 -63 -69 5 70 79 46 -5 99 -55 -29 0 -17 53 37 3 -30 -24 25 59 44 31 -56 6 -54 57 22 -86 79 74 11 18 53 20 91 17 -56 -34 -46 82 29 -31 -78 71 -82 56 17 -97 55 34 -37 -51 -63 -12 -72 44 -43 67 -16 -43 30 48 -85 -37 -93 -61 69 2 25 83 -35 45 18 61 34 36 -44 26 -59 -22 -3 -48 -86
97 -95 -56 -94 45 96 -55 2 -94 -8 49 59 14 -74 13 100 -45 -83 10 -40 3 -80 44 34 38 73 87 -73 7 -47 -61 86 86 -88 47 -25 -61 30 40 -96 -66 53 -39 27 -3 57 -46 72 95 60 22 71 65 59 59 12 -63 91 -32 49 -43 -74 -33 7 14 51 -61 -23 11 31 -47 -32 -30 48 90 94 -42 -5 66 -3 -17 -76 -93 71 41 -54 21 88 12 19 63 -16 -48 60 95 -62 31 -28 -53 78 -71
-72 -54 20 -28 -2 41 -35 -98 42 -24 79 -47 -14 64 37 42 75 -76 -88 -56 92 96 -9 -62 31 24 -11 9 -68 -12 39 61 -85 -77 22 85 89 42 80 83 -55 -100 -59 -98 -55 -2 39 1 -20 -5 81 12 100 96 23 -3 13 42 -10 15 -80 -11 -32 10 -3 -61 92 -25 -73 5 6 84 20 -96 91 60 -87 -76 71 13 -48 96 65 41 -95 -83 63 -100 72 -66 80 100 4 96 10 68 -89 61 -100 -93 -1
-68 -46 3 41 6 -59 -87 65 -63 -72 -85 -17 -38 -33 47 49 -37 53 27 -49 -39 25 97 -61 22 3 24 -76 -6 52 36 14 -18 -79 -30 29 -49 72 0 -63 -72 25 2 -74 -87 -87 -68 -37 -89 -68 59 -80 64 -37 -92 82 92 53 21 -63 -99 84 -71 59 -15 19 4 -57 36 13 49 -60 25 46 23 -23 -44 48 38 40 59 9 28 52 19 55 -100 48 -15 -92 95 -43 -23 90 84 -49 29 32 -39 -60 -18
-92 -69 -78 -45 -83 -31 -3 -38 -43 -61 92 -36 -85 -36 75 -75 -83 -37 -100 -6 0 87 -48 -4 91 -44 -76 71 -30 54 -49 -89 -51 10 43 -66 -4 -81 4 53 13 11 90 13 -12 55 31 -81 93 -65 38 2 -45 -52 15 63 -24 -42 98 81 73 50 68 74 -62 -66 19 45 -24 -4 -21 -11 -81 -32 38 -28 -20 -88 -21 75 -91 -2 -56 5 39 98 100 -97 98 13 70 53 25 -4 96 76 60 14 -9 -16 -28
-28 -77 85 -17 -49 49 -39 49 -94 90 -41 -24 -25 -15 50 -24 87 74 -30 77 35 -33 12 -12 16 34 -68 93 5 -47 94 78 -45 -67 80 69 53 49 52 26 62 3 66 7 -5 -13 -58 -43 -81 49 -10 25 40 -27 90 49 6 50 55 86 -21 -44 -98 99 -67 -100 -9 -30 -2 49 73 88 -69 -64 6 -90 -10 -66 -50 42 -45 42 79 66 9 -12 87 67 -4 93 37 -25 -43 76 -25 43 -87 -75 39 40 14
67 -73 -12 74 -24 -16 -41 -53 -93 76 -42 -7 77 62 0 -90 67 34 86 -38 -93 87 -50 54 -47 -56 25 8 98 31 -95 80 -40 86 94 27 36 50 73 27 -75 55 16 -97 -10 32 -15 -77 84 62 -95 -3 -28 63 -28 75 69 -22 -74 86 64 -27 64 49 -51 67 26 -25 -15 -43 35 32 -99 -74 -80 -24 -84 -96 -79 8 0 89 -48 27 -33 56 93 3 24 -77 68 -50 80 58 -57 -78 51 -5 26 -19 -89
-45 11 73 -21 66 -67 -20 76 39 -67 75 89 -16 -85 54 -67 63 65 -95 -97 -41 -97 -40 -76 -58 92 -13 33 11 92 -40 -4 30 84 -28 21 87 -64 24 67 58 66 71 -66 69 -6 -64 19 97 -79 -13 -55 -25 3 22 49 59 -66 -70 -81 -100 12 6 -71 -92 -2 55 -1 45 8 71 -85 -70 15 -17 -27 3 60 -34 -42 34 81 -74 84 -72 -52 -11 -6 51 61 83 -11 7 -84 -32 -85 -99 17 21 -95 59
94 -29 -22 14 -100 -68 -2 41 -91 45 -86 64 87 -54 -32 17 -30 70 69 55 -100 -46 83 46 3 -94 11 90 67 -62 32 -59 -77 3 96 39 39 -65 7 96 42 -76 -7 38 -61 -52 -68 15 0 33 -66 24 51 -20 94 84 32 89 44 16 74 -9 48 72 -43 9 -93 77 -35 -1 -19 82 17 19 48 -66 86 -78 46 -1 66 17 -34 46 -91 87 -38 -39 94 -26 92 -26 -53 -95 -43 21 -79 30 -18 23 84
-28 70 -12 -60 95 79 -49 90 0 -79 -77 -76 -26 -92 22 -61 51 78 -96 94 34 59 -3 -22 -76 -61 72 -75 -64 -67 4 99 -18 -31 -40 -97 26 95 -58 -42 95 57 -65 76 89 -94 -61 68 32 78 -73 -15 77 -35 1 -85 84 -7 26 -13 91 23 48 99 -9 96 8 -66 14 -73 -95 40 -37 -69 87 81 6 -26 -89 15 -53 31 59 -34 37 39 -25 54 87 -9 -79 -11 -21 76 74 -2 -42 -94 61 -33 25
80 32 -88 65 -63 -60 28 29 85 40 64 9 83 72 -87 43 47 66 -29 91 -12 -85 89 55 79 -35 -69 -30 67 0 -45 -96 -9 -50 20 20 -48 20 -94 95 -52 28 -15 38 -63 -77 -69 94 55 -21 -59 68 48 -1 -84 30 33 -59 -27 -75 60 0 -30 -37 53 -31 -50 -16 -58 64 -47 50 -91 27 42 -62 -88 -92 7 -74 -30 -62 0 44 85 56 -60 76 -57 -97 -74 63 75 -38 43 43 -76 -21 54 -23 32
75 -84 -50 31 100 78 98 85 -20 2 -68 29 91 -22 -62 -14 -55 64 -53 7 48 44 98 50 88 32 76 -94 -11 66 -31 -57 -23 -63 35 86 32 -74 -43 12 72 -80 45 77 -60 76 -59 28 19 -27 -17 40 6 -45 51 60 -2 -9 2 47 10 -1 -12 -84 -78 30 26 -73 -67 -40 5 65 -76 -24 33 94 -44 48 -91 41 66 -50 32 -71 28 97 83 83 23 21 34 -24 84 43 42 -96 18 -28 7 -51 -12
-31 -55 90 -48 -67 -54 -63 -31 89 84 -12 82 2 -77 -38 -3 9 -7 -68 -96 37 86 48 88 -35 69 -85 -68 0 48 -54 -50 13 -48 -44 -29 -4 1 -98 16 55 -62 -42 -20 4 98 60 66 22 22 -29 65 67 22 -31 -34 -13 -70 -57 -54 -72 -63 90 -74 98 -16 95 -37 -52 -80 -17 35 39 65 -19 -19 -1 18 59 84 -67 -13 -62 -30 35 -75 35 54 35 -61 84 96 -51 96 -68 66 -53 -6 60 -50 -38
81 19 73 -58 96 18 -9 70 -11 71 -68 4 37 -63 70 -74 73 -78 -26 95 -58 45 100 67 82 72 -67 35 -55 -29 49 -90 69 83 84 64 -31 75 -31 -89 -27 60 -32 -20 -3 -6 58 15 -26 65 -63 30 -54 63 -93 78 -67 -86 92 -75 -39 -64 -27 -73 -34 -35 49 -84 97 58 -8 -15 -70 73 8 -72 87 48 38 83 -89 -56 -32 48 -50 -71 30 -10 44 13 70 -69 22 -95 -44 -74 70 8 -96 -10 14
-6 43 53 -51 41 -44 -93 2 -31 85 -87 -94 13 -71 -74 -89 -96 56 74 4 -11 -23 47 -74 75 23 50 86 -26 -81 60 -53 26 36 17 -86 -31 -55 96 -87 2 38 -19 -57 -25 -13 71 19 -9 92 65 99 39 55 -100 88 81 -81 97 -57 22 -30 -36 -33 59 68 42 87 21 66 -88 86 47 60 92 73 -28 70 -26 47 -100 27 -40 -28 -94 -16 26 53 90 15 12 -29 37 88 -87 39 -71 34 -50 -25 7
6 -20 -87 -3 89 -27 -82 7 73 19 91 -48 -10 -90 -48 -82 33 -63 61 -10 -42 -39 8 1 -34 -97 -67 48 -48 24 91 -22 12 -16 36 -7 -97 -30 38 18 65 45 25 89 0 -95 84 -76 -14 19 49 -2 -66 -56 -48 83 -16 -55 31 67 29 80 41 -87 94 -30 -89 68 -20 26 -9 70 5 21 93 -21 38 90 -96 90 -90 -79 18 -61 51 25 -28 0 -38 -4 -34 -87 -96 79 -98 87 -35 -76 36 58 14
-46 -97 75 -49 -77 -86 -45 67 -19 -85 34 -28 69 -17 42 -87 92 70 -36 62 -29 9 79 -51 -69 77 -74 -29 10 80 68 -89 -42 -17 -68 -34 -90 -22 9 75 7 26 -99 100 -65 -13 56 44 46 -44 99 -26 -99 -100 32 -17 16 -61 -72 -75 -90 17 48 99 84 68 -89 -19 -50 68 -12 -60 90 -32 -84 5 -46 13 -81 -42 4 6 89 34 -6 -57 -9 18 23 67 -23 32 -20 16 50 26 5 14 -33 32 -53
-57 27 -44 0 57 24 -12 -73 68 84 79 51 -100 9 87 80 70 -8 38 43 16 -9 -77 -29 -19 26 -57 92 70 38 100 -17 -38 -28 -62 -6 -67 56 -43 -52 -33 -69 -63 86 -11 17 58 14 83 -12 -62 -29 -91 25 -28 -17 52 96 -92 -20 85 44 19 91 -80 98 39 -88 56 -80 -50 34 -65 34 -5 -92 -28 -29 41 -67 78 -6 68 87 -52 52 -64 -25 -32 68 -65 -51 67 56 -31 32 64 99 -78 56 -57
29 -12 24 69 -66 -77 73 38 -98 14 -63 -14 -85 -44 71 -13 84 24 -3 29 8 -45 -59 -68 -41 21 -3 -85 -70 20 -46 -79 45 33 -98 78 -20 -88 72 72 18 65 94 7 13 -77 -50 -69 -21 65 -55 55 42 -79 65 60 -14 20 -37 79 -27 -99 -59 -18 65 64 -25 33 -28 98 82 71 52 -16 4 29 4 -93 64 -21 -59 38 -54 -77 -33 48 -66 -32 4 -76 70 21 15 -60 17 -85 57 -83 -72 -48 63
-27 37 -66 96 -53 52 62 -31 67 -7 16 -6 -21 71 51 85 -37 86 -76 66 -31 -17 -56 -23 39 87 -29 69 78 100 54 47 50 -18 35 -25 -58 -59 55 73 -57 -19 75 89 48 -66 2 38 -28 -79 19 -32 3 73 20 -85 -8 30 -24 -72 -13 -28 -89 90 -55 -83 74 -17 8 97 6 32 -6 48 -60 21 38 52 -59 84 -90 69 5 -73 -11 -35 78 36 60 53 44 60 46 7 96 -28 -67 53 -52 -19 83
-27 -49 12 -72 -35 -48 66 21 47 -79 14 -47 -50 4 28 95 -24 -84 -7 11 99 81 -90 59 31 29 100 -77 -4 1 -57 -56 15 -98 68 -70 -65 -41 76 -28 -61 -60 1 -88 -81 -50 -41 19 78 -29 -59 -6 -32 -51 -88 34 -98 38 -45 -4 44 -1 67 -15 2 39 -90 55 39 86 24 -87 -4 8 -78 -42 55 95 37 -94 55 44 69 -57 89 43 -22 34 -69 -86 -84 -19 11 54 92 19 -52 25 75 -45 -45
-39 -82 -39 75 -32 -39 79 89 66 -9 -63 -36 61 26 17 71 57 -29 4 -37 -58 -4 11 71 -72 65 56 4 83 70 -59 59 25 0 -58 -65 99 36 -31 -92 -41 55 33 6 -42 87 -57 -54 96 -67 -3 -45 49 -29 76 -75 38 40 13 -42 15 -26 -2 6 -42 -12 40 -66 -46 -72 -29 -72 -62 -75 76 36 -63 89 68 -55 17 82 18 -5 86 -45 -5 -32 45 -54 -20 -67 11 17 70 46 -1 -90 -65 -67 -28
33 95 -15 -27 89 68 -52 75 92 93 -13 23 -53 -88 -16 68 18 81 -25 64 47 -89 -83 87 3 4 -67 -83 -96 97 -33 -9 -41 11 -37 67 -9 72 -73 2 67 -37 -97 33 -100 4 -36 73 -2 72 49 -25 -22 -15 -90 11 38 -21 83 -95 -49 25 28 -36 -94 -81 78 71 60 -32 -88 28 -59 100 43 41 95 -63 58 -86 -58 -15 75 -18 83 -76 14 -29 35 33 -48 20 -13 92 52 97 -60 40 -72 2 -21
-93 16 -51 8 39 30 -33 15 17 -4 -15 56 97 100 49 29 -12 -21 -90 19 30 37 -37 12 11 -15 51 -70 -11 -27 35 -62 76 -13 -53 -35 -18 -40 65 15 52 -98 52 -87 -7 -91 -4 2 89 29 48 51 -33 -17 51 96 -40 -84 88 -15 94 98 22 -54 77 -32 -75 -94 19 62 69 89 -8 12 99 6 1 -26 0 82 -23 21 -21 33 4 -52 38 63 90 -44 -25 -67 -56 74 -48 -4 86 88 20 36 12
-20 95 63 -36 29 -50 44 71 24 -10 -94 -72 -38 -61 -35 -38 -71 6 90 -72 -10 -60 -91 90 -36 71 -60 100 17 79 -30 -1 33 5 -98 73 -61 -62 -42 -2 53 38 -82 47 65 10 60 -89 56 54 44 91 4 -65 -29 55 -57 34 80 89 71 -9 77 -85 37 57 51 99 45 -22 -95 50 70 51 46 -41 81 25 -26 96 79 83 -32 6 -5 -42 -75 49 -47 58 43 -13 21 -82 -59 -19 -77 37 -43 -12 76
