1.695218
0.362256
-1.052224
1.583807
-0.542472
0.590541
-0.077864
1.748930
-0.736343
-0.622255
-2.735871
-0.270978
-0.866098
0.014740
0.530564
0.324239
-0.973395
0.451704
-0.663179
0.607160
-1.775294
-1.227515
1.332473
1.709260
0.857597
-0.985127
-1.717225
0.580750
0.299457
1.401253
-0.085035
0.063210
2.807823
-1.020226
-0.055457
1.743691
-0.069746
-1.756585
2.792599
-0.447425
0.750799
-0.672321
0.758318
0.339431
-0.009045
-0.222830
-0.538742
-0.155158
-1.297543
-0.555203
-0.577666
0.797201
-1.334930
-0.920345
0.735308
1.372341
0.005296
-2.111801
0.213917
2.092340
0.404701
0.126506
2.053705
-0.423502
-0.113404
-1.602123
1.242536
-0.245482
1.198833
0.493379
0.694505
-0.310788
-1.371565
0.124757
-0.997192
-0.021961
-1.021538
0.130876
-2.233971
-1.462435
-0.047352
0.435086
1.130832
-0.249876
1.411183
0.207205
1.540591
2.874098
0.996765
-0.183919
1.133174
-0.152174
0.996317
-0.027671
-0.534318
0.941778
-1.124081
1.535623
0.187957
1.114861
