-60 90 74 71 -97 15 13 86 -30 -80 69 6 -95 -84 -50 28 55 -25 -83 -5 47 1 2 -44 -57 3 30 -51 -32 -7 -42 44 35 -45 5 -74 -52 15 39 -89 94 -39 -22 67 42 -92 57 -55 10 -68 79 -96 11 100 63 -43 5 81 -3 -67 61 -23 -20 -16 51 -6 -44 62 15 75 -41 -56 19 30 -14 58 93 -63 -56 -17 -27 42 -87 -87 30 -85 -9 -24 97 -53 60 -13 61 -85 -31 -93 -79 -47 100 -67 -60
14 56 98 -14 81 -22 -10 21 -88 -15 86 5 -99 10 -11 34 -2 -75 26 -95 6 37 -32 31 -60 18 83 0 -26 -38 -97 59 49 94 17 -62 83 -59 98 73 34 -29 42 49 69 29 -32 9 35 -19 -84 99 18 -95 1 40 -89 -16 31 22 -37 -28 -60 72 -96 41 -35 -48 78 -63 -13 76 -71 78 76 -8 17 66 5 80 -96 -16 -93 48 -51 -68 50 -91 57 87 44 41 -62 83 -5 -12 -73 -92 48 26 63
-56 -71 -64 -17 48 67 32 72 -66 94 99 -93 36 48 69 45 0 89 -46 24 54 66 45 50 6 -29 -37 84 45 -93 90 49 17 -17 -52 -93 70 84 -29 -66 44 82 -95 -41 -48 59 83 -73 -52 10 48 -14 70 -1 -3 83 61 -45 -97 8 -84 9 22 78 -83 73 15 83 68 94 58 -59 -58 -97 5 59 76 68 4 -73 46 -72 10 -32 -60 -20 97 -81 5 49 24 -85 -9 -29 17 -68 -36 -50 -48 60 30
77 53 5 10 -76 47 -73 -93 -15 0 -93 81 34 34 6 47 58 -50 80 4 -36 34 88 -85 25 20 74 49 -75 49 -25 34 84 3 3 19 0 -3 7 50 -38 -55 89 -51 -28 -54 92 56 -40 62 -55 -77 -2 84 82 36 51 -67 99 -21 -29 -56 88 52 12 25 -16 64 97 85 2 77 -62 -32 -82 -36 18 -99 -100 -24 28 74 24 31 -38 52 45 -82 -2 68 -45 -35 40 100 -90 24 -82 -24 -29 -70 -64
-97 12 22 21 16 -98 -85 -34 -62 48 -32 87 64 55 19 -10 -80 93 -65 66 77 17 -89 93 -91 90 -72 -32 64 96 -13 67 39 86 -3 -98 51 48 -46 97 82 61 18 20 -59 -12 65 75 87 93 -59 21 75 -2 -67 -72 93 -52 74 -15 22 28 -55 -61 33 -76 -49 -22 -84 57 -51 63 66 -51 -14 14 41 -99 48 93 80 -47 -50 42 -23 -63 -25 84 81 -72 -46 -40 21 -91 -43 -70 80 -18 58 16 -82
73 -83 65 -79 -21 -73 9 32 -92 -40 68 35 66 -65 73 -34 -92 -67 -100 -77 83 73 -98 51 19 66 -77 0 85 29 47 14 90 -65 -78 82 -27 6 54 46 52 -21 22 -84 90 45 -86 34 -86 87 1 81 4 1 -48 -83 4 93 11 99 9 5 9 38 -38 -93 15 -92 -36 41 69 76 -38 98 14 14 71 21 4 -91 9 40 4 79 21 -2 -54 -48 20 40 91 21 47 59 -21 -20 27 -56 7 64 2
-49 91 -33 -100 -23 29 -56 -4 -28 -86 -41 93 96 20 -25 72 55 -87 -82 -68 -86 -77 -42 -40 -96 37 -19 0 1 77 -17 -67 -81 -32 10 1 -64 -10 -83 64 -35 86 30 -50 -78 -20 86 -99 40 -64 66 -94 47 58 96 5 -54 90 92 31 -40 -82 36 87 62 25 -97 90 -81 24 41 -82 -19 89 68 -63 26 -23 75 -64 36 -100 -14 99 8 -75 -57 57 -31 5 -53 -63 50 -87 26 -13 -63 91 -66 57 -96
-45 -14 -92 97 -4 27 98 -37 1 6 -46 52 5 -51 -12 46 37 -50 13 -6 91 58 -11 23 87 -12 81 -62 -96 -27 3 -50 33 -32 52 -79 77 -72 -84 -100 50 -44 63 -58 -81 8 96 3 13 -11 -81 15 43 93 95 93 1 69 -26 -22 34 -42 60 -2 67 -5 57 76 -11 22 5 -30 -87 11 -100 76 94 -21 -64 -18 14 -82 -37 -9 26 37 45 -68 3 18 36 -97 -24 -68 100 -41 -14 -8 58 37 -65
-27 12 70 -49 0 19 13 37 -80 -16 47 74 89 -52 37 61 -54 -3 -45 9 -1 63 59 0 34 50 -13 26 82 -82 -38 -94 -17 -77 -45 -97 1 -9 35 92 85 -6 -85 10 96 51 -31 -76 -92 -58 -41 34 40 -90 57 82 79 -28 -20 -89 78 -3 46 -44 62 -87 9 -81 -28 0 28 33 30 99 -98 38 18 6 -51 -3 -87 -80 -20 -29 95 -52 -70 44 21 96 -16 -59 -7 87 58 4 -91 84 -84 -16 91
-74 30 5 15 -41 -90 -25 -48 -48 -2 39 -48 -94 -75 78 -87 13 23 -66 4 82 -36 -61 73 -100 59 26 -68 -87 -100 -61 0 -92 76 98 94 39 73 -15 27 -95 95 81 -95 -36 31 86 -21 -51 -76 -38 44 -36 -6 28 -72 -33 -31 -20 -70 -26 -75 -27 98 -7 -55 -67 -50 10 -86 57 -5 30 80 9 -21 -75 49 -33 -7 -32 9 45 -21 94 -59 -24 17 -48 -57 5 -78 -50 8 47 -28 55 -91 41 -62 76
-85 -34 -98 4 -70 0 -2 -32 -21 -99 -66 94 -9 55 23 -76 -99 42 -5 90 53 -77 4 -75 -71 93 19 39 -73 -79 -73 43 97 -26 -5 -28 16 -79 93 36 89 52 -67 -53 -75 15 -74 -82 -36 47 -85 -10 21 -71 -3 48 -37 48 70 -28 -28 -27 9 57 19 90 -32 -19 -10 -55 9 -44 -69 56 -22 -7 56 96 -47 23 -48 30 -100 -92 -89 94 88 -79 20 -92 -36 100 6 -96 -74 -9 15 -96 16 -27 0
80 -29 -96 8 97 -25 -28 41 27 56 -86 13 35 -7 -34 94 -100 -73 -98 -56 85 75 -68 28 64 -50 61 -63 -52 59 94 -73 42 -68 59 -82 68 70 -59 84 -97 -54 8 -57 44 56 16 -81 -87 95 100 -28 14 91 86 -9 -100 -86 -55 -1 100 -100 -2 -25 -78 21 -99 -55 -9 -32 54 6 -90 -38 -35 -91 14 5 -71 88 58 -35 40 -10 -8 -11 -9 16 -54 18 86 -66 90 38 -54 -62 -75 -34 86 -82 15
36 43 -21 1 22 -72 -12 -49 -33 -100 22 10 -7 72 71 28 33 -30 64 0 -19 62 23 -48 -27 9 -19 71 53 -74 19 -79 66 2 -23 -26 -81 -70 -84 -90 54 14 54 -13 -43 -29 63 61 -50 -55 89 70 -81 -22 -94 47 -11 24 -35 -29 -46 13 -93 -26 54 85 -81 -81 -2 17 76 59 -8 -52 -92 45 29 -25 39 89 -43 54 94 34 36 24 -6 -78 50 77 68 85 20 -91 -78 -44 -79 -71 -39 47 86
54 -71 -63 -45 18 -91 27 -31 30 -14 7 -15 -48 78 -28 85 89 26 -98 62 41 -31 -24 -26 -10 71 -6 45 69 -32 -53 49 -54 -70 -41 95 -47 45 10 -18 5 90 25 -5 -21 -10 81 -95 20 -22 -69 -47 -82 11 31 -20 91 -51 -25 -56 -88 -87 18 -71 -5 -86 92 -65 -6 -36 1 18 63 31 47 -43 76 -11 -12 -9 15 -51 -83 76 -49 13 -78 78 22 -48 13 86 -71 49 39 0 48 -92 35 6 -65
56 -68 39 -26 -91 3 48 -96 -50 -42 6 -74 -5 62 37 -74 40 -100 72 -28 -33 -74 60 8 26 -94 15 -70 34 29 -23 -28 -42 70 47 -65 47 -59 5 15 -66 -58 37 9 -56 39 3 -66 -43 -34 28 -37 37 48 52 -100 27 -88 -7 80 32 39 -56 92 -19 100 -50 -44 -87 -48 -73 -89 -30 64 83 85 -30 15 -57 -43 -87 -67 96 59 19 -36 82 59 -31 50 -79 -46 -50 -92 -26 41 3 89 -39 12 69
-48 -27 -75 31 -93 51 76 92 29 53 4 86 5 95 -69 71 82 60 53 2 -28 -15 -5 53 -76 -40 79 -25 -74 -22 -8 77 -55 -59 34 55 67 -98 -32 -99 94 -58 49 78 -9 34 -31 59 -59 -51 -42 -51 79 71 42 68 -67 30 -58 -99 87 31 38 20 -46 6 -47 49 -40 -2 -33 -21 67 -28 74 91 76 -78 73 -53 76 85 64 16 -35 42 37 -99 45 21 7 -67 -15 94 -81 49 -95 -13 63 84 21
-1 -99 -66 -24 28 -91 59 -99 -68 -52 19 -87 49 -48 -100 -6 -78 10 -64 48 34 90 65 -83 -12 -10 -50 87 -34 72 -33 59 5 17 91 -14 2 25 70 14 80 -24 16 -97 15 28 87 100 -61 45 -15 70 -32 77 31 -69 -66 11 79 80 78 -74 -15 93 82 -46 -45 20 12 -16 -72 35 -15 -76 -64 64 84 -9 64 -3 93 32 25 -29 46 3 84 72 40 -43 5 -18 -19 -100 4 30 23 48 50 -60 -94
14 38 -82 57 26 -4 22 -36 17 -68 59 43 -69 2 21 -41 -48 9 14 -59 -34 -3 -53 44 -82 72 32 96 -71 36 58 49 15 67 60 -33 -95 -71 -45 -68 -40 -94 -4 86 -20 -48 -100 10 91 -40 -58 43 91 -87 95 2 -61 8 49 62 12 75 0 100 -67 -31 -69 -42 96 68 30 73 -26 34 47 19 -42 75 -7 -71 68 -5 91 5 40 75 44 6 31 9 -4 -82 49 -26 19 47 98 92 -30 91 61
1 -95 -85 37 62 99 -38 -29 44 39 45 82 39 -5 53 -42 50 43 -6 78 16 -17 25 18 10 -60 4 81 79 -4 -53 -100 76 98 14 35 -45 52 -53 -84 -54 -57 22 89 73 -57 -97 -73 -33 -91 -62 -46 -57 -79 -27 -62 12 40 -17 -7 37 65 -75 97 -37 25 -62 -8 21 22 42 1 47 77 -6 26 18 82 94 5 -85 -1 -11 -78 -23 12 14 -11 14 55 -41 -22 89 43 100 -15 67 -20 -40 -80 -48
-40 -5 -8 72 -6 -72 -73 52 48 -95 -12 -12 79 -71 85 -98 -89 5 -72 -57 -50 31 98 66 25 -82 56 -2 95 36 36 19 -96 16 65 87 -72 18 77 -51 44 -29 -85 -84 40 -38 -30 44 71 57 -43 -92 39 61 -69 21 -30 50 1 -29 -21 42 49 11 -68 -99 -75 -100 88 -74 -87 -35 -30 30 24 -63 24 80 63 69 -11 -88 -50 74 59 -16 53 -3 77 -75 -80 -11 57 -13 98 -1 35 44 -93 50 -32
20 -32 -90 -40 -37 35 -93 -29 33 -95 -52 77 72 -30 -68 -39 84 -1 -31 11 11 -59 44 -1 1 -87 -76 59 23 -98 -25 12 4 100 -88 -92 -58 -40 -78 -81 -4 50 63 -13 -95 88 33 49 -80 26 84 -10 -86 38 67 30 -98 -90 -49 20 -100 66 25 84 -54 65 -73 -73 -9 0 -4 -36 42 -12 99 -95 79 12 -49 -85 -41 3 -96 -51 -46 -70 42 35 32 -41 25 -49 33 -44 44 95 -36 -46 84 -36 98
75 70 47 72 71 75 100 -85 -67 -96 74 -13 26 -14 -52 -24 -50 -65 19 -9 -17 22 -97 -28 -31 -29 -38 -44 -49 46 85 49 45 -16 -83 -44 -35 -13 78 60 13 -76 87 -22 -6 75 -33 -29 62 23 62 -97 34 -62 -75 66 -97 51 36 85 78 -21 -63 -38 -39 -73 -49 -34 31 49 -69 -19 -79 -81 56 37 -87 -34 56 -80 28 -93 15 -13 -91 69 92 -66 -12 59 -56 -28 15 -13 -66 25 94 -49 -30 7 69
76 -99 -88 34 34 -4 49 -40 -48 72 60 -100 -74 14 76 29 -82 -46 87 -19 -38 98 -68 -47 70 -40 -54 39 -29 -51 -93 -29 29 95 29 -17 -8 -44 85 -71 -57 -56 18 12 -62 -87 -49 11 -42 -98 69 -65 98 -31 -85 8 15 57 -30 51 -13 42 69 -7 -10 65 30 70 2 31 59 35 84 -11 29 79 55 -64 84 -53 -49 -4 -95 -84 -34 -26 34 9 33 -30 -84 -2 -77 -61 -63 12 -59 42 61 15 23
-96 -91 57 -49 -53 -15 25 42 -33 -34 -6 82 -6 9 38 -92 77 34 -56 76 -12 -85 -35 64 -34 18 -93 34 -42 -89 34 44 91 -17 88 -10 90 -16 -92 -65 -47 73 -55 -1 19 -83 -8 -50 -25 -78 -41 37 -38 -46 96 -35 -27 44 -10 82 26 -29 36 -85 4 -57 68 70 53 -36 78 -3 -88 76 -90 -42 71 -78 -50 63 -57 64 87 13 8 63 -7 33 -76 -29 37 94 45 -97 -50 -37 -24 -70 81 74 67
-73 59 -51 -74 -26 11 -13 -32 19 -63 47 -39 -33 72 1 90 -79 -67 66 76 -90 -57 100 -86 -5 -97 -57 -11 86 -8 93 -35 97 -24 62 90 -17 2 -71 -62 64 53 -13 24 88 66 -64 -24 -12 -64 -24 64 39 70 4 -88 26 -26 9 -39 50 -82 -52 84 41 98 2 43 -97 11 30 54 99 -45 -53 -54 39 -14 0 89 84 57 22 52 -51 -82 82 90 -97 -57 -72 -15 49 47 66 -99 60 -7 100 66 15
-50 43 100 -73 62 -79 7 89 -98 80 35 73 29 58 61 -28 -64 -10 -87 43 -77 90 62 0 -29 60 -54 71 -99 -67 10 7 72 -44 -26 96 -15 -28 -44 65 -25 57 -90 -66 -6 -15 -23 -37 -79 -98 62 -50 69 88 -97 32 56 11 59 -76 92 -88 39 19 -17 -79 40 33 12 -91 -46 -18 60 -90 60 2 -36 87 16 29 30 45 62 35 59 -8 52 82 -4 -26 68 -27 71 -12 -69 54 66 51 19 45 -69
-70 42 14 -65 -36 7 -86 54 -32 -36 -44 -6 8 24 10 -82 19 -73 48 -58 46 -55 -10 99 -13 -29 34 -75 23 -56 13 -26 -13 33 41 -16 3 99 -86 -26 53 9 13 38 -70 19 -71 -100 -89 -80 -8 42 -18 -77 100 -24 26 60 -33 20 -28 -95 -57 -45 66 98 -53 73 39 -7 -46 99 26 55 13 -79 99 -57 6 -30 62 48 -55 18 60 16 69 -3 -82 55 92 -83 -19 -64 -16 2 17 10 11 34 -80
-93 -45 2 22 26 -10 72 59 15 -46 -45 63 -55 -28 -51 49 57 17 -27 27 -93 -21 -63 -87 -91 -99 -40 16 -67 25 57 -62 35 -84 -62 97 17 6 23 -66 74 45 92 -56 -62 9 -53 -30 -64 75 3 -64 -36 -64 -45 88 -33 -69 66 -72 45 87 79 57 -75 71 86 -50 56 -8 -24 25 -80 53 -79 68 28 -90 -95 -68 -87 94 27 -2 -52 57 -53 33 38 73 11 51 26 50 -22 -76 -29 -15 55 65 -21
-16 -20 -62 -15 57 -50 -82 -53 -88 -93 65 18 67 9 45 58 40 98 -32 -93 -84 43 -12 85 3 -21 19 -17 56 79 -14 -8 74 62 -77 -28 -37 52 24 83 50 22 -75 94 37 51 -61 8 94 -54 9 -12 12 -58 70 43 -47 30 33 -41 64 -83 -73 -62 71 27 -29 -88 -57 -18 -35 -56 -23 -70 -8 40 -35 22 -12 90 -18 -21 -36 -46 -3 -32 -18 18 -49 -46 28 -40 -95 -27 24 33 6 -89 -58 -27 61
63 75 -18 -35 15 12 12 -7 92 -3 28 32 37 62 -45 0 -8 44 51 -82 -38 -70 -83 2 53 53 66 -2 -22 -58 -84 -1 5 5 66 -71 -22 -63 -34 -80 -49 -92 92 -31 -64 -72 -2 19 -16 27 98 14 74 79 -93 64 -86 -75 46 64 42 33 0 -92 -24 -62 32 -41 28 84 61 0 -90 49 41 27 -78 -59 87 30 -59 -100 7 -94 34 -1 81 -21 40 89 25 -21 -80 -49 92 -93 -17 78 -57 -93 -82
-81 -9 40 83 -91 -66 74 72 32 71 57 -89 3 63 -75 -66 -85 73 -38 86 3 -94 47 -17 -30 54 -65 45 -70 48 -53 -32 67 95 -53 -23 -31 0 48 -88 -49 39 -35 31 68 48 51 -32 -29 91 -71 98 -71 15 59 -69 51 55 70 27 25 -66 20 78 -81 95 34 46 8 29 45 -70 -29 42 -56 47 -21 -6 6 90 -62 -49 -30 78 -54 -42 -20 -79 19 -8 43 -42 -14 17 65 29 -78 -21 -67 -31 -48
84 -80 -93 49 97 94 -81 -51 73 90 88 -80 -59 -78 27 -92 -13 53 52 -59 56 -76 -35 95 89 -83 -34 -95 65 67 15 91 90 -47 0 23 15 -28 73 4 -69 22 37 25 11 -84 -63 75 25 47 34 25 -54 30 -60 -13 15 62 -39 -97 67 91 -8 45 43 -7 50 -66 -29 48 61 -13 -94 -78 -54 -31 62 -67 -34 19 -47 -1 -8 -82 1 13 0 49 92 -86 24 -90 -31 69 -99 56 -81 -87 44 19 -92
45 96 45 -85 34 -18 -88 18 67 -32 17 37 -26 -1 38 -41 75 89 40 99 -35 19 24 87 35 47 -33 -93 -27 -45 40 -67 -100 20 10 97 -45 -98 -82 9 44 76 -50 -15 -2 55 -55 17 -7 -96 -26 -66 36 -14 51 56 -87 5 67 34 8 -30 -52 94 -37 82 -33 -12 -100 -11 -51 -93 -38 -20 -31 60 14 67 -35 -70 -21 -96 -5 5 -36 64 -6 36 -33 -22 89 85 95 99 36 57 -11 -32 25 33 97
38 -55 -35 -11 -11 97 -81 -26 74 20 -63 -16 -70 78 28 -70 -71 -93 -46 -70 25 -48 100 59 0 -78 -5 66 -2 61 -34 -67 -14 96 -62 14 89 85 51 -5 -83 -12 91 26 9 33 -72 -100 -74 33 -52 -86 -93 -87 99 39 60 40 -23 -74 -69 -5 90 -100 73 24 18 -76 -30 84 36 78 52 -47 -37 46 74 -43 76 61 -29 16 36 -73 48 -62 6 89 52 52 -72 -12 -29 -35 57 11 -18 -57 94 55 61
64 50 -8 28 -77 -44 94 81 -8 79 -24 42 53 -45 3 96 -53 41 69 48 35 59 12 16 26 -73 59 -85 -88 -35 18 -77 -95 -82 -2 -49 -63 0 9 -79 -22 -49 -57 -40 -78 62 100 -5 94 52 -48 -38 28 -42 -58 58 81 29 -74 -41 -44 -43 -49 50 80 -33 -39 90 -94 -94 -32 -75 -8 84 -4 -68 -11 26 -71 -98 -2 -84 -31 10 100 76 -55 -84 63 -13 42 -47 49 70 -96 -29 32 -45 -2 85 1
93 -9 41 7 55 18 -86 -93 38 76 3 38 62 -57 -48 -88 54 -45 -88 -86 -44 -48 94 -79 -20 -65 38 21 13 -5 -33 -68 86 -98 34 -57 -6 -93 56 -20 55 -97 -31 -48 26 54 -41 -78 2 -49 -64 82 43 -39 -65 -77 51 -51 -16 48 -76 79 -9 -80 83 51 -72 6 -20 -73 69 98 48 10 65 46 11 7 28 -56 -25 -10 40 -21 -8 54 19 -29 31 -31 -43 -87 -84 5 -33 -86 48 -74 67 -85 47
-71 -50 3 -38 68 13 28 -42 -71 22 89 10 -26 -25 -38 -37 47 -19 -56 -78 22 29 -26 -44 44 18 -54 56 11 97 38 -5 -36 -39 -83 89 52 20 92 36 90 -30 10 -34 -63 -42 61 -19 -30 49 46 -63 15 -40 -22 20 58 15 21 -55 65 56 -69 18 -28 -78 24 51 44 91 50 -31 93 -69 33 39 -69 86 -28 10 1 -50 19 -53 19 -27 34 83 -1 85 51 85 -69 37 54 51 28 -30 76 65 -12
-5 70 -51 11 -58 -86 98 -55 23 -34 41 88 91 -44 45 92 94 73 -79 -10 63 -43 58 87 -34 11 -46 59 -82 50 -64 54 58 58 -49 1 91 53 33 5 -2 -13 8 85 -61 -58 33 -65 -22 61 51 -63 -72 37 31 26 -19 47 24 61 13 48 -93 -41 -57 87 -24 42 59 -31 6 38 18 -68 -99 1 96 27 71 -19 15 -81 76 -72 -69 64 -80 40 -16 21 -31 -60 -100 61 55 54 7 -17 -50 -71 78
-87 -57 2 -48 -59 -100 9 -90 -17 58 12 74 32 -99 16 58 84 2 -55 -2 -15 39 49 84 -12 30 -18 -37 35 -69 64 -62 -99 83 -38 54 24 35 -45 7 -45 -27 49 60 44 18 -33 0 64 -2 46 86 -77 67 63 12 5 -20 -28 -87 13 -72 39 -75 -82 -97 88 -7 -84 -25 -44 -59 29 -57 -94 51 -89 57 -65 23 28 39 3 59 28 -80 -70 -35 85 -55 -95 -16 15 -51 -72 99 50 24 85 -36 -26
53 -47 -9 -40 -83 5 -65 74 -9 -27 47 -55 90 77 24 -4 -95 -7 16 46 16 87 -91 -57 -82 -22 48 8 -9 34 -36 -63 -38 39 42 -99 33 76 52 -100 98 -17 19 24 -64 86 -41 54 36 10 -62 -20 86 98 -29 -37 4 -19 -96 -19 -11 -34 -90 -72 27 34 18 -92 -76 -74 -18 77 99 -26 -16 41 63 -15 78 -88 13 -77 -28 -40 25 -42 -84 88 -72 76 -14 94 99 -33 89 70 -76 -86 30 85 -29
-60 -63 33 29 -49 38 100 -3 9 75 -80 -68 81 4 -74 96 -68 -13 81 -16 -1 20 -31 -30 -13 -52 -66 71 35 44 95 24 69 -1 -16 -79 10 -5 75 36 100 -71 12 -29 -21 -64 85 88 96 -75 57 -47 -64 -45 -12 -16 -88 5 -91 -98 -28 77 43 4 -19 56 61 -29 27 6 39 -73 -22 40 -21 -83 34 76 -27 69 8 51 17 21 -21 74 -49 -4 52 30 -49 -93 -3 45 70 61 41 39 14 96 -57
79 -16 59 23 -29 91 3 61 26 -89 62 68 88 54 25 85 76 -36 -61 -24 0 -66 66 -5 -85 -71 -67 -8 -82 -43 -30 -57 19 -94 25 52 -82 65 -96 39 -48 -36 -72 -37 53 -59 49 94 -84 63 60 43 78 -24 -93 32 -74 -5 -8 93 43 27 68 12 -54 70 8 -28 1 36 88 -24 97 -91 82 48 -84 -12 2 11 -55 -28 62 23 -53 65 25 -23 100 38 -9 10 -14 54 -26 24 52 6 51 80 84
-48 84 -17 -41 70 28 87 -65 55 -93 87 19 63 -95 100 -75 67 -94 14 55 11 -88 -72 3 -69 -97 81 19 69 23 80 -92 30 46 -15 -69 69 49 -78 -65 -12 44 -98 57 29 28 -16 -75 -84 97 -100 -41 -9 92 64 90 -65 29 84 65 -68 -85 -36 -55 -4 -18 -18 37 40 3 -32 -4 -94 28 90 -38 91 -25 -39 -90 -74 -48 -58 -9 23 -57 -87 13 23 89 -70 55 -16 32 -24 -68 94 -62 -68 8 37
52 49 52 -61 58 89 -61 -88 39 -69 -2 -8 -93 69 -19 -14 84 29 28 82 -99 -10 -64 -43 25 87 13 -59 -30 -84 21 99 -71 -19 36 -88 -61 74 62 86 54 8 -39 40 1 -60 97 11 6 6 -15 -82 86 15 -91 -22 -90 -11 -68 39 -20 -63 -85 70 -62 -23 62 -10 -22 -6 57 42 74 7 -41 3 -99 11 100 56 73 59 -100 77 97 -98 91 76 1 -53 -50 -92 -62 47 57 -62 -13 43 -69 -47 94
31 25 36 45 37 87 -54 -32 -47 -32 32 15 -31 -74 11 -65 34 -45 80 92 100 1 -59 37 -63 -37 61 25 -47 82 77 -18 29 58 -75 96 39 -4 53 -53 -96 -74 37 -62 -30 68 92 35 97 -46 -96 75 35 6 -57 48 77 67 -40 69 88 -60 6 21 98 -45 21 28 -95 -14 78 47 46 -36 0 -9 -85 6 87 -75 7 -99 79 70 2 -19 -61 -70 -74 36 35 -7 -22 -9 19 -59 38 -27 -71 -21 48
-82 -84 12 -87 33 33 -42 -95 -20 70 10 18 69 -93 68 24 -16 91 54 -43 -10 -98 65 -25 -29 -86 24 -61 -82 -10 -50 -16 -34 44 60 22 -41 23 -16 52 -93 -89 74 -5 59 -94 -48 -31 1 -54 70 -67 -10 6 -99 -96 82 84 -93 93 -84 -50 -51 -59 94 -78 35 5 74 47 87 -47 -25 23 -78 -59 -75 63 84 -79 -1 37 64 27 -1 2 -39 -93 -56 68 -62 51 89 -19 -89 36 -83 -75 92 72 32
-5 -69 -8 -83 42 -28 15 38 -100 -36 77 57 -39 17 -64 -52 39 63 18 88 -55 91 66 -58 -19 -11 67 20 -6 -81 63 17 -9 -74 -38 66 30 -26 -3 32 -98 -25 28 23 48 100 -35 -24 -6 52 77 63 -13 45 44 -81 29 50 -91 48 21 -55 -40 3 -51 39 -22 27 -95 -52 -90 -45 14 -2 44 -63 -86 7 -85 49 82 17 31 93 8 -24 -91 -7 29 22 42 -65 -2 21 39 -67 13 -94 31 25 56
-12 -52 49 -85 -6 -42 55 -21 73 86 96 -59 -33 87 7 -16 28 25 -58 -53 62 63 20 -20 85 16 -94 -32 89 -25 70 90 67 -62 83 96 71 98 20 48 -31 -17 -77 49 -58 -31 -78 -49 -50 97 -9 31 -31 53 0 -70 32 -72 -68 0 50 99 -53 21 50 48 76 18 59 11 47 -97 66 -100 80 -80 98 -86 -55 87 -41 52 39 -74 19 97 -76 85 79 -98 -89 -82 -87 43 55 -66 -64 2 -1 -54 -60
-90 51 18 59 -99 -67 -48 -39 71 -15 99 27 -54 -80 96 12 6 55 59 -19 -70 -99 -94 36 73 -28 7 82 -49 -57 -41 -50 -96 86 50 57 -74 -84 -77 -33 41 -61 23 39 27 72 -6 -86 67 -63 12 62 48 95 45 68 56 -69 64 13 -84 -93 98 -95 -25 -77 38 85 75 24 52 -2 -55 -84 -65 30 -80 21 90 71 -11 -79 -58 34 97 80 15 -21 -45 -22 -34 43 -56 -31 -35 39 -75 -17 -39 -93 -93
-31 -45 -24 -17 56 -70 99 -9 20 -30 -55 14 -86 -21 -27 6 68 -12 59 -95 -85 -7 76 39 -71 -65 -9 -95 -39 80 90 28 -14 -84 18 -17 -13 62 99 -88 -9 11 -84 37 -68 -51 53 56 -3 -73 86 83 -59 -11 19 68 48 -64 70 -79 -63 -75 11 8 44 33 46 29 83 82 10 71 -11 -56 -94 21 69 -63 -41 -17 72 -73 -29 35 69 28 -41 62 62 40 47 -89 -9 -43 3 -14 -87 -94 -12 47 14
46 -6 87 81 -73 73 -19 92 62 -43 -81 -14 19 -55 91 -7 97 -11 39 53 -97 1 20 5 -21 -65 11 -35 30 41 -80 19 -86 -36 76 -38 70 -53 51 90 -5 71 -62 -56 61 88 72 -21 -93 34 80 -5 -11 -62 46 89 85 -44 8 78 60 -43 16 90 76 70 44 89 -69 -62 -76 28 99 91 -54 21 82 -9 85 13 -80 42 80 84 76 -58 96 87 -3 -83 -69 78 -43 -77 51 -43 -53 -43 -100 27 47
-14 -20 -67 -80 54 -48 46 -55 94 59 -14 84 -49 -53 59 65 45 -79 52 -47 12 -37 56 -73 17 -63 -9 -11 -6 -34 44 -63 46 -1 -21 -53 8 75 -39 55 -100 63 100 -13 7 -7 -44 77 84 61 -17 -72 51 -33 2 8 22 -52 -12 -14 38 54 31 -20 -56 66 -85 58 -9 -44 62 -23 -75 -24 60 85 -79 -94 99 51 7 39 15 4 -100 31 -78 -57 98 38 -29 -24 37 29 10 -90 49 11 -91 67 53
66 32 -25 -76 58 -77 -45 98 -13 -94 88 79 -56 -49 -28 -88 50 -11 66 -31 49 -25 -34 45 -18 52 42 52 39 -35 91 20 -2 33 61 -38 43 53 -56 -86 -26 24 1 -87 -48 -70 -49 62 -6 98 61 93 -92 47 -91 -69 49 -81 -66 21 -12 39 -5 -22 -57 -2 78 60 30 -51 -95 16 -15 -19 -72 76 80 -33 43 -8 -83 -30 3 41 89 8 88 -81 58 64 -55 -2 -28 -94 -15 91 -37 24 87 -45 -95
97 -36 94 -72 82 98 40 -48 15 -87 70 28 -3 -75 -45 -60 26 -55 -7 15 -16 -7 -13 7 -61 -100 69 -14 -23 -97 -47 -79 66 -7 59 -100 85 -70 -91 -75 23 17 -30 -82 38 93 39 -86 -64 40 -22 36 71 -58 12 75 -97 82 16 5 40 85 4 -39 61 54 33 -42 42 -3 -76 -78 62 -55 -1 42 12 -43 -55 -63 79 7 42 -45 40 -42 -43 -25 16 -87 -82 -72 59 -73 -1 -45 74 66 -13 -68 43
-75 56 8 -93 -2 -57 11 51 -99 98 -99 37 69 67 -57 12 -6 1 -62 75 -83 -77 -76 68 -52 11 -90 27 71 -44 3 54 85 -84 78 33 -2 -48 -80 32 93 -92 -84 -37 79 -42 -54 33 -18 -77 52 -18 14 -31 -95 91 74 41 -66 -28 -35 24 97 2 -84 88 -15 -82 64 58 90 -83 -8 5 83 20 53 7 99 44 -11 61 71 13 -4 -98 100 44 -53 99 69 38 -89 90 29 -38 10 -3 -35 -23 -49
-25 -45 -11 47 0 -24 32 -50 17 -30 66 95 1 10 -90 85 -27 77 -93 -34 92 57 -88 22 17 -4 -93 59 -96 -29 3 22 94 -54 -33 87 9 96 98 -43 57 -76 1 -40 8 -56 24 81 -5 -14 -84 6 12 -70 55 42 -1 -42 -86 -34 61 -78 85 -53 -24 23 -43 15 20 35 -88 38 -9 -79 54 -57 52 -78 -87 84 -6 10 72 -40 35 -22 -95 84 98 -58 -46 -5 99 -88 14 13 61 72 99 8 19
72 21 -66 -29 -34 15 -63 81 2 95 -94 35 -53 -53 96 52 55 0 -36 20 4 66 81 56 -94 -40 6 45 -70 53 -48 -87 30 -35 48 59 53 -89 10 27 -75 -34 -100 65 9 -62 -49 63 -12 20 34 43 10 -12 -53 24 21 -53 13 -66 -95 60 -67 -36 -9 69 66 67 69 3 -42 92 64 28 -26 75 4 -64 -78 -90 -56 16 54 96 -43 44 -2 -85 97 -82 -49 47 -74 47 84 28 34 -70 -26 2 -80
-64 -95 33 64 -81 -43 -17 59 100 -73 -3 -48 18 -35 0 -81 -76 100 81 4 -59 97 -8 -67 48 -26 -43 -94 -47 10 -82 54 65 -93 80 -98 -35 5 16 -11 93 -94 -50 99 -59 67 47 -66 -38 0 -65 -36 44 29 -59 -74 29 83 36 -55 -36 -96 -76 45 23 55 -86 -91 -21 12 -20 80 97 -32 35 75 -13 -94 34 -39 69 77 -52 23 -64 98 -31 -58 42 21 7 -40 43 45 -29 35 -11 51 43 84 -25
-27 59 28 -24 27 71 38 -20 -85 13 71 -80 34 -40 93 -91 -38 -80 -56 -79 81 13 -37 -1 46 31 -3 5 -25 -30 62 34 -95 57 -72 -94 -97 -37 43 58 71 27 -66 -56 74 -65 -80 71 -41 -83 -31 72 93 -14 -54 -44 -32 4 87 -51 48 94 -92 94 -28 80 -64 -66 -6 17 68 96 -41 -96 52 -63 -38 -91 9 78 12 -24 -44 -25 -48 17 55 51 -74 10 78 -64 16 -45 -55 -24 -35 -55 28 -87 -100
84 99 92 -21 1 28 -45 89 88 -10 -13 -75 -95 -8 -72 51 30 80 99 8 59 86 -62 67 22 71 -42 -29 -83 -22 -15 71 -30 53 31 -94 87 -1 25 45 -18 22 -53 80 55 5 96 -53 44 62 20 -20 -51 -18 63 68 -21 -43 92 -2 -27 92 -69 -92 -8 37 -30 75 -31 -60 -84 26 -59 38 61 -91 80 14 -73 -50 51 69 -56 81 68 20 -53 72 -61 53 22 10 -89 52 -15 73 -70 62 -19 64 -60
-86 -60 33 71 -79 -28 85 84 90 57 -3 42 57 -18 47 22 34 76 53 -30 49 -50 -19 45 -50 -98 29 33 -55 23 -70 37 -100 -82 -31 49 58 -25 -54 -17 -22 -26 72 74 51 -67 -84 -25 -54 51 5 18 -61 34 -57 -90 -84 -25 93 90 -5 84 66 8 -72 36 -89 51 24 51 -77 -91 -18 47 92 44 -8 -64 15 49 59 -24 13 -18 57 -69 -3 -26 -99 53 47 41 19 -72 -8 -87 -51 20 -6 77 -33
84 -91 2 -50 -75 -73 -14 10 48 64 93 93 13 -91 56 30 -67 30 96 -40 -82 -54 81 -5 -23 -64 10 14 85 -81 0 40 -26 88 -31 12 46 -68 -65 -28 54 47 17 -49 92 -51 -4 -58 -13 -68 -16 -15 -2 -43 -48 -60 26 -40 7 -27 -6 7 62 -57 1 -5 65 5 -45 49 36 -85 -7 -59 24 -57 -15 -16 -37 -89 -45 55 31 62 100 97 61 66 -85 -47 -94 -94 9 -30 -50 83 -30 -41 -41 6 44
6 -88 17 -19 -52 -58 55 0 -40 -38 21 96 50 -55 -57 -52 -81 79 34 -15 4 -5 66 -21 14 22 61 -79 -35 -66 90 -73 -91 34 92 -74 98 -79 -43 -63 -21 0 94 9 -98 -52 -49 -16 23 100 -44 -65 -95 -94 -52 -25 -67 -6 70 -4 42 -96 -63 10 -93 66 88 80 77 -21 68 -66 79 67 -12 52 -89 89 95 -64 -90 98 58 -85 14 28 22 27 87 67 -51 94 -23 1 18 -27 99 -81 73 -1 -80
-54 -53 84 -3 -84 58 57 -83 90 100 -9 -89 -47 20 -89 16 -40 -69 -73 90 -92 22 78 -24 84 22 23 -48 85 -61 -9 -89 29 -29 11 42 -91 53 -85 -91 47 62 99 -97 54 72 -38 -20 48 -33 -57 56 76 86 67 52 -26 -48 -57 16 74 54 -46 -76 -21 63 99 59 -29 -24 -58 2 20 -8 68 -91 67 -95 41 -79 -33 -36 -86 -83 93 15 -98 60 -78 -9 28 98 93 -57 76 14 -57 -19 85 -3 13
-66 85 2 68 -97 11 -89 87 -11 42 -44 -94 -38 -1 -24 -15 20 88 16 13 -50 -6 51 -62 -1 73 26 91 41 68 44 -13 -78 -24 -58 16 -38 35 80 -45 -8 69 12 63 -26 -6 -79 -100 -98 -36 5 34 -82 -28 40 -58 49 -9 -67 1 -69 -10 73 -88 -84 52 -41 71 -19 -11 -72 -93 66 -75 -75 -21 -25 -24 8 1 -43 14 53 -55 -24 79 7 2 -22 14 -2 22 -95 67 -57 -92 18 16 47 64 -44
7 67 -69 -71 -15 -4 74 32 93 -41 5 38 -58 -3 -76 -50 9 -78 -3 30 -66 -68 46 -94 49 100 -60 -5 -46 52 72 10 -25 79 -68 12 93 -29 20 -37 -42 2 -99 -14 1 -51 -19 31 37 -1 -67 1 -95 47 86 -11 93 -48 -45 36 13 33 -73 -8 -86 100 2 -7 -77 -60 -86 66 53 13 -51 -4 89 27 -87 69 -91 65 7 -92 44 21 4 62 -96 20 67 -14 16 -45 39 -15 47 -62 92 -17 77
-53 17 -49 -79 19 7 66 71 -80 100 49 -96 86 94 46 100 22 -69 -36 40 96 -40 -5 -78 -63 9 35 48 88 -19 80 -64 -54 28 -36 -60 -49 93 -19 22 -97 18 99 86 -34 -60 100 87 49 -18 -32 86 -75 86 -85 -94 42 95 -66 -83 -94 -91 54 35 -21 -17 51 -84 -99 -78 67 96 -92 45 86 -8 17 -81 -1 -30 0 -44 81 -56 -87 -77 -71 -69 10 -81 -67 42 5 0 -38 -38 1 59 -89 88 -65
29 64 91 -42 -6 72 -34 27 -96 28 -72 -7 -27 78 -75 64 95 -21 -68 -40 -22 27 -53 -17 19 -58 -18 -16 -30 43 7 -70 43 -75 -19 -99 -36 -90 -68 -12 89 -26 69 -86 14 -5 -79 -73 -35 56 -35 40 -71 53 2 -81 -4 41 -76 71 10 -84 -85 -43 -39 0 -2 67 -66 -59 -88 -100 -89 32 -26 -7 98 93 85 -97 -51 20 63 -63 87 -21 6 -70 -12 88 89 56 61 42 -59 38 56 23 52 76 25
98 -63 -44 49 -28 -99 -40 99 17 96 66 13 87 3 -85 -18 -72 -52 -60 1 -37 36 -58 54 -45 89 -39 90 87 3 -87 5 -84 -86 -52 20 -45 -76 46 -24 42 -65 52 -39 -36 -38 -79 57 -52 33 -72 -95 -35 -10 0 -33 -70 61 98 43 -38 0 99 25 8 -38 -15 -51 -4 -33 77 -32 49 -62 83 34 20 -93 -43 -58 64 43 69 14 -67 -69 -92 56 50 -70 -25 -83 -11 57 97 -92 -45 -62 76 -5 99
-19 -61 -71 -71 47 21 60 -20 -95 -27 -27 40 90 -53 42 15 -26 50 -21 36 33 92 -6 -5 -80 -56 7 82 46 67 51 -73 10 69 -40 -15 -61 7 -37 83 -25 -28 41 -83 55 -23 -27 -76 78 -90 44 -83 -33 96 -50 80 -56 -35 0 -96 67 -6 -76 -17 42 26 -89 -86 -86 -49 -23 -79 -33 -52 -38 99 73 9 38 -32 -35 2 37 71 -84 76 -19 69 59 42 -61 -39 89 79 -72 -58 -64 -82 -35 41 -99
-98 -76 -75 -72 -72 -50 -67 -28 58 33 86 41 -52 71 -29 9 22 -69 31 -72 32 95 -86 84 63 39 78 -19 68 78 -57 -35 -39 88 61 -88 66 91 -7 -100 -47 45 69 14 -59 48 -65 -16 -86 25 -52 -50 -99 -17 -10 -98 -24 -28 -26 -77 87 74 -69 98 -85 71 -38 45 65 58 87 -11 91 -81 22 -52 -19 9 -70 -2 -64 -96 -6 39 -36 67 64 -16 -58 -63 36 17 56 -53 45 11 46 -82 -2 -16 48
49 88 92 27 -23 -89 92 98 3 -94 71 -59 -78 65 -51 -8 -78 40 87 -73 -79 58 78 -26 13 -98 9 -37 -88 0 29 48 -95 -10 77 77 9 24 -72 -96 -11 74 54 8 95 -9 -31 -74 88 9 84 28 96 79 -46 18 35 42 84 84 36 35 91 35 79 -26 34 60 -24 69 -73 38 17 61 83 11 -16 -92 35 56 53 -64 79 -35 15 81 -45 78 -65 -43 24 88 -50 -69 8 -36 -35 -93 -80 60 84
60 -18 -21 8 -17 -38 10 80 44 -75 -15 -47 79 8 -72 95 1 48 7 50 32 -7 12 -54 74 -62 -57 8 20 -3 -30 -31 -7 -35 -58 -7 -89 -8 -25 -52 0 -42 72 12 -77 -28 89 71 26 74 -65 -85 -22 19 53 -91 -15 67 -10 54 -34 -59 71 25 48 90 85 22 74 80 19 -72 -42 -29 80 -93 -35 -85 -90 20 29 63 -53 -9 32 46 -17 64 -33 8 -35 14 95 82 -99 -20 -3 49 -87 -24 -60
58 78 22 -6 1 -30 -35 -57 -6 72 49 -46 -51 -38 31 9 34 -1 40 14 52 88 74 -44 -96 -15 12 20 -49 66 92 20 39 5 -13 -44 -13 72 10 -16 91 -97 66 18 89 -37 -5 -4 70 29 75 2 -19 -15 22 -34 -57 63 -73 91 -52 35 -94 -79 52 -44 93 -62 -62 -52 24 -65 96 97 2 13 99 -68 21 60 36 34 -30 41 -35 57 2 45 34 -28 11 63 -37 2 35 -70 90 45 58 -22 -8
-11 -3 38 -93 16 -80 12 -73 60 6 -85 -85 -74 -53 56 6 99 63 96 94 74 84 1 -95 6 50 94 -48 72 -40 -48 -10 26 69 -53 95 -43 4 -48 -78 69 -56 -47 7 -5 48 68 -94 -43 -51 -55 -17 -1 93 98 -64 -27 99 -87 53 77 -94 45 -28 16 -85 -36 -40 18 -68 -2 -19 -97 -11 1 -19 -32 -88 61 92 -100 77 61 -80 43 23 -38 90 -94 88 46 45 -77 23 94 64 52 -77 78 -84 87
-31 87 13 -35 2 87 -33 39 -81 45 44 53 70 -71 97 11 -61 27 27 -32 21 -88 79 73 39 50 87 62 -72 -61 -85 73 -30 81 -35 15 -63 40 16 -48 -68 -98 -2 -35 -85 85 -10 72 -39 -60 49 -82 78 94 0 -20 -80 75 -47 8 -90 59 11 -98 -23 43 8 43 56 -78 -79 -41 21 50 -14 -5 -61 49 -31 16 64 -26 -59 -20 65 10 -71 -10 -45 29 82 67 22 -5 99 81 46 22 66 -10 -78
73 -37 -21 48 20 85 -87 -22 -13 80 -88 54 -86 -28 58 30 -16 86 -32 -23 55 -77 -17 -4 -66 -98 99 96 -94 -59 0 -77 67 79 84 -95 -59 95 18 -61 15 32 43 92 53 99 -58 -28 -10 -84 -71 93 51 -67 -100 1 76 42 86 -16 40 25 -99 91 -42 86 52 43 -1 -39 99 89 64 98 10 -48 -70 -21 -84 46 36 -23 22 22 72 53 -58 -30 -64 -83 66 8 46 -9 79 91 53 44 -39 -26 84
42 45 -64 30 43 -12 -93 41 -54 7 24 99 -33 -15 16 61 64 38 15 85 -54 -70 15 19 -55 32 -11 21 93 18 -38 -39 4 51 -88 90 -96 1 -84 14 80 -56 -33 -64 50 81 60 56 -8 -91 91 -69 -63 32 -9 -31 -8 -1 -32 65 -51 -58 -77 63 -19 48 37 -25 36 76 -55 50 54 45 65 -76 -100 -53 -44 -50 -8 56 -100 -62 -15 -50 53 96 28 -47 -78 98 -78 92 90 -22 -69 22 -36 5 33
45 80 67 31 67 40 90 32 14 -31 72 25 72 36 -5 -36 87 36 38 -80 98 -44 33 18 -40 29 -64 97 34 89 76 -83 -32 59 -93 12 -100 -41 68 -95 -90 -54 -93 26 66 50 -91 -2 75 38 -75 -42 -10 -24 -32 -23 89 89 -36 -38 -22 -26 -80 -4 -90 61 -57 88 4 96 19 -95 56 15 55 71 80 -46 31 29 56 -5 -26 -10 -69 -17 -3 -27 51 -47 -71 20 -68 -28 78 72 58 -16 45 -35 -89
52 -17 60 61 -80 -3 23 -55 -20 22 -96 15 94 -78 63 47 -74 -23 -48 37 -93 -40 90 66 -84 100 49 20 -81 -24 -42 34 -97 72 -53 86 -55 -8 71 70 -73 -93 -55 58 58 -82 41 -87 42 45 -14 -22 -45 -87 91 77 -90 76 21 -21 89 -3 -48 5 14 -60 -27 -85 -12 96 -56 52 0 96 23 -92 52 3 47 11 42 22 48 67 68 -19 -44 -68 36 -60 -93 -1 -83 41 -3 -8 53 -91 -75 -2 23
-32 4 -38 61 92 -10 -51 -77 46 -39 -7 -47 -29 64 5 41 -10 40 31 -12 30 -14 -86 -13 -13 -74 54 -66 -51 -10 -37 91 93 27 -24 -20 -35 -18 -35 -14 -78 -90 -80 -24 58 -84 -17 42 9 -30 -98 -22 63 79 -73 -16 5 -49 -33 60 -79 59 41 43 57 96 -93 43 -92 93 -81 -66 14 87 18 71 -23 -28 -78 89 37 -50 16 -37 -29 -66 -12 25 55 91 17 8 62 68 2 5 23 -94 -28 -11 -71
-85 15 -74 -61 -34 74 87 66 -73 -28 94 -18 -6 -28 -2 -99 -19 35 40 -33 -56 -27 57 -98 66 12 33 -91 -79 80 19 47 28 -10 74 19 76 33 40 -85 -15 -34 80 -20 0 -27 19 84 3 -23 81 -8 29 -91 47 -98 -28 62 -78 -46 -18 -98 83 80 -61 -12 -40 -39 -51 47 -45 -59 96 96 -83 -62 -40 -16 37 -47 86 100 1 -92 24 -72 33 69 -29 28 -11 -92 25 4 -84 -39 -15 93 61 46 31
93 -81 -75 -41 97 61 -81 -68 -3 92 -95 7 -25 90 45 -28 71 3 80 -46 -82 7 37 -5 -69 94 2 -22 -30 -71 6 -58 67 -46 -71 12 -84 -47 31 71 -97 16 -31 100 -16 -46 7 -36 81 18 -11 -33 -51 32 38 30 -46 21 73 -45 -50 -52 -89 73 4 -99 -35 52 -15 8 79 12 -34 11 -85 97 44 -90 -3 21 -24 -83 78 76 -72 -10 47 -13 60 -30 7 11 72 -97 91 -21 -28 17 -14 8 -53
-20 39 30 19 88 65 76 39 79 86 -66 -10 65 0 -31 -93 72 -9 1 89 40 -30 56 46 47 56 -85 49 -13 19 -87 18 -2 -78 14 -74 -84 -91 -89 -13 53 43 85 -21 -4 15 37 -51 -95 42 57 -83 60 -59 -55 -39 -54 62 79 -73 -17 -43 81 28 62 -66 64 -99 -23 51 85 73 1 -100 -82 81 61 -99 15 -41 -93 -38 -9 -53 58 -30 -55 -77 -78 -26 80 -39 90 -47 37 -13 -32 81 65 84 -52
36 -26 15 -79 77 91 -44 -21 92 -31 -17 46 44 77 -15 98 68 -12 7 66 41 95 -72 51 -78 -87 -63 -3 56 -68 74 85 -50 73 61 -15 -2 54 -99 12 -99 -12 -53 55 15 40 -28 -81 -84 17 43 96 -46 -80 -2 31 25 -57 -22 93 56 26 73 -54 34 71 -100 4 87 25 27 14 40 95 46 -9 97 100 -58 -40 -28 -97 70 41 -8 89 -20 -80 44 -32 -68 50 -25 -69 -2 -28 -7 -73 -47 2 30
23 -88 5 74 -82 -6 59 -59 80 63 -8 -93 -6 -88 -80 -15 -97 -77 5 47 -2 -39 -91 18 -87 -88 -68 37 89 4 -7 -66 33 -43 63 80 14 95 100 -48 11 34 42 -47 77 80 -1 -61 53 79 30 78 -21 -64 94 -81 -31 -56 77 -13 -21 -40 75 -93 99 0 85 66 3 62 -28 -40 -38 -13 7 -57 22 46 -24 -64 68 -59 38 68 90 54 -22 -63 -95 -49 -82 -46 -63 -5 79 48 35 -37 -46 -71 17
-67 49 85 -23 -33 -98 -52 -89 -21 91 77 -51 -43 50 30 -68 -80 15 -48 -87 -21 -39 -56 7 35 -99 -47 45 58 81 95 89 -12 -70 -29 38 -87 -92 -15 -71 35 -4 -28 -63 -96 71 -82 -32 -4 -40 -69 37 -1 30 -6 32 -88 -48 6 62 1 97 -25 21 -42 19 -76 83 -38 93 66 14 78 46 -45 63 -39 -55 -17 -19 -100 -43 40 -84 -90 -17 27 18 -25 9 28 -88 -52 -99 -50 57 91 48 63 86 -33
2 94 89 17 -61 59 2 -91 -60 -53 -99 67 -25 -91 -67 -96 30 -2 81 -99 -14 -6 30 -31 -89 36 -67 28 -26 63 19 -59 5 2 89 84 -35 4 -100 -34 77 54 51 34 -48 -28 19 60 -66 -7 -64 49 -74 -46 -77 79 61 41 -65 26 81 96 -64 22 -23 -34 -39 -48 2 -63 96 -10 -18 -16 98 -41 -92 40 -25 -70 -85 81 -52 -78 -62 -95 -74 42 12 -67 75 -14 -26 -36 46 -32 -50 91 -17 86 -85
96 14 -76 73 73 59 13 61 6 5 77 64 -4 -6 67 79 83 25 -100 -31 72 -12 57 -27 57 91 -5 8 31 43 -96 -53 -22 46 2 -16 61 87 24 45 -14 -46 -36 -89 -80 -60 32 -54 -66 -36 49 -17 -52 -58 51 -11 22 -2 -78 85 -100 -7 -51 90 11 78 -53 -61 80 -27 15 -89 -31 35 47 81 -49 -33 -17 25 36 41 -34 83 -80 85 42 10 57 86 1 65 33 -89 -96 78 45 56 58 81 36
17 84 66 78 1 13 -38 -64 29 97 -33 -82 16 -12 3 -76 0 23 -74 16 34 87 2 31 75 -61 80 -58 -96 70 85 24 74 -97 50 -33 -17 90 -77 44 -50 35 89 -53 58 37 82 -75 95 -91 39 9 -67 2 -89 -38 -57 -50 -24 70 -27 26 89 -74 7 -50 -48 -78 56 -68 17 94 22 -82 74 -91 47 81 93 -49 -21 37 64 17 -13 87 32 -40 -9 -53 98 -57 56 20 25 -58 42 -84 4 -90 -12
-20 29 35 -27 -79 18 54 -28 47 40 71 -60 -84 11 -52 54 -17 -35 50 17 -81 -59 60 56 -5 -95 76 68 -10 14 44 -88 -53 -23 -41 -53 -41 -25 3 -27 43 -69 8 58 -66 73 54 -59 47 74 -7 37 4 22 -70 -80 -43 -30 -44 -2 62 -1 -75 -27 -57 -23 64 5 -17 -85 46 69 -29 63 71 -29 -56 -92 -47 -61 -32 -5 -55 -3 -20 47 -65 -94 -42 -3 -14 -56 53 37 81 -99 81 -23 64 38 44
87 76 -29 25 -14 96 -43 -42 -48 10 -66 -95 76 -69 -88 -96 39 -86 -15 -81 -27 52 45 -10 -19 79 -87 20 -18 -86 -62 -80 -93 56 16 -31 -13 46 19 -97 -32 -45 -21 91 5 -65 56 52 -77 57 -76 -68 55 -51 -82 -85 -15 55 7 64 87 -1 -19 46 54 -37 -92 -73 -32 -44 84 -77 0 51 22 -74 -59 -83 -26 -54 -76 -12 -99 99 12 51 -13 99 -64 -15 -78 -41 -18 -76 44 -94 -91 -58 43 58 -25
-74 -90 26 -24 -82 50 9 14 -49 93 98 -67 -9 24 -13 34 73 -83 78 -2 34 -88 -39 -47 43 -6 34 100 -72 -11 -27 66 43 -66 -45 -99 -24 14 76 91 56 -41 85 1 -79 -91 -62 -62 50 -56 61 -48 17 33 47 4 45 56 -55 -2 -13 95 -40 -29 13 -60 59 94 100 -37 -1 -13 53 61 -64 -90 26 50 -93 30 3 14 -16 -2 -16 -76 10 96 -45 -77 95 31 93 -1 -37 16 -41 61 -58 -69 79
3 -34 7 -98 63 58 -10 4 -67 71 57 7 41 -49 66 100 72 54 13 68 45 32 -26 45 42 84 -80 -92 18 -1 -42 -21 73 -82 -82 -60 -73 46 -35 52 46 27 -78 -95 42 26 74 -2 31 -22 -92 30 33 -71 47 -4 50 55 -79 -62 -26 18 -42 32 75 42 -75 48 56 -41 -25 -52 65 -92 0 5 9 91 90 -24 -5 -64 -77 -27 70 50 -38 37 26 43 -46 36 -71 14 -40 54 87 86 84 67 29
-43 -26 -66 -23 -28 53 44 0 -59 70 -67 -26 40 41 -75 11 -16 -42 100 43 -49 77 -69 64 -6 51 -66 -11 -31 -3 38 90 63 18 60 98 24 69 -93 -12 -75 98 72 -29 20 -57 -26 90 71 -26 -11 -66 35 -65 -19 -60 38 -57 -9 -63 5 -55 -55 -45 21 46 90 52 -65 -46 -75 96 67 92 -98 -74 12 -2 -51 56 -94 77 43 -58 -4 -29 -85 100 93 87 -19 31 -44 -94 14 -56 -1 -7 -89 -89 -99
64 -11 -25 81 36 -3 -52 -53 -92 -78 84 25 16 21 -65 63 8 -48 -93 47 51 88 -50 90 -19 86 -3 -73 -38 33 17 10 27 20 -82 -97 -30 66 -75 -8 59 -23 8 57 -2 -72 -98 68 -22 43 70 44 25 -22 -51 -60 34 -19 68 53 -3 -10 -80 -22 38 -26 22 19 -32 36 60 91 90 -75 99 23 60 -21 89 -99 -41 67 -92 -49 -33 57 62 12 -17 -64 -24 -7 -36 5 51 23 14 -89 -64 61 -71
84 47 0 -91 -71 -95 32 -72 35 -94 32 22 -49 27 68 58 57 20 -2 53 -98 52 60 55 21 -34 -54 -48 59 -92 94 15 -48 -14 -83 -35 47 -21 52 -69 -53 9 49 91 -43 97 -36 -97 78 -47 -66 14 77 -98 -68 25 42 -79 -64 70 -33 -12 79 -59 -52 -51 63 61 50 40 -4 53 22 -4 -57 -87 89 77 -16 -53 -74 -84 -1 -78 -66 83 -37 -82 60 -64 -85 -60 37 14 22 -97 -90 -81 56 -91 40
94 82 39 0 90 98 -52 56 92 -35 -34 -30 -92 78 -45 -39 -79 6 -94 52 -74 -66 57 -72 -38 87 70 -77 -18 95 -32 -64 31 -30 88 6 -73 -59 -75 75 -36 1 76 -40 -44 81 -15 3 54 -20 -9 36 7 10 -11 -11 13 -93 -88 -1 -10 3 95 93 -93 -11 94 88 23 39 -51 9 -30 -86 -53 75 40 -42 6 -60 -84 11 -36 -68 -93 71 -68 17 7 -56 -20 70 68 63 -97 -79 73 23 -68 57 23
-4 -94 36 -17 -22 98 -54 6 43 -85 14 59 -26 -4 -40 67 -26 60 3 79 87 -12 93 20 58 -11 67 -46 -58 1 -81 -29 -1 50 67 60 -84 23 -18 -57 -1 30 -6 -9 -32 25 99 29 70 0 85 -93 -47 1 58 87 -34 82 -88 73 57 28 -44 -13 9 52 -79 -71 15 -13 -61 -37 58 -40 -54 -86 -7 23 70 5 -27 91 82 25 87 91 11 88 -84 69 -93 -52 100 50 87 -98 48 -85 96 -28 -98
48 -12 -71 71 -18 -85 78 -67 -63 -65 64 -2 83 -31 -84 32 97 3 94 77 -92 66 19 80 -76 57 -67 -19 -72 -39 88 -88 -98 -1 -100 -55 -11 52 -8 -57 33 71 -13 85 -94 8 11 2 -43 -69 14 -93 48 42 -44 92 -29 66 95 -13 46 -87 67 -75 -97 -73 -94 -11 -76 68 -66 -96 -90 40 65 88 -62 -26 -55 33 15 16 -79 -92 87 -70 -26 67 56 33 -80 -74 43 -28 -78 34 95 7 -84 -77 39
