0.0186915990564368
0.00363471495007585
0.00641033539954739
0.0114622553849412
0.0852908867658893
0.0105918376305133
0.00541184661873276
0.00408283206952786
0.00297438000984089
0.0143376036247387
0.0739843509784134
0.0176440771590948
0.0195365537500028
0.00466794736780210
0.00769139156386467
0.00190159944407793
0.0161831275564138
0.0117929849092343
0.00878813350265982
0.0322068280028214
0.0131023062464716
0.0227593580216260
0.0133745690867786
0.0570397315409227
0.0322022921953402
0.0214648298270015
0.00891647408018730
0.00460959969562506
0.00767110701912647
0.0226865747765751
0.00700945751999858
0.00545331780995819
0.00691624134212094
0.0222273156022385
0.0164401160412142
0.00737594042037286
0.0125121459487705
0.0110988892641286
0.00201198961141914
0.0531851501043560
0.00709541255814559
0.00669009229491675
0.00345615528917483
0.0554368812451684
0.0127896860609605
0.00763201565238056
0.00156202719784631
0.0142944163164455
0.00672627926211779
0.00802596581894170
0.00713557857639697
0.00727792775258302
0.0451165237264210
0.0342595680812075
0.00388278401656346
0.0320852303110873
0.126558933491713
0.0337069849228387
0.00299170512336326
0.0525637087462952
0.0110109219250921
0.0874139033672965
0.0293119395359865
0.00542955290925625
0.00831211743532223
0.0249198321286599
0.00394730548839255
0.00688784064364487
0.0221372844003446
0.00558387456933834
0.00512018000307931
0.0232253758815284
0.0103236077001567
0.0245986028087039
0.0392909310697672
0.0196422291765937
0.00932956644461258
0.0167331467028662
0.00654161204663148
0.00620186493642542
0.0394922317996202
0.0213174574239528
0.0160402227253410
0.0172139315334417
0.0156864956679263
0.00895094919084456
0.00944707019641169
0.00380796429733468
0.0151749798296784
0.00594544030578644
0.0255262184436965
0.0368751292872234
0.0171963278495169
0.0320349691876361
0.0881491021654326
0.0271428570658129
0.128491110031456
0.00690638305636638
0.0501301907588606
0.0240459015203537
